9.4231e-07 9.176e+05
1.8846e-06 9.176e+05
2.8269e-06 9.176e+05
3.7692e-06 9.176e+05
4.7115e-06 9.176e+05
5.6538e-06 9.176e+05
6.5962e-06 9.176e+05
7.5385e-06 9.176e+05
8.4808e-06 9.176e+05
9.4231e-06 9.1759e+05
1.0365e-05 9.1759e+05
1.1308e-05 9.1758e+05
1.225e-05 9.1757e+05
1.3192e-05 9.1756e+05
1.4135e-05 9.1754e+05
1.5077e-05 9.1751e+05
1.6019e-05 9.1746e+05
1.6962e-05 9.174e+05
1.7904e-05 9.1731e+05
1.8846e-05 9.1718e+05
1.9788e-05 9.17e+05
2.0731e-05 9.1676e+05
2.1673e-05 9.1642e+05
2.2615e-05 9.1597e+05
2.3558e-05 9.1537e+05
2.45e-05 9.1458e+05
2.5442e-05 9.1353e+05
2.6385e-05 9.1218e+05
2.7327e-05 9.1044e+05
2.8269e-05 9.0824e+05
2.9212e-05 9.0547e+05
3.0154e-05 9.0201e+05
3.1096e-05 8.9776e+05
3.2038e-05 8.9256e+05
3.2981e-05 8.8629e+05
3.3923e-05 8.7879e+05
3.4865e-05 8.6991e+05
3.5808e-05 8.5951e+05
3.675e-05 8.4744e+05
3.7692e-05 8.3359e+05
3.8635e-05 8.1785e+05
3.9577e-05 8.0015e+05
4.0519e-05 7.8044e+05
4.1462e-05 7.5872e+05
4.2404e-05 7.3504e+05
4.3346e-05 7.0947e+05
4.4288e-05 6.8217e+05
4.5231e-05 6.5331e+05
4.6173e-05 6.2312e+05
4.7115e-05 5.9189e+05
4.8058e-05 5.5991e+05
4.9e-05 5.2753e+05
4.9942e-05 4.951e+05
5.0885e-05 4.6299e+05
5.1827e-05 4.3157e+05
5.2769e-05 4.0116e+05
5.3712e-05 3.7212e+05
5.4654e-05 3.4473e+05
5.5596e-05 3.1924e+05
5.6538e-05 2.9588e+05
5.7481e-05 2.748e+05
5.8423e-05 2.5612e+05
5.9365e-05 2.399e+05
6.0308e-05 2.2616e+05
6.125e-05 2.1488e+05
6.2192e-05 2.0599e+05
6.3135e-05 1.994e+05
6.4077e-05 1.9498e+05
6.5019e-05 1.9259e+05
6.5962e-05 1.9208e+05
6.6904e-05 1.9329e+05
6.7846e-05 1.9605e+05
6.8788e-05 2.002e+05
6.9731e-05 2.0559e+05
7.0673e-05 2.1206e+05
7.1615e-05 2.1948e+05
7.2558e-05 2.2773e+05
7.35e-05 2.367e+05
7.4442e-05 2.4629e+05
7.5385e-05 2.564e+05
7.6327e-05 2.6697e+05
7.7269e-05 2.7792e+05
7.8212e-05 2.892e+05
7.9154e-05 3.0076e+05
8.0096e-05 3.1255e+05
8.1038e-05 3.2453e+05
8.1981e-05 3.3668e+05
8.2923e-05 3.4896e+05
8.3865e-05 3.6135e+05
8.4808e-05 3.7382e+05
8.575e-05 3.8635e+05
8.6692e-05 3.9892e+05
8.7635e-05 4.1152e+05
8.8577e-05 4.2411e+05
8.9519e-05 4.367e+05
9.0462e-05 4.4925e+05
9.1404e-05 4.6177e+05
9.2346e-05 4.7422e+05
9.3288e-05 4.866e+05
9.4231e-05 4.989e+05
9.5173e-05 5.111e+05
9.6115e-05 5.2318e+05
9.7058e-05 5.3515e+05
9.8e-05 5.4698e+05
9.8942e-05 5.5867e+05
9.9885e-05 5.702e+05
0.00010083 5.8158e+05
0.00010177 5.9278e+05
0.00010271 6.038e+05
0.00010365 6.1464e+05
0.0001046 6.2529e+05
0.00010554 6.3573e+05
0.00010648 6.4597e+05
0.00010742 6.5601e+05
0.00010837 6.6582e+05
0.00010931 6.7542e+05
0.00011025 6.848e+05
0.00011119 6.9395e+05
0.00011213 7.0288e+05
0.00011308 7.1158e+05
0.00011402 7.2004e+05
0.00011496 7.2828e+05
0.0001159 7.3629e+05
0.00011685 7.4406e+05
0.00011779 7.5161e+05
0.00011873 7.5893e+05
0.00011967 7.6601e+05
0.00012062 7.7287e+05
0.00012156 7.7951e+05
0.0001225 7.8592e+05
0.00012344 7.9212e+05
0.00012438 7.9809e+05
0.00012533 8.0385e+05
0.00012627 8.0941e+05
0.00012721 8.1475e+05
0.00012815 8.1989e+05
0.0001291 8.2483e+05
0.00013004 8.2958e+05
0.00013098 8.3413e+05
0.00013192 8.385e+05
0.00013287 8.4269e+05
0.00013381 8.467e+05
0.00013475 8.5053e+05
0.00013569 8.542e+05
0.00013663 8.5771e+05
0.00013758 8.6105e+05
0.00013852 8.6424e+05
0.00013946 8.6729e+05
0.0001404 8.7018e+05
0.00014135 8.7294e+05
0.00014229 8.7557e+05
0.00014323 8.7806e+05
0.00014417 8.8043e+05
0.00014512 8.8268e+05
0.00014606 8.8482e+05
0.000147 8.8684e+05
0.00014794 8.8876e+05
0.00014888 8.9057e+05
0.00014983 8.9228e+05
0.00015077 8.9391e+05
0.00015171 8.9544e+05
0.00015265 8.9688e+05
0.0001536 8.9824e+05
0.00015454 8.9953e+05
0.00015548 9.0074e+05
0.00015642 9.0188e+05
0.00015737 9.0295e+05
0.00015831 9.0395e+05
0.00015925 9.049e+05
0.00016019 9.0578e+05
0.00016113 9.0662e+05
0.00016208 9.074e+05
0.00016302 9.0813e+05
0.00016396 9.0881e+05
0.0001649 9.0945e+05
0.00016585 9.1004e+05
0.00016679 9.106e+05
0.00016773 9.1112e+05
0.00016867 9.1161e+05
0.00016962 9.1206e+05
0.00017056 9.1248e+05
0.0001715 9.1288e+05
0.00017244 9.1324e+05
0.00017338 9.1358e+05
0.00017433 9.139e+05
0.00017527 9.1419e+05
0.00017621 9.1446e+05
0.00017715 9.1471e+05
0.0001781 9.1494e+05
0.00017904 9.1516e+05
0.00017998 9.1536e+05
0.00018092 9.1554e+05
0.00018187 9.1572e+05
0.00018281 9.1587e+05
0.00018375 9.1602e+05
0.00018469 9.1615e+05
0.00018563 9.1628e+05
0.00018658 9.1639e+05
0.00018752 9.1649e+05
0.00018846 9.1659e+05
0.0001894 9.1668e+05
0.00019035 9.1676e+05
0.00019129 9.1683e+05
0.00019223 9.169e+05
0.00019317 9.1697e+05
0.00019412 9.1702e+05
0.00019506 9.1707e+05
0.000196 9.1712e+05
0.00019694 9.1717e+05
0.00019788 9.1721e+05
0.00019883 9.1724e+05
0.00019977 9.1728e+05
0.00020071 9.1731e+05
0.00020165 9.1734e+05
0.0002026 9.1736e+05
0.00020354 9.1738e+05
0.00020448 9.174e+05
0.00020542 9.1742e+05
0.00020637 9.1744e+05
0.00020731 9.1746e+05
0.00020825 9.1747e+05
0.00020919 9.1748e+05
0.00021013 9.1749e+05
0.00021108 9.1751e+05
0.00021202 9.1752e+05
0.00021296 9.1752e+05
0.0002139 9.1753e+05
0.00021485 9.1754e+05
0.00021579 9.1754e+05
0.00021673 9.1755e+05
0.00021767 9.1756e+05
0.00021862 9.1756e+05
0.00021956 9.1756e+05
0.0002205 9.1757e+05
0.00022144 9.1757e+05
0.00022238 9.1757e+05
0.00022333 9.1758e+05
0.00022427 9.1758e+05
0.00022521 9.1758e+05
0.00022615 9.1758e+05
0.0002271 9.1759e+05
0.00022804 9.1759e+05
0.00022898 9.1759e+05
0.00022992 9.1759e+05
0.00023087 9.1759e+05
0.00023181 9.1759e+05
0.00023275 9.1759e+05
0.00023369 9.1759e+05
0.00023463 9.1759e+05
0.00023558 9.176e+05
0.00023652 9.176e+05
0.00023746 9.176e+05
0.0002384 9.176e+05
0.00023935 9.176e+05
0.00024029 9.176e+05
0.00024123 9.176e+05
0.00024217 9.176e+05
0.00024312 9.176e+05
0.00024406 9.176e+05
0.000245 9.176e+05
0.00024594 9.176e+05
0.00024688 9.176e+05
0.00024783 9.176e+05
0.00024877 9.176e+05
0.00024971 9.176e+05
0.00025065 9.176e+05
0.0002516 9.176e+05
0.00025254 9.176e+05
0.00025348 9.176e+05
0.00025442 9.176e+05
0.00025537 9.176e+05
0.00025631 9.176e+05
0.00025725 9.176e+05
0.00025819 9.176e+05
0.00025913 9.176e+05
0.00026008 9.176e+05
0.00026102 9.176e+05
0.00026196 9.176e+05
0.0002629 9.176e+05
0.00026385 9.176e+05
0.00026479 9.176e+05
0.00026573 9.176e+05
0.00026667 9.176e+05
0.00026762 9.176e+05
0.00026856 9.176e+05
0.0002695 9.176e+05
0.00027044 9.176e+05
0.00027138 9.176e+05
0.00027233 9.176e+05
0.00027327 9.176e+05
0.00027421 9.176e+05
0.00027515 9.176e+05
0.0002761 9.176e+05
0.00027704 9.176e+05
0.00027798 9.176e+05
0.00027892 9.176e+05
0.00027987 9.176e+05
0.00028081 9.176e+05
0.00028175 9.176e+05
0.00028269 9.176e+05
0.00028363 9.176e+05
0.00028458 9.176e+05
0.00028552 9.176e+05
0.00028646 9.176e+05
0.0002874 9.176e+05
0.00028835 9.176e+05
0.00028929 9.176e+05
0.00029023 9.176e+05
0.00029117 9.176e+05
0.00029212 9.176e+05
0.00029306 9.176e+05
0.000294 9.176e+05
0.00029494 9.176e+05
0.00029588 9.176e+05
0.00029683 9.176e+05
0.00029777 9.176e+05
0.00029871 9.176e+05
0.00029965 9.176e+05
0.0003006 9.176e+05
0.00030154 9.176e+05
0.00030248 9.176e+05
0.00030342 9.176e+05
0.00030437 9.176e+05
0.00030531 9.176e+05
0.00030625 9.176e+05
0.00030719 9.176e+05
0.00030813 9.176e+05
0.00030908 9.176e+05
0.00031002 9.176e+05
0.00031096 9.176e+05
0.0003119 9.176e+05
0.00031285 9.176e+05
0.00031379 9.176e+05
0.00031473 9.176e+05
0.00031567 9.176e+05
0.00031662 9.176e+05
0.00031756 9.176e+05
0.0003185 9.176e+05
0.00031944 9.176e+05
0.00032038 9.176e+05
0.00032133 9.176e+05
0.00032227 9.176e+05
0.00032321 9.176e+05
0.00032415 9.176e+05
0.0003251 9.176e+05
0.00032604 9.176e+05
0.00032698 9.176e+05
0.00032792 9.176e+05
0.00032887 9.176e+05
0.00032981 9.176e+05
0.00033075 9.176e+05
0.00033169 9.176e+05
0.00033263 9.176e+05
0.00033358 9.176e+05
0.00033452 9.176e+05
0.00033546 9.176e+05
0.0003364 9.176e+05
0.00033735 9.176e+05
0.00033829 9.176e+05
0.00033923 9.176e+05
0.00034017 9.176e+05
0.00034112 9.176e+05
0.00034206 9.176e+05
0.000343 9.176e+05
0.00034394 9.176e+05
0.00034488 9.176e+05
0.00034583 9.176e+05
0.00034677 9.176e+05
0.00034771 9.176e+05
0.00034865 9.176e+05
0.0003496 9.176e+05
0.00035054 9.176e+05
0.00035148 9.176e+05
0.00035242 9.176e+05
0.00035337 9.176e+05
0.00035431 9.176e+05
0.00035525 9.176e+05
0.00035619 9.176e+05
0.00035713 9.176e+05
0.00035808 9.176e+05
0.00035902 9.176e+05
0.00035996 9.176e+05
0.0003609 9.176e+05
0.00036185 9.176e+05
0.00036279 9.176e+05
0.00036373 9.176e+05
0.00036467 9.176e+05
0.00036562 9.176e+05
0.00036656 9.176e+05
0.0003675 9.176e+05
0.00036844 9.176e+05
0.00036938 9.176e+05
0.00037033 9.176e+05
0.00037127 9.176e+05
0.00037221 9.176e+05
0.00037315 9.176e+05
0.0003741 9.176e+05
0.00037504 9.176e+05
0.00037598 9.176e+05
0.00037692 9.176e+05
0.00037787 9.176e+05
0.00037881 9.176e+05
0.00037975 9.176e+05
0.00038069 9.176e+05
0.00038163 9.176e+05
0.00038258 9.176e+05
0.00038352 9.176e+05
0.00038446 9.176e+05
0.0003854 9.176e+05
0.00038635 9.176e+05
0.00038729 9.176e+05
0.00038823 9.176e+05
0.00038917 9.176e+05
0.00039012 9.176e+05
0.00039106 9.176e+05
0.000392 9.176e+05
0.00039294 9.176e+05
0.00039388 9.176e+05
0.00039483 9.176e+05
0.00039577 9.176e+05
0.00039671 9.176e+05
0.00039765 9.176e+05
0.0003986 9.176e+05
0.00039954 9.176e+05
0.00040048 9.176e+05
0.00040142 9.176e+05
0.00040237 9.176e+05
0.00040331 9.176e+05
0.00040425 9.176e+05
0.00040519 9.176e+05
0.00040613 9.176e+05
0.00040708 9.176e+05
0.00040802 9.176e+05
0.00040896 9.176e+05
0.0004099 9.176e+05
0.00041085 9.176e+05
0.00041179 9.176e+05
0.00041273 9.176e+05
0.00041367 9.176e+05
0.00041462 9.176e+05
0.00041556 9.176e+05
0.0004165 9.176e+05
0.00041744 9.176e+05
0.00041838 9.176e+05
0.00041933 9.176e+05
0.00042027 9.176e+05
0.00042121 9.176e+05
0.00042215 9.176e+05
0.0004231 9.176e+05
0.00042404 9.176e+05
0.00042498 9.176e+05
0.00042592 9.176e+05
0.00042687 9.176e+05
0.00042781 9.176e+05
0.00042875 9.176e+05
0.00042969 9.176e+05
0.00043063 9.176e+05
0.00043158 9.176e+05
0.00043252 9.176e+05
0.00043346 9.176e+05
0.0004344 9.176e+05
0.00043535 9.176e+05
0.00043629 9.176e+05
0.00043723 9.176e+05
0.00043817 9.176e+05
0.00043912 9.176e+05
0.00044006 9.176e+05
0.000441 9.176e+05
0.00044194 9.176e+05
0.00044288 9.176e+05
0.00044383 9.176e+05
0.00044477 9.176e+05
0.00044571 9.176e+05
0.00044665 9.176e+05
0.0004476 9.176e+05
0.00044854 9.176e+05
0.00044948 9.176e+05
0.00045042 9.176e+05
0.00045137 9.176e+05
0.00045231 9.176e+05
0.00045325 9.176e+05
0.00045419 9.176e+05
0.00045513 9.176e+05
0.00045608 9.176e+05
0.00045702 9.176e+05
0.00045796 9.176e+05
0.0004589 9.176e+05
0.00045985 9.176e+05
0.00046079 9.176e+05
0.00046173 9.176e+05
0.00046267 9.176e+05
0.00046362 9.176e+05
0.00046456 9.176e+05
0.0004655 9.176e+05
0.00046644 9.176e+05
0.00046738 9.176e+05
0.00046833 9.176e+05
0.00046927 9.176e+05
0.00047021 9.176e+05
0.00047115 9.176e+05
0.0004721 9.176e+05
0.00047304 9.176e+05
0.00047398 9.176e+05
0.00047492 9.176e+05
0.00047587 9.176e+05
0.00047681 9.176e+05
0.00047775 9.176e+05
0.00047869 9.176e+05
0.00047963 9.176e+05
0.00048058 9.176e+05
0.00048152 9.176e+05
0.00048246 9.176e+05
0.0004834 9.176e+05
0.00048435 9.176e+05
0.00048529 9.176e+05
0.00048623 9.176e+05
0.00048717 9.176e+05
0.00048812 9.176e+05
0.00048906 9.176e+05
0.00049 9.176e+05
0.00049094 9.176e+05
0.00049188 9.176e+05
0.00049283 9.176e+05
0.00049377 9.176e+05
0.00049471 9.176e+05
0.00049565 9.176e+05
0.0004966 9.176e+05
0.00049754 9.176e+05
0.00049848 9.176e+05
0.00049942 9.176e+05
0.00050037 9.176e+05
0.00050131 9.176e+05
0.00050225 9.176e+05
0.00050319 9.176e+05
0.00050413 9.176e+05
0.00050508 9.176e+05
0.00050602 9.176e+05
0.00050696 9.176e+05
0.0005079 9.176e+05
0.00050885 9.176e+05
0.00050979 9.176e+05
0.00051073 9.176e+05
0.00051167 9.176e+05
0.00051262 9.176e+05
0.00051356 9.176e+05
0.0005145 9.176e+05
0.00051544 9.176e+05
0.00051638 9.176e+05
0.00051733 9.176e+05
0.00051827 9.176e+05
0.00051921 9.176e+05
0.00052015 9.176e+05
0.0005211 9.176e+05
0.00052204 9.176e+05
0.00052298 9.176e+05
0.00052392 9.176e+05
0.00052487 9.176e+05
0.00052581 9.176e+05
0.00052675 9.176e+05
0.00052769 9.176e+05
0.00052863 9.176e+05
0.00052958 9.176e+05
0.00053052 9.176e+05
0.00053146 9.176e+05
0.0005324 9.176e+05
0.00053335 9.176e+05
0.00053429 9.176e+05
0.00053523 9.176e+05
0.00053617 9.176e+05
0.00053712 9.176e+05
0.00053806 9.176e+05
0.000539 9.176e+05
0.00053994 9.176e+05
0.00054088 9.176e+05
0.00054183 9.176e+05
0.00054277 9.176e+05
0.00054371 9.176e+05
0.00054465 9.176e+05
0.0005456 9.176e+05
0.00054654 9.176e+05
0.00054748 9.176e+05
0.00054842 9.176e+05
0.00054937 9.176e+05
0.00055031 9.176e+05
0.00055125 9.176e+05
0.00055219 9.176e+05
0.00055313 9.176e+05
0.00055408 9.176e+05
0.00055502 9.176e+05
0.00055596 9.176e+05
0.0005569 9.176e+05
0.00055785 9.176e+05
0.00055879 9.176e+05
0.00055973 9.176e+05
0.00056067 9.176e+05
0.00056162 9.176e+05
0.00056256 9.176e+05
0.0005635 9.176e+05
0.00056444 9.176e+05
0.00056538 9.176e+05
0.00056633 9.176e+05
0.00056727 9.176e+05
0.00056821 9.176e+05
0.00056915 9.176e+05
0.0005701 9.176e+05
0.00057104 9.176e+05
0.00057198 9.176e+05
0.00057292 9.176e+05
0.00057387 9.176e+05
0.00057481 9.176e+05
0.00057575 9.176e+05
0.00057669 9.176e+05
0.00057763 9.176e+05
0.00057858 9.176e+05
0.00057952 9.176e+05
0.00058046 9.176e+05
0.0005814 9.176e+05
0.00058235 9.176e+05
0.00058329 9.176e+05
0.00058423 9.176e+05
0.00058517 9.176e+05
0.00058612 9.176e+05
0.00058706 9.176e+05
0.000588 9.176e+05
0.00058894 9.176e+05
0.00058988 9.176e+05
0.00059083 9.176e+05
0.00059177 9.176e+05
0.00059271 9.176e+05
0.00059365 9.176e+05
0.0005946 9.176e+05
0.00059554 9.176e+05
0.00059648 9.176e+05
0.00059742 9.176e+05
0.00059837 9.176e+05
0.00059931 9.176e+05
0.00060025 9.176e+05
0.00060119 9.176e+05
0.00060213 9.176e+05
0.00060308 9.176e+05
0.00060402 9.176e+05
0.00060496 9.176e+05
0.0006059 9.176e+05
0.00060685 9.176e+05
0.00060779 9.176e+05
0.00060873 9.176e+05
0.00060967 9.176e+05
0.00061062 9.176e+05
0.00061156 9.176e+05
0.0006125 9.176e+05
0.00061344 9.176e+05
0.00061438 9.176e+05
0.00061533 9.176e+05
0.00061627 9.176e+05
0.00061721 9.176e+05
0.00061815 9.176e+05
0.0006191 9.176e+05
0.00062004 9.176e+05
0.00062098 9.176e+05
0.00062192 9.176e+05
0.00062287 9.176e+05
0.00062381 9.176e+05
0.00062475 9.176e+05
0.00062569 9.176e+05
0.00062663 9.176e+05
0.00062758 9.176e+05
0.00062852 9.176e+05
0.00062946 9.176e+05
0.0006304 9.176e+05
0.00063135 9.176e+05
0.00063229 9.176e+05
0.00063323 9.176e+05
0.00063417 9.176e+05
0.00063512 9.176e+05
0.00063606 9.176e+05
0.000637 9.176e+05
0.00063794 9.176e+05
0.00063888 9.176e+05
0.00063983 9.176e+05
0.00064077 9.176e+05
0.00064171 9.176e+05
0.00064265 9.176e+05
0.0006436 9.176e+05
0.00064454 9.176e+05
0.00064548 9.176e+05
0.00064642 9.176e+05
0.00064737 9.176e+05
0.00064831 9.176e+05
0.00064925 9.176e+05
0.00065019 9.176e+05
0.00065113 9.176e+05
0.00065208 9.176e+05
0.00065302 9.176e+05
0.00065396 9.176e+05
0.0006549 9.176e+05
0.00065585 9.176e+05
0.00065679 9.176e+05
0.00065773 9.176e+05
0.00065867 9.176e+05
0.00065962 9.176e+05
0.00066056 9.176e+05
0.0006615 9.176e+05
0.00066244 9.176e+05
0.00066338 9.176e+05
0.00066433 9.176e+05
0.00066527 9.176e+05
0.00066621 9.176e+05
0.00066715 9.176e+05
0.0006681 9.176e+05
0.00066904 9.176e+05
0.00066998 9.176e+05
0.00067092 9.176e+05
0.00067187 9.176e+05
0.00067281 9.176e+05
0.00067375 9.176e+05
0.00067469 9.176e+05
0.00067563 9.176e+05
0.00067658 9.176e+05
0.00067752 9.176e+05
0.00067846 9.176e+05
0.0006794 9.176e+05
0.00068035 9.176e+05
0.00068129 9.176e+05
0.00068223 9.176e+05
0.00068317 9.176e+05
0.00068412 9.176e+05
0.00068506 9.176e+05
0.000686 9.176e+05
0.00068694 9.176e+05
0.00068788 9.176e+05
0.00068883 9.176e+05
0.00068977 9.176e+05
0.00069071 9.176e+05
0.00069165 9.176e+05
0.0006926 9.176e+05
0.00069354 9.176e+05
0.00069448 9.176e+05
0.00069542 9.176e+05
0.00069637 9.176e+05
0.00069731 9.176e+05
0.00069825 9.176e+05
0.00069919 9.176e+05
0.00070013 9.176e+05
0.00070108 9.176e+05
0.00070202 9.176e+05
0.00070296 9.176e+05
0.0007039 9.176e+05
0.00070485 9.176e+05
0.00070579 9.176e+05
0.00070673 9.176e+05
0.00070767 9.176e+05
0.00070862 9.176e+05
0.00070956 9.176e+05
0.0007105 9.176e+05
0.00071144 9.176e+05
0.00071238 9.176e+05
0.00071333 9.176e+05
0.00071427 9.176e+05
0.00071521 9.176e+05
0.00071615 9.176e+05
0.0007171 9.176e+05
0.00071804 9.176e+05
0.00071898 9.176e+05
0.00071992 9.176e+05
0.00072087 9.176e+05
0.00072181 9.176e+05
0.00072275 9.176e+05
0.00072369 9.176e+05
0.00072463 9.176e+05
0.00072558 9.176e+05
0.00072652 9.176e+05
0.00072746 9.176e+05
0.0007284 9.176e+05
0.00072935 9.176e+05
0.00073029 9.176e+05
0.00073123 9.176e+05
0.00073217 9.176e+05
0.00073312 9.176e+05
0.00073406 9.176e+05
0.000735 9.176e+05
0.00073594 9.176e+05
0.00073688 9.176e+05
0.00073783 9.176e+05
0.00073877 9.176e+05
0.00073971 9.176e+05
0.00074065 9.176e+05
0.0007416 9.176e+05
0.00074254 9.176e+05
0.00074348 9.176e+05
0.00074442 9.176e+05
0.00074537 9.176e+05
0.00074631 9.176e+05
0.00074725 9.176e+05
0.00074819 9.176e+05
0.00074913 9.176e+05
0.00075008 9.176e+05
0.00075102 9.176e+05
0.00075196 9.176e+05
0.0007529 9.176e+05
0.00075385 9.176e+05
0.00075479 9.176e+05
0.00075573 9.176e+05
0.00075667 9.176e+05
0.00075762 9.176e+05
0.00075856 9.176e+05
0.0007595 9.176e+05
0.00076044 9.176e+05
0.00076138 9.176e+05
0.00076233 9.176e+05
0.00076327 9.176e+05
0.00076421 9.176e+05
0.00076515 9.176e+05
0.0007661 9.176e+05
0.00076704 9.176e+05
0.00076798 9.176e+05
0.00076892 9.176e+05
0.00076987 9.176e+05
0.00077081 9.176e+05
0.00077175 9.176e+05
0.00077269 9.176e+05
0.00077363 9.176e+05
0.00077458 9.176e+05
0.00077552 9.176e+05
0.00077646 9.176e+05
0.0007774 9.176e+05
0.00077835 9.176e+05
0.00077929 9.176e+05
0.00078023 9.176e+05
0.00078117 9.176e+05
0.00078212 9.176e+05
0.00078306 9.176e+05
0.000784 9.176e+05
0.00078494 9.176e+05
0.00078588 9.176e+05
0.00078683 9.176e+05
0.00078777 9.176e+05
0.00078871 9.176e+05
0.00078965 9.176e+05
0.0007906 9.176e+05
0.00079154 9.176e+05
0.00079248 9.176e+05
0.00079342 9.176e+05
0.00079437 9.176e+05
0.00079531 9.176e+05
0.00079625 9.176e+05
0.00079719 9.176e+05
0.00079813 9.176e+05
0.00079908 9.176e+05
0.00080002 9.176e+05
0.00080096 9.176e+05
0.0008019 9.176e+05
0.00080285 9.176e+05
0.00080379 9.176e+05
0.00080473 9.176e+05
0.00080567 9.176e+05
0.00080662 9.176e+05
0.00080756 9.176e+05
0.0008085 9.176e+05
0.00080944 9.176e+05
0.00081038 9.176e+05
0.00081133 9.176e+05
0.00081227 9.176e+05
0.00081321 9.176e+05
0.00081415 9.176e+05
0.0008151 9.176e+05
0.00081604 9.176e+05
0.00081698 9.176e+05
0.00081792 9.176e+05
0.00081887 9.176e+05
0.00081981 9.176e+05
0.00082075 9.176e+05
0.00082169 9.176e+05
0.00082263 9.176e+05
0.00082358 9.176e+05
0.00082452 9.176e+05
0.00082546 9.176e+05
0.0008264 9.176e+05
0.00082735 9.176e+05
0.00082829 9.176e+05
0.00082923 9.176e+05
0.00083017 9.176e+05
0.00083112 9.176e+05
0.00083206 9.176e+05
0.000833 9.176e+05
0.00083394 9.176e+05
0.00083488 9.176e+05
0.00083583 9.176e+05
0.00083677 9.176e+05
0.00083771 9.176e+05
0.00083865 9.176e+05
0.0008396 9.176e+05
0.00084054 9.176e+05
0.00084148 9.176e+05
0.00084242 9.176e+05
0.00084337 9.176e+05
0.00084431 9.176e+05
0.00084525 9.176e+05
0.00084619 9.176e+05
0.00084713 9.176e+05
0.00084808 9.176e+05
0.00084902 9.176e+05
0.00084996 9.176e+05
0.0008509 9.176e+05
0.00085185 9.176e+05
0.00085279 9.176e+05
0.00085373 9.176e+05
0.00085467 9.176e+05
0.00085562 9.176e+05
0.00085656 9.176e+05
0.0008575 9.176e+05
0.00085844 9.176e+05
0.00085938 9.176e+05
0.00086033 9.176e+05
0.00086127 9.176e+05
0.00086221 9.176e+05
0.00086315 9.176e+05
0.0008641 9.176e+05
0.00086504 9.176e+05
0.00086598 9.176e+05
0.00086692 9.176e+05
0.00086787 9.176e+05
0.00086881 9.176e+05
0.00086975 9.176e+05
0.00087069 9.176e+05
0.00087163 9.176e+05
0.00087258 9.176e+05
0.00087352 9.176e+05
0.00087446 9.176e+05
0.0008754 9.176e+05
0.00087635 9.176e+05
0.00087729 9.176e+05
0.00087823 9.176e+05
0.00087917 9.176e+05
0.00088012 9.176e+05
0.00088106 9.176e+05
0.000882 9.176e+05
0.00088294 9.176e+05
0.00088388 9.176e+05
0.00088483 9.176e+05
0.00088577 9.176e+05
0.00088671 9.176e+05
0.00088765 9.176e+05
0.0008886 9.176e+05
0.00088954 9.176e+05
0.00089048 9.176e+05
0.00089142 9.176e+05
0.00089237 9.176e+05
0.00089331 9.176e+05
0.00089425 9.176e+05
0.00089519 9.176e+05
0.00089613 9.176e+05
0.00089708 9.176e+05
0.00089802 9.176e+05
0.00089896 9.176e+05
0.0008999 9.176e+05
0.00090085 9.176e+05
0.00090179 9.176e+05
0.00090273 9.176e+05
0.00090367 9.176e+05
0.00090462 9.176e+05
0.00090556 9.176e+05
0.0009065 9.176e+05
0.00090744 9.176e+05
0.00090838 9.176e+05
0.00090933 9.176e+05
0.00091027 9.176e+05
0.00091121 9.176e+05
0.00091215 9.176e+05
0.0009131 9.176e+05
0.00091404 9.176e+05
0.00091498 9.176e+05
0.00091592 9.176e+05
0.00091687 9.176e+05
0.00091781 9.176e+05
0.00091875 9.176e+05
0.00091969 9.176e+05
0.00092063 9.176e+05
0.00092158 9.176e+05
0.00092252 9.176e+05
0.00092346 9.176e+05
0.0009244 9.176e+05
0.00092535 9.176e+05
0.00092629 9.176e+05
0.00092723 9.176e+05
0.00092817 9.176e+05
0.00092912 9.176e+05
0.00093006 9.176e+05
0.000931 9.176e+05
0.00093194 9.176e+05
0.00093288 9.176e+05
0.00093383 9.176e+05
0.00093477 9.176e+05
0.00093571 9.176e+05
0.00093665 9.176e+05
0.0009376 9.176e+05
0.00093854 9.176e+05
0.00093948 9.176e+05
0.00094042 9.176e+05
0.00094137 9.176e+05
0.00094231 9.176e+05
0.00094325 9.176e+05
0.00094419 9.176e+05
0.00094513 9.176e+05
0.00094608 9.176e+05
0.00094702 9.176e+05
0.00094796 9.176e+05
0.0009489 9.176e+05
0.00094985 9.176e+05
0.00095079 9.176e+05
0.00095173 9.176e+05
0.00095267 9.176e+05
0.00095362 9.176e+05
0.00095456 9.176e+05
0.0009555 9.176e+05
0.00095644 9.176e+05
0.00095738 9.176e+05
0.00095833 9.176e+05
0.00095927 9.176e+05
0.00096021 9.176e+05
0.00096115 9.176e+05
0.0009621 9.176e+05
0.00096304 9.176e+05
0.00096398 9.176e+05
0.00096492 9.176e+05
0.00096587 9.176e+05
0.00096681 9.176e+05
0.00096775 9.176e+05
0.00096869 9.176e+05
0.00096963 9.176e+05
0.00097058 9.176e+05
0.00097152 9.176e+05
0.00097246 9.176e+05
0.0009734 9.176e+05
0.00097435 9.176e+05
0.00097529 9.176e+05
0.00097623 9.176e+05
0.00097717 9.176e+05
0.00097812 9.176e+05
0.00097906 9.176e+05
0.00098 9.176e+05
0.00098094 9.176e+05
0.00098188 9.176e+05
0.00098283 9.176e+05
0.00098377 9.176e+05
0.00098471 9.176e+05
0.00098565 9.176e+05
0.0009866 9.176e+05
0.00098754 9.176e+05
0.00098848 9.176e+05
0.00098942 9.176e+05
0.00099037 9.176e+05
0.00099131 9.176e+05
0.00099225 9.176e+05
0.00099319 9.176e+05
0.00099413 9.176e+05
0.00099508 9.176e+05
0.00099602 9.176e+05
0.00099696 9.176e+05
0.0009979 9.176e+05
0.00099885 9.176e+05
0.00099979 9.176e+05
0.0010007 9.176e+05
0.0010017 9.176e+05
0.0010026 9.176e+05
0.0010036 9.176e+05
0.0010045 9.176e+05
0.0010054 9.176e+05
0.0010064 9.176e+05
0.0010073 9.176e+05
0.0010083 9.176e+05
0.0010092 9.176e+05
0.0010102 9.176e+05
0.0010111 9.176e+05
0.001012 9.176e+05
0.001013 9.176e+05
0.0010139 9.176e+05
0.0010149 9.176e+05
0.0010158 9.176e+05
0.0010168 9.176e+05
0.0010177 9.176e+05
0.0010186 9.176e+05
0.0010196 9.176e+05
0.0010205 9.176e+05
0.0010215 9.176e+05
0.0010224 9.176e+05
0.0010233 9.176e+05
0.0010243 9.176e+05
0.0010252 9.176e+05
0.0010262 9.176e+05
0.0010271 9.176e+05
0.0010281 9.176e+05
0.001029 9.176e+05
0.0010299 9.176e+05
0.0010309 9.176e+05
0.0010318 9.176e+05
0.0010328 9.176e+05
0.0010337 9.176e+05
0.0010347 9.176e+05
0.0010356 9.176e+05
0.0010365 9.176e+05
0.0010375 9.176e+05
0.0010384 9.176e+05
0.0010394 9.176e+05
0.0010403 9.176e+05
0.0010413 9.176e+05
0.0010422 9.176e+05
0.0010431 9.176e+05
0.0010441 9.176e+05
0.001045 9.176e+05
0.001046 9.176e+05
0.0010469 9.176e+05
0.0010478 9.176e+05
0.0010488 9.176e+05
0.0010497 9.176e+05
0.0010507 9.176e+05
0.0010516 9.176e+05
0.0010526 9.176e+05
0.0010535 9.176e+05
0.0010544 9.176e+05
0.0010554 9.176e+05
0.0010563 9.176e+05
0.0010573 9.176e+05
0.0010582 9.176e+05
0.0010592 9.176e+05
0.0010601 9.176e+05
0.001061 9.176e+05
0.001062 9.176e+05
0.0010629 9.176e+05
0.0010639 9.176e+05
0.0010648 9.176e+05
0.0010658 9.176e+05
0.0010667 9.176e+05
0.0010676 9.176e+05
0.0010686 9.176e+05
0.0010695 9.176e+05
0.0010705 9.176e+05
0.0010714 9.176e+05
0.0010723 9.176e+05
0.0010733 9.176e+05
0.0010742 9.176e+05
0.0010752 9.176e+05
0.0010761 9.176e+05
0.0010771 9.176e+05
0.001078 9.176e+05
0.0010789 9.176e+05
0.0010799 9.176e+05
0.0010808 9.176e+05
0.0010818 9.176e+05
0.0010827 9.176e+05
0.0010837 9.176e+05
0.0010846 9.176e+05
0.0010855 9.176e+05
0.0010865 9.176e+05
0.0010874 9.176e+05
0.0010884 9.176e+05
0.0010893 9.176e+05
0.0010903 9.176e+05
0.0010912 9.176e+05
0.0010921 9.176e+05
0.0010931 9.176e+05
0.001094 9.176e+05
0.001095 9.176e+05
0.0010959 9.176e+05
0.0010968 9.176e+05
0.0010978 9.176e+05
0.0010987 9.176e+05
0.0010997 9.176e+05
0.0011006 9.176e+05
0.0011016 9.176e+05
0.0011025 9.176e+05
0.0011034 9.176e+05
0.0011044 9.176e+05
0.0011053 9.176e+05
0.0011063 9.176e+05
0.0011072 9.176e+05
0.0011082 9.176e+05
0.0011091 9.176e+05
0.00111 9.176e+05
0.001111 9.176e+05
0.0011119 9.176e+05
0.0011129 9.176e+05
0.0011138 9.176e+05
0.0011148 9.176e+05
0.0011157 9.176e+05
0.0011166 9.176e+05
0.0011176 9.176e+05
0.0011185 9.176e+05
0.0011195 9.176e+05
0.0011204 9.176e+05
0.0011213 9.176e+05
0.0011223 9.176e+05
0.0011232 9.176e+05
0.0011242 9.176e+05
0.0011251 9.176e+05
0.0011261 9.176e+05
0.001127 9.176e+05
0.0011279 9.176e+05
0.0011289 9.176e+05
0.0011298 9.176e+05
0.0011308 9.176e+05
0.0011317 9.176e+05
0.0011327 9.176e+05
0.0011336 9.176e+05
0.0011345 9.176e+05
0.0011355 9.176e+05
0.0011364 9.176e+05
0.0011374 9.176e+05
0.0011383 9.176e+05
0.0011393 9.176e+05
0.0011402 9.176e+05
0.0011411 9.176e+05
0.0011421 9.176e+05
0.001143 9.176e+05
0.001144 9.176e+05
0.0011449 9.176e+05
0.0011458 9.176e+05
0.0011468 9.176e+05
0.0011477 9.176e+05
0.0011487 9.176e+05
0.0011496 9.176e+05
0.0011506 9.176e+05
0.0011515 9.176e+05
0.0011524 9.176e+05
0.0011534 9.176e+05
0.0011543 9.176e+05
0.0011553 9.176e+05
0.0011562 9.176e+05
0.0011572 9.176e+05
0.0011581 9.176e+05
0.001159 9.176e+05
0.00116 9.176e+05
0.0011609 9.176e+05
0.0011619 9.176e+05
0.0011628 9.176e+05
0.0011638 9.176e+05
0.0011647 9.176e+05
0.0011656 9.176e+05
0.0011666 9.176e+05
0.0011675 9.176e+05
0.0011685 9.176e+05
0.0011694 9.176e+05
0.0011703 9.176e+05
0.0011713 9.176e+05
0.0011722 9.176e+05
0.0011732 9.176e+05
0.0011741 9.176e+05
0.0011751 9.176e+05
0.001176 9.176e+05
0.0011769 9.176e+05
0.0011779 9.176e+05
0.0011788 9.176e+05
0.0011798 9.176e+05
0.0011807 9.176e+05
0.0011817 9.176e+05
0.0011826 9.176e+05
0.0011835 9.176e+05
0.0011845 9.176e+05
0.0011854 9.176e+05
0.0011864 9.176e+05
0.0011873 9.176e+05
0.0011883 9.176e+05
0.0011892 9.176e+05
0.0011901 9.176e+05
0.0011911 9.176e+05
0.001192 9.176e+05
0.001193 9.176e+05
0.0011939 9.176e+05
0.0011948 9.176e+05
0.0011958 9.176e+05
0.0011967 9.176e+05
0.0011977 9.176e+05
0.0011986 9.176e+05
0.0011996 9.176e+05
0.0012005 9.176e+05
0.0012014 9.176e+05
0.0012024 9.176e+05
0.0012033 9.176e+05
0.0012043 9.176e+05
0.0012052 9.176e+05
0.0012062 9.176e+05
0.0012071 9.176e+05
0.001208 9.176e+05
0.001209 9.176e+05
0.0012099 9.176e+05
0.0012109 9.176e+05
0.0012118 9.176e+05
0.0012128 9.176e+05
0.0012137 9.176e+05
0.0012146 9.176e+05
0.0012156 9.176e+05
0.0012165 9.176e+05
0.0012175 9.176e+05
0.0012184 9.176e+05
0.0012193 9.176e+05
0.0012203 9.176e+05
0.0012212 9.176e+05
0.0012222 9.176e+05
0.0012231 9.176e+05
0.0012241 9.176e+05
0.001225 9.176e+05
0.0012259 9.176e+05
0.0012269 9.176e+05
0.0012278 9.176e+05
0.0012288 9.176e+05
0.0012297 9.176e+05
0.0012307 9.176e+05
0.0012316 9.176e+05
0.0012325 9.176e+05
0.0012335 9.176e+05
0.0012344 9.176e+05
0.0012354 9.176e+05
0.0012363 9.176e+05
0.0012373 9.176e+05
0.0012382 9.176e+05
0.0012391 9.176e+05
0.0012401 9.176e+05
0.001241 9.176e+05
0.001242 9.176e+05
0.0012429 9.176e+05
0.0012438 9.176e+05
0.0012448 9.176e+05
0.0012457 9.176e+05
0.0012467 9.176e+05
0.0012476 9.176e+05
0.0012486 9.176e+05
0.0012495 9.176e+05
0.0012504 9.176e+05
0.0012514 9.176e+05
0.0012523 9.176e+05
0.0012533 9.176e+05
0.0012542 9.176e+05
0.0012552 9.176e+05
0.0012561 9.176e+05
0.001257 9.176e+05
0.001258 9.176e+05
0.0012589 9.176e+05
0.0012599 9.176e+05
0.0012608 9.176e+05
0.0012618 9.176e+05
0.0012627 9.176e+05
0.0012636 9.176e+05
0.0012646 9.176e+05
0.0012655 9.176e+05
0.0012665 9.176e+05
0.0012674 9.176e+05
0.0012683 9.176e+05
0.0012693 9.176e+05
0.0012702 9.176e+05
0.0012712 9.176e+05
0.0012721 9.176e+05
0.0012731 9.176e+05
0.001274 9.176e+05
0.0012749 9.176e+05
0.0012759 9.176e+05
0.0012768 9.176e+05
0.0012778 9.176e+05
0.0012787 9.176e+05
0.0012797 9.176e+05
0.0012806 9.176e+05
0.0012815 9.176e+05
0.0012825 9.176e+05
0.0012834 9.176e+05
0.0012844 9.176e+05
0.0012853 9.176e+05
0.0012863 9.176e+05
0.0012872 9.176e+05
0.0012881 9.176e+05
0.0012891 9.176e+05
0.00129 9.176e+05
0.001291 9.176e+05
0.0012919 9.176e+05
0.0012928 9.176e+05
0.0012938 9.176e+05
0.0012947 9.176e+05
0.0012957 9.176e+05
0.0012966 9.176e+05
0.0012976 9.176e+05
0.0012985 9.176e+05
0.0012994 9.176e+05
0.0013004 9.176e+05
0.0013013 9.176e+05
0.0013023 9.176e+05
0.0013032 9.176e+05
0.0013042 9.176e+05
0.0013051 9.176e+05
0.001306 9.176e+05
0.001307 9.176e+05
0.0013079 9.176e+05
0.0013089 9.176e+05
0.0013098 9.176e+05
0.0013108 9.176e+05
0.0013117 9.176e+05
0.0013126 9.176e+05
0.0013136 9.176e+05
0.0013145 9.176e+05
0.0013155 9.176e+05
0.0013164 9.176e+05
0.0013173 9.176e+05
0.0013183 9.176e+05
0.0013192 9.176e+05
0.0013202 9.176e+05
0.0013211 9.176e+05
0.0013221 9.176e+05
0.001323 9.176e+05
0.0013239 9.176e+05
0.0013249 9.176e+05
0.0013258 9.176e+05
0.0013268 9.176e+05
0.0013277 9.176e+05
0.0013287 9.176e+05
0.0013296 9.176e+05
0.0013305 9.176e+05
0.0013315 9.176e+05
0.0013324 9.176e+05
0.0013334 9.176e+05
0.0013343 9.176e+05
0.0013353 9.176e+05
0.0013362 9.176e+05
0.0013371 9.176e+05
0.0013381 9.176e+05
0.001339 9.176e+05
0.00134 9.176e+05
0.0013409 9.176e+05
0.0013418 9.176e+05
0.0013428 9.176e+05
0.0013437 9.176e+05
0.0013447 9.176e+05
0.0013456 9.176e+05
0.0013466 9.176e+05
0.0013475 9.176e+05
0.0013484 9.176e+05
0.0013494 9.176e+05
0.0013503 9.176e+05
0.0013513 9.176e+05
0.0013522 9.176e+05
0.0013532 9.176e+05
0.0013541 9.176e+05
0.001355 9.176e+05
0.001356 9.176e+05
0.0013569 9.176e+05
0.0013579 9.176e+05
0.0013588 9.176e+05
0.0013598 9.176e+05
0.0013607 9.176e+05
0.0013616 9.176e+05
0.0013626 9.176e+05
0.0013635 9.176e+05
0.0013645 9.176e+05
0.0013654 9.176e+05
0.0013663 9.176e+05
0.0013673 9.176e+05
0.0013682 9.176e+05
0.0013692 9.176e+05
0.0013701 9.176e+05
0.0013711 9.176e+05
0.001372 9.176e+05
0.0013729 9.176e+05
0.0013739 9.176e+05
0.0013748 9.176e+05
0.0013758 9.176e+05
0.0013767 9.176e+05
0.0013777 9.176e+05
0.0013786 9.176e+05
0.0013795 9.176e+05
0.0013805 9.176e+05
0.0013814 9.176e+05
0.0013824 9.176e+05
0.0013833 9.176e+05
0.0013843 9.176e+05
0.0013852 9.176e+05
0.0013861 9.176e+05
0.0013871 9.176e+05
0.001388 9.176e+05
0.001389 9.176e+05
0.0013899 9.176e+05
0.0013908 9.176e+05
0.0013918 9.176e+05
0.0013927 9.176e+05
0.0013937 9.176e+05
0.0013946 9.176e+05
0.0013956 9.176e+05
0.0013965 9.176e+05
0.0013974 9.176e+05
0.0013984 9.176e+05
0.0013993 9.176e+05
0.0014003 9.176e+05
0.0014012 9.176e+05
0.0014022 9.176e+05
0.0014031 9.176e+05
0.001404 9.176e+05
0.001405 9.176e+05
0.0014059 9.176e+05
0.0014069 9.176e+05
0.0014078 9.176e+05
0.0014088 9.176e+05
0.0014097 9.176e+05
0.0014106 9.176e+05
0.0014116 9.176e+05
0.0014125 9.176e+05
0.0014135 9.176e+05
0.0014144 9.176e+05
0.0014153 9.176e+05
0.0014163 9.176e+05
0.0014172 9.176e+05
0.0014182 9.176e+05
0.0014191 9.176e+05
0.0014201 9.176e+05
0.001421 9.176e+05
0.0014219 9.176e+05
0.0014229 9.176e+05
0.0014238 9.176e+05
0.0014248 9.176e+05
0.0014257 9.176e+05
0.0014267 9.176e+05
0.0014276 9.176e+05
0.0014285 9.176e+05
0.0014295 9.176e+05
0.0014304 9.176e+05
0.0014314 9.176e+05
0.0014323 9.176e+05
0.0014333 9.176e+05
0.0014342 9.176e+05
0.0014351 9.176e+05
0.0014361 9.176e+05
0.001437 9.176e+05
0.001438 9.176e+05
0.0014389 9.176e+05
0.0014398 9.176e+05
0.0014408 9.176e+05
0.0014417 9.176e+05
0.0014427 9.176e+05
0.0014436 9.176e+05
0.0014446 9.176e+05
0.0014455 9.176e+05
0.0014464 9.176e+05
0.0014474 9.176e+05
0.0014483 9.176e+05
0.0014493 9.176e+05
0.0014502 9.176e+05
0.0014512 9.176e+05
0.0014521 9.176e+05
0.001453 9.176e+05
0.001454 9.176e+05
0.0014549 9.176e+05
0.0014559 9.176e+05
0.0014568 9.176e+05
0.0014578 9.176e+05
0.0014587 9.176e+05
0.0014596 9.176e+05
0.0014606 9.176e+05
0.0014615 9.176e+05
0.0014625 9.176e+05
0.0014634 9.176e+05
0.0014643 9.176e+05
0.0014653 9.176e+05
0.0014662 9.176e+05
0.0014672 9.176e+05
0.0014681 9.176e+05
0.0014691 9.176e+05
0.00147 9.176e+05
0.0014709 9.176e+05
0.0014719 9.176e+05
0.0014728 9.176e+05
0.0014738 9.176e+05
0.0014747 9.176e+05
0.0014757 9.176e+05
0.0014766 9.176e+05
0.0014775 9.176e+05
0.0014785 9.176e+05
0.0014794 9.176e+05
0.0014804 9.176e+05
0.0014813 9.176e+05
0.0014823 9.176e+05
0.0014832 9.176e+05
0.0014841 9.176e+05
0.0014851 9.176e+05
0.001486 9.176e+05
0.001487 9.176e+05
0.0014879 9.176e+05
0.0014888 9.176e+05
0.0014898 9.176e+05
0.0014907 9.176e+05
0.0014917 9.176e+05
0.0014926 9.176e+05
0.0014936 9.176e+05
0.0014945 9.176e+05
0.0014954 9.176e+05
0.0014964 9.176e+05
0.0014973 9.176e+05
0.0014983 9.176e+05
0.0014992 9.176e+05
0.0015002 9.176e+05
0.0015011 9.176e+05
0.001502 9.176e+05
0.001503 9.176e+05
0.0015039 9.176e+05
0.0015049 9.176e+05
0.0015058 9.176e+05
0.0015068 9.176e+05
0.0015077 9.176e+05
0.0015086 9.176e+05
0.0015096 9.176e+05
0.0015105 9.176e+05
0.0015115 9.176e+05
0.0015124 9.176e+05
0.0015133 9.176e+05
0.0015143 9.176e+05
0.0015152 9.176e+05
0.0015162 9.176e+05
0.0015171 9.176e+05
0.0015181 9.176e+05
0.001519 9.176e+05
0.0015199 9.176e+05
0.0015209 9.176e+05
0.0015218 9.176e+05
0.0015228 9.176e+05
0.0015237 9.176e+05
0.0015247 9.176e+05
0.0015256 9.176e+05
0.0015265 9.176e+05
0.0015275 9.176e+05
0.0015284 9.176e+05
0.0015294 9.176e+05
0.0015303 9.176e+05
0.0015313 9.176e+05
0.0015322 9.176e+05
0.0015331 9.176e+05
0.0015341 9.176e+05
0.001535 9.176e+05
0.001536 9.176e+05
0.0015369 9.176e+05
0.0015378 9.176e+05
0.0015388 9.176e+05
0.0015397 9.176e+05
0.0015407 9.176e+05
0.0015416 9.176e+05
0.0015426 9.176e+05
0.0015435 9.176e+05
0.0015444 9.176e+05
0.0015454 9.176e+05
0.0015463 9.176e+05
0.0015473 9.176e+05
0.0015482 9.176e+05
0.0015492 9.176e+05
0.0015501 9.176e+05
0.001551 9.176e+05
0.001552 9.176e+05
0.0015529 9.176e+05
0.0015539 9.176e+05
0.0015548 9.176e+05
0.0015558 9.176e+05
0.0015567 9.176e+05
0.0015576 9.176e+05
0.0015586 9.176e+05
0.0015595 9.176e+05
0.0015605 9.176e+05
0.0015614 9.176e+05
0.0015623 9.176e+05
0.0015633 9.176e+05
0.0015642 9.176e+05
0.0015652 9.176e+05
0.0015661 9.176e+05
0.0015671 9.176e+05
0.001568 9.176e+05
0.0015689 9.176e+05
0.0015699 9.176e+05
0.0015708 9.176e+05
0.0015718 9.176e+05
0.0015727 9.176e+05
0.0015737 9.176e+05
0.0015746 9.176e+05
0.0015755 9.176e+05
0.0015765 9.176e+05
0.0015774 9.176e+05
0.0015784 9.176e+05
0.0015793 9.176e+05
0.0015803 9.176e+05
0.0015812 9.176e+05
0.0015821 9.176e+05
0.0015831 9.176e+05
0.001584 9.176e+05
0.001585 9.176e+05
0.0015859 9.176e+05
0.0015868 9.176e+05
0.0015878 9.176e+05
0.0015887 9.176e+05
0.0015897 9.176e+05
0.0015906 9.176e+05
0.0015916 9.176e+05
0.0015925 9.176e+05
0.0015934 9.176e+05
0.0015944 9.176e+05
0.0015953 9.176e+05
0.0015963 9.176e+05
0.0015972 9.176e+05
0.0015982 9.176e+05
0.0015991 9.176e+05
0.0016 9.176e+05
0.001601 9.176e+05
0.0016019 9.176e+05
0.0016029 9.176e+05
0.0016038 9.176e+05
0.0016048 9.176e+05
0.0016057 9.176e+05
0.0016066 9.176e+05
0.0016076 9.176e+05
0.0016085 9.176e+05
0.0016095 9.176e+05
0.0016104 9.176e+05
0.0016113 9.176e+05
0.0016123 9.176e+05
0.0016132 9.176e+05
0.0016142 9.176e+05
0.0016151 9.176e+05
0.0016161 9.176e+05
0.001617 9.176e+05
0.0016179 9.176e+05
0.0016189 9.176e+05
0.0016198 9.176e+05
0.0016208 9.176e+05
0.0016217 9.176e+05
0.0016227 9.176e+05
0.0016236 9.176e+05
0.0016245 9.176e+05
0.0016255 9.176e+05
0.0016264 9.176e+05
0.0016274 9.176e+05
0.0016283 9.176e+05
0.0016293 9.176e+05
0.0016302 9.176e+05
0.0016311 9.176e+05
0.0016321 9.176e+05
0.001633 9.176e+05
0.001634 9.176e+05
0.0016349 9.176e+05
0.0016358 9.176e+05
0.0016368 9.176e+05
0.0016377 9.176e+05
0.0016387 9.176e+05
0.0016396 9.176e+05
0.0016406 9.176e+05
0.0016415 9.176e+05
0.0016424 9.176e+05
0.0016434 9.176e+05
0.0016443 9.176e+05
0.0016453 9.176e+05
0.0016462 9.176e+05
0.0016472 9.176e+05
0.0016481 9.176e+05
0.001649 9.176e+05
0.00165 9.176e+05
0.0016509 9.176e+05
0.0016519 9.176e+05
0.0016528 9.176e+05
0.0016538 9.176e+05
0.0016547 9.176e+05
0.0016556 9.176e+05
0.0016566 9.176e+05
0.0016575 9.176e+05
0.0016585 9.176e+05
0.0016594 9.176e+05
0.0016603 9.176e+05
0.0016613 9.176e+05
0.0016622 9.176e+05
0.0016632 9.176e+05
0.0016641 9.176e+05
0.0016651 9.176e+05
0.001666 9.176e+05
0.0016669 9.176e+05
0.0016679 9.176e+05
0.0016688 9.176e+05
0.0016698 9.176e+05
0.0016707 9.176e+05
0.0016717 9.176e+05
0.0016726 9.176e+05
0.0016735 9.176e+05
0.0016745 9.176e+05
0.0016754 9.176e+05
0.0016764 9.176e+05
0.0016773 9.176e+05
0.0016783 9.176e+05
0.0016792 9.176e+05
0.0016801 9.176e+05
0.0016811 9.176e+05
0.001682 9.176e+05
0.001683 9.176e+05
0.0016839 9.176e+05
0.0016848 9.176e+05
0.0016858 9.176e+05
0.0016867 9.176e+05
0.0016877 9.176e+05
0.0016886 9.176e+05
0.0016896 9.176e+05
0.0016905 9.176e+05
0.0016914 9.176e+05
0.0016924 9.176e+05
0.0016933 9.176e+05
0.0016943 9.176e+05
0.0016952 9.176e+05
0.0016962 9.176e+05
0.0016971 9.176e+05
0.001698 9.176e+05
0.001699 9.176e+05
0.0016999 9.176e+05
0.0017009 9.176e+05
0.0017018 9.176e+05
0.0017028 9.176e+05
0.0017037 9.176e+05
0.0017046 9.176e+05
0.0017056 9.176e+05
0.0017065 9.176e+05
0.0017075 9.176e+05
0.0017084 9.176e+05
0.0017093 9.176e+05
0.0017103 9.176e+05
0.0017112 9.176e+05
0.0017122 9.176e+05
0.0017131 9.176e+05
0.0017141 9.176e+05
0.001715 9.176e+05
0.0017159 9.176e+05
0.0017169 9.176e+05
0.0017178 9.176e+05
0.0017188 9.176e+05
0.0017197 9.176e+05
0.0017207 9.176e+05
0.0017216 9.176e+05
0.0017225 9.176e+05
0.0017235 9.176e+05
0.0017244 9.176e+05
0.0017254 9.176e+05
0.0017263 9.176e+05
0.0017273 9.176e+05
0.0017282 9.176e+05
0.0017291 9.176e+05
0.0017301 9.176e+05
0.001731 9.176e+05
0.001732 9.176e+05
0.0017329 9.176e+05
0.0017338 9.176e+05
0.0017348 9.176e+05
0.0017357 9.176e+05
0.0017367 9.176e+05
0.0017376 9.176e+05
0.0017386 9.176e+05
0.0017395 9.176e+05
0.0017404 9.176e+05
0.0017414 9.176e+05
0.0017423 9.176e+05
0.0017433 9.176e+05
0.0017442 9.176e+05
0.0017452 9.176e+05
0.0017461 9.176e+05
0.001747 9.176e+05
0.001748 9.176e+05
0.0017489 9.176e+05
0.0017499 9.176e+05
0.0017508 9.176e+05
0.0017518 9.176e+05
0.0017527 9.176e+05
0.0017536 9.176e+05
0.0017546 9.176e+05
0.0017555 9.176e+05
0.0017565 9.176e+05
0.0017574 9.176e+05
0.0017583 9.176e+05
0.0017593 9.176e+05
0.0017602 9.176e+05
0.0017612 9.176e+05
0.0017621 9.176e+05
0.0017631 9.176e+05
0.001764 9.176e+05
0.0017649 9.176e+05
0.0017659 9.176e+05
0.0017668 9.176e+05
0.0017678 9.176e+05
0.0017687 9.176e+05
0.0017697 9.176e+05
0.0017706 9.176e+05
0.0017715 9.176e+05
0.0017725 9.176e+05
0.0017734 9.176e+05
0.0017744 9.176e+05
0.0017753 9.176e+05
0.0017763 9.176e+05
0.0017772 9.176e+05
0.0017781 9.176e+05
0.0017791 9.176e+05
0.00178 9.176e+05
0.001781 9.176e+05
0.0017819 9.176e+05
0.0017828 9.176e+05
0.0017838 9.176e+05
0.0017847 9.176e+05
0.0017857 9.176e+05
0.0017866 9.176e+05
0.0017876 9.176e+05
0.0017885 9.176e+05
0.0017894 9.176e+05
0.0017904 9.176e+05
0.0017913 9.176e+05
0.0017923 9.176e+05
0.0017932 9.176e+05
0.0017942 9.176e+05
0.0017951 9.176e+05
0.001796 9.176e+05
0.001797 9.176e+05
0.0017979 9.176e+05
0.0017989 9.176e+05
0.0017998 9.176e+05
0.0018008 9.176e+05
0.0018017 9.176e+05
0.0018026 9.176e+05
0.0018036 9.176e+05
0.0018045 9.176e+05
0.0018055 9.176e+05
0.0018064 9.176e+05
0.0018073 9.176e+05
0.0018083 9.176e+05
0.0018092 9.176e+05
0.0018102 9.176e+05
0.0018111 9.176e+05
0.0018121 9.176e+05
0.001813 9.176e+05
0.0018139 9.176e+05
0.0018149 9.176e+05
0.0018158 9.176e+05
0.0018168 9.176e+05
0.0018177 9.176e+05
0.0018187 9.176e+05
0.0018196 9.176e+05
0.0018205 9.176e+05
0.0018215 9.176e+05
0.0018224 9.176e+05
0.0018234 9.176e+05
0.0018243 9.176e+05
0.0018253 9.176e+05
0.0018262 9.176e+05
0.0018271 9.176e+05
0.0018281 9.176e+05
0.001829 9.176e+05
0.00183 9.176e+05
0.0018309 9.176e+05
0.0018318 9.176e+05
0.0018328 9.176e+05
0.0018337 9.176e+05
0.0018347 9.176e+05
0.0018356 9.176e+05
0.0018366 9.176e+05
0.0018375 9.176e+05
0.0018384 9.176e+05
0.0018394 9.176e+05
0.0018403 9.176e+05
0.0018413 9.176e+05
0.0018422 9.176e+05
0.0018432 9.176e+05
0.0018441 9.176e+05
0.001845 9.176e+05
0.001846 9.176e+05
0.0018469 9.176e+05
0.0018479 9.176e+05
0.0018488 9.176e+05
0.0018498 9.176e+05
0.0018507 9.176e+05
0.0018516 9.176e+05
0.0018526 9.176e+05
0.0018535 9.176e+05
0.0018545 9.176e+05
0.0018554 9.176e+05
0.0018563 9.176e+05
0.0018573 9.176e+05
0.0018582 9.176e+05
0.0018592 9.176e+05
0.0018601 9.176e+05
0.0018611 9.176e+05
0.001862 9.176e+05
0.0018629 9.176e+05
0.0018639 9.176e+05
0.0018648 9.176e+05
0.0018658 9.176e+05
0.0018667 9.176e+05
0.0018677 9.176e+05
0.0018686 9.176e+05
0.0018695 9.176e+05
0.0018705 9.176e+05
0.0018714 9.176e+05
0.0018724 9.176e+05
0.0018733 9.176e+05
0.0018743 9.176e+05
0.0018752 9.176e+05
0.0018761 9.176e+05
0.0018771 9.176e+05
0.001878 9.176e+05
0.001879 9.176e+05
0.0018799 9.176e+05
0.0018808 9.176e+05
0.0018818 9.176e+05
0.0018827 9.176e+05
0.0018837 9.176e+05
0.0018846 9.176e+05
0.0018856 9.176e+05
0.0018865 9.176e+05
0.0018874 9.176e+05
0.0018884 9.176e+05
0.0018893 9.176e+05
0.0018903 9.176e+05
0.0018912 9.176e+05
0.0018922 9.176e+05
0.0018931 9.176e+05
0.001894 9.176e+05
0.001895 9.176e+05
0.0018959 9.176e+05
0.0018969 9.176e+05
0.0018978 9.176e+05
0.0018988 9.176e+05
0.0018997 9.176e+05
0.0019006 9.176e+05
0.0019016 9.176e+05
0.0019025 9.176e+05
0.0019035 9.176e+05
0.0019044 9.176e+05
0.0019053 9.176e+05
0.0019063 9.176e+05
0.0019072 9.176e+05
0.0019082 9.176e+05
0.0019091 9.176e+05
0.0019101 9.176e+05
0.001911 9.176e+05
0.0019119 9.176e+05
0.0019129 9.176e+05
0.0019138 9.176e+05
0.0019148 9.176e+05
0.0019157 9.176e+05
0.0019167 9.176e+05
0.0019176 9.176e+05
0.0019185 9.176e+05
0.0019195 9.176e+05
0.0019204 9.176e+05
0.0019214 9.176e+05
0.0019223 9.176e+05
0.0019233 9.176e+05
0.0019242 9.176e+05
0.0019251 9.176e+05
0.0019261 9.176e+05
0.001927 9.176e+05
0.001928 9.176e+05
0.0019289 9.176e+05
0.0019298 9.176e+05
0.0019308 9.176e+05
0.0019317 9.176e+05
0.0019327 9.176e+05
0.0019336 9.176e+05
0.0019346 9.176e+05
0.0019355 9.176e+05
0.0019364 9.176e+05
0.0019374 9.176e+05
0.0019383 9.176e+05
0.0019393 9.176e+05
0.0019402 9.176e+05
0.0019412 9.176e+05
0.0019421 9.176e+05
0.001943 9.176e+05
0.001944 9.176e+05
0.0019449 9.176e+05
0.0019459 9.176e+05
0.0019468 9.176e+05
0.0019478 9.176e+05
0.0019487 9.176e+05
0.0019496 9.176e+05
0.0019506 9.176e+05
0.0019515 9.176e+05
0.0019525 9.176e+05
0.0019534 9.176e+05
0.0019543 9.176e+05
0.0019553 9.176e+05
0.0019562 9.176e+05
0.0019572 9.176e+05
0.0019581 9.176e+05
0.0019591 9.176e+05
0.00196 9.176e+05
0.0019609 9.176e+05
0.0019619 9.176e+05
0.0019628 9.176e+05
0.0019638 9.176e+05
0.0019647 9.176e+05
0.0019657 9.176e+05
0.0019666 9.176e+05
0.0019675 9.176e+05
0.0019685 9.176e+05
0.0019694 9.176e+05
0.0019704 9.176e+05
0.0019713 9.176e+05
0.0019723 9.176e+05
0.0019732 9.176e+05
0.0019741 9.176e+05
0.0019751 9.176e+05
0.001976 9.176e+05
0.001977 9.176e+05
0.0019779 9.176e+05
0.0019788 9.176e+05
0.0019798 9.176e+05
0.0019807 9.176e+05
0.0019817 9.176e+05
0.0019826 9.176e+05
0.0019836 9.176e+05
0.0019845 9.176e+05
0.0019854 9.176e+05
0.0019864 9.176e+05
0.0019873 9.176e+05
0.0019883 9.176e+05
0.0019892 9.176e+05
0.0019902 9.176e+05
0.0019911 9.176e+05
0.001992 9.176e+05
0.001993 9.176e+05
0.0019939 9.176e+05
0.0019949 9.176e+05
0.0019958 9.176e+05
0.0019968 9.176e+05
0.0019977 9.176e+05
0.0019986 9.176e+05
0.0019996 9.176e+05
0.0020005 9.176e+05
0.0020015 9.176e+05
0.0020024 9.176e+05
0.0020033 9.176e+05
0.0020043 9.176e+05
0.0020052 9.176e+05
0.0020062 9.176e+05
0.0020071 9.176e+05
0.0020081 9.176e+05
0.002009 9.176e+05
0.0020099 9.176e+05
0.0020109 9.176e+05
0.0020118 9.176e+05
0.0020128 9.176e+05
0.0020137 9.176e+05
0.0020147 9.176e+05
0.0020156 9.176e+05
0.0020165 9.176e+05
0.0020175 9.176e+05
0.0020184 9.176e+05
0.0020194 9.176e+05
0.0020203 9.176e+05
0.0020213 9.176e+05
0.0020222 9.176e+05
0.0020231 9.176e+05
0.0020241 9.176e+05
0.002025 9.176e+05
0.002026 9.176e+05
0.0020269 9.176e+05
0.0020278 9.176e+05
0.0020288 9.176e+05
0.0020297 9.176e+05
0.0020307 9.176e+05
0.0020316 9.176e+05
0.0020326 9.176e+05
0.0020335 9.176e+05
0.0020344 9.176e+05
0.0020354 9.176e+05
0.0020363 9.176e+05
0.0020373 9.176e+05
0.0020382 9.176e+05
0.0020392 9.176e+05
0.0020401 9.176e+05
0.002041 9.176e+05
0.002042 9.176e+05
0.0020429 9.176e+05
0.0020439 9.176e+05
0.0020448 9.176e+05
0.0020458 9.176e+05
0.0020467 9.176e+05
0.0020476 9.176e+05
0.0020486 9.176e+05
0.0020495 9.176e+05
0.0020505 9.176e+05
0.0020514 9.176e+05
0.0020523 9.176e+05
0.0020533 9.176e+05
0.0020542 9.176e+05
0.0020552 9.176e+05
0.0020561 9.176e+05
0.0020571 9.176e+05
0.002058 9.176e+05
0.0020589 9.176e+05
0.0020599 9.176e+05
0.0020608 9.176e+05
0.0020618 9.176e+05
0.0020627 9.176e+05
0.0020637 9.176e+05
0.0020646 9.176e+05
0.0020655 9.176e+05
0.0020665 9.176e+05
0.0020674 9.176e+05
0.0020684 9.176e+05
0.0020693 9.176e+05
0.0020703 9.176e+05
0.0020712 9.176e+05
0.0020721 9.176e+05
0.0020731 9.176e+05
0.002074 9.176e+05
0.002075 9.176e+05
0.0020759 9.176e+05
0.0020768 9.176e+05
0.0020778 9.176e+05
0.0020787 9.176e+05
0.0020797 9.176e+05
0.0020806 9.176e+05
0.0020816 9.176e+05
0.0020825 9.176e+05
0.0020834 9.176e+05
0.0020844 9.176e+05
0.0020853 9.176e+05
0.0020863 9.176e+05
0.0020872 9.176e+05
0.0020882 9.176e+05
0.0020891 9.176e+05
0.00209 9.176e+05
0.002091 9.176e+05
0.0020919 9.176e+05
0.0020929 9.176e+05
0.0020938 9.176e+05
0.0020948 9.176e+05
0.0020957 9.176e+05
0.0020966 9.176e+05
0.0020976 9.176e+05
0.0020985 9.176e+05
0.0020995 9.176e+05
0.0021004 9.176e+05
0.0021013 9.176e+05
0.0021023 9.176e+05
0.0021032 9.176e+05
0.0021042 9.176e+05
0.0021051 9.176e+05
0.0021061 9.176e+05
0.002107 9.176e+05
0.0021079 9.176e+05
0.0021089 9.176e+05
0.0021098 9.176e+05
0.0021108 9.176e+05
0.0021117 9.176e+05
0.0021127 9.176e+05
0.0021136 9.176e+05
0.0021145 9.176e+05
0.0021155 9.176e+05
0.0021164 9.176e+05
0.0021174 9.176e+05
0.0021183 9.176e+05
0.0021193 9.176e+05
0.0021202 9.176e+05
0.0021211 9.176e+05
0.0021221 9.176e+05
0.002123 9.176e+05
0.002124 9.176e+05
0.0021249 9.176e+05
0.0021258 9.176e+05
0.0021268 9.176e+05
0.0021277 9.176e+05
0.0021287 9.176e+05
0.0021296 9.176e+05
0.0021306 9.176e+05
0.0021315 9.176e+05
0.0021324 9.176e+05
0.0021334 9.176e+05
0.0021343 9.176e+05
0.0021353 9.176e+05
0.0021362 9.176e+05
0.0021372 9.176e+05
0.0021381 9.176e+05
0.002139 9.176e+05
0.00214 9.176e+05
0.0021409 9.176e+05
0.0021419 9.176e+05
0.0021428 9.176e+05
0.0021438 9.176e+05
0.0021447 9.176e+05
0.0021456 9.176e+05
0.0021466 9.176e+05
0.0021475 9.176e+05
0.0021485 9.176e+05
0.0021494 9.176e+05
0.0021503 9.176e+05
0.0021513 9.176e+05
0.0021522 9.176e+05
0.0021532 9.176e+05
0.0021541 9.176e+05
0.0021551 9.176e+05
0.002156 9.176e+05
0.0021569 9.176e+05
0.0021579 9.176e+05
0.0021588 9.176e+05
0.0021598 9.176e+05
0.0021607 9.176e+05
0.0021617 9.176e+05
0.0021626 9.176e+05
0.0021635 9.176e+05
0.0021645 9.176e+05
0.0021654 9.176e+05
0.0021664 9.176e+05
0.0021673 9.176e+05
0.0021683 9.176e+05
0.0021692 9.176e+05
0.0021701 9.176e+05
0.0021711 9.176e+05
0.002172 9.176e+05
0.002173 9.176e+05
0.0021739 9.176e+05
0.0021748 9.176e+05
0.0021758 9.176e+05
0.0021767 9.176e+05
0.0021777 9.176e+05
0.0021786 9.176e+05
0.0021796 9.176e+05
0.0021805 9.176e+05
0.0021814 9.176e+05
0.0021824 9.176e+05
0.0021833 9.176e+05
0.0021843 9.176e+05
0.0021852 9.176e+05
0.0021862 9.176e+05
0.0021871 9.176e+05
0.002188 9.176e+05
0.002189 9.176e+05
0.0021899 9.176e+05
0.0021909 9.176e+05
0.0021918 9.176e+05
0.0021928 9.176e+05
0.0021937 9.176e+05
0.0021946 9.176e+05
0.0021956 9.176e+05
0.0021965 9.176e+05
0.0021975 9.176e+05
0.0021984 9.176e+05
0.0021993 9.176e+05
0.0022003 9.176e+05
0.0022012 9.176e+05
0.0022022 9.176e+05
0.0022031 9.176e+05
0.0022041 9.176e+05
0.002205 9.176e+05
0.0022059 9.176e+05
0.0022069 9.176e+05
0.0022078 9.176e+05
0.0022088 9.176e+05
0.0022097 9.176e+05
0.0022107 9.176e+05
0.0022116 9.176e+05
0.0022125 9.176e+05
0.0022135 9.176e+05
0.0022144 9.176e+05
0.0022154 9.176e+05
0.0022163 9.176e+05
0.0022173 9.176e+05
0.0022182 9.176e+05
0.0022191 9.176e+05
0.0022201 9.176e+05
0.002221 9.176e+05
0.002222 9.176e+05
0.0022229 9.176e+05
0.0022238 9.176e+05
0.0022248 9.176e+05
0.0022257 9.176e+05
0.0022267 9.176e+05
0.0022276 9.176e+05
0.0022286 9.176e+05
0.0022295 9.176e+05
0.0022304 9.176e+05
0.0022314 9.176e+05
0.0022323 9.176e+05
0.0022333 9.176e+05
0.0022342 9.176e+05
0.0022352 9.176e+05
0.0022361 9.176e+05
0.002237 9.176e+05
0.002238 9.176e+05
0.0022389 9.176e+05
0.0022399 9.176e+05
0.0022408 9.176e+05
0.0022418 9.176e+05
0.0022427 9.176e+05
0.0022436 9.176e+05
0.0022446 9.176e+05
0.0022455 9.176e+05
0.0022465 9.176e+05
0.0022474 9.176e+05
0.0022483 9.176e+05
0.0022493 9.176e+05
0.0022502 9.176e+05
0.0022512 9.176e+05
0.0022521 9.176e+05
0.0022531 9.176e+05
0.002254 9.176e+05
0.0022549 9.176e+05
0.0022559 9.176e+05
0.0022568 9.176e+05
0.0022578 9.176e+05
0.0022587 9.176e+05
0.0022597 9.176e+05
0.0022606 9.176e+05
0.0022615 9.176e+05
0.0022625 9.176e+05
0.0022634 9.176e+05
0.0022644 9.176e+05
0.0022653 9.176e+05
0.0022663 9.176e+05
0.0022672 9.176e+05
0.0022681 9.176e+05
0.0022691 9.176e+05
0.00227 9.176e+05
0.002271 9.176e+05
0.0022719 9.176e+05
0.0022728 9.176e+05
0.0022738 9.176e+05
0.0022747 9.176e+05
0.0022757 9.176e+05
0.0022766 9.176e+05
0.0022776 9.176e+05
0.0022785 9.176e+05
0.0022794 9.176e+05
0.0022804 9.176e+05
0.0022813 9.176e+05
0.0022823 9.176e+05
0.0022832 9.176e+05
0.0022842 9.176e+05
0.0022851 9.176e+05
0.002286 9.176e+05
0.002287 9.176e+05
0.0022879 9.176e+05
0.0022889 9.176e+05
0.0022898 9.176e+05
0.0022908 9.176e+05
0.0022917 9.176e+05
0.0022926 9.176e+05
0.0022936 9.176e+05
0.0022945 9.176e+05
0.0022955 9.176e+05
0.0022964 9.176e+05
0.0022973 9.176e+05
0.0022983 9.176e+05
0.0022992 9.176e+05
0.0023002 9.176e+05
0.0023011 9.176e+05
0.0023021 9.176e+05
0.002303 9.176e+05
0.0023039 9.176e+05
0.0023049 9.176e+05
0.0023058 9.176e+05
0.0023068 9.176e+05
0.0023077 9.176e+05
0.0023087 9.176e+05
0.0023096 9.176e+05
0.0023105 9.176e+05
0.0023115 9.176e+05
0.0023124 9.176e+05
0.0023134 9.176e+05
0.0023143 9.176e+05
0.0023153 9.176e+05
0.0023162 9.176e+05
0.0023171 9.176e+05
0.0023181 9.176e+05
0.002319 9.176e+05
0.00232 9.176e+05
0.0023209 9.176e+05
0.0023218 9.176e+05
0.0023228 9.176e+05
0.0023237 9.176e+05
0.0023247 9.176e+05
0.0023256 9.176e+05
0.0023266 9.176e+05
0.0023275 9.176e+05
0.0023284 9.176e+05
0.0023294 9.176e+05
0.0023303 9.176e+05
0.0023313 9.176e+05
0.0023322 9.176e+05
0.0023332 9.176e+05
0.0023341 9.176e+05
0.002335 9.176e+05
0.002336 9.176e+05
0.0023369 9.176e+05
0.0023379 9.176e+05
0.0023388 9.176e+05
0.0023398 9.176e+05
0.0023407 9.176e+05
0.0023416 9.176e+05
0.0023426 9.176e+05
0.0023435 9.176e+05
0.0023445 9.176e+05
0.0023454 9.176e+05
0.0023463 9.176e+05
0.0023473 9.176e+05
0.0023482 9.176e+05
0.0023492 9.176e+05
0.0023501 9.176e+05
0.0023511 9.176e+05
0.002352 9.176e+05
0.0023529 9.176e+05
0.0023539 9.176e+05
0.0023548 9.176e+05
0.0023558 9.176e+05
0.0023567 9.176e+05
0.0023577 9.176e+05
0.0023586 9.176e+05
0.0023595 9.176e+05
0.0023605 9.176e+05
0.0023614 9.176e+05
0.0023624 9.176e+05
0.0023633 9.176e+05
0.0023643 9.176e+05
0.0023652 9.176e+05
0.0023661 9.176e+05
0.0023671 9.176e+05
0.002368 9.176e+05
0.002369 9.176e+05
0.0023699 9.176e+05
0.0023708 9.176e+05
0.0023718 9.176e+05
0.0023727 9.176e+05
0.0023737 9.176e+05
0.0023746 9.176e+05
0.0023756 9.176e+05
0.0023765 9.176e+05
0.0023774 9.176e+05
0.0023784 9.176e+05
0.0023793 9.176e+05
0.0023803 9.176e+05
0.0023812 9.176e+05
0.0023822 9.176e+05
0.0023831 9.176e+05
0.002384 9.176e+05
0.002385 9.176e+05
0.0023859 9.176e+05
0.0023869 9.176e+05
0.0023878 9.176e+05
0.0023888 9.176e+05
0.0023897 9.176e+05
0.0023906 9.176e+05
0.0023916 9.176e+05
0.0023925 9.176e+05
0.0023935 9.176e+05
0.0023944 9.176e+05
0.0023953 9.176e+05
0.0023963 9.176e+05
0.0023972 9.176e+05
0.0023982 9.176e+05
0.0023991 9.176e+05
0.0024001 9.176e+05
0.002401 9.176e+05
0.0024019 9.176e+05
0.0024029 9.176e+05
0.0024038 9.176e+05
0.0024048 9.176e+05
0.0024057 9.176e+05
0.0024067 9.176e+05
0.0024076 9.176e+05
0.0024085 9.176e+05
0.0024095 9.176e+05
0.0024104 9.176e+05
0.0024114 9.176e+05
0.0024123 9.176e+05
0.0024133 9.176e+05
0.0024142 9.176e+05
0.0024151 9.176e+05
0.0024161 9.176e+05
0.002417 9.176e+05
0.002418 9.176e+05
0.0024189 9.176e+05
0.0024198 9.176e+05
0.0024208 9.176e+05
0.0024217 9.176e+05
0.0024227 9.176e+05
0.0024236 9.176e+05
0.0024246 9.176e+05
0.0024255 9.176e+05
0.0024264 9.176e+05
0.0024274 9.176e+05
0.0024283 9.176e+05
0.0024293 9.176e+05
0.0024302 9.176e+05
0.0024312 9.176e+05
0.0024321 9.176e+05
0.002433 9.176e+05
0.002434 9.176e+05
0.0024349 9.176e+05
0.0024359 9.176e+05
0.0024368 9.176e+05
0.0024378 9.176e+05
0.0024387 9.176e+05
0.0024396 9.176e+05
0.0024406 9.176e+05
0.0024415 9.176e+05
0.0024425 9.176e+05
0.0024434 9.176e+05
0.0024443 9.176e+05
0.0024453 9.176e+05
0.0024462 9.176e+05
0.0024472 9.176e+05
0.0024481 9.176e+05
0.0024491 9.176e+05
0.00245 9.176e+05
0.0024509 9.176e+05
0.0024519 9.176e+05
0.0024528 9.176e+05
0.0024538 9.176e+05
0.0024547 9.176e+05
0.0024557 9.176e+05
0.0024566 9.176e+05
0.0024575 9.176e+05
0.0024585 9.176e+05
0.0024594 9.176e+05
0.0024604 9.176e+05
0.0024613 9.176e+05
0.0024623 9.176e+05
0.0024632 9.176e+05
0.0024641 9.176e+05
0.0024651 9.176e+05
0.002466 9.176e+05
0.002467 9.176e+05
0.0024679 9.176e+05
0.0024688 9.176e+05
0.0024698 9.176e+05
0.0024707 9.176e+05
0.0024717 9.176e+05
0.0024726 9.176e+05
0.0024736 9.176e+05
0.0024745 9.176e+05
0.0024754 9.176e+05
0.0024764 9.176e+05
0.0024773 9.176e+05
0.0024783 9.176e+05
0.0024792 9.176e+05
0.0024802 9.176e+05
0.0024811 9.176e+05
0.002482 9.176e+05
0.002483 9.176e+05
0.0024839 9.176e+05
0.0024849 9.176e+05
0.0024858 9.176e+05
0.0024868 9.176e+05
0.0024877 9.176e+05
0.0024886 9.176e+05
0.0024896 9.176e+05
0.0024905 9.176e+05
0.0024915 9.176e+05
0.0024924 9.176e+05
0.0024933 9.176e+05
0.0024943 9.176e+05
0.0024952 9.176e+05
0.0024962 9.176e+05
0.0024971 9.176e+05
0.0024981 9.176e+05
0.002499 9.176e+05
0.0024999 9.176e+05
0.0025009 9.176e+05
0.0025018 9.176e+05
0.0025028 9.176e+05
0.0025037 9.176e+05
0.0025047 9.176e+05
0.0025056 9.176e+05
0.0025065 9.176e+05
0.0025075 9.176e+05
0.0025084 9.176e+05
0.0025094 9.176e+05
0.0025103 9.176e+05
0.0025113 9.176e+05
0.0025122 9.176e+05
0.0025131 9.176e+05
0.0025141 9.176e+05
0.002515 9.176e+05
0.002516 9.176e+05
0.0025169 9.176e+05
0.0025178 9.176e+05
0.0025188 9.176e+05
0.0025197 9.176e+05
0.0025207 9.176e+05
0.0025216 9.176e+05
0.0025226 9.176e+05
0.0025235 9.176e+05
0.0025244 9.176e+05
0.0025254 9.176e+05
0.0025263 9.176e+05
0.0025273 9.176e+05
0.0025282 9.176e+05
0.0025292 9.176e+05
0.0025301 9.176e+05
0.002531 9.176e+05
0.002532 9.176e+05
0.0025329 9.176e+05
0.0025339 9.176e+05
0.0025348 9.176e+05
0.0025358 9.176e+05
0.0025367 9.176e+05
0.0025376 9.176e+05
0.0025386 9.176e+05
0.0025395 9.176e+05
0.0025405 9.176e+05
0.0025414 9.176e+05
0.0025423 9.176e+05
0.0025433 9.176e+05
0.0025442 9.176e+05
0.0025452 9.176e+05
0.0025461 9.176e+05
0.0025471 9.176e+05
0.002548 9.176e+05
0.0025489 9.176e+05
0.0025499 9.176e+05
0.0025508 9.176e+05
0.0025518 9.176e+05
0.0025527 9.176e+05
0.0025537 9.176e+05
0.0025546 9.176e+05
0.0025555 9.176e+05
0.0025565 9.176e+05
0.0025574 9.176e+05
0.0025584 9.176e+05
0.0025593 9.176e+05
0.0025603 9.176e+05
0.0025612 9.176e+05
0.0025621 9.176e+05
0.0025631 9.176e+05
0.002564 9.176e+05
0.002565 9.176e+05
0.0025659 9.176e+05
0.0025668 9.176e+05
0.0025678 9.176e+05
0.0025687 9.176e+05
0.0025697 9.176e+05
0.0025706 9.176e+05
0.0025716 9.176e+05
0.0025725 9.176e+05
0.0025734 9.176e+05
0.0025744 9.176e+05
0.0025753 9.176e+05
0.0025763 9.176e+05
0.0025772 9.176e+05
0.0025782 9.176e+05
0.0025791 9.176e+05
0.00258 9.176e+05
0.002581 9.176e+05
0.0025819 9.176e+05
0.0025829 9.176e+05
0.0025838 9.176e+05
0.0025848 9.176e+05
0.0025857 9.176e+05
0.0025866 9.176e+05
0.0025876 9.176e+05
0.0025885 9.176e+05
0.0025895 9.176e+05
0.0025904 9.176e+05
0.0025913 9.176e+05
0.0025923 9.176e+05
0.0025932 9.176e+05
0.0025942 9.176e+05
0.0025951 9.176e+05
0.0025961 9.176e+05
0.002597 9.176e+05
0.0025979 9.176e+05
0.0025989 9.176e+05
0.0025998 9.176e+05
0.0026008 9.176e+05
0.0026017 9.176e+05
0.0026027 9.176e+05
0.0026036 9.176e+05
0.0026045 9.176e+05
0.0026055 9.176e+05
0.0026064 9.176e+05
0.0026074 9.176e+05
0.0026083 9.176e+05
0.0026093 9.176e+05
0.0026102 9.176e+05
0.0026111 9.176e+05
0.0026121 9.176e+05
0.002613 9.176e+05
0.002614 9.176e+05
0.0026149 9.176e+05
0.0026158 9.176e+05
0.0026168 9.176e+05
0.0026177 9.176e+05
0.0026187 9.176e+05
0.0026196 9.176e+05
0.0026206 9.176e+05
0.0026215 9.176e+05
0.0026224 9.176e+05
0.0026234 9.176e+05
0.0026243 9.176e+05
0.0026253 9.176e+05
0.0026262 9.176e+05
0.0026272 9.176e+05
0.0026281 9.176e+05
0.002629 9.176e+05
0.00263 9.176e+05
0.0026309 9.176e+05
0.0026319 9.176e+05
0.0026328 9.176e+05
0.0026338 9.176e+05
0.0026347 9.176e+05
0.0026356 9.176e+05
0.0026366 9.176e+05
0.0026375 9.176e+05
0.0026385 9.176e+05
0.0026394 9.176e+05
0.0026403 9.176e+05
0.0026413 9.176e+05
0.0026422 9.176e+05
0.0026432 9.176e+05
0.0026441 9.176e+05
0.0026451 9.176e+05
0.002646 9.176e+05
0.0026469 9.176e+05
0.0026479 9.176e+05
0.0026488 9.176e+05
0.0026498 9.176e+05
0.0026507 9.176e+05
0.0026517 9.176e+05
0.0026526 9.176e+05
0.0026535 9.176e+05
0.0026545 9.176e+05
0.0026554 9.176e+05
0.0026564 9.176e+05
0.0026573 9.176e+05
0.0026583 9.176e+05
0.0026592 9.176e+05
0.0026601 9.176e+05
0.0026611 9.176e+05
0.002662 9.176e+05
0.002663 9.176e+05
0.0026639 9.176e+05
0.0026648 9.176e+05
0.0026658 9.176e+05
0.0026667 9.176e+05
0.0026677 9.176e+05
0.0026686 9.176e+05
0.0026696 9.176e+05
0.0026705 9.176e+05
0.0026714 9.176e+05
0.0026724 9.176e+05
0.0026733 9.176e+05
0.0026743 9.176e+05
0.0026752 9.176e+05
0.0026762 9.176e+05
0.0026771 9.176e+05
0.002678 9.176e+05
0.002679 9.176e+05
0.0026799 9.176e+05
0.0026809 9.176e+05
0.0026818 9.176e+05
0.0026828 9.176e+05
0.0026837 9.176e+05
0.0026846 9.176e+05
0.0026856 9.176e+05
0.0026865 9.176e+05
0.0026875 9.176e+05
0.0026884 9.176e+05
0.0026893 9.176e+05
0.0026903 9.176e+05
0.0026912 9.176e+05
0.0026922 9.176e+05
0.0026931 9.176e+05
0.0026941 9.176e+05
0.002695 9.176e+05
0.0026959 9.176e+05
0.0026969 9.176e+05
0.0026978 9.176e+05
0.0026988 9.176e+05
0.0026997 9.176e+05
0.0027007 9.176e+05
0.0027016 9.176e+05
0.0027025 9.176e+05
0.0027035 9.176e+05
0.0027044 9.176e+05
0.0027054 9.176e+05
0.0027063 9.176e+05
0.0027073 9.176e+05
0.0027082 9.176e+05
0.0027091 9.176e+05
0.0027101 9.176e+05
0.002711 9.176e+05
0.002712 9.176e+05
0.0027129 9.176e+05
0.0027138 9.176e+05
0.0027148 9.176e+05
0.0027157 9.176e+05
0.0027167 9.176e+05
0.0027176 9.176e+05
0.0027186 9.176e+05
0.0027195 9.176e+05
0.0027204 9.176e+05
0.0027214 9.176e+05
0.0027223 9.176e+05
0.0027233 9.176e+05
0.0027242 9.176e+05
0.0027252 9.176e+05
0.0027261 9.176e+05
0.002727 9.176e+05
0.002728 9.176e+05
0.0027289 9.176e+05
0.0027299 9.176e+05
0.0027308 9.176e+05
0.0027318 9.176e+05
0.0027327 9.176e+05
0.0027336 9.176e+05
0.0027346 9.176e+05
0.0027355 9.176e+05
0.0027365 9.176e+05
0.0027374 9.176e+05
0.0027383 9.176e+05
0.0027393 9.176e+05
0.0027402 9.176e+05
0.0027412 9.176e+05
0.0027421 9.176e+05
0.0027431 9.176e+05
0.002744 9.176e+05
0.0027449 9.176e+05
0.0027459 9.176e+05
0.0027468 9.176e+05
0.0027478 9.176e+05
0.0027487 9.176e+05
0.0027497 9.176e+05
0.0027506 9.176e+05
0.0027515 9.176e+05
0.0027525 9.176e+05
0.0027534 9.176e+05
0.0027544 9.176e+05
0.0027553 9.176e+05
0.0027563 9.176e+05
0.0027572 9.176e+05
0.0027581 9.176e+05
0.0027591 9.176e+05
0.00276 9.176e+05
0.002761 9.176e+05
0.0027619 9.176e+05
0.0027628 9.176e+05
0.0027638 9.176e+05
0.0027647 9.176e+05
0.0027657 9.176e+05
0.0027666 9.176e+05
0.0027676 9.176e+05
0.0027685 9.176e+05
0.0027694 9.176e+05
0.0027704 9.176e+05
0.0027713 9.176e+05
0.0027723 9.176e+05
0.0027732 9.176e+05
0.0027742 9.176e+05
0.0027751 9.176e+05
0.002776 9.176e+05
0.002777 9.176e+05
0.0027779 9.176e+05
0.0027789 9.176e+05
0.0027798 9.176e+05
0.0027808 9.176e+05
0.0027817 9.176e+05
0.0027826 9.176e+05
0.0027836 9.176e+05
0.0027845 9.176e+05
0.0027855 9.176e+05
0.0027864 9.176e+05
0.0027873 9.176e+05
0.0027883 9.176e+05
0.0027892 9.176e+05
0.0027902 9.176e+05
0.0027911 9.176e+05
0.0027921 9.176e+05
0.002793 9.176e+05
0.0027939 9.176e+05
0.0027949 9.176e+05
0.0027958 9.176e+05
0.0027968 9.176e+05
0.0027977 9.176e+05
0.0027987 9.176e+05
0.0027996 9.176e+05
0.0028005 9.176e+05
0.0028015 9.176e+05
0.0028024 9.176e+05
0.0028034 9.176e+05
0.0028043 9.176e+05
0.0028053 9.176e+05
0.0028062 9.176e+05
0.0028071 9.176e+05
0.0028081 9.176e+05
0.002809 9.176e+05
0.00281 9.176e+05
0.0028109 9.176e+05
0.0028118 9.176e+05
0.0028128 9.176e+05
0.0028137 9.176e+05
0.0028147 9.176e+05
0.0028156 9.176e+05
0.0028166 9.176e+05
0.0028175 9.176e+05
0.0028184 9.176e+05
0.0028194 9.176e+05
0.0028203 9.176e+05
0.0028213 9.176e+05
0.0028222 9.176e+05
0.0028232 9.176e+05
0.0028241 9.176e+05
0.002825 9.176e+05
0.002826 9.176e+05
0.0028269 9.176e+05
0.0028279 9.176e+05
0.0028288 9.176e+05
0.0028298 9.176e+05
0.0028307 9.176e+05
0.0028316 9.176e+05
0.0028326 9.176e+05
0.0028335 9.176e+05
0.0028345 9.176e+05
0.0028354 9.176e+05
0.0028363 9.176e+05
0.0028373 9.176e+05
0.0028382 9.176e+05
0.0028392 9.176e+05
0.0028401 9.176e+05
0.0028411 9.176e+05
0.002842 9.176e+05
0.0028429 9.176e+05
0.0028439 9.176e+05
0.0028448 9.176e+05
0.0028458 9.176e+05
0.0028467 9.176e+05
0.0028477 9.176e+05
0.0028486 9.176e+05
0.0028495 9.176e+05
0.0028505 9.176e+05
0.0028514 9.176e+05
0.0028524 9.176e+05
0.0028533 9.176e+05
0.0028543 9.176e+05
0.0028552 9.176e+05
0.0028561 9.176e+05
0.0028571 9.176e+05
0.002858 9.176e+05
0.002859 9.176e+05
0.0028599 9.176e+05
0.0028608 9.176e+05
0.0028618 9.176e+05
0.0028627 9.176e+05
0.0028637 9.176e+05
0.0028646 9.176e+05
0.0028656 9.176e+05
0.0028665 9.176e+05
0.0028674 9.176e+05
0.0028684 9.176e+05
0.0028693 9.176e+05
0.0028703 9.176e+05
0.0028712 9.176e+05
0.0028722 9.176e+05
0.0028731 9.176e+05
0.002874 9.176e+05
0.002875 9.176e+05
0.0028759 9.176e+05
0.0028769 9.176e+05
0.0028778 9.176e+05
0.0028788 9.176e+05
0.0028797 9.176e+05
0.0028806 9.176e+05
0.0028816 9.176e+05
0.0028825 9.176e+05
0.0028835 9.176e+05
0.0028844 9.176e+05
0.0028853 9.176e+05
0.0028863 9.176e+05
0.0028872 9.176e+05
0.0028882 9.176e+05
0.0028891 9.176e+05
0.0028901 9.176e+05
0.002891 9.176e+05
0.0028919 9.176e+05
0.0028929 9.176e+05
0.0028938 9.176e+05
0.0028948 9.176e+05
0.0028957 9.176e+05
0.0028967 9.176e+05
0.0028976 9.176e+05
0.0028985 9.176e+05
0.0028995 9.176e+05
0.0029004 9.176e+05
0.0029014 9.176e+05
0.0029023 9.176e+05
0.0029033 9.176e+05
0.0029042 9.176e+05
0.0029051 9.176e+05
0.0029061 9.176e+05
0.002907 9.176e+05
0.002908 9.176e+05
0.0029089 9.176e+05
0.0029098 9.176e+05
0.0029108 9.176e+05
0.0029117 9.176e+05
0.0029127 9.176e+05
0.0029136 9.176e+05
0.0029146 9.176e+05
0.0029155 9.176e+05
0.0029164 9.176e+05
0.0029174 9.176e+05
0.0029183 9.176e+05
0.0029193 9.176e+05
0.0029202 9.176e+05
0.0029212 9.176e+05
0.0029221 9.176e+05
0.002923 9.176e+05
0.002924 9.176e+05
0.0029249 9.176e+05
0.0029259 9.176e+05
0.0029268 9.176e+05
0.0029278 9.176e+05
0.0029287 9.176e+05
0.0029296 9.176e+05
0.0029306 9.176e+05
0.0029315 9.176e+05
0.0029325 9.176e+05
0.0029334 9.176e+05
0.0029343 9.176e+05
0.0029353 9.176e+05
0.0029362 9.176e+05
0.0029372 9.176e+05
0.0029381 9.176e+05
0.0029391 9.176e+05
0.00294 9.176e+05
0.0029409 9.176e+05
0.0029419 9.176e+05
0.0029428 9.176e+05
0.0029438 9.176e+05
0.0029447 9.176e+05
0.0029457 9.176e+05
0.0029466 9.176e+05
0.0029475 9.176e+05
0.0029485 9.176e+05
0.0029494 9.176e+05
0.0029504 9.176e+05
0.0029513 9.176e+05
0.0029523 9.176e+05
0.0029532 9.176e+05
0.0029541 9.176e+05
0.0029551 9.176e+05
0.002956 9.176e+05
0.002957 9.176e+05
0.0029579 9.176e+05
0.0029588 9.176e+05
0.0029598 9.176e+05
0.0029607 9.176e+05
0.0029617 9.176e+05
0.0029626 9.176e+05
0.0029636 9.176e+05
0.0029645 9.176e+05
0.0029654 9.176e+05
0.0029664 9.176e+05
0.0029673 9.176e+05
0.0029683 9.176e+05
0.0029692 9.176e+05
0.0029702 9.176e+05
0.0029711 9.176e+05
0.002972 9.176e+05
0.002973 9.176e+05
0.0029739 9.176e+05
0.0029749 9.176e+05
0.0029758 9.176e+05
0.0029768 9.176e+05
0.0029777 9.176e+05
0.0029786 9.176e+05
0.0029796 9.176e+05
0.0029805 9.176e+05
0.0029815 9.176e+05
0.0029824 9.176e+05
0.0029833 9.176e+05
0.0029843 9.176e+05
0.0029852 9.176e+05
0.0029862 9.176e+05
0.0029871 9.176e+05
0.0029881 9.176e+05
0.002989 9.176e+05
0.0029899 9.176e+05
0.0029909 9.176e+05
0.0029918 9.176e+05
0.0029928 9.176e+05
0.0029937 9.176e+05
0.0029947 9.176e+05
0.0029956 9.176e+05
0.0029965 9.176e+05
0.0029975 9.176e+05
0.0029984 9.176e+05
0.0029994 9.176e+05
0.0030003 9.176e+05
0.0030013 9.176e+05
0.0030022 9.176e+05
0.0030031 9.176e+05
0.0030041 9.176e+05
0.003005 9.176e+05
0.003006 9.176e+05
0.0030069 9.176e+05
0.0030078 9.176e+05
0.0030088 9.176e+05
0.0030097 9.176e+05
0.0030107 9.176e+05
0.0030116 9.176e+05
0.0030126 9.176e+05
0.0030135 9.176e+05
0.0030144 9.176e+05
0.0030154 9.176e+05
0.0030163 9.176e+05
0.0030173 9.176e+05
0.0030182 9.176e+05
0.0030192 9.176e+05
0.0030201 9.176e+05
0.003021 9.176e+05
0.003022 9.176e+05
0.0030229 9.176e+05
0.0030239 9.176e+05
0.0030248 9.176e+05
0.0030258 9.176e+05
0.0030267 9.176e+05
0.0030276 9.176e+05
0.0030286 9.176e+05
0.0030295 9.176e+05
0.0030305 9.176e+05
0.0030314 9.176e+05
0.0030323 9.176e+05
0.0030333 9.176e+05
0.0030342 9.176e+05
0.0030352 9.176e+05
0.0030361 9.176e+05
0.0030371 9.176e+05
0.003038 9.176e+05
0.0030389 9.176e+05
0.0030399 9.176e+05
0.0030408 9.176e+05
0.0030418 9.176e+05
0.0030427 9.176e+05
0.0030437 9.176e+05
0.0030446 9.176e+05
0.0030455 9.176e+05
0.0030465 9.176e+05
0.0030474 9.176e+05
0.0030484 9.176e+05
0.0030493 9.176e+05
0.0030503 9.176e+05
0.0030512 9.176e+05
0.0030521 9.176e+05
0.0030531 9.176e+05
0.003054 9.176e+05
0.003055 9.176e+05
0.0030559 9.176e+05
0.0030568 9.176e+05
0.0030578 9.176e+05
0.0030587 9.176e+05
0.0030597 9.176e+05
0.0030606 9.176e+05
0.0030616 9.176e+05
0.0030625 9.176e+05
0.0030634 9.176e+05
0.0030644 9.176e+05
0.0030653 9.176e+05
0.0030663 9.176e+05
0.0030672 9.176e+05
0.0030682 9.176e+05
0.0030691 9.176e+05
0.00307 9.176e+05
0.003071 9.176e+05
0.0030719 9.176e+05
0.0030729 9.176e+05
0.0030738 9.176e+05
0.0030748 9.176e+05
0.0030757 9.176e+05
0.0030766 9.176e+05
0.0030776 9.176e+05
0.0030785 9.176e+05
0.0030795 9.176e+05
0.0030804 9.176e+05
0.0030813 9.176e+05
0.0030823 9.176e+05
0.0030832 9.176e+05
0.0030842 9.176e+05
0.0030851 9.176e+05
0.0030861 9.176e+05
0.003087 9.176e+05
0.0030879 9.176e+05
0.0030889 9.176e+05
0.0030898 9.176e+05
0.0030908 9.176e+05
0.0030917 9.176e+05
0.0030927 9.176e+05
0.0030936 9.176e+05
0.0030945 9.176e+05
0.0030955 9.176e+05
0.0030964 9.176e+05
0.0030974 9.176e+05
0.0030983 9.176e+05
0.0030993 9.176e+05
0.0031002 9.176e+05
0.0031011 9.176e+05
0.0031021 9.176e+05
0.003103 9.176e+05
0.003104 9.176e+05
0.0031049 9.176e+05
0.0031058 9.176e+05
0.0031068 9.176e+05
0.0031077 9.176e+05
0.0031087 9.176e+05
0.0031096 9.176e+05
0.0031106 9.176e+05
0.0031115 9.176e+05
0.0031124 9.176e+05
0.0031134 9.176e+05
0.0031143 9.176e+05
0.0031153 9.176e+05
0.0031162 9.176e+05
0.0031172 9.176e+05
0.0031181 9.176e+05
0.003119 9.176e+05
0.00312 9.176e+05
0.0031209 9.176e+05
0.0031219 9.176e+05
0.0031228 9.176e+05
0.0031238 9.176e+05
0.0031247 9.176e+05
0.0031256 9.176e+05
0.0031266 9.176e+05
0.0031275 9.176e+05
0.0031285 9.176e+05
0.0031294 9.176e+05
0.0031303 9.176e+05
0.0031313 9.176e+05
0.0031322 9.176e+05
0.0031332 9.176e+05
0.0031341 9.176e+05
0.0031351 9.176e+05
0.003136 9.176e+05
0.0031369 9.176e+05
0.0031379 9.176e+05
0.0031388 9.176e+05
0.0031398 9.176e+05
0.0031407 9.176e+05
0.0031417 9.176e+05
0.0031426 9.176e+05
0.0031435 9.176e+05
0.0031445 9.176e+05
0.0031454 9.176e+05
0.0031464 9.176e+05
0.0031473 9.176e+05
0.0031483 9.176e+05
0.0031492 9.176e+05
0.0031501 9.176e+05
0.0031511 9.176e+05
0.003152 9.176e+05
0.003153 9.176e+05
0.0031539 9.176e+05
0.0031548 9.176e+05
0.0031558 9.176e+05
0.0031567 9.176e+05
0.0031577 9.176e+05
0.0031586 9.176e+05
0.0031596 9.176e+05
0.0031605 9.176e+05
0.0031614 9.176e+05
0.0031624 9.176e+05
0.0031633 9.176e+05
0.0031643 9.176e+05
0.0031652 9.176e+05
0.0031662 9.176e+05
0.0031671 9.176e+05
0.003168 9.176e+05
0.003169 9.176e+05
0.0031699 9.176e+05
0.0031709 9.176e+05
0.0031718 9.176e+05
0.0031728 9.176e+05
0.0031737 9.176e+05
0.0031746 9.176e+05
0.0031756 9.176e+05
0.0031765 9.176e+05
0.0031775 9.176e+05
0.0031784 9.176e+05
0.0031793 9.176e+05
0.0031803 9.176e+05
0.0031812 9.176e+05
0.0031822 9.176e+05
0.0031831 9.176e+05
0.0031841 9.176e+05
0.003185 9.176e+05
0.0031859 9.176e+05
0.0031869 9.176e+05
0.0031878 9.176e+05
0.0031888 9.176e+05
0.0031897 9.176e+05
0.0031907 9.176e+05
0.0031916 9.176e+05
0.0031925 9.176e+05
0.0031935 9.176e+05
0.0031944 9.176e+05
0.0031954 9.176e+05
0.0031963 9.176e+05
0.0031973 9.176e+05
0.0031982 9.176e+05
0.0031991 9.176e+05
0.0032001 9.176e+05
0.003201 9.176e+05
0.003202 9.176e+05
0.0032029 9.176e+05
0.0032038 9.176e+05
0.0032048 9.176e+05
0.0032057 9.176e+05
0.0032067 9.176e+05
0.0032076 9.176e+05
0.0032086 9.176e+05
0.0032095 9.176e+05
0.0032104 9.176e+05
0.0032114 9.176e+05
0.0032123 9.176e+05
0.0032133 9.176e+05
0.0032142 9.176e+05
0.0032152 9.176e+05
0.0032161 9.176e+05
0.003217 9.176e+05
0.003218 9.176e+05
0.0032189 9.176e+05
0.0032199 9.176e+05
0.0032208 9.176e+05
0.0032218 9.176e+05
0.0032227 9.176e+05
0.0032236 9.176e+05
0.0032246 9.176e+05
0.0032255 9.176e+05
0.0032265 9.176e+05
0.0032274 9.176e+05
0.0032283 9.176e+05
0.0032293 9.176e+05
0.0032302 9.176e+05
0.0032312 9.176e+05
0.0032321 9.176e+05
0.0032331 9.176e+05
0.003234 9.176e+05
0.0032349 9.176e+05
0.0032359 9.176e+05
0.0032368 9.176e+05
0.0032378 9.176e+05
0.0032387 9.176e+05
0.0032397 9.176e+05
0.0032406 9.176e+05
0.0032415 9.176e+05
0.0032425 9.176e+05
0.0032434 9.176e+05
0.0032444 9.176e+05
0.0032453 9.176e+05
0.0032463 9.176e+05
0.0032472 9.176e+05
0.0032481 9.176e+05
0.0032491 9.176e+05
0.00325 9.176e+05
0.003251 9.176e+05
0.0032519 9.176e+05
0.0032528 9.176e+05
0.0032538 9.176e+05
0.0032547 9.176e+05
0.0032557 9.176e+05
0.0032566 9.176e+05
0.0032576 9.176e+05
0.0032585 9.176e+05
0.0032594 9.176e+05
0.0032604 9.176e+05
0.0032613 9.176e+05
0.0032623 9.176e+05
0.0032632 9.176e+05
0.0032642 9.176e+05
0.0032651 9.176e+05
0.003266 9.176e+05
0.003267 9.176e+05
0.0032679 9.176e+05
0.0032689 9.176e+05
0.0032698 9.176e+05
0.0032708 9.176e+05
0.0032717 9.176e+05
0.0032726 9.176e+05
0.0032736 9.176e+05
0.0032745 9.176e+05
0.0032755 9.176e+05
0.0032764 9.176e+05
0.0032773 9.176e+05
0.0032783 9.176e+05
0.0032792 9.176e+05
0.0032802 9.176e+05
0.0032811 9.176e+05
0.0032821 9.176e+05
0.003283 9.176e+05
0.0032839 9.176e+05
0.0032849 9.176e+05
0.0032858 9.176e+05
0.0032868 9.176e+05
0.0032877 9.176e+05
0.0032887 9.176e+05
0.0032896 9.176e+05
0.0032905 9.176e+05
0.0032915 9.176e+05
0.0032924 9.176e+05
0.0032934 9.176e+05
0.0032943 9.176e+05
0.0032953 9.176e+05
0.0032962 9.176e+05
0.0032971 9.176e+05
0.0032981 9.176e+05
1 9.176e+05
