9.4231e-07 39380
1.8846e-06 39380
2.8269e-06 39380
3.7692e-06 39380
4.7115e-06 39380
5.6538e-06 39380
6.5962e-06 39380
7.5385e-06 39380
8.4808e-06 39381
9.4231e-06 39382
1.0365e-05 39383
1.1308e-05 39384
1.225e-05 39387
1.3192e-05 39391
1.4135e-05 39397
1.5077e-05 39405
1.6019e-05 39418
1.6962e-05 39435
1.7904e-05 39461
1.8846e-05 39496
1.9788e-05 39545
2.0731e-05 39614
2.1673e-05 39707
2.2615e-05 39832
2.3558e-05 40001
2.45e-05 40226
2.5442e-05 40522
2.6385e-05 40909
2.7327e-05 41411
2.8269e-05 42058
2.9212e-05 42886
3.0154e-05 43939
3.1096e-05 45274
3.2038e-05 46957
3.2981e-05 49074
3.3923e-05 51731
3.4865e-05 55063
3.5808e-05 59240
3.675e-05 64483
3.7692e-05 71077
3.8635e-05 79392
3.9577e-05 89913
4.0519e-05 1.0327e+05
4.1462e-05 1.2031e+05
4.2404e-05 1.421e+05
4.3346e-05 1.7007e+05
4.4288e-05 2.0605e+05
4.5231e-05 2.524e+05
4.6173e-05 3.1205e+05
4.7115e-05 3.8867e+05
4.8058e-05 4.8662e+05
4.9e-05 6.11e+05
4.9942e-05 7.6741e+05
5.0885e-05 9.6172e+05
5.1827e-05 1.1995e+06
5.2769e-05 1.4852e+06
5.3712e-05 1.8216e+06
5.4654e-05 2.2084e+06
5.5596e-05 2.6417e+06
5.6538e-05 3.1132e+06
5.7481e-05 3.6104e+06
5.8423e-05 4.1171e+06
5.9365e-05 4.6142e+06
6.0308e-05 5.082e+06
6.125e-05 5.5014e+06
6.2192e-05 5.8561e+06
6.3135e-05 6.1339e+06
6.4077e-05 6.3274e+06
6.5019e-05 6.4344e+06
6.5962e-05 6.4574e+06
6.6904e-05 6.4029e+06
6.7846e-05 6.2799e+06
6.8788e-05 6.0993e+06
6.9731e-05 5.8728e+06
7.0673e-05 5.6116e+06
7.1615e-05 5.3263e+06
7.2558e-05 5.0261e+06
7.35e-05 4.719e+06
7.4442e-05 4.4116e+06
7.5385e-05 4.1088e+06
7.6327e-05 3.8147e+06
7.7269e-05 3.5321e+06
7.8212e-05 3.2628e+06
7.9154e-05 3.0083e+06
8.0096e-05 2.769e+06
8.1038e-05 2.5453e+06
8.1981e-05 2.337e+06
8.2923e-05 2.1437e+06
8.3865e-05 1.9649e+06
8.4808e-05 1.8e+06
8.575e-05 1.6482e+06
8.6692e-05 1.5088e+06
8.7635e-05 1.381e+06
8.8577e-05 1.264e+06
8.9519e-05 1.157e+06
9.0462e-05 1.0592e+06
9.1404e-05 9.7006e+05
9.2346e-05 8.8875e+05
9.3288e-05 8.1467e+05
9.4231e-05 7.4722e+05
9.5173e-05 6.8582e+05
9.6115e-05 6.2996e+05
9.7058e-05 5.7914e+05
9.8e-05 5.3293e+05
9.8942e-05 4.9089e+05
9.9885e-05 4.5266e+05
0.00010083 4.1788e+05
0.00010177 3.8623e+05
0.00010271 3.5744e+05
0.00010365 3.3122e+05
0.0001046 3.0734e+05
0.00010554 2.8558e+05
0.00010648 2.6575e+05
0.00010742 2.4765e+05
0.00010837 2.3114e+05
0.00010931 2.1606e+05
0.00011025 2.0228e+05
0.00011119 1.8967e+05
0.00011213 1.7814e+05
0.00011308 1.6757e+05
0.00011402 1.5789e+05
0.00011496 1.4901e+05
0.0001159 1.4085e+05
0.00011685 1.3336e+05
0.00011779 1.2647e+05
0.00011873 1.2013e+05
0.00011967 1.1429e+05
0.00012062 1.0891e+05
0.00012156 1.0395e+05
0.0001225 99367
0.00012344 95134
0.00012438 91221
0.00012533 87600
0.00012627 84247
0.00012721 81141
0.00012815 78262
0.0001291 75590
0.00013004 73110
0.00013098 70806
0.00013192 68665
0.00013287 66673
0.00013381 64821
0.00013475 63097
0.00013569 61491
0.00013663 59994
0.00013758 58600
0.00013852 57300
0.00013946 56087
0.0001404 54956
0.00014135 53900
0.00014229 52915
0.00014323 51995
0.00014417 51136
0.00014512 50334
0.00014606 49584
0.000147 48884
0.00014794 48230
0.00014888 47620
0.00014983 47049
0.00015077 46516
0.00015171 46018
0.00015265 45553
0.0001536 45119
0.00015454 44714
0.00015548 44335
0.00015642 43982
0.00015737 43652
0.00015831 43344
0.00015925 43058
0.00016019 42790
0.00016113 42541
0.00016208 42308
0.00016302 42092
0.00016396 41890
0.0001649 41702
0.00016585 41527
0.00016679 41365
0.00016773 41214
0.00016867 41073
0.00016962 40943
0.00017056 40822
0.0001715 40709
0.00017244 40605
0.00017338 40508
0.00017433 40418
0.00017527 40335
0.00017621 40258
0.00017715 40187
0.0001781 40121
0.00017904 40061
0.00017998 40004
0.00018092 39953
0.00018187 39905
0.00018281 39861
0.00018375 39820
0.00018469 39782
0.00018563 39748
0.00018658 39716
0.00018752 39687
0.00018846 39660
0.0001894 39635
0.00019035 39613
0.00019129 39592
0.00019223 39573
0.00019317 39556
0.00019412 39540
0.00019506 39525
0.000196 39512
0.00019694 39500
0.00019788 39488
0.00019883 39478
0.00019977 39469
0.00020071 39461
0.00020165 39453
0.0002026 39446
0.00020354 39440
0.00020448 39434
0.00020542 39428
0.00020637 39424
0.00020731 39419
0.00020825 39415
0.00020919 39412
0.00021013 39409
0.00021108 39406
0.00021202 39403
0.00021296 39401
0.0002139 39399
0.00021485 39397
0.00021579 39395
0.00021673 39393
0.00021767 39392
0.00021862 39391
0.00021956 39389
0.0002205 39388
0.00022144 39387
0.00022238 39387
0.00022333 39386
0.00022427 39385
0.00022521 39385
0.00022615 39384
0.0002271 39383
0.00022804 39383
0.00022898 39383
0.00022992 39382
0.00023087 39382
0.00023181 39382
0.00023275 39381
0.00023369 39381
0.00023463 39381
0.00023558 39381
0.00023652 39381
0.00023746 39381
0.0002384 39380
0.00023935 39380
0.00024029 39380
0.00024123 39380
0.00024217 39380
0.00024312 39380
0.00024406 39380
0.000245 39380
0.00024594 39380
0.00024688 39380
0.00024783 39380
0.00024877 39380
0.00024971 39380
0.00025065 39380
0.0002516 39380
0.00025254 39380
0.00025348 39380
0.00025442 39380
0.00025537 39380
0.00025631 39380
0.00025725 39380
0.00025819 39380
0.00025913 39380
0.00026008 39380
0.00026102 39380
0.00026196 39380
0.0002629 39380
0.00026385 39380
0.00026479 39380
0.00026573 39380
0.00026667 39380
0.00026762 39380
0.00026856 39380
0.0002695 39380
0.00027044 39380
0.00027138 39380
0.00027233 39380
0.00027327 39380
0.00027421 39380
0.00027515 39380
0.0002761 39380
0.00027704 39380
0.00027798 39380
0.00027892 39380
0.00027987 39380
0.00028081 39380
0.00028175 39380
0.00028269 39380
0.00028363 39380
0.00028458 39380
0.00028552 39380
0.00028646 39380
0.0002874 39380
0.00028835 39380
0.00028929 39380
0.00029023 39380
0.00029117 39380
0.00029212 39380
0.00029306 39380
0.000294 39380
0.00029494 39380
0.00029588 39380
0.00029683 39380
0.00029777 39380
0.00029871 39380
0.00029965 39380
0.0003006 39380
0.00030154 39380
0.00030248 39380
0.00030342 39380
0.00030437 39380
0.00030531 39380
0.00030625 39380
0.00030719 39380
0.00030813 39380
0.00030908 39380
0.00031002 39380
0.00031096 39380
0.0003119 39380
0.00031285 39380
0.00031379 39380
0.00031473 39380
0.00031567 39380
0.00031662 39380
0.00031756 39380
0.0003185 39380
0.00031944 39380
0.00032038 39380
0.00032133 39380
0.00032227 39380
0.00032321 39380
0.00032415 39380
0.0003251 39380
0.00032604 39380
0.00032698 39380
0.00032792 39380
0.00032887 39380
0.00032981 39380
0.00033075 39380
0.00033169 39380
0.00033263 39380
0.00033358 39380
0.00033452 39380
0.00033546 39380
0.0003364 39380
0.00033735 39380
0.00033829 39380
0.00033923 39380
0.00034017 39380
0.00034112 39380
0.00034206 39380
0.000343 39380
0.00034394 39380
0.00034488 39380
0.00034583 39380
0.00034677 39380
0.00034771 39380
0.00034865 39380
0.0003496 39380
0.00035054 39380
0.00035148 39380
0.00035242 39380
0.00035337 39380
0.00035431 39380
0.00035525 39380
0.00035619 39380
0.00035713 39380
0.00035808 39380
0.00035902 39380
0.00035996 39380
0.0003609 39380
0.00036185 39380
0.00036279 39380
0.00036373 39380
0.00036467 39380
0.00036562 39380
0.00036656 39380
0.0003675 39380
0.00036844 39380
0.00036938 39380
0.00037033 39380
0.00037127 39380
0.00037221 39380
0.00037315 39380
0.0003741 39380
0.00037504 39380
0.00037598 39380
0.00037692 39380
0.00037787 39380
0.00037881 39380
0.00037975 39380
0.00038069 39380
0.00038163 39380
0.00038258 39380
0.00038352 39380
0.00038446 39380
0.0003854 39380
0.00038635 39380
0.00038729 39380
0.00038823 39380
0.00038917 39380
0.00039012 39380
0.00039106 39380
0.000392 39380
0.00039294 39380
0.00039388 39380
0.00039483 39380
0.00039577 39380
0.00039671 39380
0.00039765 39380
0.0003986 39380
0.00039954 39380
0.00040048 39380
0.00040142 39380
0.00040237 39380
0.00040331 39380
0.00040425 39380
0.00040519 39380
0.00040613 39380
0.00040708 39380
0.00040802 39380
0.00040896 39380
0.0004099 39380
0.00041085 39380
0.00041179 39380
0.00041273 39380
0.00041367 39380
0.00041462 39380
0.00041556 39380
0.0004165 39380
0.00041744 39380
0.00041838 39380
0.00041933 39380
0.00042027 39380
0.00042121 39380
0.00042215 39380
0.0004231 39380
0.00042404 39380
0.00042498 39380
0.00042592 39380
0.00042687 39380
0.00042781 39380
0.00042875 39380
0.00042969 39380
0.00043063 39380
0.00043158 39380
0.00043252 39380
0.00043346 39380
0.0004344 39380
0.00043535 39380
0.00043629 39380
0.00043723 39380
0.00043817 39380
0.00043912 39380
0.00044006 39380
0.000441 39380
0.00044194 39380
0.00044288 39380
0.00044383 39380
0.00044477 39380
0.00044571 39380
0.00044665 39380
0.0004476 39380
0.00044854 39380
0.00044948 39380
0.00045042 39380
0.00045137 39380
0.00045231 39380
0.00045325 39380
0.00045419 39380
0.00045513 39380
0.00045608 39380
0.00045702 39380
0.00045796 39380
0.0004589 39380
0.00045985 39380
0.00046079 39380
0.00046173 39380
0.00046267 39380
0.00046362 39380
0.00046456 39380
0.0004655 39380
0.00046644 39380
0.00046738 39380
0.00046833 39380
0.00046927 39380
0.00047021 39380
0.00047115 39380
0.0004721 39380
0.00047304 39380
0.00047398 39380
0.00047492 39380
0.00047587 39380
0.00047681 39380
0.00047775 39380
0.00047869 39380
0.00047963 39380
0.00048058 39380
0.00048152 39380
0.00048246 39380
0.0004834 39380
0.00048435 39380
0.00048529 39380
0.00048623 39380
0.00048717 39380
0.00048812 39380
0.00048906 39380
0.00049 39380
0.00049094 39380
0.00049188 39380
0.00049283 39380
0.00049377 39380
0.00049471 39380
0.00049565 39380
0.0004966 39380
0.00049754 39380
0.00049848 39380
0.00049942 39380
0.00050037 39380
0.00050131 39380
0.00050225 39380
0.00050319 39380
0.00050413 39380
0.00050508 39380
0.00050602 39380
0.00050696 39380
0.0005079 39380
0.00050885 39380
0.00050979 39380
0.00051073 39380
0.00051167 39380
0.00051262 39380
0.00051356 39380
0.0005145 39380
0.00051544 39380
0.00051638 39380
0.00051733 39380
0.00051827 39380
0.00051921 39380
0.00052015 39380
0.0005211 39380
0.00052204 39380
0.00052298 39380
0.00052392 39380
0.00052487 39380
0.00052581 39380
0.00052675 39380
0.00052769 39380
0.00052863 39380
0.00052958 39380
0.00053052 39380
0.00053146 39380
0.0005324 39380
0.00053335 39380
0.00053429 39380
0.00053523 39380
0.00053617 39380
0.00053712 39380
0.00053806 39380
0.000539 39380
0.00053994 39380
0.00054088 39380
0.00054183 39380
0.00054277 39380
0.00054371 39380
0.00054465 39380
0.0005456 39380
0.00054654 39380
0.00054748 39380
0.00054842 39380
0.00054937 39380
0.00055031 39380
0.00055125 39380
0.00055219 39380
0.00055313 39380
0.00055408 39380
0.00055502 39380
0.00055596 39380
0.0005569 39380
0.00055785 39380
0.00055879 39380
0.00055973 39380
0.00056067 39380
0.00056162 39380
0.00056256 39380
0.0005635 39380
0.00056444 39380
0.00056538 39380
0.00056633 39380
0.00056727 39380
0.00056821 39380
0.00056915 39380
0.0005701 39380
0.00057104 39380
0.00057198 39380
0.00057292 39380
0.00057387 39380
0.00057481 39380
0.00057575 39380
0.00057669 39380
0.00057763 39380
0.00057858 39380
0.00057952 39380
0.00058046 39380
0.0005814 39380
0.00058235 39380
0.00058329 39380
0.00058423 39380
0.00058517 39380
0.00058612 39380
0.00058706 39380
0.000588 39380
0.00058894 39380
0.00058988 39380
0.00059083 39380
0.00059177 39380
0.00059271 39380
0.00059365 39380
0.0005946 39380
0.00059554 39380
0.00059648 39380
0.00059742 39380
0.00059837 39380
0.00059931 39380
0.00060025 39380
0.00060119 39380
0.00060213 39380
0.00060308 39380
0.00060402 39380
0.00060496 39380
0.0006059 39380
0.00060685 39380
0.00060779 39380
0.00060873 39380
0.00060967 39380
0.00061062 39380
0.00061156 39380
0.0006125 39380
0.00061344 39380
0.00061438 39380
0.00061533 39380
0.00061627 39380
0.00061721 39380
0.00061815 39380
0.0006191 39380
0.00062004 39380
0.00062098 39380
0.00062192 39380
0.00062287 39380
0.00062381 39380
0.00062475 39380
0.00062569 39380
0.00062663 39380
0.00062758 39380
0.00062852 39380
0.00062946 39380
0.0006304 39380
0.00063135 39380
0.00063229 39380
0.00063323 39380
0.00063417 39380
0.00063512 39380
0.00063606 39380
0.000637 39380
0.00063794 39380
0.00063888 39380
0.00063983 39380
0.00064077 39380
0.00064171 39380
0.00064265 39380
0.0006436 39380
0.00064454 39380
0.00064548 39380
0.00064642 39380
0.00064737 39380
0.00064831 39380
0.00064925 39380
0.00065019 39380
0.00065113 39380
0.00065208 39380
0.00065302 39380
0.00065396 39380
0.0006549 39380
0.00065585 39380
0.00065679 39380
0.00065773 39380
0.00065867 39380
0.00065962 39380
0.00066056 39380
0.0006615 39380
0.00066244 39380
0.00066338 39380
0.00066433 39380
0.00066527 39380
0.00066621 39380
0.00066715 39380
0.0006681 39380
0.00066904 39380
0.00066998 39380
0.00067092 39380
0.00067187 39380
0.00067281 39380
0.00067375 39380
0.00067469 39380
0.00067563 39380
0.00067658 39380
0.00067752 39380
0.00067846 39380
0.0006794 39380
0.00068035 39380
0.00068129 39380
0.00068223 39380
0.00068317 39380
0.00068412 39380
0.00068506 39380
0.000686 39380
0.00068694 39380
0.00068788 39380
0.00068883 39380
0.00068977 39380
0.00069071 39380
0.00069165 39380
0.0006926 39380
0.00069354 39380
0.00069448 39380
0.00069542 39380
0.00069637 39380
0.00069731 39380
0.00069825 39380
0.00069919 39380
0.00070013 39380
0.00070108 39380
0.00070202 39380
0.00070296 39380
0.0007039 39380
0.00070485 39380
0.00070579 39380
0.00070673 39380
0.00070767 39380
0.00070862 39380
0.00070956 39380
0.0007105 39380
0.00071144 39380
0.00071238 39380
0.00071333 39380
0.00071427 39380
0.00071521 39380
0.00071615 39380
0.0007171 39380
0.00071804 39380
0.00071898 39380
0.00071992 39380
0.00072087 39380
0.00072181 39380
0.00072275 39380
0.00072369 39380
0.00072463 39380
0.00072558 39380
0.00072652 39380
0.00072746 39380
0.0007284 39380
0.00072935 39380
0.00073029 39380
0.00073123 39380
0.00073217 39380
0.00073312 39380
0.00073406 39380
0.000735 39380
0.00073594 39380
0.00073688 39380
0.00073783 39380
0.00073877 39380
0.00073971 39380
0.00074065 39380
0.0007416 39380
0.00074254 39380
0.00074348 39380
0.00074442 39380
0.00074537 39380
0.00074631 39380
0.00074725 39380
0.00074819 39380
0.00074913 39380
0.00075008 39380
0.00075102 39380
0.00075196 39380
0.0007529 39380
0.00075385 39380
0.00075479 39380
0.00075573 39380
0.00075667 39380
0.00075762 39380
0.00075856 39380
0.0007595 39380
0.00076044 39380
0.00076138 39380
0.00076233 39380
0.00076327 39380
0.00076421 39380
0.00076515 39380
0.0007661 39380
0.00076704 39380
0.00076798 39380
0.00076892 39380
0.00076987 39380
0.00077081 39380
0.00077175 39380
0.00077269 39380
0.00077363 39380
0.00077458 39380
0.00077552 39380
0.00077646 39380
0.0007774 39380
0.00077835 39380
0.00077929 39380
0.00078023 39380
0.00078117 39380
0.00078212 39380
0.00078306 39380
0.000784 39380
0.00078494 39380
0.00078588 39380
0.00078683 39380
0.00078777 39380
0.00078871 39380
0.00078965 39380
0.0007906 39380
0.00079154 39380
0.00079248 39380
0.00079342 39380
0.00079437 39380
0.00079531 39380
0.00079625 39380
0.00079719 39380
0.00079813 39380
0.00079908 39380
0.00080002 39380
0.00080096 39380
0.0008019 39380
0.00080285 39380
0.00080379 39380
0.00080473 39380
0.00080567 39380
0.00080662 39380
0.00080756 39380
0.0008085 39380
0.00080944 39380
0.00081038 39380
0.00081133 39380
0.00081227 39380
0.00081321 39380
0.00081415 39380
0.0008151 39380
0.00081604 39380
0.00081698 39380
0.00081792 39380
0.00081887 39380
0.00081981 39380
0.00082075 39380
0.00082169 39380
0.00082263 39380
0.00082358 39380
0.00082452 39380
0.00082546 39380
0.0008264 39380
0.00082735 39380
0.00082829 39380
0.00082923 39380
0.00083017 39380
0.00083112 39380
0.00083206 39380
0.000833 39380
0.00083394 39380
0.00083488 39380
0.00083583 39380
0.00083677 39380
0.00083771 39380
0.00083865 39380
0.0008396 39380
0.00084054 39380
0.00084148 39380
0.00084242 39380
0.00084337 39380
0.00084431 39380
0.00084525 39380
0.00084619 39380
0.00084713 39380
0.00084808 39380
0.00084902 39380
0.00084996 39380
0.0008509 39380
0.00085185 39380
0.00085279 39380
0.00085373 39380
0.00085467 39380
0.00085562 39380
0.00085656 39380
0.0008575 39380
0.00085844 39380
0.00085938 39380
0.00086033 39380
0.00086127 39380
0.00086221 39380
0.00086315 39380
0.0008641 39380
0.00086504 39380
0.00086598 39380
0.00086692 39380
0.00086787 39380
0.00086881 39380
0.00086975 39380
0.00087069 39380
0.00087163 39380
0.00087258 39380
0.00087352 39380
0.00087446 39380
0.0008754 39380
0.00087635 39380
0.00087729 39380
0.00087823 39380
0.00087917 39380
0.00088012 39380
0.00088106 39380
0.000882 39380
0.00088294 39380
0.00088388 39380
0.00088483 39380
0.00088577 39380
0.00088671 39380
0.00088765 39380
0.0008886 39380
0.00088954 39380
0.00089048 39380
0.00089142 39380
0.00089237 39380
0.00089331 39380
0.00089425 39380
0.00089519 39380
0.00089613 39380
0.00089708 39380
0.00089802 39380
0.00089896 39380
0.0008999 39380
0.00090085 39380
0.00090179 39380
0.00090273 39380
0.00090367 39380
0.00090462 39380
0.00090556 39380
0.0009065 39380
0.00090744 39380
0.00090838 39380
0.00090933 39380
0.00091027 39380
0.00091121 39380
0.00091215 39380
0.0009131 39380
0.00091404 39380
0.00091498 39380
0.00091592 39380
0.00091687 39380
0.00091781 39380
0.00091875 39380
0.00091969 39380
0.00092063 39380
0.00092158 39380
0.00092252 39380
0.00092346 39380
0.0009244 39380
0.00092535 39380
0.00092629 39380
0.00092723 39380
0.00092817 39380
0.00092912 39380
0.00093006 39380
0.000931 39380
0.00093194 39380
0.00093288 39380
0.00093383 39380
0.00093477 39380
0.00093571 39380
0.00093665 39380
0.0009376 39380
0.00093854 39380
0.00093948 39380
0.00094042 39380
0.00094137 39380
0.00094231 39380
0.00094325 39380
0.00094419 39380
0.00094513 39380
0.00094608 39380
0.00094702 39380
0.00094796 39380
0.0009489 39380
0.00094985 39380
0.00095079 39380
0.00095173 39380
0.00095267 39380
0.00095362 39380
0.00095456 39380
0.0009555 39380
0.00095644 39380
0.00095738 39380
0.00095833 39380
0.00095927 39380
0.00096021 39380
0.00096115 39380
0.0009621 39380
0.00096304 39380
0.00096398 39380
0.00096492 39380
0.00096587 39380
0.00096681 39380
0.00096775 39380
0.00096869 39380
0.00096963 39380
0.00097058 39380
0.00097152 39380
0.00097246 39380
0.0009734 39380
0.00097435 39380
0.00097529 39380
0.00097623 39380
0.00097717 39380
0.00097812 39380
0.00097906 39380
0.00098 39380
0.00098094 39380
0.00098188 39380
0.00098283 39380
0.00098377 39380
0.00098471 39380
0.00098565 39380
0.0009866 39380
0.00098754 39380
0.00098848 39380
0.00098942 39380
0.00099037 39380
0.00099131 39380
0.00099225 39380
0.00099319 39380
0.00099413 39380
0.00099508 39380
0.00099602 39380
0.00099696 39380
0.0009979 39380
0.00099885 39380
0.00099979 39380
0.0010007 39380
0.0010017 39380
0.0010026 39380
0.0010036 39380
0.0010045 39380
0.0010054 39380
0.0010064 39380
0.0010073 39380
0.0010083 39380
0.0010092 39380
0.0010102 39380
0.0010111 39380
0.001012 39380
0.001013 39380
0.0010139 39380
0.0010149 39380
0.0010158 39380
0.0010168 39380
0.0010177 39380
0.0010186 39380
0.0010196 39380
0.0010205 39380
0.0010215 39380
0.0010224 39380
0.0010233 39380
0.0010243 39380
0.0010252 39380
0.0010262 39380
0.0010271 39380
0.0010281 39380
0.001029 39380
0.0010299 39380
0.0010309 39380
0.0010318 39380
0.0010328 39380
0.0010337 39380
0.0010347 39380
0.0010356 39380
0.0010365 39380
0.0010375 39380
0.0010384 39380
0.0010394 39380
0.0010403 39380
0.0010413 39380
0.0010422 39380
0.0010431 39380
0.0010441 39380
0.001045 39380
0.001046 39380
0.0010469 39380
0.0010478 39380
0.0010488 39380
0.0010497 39380
0.0010507 39380
0.0010516 39380
0.0010526 39380
0.0010535 39380
0.0010544 39380
0.0010554 39380
0.0010563 39380
0.0010573 39380
0.0010582 39380
0.0010592 39380
0.0010601 39380
0.001061 39380
0.001062 39380
0.0010629 39380
0.0010639 39380
0.0010648 39380
0.0010658 39380
0.0010667 39380
0.0010676 39380
0.0010686 39380
0.0010695 39380
0.0010705 39380
0.0010714 39380
0.0010723 39380
0.0010733 39380
0.0010742 39380
0.0010752 39380
0.0010761 39380
0.0010771 39380
0.001078 39380
0.0010789 39380
0.0010799 39380
0.0010808 39380
0.0010818 39380
0.0010827 39380
0.0010837 39380
0.0010846 39380
0.0010855 39380
0.0010865 39380
0.0010874 39380
0.0010884 39380
0.0010893 39380
0.0010903 39380
0.0010912 39380
0.0010921 39380
0.0010931 39380
0.001094 39380
0.001095 39380
0.0010959 39380
0.0010968 39380
0.0010978 39380
0.0010987 39380
0.0010997 39380
0.0011006 39380
0.0011016 39380
0.0011025 39380
0.0011034 39380
0.0011044 39380
0.0011053 39380
0.0011063 39380
0.0011072 39380
0.0011082 39380
0.0011091 39380
0.00111 39380
0.001111 39380
0.0011119 39380
0.0011129 39380
0.0011138 39380
0.0011148 39380
0.0011157 39380
0.0011166 39380
0.0011176 39380
0.0011185 39380
0.0011195 39380
0.0011204 39380
0.0011213 39380
0.0011223 39380
0.0011232 39380
0.0011242 39380
0.0011251 39380
0.0011261 39380
0.001127 39380
0.0011279 39380
0.0011289 39380
0.0011298 39380
0.0011308 39380
0.0011317 39380
0.0011327 39380
0.0011336 39380
0.0011345 39380
0.0011355 39380
0.0011364 39380
0.0011374 39380
0.0011383 39380
0.0011393 39380
0.0011402 39380
0.0011411 39380
0.0011421 39380
0.001143 39380
0.001144 39380
0.0011449 39380
0.0011458 39380
0.0011468 39380
0.0011477 39380
0.0011487 39380
0.0011496 39380
0.0011506 39380
0.0011515 39380
0.0011524 39380
0.0011534 39380
0.0011543 39380
0.0011553 39380
0.0011562 39380
0.0011572 39380
0.0011581 39380
0.001159 39380
0.00116 39380
0.0011609 39380
0.0011619 39380
0.0011628 39380
0.0011638 39380
0.0011647 39380
0.0011656 39380
0.0011666 39380
0.0011675 39380
0.0011685 39380
0.0011694 39380
0.0011703 39380
0.0011713 39380
0.0011722 39380
0.0011732 39380
0.0011741 39380
0.0011751 39380
0.001176 39380
0.0011769 39380
0.0011779 39380
0.0011788 39380
0.0011798 39380
0.0011807 39380
0.0011817 39380
0.0011826 39380
0.0011835 39380
0.0011845 39380
0.0011854 39380
0.0011864 39380
0.0011873 39380
0.0011883 39380
0.0011892 39380
0.0011901 39380
0.0011911 39380
0.001192 39380
0.001193 39380
0.0011939 39380
0.0011948 39380
0.0011958 39380
0.0011967 39380
0.0011977 39380
0.0011986 39380
0.0011996 39380
0.0012005 39380
0.0012014 39380
0.0012024 39380
0.0012033 39380
0.0012043 39380
0.0012052 39380
0.0012062 39380
0.0012071 39380
0.001208 39380
0.001209 39380
0.0012099 39380
0.0012109 39380
0.0012118 39380
0.0012128 39380
0.0012137 39380
0.0012146 39380
0.0012156 39380
0.0012165 39380
0.0012175 39380
0.0012184 39380
0.0012193 39380
0.0012203 39380
0.0012212 39380
0.0012222 39380
0.0012231 39380
0.0012241 39380
0.001225 39380
0.0012259 39380
0.0012269 39380
0.0012278 39380
0.0012288 39380
0.0012297 39380
0.0012307 39380
0.0012316 39380
0.0012325 39380
0.0012335 39380
0.0012344 39380
0.0012354 39380
0.0012363 39380
0.0012373 39380
0.0012382 39380
0.0012391 39380
0.0012401 39380
0.001241 39380
0.001242 39380
0.0012429 39380
0.0012438 39380
0.0012448 39380
0.0012457 39380
0.0012467 39380
0.0012476 39380
0.0012486 39380
0.0012495 39380
0.0012504 39380
0.0012514 39380
0.0012523 39380
0.0012533 39380
0.0012542 39380
0.0012552 39380
0.0012561 39380
0.001257 39380
0.001258 39380
0.0012589 39380
0.0012599 39380
0.0012608 39380
0.0012618 39380
0.0012627 39380
0.0012636 39380
0.0012646 39380
0.0012655 39380
0.0012665 39380
0.0012674 39380
0.0012683 39380
0.0012693 39380
0.0012702 39380
0.0012712 39380
0.0012721 39380
0.0012731 39380
0.001274 39380
0.0012749 39380
0.0012759 39380
0.0012768 39380
0.0012778 39380
0.0012787 39380
0.0012797 39380
0.0012806 39380
0.0012815 39380
0.0012825 39380
0.0012834 39380
0.0012844 39380
0.0012853 39380
0.0012863 39380
0.0012872 39380
0.0012881 39380
0.0012891 39380
0.00129 39380
0.001291 39380
0.0012919 39380
0.0012928 39380
0.0012938 39380
0.0012947 39380
0.0012957 39380
0.0012966 39380
0.0012976 39380
0.0012985 39380
0.0012994 39380
0.0013004 39380
0.0013013 39380
0.0013023 39380
0.0013032 39380
0.0013042 39380
0.0013051 39380
0.001306 39380
0.001307 39380
0.0013079 39380
0.0013089 39380
0.0013098 39380
0.0013108 39380
0.0013117 39380
0.0013126 39380
0.0013136 39380
0.0013145 39380
0.0013155 39380
0.0013164 39380
0.0013173 39380
0.0013183 39380
0.0013192 39380
0.0013202 39380
0.0013211 39380
0.0013221 39380
0.001323 39380
0.0013239 39380
0.0013249 39380
0.0013258 39380
0.0013268 39380
0.0013277 39380
0.0013287 39380
0.0013296 39380
0.0013305 39380
0.0013315 39380
0.0013324 39380
0.0013334 39380
0.0013343 39380
0.0013353 39380
0.0013362 39380
0.0013371 39380
0.0013381 39380
0.001339 39380
0.00134 39380
0.0013409 39380
0.0013418 39380
0.0013428 39380
0.0013437 39380
0.0013447 39380
0.0013456 39380
0.0013466 39380
0.0013475 39380
0.0013484 39380
0.0013494 39380
0.0013503 39380
0.0013513 39380
0.0013522 39380
0.0013532 39380
0.0013541 39380
0.001355 39380
0.001356 39380
0.0013569 39380
0.0013579 39380
0.0013588 39380
0.0013598 39380
0.0013607 39380
0.0013616 39380
0.0013626 39380
0.0013635 39380
0.0013645 39380
0.0013654 39380
0.0013663 39380
0.0013673 39380
0.0013682 39380
0.0013692 39380
0.0013701 39380
0.0013711 39380
0.001372 39380
0.0013729 39380
0.0013739 39380
0.0013748 39380
0.0013758 39380
0.0013767 39380
0.0013777 39380
0.0013786 39380
0.0013795 39380
0.0013805 39380
0.0013814 39380
0.0013824 39380
0.0013833 39380
0.0013843 39380
0.0013852 39380
0.0013861 39380
0.0013871 39380
0.001388 39380
0.001389 39380
0.0013899 39380
0.0013908 39380
0.0013918 39380
0.0013927 39380
0.0013937 39380
0.0013946 39380
0.0013956 39380
0.0013965 39380
0.0013974 39380
0.0013984 39380
0.0013993 39380
0.0014003 39380
0.0014012 39380
0.0014022 39380
0.0014031 39380
0.001404 39380
0.001405 39380
0.0014059 39380
0.0014069 39380
0.0014078 39380
0.0014088 39380
0.0014097 39380
0.0014106 39380
0.0014116 39380
0.0014125 39380
0.0014135 39380
0.0014144 39380
0.0014153 39380
0.0014163 39380
0.0014172 39380
0.0014182 39380
0.0014191 39380
0.0014201 39380
0.001421 39380
0.0014219 39380
0.0014229 39380
0.0014238 39380
0.0014248 39380
0.0014257 39380
0.0014267 39380
0.0014276 39380
0.0014285 39380
0.0014295 39380
0.0014304 39380
0.0014314 39380
0.0014323 39380
0.0014333 39380
0.0014342 39380
0.0014351 39380
0.0014361 39380
0.001437 39380
0.001438 39380
0.0014389 39380
0.0014398 39380
0.0014408 39380
0.0014417 39380
0.0014427 39380
0.0014436 39380
0.0014446 39380
0.0014455 39380
0.0014464 39380
0.0014474 39380
0.0014483 39380
0.0014493 39380
0.0014502 39380
0.0014512 39380
0.0014521 39380
0.001453 39380
0.001454 39380
0.0014549 39380
0.0014559 39380
0.0014568 39380
0.0014578 39380
0.0014587 39380
0.0014596 39380
0.0014606 39380
0.0014615 39380
0.0014625 39380
0.0014634 39380
0.0014643 39380
0.0014653 39380
0.0014662 39380
0.0014672 39380
0.0014681 39380
0.0014691 39380
0.00147 39380
0.0014709 39380
0.0014719 39380
0.0014728 39380
0.0014738 39380
0.0014747 39380
0.0014757 39380
0.0014766 39380
0.0014775 39380
0.0014785 39380
0.0014794 39380
0.0014804 39380
0.0014813 39380
0.0014823 39380
0.0014832 39380
0.0014841 39380
0.0014851 39380
0.001486 39380
0.001487 39380
0.0014879 39380
0.0014888 39380
0.0014898 39380
0.0014907 39380
0.0014917 39380
0.0014926 39380
0.0014936 39380
0.0014945 39380
0.0014954 39380
0.0014964 39380
0.0014973 39380
0.0014983 39380
0.0014992 39380
0.0015002 39380
0.0015011 39380
0.001502 39380
0.001503 39380
0.0015039 39380
0.0015049 39380
0.0015058 39380
0.0015068 39380
0.0015077 39380
0.0015086 39380
0.0015096 39380
0.0015105 39380
0.0015115 39380
0.0015124 39380
0.0015133 39380
0.0015143 39380
0.0015152 39380
0.0015162 39380
0.0015171 39380
0.0015181 39380
0.001519 39380
0.0015199 39380
0.0015209 39380
0.0015218 39380
0.0015228 39380
0.0015237 39380
0.0015247 39380
0.0015256 39380
0.0015265 39380
0.0015275 39380
0.0015284 39380
0.0015294 39380
0.0015303 39380
0.0015313 39380
0.0015322 39380
0.0015331 39380
0.0015341 39380
0.001535 39380
0.001536 39380
0.0015369 39380
0.0015378 39380
0.0015388 39380
0.0015397 39380
0.0015407 39380
0.0015416 39380
0.0015426 39380
0.0015435 39380
0.0015444 39380
0.0015454 39380
0.0015463 39380
0.0015473 39380
0.0015482 39380
0.0015492 39380
0.0015501 39380
0.001551 39380
0.001552 39380
0.0015529 39380
0.0015539 39380
0.0015548 39380
0.0015558 39380
0.0015567 39380
0.0015576 39380
0.0015586 39380
0.0015595 39380
0.0015605 39380
0.0015614 39380
0.0015623 39380
0.0015633 39380
0.0015642 39380
0.0015652 39380
0.0015661 39380
0.0015671 39380
0.001568 39380
0.0015689 39380
0.0015699 39380
0.0015708 39380
0.0015718 39380
0.0015727 39380
0.0015737 39380
0.0015746 39380
0.0015755 39380
0.0015765 39380
0.0015774 39380
0.0015784 39380
0.0015793 39380
0.0015803 39380
0.0015812 39380
0.0015821 39380
0.0015831 39380
0.001584 39380
0.001585 39380
0.0015859 39380
0.0015868 39380
0.0015878 39380
0.0015887 39380
0.0015897 39380
0.0015906 39380
0.0015916 39380
0.0015925 39380
0.0015934 39380
0.0015944 39380
0.0015953 39380
0.0015963 39380
0.0015972 39380
0.0015982 39380
0.0015991 39380
0.0016 39380
0.001601 39380
0.0016019 39380
0.0016029 39380
0.0016038 39380
0.0016048 39380
0.0016057 39380
0.0016066 39380
0.0016076 39380
0.0016085 39380
0.0016095 39380
0.0016104 39380
0.0016113 39380
0.0016123 39380
0.0016132 39380
0.0016142 39380
0.0016151 39380
0.0016161 39380
0.001617 39380
0.0016179 39380
0.0016189 39380
0.0016198 39380
0.0016208 39380
0.0016217 39380
0.0016227 39380
0.0016236 39380
0.0016245 39380
0.0016255 39380
0.0016264 39380
0.0016274 39380
0.0016283 39380
0.0016293 39380
0.0016302 39380
0.0016311 39380
0.0016321 39380
0.001633 39380
0.001634 39380
0.0016349 39380
0.0016358 39380
0.0016368 39380
0.0016377 39380
0.0016387 39380
0.0016396 39380
0.0016406 39380
0.0016415 39380
0.0016424 39380
0.0016434 39380
0.0016443 39380
0.0016453 39380
0.0016462 39380
0.0016472 39380
0.0016481 39380
0.001649 39380
0.00165 39380
0.0016509 39380
0.0016519 39380
0.0016528 39380
0.0016538 39380
0.0016547 39380
0.0016556 39380
0.0016566 39380
0.0016575 39380
0.0016585 39380
0.0016594 39380
0.0016603 39380
0.0016613 39380
0.0016622 39380
0.0016632 39380
0.0016641 39380
0.0016651 39380
0.001666 39380
0.0016669 39380
0.0016679 39380
0.0016688 39380
0.0016698 39380
0.0016707 39380
0.0016717 39380
0.0016726 39380
0.0016735 39380
0.0016745 39380
0.0016754 39380
0.0016764 39380
0.0016773 39380
0.0016783 39380
0.0016792 39380
0.0016801 39380
0.0016811 39380
0.001682 39380
0.001683 39380
0.0016839 39380
0.0016848 39380
0.0016858 39380
0.0016867 39380
0.0016877 39380
0.0016886 39380
0.0016896 39380
0.0016905 39380
0.0016914 39380
0.0016924 39380
0.0016933 39380
0.0016943 39380
0.0016952 39380
0.0016962 39380
0.0016971 39380
0.001698 39380
0.001699 39380
0.0016999 39380
0.0017009 39380
0.0017018 39380
0.0017028 39380
0.0017037 39380
0.0017046 39380
0.0017056 39380
0.0017065 39380
0.0017075 39380
0.0017084 39380
0.0017093 39380
0.0017103 39380
0.0017112 39380
0.0017122 39380
0.0017131 39380
0.0017141 39380
0.001715 39380
0.0017159 39380
0.0017169 39380
0.0017178 39380
0.0017188 39380
0.0017197 39380
0.0017207 39380
0.0017216 39380
0.0017225 39380
0.0017235 39380
0.0017244 39380
0.0017254 39380
0.0017263 39380
0.0017273 39380
0.0017282 39380
0.0017291 39380
0.0017301 39380
0.001731 39380
0.001732 39380
0.0017329 39380
0.0017338 39380
0.0017348 39380
0.0017357 39380
0.0017367 39380
0.0017376 39380
0.0017386 39380
0.0017395 39380
0.0017404 39380
0.0017414 39380
0.0017423 39380
0.0017433 39380
0.0017442 39380
0.0017452 39380
0.0017461 39380
0.001747 39380
0.001748 39380
0.0017489 39380
0.0017499 39380
0.0017508 39380
0.0017518 39380
0.0017527 39380
0.0017536 39380
0.0017546 39380
0.0017555 39380
0.0017565 39380
0.0017574 39380
0.0017583 39380
0.0017593 39380
0.0017602 39380
0.0017612 39380
0.0017621 39380
0.0017631 39380
0.001764 39380
0.0017649 39380
0.0017659 39380
0.0017668 39380
0.0017678 39380
0.0017687 39380
0.0017697 39380
0.0017706 39380
0.0017715 39380
0.0017725 39380
0.0017734 39380
0.0017744 39380
0.0017753 39380
0.0017763 39380
0.0017772 39380
0.0017781 39380
0.0017791 39380
0.00178 39380
0.001781 39380
0.0017819 39380
0.0017828 39380
0.0017838 39380
0.0017847 39380
0.0017857 39380
0.0017866 39380
0.0017876 39380
0.0017885 39380
0.0017894 39380
0.0017904 39380
0.0017913 39380
0.0017923 39380
0.0017932 39380
0.0017942 39380
0.0017951 39380
0.001796 39380
0.001797 39380
0.0017979 39380
0.0017989 39380
0.0017998 39380
0.0018008 39380
0.0018017 39380
0.0018026 39380
0.0018036 39380
0.0018045 39380
0.0018055 39380
0.0018064 39380
0.0018073 39380
0.0018083 39380
0.0018092 39380
0.0018102 39380
0.0018111 39380
0.0018121 39380
0.001813 39380
0.0018139 39380
0.0018149 39380
0.0018158 39380
0.0018168 39380
0.0018177 39380
0.0018187 39380
0.0018196 39380
0.0018205 39380
0.0018215 39380
0.0018224 39380
0.0018234 39380
0.0018243 39380
0.0018253 39380
0.0018262 39380
0.0018271 39380
0.0018281 39380
0.001829 39380
0.00183 39380
0.0018309 39380
0.0018318 39380
0.0018328 39380
0.0018337 39380
0.0018347 39380
0.0018356 39380
0.0018366 39380
0.0018375 39380
0.0018384 39380
0.0018394 39380
0.0018403 39380
0.0018413 39380
0.0018422 39380
0.0018432 39380
0.0018441 39380
0.001845 39380
0.001846 39380
0.0018469 39380
0.0018479 39380
0.0018488 39380
0.0018498 39380
0.0018507 39380
0.0018516 39380
0.0018526 39380
0.0018535 39380
0.0018545 39380
0.0018554 39380
0.0018563 39380
0.0018573 39380
0.0018582 39380
0.0018592 39380
0.0018601 39380
0.0018611 39380
0.001862 39380
0.0018629 39380
0.0018639 39380
0.0018648 39380
0.0018658 39380
0.0018667 39380
0.0018677 39380
0.0018686 39380
0.0018695 39380
0.0018705 39380
0.0018714 39380
0.0018724 39380
0.0018733 39380
0.0018743 39380
0.0018752 39380
0.0018761 39380
0.0018771 39380
0.001878 39380
0.001879 39380
0.0018799 39380
0.0018808 39380
0.0018818 39380
0.0018827 39380
0.0018837 39380
0.0018846 39380
0.0018856 39380
0.0018865 39380
0.0018874 39380
0.0018884 39380
0.0018893 39380
0.0018903 39380
0.0018912 39380
0.0018922 39380
0.0018931 39380
0.001894 39380
0.001895 39380
0.0018959 39380
0.0018969 39380
0.0018978 39380
0.0018988 39380
0.0018997 39380
0.0019006 39380
0.0019016 39380
0.0019025 39380
0.0019035 39380
0.0019044 39380
0.0019053 39380
0.0019063 39380
0.0019072 39380
0.0019082 39380
0.0019091 39380
0.0019101 39380
0.001911 39380
0.0019119 39380
0.0019129 39380
0.0019138 39380
0.0019148 39380
0.0019157 39380
0.0019167 39380
0.0019176 39380
0.0019185 39380
0.0019195 39380
0.0019204 39380
0.0019214 39380
0.0019223 39380
0.0019233 39380
0.0019242 39380
0.0019251 39380
0.0019261 39380
0.001927 39380
0.001928 39380
0.0019289 39380
0.0019298 39380
0.0019308 39380
0.0019317 39380
0.0019327 39380
0.0019336 39380
0.0019346 39380
0.0019355 39380
0.0019364 39380
0.0019374 39380
0.0019383 39380
0.0019393 39380
0.0019402 39380
0.0019412 39380
0.0019421 39380
0.001943 39380
0.001944 39380
0.0019449 39380
0.0019459 39380
0.0019468 39380
0.0019478 39380
0.0019487 39380
0.0019496 39380
0.0019506 39380
0.0019515 39380
0.0019525 39380
0.0019534 39380
0.0019543 39380
0.0019553 39380
0.0019562 39380
0.0019572 39380
0.0019581 39380
0.0019591 39380
0.00196 39380
0.0019609 39380
0.0019619 39380
0.0019628 39380
0.0019638 39380
0.0019647 39380
0.0019657 39380
0.0019666 39380
0.0019675 39380
0.0019685 39380
0.0019694 39380
0.0019704 39380
0.0019713 39380
0.0019723 39380
0.0019732 39380
0.0019741 39380
0.0019751 39380
0.001976 39380
0.001977 39380
0.0019779 39380
0.0019788 39380
0.0019798 39380
0.0019807 39380
0.0019817 39380
0.0019826 39380
0.0019836 39380
0.0019845 39380
0.0019854 39380
0.0019864 39380
0.0019873 39380
0.0019883 39380
0.0019892 39380
0.0019902 39380
0.0019911 39380
0.001992 39380
0.001993 39380
0.0019939 39380
0.0019949 39380
0.0019958 39380
0.0019968 39380
0.0019977 39380
0.0019986 39380
0.0019996 39380
0.0020005 39380
0.0020015 39380
0.0020024 39380
0.0020033 39380
0.0020043 39380
0.0020052 39380
0.0020062 39380
0.0020071 39380
0.0020081 39380
0.002009 39380
0.0020099 39380
0.0020109 39380
0.0020118 39380
0.0020128 39380
0.0020137 39380
0.0020147 39380
0.0020156 39380
0.0020165 39380
0.0020175 39380
0.0020184 39380
0.0020194 39380
0.0020203 39380
0.0020213 39380
0.0020222 39380
0.0020231 39380
0.0020241 39380
0.002025 39380
0.002026 39380
0.0020269 39380
0.0020278 39380
0.0020288 39380
0.0020297 39380
0.0020307 39380
0.0020316 39380
0.0020326 39380
0.0020335 39380
0.0020344 39380
0.0020354 39380
0.0020363 39380
0.0020373 39380
0.0020382 39380
0.0020392 39380
0.0020401 39380
0.002041 39380
0.002042 39380
0.0020429 39380
0.0020439 39380
0.0020448 39380
0.0020458 39380
0.0020467 39380
0.0020476 39380
0.0020486 39380
0.0020495 39380
0.0020505 39380
0.0020514 39380
0.0020523 39380
0.0020533 39380
0.0020542 39380
0.0020552 39380
0.0020561 39380
0.0020571 39380
0.002058 39380
0.0020589 39380
0.0020599 39380
0.0020608 39380
0.0020618 39380
0.0020627 39380
0.0020637 39380
0.0020646 39380
0.0020655 39380
0.0020665 39380
0.0020674 39380
0.0020684 39380
0.0020693 39380
0.0020703 39380
0.0020712 39380
0.0020721 39380
0.0020731 39380
0.002074 39380
0.002075 39380
0.0020759 39380
0.0020768 39380
0.0020778 39380
0.0020787 39380
0.0020797 39380
0.0020806 39380
0.0020816 39380
0.0020825 39380
0.0020834 39380
0.0020844 39380
0.0020853 39380
0.0020863 39380
0.0020872 39380
0.0020882 39380
0.0020891 39380
0.00209 39380
0.002091 39380
0.0020919 39380
0.0020929 39380
0.0020938 39380
0.0020948 39380
0.0020957 39380
0.0020966 39380
0.0020976 39380
0.0020985 39380
0.0020995 39380
0.0021004 39380
0.0021013 39380
0.0021023 39380
0.0021032 39380
0.0021042 39380
0.0021051 39380
0.0021061 39380
0.002107 39380
0.0021079 39380
0.0021089 39380
0.0021098 39380
0.0021108 39380
0.0021117 39380
0.0021127 39380
0.0021136 39380
0.0021145 39380
0.0021155 39380
0.0021164 39380
0.0021174 39380
0.0021183 39380
0.0021193 39380
0.0021202 39380
0.0021211 39380
0.0021221 39380
0.002123 39380
0.002124 39380
0.0021249 39380
0.0021258 39380
0.0021268 39380
0.0021277 39380
0.0021287 39380
0.0021296 39380
0.0021306 39380
0.0021315 39380
0.0021324 39380
0.0021334 39380
0.0021343 39380
0.0021353 39380
0.0021362 39380
0.0021372 39380
0.0021381 39380
0.002139 39380
0.00214 39380
0.0021409 39380
0.0021419 39380
0.0021428 39380
0.0021438 39380
0.0021447 39380
0.0021456 39380
0.0021466 39380
0.0021475 39380
0.0021485 39380
0.0021494 39380
0.0021503 39380
0.0021513 39380
0.0021522 39380
0.0021532 39380
0.0021541 39380
0.0021551 39380
0.002156 39380
0.0021569 39380
0.0021579 39380
0.0021588 39380
0.0021598 39380
0.0021607 39380
0.0021617 39380
0.0021626 39380
0.0021635 39380
0.0021645 39380
0.0021654 39380
0.0021664 39380
0.0021673 39380
0.0021683 39380
0.0021692 39380
0.0021701 39380
0.0021711 39380
0.002172 39380
0.002173 39380
0.0021739 39380
0.0021748 39380
0.0021758 39380
0.0021767 39380
0.0021777 39380
0.0021786 39380
0.0021796 39380
0.0021805 39380
0.0021814 39380
0.0021824 39380
0.0021833 39380
0.0021843 39380
0.0021852 39380
0.0021862 39380
0.0021871 39380
0.002188 39380
0.002189 39380
0.0021899 39380
0.0021909 39380
0.0021918 39380
0.0021928 39380
0.0021937 39380
0.0021946 39380
0.0021956 39380
0.0021965 39380
0.0021975 39380
0.0021984 39380
0.0021993 39380
0.0022003 39380
0.0022012 39380
0.0022022 39380
0.0022031 39380
0.0022041 39380
0.002205 39380
0.0022059 39380
0.0022069 39380
0.0022078 39380
0.0022088 39380
0.0022097 39380
0.0022107 39380
0.0022116 39380
0.0022125 39380
0.0022135 39380
0.0022144 39380
0.0022154 39380
0.0022163 39380
0.0022173 39380
0.0022182 39380
0.0022191 39380
0.0022201 39380
0.002221 39380
0.002222 39380
0.0022229 39380
0.0022238 39380
0.0022248 39380
0.0022257 39380
0.0022267 39380
0.0022276 39380
0.0022286 39380
0.0022295 39380
0.0022304 39380
0.0022314 39380
0.0022323 39380
0.0022333 39380
0.0022342 39380
0.0022352 39380
0.0022361 39380
0.002237 39380
0.002238 39380
0.0022389 39380
0.0022399 39380
0.0022408 39380
0.0022418 39380
0.0022427 39380
0.0022436 39380
0.0022446 39380
0.0022455 39380
0.0022465 39380
0.0022474 39380
0.0022483 39380
0.0022493 39380
0.0022502 39380
0.0022512 39380
0.0022521 39380
0.0022531 39380
0.002254 39380
0.0022549 39380
0.0022559 39380
0.0022568 39380
0.0022578 39380
0.0022587 39380
0.0022597 39380
0.0022606 39380
0.0022615 39380
0.0022625 39380
0.0022634 39380
0.0022644 39380
0.0022653 39380
0.0022663 39380
0.0022672 39380
0.0022681 39380
0.0022691 39380
0.00227 39380
0.002271 39380
0.0022719 39380
0.0022728 39380
0.0022738 39380
0.0022747 39380
0.0022757 39380
0.0022766 39380
0.0022776 39380
0.0022785 39380
0.0022794 39380
0.0022804 39380
0.0022813 39380
0.0022823 39380
0.0022832 39380
0.0022842 39380
0.0022851 39380
0.002286 39380
0.002287 39380
0.0022879 39380
0.0022889 39380
0.0022898 39380
0.0022908 39380
0.0022917 39380
0.0022926 39380
0.0022936 39380
0.0022945 39380
0.0022955 39380
0.0022964 39380
0.0022973 39380
0.0022983 39380
0.0022992 39380
0.0023002 39380
0.0023011 39380
0.0023021 39380
0.002303 39380
0.0023039 39380
0.0023049 39380
0.0023058 39380
0.0023068 39380
0.0023077 39380
0.0023087 39380
0.0023096 39380
0.0023105 39380
0.0023115 39380
0.0023124 39380
0.0023134 39380
0.0023143 39380
0.0023153 39380
0.0023162 39380
0.0023171 39380
0.0023181 39380
0.002319 39380
0.00232 39380
0.0023209 39380
0.0023218 39380
0.0023228 39380
0.0023237 39380
0.0023247 39380
0.0023256 39380
0.0023266 39380
0.0023275 39380
0.0023284 39380
0.0023294 39380
0.0023303 39380
0.0023313 39380
0.0023322 39380
0.0023332 39380
0.0023341 39380
0.002335 39380
0.002336 39380
0.0023369 39380
0.0023379 39380
0.0023388 39380
0.0023398 39380
0.0023407 39380
0.0023416 39380
0.0023426 39380
0.0023435 39380
0.0023445 39380
0.0023454 39380
0.0023463 39380
0.0023473 39380
0.0023482 39380
0.0023492 39380
0.0023501 39380
0.0023511 39380
0.002352 39380
0.0023529 39380
0.0023539 39380
0.0023548 39380
0.0023558 39380
0.0023567 39380
0.0023577 39380
0.0023586 39380
0.0023595 39380
0.0023605 39380
0.0023614 39380
0.0023624 39380
0.0023633 39380
0.0023643 39380
0.0023652 39380
0.0023661 39380
0.0023671 39380
0.002368 39380
0.002369 39380
0.0023699 39380
0.0023708 39380
0.0023718 39380
0.0023727 39380
0.0023737 39380
0.0023746 39380
0.0023756 39380
0.0023765 39380
0.0023774 39380
0.0023784 39380
0.0023793 39380
0.0023803 39380
0.0023812 39380
0.0023822 39380
0.0023831 39380
0.002384 39380
0.002385 39380
0.0023859 39380
0.0023869 39380
0.0023878 39380
0.0023888 39380
0.0023897 39380
0.0023906 39380
0.0023916 39380
0.0023925 39380
0.0023935 39380
0.0023944 39380
0.0023953 39380
0.0023963 39380
0.0023972 39380
0.0023982 39380
0.0023991 39380
0.0024001 39380
0.002401 39380
0.0024019 39380
0.0024029 39380
0.0024038 39380
0.0024048 39380
0.0024057 39380
0.0024067 39380
0.0024076 39380
0.0024085 39380
0.0024095 39380
0.0024104 39380
0.0024114 39380
0.0024123 39380
0.0024133 39380
0.0024142 39380
0.0024151 39380
0.0024161 39380
0.002417 39380
0.002418 39380
0.0024189 39380
0.0024198 39380
0.0024208 39380
0.0024217 39380
0.0024227 39380
0.0024236 39380
0.0024246 39380
0.0024255 39380
0.0024264 39380
0.0024274 39380
0.0024283 39380
0.0024293 39380
0.0024302 39380
0.0024312 39380
0.0024321 39380
0.002433 39380
0.002434 39380
0.0024349 39380
0.0024359 39380
0.0024368 39380
0.0024378 39380
0.0024387 39380
0.0024396 39380
0.0024406 39380
0.0024415 39380
0.0024425 39380
0.0024434 39380
0.0024443 39380
0.0024453 39380
0.0024462 39380
0.0024472 39380
0.0024481 39380
0.0024491 39380
0.00245 39380
0.0024509 39380
0.0024519 39380
0.0024528 39380
0.0024538 39380
0.0024547 39380
0.0024557 39380
0.0024566 39380
0.0024575 39380
0.0024585 39380
0.0024594 39380
0.0024604 39380
0.0024613 39380
0.0024623 39380
0.0024632 39380
0.0024641 39380
0.0024651 39380
0.002466 39380
0.002467 39380
0.0024679 39380
0.0024688 39380
0.0024698 39380
0.0024707 39380
0.0024717 39380
0.0024726 39380
0.0024736 39380
0.0024745 39380
0.0024754 39380
0.0024764 39380
0.0024773 39380
0.0024783 39380
0.0024792 39380
0.0024802 39380
0.0024811 39380
0.002482 39380
0.002483 39380
0.0024839 39380
0.0024849 39380
0.0024858 39380
0.0024868 39380
0.0024877 39380
0.0024886 39380
0.0024896 39380
0.0024905 39380
0.0024915 39380
0.0024924 39380
0.0024933 39380
0.0024943 39380
0.0024952 39380
0.0024962 39380
0.0024971 39380
0.0024981 39380
0.002499 39380
0.0024999 39380
0.0025009 39380
0.0025018 39380
0.0025028 39380
0.0025037 39380
0.0025047 39380
0.0025056 39380
0.0025065 39380
0.0025075 39380
0.0025084 39380
0.0025094 39380
0.0025103 39380
0.0025113 39380
0.0025122 39380
0.0025131 39380
0.0025141 39380
0.002515 39380
0.002516 39380
0.0025169 39380
0.0025178 39380
0.0025188 39380
0.0025197 39380
0.0025207 39380
0.0025216 39380
0.0025226 39380
0.0025235 39380
0.0025244 39380
0.0025254 39380
0.0025263 39380
0.0025273 39380
0.0025282 39380
0.0025292 39380
0.0025301 39380
0.002531 39380
0.002532 39380
0.0025329 39380
0.0025339 39380
0.0025348 39380
0.0025358 39380
0.0025367 39380
0.0025376 39380
0.0025386 39380
0.0025395 39380
0.0025405 39380
0.0025414 39380
0.0025423 39380
0.0025433 39380
0.0025442 39380
0.0025452 39380
0.0025461 39380
0.0025471 39380
0.002548 39380
0.0025489 39380
0.0025499 39380
0.0025508 39380
0.0025518 39380
0.0025527 39380
0.0025537 39380
0.0025546 39380
0.0025555 39380
0.0025565 39380
0.0025574 39380
0.0025584 39380
0.0025593 39380
0.0025603 39380
0.0025612 39380
0.0025621 39380
0.0025631 39380
0.002564 39380
0.002565 39380
0.0025659 39380
0.0025668 39380
0.0025678 39380
0.0025687 39380
0.0025697 39380
0.0025706 39380
0.0025716 39380
0.0025725 39380
0.0025734 39380
0.0025744 39380
0.0025753 39380
0.0025763 39380
0.0025772 39380
0.0025782 39380
0.0025791 39380
0.00258 39380
0.002581 39380
0.0025819 39380
0.0025829 39380
0.0025838 39380
0.0025848 39380
0.0025857 39380
0.0025866 39380
0.0025876 39380
0.0025885 39380
0.0025895 39380
0.0025904 39380
0.0025913 39380
0.0025923 39380
0.0025932 39380
0.0025942 39380
0.0025951 39380
0.0025961 39380
0.002597 39380
0.0025979 39380
0.0025989 39380
0.0025998 39380
0.0026008 39380
0.0026017 39380
0.0026027 39380
0.0026036 39380
0.0026045 39380
0.0026055 39380
0.0026064 39380
0.0026074 39380
0.0026083 39380
0.0026093 39380
0.0026102 39380
0.0026111 39380
0.0026121 39380
0.002613 39380
0.002614 39380
0.0026149 39380
0.0026158 39380
0.0026168 39380
0.0026177 39380
0.0026187 39380
0.0026196 39380
0.0026206 39380
0.0026215 39380
0.0026224 39380
0.0026234 39380
0.0026243 39380
0.0026253 39380
0.0026262 39380
0.0026272 39380
0.0026281 39380
0.002629 39380
0.00263 39380
0.0026309 39380
0.0026319 39380
0.0026328 39380
0.0026338 39380
0.0026347 39380
0.0026356 39380
0.0026366 39380
0.0026375 39380
0.0026385 39380
0.0026394 39380
0.0026403 39380
0.0026413 39380
0.0026422 39380
0.0026432 39380
0.0026441 39380
0.0026451 39380
0.002646 39380
0.0026469 39380
0.0026479 39380
0.0026488 39380
0.0026498 39380
0.0026507 39380
0.0026517 39380
0.0026526 39380
0.0026535 39380
0.0026545 39380
0.0026554 39380
0.0026564 39380
0.0026573 39380
0.0026583 39380
0.0026592 39380
0.0026601 39380
0.0026611 39380
0.002662 39380
0.002663 39380
0.0026639 39380
0.0026648 39380
0.0026658 39380
0.0026667 39380
0.0026677 39380
0.0026686 39380
0.0026696 39380
0.0026705 39380
0.0026714 39380
0.0026724 39380
0.0026733 39380
0.0026743 39380
0.0026752 39380
0.0026762 39380
0.0026771 39380
0.002678 39380
0.002679 39380
0.0026799 39380
0.0026809 39380
0.0026818 39380
0.0026828 39380
0.0026837 39380
0.0026846 39380
0.0026856 39380
0.0026865 39380
0.0026875 39380
0.0026884 39380
0.0026893 39380
0.0026903 39380
0.0026912 39380
0.0026922 39380
0.0026931 39380
0.0026941 39380
0.002695 39380
0.0026959 39380
0.0026969 39380
0.0026978 39380
0.0026988 39380
0.0026997 39380
0.0027007 39380
0.0027016 39380
0.0027025 39380
0.0027035 39380
0.0027044 39380
0.0027054 39380
0.0027063 39380
0.0027073 39380
0.0027082 39380
0.0027091 39380
0.0027101 39380
0.002711 39380
0.002712 39380
0.0027129 39380
0.0027138 39380
0.0027148 39380
0.0027157 39380
0.0027167 39380
0.0027176 39380
0.0027186 39380
0.0027195 39380
0.0027204 39380
0.0027214 39380
0.0027223 39380
0.0027233 39380
0.0027242 39380
0.0027252 39380
0.0027261 39380
0.002727 39380
0.002728 39380
0.0027289 39380
0.0027299 39380
0.0027308 39380
0.0027318 39380
0.0027327 39380
0.0027336 39380
0.0027346 39380
0.0027355 39380
0.0027365 39380
0.0027374 39380
0.0027383 39380
0.0027393 39380
0.0027402 39380
0.0027412 39380
0.0027421 39380
0.0027431 39380
0.002744 39380
0.0027449 39380
0.0027459 39380
0.0027468 39380
0.0027478 39380
0.0027487 39380
0.0027497 39380
0.0027506 39380
0.0027515 39380
0.0027525 39380
0.0027534 39380
0.0027544 39380
0.0027553 39380
0.0027563 39380
0.0027572 39380
0.0027581 39380
0.0027591 39380
0.00276 39380
0.002761 39380
0.0027619 39380
0.0027628 39380
0.0027638 39380
0.0027647 39380
0.0027657 39380
0.0027666 39380
0.0027676 39380
0.0027685 39380
0.0027694 39380
0.0027704 39380
0.0027713 39380
0.0027723 39380
0.0027732 39380
0.0027742 39380
0.0027751 39380
0.002776 39380
0.002777 39380
0.0027779 39380
0.0027789 39380
0.0027798 39380
0.0027808 39380
0.0027817 39380
0.0027826 39380
0.0027836 39380
0.0027845 39380
0.0027855 39380
0.0027864 39380
0.0027873 39380
0.0027883 39380
0.0027892 39380
0.0027902 39380
0.0027911 39380
0.0027921 39380
0.002793 39380
0.0027939 39380
0.0027949 39380
0.0027958 39380
0.0027968 39380
0.0027977 39380
0.0027987 39380
0.0027996 39380
0.0028005 39380
0.0028015 39380
0.0028024 39380
0.0028034 39380
0.0028043 39380
0.0028053 39380
0.0028062 39380
0.0028071 39380
0.0028081 39380
0.002809 39380
0.00281 39380
0.0028109 39380
0.0028118 39380
0.0028128 39380
0.0028137 39380
0.0028147 39380
0.0028156 39380
0.0028166 39380
0.0028175 39380
0.0028184 39380
0.0028194 39380
0.0028203 39380
0.0028213 39380
0.0028222 39380
0.0028232 39380
0.0028241 39380
0.002825 39380
0.002826 39380
0.0028269 39380
0.0028279 39380
0.0028288 39380
0.0028298 39380
0.0028307 39380
0.0028316 39380
0.0028326 39380
0.0028335 39380
0.0028345 39380
0.0028354 39380
0.0028363 39380
0.0028373 39380
0.0028382 39380
0.0028392 39380
0.0028401 39380
0.0028411 39380
0.002842 39380
0.0028429 39380
0.0028439 39380
0.0028448 39380
0.0028458 39380
0.0028467 39380
0.0028477 39380
0.0028486 39380
0.0028495 39380
0.0028505 39380
0.0028514 39380
0.0028524 39380
0.0028533 39380
0.0028543 39380
0.0028552 39380
0.0028561 39380
0.0028571 39380
0.002858 39380
0.002859 39380
0.0028599 39380
0.0028608 39380
0.0028618 39380
0.0028627 39380
0.0028637 39380
0.0028646 39380
0.0028656 39380
0.0028665 39380
0.0028674 39380
0.0028684 39380
0.0028693 39380
0.0028703 39380
0.0028712 39380
0.0028722 39380
0.0028731 39380
0.002874 39380
0.002875 39380
0.0028759 39380
0.0028769 39380
0.0028778 39380
0.0028788 39380
0.0028797 39380
0.0028806 39380
0.0028816 39380
0.0028825 39380
0.0028835 39380
0.0028844 39380
0.0028853 39380
0.0028863 39380
0.0028872 39380
0.0028882 39380
0.0028891 39380
0.0028901 39380
0.002891 39380
0.0028919 39380
0.0028929 39380
0.0028938 39380
0.0028948 39380
0.0028957 39380
0.0028967 39380
0.0028976 39380
0.0028985 39380
0.0028995 39380
0.0029004 39380
0.0029014 39380
0.0029023 39380
0.0029033 39380
0.0029042 39380
0.0029051 39380
0.0029061 39380
0.002907 39380
0.002908 39380
0.0029089 39380
0.0029098 39380
0.0029108 39380
0.0029117 39380
0.0029127 39380
0.0029136 39380
0.0029146 39380
0.0029155 39380
0.0029164 39380
0.0029174 39380
0.0029183 39380
0.0029193 39380
0.0029202 39380
0.0029212 39380
0.0029221 39380
0.002923 39380
0.002924 39380
0.0029249 39380
0.0029259 39380
0.0029268 39380
0.0029278 39380
0.0029287 39380
0.0029296 39380
0.0029306 39380
0.0029315 39380
0.0029325 39380
0.0029334 39380
0.0029343 39380
0.0029353 39380
0.0029362 39380
0.0029372 39380
0.0029381 39380
0.0029391 39380
0.00294 39380
0.0029409 39380
0.0029419 39380
0.0029428 39380
0.0029438 39380
0.0029447 39380
0.0029457 39380
0.0029466 39380
0.0029475 39380
0.0029485 39380
0.0029494 39380
0.0029504 39380
0.0029513 39380
0.0029523 39380
0.0029532 39380
0.0029541 39380
0.0029551 39380
0.002956 39380
0.002957 39380
0.0029579 39380
0.0029588 39380
0.0029598 39380
0.0029607 39380
0.0029617 39380
0.0029626 39380
0.0029636 39380
0.0029645 39380
0.0029654 39380
0.0029664 39380
0.0029673 39380
0.0029683 39380
0.0029692 39380
0.0029702 39380
0.0029711 39380
0.002972 39380
0.002973 39380
0.0029739 39380
0.0029749 39380
0.0029758 39380
0.0029768 39380
0.0029777 39380
0.0029786 39380
0.0029796 39380
0.0029805 39380
0.0029815 39380
0.0029824 39380
0.0029833 39380
0.0029843 39380
0.0029852 39380
0.0029862 39380
0.0029871 39380
0.0029881 39380
0.002989 39380
0.0029899 39380
0.0029909 39380
0.0029918 39380
0.0029928 39380
0.0029937 39380
0.0029947 39380
0.0029956 39380
0.0029965 39380
0.0029975 39380
0.0029984 39380
0.0029994 39380
0.0030003 39380
0.0030013 39380
0.0030022 39380
0.0030031 39380
0.0030041 39380
0.003005 39380
0.003006 39380
0.0030069 39380
0.0030078 39380
0.0030088 39380
0.0030097 39380
0.0030107 39380
0.0030116 39380
0.0030126 39380
0.0030135 39380
0.0030144 39380
0.0030154 39380
0.0030163 39380
0.0030173 39380
0.0030182 39380
0.0030192 39380
0.0030201 39380
0.003021 39380
0.003022 39380
0.0030229 39380
0.0030239 39380
0.0030248 39380
0.0030258 39380
0.0030267 39380
0.0030276 39380
0.0030286 39380
0.0030295 39380
0.0030305 39380
0.0030314 39380
0.0030323 39380
0.0030333 39380
0.0030342 39380
0.0030352 39380
0.0030361 39380
0.0030371 39380
0.003038 39380
0.0030389 39380
0.0030399 39380
0.0030408 39380
0.0030418 39380
0.0030427 39380
0.0030437 39380
0.0030446 39380
0.0030455 39380
0.0030465 39380
0.0030474 39380
0.0030484 39380
0.0030493 39380
0.0030503 39380
0.0030512 39380
0.0030521 39380
0.0030531 39380
0.003054 39380
0.003055 39380
0.0030559 39380
0.0030568 39380
0.0030578 39380
0.0030587 39380
0.0030597 39380
0.0030606 39380
0.0030616 39380
0.0030625 39380
0.0030634 39380
0.0030644 39380
0.0030653 39380
0.0030663 39380
0.0030672 39380
0.0030682 39380
0.0030691 39380
0.00307 39380
0.003071 39380
0.0030719 39380
0.0030729 39380
0.0030738 39380
0.0030748 39380
0.0030757 39380
0.0030766 39380
0.0030776 39380
0.0030785 39380
0.0030795 39380
0.0030804 39380
0.0030813 39380
0.0030823 39380
0.0030832 39380
0.0030842 39380
0.0030851 39380
0.0030861 39380
0.003087 39380
0.0030879 39380
0.0030889 39380
0.0030898 39380
0.0030908 39380
0.0030917 39380
0.0030927 39380
0.0030936 39380
0.0030945 39380
0.0030955 39380
0.0030964 39380
0.0030974 39380
0.0030983 39380
0.0030993 39380
0.0031002 39380
0.0031011 39380
0.0031021 39380
0.003103 39380
0.003104 39380
0.0031049 39380
0.0031058 39380
0.0031068 39380
0.0031077 39380
0.0031087 39380
0.0031096 39380
0.0031106 39380
0.0031115 39380
0.0031124 39380
0.0031134 39380
0.0031143 39380
0.0031153 39380
0.0031162 39380
0.0031172 39380
0.0031181 39380
0.003119 39380
0.00312 39380
0.0031209 39380
0.0031219 39380
0.0031228 39380
0.0031238 39380
0.0031247 39380
0.0031256 39380
0.0031266 39380
0.0031275 39380
0.0031285 39380
0.0031294 39380
0.0031303 39380
0.0031313 39380
0.0031322 39380
0.0031332 39380
0.0031341 39380
0.0031351 39380
0.003136 39380
0.0031369 39380
0.0031379 39380
0.0031388 39380
0.0031398 39380
0.0031407 39380
0.0031417 39380
0.0031426 39380
0.0031435 39380
0.0031445 39380
0.0031454 39380
0.0031464 39380
0.0031473 39380
0.0031483 39380
0.0031492 39380
0.0031501 39380
0.0031511 39380
0.003152 39380
0.003153 39380
0.0031539 39380
0.0031548 39380
0.0031558 39380
0.0031567 39380
0.0031577 39380
0.0031586 39380
0.0031596 39380
0.0031605 39380
0.0031614 39380
0.0031624 39380
0.0031633 39380
0.0031643 39380
0.0031652 39380
0.0031662 39380
0.0031671 39380
0.003168 39380
0.003169 39380
0.0031699 39380
0.0031709 39380
0.0031718 39380
0.0031728 39380
0.0031737 39380
0.0031746 39380
0.0031756 39380
0.0031765 39380
0.0031775 39380
0.0031784 39380
0.0031793 39380
0.0031803 39380
0.0031812 39380
0.0031822 39380
0.0031831 39380
0.0031841 39380
0.003185 39380
0.0031859 39380
0.0031869 39380
0.0031878 39380
0.0031888 39380
0.0031897 39380
0.0031907 39380
0.0031916 39380
0.0031925 39380
0.0031935 39380
0.0031944 39380
0.0031954 39380
0.0031963 39380
0.0031973 39380
0.0031982 39380
0.0031991 39380
0.0032001 39380
0.003201 39380
0.003202 39380
0.0032029 39380
0.0032038 39380
0.0032048 39380
0.0032057 39380
0.0032067 39380
0.0032076 39380
0.0032086 39380
0.0032095 39380
0.0032104 39380
0.0032114 39380
0.0032123 39380
0.0032133 39380
0.0032142 39380
0.0032152 39380
0.0032161 39380
0.003217 39380
0.003218 39380
0.0032189 39380
0.0032199 39380
0.0032208 39380
0.0032218 39380
0.0032227 39380
0.0032236 39380
0.0032246 39380
0.0032255 39380
0.0032265 39380
0.0032274 39380
0.0032283 39380
0.0032293 39380
0.0032302 39380
0.0032312 39380
0.0032321 39380
0.0032331 39380
0.003234 39380
0.0032349 39380
0.0032359 39380
0.0032368 39380
0.0032378 39380
0.0032387 39380
0.0032397 39380
0.0032406 39380
0.0032415 39380
0.0032425 39380
0.0032434 39380
0.0032444 39380
0.0032453 39380
0.0032463 39380
0.0032472 39380
0.0032481 39380
0.0032491 39380
0.00325 39380
0.003251 39380
0.0032519 39380
0.0032528 39380
0.0032538 39380
0.0032547 39380
0.0032557 39380
0.0032566 39380
0.0032576 39380
0.0032585 39380
0.0032594 39380
0.0032604 39380
0.0032613 39380
0.0032623 39380
0.0032632 39380
0.0032642 39380
0.0032651 39380
0.003266 39380
0.003267 39380
0.0032679 39380
0.0032689 39380
0.0032698 39380
0.0032708 39380
0.0032717 39380
0.0032726 39380
0.0032736 39380
0.0032745 39380
0.0032755 39380
0.0032764 39380
0.0032773 39380
0.0032783 39380
0.0032792 39380
0.0032802 39380
0.0032811 39380
0.0032821 39380
0.003283 39380
0.0032839 39380
0.0032849 39380
0.0032858 39380
0.0032868 39380
0.0032877 39380
0.0032887 39380
0.0032896 39380
0.0032905 39380
0.0032915 39380
0.0032924 39380
0.0032934 39380
0.0032943 39380
0.0032953 39380
0.0032962 39380
0.0032971 39380
0.0032981 39380
1 39380
