9.4231e-07 2.4771e+05
1.8846e-06 2.4771e+05
2.8269e-06 2.4771e+05
3.7692e-06 2.4771e+05
4.7115e-06 2.4771e+05
5.6538e-06 2.4771e+05
6.5962e-06 2.4771e+05
7.5385e-06 2.4771e+05
8.4808e-06 2.4771e+05
9.4231e-06 2.4771e+05
1.0365e-05 2.4771e+05
1.1308e-05 2.4771e+05
1.225e-05 2.4771e+05
1.3192e-05 2.4771e+05
1.4135e-05 2.4771e+05
1.5077e-05 2.4771e+05
1.6019e-05 2.4771e+05
1.6962e-05 2.4771e+05
1.7904e-05 2.4771e+05
1.8846e-05 2.4771e+05
1.9788e-05 2.4771e+05
2.0731e-05 2.4771e+05
2.1673e-05 2.4771e+05
2.2615e-05 2.4771e+05
2.3558e-05 2.4771e+05
2.45e-05 2.4771e+05
2.5442e-05 2.4771e+05
2.6385e-05 2.4771e+05
2.7327e-05 2.4771e+05
2.8269e-05 2.4771e+05
2.9212e-05 2.4771e+05
3.0154e-05 2.4771e+05
3.1096e-05 2.4771e+05
3.2038e-05 2.4771e+05
3.2981e-05 2.4771e+05
3.3923e-05 2.4771e+05
3.4865e-05 2.4771e+05
3.5808e-05 2.4771e+05
3.675e-05 2.4771e+05
3.7692e-05 2.4771e+05
3.8635e-05 2.4771e+05
3.9577e-05 2.4771e+05
4.0519e-05 2.4771e+05
4.1462e-05 2.4771e+05
4.2404e-05 2.4771e+05
4.3346e-05 2.4771e+05
4.4288e-05 2.4771e+05
4.5231e-05 2.4771e+05
4.6173e-05 2.4771e+05
4.7115e-05 2.4771e+05
4.8058e-05 2.4771e+05
4.9e-05 2.4771e+05
4.9942e-05 2.4771e+05
5.0885e-05 2.4771e+05
5.1827e-05 2.4771e+05
5.2769e-05 2.4771e+05
5.3712e-05 2.4771e+05
5.4654e-05 2.4771e+05
5.5596e-05 2.4771e+05
5.6538e-05 2.4771e+05
5.7481e-05 2.4771e+05
5.8423e-05 2.4771e+05
5.9365e-05 2.4771e+05
6.0308e-05 2.4771e+05
6.125e-05 2.4771e+05
6.2192e-05 2.4771e+05
6.3135e-05 2.4771e+05
6.4077e-05 2.4771e+05
6.5019e-05 2.4771e+05
6.5962e-05 2.4771e+05
6.6904e-05 2.4771e+05
6.7846e-05 2.4771e+05
6.8788e-05 2.4771e+05
6.9731e-05 2.4771e+05
7.0673e-05 2.4771e+05
7.1615e-05 2.4771e+05
7.2558e-05 2.4771e+05
7.35e-05 2.4771e+05
7.4442e-05 2.4771e+05
7.5385e-05 2.4771e+05
7.6327e-05 2.4771e+05
7.7269e-05 2.4771e+05
7.8212e-05 2.4771e+05
7.9154e-05 2.4771e+05
8.0096e-05 2.4771e+05
8.1038e-05 2.4771e+05
8.1981e-05 2.4771e+05
8.2923e-05 2.4771e+05
8.3865e-05 2.4771e+05
8.4808e-05 2.4771e+05
8.575e-05 2.4771e+05
8.6692e-05 2.4771e+05
8.7635e-05 2.4771e+05
8.8577e-05 2.4771e+05
8.9519e-05 2.4771e+05
9.0462e-05 2.4771e+05
9.1404e-05 2.4771e+05
9.2346e-05 2.4771e+05
9.3288e-05 2.4771e+05
9.4231e-05 2.4771e+05
9.5173e-05 2.4771e+05
9.6115e-05 2.4771e+05
9.7058e-05 2.4771e+05
9.8e-05 2.4771e+05
9.8942e-05 2.4771e+05
9.9885e-05 2.4771e+05
0.00010083 2.4771e+05
0.00010177 2.4771e+05
0.00010271 2.4771e+05
0.00010365 2.4771e+05
0.0001046 2.4771e+05
0.00010554 2.4771e+05
0.00010648 2.4771e+05
0.00010742 2.4771e+05
0.00010837 2.4771e+05
0.00010931 2.4771e+05
0.00011025 2.4771e+05
0.00011119 2.4771e+05
0.00011213 2.4771e+05
0.00011308 2.4771e+05
0.00011402 2.4771e+05
0.00011496 2.4771e+05
0.0001159 2.4771e+05
0.00011685 2.4771e+05
0.00011779 2.4771e+05
0.00011873 2.4771e+05
0.00011967 2.4771e+05
0.00012062 2.4771e+05
0.00012156 2.4771e+05
0.0001225 2.4771e+05
0.00012344 2.4771e+05
0.00012438 2.4771e+05
0.00012533 2.4771e+05
0.00012627 2.4771e+05
0.00012721 2.4771e+05
0.00012815 2.4771e+05
0.0001291 2.4771e+05
0.00013004 2.4771e+05
0.00013098 2.4771e+05
0.00013192 2.4771e+05
0.00013287 2.4771e+05
0.00013381 2.4771e+05
0.00013475 2.4771e+05
0.00013569 2.4771e+05
0.00013663 2.4771e+05
0.00013758 2.4771e+05
0.00013852 2.4771e+05
0.00013946 2.4771e+05
0.0001404 2.4771e+05
0.00014135 2.4771e+05
0.00014229 2.4771e+05
0.00014323 2.4771e+05
0.00014417 2.4771e+05
0.00014512 2.4771e+05
0.00014606 2.4771e+05
0.000147 2.4771e+05
0.00014794 2.4771e+05
0.00014888 2.4771e+05
0.00014983 2.4771e+05
0.00015077 2.4771e+05
0.00015171 2.4771e+05
0.00015265 2.4771e+05
0.0001536 2.4771e+05
0.00015454 2.4771e+05
0.00015548 2.4771e+05
0.00015642 2.4771e+05
0.00015737 2.4771e+05
0.00015831 2.4771e+05
0.00015925 2.4771e+05
0.00016019 2.4771e+05
0.00016113 2.4771e+05
0.00016208 2.4771e+05
0.00016302 2.4771e+05
0.00016396 2.4771e+05
0.0001649 2.4771e+05
0.00016585 2.4771e+05
0.00016679 2.4771e+05
0.00016773 2.4771e+05
0.00016867 2.4771e+05
0.00016962 2.4771e+05
0.00017056 2.4771e+05
0.0001715 2.4771e+05
0.00017244 2.4771e+05
0.00017338 2.4771e+05
0.00017433 2.4771e+05
0.00017527 2.4771e+05
0.00017621 2.4771e+05
0.00017715 2.4771e+05
0.0001781 2.4771e+05
0.00017904 2.4771e+05
0.00017998 2.4771e+05
0.00018092 2.4771e+05
0.00018187 2.4771e+05
0.00018281 2.4771e+05
0.00018375 2.4771e+05
0.00018469 2.4771e+05
0.00018563 2.4771e+05
0.00018658 2.4771e+05
0.00018752 2.4771e+05
0.00018846 2.4771e+05
0.0001894 2.4771e+05
0.00019035 2.4771e+05
0.00019129 2.4771e+05
0.00019223 2.4771e+05
0.00019317 2.4771e+05
0.00019412 2.4771e+05
0.00019506 2.4771e+05
0.000196 2.4771e+05
0.00019694 2.4771e+05
0.00019788 2.4771e+05
0.00019883 2.4771e+05
0.00019977 2.4771e+05
0.00020071 2.4771e+05
0.00020165 2.4771e+05
0.0002026 2.4771e+05
0.00020354 2.4771e+05
0.00020448 2.4771e+05
0.00020542 2.4771e+05
0.00020637 2.4771e+05
0.00020731 2.4771e+05
0.00020825 2.4771e+05
0.00020919 2.4771e+05
0.00021013 2.4771e+05
0.00021108 2.4771e+05
0.00021202 2.4771e+05
0.00021296 2.4771e+05
0.0002139 2.4771e+05
0.00021485 2.4771e+05
0.00021579 2.4771e+05
0.00021673 2.4771e+05
0.00021767 2.4771e+05
0.00021862 2.4771e+05
0.00021956 2.4771e+05
0.0002205 2.4771e+05
0.00022144 2.4771e+05
0.00022238 2.4771e+05
0.00022333 2.4771e+05
0.00022427 2.4771e+05
0.00022521 2.4771e+05
0.00022615 2.4771e+05
0.0002271 2.4771e+05
0.00022804 2.4771e+05
0.00022898 2.4771e+05
0.00022992 2.4771e+05
0.00023087 2.4771e+05
0.00023181 2.4771e+05
0.00023275 2.4771e+05
0.00023369 2.4771e+05
0.00023463 2.4771e+05
0.00023558 2.4771e+05
0.00023652 2.4771e+05
0.00023746 2.4771e+05
0.0002384 2.4771e+05
0.00023935 2.4771e+05
0.00024029 2.4771e+05
0.00024123 2.4771e+05
0.00024217 2.4771e+05
0.00024312 2.4771e+05
0.00024406 2.4771e+05
0.000245 2.4771e+05
0.00024594 2.4771e+05
0.00024688 2.4771e+05
0.00024783 2.4771e+05
0.00024877 2.4771e+05
0.00024971 2.4771e+05
0.00025065 2.4771e+05
0.0002516 2.4771e+05
0.00025254 2.4771e+05
0.00025348 2.4771e+05
0.00025442 2.4771e+05
0.00025537 2.4771e+05
0.00025631 2.4771e+05
0.00025725 2.4771e+05
0.00025819 2.4771e+05
0.00025913 2.4771e+05
0.00026008 2.4771e+05
0.00026102 2.4771e+05
0.00026196 2.4771e+05
0.0002629 2.4771e+05
0.00026385 2.4771e+05
0.00026479 2.4771e+05
0.00026573 2.4771e+05
0.00026667 2.4771e+05
0.00026762 2.4771e+05
0.00026856 2.4771e+05
0.0002695 2.4771e+05
0.00027044 2.4771e+05
0.00027138 2.4771e+05
0.00027233 2.4771e+05
0.00027327 2.4771e+05
0.00027421 2.4771e+05
0.00027515 2.4771e+05
0.0002761 2.4771e+05
0.00027704 2.4771e+05
0.00027798 2.4771e+05
0.00027892 2.4771e+05
0.00027987 2.4771e+05
0.00028081 2.4771e+05
0.00028175 2.4771e+05
0.00028269 2.4771e+05
0.00028363 2.4771e+05
0.00028458 2.4771e+05
0.00028552 2.4771e+05
0.00028646 2.4771e+05
0.0002874 2.4771e+05
0.00028835 2.4771e+05
0.00028929 2.4771e+05
0.00029023 2.4771e+05
0.00029117 2.4771e+05
0.00029212 2.4771e+05
0.00029306 2.4771e+05
0.000294 2.4771e+05
0.00029494 2.4771e+05
0.00029588 2.4771e+05
0.00029683 2.4771e+05
0.00029777 2.4771e+05
0.00029871 2.4771e+05
0.00029965 2.4771e+05
0.0003006 2.4771e+05
0.00030154 2.4771e+05
0.00030248 2.4771e+05
0.00030342 2.4771e+05
0.00030437 2.4771e+05
0.00030531 2.4771e+05
0.00030625 2.4771e+05
0.00030719 2.4771e+05
0.00030813 2.4771e+05
0.00030908 2.4771e+05
0.00031002 2.4771e+05
0.00031096 2.4771e+05
0.0003119 2.4771e+05
0.00031285 2.4771e+05
0.00031379 2.4771e+05
0.00031473 2.4771e+05
0.00031567 2.4771e+05
0.00031662 2.4771e+05
0.00031756 2.4771e+05
0.0003185 2.4771e+05
0.00031944 2.4771e+05
0.00032038 2.4771e+05
0.00032133 2.4771e+05
0.00032227 2.4771e+05
0.00032321 2.4771e+05
0.00032415 2.4771e+05
0.0003251 2.4771e+05
0.00032604 2.4771e+05
0.00032698 2.4771e+05
0.00032792 2.4771e+05
0.00032887 2.4771e+05
0.00032981 2.4771e+05
0.00033075 2.4771e+05
0.00033169 2.4771e+05
0.00033263 2.4771e+05
0.00033358 2.4771e+05
0.00033452 2.4771e+05
0.00033546 2.4771e+05
0.0003364 2.4771e+05
0.00033735 2.4771e+05
0.00033829 2.4771e+05
0.00033923 2.4771e+05
0.00034017 2.4771e+05
0.00034112 2.4771e+05
0.00034206 2.4771e+05
0.000343 2.4771e+05
0.00034394 2.4771e+05
0.00034488 2.4771e+05
0.00034583 2.4771e+05
0.00034677 2.4771e+05
0.00034771 2.4771e+05
0.00034865 2.4771e+05
0.0003496 2.4771e+05
0.00035054 2.4771e+05
0.00035148 2.4771e+05
0.00035242 2.4771e+05
0.00035337 2.4771e+05
0.00035431 2.4771e+05
0.00035525 2.4771e+05
0.00035619 2.4771e+05
0.00035713 2.4771e+05
0.00035808 2.4771e+05
0.00035902 2.4771e+05
0.00035996 2.4771e+05
0.0003609 2.4771e+05
0.00036185 2.4771e+05
0.00036279 2.4771e+05
0.00036373 2.4771e+05
0.00036467 2.4771e+05
0.00036562 2.4771e+05
0.00036656 2.4771e+05
0.0003675 2.4771e+05
0.00036844 2.4771e+05
0.00036938 2.4771e+05
0.00037033 2.4771e+05
0.00037127 2.4771e+05
0.00037221 2.4771e+05
0.00037315 2.4771e+05
0.0003741 2.4771e+05
0.00037504 2.4771e+05
0.00037598 2.4771e+05
0.00037692 2.4771e+05
0.00037787 2.4771e+05
0.00037881 2.4771e+05
0.00037975 2.4771e+05
0.00038069 2.4771e+05
0.00038163 2.4771e+05
0.00038258 2.4771e+05
0.00038352 2.4771e+05
0.00038446 2.4771e+05
0.0003854 2.4771e+05
0.00038635 2.4771e+05
0.00038729 2.4771e+05
0.00038823 2.4771e+05
0.00038917 2.4771e+05
0.00039012 2.4771e+05
0.00039106 2.4771e+05
0.000392 2.4771e+05
0.00039294 2.4771e+05
0.00039388 2.4771e+05
0.00039483 2.4771e+05
0.00039577 2.4771e+05
0.00039671 2.4771e+05
0.00039765 2.4771e+05
0.0003986 2.4771e+05
0.00039954 2.4771e+05
0.00040048 2.4771e+05
0.00040142 2.4771e+05
0.00040237 2.4771e+05
0.00040331 2.4771e+05
0.00040425 2.4771e+05
0.00040519 2.4771e+05
0.00040613 2.4771e+05
0.00040708 2.4771e+05
0.00040802 2.4771e+05
0.00040896 2.4771e+05
0.0004099 2.4771e+05
0.00041085 2.4771e+05
0.00041179 2.4771e+05
0.00041273 2.4771e+05
0.00041367 2.4771e+05
0.00041462 2.4771e+05
0.00041556 2.4771e+05
0.0004165 2.4771e+05
0.00041744 2.4771e+05
0.00041838 2.4771e+05
0.00041933 2.4771e+05
0.00042027 2.4771e+05
0.00042121 2.4771e+05
0.00042215 2.4771e+05
0.0004231 2.4771e+05
0.00042404 2.4771e+05
0.00042498 2.4771e+05
0.00042592 2.4771e+05
0.00042687 2.4771e+05
0.00042781 2.4771e+05
0.00042875 2.4771e+05
0.00042969 2.4771e+05
0.00043063 2.4771e+05
0.00043158 2.4771e+05
0.00043252 2.4771e+05
0.00043346 2.4771e+05
0.0004344 2.4771e+05
0.00043535 2.4771e+05
0.00043629 2.4771e+05
0.00043723 2.4771e+05
0.00043817 2.4771e+05
0.00043912 2.4771e+05
0.00044006 2.4771e+05
0.000441 2.4771e+05
0.00044194 2.4771e+05
0.00044288 2.4771e+05
0.00044383 2.4771e+05
0.00044477 2.4771e+05
0.00044571 2.4771e+05
0.00044665 2.4771e+05
0.0004476 2.4771e+05
0.00044854 2.4771e+05
0.00044948 2.4771e+05
0.00045042 2.4771e+05
0.00045137 2.4771e+05
0.00045231 2.4771e+05
0.00045325 2.4771e+05
0.00045419 2.4771e+05
0.00045513 2.4771e+05
0.00045608 2.4771e+05
0.00045702 2.4771e+05
0.00045796 2.4771e+05
0.0004589 2.4771e+05
0.00045985 2.4771e+05
0.00046079 2.4771e+05
0.00046173 2.4771e+05
0.00046267 2.4771e+05
0.00046362 2.4771e+05
0.00046456 2.4771e+05
0.0004655 2.4771e+05
0.00046644 2.4771e+05
0.00046738 2.4771e+05
0.00046833 2.4771e+05
0.00046927 2.4771e+05
0.00047021 2.4771e+05
0.00047115 2.4771e+05
0.0004721 2.4771e+05
0.00047304 2.4771e+05
0.00047398 2.4771e+05
0.00047492 2.4771e+05
0.00047587 2.4771e+05
0.00047681 2.4771e+05
0.00047775 2.4771e+05
0.00047869 2.4771e+05
0.00047963 2.4771e+05
0.00048058 2.4771e+05
0.00048152 2.4771e+05
0.00048246 2.4771e+05
0.0004834 2.4771e+05
0.00048435 2.4771e+05
0.00048529 2.4771e+05
0.00048623 2.4771e+05
0.00048717 2.4771e+05
0.00048812 2.4771e+05
0.00048906 2.4771e+05
0.00049 2.4771e+05
0.00049094 2.4771e+05
0.00049188 2.4771e+05
0.00049283 2.4771e+05
0.00049377 2.4771e+05
0.00049471 2.4771e+05
0.00049565 2.4771e+05
0.0004966 2.4771e+05
0.00049754 2.4771e+05
0.00049848 2.4771e+05
0.00049942 2.4771e+05
0.00050037 2.4771e+05
0.00050131 2.4771e+05
0.00050225 2.4771e+05
0.00050319 2.4771e+05
0.00050413 2.4771e+05
0.00050508 2.4771e+05
0.00050602 2.4771e+05
0.00050696 2.4771e+05
0.0005079 2.4771e+05
0.00050885 2.4771e+05
0.00050979 2.4771e+05
0.00051073 2.4771e+05
0.00051167 2.4771e+05
0.00051262 2.4771e+05
0.00051356 2.4771e+05
0.0005145 2.4771e+05
0.00051544 2.4771e+05
0.00051638 2.4771e+05
0.00051733 2.4771e+05
0.00051827 2.4771e+05
0.00051921 2.4771e+05
0.00052015 2.4771e+05
0.0005211 2.4771e+05
0.00052204 2.4771e+05
0.00052298 2.4771e+05
0.00052392 2.4771e+05
0.00052487 2.4771e+05
0.00052581 2.4771e+05
0.00052675 2.4771e+05
0.00052769 2.4771e+05
0.00052863 2.4771e+05
0.00052958 2.4771e+05
0.00053052 2.4771e+05
0.00053146 2.4771e+05
0.0005324 2.4771e+05
0.00053335 2.4771e+05
0.00053429 2.4771e+05
0.00053523 2.4771e+05
0.00053617 2.4771e+05
0.00053712 2.4771e+05
0.00053806 2.4771e+05
0.000539 2.4771e+05
0.00053994 2.4771e+05
0.00054088 2.4771e+05
0.00054183 2.4771e+05
0.00054277 2.4771e+05
0.00054371 2.4771e+05
0.00054465 2.4771e+05
0.0005456 2.4771e+05
0.00054654 2.4771e+05
0.00054748 2.4771e+05
0.00054842 2.4771e+05
0.00054937 2.4771e+05
0.00055031 2.4771e+05
0.00055125 2.4771e+05
0.00055219 2.4771e+05
0.00055313 2.4771e+05
0.00055408 2.4771e+05
0.00055502 2.4771e+05
0.00055596 2.4771e+05
0.0005569 2.4771e+05
0.00055785 2.4771e+05
0.00055879 2.4771e+05
0.00055973 2.4771e+05
0.00056067 2.4771e+05
0.00056162 2.4771e+05
0.00056256 2.4771e+05
0.0005635 2.4771e+05
0.00056444 2.4771e+05
0.00056538 2.4771e+05
0.00056633 2.4771e+05
0.00056727 2.4771e+05
0.00056821 2.4771e+05
0.00056915 2.4771e+05
0.0005701 2.4771e+05
0.00057104 2.4771e+05
0.00057198 2.4771e+05
0.00057292 2.4771e+05
0.00057387 2.4771e+05
0.00057481 2.4771e+05
0.00057575 2.4771e+05
0.00057669 2.4771e+05
0.00057763 2.4771e+05
0.00057858 2.4771e+05
0.00057952 2.4771e+05
0.00058046 2.4771e+05
0.0005814 2.4771e+05
0.00058235 2.4771e+05
0.00058329 2.4771e+05
0.00058423 2.4771e+05
0.00058517 2.4771e+05
0.00058612 2.4771e+05
0.00058706 2.4771e+05
0.000588 2.4771e+05
0.00058894 2.4771e+05
0.00058988 2.4771e+05
0.00059083 2.4771e+05
0.00059177 2.4771e+05
0.00059271 2.4771e+05
0.00059365 2.4771e+05
0.0005946 2.4771e+05
0.00059554 2.4771e+05
0.00059648 2.4771e+05
0.00059742 2.4771e+05
0.00059837 2.4771e+05
0.00059931 2.4771e+05
0.00060025 2.4771e+05
0.00060119 2.4771e+05
0.00060213 2.4771e+05
0.00060308 2.4771e+05
0.00060402 2.4771e+05
0.00060496 2.4771e+05
0.0006059 2.4771e+05
0.00060685 2.4771e+05
0.00060779 2.4771e+05
0.00060873 2.4771e+05
0.00060967 2.4771e+05
0.00061062 2.4771e+05
0.00061156 2.4771e+05
0.0006125 2.4771e+05
0.00061344 2.4771e+05
0.00061438 2.4771e+05
0.00061533 2.4771e+05
0.00061627 2.4771e+05
0.00061721 2.4771e+05
0.00061815 2.4771e+05
0.0006191 2.4771e+05
0.00062004 2.4771e+05
0.00062098 2.4771e+05
0.00062192 2.4771e+05
0.00062287 2.4771e+05
0.00062381 2.4771e+05
0.00062475 2.4771e+05
0.00062569 2.4771e+05
0.00062663 2.4771e+05
0.00062758 2.4771e+05
0.00062852 2.4771e+05
0.00062946 2.4771e+05
0.0006304 2.4771e+05
0.00063135 2.4771e+05
0.00063229 2.4771e+05
0.00063323 2.4771e+05
0.00063417 2.4771e+05
0.00063512 2.4771e+05
0.00063606 2.4771e+05
0.000637 2.4771e+05
0.00063794 2.4771e+05
0.00063888 2.4771e+05
0.00063983 2.4771e+05
0.00064077 2.4771e+05
0.00064171 2.4771e+05
0.00064265 2.4771e+05
0.0006436 2.4771e+05
0.00064454 2.4771e+05
0.00064548 2.4771e+05
0.00064642 2.4771e+05
0.00064737 2.4771e+05
0.00064831 2.4771e+05
0.00064925 2.4771e+05
0.00065019 2.4771e+05
0.00065113 2.4771e+05
0.00065208 2.4771e+05
0.00065302 2.4771e+05
0.00065396 2.4771e+05
0.0006549 2.4771e+05
0.00065585 2.4771e+05
0.00065679 2.4771e+05
0.00065773 2.4771e+05
0.00065867 2.4771e+05
0.00065962 2.4771e+05
0.00066056 2.4771e+05
0.0006615 2.4771e+05
0.00066244 2.4771e+05
0.00066338 2.4771e+05
0.00066433 2.4771e+05
0.00066527 2.4771e+05
0.00066621 2.4771e+05
0.00066715 2.4771e+05
0.0006681 2.4771e+05
0.00066904 2.4771e+05
0.00066998 2.4771e+05
0.00067092 2.4771e+05
0.00067187 2.4771e+05
0.00067281 2.4771e+05
0.00067375 2.4771e+05
0.00067469 2.4771e+05
0.00067563 2.4771e+05
0.00067658 2.4771e+05
0.00067752 2.4771e+05
0.00067846 2.4771e+05
0.0006794 2.4771e+05
0.00068035 2.4771e+05
0.00068129 2.4771e+05
0.00068223 2.4771e+05
0.00068317 2.4771e+05
0.00068412 2.4771e+05
0.00068506 2.4771e+05
0.000686 2.4771e+05
0.00068694 2.4771e+05
0.00068788 2.4771e+05
0.00068883 2.4771e+05
0.00068977 2.4771e+05
0.00069071 2.4771e+05
0.00069165 2.4771e+05
0.0006926 2.4771e+05
0.00069354 2.4771e+05
0.00069448 2.4771e+05
0.00069542 2.4771e+05
0.00069637 2.4771e+05
0.00069731 2.4771e+05
0.00069825 2.4771e+05
0.00069919 2.4771e+05
0.00070013 2.4771e+05
0.00070108 2.4771e+05
0.00070202 2.4771e+05
0.00070296 2.4771e+05
0.0007039 2.4771e+05
0.00070485 2.4771e+05
0.00070579 2.4771e+05
0.00070673 2.4771e+05
0.00070767 2.4771e+05
0.00070862 2.4771e+05
0.00070956 2.4771e+05
0.0007105 2.4771e+05
0.00071144 2.4771e+05
0.00071238 2.4771e+05
0.00071333 2.4771e+05
0.00071427 2.4771e+05
0.00071521 2.4771e+05
0.00071615 2.4771e+05
0.0007171 2.4771e+05
0.00071804 2.4771e+05
0.00071898 2.4771e+05
0.00071992 2.4771e+05
0.00072087 2.4771e+05
0.00072181 2.4771e+05
0.00072275 2.4771e+05
0.00072369 2.4771e+05
0.00072463 2.4771e+05
0.00072558 2.4771e+05
0.00072652 2.4771e+05
0.00072746 2.4771e+05
0.0007284 2.4771e+05
0.00072935 2.4771e+05
0.00073029 2.4771e+05
0.00073123 2.4771e+05
0.00073217 2.4771e+05
0.00073312 2.4771e+05
0.00073406 2.4771e+05
0.000735 2.4771e+05
0.00073594 2.4771e+05
0.00073688 2.4771e+05
0.00073783 2.4771e+05
0.00073877 2.4771e+05
0.00073971 2.4771e+05
0.00074065 2.4771e+05
0.0007416 2.4771e+05
0.00074254 2.4771e+05
0.00074348 2.4771e+05
0.00074442 2.4771e+05
0.00074537 2.4771e+05
0.00074631 2.4771e+05
0.00074725 2.4771e+05
0.00074819 2.4771e+05
0.00074913 2.4771e+05
0.00075008 2.4771e+05
0.00075102 2.4771e+05
0.00075196 2.4771e+05
0.0007529 2.4771e+05
0.00075385 2.4771e+05
0.00075479 2.4771e+05
0.00075573 2.4771e+05
0.00075667 2.4771e+05
0.00075762 2.4771e+05
0.00075856 2.4771e+05
0.0007595 2.4771e+05
0.00076044 2.4771e+05
0.00076138 2.4771e+05
0.00076233 2.4771e+05
0.00076327 2.4771e+05
0.00076421 2.4771e+05
0.00076515 2.4771e+05
0.0007661 2.4771e+05
0.00076704 2.4771e+05
0.00076798 2.4771e+05
0.00076892 2.4771e+05
0.00076987 2.4771e+05
0.00077081 2.4771e+05
0.00077175 2.4771e+05
0.00077269 2.4771e+05
0.00077363 2.4771e+05
0.00077458 2.4771e+05
0.00077552 2.4771e+05
0.00077646 2.4771e+05
0.0007774 2.4771e+05
0.00077835 2.4771e+05
0.00077929 2.4771e+05
0.00078023 2.4771e+05
0.00078117 2.4771e+05
0.00078212 2.4771e+05
0.00078306 2.4771e+05
0.000784 2.4771e+05
0.00078494 2.4771e+05
0.00078588 2.4771e+05
0.00078683 2.4771e+05
0.00078777 2.4771e+05
0.00078871 2.4771e+05
0.00078965 2.4771e+05
0.0007906 2.4771e+05
0.00079154 2.4771e+05
0.00079248 2.4771e+05
0.00079342 2.4771e+05
0.00079437 2.4771e+05
0.00079531 2.4771e+05
0.00079625 2.4771e+05
0.00079719 2.4771e+05
0.00079813 2.4771e+05
0.00079908 2.4771e+05
0.00080002 2.4771e+05
0.00080096 2.4771e+05
0.0008019 2.4771e+05
0.00080285 2.4771e+05
0.00080379 2.4771e+05
0.00080473 2.4771e+05
0.00080567 2.4771e+05
0.00080662 2.4771e+05
0.00080756 2.4771e+05
0.0008085 2.4771e+05
0.00080944 2.4771e+05
0.00081038 2.4771e+05
0.00081133 2.4771e+05
0.00081227 2.4771e+05
0.00081321 2.4771e+05
0.00081415 2.4771e+05
0.0008151 2.4771e+05
0.00081604 2.4771e+05
0.00081698 2.4771e+05
0.00081792 2.4771e+05
0.00081887 2.4771e+05
0.00081981 2.4771e+05
0.00082075 2.4771e+05
0.00082169 2.4771e+05
0.00082263 2.4771e+05
0.00082358 2.4771e+05
0.00082452 2.4771e+05
0.00082546 2.4771e+05
0.0008264 2.4771e+05
0.00082735 2.4771e+05
0.00082829 2.4771e+05
0.00082923 2.4771e+05
0.00083017 2.4771e+05
0.00083112 2.4771e+05
0.00083206 2.4771e+05
0.000833 2.4771e+05
0.00083394 2.4771e+05
0.00083488 2.4771e+05
0.00083583 2.4771e+05
0.00083677 2.4771e+05
0.00083771 2.4771e+05
0.00083865 2.4771e+05
0.0008396 2.4771e+05
0.00084054 2.4771e+05
0.00084148 2.4771e+05
0.00084242 2.4771e+05
0.00084337 2.4771e+05
0.00084431 2.4771e+05
0.00084525 2.4771e+05
0.00084619 2.4771e+05
0.00084713 2.4771e+05
0.00084808 2.4771e+05
0.00084902 2.4771e+05
0.00084996 2.4771e+05
0.0008509 2.4771e+05
0.00085185 2.4771e+05
0.00085279 2.4771e+05
0.00085373 2.4771e+05
0.00085467 2.4771e+05
0.00085562 2.4771e+05
0.00085656 2.4771e+05
0.0008575 2.4771e+05
0.00085844 2.4771e+05
0.00085938 2.4771e+05
0.00086033 2.4771e+05
0.00086127 2.4771e+05
0.00086221 2.4771e+05
0.00086315 2.4771e+05
0.0008641 2.4771e+05
0.00086504 2.4771e+05
0.00086598 2.4771e+05
0.00086692 2.4771e+05
0.00086787 2.4771e+05
0.00086881 2.4771e+05
0.00086975 2.4771e+05
0.00087069 2.4771e+05
0.00087163 2.4771e+05
0.00087258 2.4771e+05
0.00087352 2.4771e+05
0.00087446 2.4771e+05
0.0008754 2.4771e+05
0.00087635 2.4771e+05
0.00087729 2.4771e+05
0.00087823 2.4771e+05
0.00087917 2.4771e+05
0.00088012 2.4771e+05
0.00088106 2.4771e+05
0.000882 2.4771e+05
0.00088294 2.4771e+05
0.00088388 2.4771e+05
0.00088483 2.4771e+05
0.00088577 2.4771e+05
0.00088671 2.4771e+05
0.00088765 2.4771e+05
0.0008886 2.4771e+05
0.00088954 2.4771e+05
0.00089048 2.4771e+05
0.00089142 2.4771e+05
0.00089237 2.4771e+05
0.00089331 2.4771e+05
0.00089425 2.4771e+05
0.00089519 2.4771e+05
0.00089613 2.4771e+05
0.00089708 2.4771e+05
0.00089802 2.4771e+05
0.00089896 2.4771e+05
0.0008999 2.4771e+05
0.00090085 2.4771e+05
0.00090179 2.4771e+05
0.00090273 2.4771e+05
0.00090367 2.4771e+05
0.00090462 2.4771e+05
0.00090556 2.4771e+05
0.0009065 2.4771e+05
0.00090744 2.4771e+05
0.00090838 2.4771e+05
0.00090933 2.4771e+05
0.00091027 2.4771e+05
0.00091121 2.4771e+05
0.00091215 2.4771e+05
0.0009131 2.4771e+05
0.00091404 2.4771e+05
0.00091498 2.4771e+05
0.00091592 2.4771e+05
0.00091687 2.4771e+05
0.00091781 2.4771e+05
0.00091875 2.4771e+05
0.00091969 2.4771e+05
0.00092063 2.4771e+05
0.00092158 2.4771e+05
0.00092252 2.4771e+05
0.00092346 2.4771e+05
0.0009244 2.4771e+05
0.00092535 2.4771e+05
0.00092629 2.4771e+05
0.00092723 2.4771e+05
0.00092817 2.4771e+05
0.00092912 2.4771e+05
0.00093006 2.4771e+05
0.000931 2.4771e+05
0.00093194 2.4771e+05
0.00093288 2.4771e+05
0.00093383 2.4771e+05
0.00093477 2.4771e+05
0.00093571 2.4771e+05
0.00093665 2.4771e+05
0.0009376 2.4771e+05
0.00093854 2.4771e+05
0.00093948 2.4771e+05
0.00094042 2.4771e+05
0.00094137 2.4771e+05
0.00094231 2.4771e+05
0.00094325 2.4771e+05
0.00094419 2.4771e+05
0.00094513 2.4771e+05
0.00094608 2.4771e+05
0.00094702 2.4771e+05
0.00094796 2.4771e+05
0.0009489 2.4771e+05
0.00094985 2.4771e+05
0.00095079 2.4771e+05
0.00095173 2.4771e+05
0.00095267 2.4771e+05
0.00095362 2.4771e+05
0.00095456 2.4771e+05
0.0009555 2.4771e+05
0.00095644 2.4771e+05
0.00095738 2.4771e+05
0.00095833 2.4771e+05
0.00095927 2.4771e+05
0.00096021 2.4771e+05
0.00096115 2.4771e+05
0.0009621 2.4771e+05
0.00096304 2.4771e+05
0.00096398 2.4771e+05
0.00096492 2.4771e+05
0.00096587 2.4771e+05
0.00096681 2.4771e+05
0.00096775 2.4771e+05
0.00096869 2.4771e+05
0.00096963 2.4771e+05
0.00097058 2.4771e+05
0.00097152 2.4771e+05
0.00097246 2.4771e+05
0.0009734 2.4771e+05
0.00097435 2.4771e+05
0.00097529 2.4771e+05
0.00097623 2.4771e+05
0.00097717 2.4771e+05
0.00097812 2.4771e+05
0.00097906 2.4771e+05
0.00098 2.4771e+05
0.00098094 2.4771e+05
0.00098188 2.4771e+05
0.00098283 2.4771e+05
0.00098377 2.4771e+05
0.00098471 2.4771e+05
0.00098565 2.4771e+05
0.0009866 2.4771e+05
0.00098754 2.4771e+05
0.00098848 2.4771e+05
0.00098942 2.4771e+05
0.00099037 2.4771e+05
0.00099131 2.4771e+05
0.00099225 2.4771e+05
0.00099319 2.4771e+05
0.00099413 2.4771e+05
0.00099508 2.4771e+05
0.00099602 2.4771e+05
0.00099696 2.4771e+05
0.0009979 2.4771e+05
0.00099885 2.4771e+05
0.00099979 2.4771e+05
0.0010007 2.4771e+05
0.0010017 2.4771e+05
0.0010026 2.4771e+05
0.0010036 2.4771e+05
0.0010045 2.4771e+05
0.0010054 2.4771e+05
0.0010064 2.4771e+05
0.0010073 2.4771e+05
0.0010083 2.4771e+05
0.0010092 2.4771e+05
0.0010102 2.4771e+05
0.0010111 2.4771e+05
0.001012 2.4771e+05
0.001013 2.4771e+05
0.0010139 2.4771e+05
0.0010149 2.4771e+05
0.0010158 2.4771e+05
0.0010168 2.4771e+05
0.0010177 2.4771e+05
0.0010186 2.4771e+05
0.0010196 2.4771e+05
0.0010205 2.4771e+05
0.0010215 2.4771e+05
0.0010224 2.4771e+05
0.0010233 2.4771e+05
0.0010243 2.4771e+05
0.0010252 2.4771e+05
0.0010262 2.4771e+05
0.0010271 2.4771e+05
0.0010281 2.4771e+05
0.001029 2.4771e+05
0.0010299 2.4771e+05
0.0010309 2.4771e+05
0.0010318 2.4771e+05
0.0010328 2.4771e+05
0.0010337 2.4771e+05
0.0010347 2.4771e+05
0.0010356 2.4771e+05
0.0010365 2.4771e+05
0.0010375 2.4771e+05
0.0010384 2.4771e+05
0.0010394 2.4771e+05
0.0010403 2.4771e+05
0.0010413 2.4771e+05
0.0010422 2.4771e+05
0.0010431 2.4771e+05
0.0010441 2.4771e+05
0.001045 2.4771e+05
0.001046 2.4771e+05
0.0010469 2.4771e+05
0.0010478 2.4771e+05
0.0010488 2.4771e+05
0.0010497 2.4771e+05
0.0010507 2.4771e+05
0.0010516 2.4771e+05
0.0010526 2.4771e+05
0.0010535 2.4771e+05
0.0010544 2.4771e+05
0.0010554 2.4771e+05
0.0010563 2.4771e+05
0.0010573 2.4771e+05
0.0010582 2.4771e+05
0.0010592 2.4771e+05
0.0010601 2.4771e+05
0.001061 2.4771e+05
0.001062 2.4771e+05
0.0010629 2.4771e+05
0.0010639 2.4771e+05
0.0010648 2.4771e+05
0.0010658 2.4771e+05
0.0010667 2.4771e+05
0.0010676 2.4771e+05
0.0010686 2.4771e+05
0.0010695 2.4771e+05
0.0010705 2.4771e+05
0.0010714 2.4771e+05
0.0010723 2.4771e+05
0.0010733 2.4771e+05
0.0010742 2.4771e+05
0.0010752 2.4771e+05
0.0010761 2.4771e+05
0.0010771 2.4771e+05
0.001078 2.4771e+05
0.0010789 2.4771e+05
0.0010799 2.4771e+05
0.0010808 2.4771e+05
0.0010818 2.4771e+05
0.0010827 2.4771e+05
0.0010837 2.4771e+05
0.0010846 2.4771e+05
0.0010855 2.4771e+05
0.0010865 2.4771e+05
0.0010874 2.4771e+05
0.0010884 2.4771e+05
0.0010893 2.4771e+05
0.0010903 2.4771e+05
0.0010912 2.4771e+05
0.0010921 2.4771e+05
0.0010931 2.4771e+05
0.001094 2.4771e+05
0.001095 2.4771e+05
0.0010959 2.4771e+05
0.0010968 2.4771e+05
0.0010978 2.4771e+05
0.0010987 2.4771e+05
0.0010997 2.4771e+05
0.0011006 2.4771e+05
0.0011016 2.4771e+05
0.0011025 2.4771e+05
0.0011034 2.4771e+05
0.0011044 2.4771e+05
0.0011053 2.4771e+05
0.0011063 2.4771e+05
0.0011072 2.4771e+05
0.0011082 2.4771e+05
0.0011091 2.4771e+05
0.00111 2.4771e+05
0.001111 2.4771e+05
0.0011119 2.4771e+05
0.0011129 2.4771e+05
0.0011138 2.4771e+05
0.0011148 2.4771e+05
0.0011157 2.4771e+05
0.0011166 2.4771e+05
0.0011176 2.4771e+05
0.0011185 2.4771e+05
0.0011195 2.4771e+05
0.0011204 2.4771e+05
0.0011213 2.4771e+05
0.0011223 2.4771e+05
0.0011232 2.4771e+05
0.0011242 2.4771e+05
0.0011251 2.4771e+05
0.0011261 2.4771e+05
0.001127 2.4771e+05
0.0011279 2.4771e+05
0.0011289 2.4771e+05
0.0011298 2.4771e+05
0.0011308 2.4771e+05
0.0011317 2.4771e+05
0.0011327 2.4771e+05
0.0011336 2.4771e+05
0.0011345 2.4771e+05
0.0011355 2.4771e+05
0.0011364 2.4771e+05
0.0011374 2.4771e+05
0.0011383 2.4771e+05
0.0011393 2.4771e+05
0.0011402 2.4771e+05
0.0011411 2.4771e+05
0.0011421 2.4771e+05
0.001143 2.4771e+05
0.001144 2.4771e+05
0.0011449 2.4771e+05
0.0011458 2.4771e+05
0.0011468 2.4771e+05
0.0011477 2.4771e+05
0.0011487 2.4771e+05
0.0011496 2.4771e+05
0.0011506 2.4771e+05
0.0011515 2.4771e+05
0.0011524 2.4771e+05
0.0011534 2.4771e+05
0.0011543 2.4771e+05
0.0011553 2.4771e+05
0.0011562 2.4771e+05
0.0011572 2.4771e+05
0.0011581 2.4771e+05
0.001159 2.4771e+05
0.00116 2.4771e+05
0.0011609 2.4771e+05
0.0011619 2.4771e+05
0.0011628 2.4771e+05
0.0011638 2.4771e+05
0.0011647 2.4771e+05
0.0011656 2.4771e+05
0.0011666 2.4771e+05
0.0011675 2.4771e+05
0.0011685 2.4771e+05
0.0011694 2.4771e+05
0.0011703 2.4771e+05
0.0011713 2.4771e+05
0.0011722 2.4771e+05
0.0011732 2.4771e+05
0.0011741 2.4771e+05
0.0011751 2.4771e+05
0.001176 2.4771e+05
0.0011769 2.4771e+05
0.0011779 2.4771e+05
0.0011788 2.4771e+05
0.0011798 2.4771e+05
0.0011807 2.4771e+05
0.0011817 2.4771e+05
0.0011826 2.4771e+05
0.0011835 2.4771e+05
0.0011845 2.4771e+05
0.0011854 2.4771e+05
0.0011864 2.4771e+05
0.0011873 2.4771e+05
0.0011883 2.4771e+05
0.0011892 2.4771e+05
0.0011901 2.4771e+05
0.0011911 2.4771e+05
0.001192 2.4771e+05
0.001193 2.4771e+05
0.0011939 2.4771e+05
0.0011948 2.4771e+05
0.0011958 2.4771e+05
0.0011967 2.4771e+05
0.0011977 2.4771e+05
0.0011986 2.4771e+05
0.0011996 2.4771e+05
0.0012005 2.4771e+05
0.0012014 2.4771e+05
0.0012024 2.4771e+05
0.0012033 2.4771e+05
0.0012043 2.4771e+05
0.0012052 2.4771e+05
0.0012062 2.4771e+05
0.0012071 2.4771e+05
0.001208 2.4771e+05
0.001209 2.4771e+05
0.0012099 2.4771e+05
0.0012109 2.4771e+05
0.0012118 2.4771e+05
0.0012128 2.4771e+05
0.0012137 2.4771e+05
0.0012146 2.4771e+05
0.0012156 2.4771e+05
0.0012165 2.4771e+05
0.0012175 2.4771e+05
0.0012184 2.4771e+05
0.0012193 2.4771e+05
0.0012203 2.4771e+05
0.0012212 2.4771e+05
0.0012222 2.4771e+05
0.0012231 2.4771e+05
0.0012241 2.4771e+05
0.001225 2.4771e+05
0.0012259 2.4771e+05
0.0012269 2.4771e+05
0.0012278 2.4771e+05
0.0012288 2.4771e+05
0.0012297 2.4771e+05
0.0012307 2.4771e+05
0.0012316 2.4771e+05
0.0012325 2.4771e+05
0.0012335 2.4771e+05
0.0012344 2.4771e+05
0.0012354 2.4771e+05
0.0012363 2.4771e+05
0.0012373 2.4771e+05
0.0012382 2.4771e+05
0.0012391 2.4771e+05
0.0012401 2.4771e+05
0.001241 2.4771e+05
0.001242 2.4771e+05
0.0012429 2.4771e+05
0.0012438 2.4771e+05
0.0012448 2.4771e+05
0.0012457 2.4771e+05
0.0012467 2.4771e+05
0.0012476 2.4771e+05
0.0012486 2.4771e+05
0.0012495 2.4771e+05
0.0012504 2.4771e+05
0.0012514 2.4771e+05
0.0012523 2.4771e+05
0.0012533 2.4771e+05
0.0012542 2.4771e+05
0.0012552 2.4771e+05
0.0012561 2.4771e+05
0.001257 2.4771e+05
0.001258 2.4771e+05
0.0012589 2.4771e+05
0.0012599 2.4771e+05
0.0012608 2.4771e+05
0.0012618 2.4771e+05
0.0012627 2.4771e+05
0.0012636 2.4771e+05
0.0012646 2.4771e+05
0.0012655 2.4771e+05
0.0012665 2.4771e+05
0.0012674 2.4771e+05
0.0012683 2.4771e+05
0.0012693 2.4771e+05
0.0012702 2.4771e+05
0.0012712 2.4771e+05
0.0012721 2.4771e+05
0.0012731 2.4771e+05
0.001274 2.4771e+05
0.0012749 2.4771e+05
0.0012759 2.4771e+05
0.0012768 2.4771e+05
0.0012778 2.4771e+05
0.0012787 2.4771e+05
0.0012797 2.4771e+05
0.0012806 2.4771e+05
0.0012815 2.4771e+05
0.0012825 2.4771e+05
0.0012834 2.4771e+05
0.0012844 2.4771e+05
0.0012853 2.4771e+05
0.0012863 2.4771e+05
0.0012872 2.4771e+05
0.0012881 2.4771e+05
0.0012891 2.4771e+05
0.00129 2.4771e+05
0.001291 2.4771e+05
0.0012919 2.4771e+05
0.0012928 2.4771e+05
0.0012938 2.4771e+05
0.0012947 2.4771e+05
0.0012957 2.4771e+05
0.0012966 2.4771e+05
0.0012976 2.4771e+05
0.0012985 2.4771e+05
0.0012994 2.4771e+05
0.0013004 2.4771e+05
0.0013013 2.4771e+05
0.0013023 2.4771e+05
0.0013032 2.4771e+05
0.0013042 2.4771e+05
0.0013051 2.4771e+05
0.001306 2.4771e+05
0.001307 2.4771e+05
0.0013079 2.4771e+05
0.0013089 2.4771e+05
0.0013098 2.4771e+05
0.0013108 2.4771e+05
0.0013117 2.4771e+05
0.0013126 2.4771e+05
0.0013136 2.4771e+05
0.0013145 2.4771e+05
0.0013155 2.4771e+05
0.0013164 2.4771e+05
0.0013173 2.4771e+05
0.0013183 2.4771e+05
0.0013192 2.4771e+05
0.0013202 2.4771e+05
0.0013211 2.4771e+05
0.0013221 2.4771e+05
0.001323 2.4771e+05
0.0013239 2.4771e+05
0.0013249 2.4771e+05
0.0013258 2.4771e+05
0.0013268 2.4771e+05
0.0013277 2.4771e+05
0.0013287 2.4771e+05
0.0013296 2.4771e+05
0.0013305 2.4771e+05
0.0013315 2.4771e+05
0.0013324 2.4771e+05
0.0013334 2.4771e+05
0.0013343 2.4771e+05
0.0013353 2.4771e+05
0.0013362 2.4771e+05
0.0013371 2.4771e+05
0.0013381 2.4771e+05
0.001339 2.4771e+05
0.00134 2.4771e+05
0.0013409 2.4771e+05
0.0013418 2.4771e+05
0.0013428 2.4771e+05
0.0013437 2.4771e+05
0.0013447 2.4771e+05
0.0013456 2.4771e+05
0.0013466 2.4771e+05
0.0013475 2.4771e+05
0.0013484 2.4771e+05
0.0013494 2.4771e+05
0.0013503 2.4771e+05
0.0013513 2.4771e+05
0.0013522 2.4771e+05
0.0013532 2.4771e+05
0.0013541 2.4771e+05
0.001355 2.4771e+05
0.001356 2.4771e+05
0.0013569 2.4771e+05
0.0013579 2.4771e+05
0.0013588 2.4771e+05
0.0013598 2.4771e+05
0.0013607 2.4771e+05
0.0013616 2.4771e+05
0.0013626 2.4771e+05
0.0013635 2.4771e+05
0.0013645 2.4771e+05
0.0013654 2.4771e+05
0.0013663 2.4771e+05
0.0013673 2.4771e+05
0.0013682 2.4771e+05
0.0013692 2.4771e+05
0.0013701 2.4771e+05
0.0013711 2.4771e+05
0.001372 2.4771e+05
0.0013729 2.4771e+05
0.0013739 2.4771e+05
0.0013748 2.4771e+05
0.0013758 2.4771e+05
0.0013767 2.4771e+05
0.0013777 2.4771e+05
0.0013786 2.4771e+05
0.0013795 2.4771e+05
0.0013805 2.4771e+05
0.0013814 2.4771e+05
0.0013824 2.4771e+05
0.0013833 2.4771e+05
0.0013843 2.4771e+05
0.0013852 2.4771e+05
0.0013861 2.4771e+05
0.0013871 2.4771e+05
0.001388 2.4771e+05
0.001389 2.4771e+05
0.0013899 2.4771e+05
0.0013908 2.4771e+05
0.0013918 2.4771e+05
0.0013927 2.4771e+05
0.0013937 2.4771e+05
0.0013946 2.4771e+05
0.0013956 2.4771e+05
0.0013965 2.4771e+05
0.0013974 2.4771e+05
0.0013984 2.4771e+05
0.0013993 2.4771e+05
0.0014003 2.4771e+05
0.0014012 2.4771e+05
0.0014022 2.4771e+05
0.0014031 2.4771e+05
0.001404 2.4771e+05
0.001405 2.4771e+05
0.0014059 2.4771e+05
0.0014069 2.4771e+05
0.0014078 2.4771e+05
0.0014088 2.4771e+05
0.0014097 2.4771e+05
0.0014106 2.4771e+05
0.0014116 2.4771e+05
0.0014125 2.4771e+05
0.0014135 2.4771e+05
0.0014144 2.4771e+05
0.0014153 2.4771e+05
0.0014163 2.4771e+05
0.0014172 2.4771e+05
0.0014182 2.4771e+05
0.0014191 2.4771e+05
0.0014201 2.4771e+05
0.001421 2.4771e+05
0.0014219 2.4771e+05
0.0014229 2.4771e+05
0.0014238 2.4771e+05
0.0014248 2.4771e+05
0.0014257 2.4771e+05
0.0014267 2.4771e+05
0.0014276 2.4771e+05
0.0014285 2.4771e+05
0.0014295 2.4771e+05
0.0014304 2.4771e+05
0.0014314 2.4771e+05
0.0014323 2.4771e+05
0.0014333 2.4771e+05
0.0014342 2.4771e+05
0.0014351 2.4771e+05
0.0014361 2.4771e+05
0.001437 2.4771e+05
0.001438 2.4771e+05
0.0014389 2.4771e+05
0.0014398 2.4771e+05
0.0014408 2.4771e+05
0.0014417 2.4771e+05
0.0014427 2.4771e+05
0.0014436 2.4771e+05
0.0014446 2.4771e+05
0.0014455 2.4771e+05
0.0014464 2.4771e+05
0.0014474 2.4771e+05
0.0014483 2.4771e+05
0.0014493 2.4771e+05
0.0014502 2.4771e+05
0.0014512 2.4771e+05
0.0014521 2.4771e+05
0.001453 2.4771e+05
0.001454 2.4771e+05
0.0014549 2.4771e+05
0.0014559 2.4771e+05
0.0014568 2.4771e+05
0.0014578 2.4771e+05
0.0014587 2.4771e+05
0.0014596 2.4771e+05
0.0014606 2.4771e+05
0.0014615 2.4771e+05
0.0014625 2.4771e+05
0.0014634 2.4771e+05
0.0014643 2.4771e+05
0.0014653 2.4771e+05
0.0014662 2.4771e+05
0.0014672 2.4771e+05
0.0014681 2.4771e+05
0.0014691 2.4771e+05
0.00147 2.4771e+05
0.0014709 2.4771e+05
0.0014719 2.4771e+05
0.0014728 2.4771e+05
0.0014738 2.4771e+05
0.0014747 2.4771e+05
0.0014757 2.4771e+05
0.0014766 2.4771e+05
0.0014775 2.4771e+05
0.0014785 2.4771e+05
0.0014794 2.4771e+05
0.0014804 2.4771e+05
0.0014813 2.4771e+05
0.0014823 2.4771e+05
0.0014832 2.4771e+05
0.0014841 2.4771e+05
0.0014851 2.4771e+05
0.001486 2.4771e+05
0.001487 2.4771e+05
0.0014879 2.4771e+05
0.0014888 2.4771e+05
0.0014898 2.4771e+05
0.0014907 2.4771e+05
0.0014917 2.4771e+05
0.0014926 2.4771e+05
0.0014936 2.4771e+05
0.0014945 2.4771e+05
0.0014954 2.4771e+05
0.0014964 2.4771e+05
0.0014973 2.4771e+05
0.0014983 2.4771e+05
0.0014992 2.4771e+05
0.0015002 2.4771e+05
0.0015011 2.4771e+05
0.001502 2.4771e+05
0.001503 2.4771e+05
0.0015039 2.4771e+05
0.0015049 2.4771e+05
0.0015058 2.4771e+05
0.0015068 2.4771e+05
0.0015077 2.4771e+05
0.0015086 2.4771e+05
0.0015096 2.4771e+05
0.0015105 2.4771e+05
0.0015115 2.4771e+05
0.0015124 2.4771e+05
0.0015133 2.4771e+05
0.0015143 2.4771e+05
0.0015152 2.4771e+05
0.0015162 2.4771e+05
0.0015171 2.4771e+05
0.0015181 2.4771e+05
0.001519 2.4771e+05
0.0015199 2.4771e+05
0.0015209 2.4771e+05
0.0015218 2.4771e+05
0.0015228 2.4771e+05
0.0015237 2.4771e+05
0.0015247 2.4771e+05
0.0015256 2.4771e+05
0.0015265 2.4771e+05
0.0015275 2.4771e+05
0.0015284 2.4771e+05
0.0015294 2.4771e+05
0.0015303 2.4771e+05
0.0015313 2.4771e+05
0.0015322 2.4771e+05
0.0015331 2.4771e+05
0.0015341 2.4771e+05
0.001535 2.4771e+05
0.001536 2.4771e+05
0.0015369 2.4771e+05
0.0015378 2.4771e+05
0.0015388 2.4771e+05
0.0015397 2.4771e+05
0.0015407 2.4771e+05
0.0015416 2.4771e+05
0.0015426 2.4771e+05
0.0015435 2.4771e+05
0.0015444 2.4771e+05
0.0015454 2.4771e+05
0.0015463 2.4771e+05
0.0015473 2.4771e+05
0.0015482 2.4771e+05
0.0015492 2.4771e+05
0.0015501 2.4771e+05
0.001551 2.4771e+05
0.001552 2.4771e+05
0.0015529 2.4771e+05
0.0015539 2.4771e+05
0.0015548 2.4771e+05
0.0015558 2.4771e+05
0.0015567 2.4771e+05
0.0015576 2.4771e+05
0.0015586 2.4771e+05
0.0015595 2.4771e+05
0.0015605 2.4771e+05
0.0015614 2.4771e+05
0.0015623 2.4771e+05
0.0015633 2.4771e+05
0.0015642 2.4771e+05
0.0015652 2.4771e+05
0.0015661 2.4771e+05
0.0015671 2.4771e+05
0.001568 2.4771e+05
0.0015689 2.4771e+05
0.0015699 2.4771e+05
0.0015708 2.4771e+05
0.0015718 2.4771e+05
0.0015727 2.4771e+05
0.0015737 2.4771e+05
0.0015746 2.4771e+05
0.0015755 2.4771e+05
0.0015765 2.4771e+05
0.0015774 2.4771e+05
0.0015784 2.4771e+05
0.0015793 2.4771e+05
0.0015803 2.4771e+05
0.0015812 2.4771e+05
0.0015821 2.4771e+05
0.0015831 2.4771e+05
0.001584 2.4771e+05
0.001585 2.4771e+05
0.0015859 2.4771e+05
0.0015868 2.4771e+05
0.0015878 2.4771e+05
0.0015887 2.4771e+05
0.0015897 2.4771e+05
0.0015906 2.4771e+05
0.0015916 2.4771e+05
0.0015925 2.4771e+05
0.0015934 2.4771e+05
0.0015944 2.4771e+05
0.0015953 2.4771e+05
0.0015963 2.4771e+05
0.0015972 2.4771e+05
0.0015982 2.4771e+05
0.0015991 2.4771e+05
0.0016 2.4771e+05
0.001601 2.4771e+05
0.0016019 2.4771e+05
0.0016029 2.4771e+05
0.0016038 2.4771e+05
0.0016048 2.4771e+05
0.0016057 2.4771e+05
0.0016066 2.4771e+05
0.0016076 2.4771e+05
0.0016085 2.4771e+05
0.0016095 2.4771e+05
0.0016104 2.4771e+05
0.0016113 2.4771e+05
0.0016123 2.4771e+05
0.0016132 2.4771e+05
0.0016142 2.4771e+05
0.0016151 2.4771e+05
0.0016161 2.4771e+05
0.001617 2.4771e+05
0.0016179 2.4771e+05
0.0016189 2.4771e+05
0.0016198 2.4771e+05
0.0016208 2.4771e+05
0.0016217 2.4771e+05
0.0016227 2.4771e+05
0.0016236 2.4771e+05
0.0016245 2.4771e+05
0.0016255 2.4771e+05
0.0016264 2.4771e+05
0.0016274 2.4771e+05
0.0016283 2.4771e+05
0.0016293 2.4771e+05
0.0016302 2.4771e+05
0.0016311 2.4771e+05
0.0016321 2.4771e+05
0.001633 2.4771e+05
0.001634 2.4771e+05
0.0016349 2.4771e+05
0.0016358 2.4771e+05
0.0016368 2.4771e+05
0.0016377 2.4771e+05
0.0016387 2.4771e+05
0.0016396 2.4771e+05
0.0016406 2.4771e+05
0.0016415 2.4771e+05
0.0016424 2.4771e+05
0.0016434 2.4771e+05
0.0016443 2.4771e+05
0.0016453 2.4771e+05
0.0016462 2.4771e+05
0.0016472 2.4771e+05
0.0016481 2.4771e+05
0.001649 2.4771e+05
0.00165 2.4771e+05
0.0016509 2.4771e+05
0.0016519 2.4771e+05
0.0016528 2.4771e+05
0.0016538 2.4771e+05
0.0016547 2.4771e+05
0.0016556 2.4771e+05
0.0016566 2.4771e+05
0.0016575 2.4771e+05
0.0016585 2.4771e+05
0.0016594 2.4771e+05
0.0016603 2.4771e+05
0.0016613 2.4771e+05
0.0016622 2.4771e+05
0.0016632 2.4771e+05
0.0016641 2.4771e+05
0.0016651 2.4771e+05
0.001666 2.4771e+05
0.0016669 2.4771e+05
0.0016679 2.4771e+05
0.0016688 2.4771e+05
0.0016698 2.4771e+05
0.0016707 2.4771e+05
0.0016717 2.4771e+05
0.0016726 2.4771e+05
0.0016735 2.4771e+05
0.0016745 2.4771e+05
0.0016754 2.4771e+05
0.0016764 2.4771e+05
0.0016773 2.4771e+05
0.0016783 2.4771e+05
0.0016792 2.4771e+05
0.0016801 2.4771e+05
0.0016811 2.4771e+05
0.001682 2.4771e+05
0.001683 2.4771e+05
0.0016839 2.4771e+05
0.0016848 2.4771e+05
0.0016858 2.4771e+05
0.0016867 2.4771e+05
0.0016877 2.4771e+05
0.0016886 2.4771e+05
0.0016896 2.4771e+05
0.0016905 2.4771e+05
0.0016914 2.4771e+05
0.0016924 2.4771e+05
0.0016933 2.4771e+05
0.0016943 2.4771e+05
0.0016952 2.4771e+05
0.0016962 2.4771e+05
0.0016971 2.4771e+05
0.001698 2.4771e+05
0.001699 2.4771e+05
0.0016999 2.4771e+05
0.0017009 2.4771e+05
0.0017018 2.4771e+05
0.0017028 2.4771e+05
0.0017037 2.4771e+05
0.0017046 2.4771e+05
0.0017056 2.4771e+05
0.0017065 2.4771e+05
0.0017075 2.4771e+05
0.0017084 2.4771e+05
0.0017093 2.4771e+05
0.0017103 2.4771e+05
0.0017112 2.4771e+05
0.0017122 2.4771e+05
0.0017131 2.4771e+05
0.0017141 2.4771e+05
0.001715 2.4771e+05
0.0017159 2.4771e+05
0.0017169 2.4771e+05
0.0017178 2.4771e+05
0.0017188 2.4771e+05
0.0017197 2.4771e+05
0.0017207 2.4771e+05
0.0017216 2.4771e+05
0.0017225 2.4771e+05
0.0017235 2.4771e+05
0.0017244 2.4771e+05
0.0017254 2.4771e+05
0.0017263 2.4771e+05
0.0017273 2.4771e+05
0.0017282 2.4771e+05
0.0017291 2.4771e+05
0.0017301 2.4771e+05
0.001731 2.4771e+05
0.001732 2.4771e+05
0.0017329 2.4771e+05
0.0017338 2.4771e+05
0.0017348 2.4771e+05
0.0017357 2.4771e+05
0.0017367 2.4771e+05
0.0017376 2.4771e+05
0.0017386 2.4771e+05
0.0017395 2.4771e+05
0.0017404 2.4771e+05
0.0017414 2.4771e+05
0.0017423 2.4771e+05
0.0017433 2.4771e+05
0.0017442 2.4771e+05
0.0017452 2.4771e+05
0.0017461 2.4771e+05
0.001747 2.4771e+05
0.001748 2.4771e+05
0.0017489 2.4771e+05
0.0017499 2.4771e+05
0.0017508 2.4771e+05
0.0017518 2.4771e+05
0.0017527 2.4771e+05
0.0017536 2.4771e+05
0.0017546 2.4771e+05
0.0017555 2.4771e+05
0.0017565 2.4771e+05
0.0017574 2.4771e+05
0.0017583 2.4771e+05
0.0017593 2.4771e+05
0.0017602 2.4771e+05
0.0017612 2.4771e+05
0.0017621 2.4771e+05
0.0017631 2.4771e+05
0.001764 2.4771e+05
0.0017649 2.4771e+05
0.0017659 2.4771e+05
0.0017668 2.4771e+05
0.0017678 2.4771e+05
0.0017687 2.4771e+05
0.0017697 2.4771e+05
0.0017706 2.4771e+05
0.0017715 2.4771e+05
0.0017725 2.4771e+05
0.0017734 2.4771e+05
0.0017744 2.4771e+05
0.0017753 2.4771e+05
0.0017763 2.4771e+05
0.0017772 2.4771e+05
0.0017781 2.4771e+05
0.0017791 2.4771e+05
0.00178 2.4771e+05
0.001781 2.4771e+05
0.0017819 2.4771e+05
0.0017828 2.4771e+05
0.0017838 2.4771e+05
0.0017847 2.4771e+05
0.0017857 2.4771e+05
0.0017866 2.4771e+05
0.0017876 2.4771e+05
0.0017885 2.4771e+05
0.0017894 2.4771e+05
0.0017904 2.4771e+05
0.0017913 2.4771e+05
0.0017923 2.4771e+05
0.0017932 2.4771e+05
0.0017942 2.4771e+05
0.0017951 2.4771e+05
0.001796 2.4771e+05
0.001797 2.4771e+05
0.0017979 2.4771e+05
0.0017989 2.4771e+05
0.0017998 2.4771e+05
0.0018008 2.4771e+05
0.0018017 2.4771e+05
0.0018026 2.4771e+05
0.0018036 2.4771e+05
0.0018045 2.4771e+05
0.0018055 2.4771e+05
0.0018064 2.4771e+05
0.0018073 2.4771e+05
0.0018083 2.4771e+05
0.0018092 2.4771e+05
0.0018102 2.4771e+05
0.0018111 2.4771e+05
0.0018121 2.4771e+05
0.001813 2.4771e+05
0.0018139 2.4771e+05
0.0018149 2.4771e+05
0.0018158 2.4771e+05
0.0018168 2.4771e+05
0.0018177 2.4771e+05
0.0018187 2.4771e+05
0.0018196 2.4771e+05
0.0018205 2.4771e+05
0.0018215 2.4771e+05
0.0018224 2.4771e+05
0.0018234 2.4771e+05
0.0018243 2.4771e+05
0.0018253 2.4771e+05
0.0018262 2.4771e+05
0.0018271 2.4771e+05
0.0018281 2.4771e+05
0.001829 2.4771e+05
0.00183 2.4771e+05
0.0018309 2.4771e+05
0.0018318 2.4771e+05
0.0018328 2.4771e+05
0.0018337 2.4771e+05
0.0018347 2.4771e+05
0.0018356 2.4771e+05
0.0018366 2.4771e+05
0.0018375 2.4771e+05
0.0018384 2.4771e+05
0.0018394 2.4771e+05
0.0018403 2.4771e+05
0.0018413 2.4771e+05
0.0018422 2.4771e+05
0.0018432 2.4771e+05
0.0018441 2.4771e+05
0.001845 2.4771e+05
0.001846 2.4771e+05
0.0018469 2.4771e+05
0.0018479 2.4771e+05
0.0018488 2.4771e+05
0.0018498 2.4771e+05
0.0018507 2.4771e+05
0.0018516 2.4771e+05
0.0018526 2.4771e+05
0.0018535 2.4771e+05
0.0018545 2.4771e+05
0.0018554 2.4771e+05
0.0018563 2.4771e+05
0.0018573 2.4771e+05
0.0018582 2.4771e+05
0.0018592 2.4771e+05
0.0018601 2.4771e+05
0.0018611 2.4771e+05
0.001862 2.4771e+05
0.0018629 2.4771e+05
0.0018639 2.4771e+05
0.0018648 2.4771e+05
0.0018658 2.4771e+05
0.0018667 2.4771e+05
0.0018677 2.4771e+05
0.0018686 2.4771e+05
0.0018695 2.4771e+05
0.0018705 2.4771e+05
0.0018714 2.4771e+05
0.0018724 2.4771e+05
0.0018733 2.4771e+05
0.0018743 2.4771e+05
0.0018752 2.4771e+05
0.0018761 2.4771e+05
0.0018771 2.4771e+05
0.001878 2.4771e+05
0.001879 2.4771e+05
0.0018799 2.4771e+05
0.0018808 2.4771e+05
0.0018818 2.4771e+05
0.0018827 2.4771e+05
0.0018837 2.4771e+05
0.0018846 2.4771e+05
0.0018856 2.4771e+05
0.0018865 2.4771e+05
0.0018874 2.4771e+05
0.0018884 2.4771e+05
0.0018893 2.4771e+05
0.0018903 2.4771e+05
0.0018912 2.4771e+05
0.0018922 2.4771e+05
0.0018931 2.4771e+05
0.001894 2.4771e+05
0.001895 2.4771e+05
0.0018959 2.4771e+05
0.0018969 2.4771e+05
0.0018978 2.4771e+05
0.0018988 2.4771e+05
0.0018997 2.4771e+05
0.0019006 2.4771e+05
0.0019016 2.4771e+05
0.0019025 2.4771e+05
0.0019035 2.4771e+05
0.0019044 2.4771e+05
0.0019053 2.4771e+05
0.0019063 2.4771e+05
0.0019072 2.4771e+05
0.0019082 2.4771e+05
0.0019091 2.4771e+05
0.0019101 2.4771e+05
0.001911 2.4771e+05
0.0019119 2.4771e+05
0.0019129 2.4771e+05
0.0019138 2.4771e+05
0.0019148 2.4771e+05
0.0019157 2.4771e+05
0.0019167 2.4771e+05
0.0019176 2.4771e+05
0.0019185 2.4771e+05
0.0019195 2.4771e+05
0.0019204 2.4771e+05
0.0019214 2.4771e+05
0.0019223 2.4771e+05
0.0019233 2.4771e+05
0.0019242 2.4771e+05
0.0019251 2.4771e+05
0.0019261 2.4771e+05
0.001927 2.4771e+05
0.001928 2.4771e+05
0.0019289 2.4771e+05
0.0019298 2.4771e+05
0.0019308 2.4771e+05
0.0019317 2.4771e+05
0.0019327 2.4771e+05
0.0019336 2.4771e+05
0.0019346 2.4771e+05
0.0019355 2.4771e+05
0.0019364 2.4771e+05
0.0019374 2.4771e+05
0.0019383 2.4771e+05
0.0019393 2.4771e+05
0.0019402 2.4771e+05
0.0019412 2.4771e+05
0.0019421 2.4771e+05
0.001943 2.4771e+05
0.001944 2.4771e+05
0.0019449 2.4771e+05
0.0019459 2.4771e+05
0.0019468 2.4771e+05
0.0019478 2.4771e+05
0.0019487 2.4771e+05
0.0019496 2.4771e+05
0.0019506 2.4771e+05
0.0019515 2.4771e+05
0.0019525 2.4771e+05
0.0019534 2.4771e+05
0.0019543 2.4771e+05
0.0019553 2.4771e+05
0.0019562 2.4771e+05
0.0019572 2.4771e+05
0.0019581 2.4771e+05
0.0019591 2.4771e+05
0.00196 2.4771e+05
0.0019609 2.4771e+05
0.0019619 2.4771e+05
0.0019628 2.4771e+05
0.0019638 2.4771e+05
0.0019647 2.4771e+05
0.0019657 2.4771e+05
0.0019666 2.4771e+05
0.0019675 2.4771e+05
0.0019685 2.4771e+05
0.0019694 2.4771e+05
0.0019704 2.4771e+05
0.0019713 2.4771e+05
0.0019723 2.4771e+05
0.0019732 2.4771e+05
0.0019741 2.4771e+05
0.0019751 2.4771e+05
0.001976 2.4771e+05
0.001977 2.4771e+05
0.0019779 2.4771e+05
0.0019788 2.4771e+05
0.0019798 2.4771e+05
0.0019807 2.4771e+05
0.0019817 2.4771e+05
0.0019826 2.4771e+05
0.0019836 2.4771e+05
0.0019845 2.4771e+05
0.0019854 2.4771e+05
0.0019864 2.4771e+05
0.0019873 2.4771e+05
0.0019883 2.4771e+05
0.0019892 2.4771e+05
0.0019902 2.4771e+05
0.0019911 2.4771e+05
0.001992 2.4771e+05
0.001993 2.4771e+05
0.0019939 2.4771e+05
0.0019949 2.4771e+05
0.0019958 2.4771e+05
0.0019968 2.4771e+05
0.0019977 2.4771e+05
0.0019986 2.4771e+05
0.0019996 2.4771e+05
0.0020005 2.4771e+05
0.0020015 2.4771e+05
0.0020024 2.4771e+05
0.0020033 2.4771e+05
0.0020043 2.4771e+05
0.0020052 2.4771e+05
0.0020062 2.4771e+05
0.0020071 2.4771e+05
0.0020081 2.4771e+05
0.002009 2.4771e+05
0.0020099 2.4771e+05
0.0020109 2.4771e+05
0.0020118 2.4771e+05
0.0020128 2.4771e+05
0.0020137 2.4771e+05
0.0020147 2.4771e+05
0.0020156 2.4771e+05
0.0020165 2.4771e+05
0.0020175 2.4771e+05
0.0020184 2.4771e+05
0.0020194 2.4771e+05
0.0020203 2.4771e+05
0.0020213 2.4771e+05
0.0020222 2.4771e+05
0.0020231 2.4771e+05
0.0020241 2.4771e+05
0.002025 2.4771e+05
0.002026 2.4771e+05
0.0020269 2.4771e+05
0.0020278 2.4771e+05
0.0020288 2.4771e+05
0.0020297 2.4771e+05
0.0020307 2.4771e+05
0.0020316 2.4771e+05
0.0020326 2.4771e+05
0.0020335 2.4771e+05
0.0020344 2.4771e+05
0.0020354 2.4771e+05
0.0020363 2.4771e+05
0.0020373 2.4771e+05
0.0020382 2.4771e+05
0.0020392 2.4771e+05
0.0020401 2.4771e+05
0.002041 2.4771e+05
0.002042 2.4771e+05
0.0020429 2.4771e+05
0.0020439 2.4771e+05
0.0020448 2.4771e+05
0.0020458 2.4771e+05
0.0020467 2.4771e+05
0.0020476 2.4771e+05
0.0020486 2.4771e+05
0.0020495 2.4771e+05
0.0020505 2.4771e+05
0.0020514 2.4771e+05
0.0020523 2.4771e+05
0.0020533 2.4771e+05
0.0020542 2.4771e+05
0.0020552 2.4771e+05
0.0020561 2.4771e+05
0.0020571 2.4771e+05
0.002058 2.4771e+05
0.0020589 2.4771e+05
0.0020599 2.4771e+05
0.0020608 2.4771e+05
0.0020618 2.4771e+05
0.0020627 2.4771e+05
0.0020637 2.4771e+05
0.0020646 2.4771e+05
0.0020655 2.4771e+05
0.0020665 2.4771e+05
0.0020674 2.4771e+05
0.0020684 2.4771e+05
0.0020693 2.4771e+05
0.0020703 2.4771e+05
0.0020712 2.4771e+05
0.0020721 2.4771e+05
0.0020731 2.4771e+05
0.002074 2.4771e+05
0.002075 2.4771e+05
0.0020759 2.4771e+05
0.0020768 2.4771e+05
0.0020778 2.4771e+05
0.0020787 2.4771e+05
0.0020797 2.4771e+05
0.0020806 2.4771e+05
0.0020816 2.4771e+05
0.0020825 2.4771e+05
0.0020834 2.4771e+05
0.0020844 2.4771e+05
0.0020853 2.4771e+05
0.0020863 2.4771e+05
0.0020872 2.4771e+05
0.0020882 2.4771e+05
0.0020891 2.4771e+05
0.00209 2.4771e+05
0.002091 2.4771e+05
0.0020919 2.4771e+05
0.0020929 2.4771e+05
0.0020938 2.4771e+05
0.0020948 2.4771e+05
0.0020957 2.4771e+05
0.0020966 2.4771e+05
0.0020976 2.4771e+05
0.0020985 2.4771e+05
0.0020995 2.4771e+05
0.0021004 2.4771e+05
0.0021013 2.4771e+05
0.0021023 2.4771e+05
0.0021032 2.4771e+05
0.0021042 2.4771e+05
0.0021051 2.4771e+05
0.0021061 2.4771e+05
0.002107 2.4771e+05
0.0021079 2.4771e+05
0.0021089 2.4771e+05
0.0021098 2.4771e+05
0.0021108 2.4771e+05
0.0021117 2.4771e+05
0.0021127 2.4771e+05
0.0021136 2.4771e+05
0.0021145 2.4771e+05
0.0021155 2.4771e+05
0.0021164 2.4771e+05
0.0021174 2.4771e+05
0.0021183 2.4771e+05
0.0021193 2.4771e+05
0.0021202 2.4771e+05
0.0021211 2.4771e+05
0.0021221 2.4771e+05
0.002123 2.4771e+05
0.002124 2.4771e+05
0.0021249 2.4771e+05
0.0021258 2.4771e+05
0.0021268 2.4771e+05
0.0021277 2.4771e+05
0.0021287 2.4771e+05
0.0021296 2.4771e+05
0.0021306 2.4771e+05
0.0021315 2.4771e+05
0.0021324 2.4771e+05
0.0021334 2.4771e+05
0.0021343 2.4771e+05
0.0021353 2.4771e+05
0.0021362 2.4771e+05
0.0021372 2.4771e+05
0.0021381 2.4771e+05
0.002139 2.4771e+05
0.00214 2.4771e+05
0.0021409 2.4771e+05
0.0021419 2.4771e+05
0.0021428 2.4771e+05
0.0021438 2.4771e+05
0.0021447 2.4771e+05
0.0021456 2.4771e+05
0.0021466 2.4771e+05
0.0021475 2.4771e+05
0.0021485 2.4771e+05
0.0021494 2.4771e+05
0.0021503 2.4771e+05
0.0021513 2.4771e+05
0.0021522 2.4771e+05
0.0021532 2.4771e+05
0.0021541 2.4771e+05
0.0021551 2.4771e+05
0.002156 2.4771e+05
0.0021569 2.4771e+05
0.0021579 2.4771e+05
0.0021588 2.4771e+05
0.0021598 2.4771e+05
0.0021607 2.4771e+05
0.0021617 2.4771e+05
0.0021626 2.4771e+05
0.0021635 2.4771e+05
0.0021645 2.4771e+05
0.0021654 2.4771e+05
0.0021664 2.4771e+05
0.0021673 2.4771e+05
0.0021683 2.4771e+05
0.0021692 2.4771e+05
0.0021701 2.4771e+05
0.0021711 2.4771e+05
0.002172 2.4771e+05
0.002173 2.4771e+05
0.0021739 2.4771e+05
0.0021748 2.4771e+05
0.0021758 2.4771e+05
0.0021767 2.4771e+05
0.0021777 2.4771e+05
0.0021786 2.4771e+05
0.0021796 2.4771e+05
0.0021805 2.4771e+05
0.0021814 2.4771e+05
0.0021824 2.4771e+05
0.0021833 2.4771e+05
0.0021843 2.4771e+05
0.0021852 2.4771e+05
0.0021862 2.4771e+05
0.0021871 2.4771e+05
0.002188 2.4771e+05
0.002189 2.4771e+05
0.0021899 2.4771e+05
0.0021909 2.4771e+05
0.0021918 2.4771e+05
0.0021928 2.4771e+05
0.0021937 2.4771e+05
0.0021946 2.4771e+05
0.0021956 2.4771e+05
0.0021965 2.4771e+05
0.0021975 2.4771e+05
0.0021984 2.4771e+05
0.0021993 2.4771e+05
0.0022003 2.4771e+05
0.0022012 2.4771e+05
0.0022022 2.4771e+05
0.0022031 2.4771e+05
0.0022041 2.4771e+05
0.002205 2.4771e+05
0.0022059 2.4771e+05
0.0022069 2.4771e+05
0.0022078 2.4771e+05
0.0022088 2.4771e+05
0.0022097 2.4771e+05
0.0022107 2.4771e+05
0.0022116 2.4771e+05
0.0022125 2.4771e+05
0.0022135 2.4771e+05
0.0022144 2.4771e+05
0.0022154 2.4771e+05
0.0022163 2.4771e+05
0.0022173 2.4771e+05
0.0022182 2.4771e+05
0.0022191 2.4771e+05
0.0022201 2.4771e+05
0.002221 2.4771e+05
0.002222 2.4771e+05
0.0022229 2.4771e+05
0.0022238 2.4771e+05
0.0022248 2.4771e+05
0.0022257 2.4771e+05
0.0022267 2.4771e+05
0.0022276 2.4771e+05
0.0022286 2.4771e+05
0.0022295 2.4771e+05
0.0022304 2.4771e+05
0.0022314 2.4771e+05
0.0022323 2.4771e+05
0.0022333 2.4771e+05
0.0022342 2.4771e+05
0.0022352 2.4771e+05
0.0022361 2.4771e+05
0.002237 2.4771e+05
0.002238 2.4771e+05
0.0022389 2.4771e+05
0.0022399 2.4771e+05
0.0022408 2.4771e+05
0.0022418 2.4771e+05
0.0022427 2.4771e+05
0.0022436 2.4771e+05
0.0022446 2.4771e+05
0.0022455 2.4771e+05
0.0022465 2.4771e+05
0.0022474 2.4771e+05
0.0022483 2.4771e+05
0.0022493 2.4771e+05
0.0022502 2.4771e+05
0.0022512 2.4771e+05
0.0022521 2.4771e+05
0.0022531 2.4771e+05
0.002254 2.4771e+05
0.0022549 2.4771e+05
0.0022559 2.4771e+05
0.0022568 2.4771e+05
0.0022578 2.4771e+05
0.0022587 2.4771e+05
0.0022597 2.4771e+05
0.0022606 2.4771e+05
0.0022615 2.4771e+05
0.0022625 2.4771e+05
0.0022634 2.4771e+05
0.0022644 2.4771e+05
0.0022653 2.4771e+05
0.0022663 2.4771e+05
0.0022672 2.4771e+05
0.0022681 2.4771e+05
0.0022691 2.4771e+05
0.00227 2.4771e+05
0.002271 2.4771e+05
0.0022719 2.4771e+05
0.0022728 2.4771e+05
0.0022738 2.4771e+05
0.0022747 2.4771e+05
0.0022757 2.4771e+05
0.0022766 2.4771e+05
0.0022776 2.4771e+05
0.0022785 2.4771e+05
0.0022794 2.4771e+05
0.0022804 2.4771e+05
0.0022813 2.4771e+05
0.0022823 2.4771e+05
0.0022832 2.4771e+05
0.0022842 2.4771e+05
0.0022851 2.4771e+05
0.002286 2.4771e+05
0.002287 2.4771e+05
0.0022879 2.4771e+05
0.0022889 2.4771e+05
0.0022898 2.4771e+05
0.0022908 2.4771e+05
0.0022917 2.4771e+05
0.0022926 2.4771e+05
0.0022936 2.4771e+05
0.0022945 2.4771e+05
0.0022955 2.4771e+05
0.0022964 2.4771e+05
0.0022973 2.4771e+05
0.0022983 2.4771e+05
0.0022992 2.4771e+05
0.0023002 2.4771e+05
0.0023011 2.4771e+05
0.0023021 2.4771e+05
0.002303 2.4771e+05
0.0023039 2.4771e+05
0.0023049 2.4771e+05
0.0023058 2.4771e+05
0.0023068 2.4771e+05
0.0023077 2.4771e+05
0.0023087 2.4771e+05
0.0023096 2.4771e+05
0.0023105 2.4771e+05
0.0023115 2.4771e+05
0.0023124 2.4771e+05
0.0023134 2.4771e+05
0.0023143 2.4771e+05
0.0023153 2.4771e+05
0.0023162 2.4771e+05
0.0023171 2.4771e+05
0.0023181 2.4771e+05
0.002319 2.4771e+05
0.00232 2.4771e+05
0.0023209 2.4771e+05
0.0023218 2.4771e+05
0.0023228 2.4771e+05
0.0023237 2.4771e+05
0.0023247 2.4771e+05
0.0023256 2.4771e+05
0.0023266 2.4771e+05
0.0023275 2.4771e+05
0.0023284 2.4771e+05
0.0023294 2.4771e+05
0.0023303 2.4771e+05
0.0023313 2.4771e+05
0.0023322 2.4771e+05
0.0023332 2.4771e+05
0.0023341 2.4771e+05
0.002335 2.4771e+05
0.002336 2.4771e+05
0.0023369 2.4771e+05
0.0023379 2.4771e+05
0.0023388 2.4771e+05
0.0023398 2.4771e+05
0.0023407 2.4771e+05
0.0023416 2.4771e+05
0.0023426 2.4771e+05
0.0023435 2.4771e+05
0.0023445 2.4771e+05
0.0023454 2.4771e+05
0.0023463 2.4771e+05
0.0023473 2.4771e+05
0.0023482 2.4771e+05
0.0023492 2.4771e+05
0.0023501 2.4771e+05
0.0023511 2.4771e+05
0.002352 2.4771e+05
0.0023529 2.4771e+05
0.0023539 2.4771e+05
0.0023548 2.4771e+05
0.0023558 2.4771e+05
0.0023567 2.4771e+05
0.0023577 2.4771e+05
0.0023586 2.4771e+05
0.0023595 2.4771e+05
0.0023605 2.4771e+05
0.0023614 2.4771e+05
0.0023624 2.4771e+05
0.0023633 2.4771e+05
0.0023643 2.4771e+05
0.0023652 2.4771e+05
0.0023661 2.4771e+05
0.0023671 2.4771e+05
0.002368 2.4771e+05
0.002369 2.4771e+05
0.0023699 2.4771e+05
0.0023708 2.4771e+05
0.0023718 2.4771e+05
0.0023727 2.4771e+05
0.0023737 2.4771e+05
0.0023746 2.4771e+05
0.0023756 2.4771e+05
0.0023765 2.4771e+05
0.0023774 2.4771e+05
0.0023784 2.4771e+05
0.0023793 2.4771e+05
0.0023803 2.4771e+05
0.0023812 2.4771e+05
0.0023822 2.4771e+05
0.0023831 2.4771e+05
0.002384 2.4771e+05
0.002385 2.4771e+05
0.0023859 2.4771e+05
0.0023869 2.4771e+05
0.0023878 2.4771e+05
0.0023888 2.4771e+05
0.0023897 2.4771e+05
0.0023906 2.4771e+05
0.0023916 2.4771e+05
0.0023925 2.4771e+05
0.0023935 2.4771e+05
0.0023944 2.4771e+05
0.0023953 2.4771e+05
0.0023963 2.4771e+05
0.0023972 2.4771e+05
0.0023982 2.4771e+05
0.0023991 2.4771e+05
0.0024001 2.4771e+05
0.002401 2.4771e+05
0.0024019 2.4771e+05
0.0024029 2.4771e+05
0.0024038 2.4771e+05
0.0024048 2.4771e+05
0.0024057 2.4771e+05
0.0024067 2.4771e+05
0.0024076 2.4771e+05
0.0024085 2.4771e+05
0.0024095 2.4771e+05
0.0024104 2.4771e+05
0.0024114 2.4771e+05
0.0024123 2.4771e+05
0.0024133 2.4771e+05
0.0024142 2.4771e+05
0.0024151 2.4771e+05
0.0024161 2.4771e+05
0.002417 2.4771e+05
0.002418 2.4771e+05
0.0024189 2.4771e+05
0.0024198 2.4771e+05
0.0024208 2.4771e+05
0.0024217 2.4771e+05
0.0024227 2.4771e+05
0.0024236 2.4771e+05
0.0024246 2.4771e+05
0.0024255 2.4771e+05
0.0024264 2.4771e+05
0.0024274 2.4771e+05
0.0024283 2.4771e+05
0.0024293 2.4771e+05
0.0024302 2.4771e+05
0.0024312 2.4771e+05
0.0024321 2.4771e+05
0.002433 2.4771e+05
0.002434 2.4771e+05
0.0024349 2.4771e+05
0.0024359 2.4771e+05
0.0024368 2.4771e+05
0.0024378 2.4771e+05
0.0024387 2.4771e+05
0.0024396 2.4771e+05
0.0024406 2.4771e+05
0.0024415 2.4771e+05
0.0024425 2.4771e+05
0.0024434 2.4771e+05
0.0024443 2.4771e+05
0.0024453 2.4771e+05
0.0024462 2.4771e+05
0.0024472 2.4771e+05
0.0024481 2.4771e+05
0.0024491 2.4771e+05
0.00245 2.4771e+05
0.0024509 2.4771e+05
0.0024519 2.4771e+05
0.0024528 2.4771e+05
0.0024538 2.4771e+05
0.0024547 2.4771e+05
0.0024557 2.4771e+05
0.0024566 2.4771e+05
0.0024575 2.4771e+05
0.0024585 2.4771e+05
0.0024594 2.4771e+05
0.0024604 2.4771e+05
0.0024613 2.4771e+05
0.0024623 2.4771e+05
0.0024632 2.4771e+05
0.0024641 2.4771e+05
0.0024651 2.4771e+05
0.002466 2.4771e+05
0.002467 2.4771e+05
0.0024679 2.4771e+05
0.0024688 2.4771e+05
0.0024698 2.4771e+05
0.0024707 2.4771e+05
0.0024717 2.4771e+05
0.0024726 2.4771e+05
0.0024736 2.4771e+05
0.0024745 2.4771e+05
0.0024754 2.4771e+05
0.0024764 2.4771e+05
0.0024773 2.4771e+05
0.0024783 2.4771e+05
0.0024792 2.4771e+05
0.0024802 2.4771e+05
0.0024811 2.4771e+05
0.002482 2.4771e+05
0.002483 2.4771e+05
0.0024839 2.4771e+05
0.0024849 2.4771e+05
0.0024858 2.4771e+05
0.0024868 2.4771e+05
0.0024877 2.4771e+05
0.0024886 2.4771e+05
0.0024896 2.4771e+05
0.0024905 2.4771e+05
0.0024915 2.4771e+05
0.0024924 2.4771e+05
0.0024933 2.4771e+05
0.0024943 2.4771e+05
0.0024952 2.4771e+05
0.0024962 2.4771e+05
0.0024971 2.4771e+05
0.0024981 2.4771e+05
0.002499 2.4771e+05
0.0024999 2.4771e+05
0.0025009 2.4771e+05
0.0025018 2.4771e+05
0.0025028 2.4771e+05
0.0025037 2.4771e+05
0.0025047 2.4771e+05
0.0025056 2.4771e+05
0.0025065 2.4771e+05
0.0025075 2.4771e+05
0.0025084 2.4771e+05
0.0025094 2.4771e+05
0.0025103 2.4771e+05
0.0025113 2.4771e+05
0.0025122 2.4771e+05
0.0025131 2.4771e+05
0.0025141 2.4771e+05
0.002515 2.4771e+05
0.002516 2.4771e+05
0.0025169 2.4771e+05
0.0025178 2.4771e+05
0.0025188 2.4771e+05
0.0025197 2.4771e+05
0.0025207 2.4771e+05
0.0025216 2.4771e+05
0.0025226 2.4771e+05
0.0025235 2.4771e+05
0.0025244 2.4771e+05
0.0025254 2.4771e+05
0.0025263 2.4771e+05
0.0025273 2.4771e+05
0.0025282 2.4771e+05
0.0025292 2.4771e+05
0.0025301 2.4771e+05
0.002531 2.4771e+05
0.002532 2.4771e+05
0.0025329 2.4771e+05
0.0025339 2.4771e+05
0.0025348 2.4771e+05
0.0025358 2.4771e+05
0.0025367 2.4771e+05
0.0025376 2.4771e+05
0.0025386 2.4771e+05
0.0025395 2.4771e+05
0.0025405 2.4771e+05
0.0025414 2.4771e+05
0.0025423 2.4771e+05
0.0025433 2.4771e+05
0.0025442 2.4771e+05
0.0025452 2.4771e+05
0.0025461 2.4771e+05
0.0025471 2.4771e+05
0.002548 2.4771e+05
0.0025489 2.4771e+05
0.0025499 2.4771e+05
0.0025508 2.4771e+05
0.0025518 2.4771e+05
0.0025527 2.4771e+05
0.0025537 2.4771e+05
0.0025546 2.4771e+05
0.0025555 2.4771e+05
0.0025565 2.4771e+05
0.0025574 2.4771e+05
0.0025584 2.4771e+05
0.0025593 2.4771e+05
0.0025603 2.4771e+05
0.0025612 2.4771e+05
0.0025621 2.4771e+05
0.0025631 2.4771e+05
0.002564 2.4771e+05
0.002565 2.4771e+05
0.0025659 2.4771e+05
0.0025668 2.4771e+05
0.0025678 2.4771e+05
0.0025687 2.4771e+05
0.0025697 2.4771e+05
0.0025706 2.4771e+05
0.0025716 2.4771e+05
0.0025725 2.4771e+05
0.0025734 2.4771e+05
0.0025744 2.4771e+05
0.0025753 2.4771e+05
0.0025763 2.4771e+05
0.0025772 2.4771e+05
0.0025782 2.4771e+05
0.0025791 2.4771e+05
0.00258 2.4771e+05
0.002581 2.4771e+05
0.0025819 2.4771e+05
0.0025829 2.4771e+05
0.0025838 2.4771e+05
0.0025848 2.4771e+05
0.0025857 2.4771e+05
0.0025866 2.4771e+05
0.0025876 2.4771e+05
0.0025885 2.4771e+05
0.0025895 2.4771e+05
0.0025904 2.4771e+05
0.0025913 2.4771e+05
0.0025923 2.4771e+05
0.0025932 2.4771e+05
0.0025942 2.4771e+05
0.0025951 2.4771e+05
0.0025961 2.4771e+05
0.002597 2.4771e+05
0.0025979 2.4771e+05
0.0025989 2.4771e+05
0.0025998 2.4771e+05
0.0026008 2.4771e+05
0.0026017 2.4771e+05
0.0026027 2.4771e+05
0.0026036 2.4771e+05
0.0026045 2.4771e+05
0.0026055 2.4771e+05
0.0026064 2.4771e+05
0.0026074 2.4771e+05
0.0026083 2.4771e+05
0.0026093 2.4771e+05
0.0026102 2.4771e+05
0.0026111 2.4771e+05
0.0026121 2.4771e+05
0.002613 2.4771e+05
0.002614 2.4771e+05
0.0026149 2.4771e+05
0.0026158 2.4771e+05
0.0026168 2.4771e+05
0.0026177 2.4771e+05
0.0026187 2.4771e+05
0.0026196 2.4771e+05
0.0026206 2.4771e+05
0.0026215 2.4771e+05
0.0026224 2.4771e+05
0.0026234 2.4771e+05
0.0026243 2.4771e+05
0.0026253 2.4771e+05
0.0026262 2.4771e+05
0.0026272 2.4771e+05
0.0026281 2.4771e+05
0.002629 2.4771e+05
0.00263 2.4771e+05
0.0026309 2.4771e+05
0.0026319 2.4771e+05
0.0026328 2.4771e+05
0.0026338 2.4771e+05
0.0026347 2.4771e+05
0.0026356 2.4771e+05
0.0026366 2.4771e+05
0.0026375 2.4771e+05
0.0026385 2.4771e+05
0.0026394 2.4771e+05
0.0026403 2.4771e+05
0.0026413 2.4771e+05
0.0026422 2.4771e+05
0.0026432 2.4771e+05
0.0026441 2.4771e+05
0.0026451 2.4771e+05
0.002646 2.4771e+05
0.0026469 2.4771e+05
0.0026479 2.4771e+05
0.0026488 2.4771e+05
0.0026498 2.4771e+05
0.0026507 2.4771e+05
0.0026517 2.4771e+05
0.0026526 2.4771e+05
0.0026535 2.4771e+05
0.0026545 2.4771e+05
0.0026554 2.4771e+05
0.0026564 2.4771e+05
0.0026573 2.4771e+05
0.0026583 2.4771e+05
0.0026592 2.4771e+05
0.0026601 2.4771e+05
0.0026611 2.4771e+05
0.002662 2.4771e+05
0.002663 2.4771e+05
0.0026639 2.4771e+05
0.0026648 2.4771e+05
0.0026658 2.4771e+05
0.0026667 2.4771e+05
0.0026677 2.4771e+05
0.0026686 2.4771e+05
0.0026696 2.4771e+05
0.0026705 2.4771e+05
0.0026714 2.4771e+05
0.0026724 2.4771e+05
0.0026733 2.4771e+05
0.0026743 2.4771e+05
0.0026752 2.4771e+05
0.0026762 2.4771e+05
0.0026771 2.4771e+05
0.002678 2.4771e+05
0.002679 2.4771e+05
0.0026799 2.4771e+05
0.0026809 2.4771e+05
0.0026818 2.4771e+05
0.0026828 2.4771e+05
0.0026837 2.4771e+05
0.0026846 2.4771e+05
0.0026856 2.4771e+05
0.0026865 2.4771e+05
0.0026875 2.4771e+05
0.0026884 2.4771e+05
0.0026893 2.4771e+05
0.0026903 2.4771e+05
0.0026912 2.4771e+05
0.0026922 2.4771e+05
0.0026931 2.4771e+05
0.0026941 2.4771e+05
0.002695 2.4771e+05
0.0026959 2.4771e+05
0.0026969 2.4771e+05
0.0026978 2.4771e+05
0.0026988 2.4771e+05
0.0026997 2.4771e+05
0.0027007 2.4771e+05
0.0027016 2.4771e+05
0.0027025 2.4771e+05
0.0027035 2.4771e+05
0.0027044 2.4771e+05
0.0027054 2.4771e+05
0.0027063 2.4771e+05
0.0027073 2.4771e+05
0.0027082 2.4771e+05
0.0027091 2.4771e+05
0.0027101 2.4771e+05
0.002711 2.4771e+05
0.002712 2.4771e+05
0.0027129 2.4771e+05
0.0027138 2.4771e+05
0.0027148 2.4771e+05
0.0027157 2.4771e+05
0.0027167 2.4771e+05
0.0027176 2.4771e+05
0.0027186 2.4771e+05
0.0027195 2.4771e+05
0.0027204 2.4771e+05
0.0027214 2.4771e+05
0.0027223 2.4771e+05
0.0027233 2.4771e+05
0.0027242 2.4771e+05
0.0027252 2.4771e+05
0.0027261 2.4771e+05
0.002727 2.4771e+05
0.002728 2.4771e+05
0.0027289 2.4771e+05
0.0027299 2.4771e+05
0.0027308 2.4771e+05
0.0027318 2.4771e+05
0.0027327 2.4771e+05
0.0027336 2.4771e+05
0.0027346 2.4771e+05
0.0027355 2.4771e+05
0.0027365 2.4771e+05
0.0027374 2.4771e+05
0.0027383 2.4771e+05
0.0027393 2.4771e+05
0.0027402 2.4771e+05
0.0027412 2.4771e+05
0.0027421 2.4771e+05
0.0027431 2.4771e+05
0.002744 2.4771e+05
0.0027449 2.4771e+05
0.0027459 2.4771e+05
0.0027468 2.4771e+05
0.0027478 2.4771e+05
0.0027487 2.4771e+05
0.0027497 2.4771e+05
0.0027506 2.4771e+05
0.0027515 2.4771e+05
0.0027525 2.4771e+05
0.0027534 2.4771e+05
0.0027544 2.4771e+05
0.0027553 2.4771e+05
0.0027563 2.4771e+05
0.0027572 2.4771e+05
0.0027581 2.4771e+05
0.0027591 2.4771e+05
0.00276 2.4771e+05
0.002761 2.4771e+05
0.0027619 2.4771e+05
0.0027628 2.4771e+05
0.0027638 2.4771e+05
0.0027647 2.4771e+05
0.0027657 2.4771e+05
0.0027666 2.4771e+05
0.0027676 2.4771e+05
0.0027685 2.4771e+05
0.0027694 2.4771e+05
0.0027704 2.4771e+05
0.0027713 2.4771e+05
0.0027723 2.4771e+05
0.0027732 2.4771e+05
0.0027742 2.4771e+05
0.0027751 2.4771e+05
0.002776 2.4771e+05
0.002777 2.4771e+05
0.0027779 2.4771e+05
0.0027789 2.4771e+05
0.0027798 2.4771e+05
0.0027808 2.4771e+05
0.0027817 2.4771e+05
0.0027826 2.4771e+05
0.0027836 2.4771e+05
0.0027845 2.4771e+05
0.0027855 2.4771e+05
0.0027864 2.4771e+05
0.0027873 2.4771e+05
0.0027883 2.4771e+05
0.0027892 2.4771e+05
0.0027902 2.4771e+05
0.0027911 2.4771e+05
0.0027921 2.4771e+05
0.002793 2.4771e+05
0.0027939 2.4771e+05
0.0027949 2.4771e+05
0.0027958 2.4771e+05
0.0027968 2.4771e+05
0.0027977 2.4771e+05
0.0027987 2.4771e+05
0.0027996 2.4771e+05
0.0028005 2.4771e+05
0.0028015 2.4771e+05
0.0028024 2.4771e+05
0.0028034 2.4771e+05
0.0028043 2.4771e+05
0.0028053 2.4771e+05
0.0028062 2.4771e+05
0.0028071 2.4771e+05
0.0028081 2.4771e+05
0.002809 2.4771e+05
0.00281 2.4771e+05
0.0028109 2.4771e+05
0.0028118 2.4771e+05
0.0028128 2.4771e+05
0.0028137 2.4771e+05
0.0028147 2.4771e+05
0.0028156 2.4771e+05
0.0028166 2.4771e+05
0.0028175 2.4771e+05
0.0028184 2.4771e+05
0.0028194 2.4771e+05
0.0028203 2.4771e+05
0.0028213 2.4771e+05
0.0028222 2.4771e+05
0.0028232 2.4771e+05
0.0028241 2.4771e+05
0.002825 2.4771e+05
0.002826 2.4771e+05
0.0028269 2.4771e+05
0.0028279 2.4771e+05
0.0028288 2.4771e+05
0.0028298 2.4771e+05
0.0028307 2.4771e+05
0.0028316 2.4771e+05
0.0028326 2.4771e+05
0.0028335 2.4771e+05
0.0028345 2.4771e+05
0.0028354 2.4771e+05
0.0028363 2.4771e+05
0.0028373 2.4771e+05
0.0028382 2.4771e+05
0.0028392 2.4771e+05
0.0028401 2.4771e+05
0.0028411 2.4771e+05
0.002842 2.4771e+05
0.0028429 2.4771e+05
0.0028439 2.4771e+05
0.0028448 2.4771e+05
0.0028458 2.4771e+05
0.0028467 2.4771e+05
0.0028477 2.4771e+05
0.0028486 2.4771e+05
0.0028495 2.4771e+05
0.0028505 2.4771e+05
0.0028514 2.4771e+05
0.0028524 2.4771e+05
0.0028533 2.4771e+05
0.0028543 2.4771e+05
0.0028552 2.4771e+05
0.0028561 2.4771e+05
0.0028571 2.4771e+05
0.002858 2.4771e+05
0.002859 2.4771e+05
0.0028599 2.4771e+05
0.0028608 2.4771e+05
0.0028618 2.4771e+05
0.0028627 2.4771e+05
0.0028637 2.4771e+05
0.0028646 2.4771e+05
0.0028656 2.4771e+05
0.0028665 2.4771e+05
0.0028674 2.4771e+05
0.0028684 2.4771e+05
0.0028693 2.4771e+05
0.0028703 2.4771e+05
0.0028712 2.4771e+05
0.0028722 2.4771e+05
0.0028731 2.4771e+05
0.002874 2.4771e+05
0.002875 2.4771e+05
0.0028759 2.4771e+05
0.0028769 2.4771e+05
0.0028778 2.4771e+05
0.0028788 2.4771e+05
0.0028797 2.4771e+05
0.0028806 2.4771e+05
0.0028816 2.4771e+05
0.0028825 2.4771e+05
0.0028835 2.4771e+05
0.0028844 2.4771e+05
0.0028853 2.4771e+05
0.0028863 2.4771e+05
0.0028872 2.4771e+05
0.0028882 2.4771e+05
0.0028891 2.4771e+05
0.0028901 2.4771e+05
0.002891 2.4771e+05
0.0028919 2.4771e+05
0.0028929 2.4771e+05
0.0028938 2.4771e+05
0.0028948 2.4771e+05
0.0028957 2.4771e+05
0.0028967 2.4771e+05
0.0028976 2.4771e+05
0.0028985 2.4771e+05
0.0028995 2.4771e+05
0.0029004 2.4771e+05
0.0029014 2.4771e+05
0.0029023 2.4771e+05
0.0029033 2.4771e+05
0.0029042 2.4771e+05
0.0029051 2.4771e+05
0.0029061 2.4771e+05
0.002907 2.4771e+05
0.002908 2.4771e+05
0.0029089 2.4771e+05
0.0029098 2.4771e+05
0.0029108 2.4771e+05
0.0029117 2.4771e+05
0.0029127 2.4771e+05
0.0029136 2.4771e+05
0.0029146 2.4771e+05
0.0029155 2.4771e+05
0.0029164 2.4771e+05
0.0029174 2.4771e+05
0.0029183 2.4771e+05
0.0029193 2.4771e+05
0.0029202 2.4771e+05
0.0029212 2.4771e+05
0.0029221 2.4771e+05
0.002923 2.4771e+05
0.002924 2.4771e+05
0.0029249 2.4771e+05
0.0029259 2.4771e+05
0.0029268 2.4771e+05
0.0029278 2.4771e+05
0.0029287 2.4771e+05
0.0029296 2.4771e+05
0.0029306 2.4771e+05
0.0029315 2.4771e+05
0.0029325 2.4771e+05
0.0029334 2.4771e+05
0.0029343 2.4771e+05
0.0029353 2.4771e+05
0.0029362 2.4771e+05
0.0029372 2.4771e+05
0.0029381 2.4771e+05
0.0029391 2.4771e+05
0.00294 2.4771e+05
0.0029409 2.4771e+05
0.0029419 2.4771e+05
0.0029428 2.4771e+05
0.0029438 2.4771e+05
0.0029447 2.4771e+05
0.0029457 2.4771e+05
0.0029466 2.4771e+05
0.0029475 2.4771e+05
0.0029485 2.4771e+05
0.0029494 2.4771e+05
0.0029504 2.4771e+05
0.0029513 2.4771e+05
0.0029523 2.4771e+05
0.0029532 2.4771e+05
0.0029541 2.4771e+05
0.0029551 2.4771e+05
0.002956 2.4771e+05
0.002957 2.4771e+05
0.0029579 2.4771e+05
0.0029588 2.4771e+05
0.0029598 2.4771e+05
0.0029607 2.4771e+05
0.0029617 2.4771e+05
0.0029626 2.4771e+05
0.0029636 2.4771e+05
0.0029645 2.4771e+05
0.0029654 2.4771e+05
0.0029664 2.4771e+05
0.0029673 2.4771e+05
0.0029683 2.4771e+05
0.0029692 2.4771e+05
0.0029702 2.4771e+05
0.0029711 2.4771e+05
0.002972 2.4771e+05
0.002973 2.4771e+05
0.0029739 2.4771e+05
0.0029749 2.4771e+05
0.0029758 2.4771e+05
0.0029768 2.4771e+05
0.0029777 2.4771e+05
0.0029786 2.4771e+05
0.0029796 2.4771e+05
0.0029805 2.4771e+05
0.0029815 2.4771e+05
0.0029824 2.4771e+05
0.0029833 2.4771e+05
0.0029843 2.4771e+05
0.0029852 2.4771e+05
0.0029862 2.4771e+05
0.0029871 2.4771e+05
0.0029881 2.4771e+05
0.002989 2.4771e+05
0.0029899 2.4771e+05
0.0029909 2.4771e+05
0.0029918 2.4771e+05
0.0029928 2.4771e+05
0.0029937 2.4771e+05
0.0029947 2.4771e+05
0.0029956 2.4771e+05
0.0029965 2.4771e+05
0.0029975 2.4771e+05
0.0029984 2.4771e+05
0.0029994 2.4771e+05
0.0030003 2.4771e+05
0.0030013 2.4771e+05
0.0030022 2.4771e+05
0.0030031 2.4771e+05
0.0030041 2.4771e+05
0.003005 2.4771e+05
0.003006 2.4771e+05
0.0030069 2.4771e+05
0.0030078 2.4771e+05
0.0030088 2.4771e+05
0.0030097 2.4771e+05
0.0030107 2.4771e+05
0.0030116 2.4771e+05
0.0030126 2.4771e+05
0.0030135 2.4771e+05
0.0030144 2.4771e+05
0.0030154 2.4771e+05
0.0030163 2.4771e+05
0.0030173 2.4771e+05
0.0030182 2.4771e+05
0.0030192 2.4771e+05
0.0030201 2.4771e+05
0.003021 2.4771e+05
0.003022 2.4771e+05
0.0030229 2.4771e+05
0.0030239 2.4771e+05
0.0030248 2.4771e+05
0.0030258 2.4771e+05
0.0030267 2.4771e+05
0.0030276 2.4771e+05
0.0030286 2.4771e+05
0.0030295 2.4771e+05
0.0030305 2.4771e+05
0.0030314 2.4771e+05
0.0030323 2.4771e+05
0.0030333 2.4771e+05
0.0030342 2.4771e+05
0.0030352 2.4771e+05
0.0030361 2.4771e+05
0.0030371 2.4771e+05
0.003038 2.4771e+05
0.0030389 2.4771e+05
0.0030399 2.4771e+05
0.0030408 2.4771e+05
0.0030418 2.4771e+05
0.0030427 2.4771e+05
0.0030437 2.4771e+05
0.0030446 2.4771e+05
0.0030455 2.4771e+05
0.0030465 2.4771e+05
0.0030474 2.4771e+05
0.0030484 2.4771e+05
0.0030493 2.4771e+05
0.0030503 2.4771e+05
0.0030512 2.4771e+05
0.0030521 2.4771e+05
0.0030531 2.4771e+05
0.003054 2.4771e+05
0.003055 2.4771e+05
0.0030559 2.4771e+05
0.0030568 2.4771e+05
0.0030578 2.4771e+05
0.0030587 2.4771e+05
0.0030597 2.4771e+05
0.0030606 2.4771e+05
0.0030616 2.4771e+05
0.0030625 2.4771e+05
0.0030634 2.4771e+05
0.0030644 2.4771e+05
0.0030653 2.4771e+05
0.0030663 2.4771e+05
0.0030672 2.4771e+05
0.0030682 2.4771e+05
0.0030691 2.4771e+05
0.00307 2.4771e+05
0.003071 2.4771e+05
0.0030719 2.4771e+05
0.0030729 2.4771e+05
0.0030738 2.4771e+05
0.0030748 2.4771e+05
0.0030757 2.4771e+05
0.0030766 2.4771e+05
0.0030776 2.4771e+05
0.0030785 2.4771e+05
0.0030795 2.4771e+05
0.0030804 2.4771e+05
0.0030813 2.4771e+05
0.0030823 2.4771e+05
0.0030832 2.4771e+05
0.0030842 2.4771e+05
0.0030851 2.4771e+05
0.0030861 2.4771e+05
0.003087 2.4771e+05
0.0030879 2.4771e+05
0.0030889 2.4771e+05
0.0030898 2.4771e+05
0.0030908 2.4771e+05
0.0030917 2.4771e+05
0.0030927 2.4771e+05
0.0030936 2.4771e+05
0.0030945 2.4771e+05
0.0030955 2.4771e+05
0.0030964 2.4771e+05
0.0030974 2.4771e+05
0.0030983 2.4771e+05
0.0030993 2.4771e+05
0.0031002 2.4771e+05
0.0031011 2.4771e+05
0.0031021 2.4771e+05
0.003103 2.4771e+05
0.003104 2.4771e+05
0.0031049 2.4771e+05
0.0031058 2.4771e+05
0.0031068 2.4771e+05
0.0031077 2.4771e+05
0.0031087 2.4771e+05
0.0031096 2.4771e+05
0.0031106 2.4771e+05
0.0031115 2.4771e+05
0.0031124 2.4771e+05
0.0031134 2.4771e+05
0.0031143 2.4771e+05
0.0031153 2.4771e+05
0.0031162 2.4771e+05
0.0031172 2.4771e+05
0.0031181 2.4771e+05
0.003119 2.4771e+05
0.00312 2.4771e+05
0.0031209 2.4771e+05
0.0031219 2.4771e+05
0.0031228 2.4771e+05
0.0031238 2.4771e+05
0.0031247 2.4771e+05
0.0031256 2.4771e+05
0.0031266 2.4771e+05
0.0031275 2.4771e+05
0.0031285 2.4771e+05
0.0031294 2.4771e+05
0.0031303 2.4771e+05
0.0031313 2.4771e+05
0.0031322 2.4771e+05
0.0031332 2.4771e+05
0.0031341 2.4771e+05
0.0031351 2.4771e+05
0.003136 2.4771e+05
0.0031369 2.4771e+05
0.0031379 2.4771e+05
0.0031388 2.4771e+05
0.0031398 2.4771e+05
0.0031407 2.4771e+05
0.0031417 2.4771e+05
0.0031426 2.4771e+05
0.0031435 2.4771e+05
0.0031445 2.4771e+05
0.0031454 2.4771e+05
0.0031464 2.4771e+05
0.0031473 2.4771e+05
0.0031483 2.4771e+05
0.0031492 2.4771e+05
0.0031501 2.4771e+05
0.0031511 2.4771e+05
0.003152 2.4771e+05
0.003153 2.4771e+05
0.0031539 2.4771e+05
0.0031548 2.4771e+05
0.0031558 2.4771e+05
0.0031567 2.4771e+05
0.0031577 2.4771e+05
0.0031586 2.4771e+05
0.0031596 2.4771e+05
0.0031605 2.4771e+05
0.0031614 2.4771e+05
0.0031624 2.4771e+05
0.0031633 2.4771e+05
0.0031643 2.4771e+05
0.0031652 2.4771e+05
0.0031662 2.4771e+05
0.0031671 2.4771e+05
0.003168 2.4771e+05
0.003169 2.4771e+05
0.0031699 2.4771e+05
0.0031709 2.4771e+05
0.0031718 2.4771e+05
0.0031728 2.4771e+05
0.0031737 2.4771e+05
0.0031746 2.4771e+05
0.0031756 2.4771e+05
0.0031765 2.4771e+05
0.0031775 2.4771e+05
0.0031784 2.4771e+05
0.0031793 2.4771e+05
0.0031803 2.4771e+05
0.0031812 2.4771e+05
0.0031822 2.4771e+05
0.0031831 2.4771e+05
0.0031841 2.4771e+05
0.003185 2.4771e+05
0.0031859 2.4771e+05
0.0031869 2.4771e+05
0.0031878 2.4771e+05
0.0031888 2.4771e+05
0.0031897 2.4771e+05
0.0031907 2.4771e+05
0.0031916 2.4771e+05
0.0031925 2.4771e+05
0.0031935 2.4771e+05
0.0031944 2.4771e+05
0.0031954 2.4771e+05
0.0031963 2.4771e+05
0.0031973 2.4771e+05
0.0031982 2.4771e+05
0.0031991 2.4771e+05
0.0032001 2.4771e+05
0.003201 2.4771e+05
0.003202 2.4771e+05
0.0032029 2.4771e+05
0.0032038 2.4771e+05
0.0032048 2.4771e+05
0.0032057 2.4771e+05
0.0032067 2.4771e+05
0.0032076 2.4771e+05
0.0032086 2.4771e+05
0.0032095 2.4771e+05
0.0032104 2.4771e+05
0.0032114 2.4771e+05
0.0032123 2.4771e+05
0.0032133 2.4771e+05
0.0032142 2.4771e+05
0.0032152 2.4771e+05
0.0032161 2.4771e+05
0.003217 2.4771e+05
0.003218 2.4771e+05
0.0032189 2.4771e+05
0.0032199 2.4771e+05
0.0032208 2.4771e+05
0.0032218 2.4771e+05
0.0032227 2.4771e+05
0.0032236 2.4771e+05
0.0032246 2.4771e+05
0.0032255 2.4771e+05
0.0032265 2.4771e+05
0.0032274 2.4771e+05
0.0032283 2.4771e+05
0.0032293 2.4771e+05
0.0032302 2.4771e+05
0.0032312 2.4771e+05
0.0032321 2.4771e+05
0.0032331 2.4771e+05
0.003234 2.4771e+05
0.0032349 2.4771e+05
0.0032359 2.4771e+05
0.0032368 2.4771e+05
0.0032378 2.4771e+05
0.0032387 2.4771e+05
0.0032397 2.4771e+05
0.0032406 2.4771e+05
0.0032415 2.4771e+05
0.0032425 2.4771e+05
0.0032434 2.4771e+05
0.0032444 2.4771e+05
0.0032453 2.4771e+05
0.0032463 2.4771e+05
0.0032472 2.4771e+05
0.0032481 2.4771e+05
0.0032491 2.4771e+05
0.00325 2.4771e+05
0.003251 2.4771e+05
0.0032519 2.4771e+05
0.0032528 2.4771e+05
0.0032538 2.4771e+05
0.0032547 2.4771e+05
0.0032557 2.4771e+05
0.0032566 2.4771e+05
0.0032576 2.4771e+05
0.0032585 2.4771e+05
0.0032594 2.4771e+05
0.0032604 2.4771e+05
0.0032613 2.4771e+05
0.0032623 2.4771e+05
0.0032632 2.4771e+05
0.0032642 2.4771e+05
0.0032651 2.4771e+05
0.003266 2.4771e+05
0.003267 2.4771e+05
0.0032679 2.4771e+05
0.0032689 2.4771e+05
0.0032698 2.4771e+05
0.0032708 2.4771e+05
0.0032717 2.4771e+05
0.0032726 2.4771e+05
0.0032736 2.4771e+05
0.0032745 2.4771e+05
0.0032755 2.4771e+05
0.0032764 2.4771e+05
0.0032773 2.4771e+05
0.0032783 2.4771e+05
0.0032792 2.4771e+05
0.0032802 2.4771e+05
0.0032811 2.4771e+05
0.0032821 2.4771e+05
0.003283 2.4771e+05
0.0032839 2.4771e+05
0.0032849 2.4771e+05
0.0032858 2.4771e+05
0.0032868 2.4771e+05
0.0032877 2.4771e+05
0.0032887 2.4771e+05
0.0032896 2.4771e+05
0.0032905 2.4771e+05
0.0032915 2.4771e+05
0.0032924 2.4771e+05
0.0032934 2.4771e+05
0.0032943 2.4771e+05
0.0032953 2.4771e+05
0.0032962 2.4771e+05
0.0032971 2.4771e+05
0.0032981 2.4771e+05
1 2.4771e+05
