9.4231e-07 1641.7
1.8846e-06 1641.7
2.8269e-06 1641.7
3.7692e-06 1641.7
4.7115e-06 1641.7
5.6538e-06 1641.7
6.5962e-06 1641.7
7.5385e-06 1641.7
8.4808e-06 1641.7
9.4231e-06 1641.7
1.0365e-05 1641.7
1.1308e-05 1641.7
1.225e-05 1641.8
1.3192e-05 1641.8
1.4135e-05 1641.9
1.5077e-05 1642
1.6019e-05 1642.2
1.6962e-05 1642.4
1.7904e-05 1642.8
1.8846e-05 1643.3
1.9788e-05 1644
2.0731e-05 1644.9
2.1673e-05 1646.2
2.2615e-05 1647.9
2.3558e-05 1650.3
2.45e-05 1653.3
2.5442e-05 1657.4
2.6385e-05 1662.6
2.7327e-05 1669.4
2.8269e-05 1678
2.9212e-05 1689
3.0154e-05 1702.7
3.1096e-05 1719.7
3.2038e-05 1740.8
3.2981e-05 1766.5
3.3923e-05 1797.8
3.4865e-05 1835.6
3.5808e-05 1880.9
3.675e-05 1934.8
3.7692e-05 1998.6
3.8635e-05 2073.6
3.9577e-05 2161.3
4.0519e-05 2263.4
4.1462e-05 2381.5
4.2404e-05 2517.3
4.3346e-05 2672.6
4.4288e-05 2849
4.5231e-05 3048.2
4.6173e-05 3271.5
4.7115e-05 3519.7
4.8058e-05 3793.4
4.9e-05 4092.2
4.9942e-05 4415
5.0885e-05 4759.7
5.1827e-05 5123.2
5.2769e-05 5501.2
5.3712e-05 5888.3
5.4654e-05 6278.4
5.5596e-05 6664.5
5.6538e-05 7039.2
5.7481e-05 7395.4
5.8423e-05 7726.1
5.9365e-05 8025.2
6.0308e-05 8287.5
6.125e-05 8509.3
6.2192e-05 8688.3
6.3135e-05 8823.5
6.4077e-05 8915.2
6.5019e-05 8965.2
6.5962e-05 8975.8
6.6904e-05 8950.5
6.7846e-05 8892.8
6.8788e-05 8806.9
6.9731e-05 8696.5
7.0673e-05 8565.7
7.1615e-05 8418.1
7.2558e-05 8257
7.35e-05 8085.4
7.4442e-05 7906
7.5385e-05 7720.9
7.6327e-05 7532.2
7.7269e-05 7341.5
7.8212e-05 7150.2
7.9154e-05 6959.3
8.0096e-05 6769.8
8.1038e-05 6582.4
8.1981e-05 6397.8
8.2923e-05 6216.5
8.3865e-05 6038.7
8.4808e-05 5865
8.575e-05 5695.4
8.6692e-05 5530.2
8.7635e-05 5369.5
8.8577e-05 5213.4
8.9519e-05 5062
9.0462e-05 4915.3
9.1404e-05 4773.4
9.2346e-05 4636.2
9.3288e-05 4503.7
9.4231e-05 4375.9
9.5173e-05 4252.7
9.6115e-05 4134
9.7058e-05 4019.8
9.8e-05 3910
9.8942e-05 3804.4
9.9885e-05 3703
0.00010083 3605.7
0.00010177 3512.4
0.00010271 3422.9
0.00010365 3337.1
0.0001046 3254.9
0.00010554 3176.3
0.00010648 3101
0.00010742 3029
0.00010837 2960.2
0.00010931 2894.4
0.00011025 2831.5
0.00011119 2771.5
0.00011213 2714.2
0.00011308 2659.5
0.00011402 2607.2
0.00011496 2557.4
0.0001159 2509.9
0.00011685 2464.6
0.00011779 2421.5
0.00011873 2380.4
0.00011967 2341.2
0.00012062 2303.9
0.00012156 2268.4
0.0001225 2234.5
0.00012344 2202.4
0.00012438 2171.8
0.00012533 2142.7
0.00012627 2115
0.00012721 2088.7
0.00012815 2063.7
0.0001291 2040
0.00013004 2017.4
0.00013098 1996
0.00013192 1975.7
0.00013287 1956.4
0.00013381 1938.1
0.00013475 1920.8
0.00013569 1904.4
0.00013663 1888.8
0.00013758 1874.1
0.00013852 1860.1
0.00013946 1846.9
0.0001404 1834.4
0.00014135 1822.6
0.00014229 1811.4
0.00014323 1800.9
0.00014417 1790.9
0.00014512 1781.5
0.00014606 1772.6
0.000147 1764.3
0.00014794 1756.4
0.00014888 1748.9
0.00014983 1741.9
0.00015077 1735.3
0.00015171 1729.1
0.00015265 1723.3
0.0001536 1717.8
0.00015454 1712.6
0.00015548 1707.8
0.00015642 1703.2
0.00015737 1699
0.00015831 1695
0.00015925 1691.2
0.00016019 1687.7
0.00016113 1684.4
0.00016208 1681.4
0.00016302 1678.5
0.00016396 1675.8
0.0001649 1673.3
0.00016585 1671
0.00016679 1668.8
0.00016773 1666.7
0.00016867 1664.9
0.00016962 1663.1
0.00017056 1661.4
0.0001715 1659.9
0.00017244 1658.5
0.00017338 1657.2
0.00017433 1656
0.00017527 1654.8
0.00017621 1653.8
0.00017715 1652.8
0.0001781 1651.9
0.00017904 1651.1
0.00017998 1650.3
0.00018092 1649.6
0.00018187 1648.9
0.00018281 1648.3
0.00018375 1647.8
0.00018469 1647.2
0.00018563 1646.8
0.00018658 1646.3
0.00018752 1645.9
0.00018846 1645.5
0.0001894 1645.2
0.00019035 1644.9
0.00019129 1644.6
0.00019223 1644.3
0.00019317 1644.1
0.00019412 1643.9
0.00019506 1643.7
0.000196 1643.5
0.00019694 1643.3
0.00019788 1643.2
0.00019883 1643
0.00019977 1642.9
0.00020071 1642.8
0.00020165 1642.7
0.0002026 1642.6
0.00020354 1642.5
0.00020448 1642.4
0.00020542 1642.3
0.00020637 1642.3
0.00020731 1642.2
0.00020825 1642.2
0.00020919 1642.1
0.00021013 1642.1
0.00021108 1642
0.00021202 1642
0.00021296 1642
0.0002139 1641.9
0.00021485 1641.9
0.00021579 1641.9
0.00021673 1641.9
0.00021767 1641.8
0.00021862 1641.8
0.00021956 1641.8
0.0002205 1641.8
0.00022144 1641.8
0.00022238 1641.8
0.00022333 1641.7
0.00022427 1641.7
0.00022521 1641.7
0.00022615 1641.7
0.0002271 1641.7
0.00022804 1641.7
0.00022898 1641.7
0.00022992 1641.7
0.00023087 1641.7
0.00023181 1641.7
0.00023275 1641.7
0.00023369 1641.7
0.00023463 1641.7
0.00023558 1641.7
0.00023652 1641.7
0.00023746 1641.7
0.0002384 1641.7
0.00023935 1641.7
0.00024029 1641.7
0.00024123 1641.7
0.00024217 1641.7
0.00024312 1641.7
0.00024406 1641.7
0.000245 1641.7
0.00024594 1641.7
0.00024688 1641.7
0.00024783 1641.7
0.00024877 1641.7
0.00024971 1641.7
0.00025065 1641.7
0.0002516 1641.7
0.00025254 1641.7
0.00025348 1641.7
0.00025442 1641.7
0.00025537 1641.7
0.00025631 1641.7
0.00025725 1641.7
0.00025819 1641.7
0.00025913 1641.7
0.00026008 1641.7
0.00026102 1641.7
0.00026196 1641.7
0.0002629 1641.7
0.00026385 1641.7
0.00026479 1641.7
0.00026573 1641.7
0.00026667 1641.7
0.00026762 1641.7
0.00026856 1641.7
0.0002695 1641.7
0.00027044 1641.7
0.00027138 1641.7
0.00027233 1641.7
0.00027327 1641.7
0.00027421 1641.7
0.00027515 1641.7
0.0002761 1641.7
0.00027704 1641.7
0.00027798 1641.7
0.00027892 1641.7
0.00027987 1641.7
0.00028081 1641.7
0.00028175 1641.7
0.00028269 1641.7
0.00028363 1641.7
0.00028458 1641.7
0.00028552 1641.7
0.00028646 1641.7
0.0002874 1641.7
0.00028835 1641.7
0.00028929 1641.7
0.00029023 1641.7
0.00029117 1641.7
0.00029212 1641.7
0.00029306 1641.7
0.000294 1641.7
0.00029494 1641.7
0.00029588 1641.7
0.00029683 1641.7
0.00029777 1641.7
0.00029871 1641.7
0.00029965 1641.7
0.0003006 1641.7
0.00030154 1641.7
0.00030248 1641.7
0.00030342 1641.7
0.00030437 1641.7
0.00030531 1641.7
0.00030625 1641.7
0.00030719 1641.7
0.00030813 1641.7
0.00030908 1641.7
0.00031002 1641.7
0.00031096 1641.7
0.0003119 1641.7
0.00031285 1641.7
0.00031379 1641.7
0.00031473 1641.7
0.00031567 1641.7
0.00031662 1641.7
0.00031756 1641.7
0.0003185 1641.7
0.00031944 1641.7
0.00032038 1641.7
0.00032133 1641.7
0.00032227 1641.7
0.00032321 1641.7
0.00032415 1641.7
0.0003251 1641.7
0.00032604 1641.7
0.00032698 1641.7
0.00032792 1641.7
0.00032887 1641.7
0.00032981 1641.7
0.00033075 1641.7
0.00033169 1641.7
0.00033263 1641.7
0.00033358 1641.7
0.00033452 1641.7
0.00033546 1641.7
0.0003364 1641.7
0.00033735 1641.7
0.00033829 1641.7
0.00033923 1641.7
0.00034017 1641.7
0.00034112 1641.7
0.00034206 1641.7
0.000343 1641.7
0.00034394 1641.7
0.00034488 1641.7
0.00034583 1641.7
0.00034677 1641.7
0.00034771 1641.7
0.00034865 1641.7
0.0003496 1641.7
0.00035054 1641.7
0.00035148 1641.7
0.00035242 1641.7
0.00035337 1641.7
0.00035431 1641.7
0.00035525 1641.7
0.00035619 1641.7
0.00035713 1641.7
0.00035808 1641.7
0.00035902 1641.7
0.00035996 1641.7
0.0003609 1641.7
0.00036185 1641.7
0.00036279 1641.7
0.00036373 1641.7
0.00036467 1641.7
0.00036562 1641.7
0.00036656 1641.7
0.0003675 1641.7
0.00036844 1641.7
0.00036938 1641.7
0.00037033 1641.7
0.00037127 1641.7
0.00037221 1641.7
0.00037315 1641.7
0.0003741 1641.7
0.00037504 1641.7
0.00037598 1641.7
0.00037692 1641.7
0.00037787 1641.7
0.00037881 1641.7
0.00037975 1641.7
0.00038069 1641.7
0.00038163 1641.7
0.00038258 1641.7
0.00038352 1641.7
0.00038446 1641.7
0.0003854 1641.7
0.00038635 1641.7
0.00038729 1641.7
0.00038823 1641.7
0.00038917 1641.7
0.00039012 1641.7
0.00039106 1641.7
0.000392 1641.7
0.00039294 1641.7
0.00039388 1641.7
0.00039483 1641.7
0.00039577 1641.7
0.00039671 1641.7
0.00039765 1641.7
0.0003986 1641.7
0.00039954 1641.7
0.00040048 1641.7
0.00040142 1641.7
0.00040237 1641.7
0.00040331 1641.7
0.00040425 1641.7
0.00040519 1641.7
0.00040613 1641.7
0.00040708 1641.7
0.00040802 1641.7
0.00040896 1641.7
0.0004099 1641.7
0.00041085 1641.7
0.00041179 1641.7
0.00041273 1641.7
0.00041367 1641.7
0.00041462 1641.7
0.00041556 1641.7
0.0004165 1641.7
0.00041744 1641.7
0.00041838 1641.7
0.00041933 1641.7
0.00042027 1641.7
0.00042121 1641.7
0.00042215 1641.7
0.0004231 1641.7
0.00042404 1641.7
0.00042498 1641.7
0.00042592 1641.7
0.00042687 1641.7
0.00042781 1641.7
0.00042875 1641.7
0.00042969 1641.7
0.00043063 1641.7
0.00043158 1641.7
0.00043252 1641.7
0.00043346 1641.7
0.0004344 1641.7
0.00043535 1641.7
0.00043629 1641.7
0.00043723 1641.7
0.00043817 1641.7
0.00043912 1641.7
0.00044006 1641.7
0.000441 1641.7
0.00044194 1641.7
0.00044288 1641.7
0.00044383 1641.7
0.00044477 1641.7
0.00044571 1641.7
0.00044665 1641.7
0.0004476 1641.7
0.00044854 1641.7
0.00044948 1641.7
0.00045042 1641.7
0.00045137 1641.7
0.00045231 1641.7
0.00045325 1641.7
0.00045419 1641.7
0.00045513 1641.7
0.00045608 1641.7
0.00045702 1641.7
0.00045796 1641.7
0.0004589 1641.7
0.00045985 1641.7
0.00046079 1641.7
0.00046173 1641.7
0.00046267 1641.7
0.00046362 1641.7
0.00046456 1641.7
0.0004655 1641.7
0.00046644 1641.7
0.00046738 1641.7
0.00046833 1641.7
0.00046927 1641.7
0.00047021 1641.7
0.00047115 1641.7
0.0004721 1641.7
0.00047304 1641.7
0.00047398 1641.7
0.00047492 1641.7
0.00047587 1641.7
0.00047681 1641.7
0.00047775 1641.7
0.00047869 1641.7
0.00047963 1641.7
0.00048058 1641.7
0.00048152 1641.7
0.00048246 1641.7
0.0004834 1641.7
0.00048435 1641.7
0.00048529 1641.7
0.00048623 1641.7
0.00048717 1641.7
0.00048812 1641.7
0.00048906 1641.7
0.00049 1641.7
0.00049094 1641.7
0.00049188 1641.7
0.00049283 1641.7
0.00049377 1641.7
0.00049471 1641.7
0.00049565 1641.7
0.0004966 1641.7
0.00049754 1641.7
0.00049848 1641.7
0.00049942 1641.7
0.00050037 1641.7
0.00050131 1641.7
0.00050225 1641.7
0.00050319 1641.7
0.00050413 1641.7
0.00050508 1641.7
0.00050602 1641.7
0.00050696 1641.7
0.0005079 1641.7
0.00050885 1641.7
0.00050979 1641.7
0.00051073 1641.7
0.00051167 1641.7
0.00051262 1641.7
0.00051356 1641.7
0.0005145 1641.7
0.00051544 1641.7
0.00051638 1641.7
0.00051733 1641.7
0.00051827 1641.7
0.00051921 1641.7
0.00052015 1641.7
0.0005211 1641.7
0.00052204 1641.7
0.00052298 1641.7
0.00052392 1641.7
0.00052487 1641.7
0.00052581 1641.7
0.00052675 1641.7
0.00052769 1641.7
0.00052863 1641.7
0.00052958 1641.7
0.00053052 1641.7
0.00053146 1641.7
0.0005324 1641.7
0.00053335 1641.7
0.00053429 1641.7
0.00053523 1641.7
0.00053617 1641.7
0.00053712 1641.7
0.00053806 1641.7
0.000539 1641.7
0.00053994 1641.7
0.00054088 1641.7
0.00054183 1641.7
0.00054277 1641.7
0.00054371 1641.7
0.00054465 1641.7
0.0005456 1641.7
0.00054654 1641.7
0.00054748 1641.7
0.00054842 1641.7
0.00054937 1641.7
0.00055031 1641.7
0.00055125 1641.7
0.00055219 1641.7
0.00055313 1641.7
0.00055408 1641.7
0.00055502 1641.7
0.00055596 1641.7
0.0005569 1641.7
0.00055785 1641.7
0.00055879 1641.7
0.00055973 1641.7
0.00056067 1641.7
0.00056162 1641.7
0.00056256 1641.7
0.0005635 1641.7
0.00056444 1641.7
0.00056538 1641.7
0.00056633 1641.7
0.00056727 1641.7
0.00056821 1641.7
0.00056915 1641.7
0.0005701 1641.7
0.00057104 1641.7
0.00057198 1641.7
0.00057292 1641.7
0.00057387 1641.7
0.00057481 1641.7
0.00057575 1641.7
0.00057669 1641.7
0.00057763 1641.7
0.00057858 1641.7
0.00057952 1641.7
0.00058046 1641.7
0.0005814 1641.7
0.00058235 1641.7
0.00058329 1641.7
0.00058423 1641.7
0.00058517 1641.7
0.00058612 1641.7
0.00058706 1641.7
0.000588 1641.7
0.00058894 1641.7
0.00058988 1641.7
0.00059083 1641.7
0.00059177 1641.7
0.00059271 1641.7
0.00059365 1641.7
0.0005946 1641.7
0.00059554 1641.7
0.00059648 1641.7
0.00059742 1641.7
0.00059837 1641.7
0.00059931 1641.7
0.00060025 1641.7
0.00060119 1641.7
0.00060213 1641.7
0.00060308 1641.7
0.00060402 1641.7
0.00060496 1641.7
0.0006059 1641.7
0.00060685 1641.7
0.00060779 1641.7
0.00060873 1641.7
0.00060967 1641.7
0.00061062 1641.7
0.00061156 1641.7
0.0006125 1641.7
0.00061344 1641.7
0.00061438 1641.7
0.00061533 1641.7
0.00061627 1641.7
0.00061721 1641.7
0.00061815 1641.7
0.0006191 1641.7
0.00062004 1641.7
0.00062098 1641.7
0.00062192 1641.7
0.00062287 1641.7
0.00062381 1641.7
0.00062475 1641.7
0.00062569 1641.7
0.00062663 1641.7
0.00062758 1641.7
0.00062852 1641.7
0.00062946 1641.7
0.0006304 1641.7
0.00063135 1641.7
0.00063229 1641.7
0.00063323 1641.7
0.00063417 1641.7
0.00063512 1641.7
0.00063606 1641.7
0.000637 1641.7
0.00063794 1641.7
0.00063888 1641.7
0.00063983 1641.7
0.00064077 1641.7
0.00064171 1641.7
0.00064265 1641.7
0.0006436 1641.7
0.00064454 1641.7
0.00064548 1641.7
0.00064642 1641.7
0.00064737 1641.7
0.00064831 1641.7
0.00064925 1641.7
0.00065019 1641.7
0.00065113 1641.7
0.00065208 1641.7
0.00065302 1641.7
0.00065396 1641.7
0.0006549 1641.7
0.00065585 1641.7
0.00065679 1641.7
0.00065773 1641.7
0.00065867 1641.7
0.00065962 1641.7
0.00066056 1641.7
0.0006615 1641.7
0.00066244 1641.7
0.00066338 1641.7
0.00066433 1641.7
0.00066527 1641.7
0.00066621 1641.7
0.00066715 1641.7
0.0006681 1641.7
0.00066904 1641.7
0.00066998 1641.7
0.00067092 1641.7
0.00067187 1641.7
0.00067281 1641.7
0.00067375 1641.7
0.00067469 1641.7
0.00067563 1641.7
0.00067658 1641.7
0.00067752 1641.7
0.00067846 1641.7
0.0006794 1641.7
0.00068035 1641.7
0.00068129 1641.7
0.00068223 1641.7
0.00068317 1641.7
0.00068412 1641.7
0.00068506 1641.7
0.000686 1641.7
0.00068694 1641.7
0.00068788 1641.7
0.00068883 1641.7
0.00068977 1641.7
0.00069071 1641.7
0.00069165 1641.7
0.0006926 1641.7
0.00069354 1641.7
0.00069448 1641.7
0.00069542 1641.7
0.00069637 1641.7
0.00069731 1641.7
0.00069825 1641.7
0.00069919 1641.7
0.00070013 1641.7
0.00070108 1641.7
0.00070202 1641.7
0.00070296 1641.7
0.0007039 1641.7
0.00070485 1641.7
0.00070579 1641.7
0.00070673 1641.7
0.00070767 1641.7
0.00070862 1641.7
0.00070956 1641.7
0.0007105 1641.7
0.00071144 1641.7
0.00071238 1641.7
0.00071333 1641.7
0.00071427 1641.7
0.00071521 1641.7
0.00071615 1641.7
0.0007171 1641.7
0.00071804 1641.7
0.00071898 1641.7
0.00071992 1641.7
0.00072087 1641.7
0.00072181 1641.7
0.00072275 1641.7
0.00072369 1641.7
0.00072463 1641.7
0.00072558 1641.7
0.00072652 1641.7
0.00072746 1641.7
0.0007284 1641.7
0.00072935 1641.7
0.00073029 1641.7
0.00073123 1641.7
0.00073217 1641.7
0.00073312 1641.7
0.00073406 1641.7
0.000735 1641.7
0.00073594 1641.7
0.00073688 1641.7
0.00073783 1641.7
0.00073877 1641.7
0.00073971 1641.7
0.00074065 1641.7
0.0007416 1641.7
0.00074254 1641.7
0.00074348 1641.7
0.00074442 1641.7
0.00074537 1641.7
0.00074631 1641.7
0.00074725 1641.7
0.00074819 1641.7
0.00074913 1641.7
0.00075008 1641.7
0.00075102 1641.7
0.00075196 1641.7
0.0007529 1641.7
0.00075385 1641.7
0.00075479 1641.7
0.00075573 1641.7
0.00075667 1641.7
0.00075762 1641.7
0.00075856 1641.7
0.0007595 1641.7
0.00076044 1641.7
0.00076138 1641.7
0.00076233 1641.7
0.00076327 1641.7
0.00076421 1641.7
0.00076515 1641.7
0.0007661 1641.7
0.00076704 1641.7
0.00076798 1641.7
0.00076892 1641.7
0.00076987 1641.7
0.00077081 1641.7
0.00077175 1641.7
0.00077269 1641.7
0.00077363 1641.7
0.00077458 1641.7
0.00077552 1641.7
0.00077646 1641.7
0.0007774 1641.7
0.00077835 1641.7
0.00077929 1641.7
0.00078023 1641.7
0.00078117 1641.7
0.00078212 1641.7
0.00078306 1641.7
0.000784 1641.7
0.00078494 1641.7
0.00078588 1641.7
0.00078683 1641.7
0.00078777 1641.7
0.00078871 1641.7
0.00078965 1641.7
0.0007906 1641.7
0.00079154 1641.7
0.00079248 1641.7
0.00079342 1641.7
0.00079437 1641.7
0.00079531 1641.7
0.00079625 1641.7
0.00079719 1641.7
0.00079813 1641.7
0.00079908 1641.7
0.00080002 1641.7
0.00080096 1641.7
0.0008019 1641.7
0.00080285 1641.7
0.00080379 1641.7
0.00080473 1641.7
0.00080567 1641.7
0.00080662 1641.7
0.00080756 1641.7
0.0008085 1641.7
0.00080944 1641.7
0.00081038 1641.7
0.00081133 1641.7
0.00081227 1641.7
0.00081321 1641.7
0.00081415 1641.7
0.0008151 1641.7
0.00081604 1641.7
0.00081698 1641.7
0.00081792 1641.7
0.00081887 1641.7
0.00081981 1641.7
0.00082075 1641.7
0.00082169 1641.7
0.00082263 1641.7
0.00082358 1641.7
0.00082452 1641.7
0.00082546 1641.7
0.0008264 1641.7
0.00082735 1641.7
0.00082829 1641.7
0.00082923 1641.7
0.00083017 1641.7
0.00083112 1641.7
0.00083206 1641.7
0.000833 1641.7
0.00083394 1641.7
0.00083488 1641.7
0.00083583 1641.7
0.00083677 1641.7
0.00083771 1641.7
0.00083865 1641.7
0.0008396 1641.7
0.00084054 1641.7
0.00084148 1641.7
0.00084242 1641.7
0.00084337 1641.7
0.00084431 1641.7
0.00084525 1641.7
0.00084619 1641.7
0.00084713 1641.7
0.00084808 1641.7
0.00084902 1641.7
0.00084996 1641.7
0.0008509 1641.7
0.00085185 1641.7
0.00085279 1641.7
0.00085373 1641.7
0.00085467 1641.7
0.00085562 1641.7
0.00085656 1641.7
0.0008575 1641.7
0.00085844 1641.7
0.00085938 1641.7
0.00086033 1641.7
0.00086127 1641.7
0.00086221 1641.7
0.00086315 1641.7
0.0008641 1641.7
0.00086504 1641.7
0.00086598 1641.7
0.00086692 1641.7
0.00086787 1641.7
0.00086881 1641.7
0.00086975 1641.7
0.00087069 1641.7
0.00087163 1641.7
0.00087258 1641.7
0.00087352 1641.7
0.00087446 1641.7
0.0008754 1641.7
0.00087635 1641.7
0.00087729 1641.7
0.00087823 1641.7
0.00087917 1641.7
0.00088012 1641.7
0.00088106 1641.7
0.000882 1641.7
0.00088294 1641.7
0.00088388 1641.7
0.00088483 1641.7
0.00088577 1641.7
0.00088671 1641.7
0.00088765 1641.7
0.0008886 1641.7
0.00088954 1641.7
0.00089048 1641.7
0.00089142 1641.7
0.00089237 1641.7
0.00089331 1641.7
0.00089425 1641.7
0.00089519 1641.7
0.00089613 1641.7
0.00089708 1641.7
0.00089802 1641.7
0.00089896 1641.7
0.0008999 1641.7
0.00090085 1641.7
0.00090179 1641.7
0.00090273 1641.7
0.00090367 1641.7
0.00090462 1641.7
0.00090556 1641.7
0.0009065 1641.7
0.00090744 1641.7
0.00090838 1641.7
0.00090933 1641.7
0.00091027 1641.7
0.00091121 1641.7
0.00091215 1641.7
0.0009131 1641.7
0.00091404 1641.7
0.00091498 1641.7
0.00091592 1641.7
0.00091687 1641.7
0.00091781 1641.7
0.00091875 1641.7
0.00091969 1641.7
0.00092063 1641.7
0.00092158 1641.7
0.00092252 1641.7
0.00092346 1641.7
0.0009244 1641.7
0.00092535 1641.7
0.00092629 1641.7
0.00092723 1641.7
0.00092817 1641.7
0.00092912 1641.7
0.00093006 1641.7
0.000931 1641.7
0.00093194 1641.7
0.00093288 1641.7
0.00093383 1641.7
0.00093477 1641.7
0.00093571 1641.7
0.00093665 1641.7
0.0009376 1641.7
0.00093854 1641.7
0.00093948 1641.7
0.00094042 1641.7
0.00094137 1641.7
0.00094231 1641.7
0.00094325 1641.7
0.00094419 1641.7
0.00094513 1641.7
0.00094608 1641.7
0.00094702 1641.7
0.00094796 1641.7
0.0009489 1641.7
0.00094985 1641.7
0.00095079 1641.7
0.00095173 1641.7
0.00095267 1641.7
0.00095362 1641.7
0.00095456 1641.7
0.0009555 1641.7
0.00095644 1641.7
0.00095738 1641.7
0.00095833 1641.7
0.00095927 1641.7
0.00096021 1641.7
0.00096115 1641.7
0.0009621 1641.7
0.00096304 1641.7
0.00096398 1641.7
0.00096492 1641.7
0.00096587 1641.7
0.00096681 1641.7
0.00096775 1641.7
0.00096869 1641.7
0.00096963 1641.7
0.00097058 1641.7
0.00097152 1641.7
0.00097246 1641.7
0.0009734 1641.7
0.00097435 1641.7
0.00097529 1641.7
0.00097623 1641.7
0.00097717 1641.7
0.00097812 1641.7
0.00097906 1641.7
0.00098 1641.7
0.00098094 1641.7
0.00098188 1641.7
0.00098283 1641.7
0.00098377 1641.7
0.00098471 1641.7
0.00098565 1641.7
0.0009866 1641.7
0.00098754 1641.7
0.00098848 1641.7
0.00098942 1641.7
0.00099037 1641.7
0.00099131 1641.7
0.00099225 1641.7
0.00099319 1641.7
0.00099413 1641.7
0.00099508 1641.7
0.00099602 1641.7
0.00099696 1641.7
0.0009979 1641.7
0.00099885 1641.7
0.00099979 1641.7
0.0010007 1641.7
0.0010017 1641.7
0.0010026 1641.7
0.0010036 1641.7
0.0010045 1641.7
0.0010054 1641.7
0.0010064 1641.7
0.0010073 1641.7
0.0010083 1641.7
0.0010092 1641.7
0.0010102 1641.7
0.0010111 1641.7
0.001012 1641.7
0.001013 1641.7
0.0010139 1641.7
0.0010149 1641.7
0.0010158 1641.7
0.0010168 1641.7
0.0010177 1641.7
0.0010186 1641.7
0.0010196 1641.7
0.0010205 1641.7
0.0010215 1641.7
0.0010224 1641.7
0.0010233 1641.7
0.0010243 1641.7
0.0010252 1641.7
0.0010262 1641.7
0.0010271 1641.7
0.0010281 1641.7
0.001029 1641.7
0.0010299 1641.7
0.0010309 1641.7
0.0010318 1641.7
0.0010328 1641.7
0.0010337 1641.7
0.0010347 1641.7
0.0010356 1641.7
0.0010365 1641.7
0.0010375 1641.7
0.0010384 1641.7
0.0010394 1641.7
0.0010403 1641.7
0.0010413 1641.7
0.0010422 1641.7
0.0010431 1641.7
0.0010441 1641.7
0.001045 1641.7
0.001046 1641.7
0.0010469 1641.7
0.0010478 1641.7
0.0010488 1641.7
0.0010497 1641.7
0.0010507 1641.7
0.0010516 1641.7
0.0010526 1641.7
0.0010535 1641.7
0.0010544 1641.7
0.0010554 1641.7
0.0010563 1641.7
0.0010573 1641.7
0.0010582 1641.7
0.0010592 1641.7
0.0010601 1641.7
0.001061 1641.7
0.001062 1641.7
0.0010629 1641.7
0.0010639 1641.7
0.0010648 1641.7
0.0010658 1641.7
0.0010667 1641.7
0.0010676 1641.7
0.0010686 1641.7
0.0010695 1641.7
0.0010705 1641.7
0.0010714 1641.7
0.0010723 1641.7
0.0010733 1641.7
0.0010742 1641.7
0.0010752 1641.7
0.0010761 1641.7
0.0010771 1641.7
0.001078 1641.7
0.0010789 1641.7
0.0010799 1641.7
0.0010808 1641.7
0.0010818 1641.7
0.0010827 1641.7
0.0010837 1641.7
0.0010846 1641.7
0.0010855 1641.7
0.0010865 1641.7
0.0010874 1641.7
0.0010884 1641.7
0.0010893 1641.7
0.0010903 1641.7
0.0010912 1641.7
0.0010921 1641.7
0.0010931 1641.7
0.001094 1641.7
0.001095 1641.7
0.0010959 1641.7
0.0010968 1641.7
0.0010978 1641.7
0.0010987 1641.7
0.0010997 1641.7
0.0011006 1641.7
0.0011016 1641.7
0.0011025 1641.7
0.0011034 1641.7
0.0011044 1641.7
0.0011053 1641.7
0.0011063 1641.7
0.0011072 1641.7
0.0011082 1641.7
0.0011091 1641.7
0.00111 1641.7
0.001111 1641.7
0.0011119 1641.7
0.0011129 1641.7
0.0011138 1641.7
0.0011148 1641.7
0.0011157 1641.7
0.0011166 1641.7
0.0011176 1641.7
0.0011185 1641.7
0.0011195 1641.7
0.0011204 1641.7
0.0011213 1641.7
0.0011223 1641.7
0.0011232 1641.7
0.0011242 1641.7
0.0011251 1641.7
0.0011261 1641.7
0.001127 1641.7
0.0011279 1641.7
0.0011289 1641.7
0.0011298 1641.7
0.0011308 1641.7
0.0011317 1641.7
0.0011327 1641.7
0.0011336 1641.7
0.0011345 1641.7
0.0011355 1641.7
0.0011364 1641.7
0.0011374 1641.7
0.0011383 1641.7
0.0011393 1641.7
0.0011402 1641.7
0.0011411 1641.7
0.0011421 1641.7
0.001143 1641.7
0.001144 1641.7
0.0011449 1641.7
0.0011458 1641.7
0.0011468 1641.7
0.0011477 1641.7
0.0011487 1641.7
0.0011496 1641.7
0.0011506 1641.7
0.0011515 1641.7
0.0011524 1641.7
0.0011534 1641.7
0.0011543 1641.7
0.0011553 1641.7
0.0011562 1641.7
0.0011572 1641.7
0.0011581 1641.7
0.001159 1641.7
0.00116 1641.7
0.0011609 1641.7
0.0011619 1641.7
0.0011628 1641.7
0.0011638 1641.7
0.0011647 1641.7
0.0011656 1641.7
0.0011666 1641.7
0.0011675 1641.7
0.0011685 1641.7
0.0011694 1641.7
0.0011703 1641.7
0.0011713 1641.7
0.0011722 1641.7
0.0011732 1641.7
0.0011741 1641.7
0.0011751 1641.7
0.001176 1641.7
0.0011769 1641.7
0.0011779 1641.7
0.0011788 1641.7
0.0011798 1641.7
0.0011807 1641.7
0.0011817 1641.7
0.0011826 1641.7
0.0011835 1641.7
0.0011845 1641.7
0.0011854 1641.7
0.0011864 1641.7
0.0011873 1641.7
0.0011883 1641.7
0.0011892 1641.7
0.0011901 1641.7
0.0011911 1641.7
0.001192 1641.7
0.001193 1641.7
0.0011939 1641.7
0.0011948 1641.7
0.0011958 1641.7
0.0011967 1641.7
0.0011977 1641.7
0.0011986 1641.7
0.0011996 1641.7
0.0012005 1641.7
0.0012014 1641.7
0.0012024 1641.7
0.0012033 1641.7
0.0012043 1641.7
0.0012052 1641.7
0.0012062 1641.7
0.0012071 1641.7
0.001208 1641.7
0.001209 1641.7
0.0012099 1641.7
0.0012109 1641.7
0.0012118 1641.7
0.0012128 1641.7
0.0012137 1641.7
0.0012146 1641.7
0.0012156 1641.7
0.0012165 1641.7
0.0012175 1641.7
0.0012184 1641.7
0.0012193 1641.7
0.0012203 1641.7
0.0012212 1641.7
0.0012222 1641.7
0.0012231 1641.7
0.0012241 1641.7
0.001225 1641.7
0.0012259 1641.7
0.0012269 1641.7
0.0012278 1641.7
0.0012288 1641.7
0.0012297 1641.7
0.0012307 1641.7
0.0012316 1641.7
0.0012325 1641.7
0.0012335 1641.7
0.0012344 1641.7
0.0012354 1641.7
0.0012363 1641.7
0.0012373 1641.7
0.0012382 1641.7
0.0012391 1641.7
0.0012401 1641.7
0.001241 1641.7
0.001242 1641.7
0.0012429 1641.7
0.0012438 1641.7
0.0012448 1641.7
0.0012457 1641.7
0.0012467 1641.7
0.0012476 1641.7
0.0012486 1641.7
0.0012495 1641.7
0.0012504 1641.7
0.0012514 1641.7
0.0012523 1641.7
0.0012533 1641.7
0.0012542 1641.7
0.0012552 1641.7
0.0012561 1641.7
0.001257 1641.7
0.001258 1641.7
0.0012589 1641.7
0.0012599 1641.7
0.0012608 1641.7
0.0012618 1641.7
0.0012627 1641.7
0.0012636 1641.7
0.0012646 1641.7
0.0012655 1641.7
0.0012665 1641.7
0.0012674 1641.7
0.0012683 1641.7
0.0012693 1641.7
0.0012702 1641.7
0.0012712 1641.7
0.0012721 1641.7
0.0012731 1641.7
0.001274 1641.7
0.0012749 1641.7
0.0012759 1641.7
0.0012768 1641.7
0.0012778 1641.7
0.0012787 1641.7
0.0012797 1641.7
0.0012806 1641.7
0.0012815 1641.7
0.0012825 1641.7
0.0012834 1641.7
0.0012844 1641.7
0.0012853 1641.7
0.0012863 1641.7
0.0012872 1641.7
0.0012881 1641.7
0.0012891 1641.7
0.00129 1641.7
0.001291 1641.7
0.0012919 1641.7
0.0012928 1641.7
0.0012938 1641.7
0.0012947 1641.7
0.0012957 1641.7
0.0012966 1641.7
0.0012976 1641.7
0.0012985 1641.7
0.0012994 1641.7
0.0013004 1641.7
0.0013013 1641.7
0.0013023 1641.7
0.0013032 1641.7
0.0013042 1641.7
0.0013051 1641.7
0.001306 1641.7
0.001307 1641.7
0.0013079 1641.7
0.0013089 1641.7
0.0013098 1641.7
0.0013108 1641.7
0.0013117 1641.7
0.0013126 1641.7
0.0013136 1641.7
0.0013145 1641.7
0.0013155 1641.7
0.0013164 1641.7
0.0013173 1641.7
0.0013183 1641.7
0.0013192 1641.7
0.0013202 1641.7
0.0013211 1641.7
0.0013221 1641.7
0.001323 1641.7
0.0013239 1641.7
0.0013249 1641.7
0.0013258 1641.7
0.0013268 1641.7
0.0013277 1641.7
0.0013287 1641.7
0.0013296 1641.7
0.0013305 1641.7
0.0013315 1641.7
0.0013324 1641.7
0.0013334 1641.7
0.0013343 1641.7
0.0013353 1641.7
0.0013362 1641.7
0.0013371 1641.7
0.0013381 1641.7
0.001339 1641.7
0.00134 1641.7
0.0013409 1641.7
0.0013418 1641.7
0.0013428 1641.7
0.0013437 1641.7
0.0013447 1641.7
0.0013456 1641.7
0.0013466 1641.7
0.0013475 1641.7
0.0013484 1641.7
0.0013494 1641.7
0.0013503 1641.7
0.0013513 1641.7
0.0013522 1641.7
0.0013532 1641.7
0.0013541 1641.7
0.001355 1641.7
0.001356 1641.7
0.0013569 1641.7
0.0013579 1641.7
0.0013588 1641.7
0.0013598 1641.7
0.0013607 1641.7
0.0013616 1641.7
0.0013626 1641.7
0.0013635 1641.7
0.0013645 1641.7
0.0013654 1641.7
0.0013663 1641.7
0.0013673 1641.7
0.0013682 1641.7
0.0013692 1641.7
0.0013701 1641.7
0.0013711 1641.7
0.001372 1641.7
0.0013729 1641.7
0.0013739 1641.7
0.0013748 1641.7
0.0013758 1641.7
0.0013767 1641.7
0.0013777 1641.7
0.0013786 1641.7
0.0013795 1641.7
0.0013805 1641.7
0.0013814 1641.7
0.0013824 1641.7
0.0013833 1641.7
0.0013843 1641.7
0.0013852 1641.7
0.0013861 1641.7
0.0013871 1641.7
0.001388 1641.7
0.001389 1641.7
0.0013899 1641.7
0.0013908 1641.7
0.0013918 1641.7
0.0013927 1641.7
0.0013937 1641.7
0.0013946 1641.7
0.0013956 1641.7
0.0013965 1641.7
0.0013974 1641.7
0.0013984 1641.7
0.0013993 1641.7
0.0014003 1641.7
0.0014012 1641.7
0.0014022 1641.7
0.0014031 1641.7
0.001404 1641.7
0.001405 1641.7
0.0014059 1641.7
0.0014069 1641.7
0.0014078 1641.7
0.0014088 1641.7
0.0014097 1641.7
0.0014106 1641.7
0.0014116 1641.7
0.0014125 1641.7
0.0014135 1641.7
0.0014144 1641.7
0.0014153 1641.7
0.0014163 1641.7
0.0014172 1641.7
0.0014182 1641.7
0.0014191 1641.7
0.0014201 1641.7
0.001421 1641.7
0.0014219 1641.7
0.0014229 1641.7
0.0014238 1641.7
0.0014248 1641.7
0.0014257 1641.7
0.0014267 1641.7
0.0014276 1641.7
0.0014285 1641.7
0.0014295 1641.7
0.0014304 1641.7
0.0014314 1641.7
0.0014323 1641.7
0.0014333 1641.7
0.0014342 1641.7
0.0014351 1641.7
0.0014361 1641.7
0.001437 1641.7
0.001438 1641.7
0.0014389 1641.7
0.0014398 1641.7
0.0014408 1641.7
0.0014417 1641.7
0.0014427 1641.7
0.0014436 1641.7
0.0014446 1641.7
0.0014455 1641.7
0.0014464 1641.7
0.0014474 1641.7
0.0014483 1641.7
0.0014493 1641.7
0.0014502 1641.7
0.0014512 1641.7
0.0014521 1641.7
0.001453 1641.7
0.001454 1641.7
0.0014549 1641.7
0.0014559 1641.7
0.0014568 1641.7
0.0014578 1641.7
0.0014587 1641.7
0.0014596 1641.7
0.0014606 1641.7
0.0014615 1641.7
0.0014625 1641.7
0.0014634 1641.7
0.0014643 1641.7
0.0014653 1641.7
0.0014662 1641.7
0.0014672 1641.7
0.0014681 1641.7
0.0014691 1641.7
0.00147 1641.7
0.0014709 1641.7
0.0014719 1641.7
0.0014728 1641.7
0.0014738 1641.7
0.0014747 1641.7
0.0014757 1641.7
0.0014766 1641.7
0.0014775 1641.7
0.0014785 1641.7
0.0014794 1641.7
0.0014804 1641.7
0.0014813 1641.7
0.0014823 1641.7
0.0014832 1641.7
0.0014841 1641.7
0.0014851 1641.7
0.001486 1641.7
0.001487 1641.7
0.0014879 1641.7
0.0014888 1641.7
0.0014898 1641.7
0.0014907 1641.7
0.0014917 1641.7
0.0014926 1641.7
0.0014936 1641.7
0.0014945 1641.7
0.0014954 1641.7
0.0014964 1641.7
0.0014973 1641.7
0.0014983 1641.7
0.0014992 1641.7
0.0015002 1641.7
0.0015011 1641.7
0.001502 1641.7
0.001503 1641.7
0.0015039 1641.7
0.0015049 1641.7
0.0015058 1641.7
0.0015068 1641.7
0.0015077 1641.7
0.0015086 1641.7
0.0015096 1641.7
0.0015105 1641.7
0.0015115 1641.7
0.0015124 1641.7
0.0015133 1641.7
0.0015143 1641.7
0.0015152 1641.7
0.0015162 1641.7
0.0015171 1641.7
0.0015181 1641.7
0.001519 1641.7
0.0015199 1641.7
0.0015209 1641.7
0.0015218 1641.7
0.0015228 1641.7
0.0015237 1641.7
0.0015247 1641.7
0.0015256 1641.7
0.0015265 1641.7
0.0015275 1641.7
0.0015284 1641.7
0.0015294 1641.7
0.0015303 1641.7
0.0015313 1641.7
0.0015322 1641.7
0.0015331 1641.7
0.0015341 1641.7
0.001535 1641.7
0.001536 1641.7
0.0015369 1641.7
0.0015378 1641.7
0.0015388 1641.7
0.0015397 1641.7
0.0015407 1641.7
0.0015416 1641.7
0.0015426 1641.7
0.0015435 1641.7
0.0015444 1641.7
0.0015454 1641.7
0.0015463 1641.7
0.0015473 1641.7
0.0015482 1641.7
0.0015492 1641.7
0.0015501 1641.7
0.001551 1641.7
0.001552 1641.7
0.0015529 1641.7
0.0015539 1641.7
0.0015548 1641.7
0.0015558 1641.7
0.0015567 1641.7
0.0015576 1641.7
0.0015586 1641.7
0.0015595 1641.7
0.0015605 1641.7
0.0015614 1641.7
0.0015623 1641.7
0.0015633 1641.7
0.0015642 1641.7
0.0015652 1641.7
0.0015661 1641.7
0.0015671 1641.7
0.001568 1641.7
0.0015689 1641.7
0.0015699 1641.7
0.0015708 1641.7
0.0015718 1641.7
0.0015727 1641.7
0.0015737 1641.7
0.0015746 1641.7
0.0015755 1641.7
0.0015765 1641.7
0.0015774 1641.7
0.0015784 1641.7
0.0015793 1641.7
0.0015803 1641.7
0.0015812 1641.7
0.0015821 1641.7
0.0015831 1641.7
0.001584 1641.7
0.001585 1641.7
0.0015859 1641.7
0.0015868 1641.7
0.0015878 1641.7
0.0015887 1641.7
0.0015897 1641.7
0.0015906 1641.7
0.0015916 1641.7
0.0015925 1641.7
0.0015934 1641.7
0.0015944 1641.7
0.0015953 1641.7
0.0015963 1641.7
0.0015972 1641.7
0.0015982 1641.7
0.0015991 1641.7
0.0016 1641.7
0.001601 1641.7
0.0016019 1641.7
0.0016029 1641.7
0.0016038 1641.7
0.0016048 1641.7
0.0016057 1641.7
0.0016066 1641.7
0.0016076 1641.7
0.0016085 1641.7
0.0016095 1641.7
0.0016104 1641.7
0.0016113 1641.7
0.0016123 1641.7
0.0016132 1641.7
0.0016142 1641.7
0.0016151 1641.7
0.0016161 1641.7
0.001617 1641.7
0.0016179 1641.7
0.0016189 1641.7
0.0016198 1641.7
0.0016208 1641.7
0.0016217 1641.7
0.0016227 1641.7
0.0016236 1641.7
0.0016245 1641.7
0.0016255 1641.7
0.0016264 1641.7
0.0016274 1641.7
0.0016283 1641.7
0.0016293 1641.7
0.0016302 1641.7
0.0016311 1641.7
0.0016321 1641.7
0.001633 1641.7
0.001634 1641.7
0.0016349 1641.7
0.0016358 1641.7
0.0016368 1641.7
0.0016377 1641.7
0.0016387 1641.7
0.0016396 1641.7
0.0016406 1641.7
0.0016415 1641.7
0.0016424 1641.7
0.0016434 1641.7
0.0016443 1641.7
0.0016453 1641.7
0.0016462 1641.7
0.0016472 1641.7
0.0016481 1641.7
0.001649 1641.7
0.00165 1641.7
0.0016509 1641.7
0.0016519 1641.7
0.0016528 1641.7
0.0016538 1641.7
0.0016547 1641.7
0.0016556 1641.7
0.0016566 1641.7
0.0016575 1641.7
0.0016585 1641.7
0.0016594 1641.7
0.0016603 1641.7
0.0016613 1641.7
0.0016622 1641.7
0.0016632 1641.7
0.0016641 1641.7
0.0016651 1641.7
0.001666 1641.7
0.0016669 1641.7
0.0016679 1641.7
0.0016688 1641.7
0.0016698 1641.7
0.0016707 1641.7
0.0016717 1641.7
0.0016726 1641.7
0.0016735 1641.7
0.0016745 1641.7
0.0016754 1641.7
0.0016764 1641.7
0.0016773 1641.7
0.0016783 1641.7
0.0016792 1641.7
0.0016801 1641.7
0.0016811 1641.7
0.001682 1641.7
0.001683 1641.7
0.0016839 1641.7
0.0016848 1641.7
0.0016858 1641.7
0.0016867 1641.7
0.0016877 1641.7
0.0016886 1641.7
0.0016896 1641.7
0.0016905 1641.7
0.0016914 1641.7
0.0016924 1641.7
0.0016933 1641.7
0.0016943 1641.7
0.0016952 1641.7
0.0016962 1641.7
0.0016971 1641.7
0.001698 1641.7
0.001699 1641.7
0.0016999 1641.7
0.0017009 1641.7
0.0017018 1641.7
0.0017028 1641.7
0.0017037 1641.7
0.0017046 1641.7
0.0017056 1641.7
0.0017065 1641.7
0.0017075 1641.7
0.0017084 1641.7
0.0017093 1641.7
0.0017103 1641.7
0.0017112 1641.7
0.0017122 1641.7
0.0017131 1641.7
0.0017141 1641.7
0.001715 1641.7
0.0017159 1641.7
0.0017169 1641.7
0.0017178 1641.7
0.0017188 1641.7
0.0017197 1641.7
0.0017207 1641.7
0.0017216 1641.7
0.0017225 1641.7
0.0017235 1641.7
0.0017244 1641.7
0.0017254 1641.7
0.0017263 1641.7
0.0017273 1641.7
0.0017282 1641.7
0.0017291 1641.7
0.0017301 1641.7
0.001731 1641.7
0.001732 1641.7
0.0017329 1641.7
0.0017338 1641.7
0.0017348 1641.7
0.0017357 1641.7
0.0017367 1641.7
0.0017376 1641.7
0.0017386 1641.7
0.0017395 1641.7
0.0017404 1641.7
0.0017414 1641.7
0.0017423 1641.7
0.0017433 1641.7
0.0017442 1641.7
0.0017452 1641.7
0.0017461 1641.7
0.001747 1641.7
0.001748 1641.7
0.0017489 1641.7
0.0017499 1641.7
0.0017508 1641.7
0.0017518 1641.7
0.0017527 1641.7
0.0017536 1641.7
0.0017546 1641.7
0.0017555 1641.7
0.0017565 1641.7
0.0017574 1641.7
0.0017583 1641.7
0.0017593 1641.7
0.0017602 1641.7
0.0017612 1641.7
0.0017621 1641.7
0.0017631 1641.7
0.001764 1641.7
0.0017649 1641.7
0.0017659 1641.7
0.0017668 1641.7
0.0017678 1641.7
0.0017687 1641.7
0.0017697 1641.7
0.0017706 1641.7
0.0017715 1641.7
0.0017725 1641.7
0.0017734 1641.7
0.0017744 1641.7
0.0017753 1641.7
0.0017763 1641.7
0.0017772 1641.7
0.0017781 1641.7
0.0017791 1641.7
0.00178 1641.7
0.001781 1641.7
0.0017819 1641.7
0.0017828 1641.7
0.0017838 1641.7
0.0017847 1641.7
0.0017857 1641.7
0.0017866 1641.7
0.0017876 1641.7
0.0017885 1641.7
0.0017894 1641.7
0.0017904 1641.7
0.0017913 1641.7
0.0017923 1641.7
0.0017932 1641.7
0.0017942 1641.7
0.0017951 1641.7
0.001796 1641.7
0.001797 1641.7
0.0017979 1641.7
0.0017989 1641.7
0.0017998 1641.7
0.0018008 1641.7
0.0018017 1641.7
0.0018026 1641.7
0.0018036 1641.7
0.0018045 1641.7
0.0018055 1641.7
0.0018064 1641.7
0.0018073 1641.7
0.0018083 1641.7
0.0018092 1641.7
0.0018102 1641.7
0.0018111 1641.7
0.0018121 1641.7
0.001813 1641.7
0.0018139 1641.7
0.0018149 1641.7
0.0018158 1641.7
0.0018168 1641.7
0.0018177 1641.7
0.0018187 1641.7
0.0018196 1641.7
0.0018205 1641.7
0.0018215 1641.7
0.0018224 1641.7
0.0018234 1641.7
0.0018243 1641.7
0.0018253 1641.7
0.0018262 1641.7
0.0018271 1641.7
0.0018281 1641.7
0.001829 1641.7
0.00183 1641.7
0.0018309 1641.7
0.0018318 1641.7
0.0018328 1641.7
0.0018337 1641.7
0.0018347 1641.7
0.0018356 1641.7
0.0018366 1641.7
0.0018375 1641.7
0.0018384 1641.7
0.0018394 1641.7
0.0018403 1641.7
0.0018413 1641.7
0.0018422 1641.7
0.0018432 1641.7
0.0018441 1641.7
0.001845 1641.7
0.001846 1641.7
0.0018469 1641.7
0.0018479 1641.7
0.0018488 1641.7
0.0018498 1641.7
0.0018507 1641.7
0.0018516 1641.7
0.0018526 1641.7
0.0018535 1641.7
0.0018545 1641.7
0.0018554 1641.7
0.0018563 1641.7
0.0018573 1641.7
0.0018582 1641.7
0.0018592 1641.7
0.0018601 1641.7
0.0018611 1641.7
0.001862 1641.7
0.0018629 1641.7
0.0018639 1641.7
0.0018648 1641.7
0.0018658 1641.7
0.0018667 1641.7
0.0018677 1641.7
0.0018686 1641.7
0.0018695 1641.7
0.0018705 1641.7
0.0018714 1641.7
0.0018724 1641.7
0.0018733 1641.7
0.0018743 1641.7
0.0018752 1641.7
0.0018761 1641.7
0.0018771 1641.7
0.001878 1641.7
0.001879 1641.7
0.0018799 1641.7
0.0018808 1641.7
0.0018818 1641.7
0.0018827 1641.7
0.0018837 1641.7
0.0018846 1641.7
0.0018856 1641.7
0.0018865 1641.7
0.0018874 1641.7
0.0018884 1641.7
0.0018893 1641.7
0.0018903 1641.7
0.0018912 1641.7
0.0018922 1641.7
0.0018931 1641.7
0.001894 1641.7
0.001895 1641.7
0.0018959 1641.7
0.0018969 1641.7
0.0018978 1641.7
0.0018988 1641.7
0.0018997 1641.7
0.0019006 1641.7
0.0019016 1641.7
0.0019025 1641.7
0.0019035 1641.7
0.0019044 1641.7
0.0019053 1641.7
0.0019063 1641.7
0.0019072 1641.7
0.0019082 1641.7
0.0019091 1641.7
0.0019101 1641.7
0.001911 1641.7
0.0019119 1641.7
0.0019129 1641.7
0.0019138 1641.7
0.0019148 1641.7
0.0019157 1641.7
0.0019167 1641.7
0.0019176 1641.7
0.0019185 1641.7
0.0019195 1641.7
0.0019204 1641.7
0.0019214 1641.7
0.0019223 1641.7
0.0019233 1641.7
0.0019242 1641.7
0.0019251 1641.7
0.0019261 1641.7
0.001927 1641.7
0.001928 1641.7
0.0019289 1641.7
0.0019298 1641.7
0.0019308 1641.7
0.0019317 1641.7
0.0019327 1641.7
0.0019336 1641.7
0.0019346 1641.7
0.0019355 1641.7
0.0019364 1641.7
0.0019374 1641.7
0.0019383 1641.7
0.0019393 1641.7
0.0019402 1641.7
0.0019412 1641.7
0.0019421 1641.7
0.001943 1641.7
0.001944 1641.7
0.0019449 1641.7
0.0019459 1641.7
0.0019468 1641.7
0.0019478 1641.7
0.0019487 1641.7
0.0019496 1641.7
0.0019506 1641.7
0.0019515 1641.7
0.0019525 1641.7
0.0019534 1641.7
0.0019543 1641.7
0.0019553 1641.7
0.0019562 1641.7
0.0019572 1641.7
0.0019581 1641.7
0.0019591 1641.7
0.00196 1641.7
0.0019609 1641.7
0.0019619 1641.7
0.0019628 1641.7
0.0019638 1641.7
0.0019647 1641.7
0.0019657 1641.7
0.0019666 1641.7
0.0019675 1641.7
0.0019685 1641.7
0.0019694 1641.7
0.0019704 1641.7
0.0019713 1641.7
0.0019723 1641.7
0.0019732 1641.7
0.0019741 1641.7
0.0019751 1641.7
0.001976 1641.7
0.001977 1641.7
0.0019779 1641.7
0.0019788 1641.7
0.0019798 1641.7
0.0019807 1641.7
0.0019817 1641.7
0.0019826 1641.7
0.0019836 1641.7
0.0019845 1641.7
0.0019854 1641.7
0.0019864 1641.7
0.0019873 1641.7
0.0019883 1641.7
0.0019892 1641.7
0.0019902 1641.7
0.0019911 1641.7
0.001992 1641.7
0.001993 1641.7
0.0019939 1641.7
0.0019949 1641.7
0.0019958 1641.7
0.0019968 1641.7
0.0019977 1641.7
0.0019986 1641.7
0.0019996 1641.7
0.0020005 1641.7
0.0020015 1641.7
0.0020024 1641.7
0.0020033 1641.7
0.0020043 1641.7
0.0020052 1641.7
0.0020062 1641.7
0.0020071 1641.7
0.0020081 1641.7
0.002009 1641.7
0.0020099 1641.7
0.0020109 1641.7
0.0020118 1641.7
0.0020128 1641.7
0.0020137 1641.7
0.0020147 1641.7
0.0020156 1641.7
0.0020165 1641.7
0.0020175 1641.7
0.0020184 1641.7
0.0020194 1641.7
0.0020203 1641.7
0.0020213 1641.7
0.0020222 1641.7
0.0020231 1641.7
0.0020241 1641.7
0.002025 1641.7
0.002026 1641.7
0.0020269 1641.7
0.0020278 1641.7
0.0020288 1641.7
0.0020297 1641.7
0.0020307 1641.7
0.0020316 1641.7
0.0020326 1641.7
0.0020335 1641.7
0.0020344 1641.7
0.0020354 1641.7
0.0020363 1641.7
0.0020373 1641.7
0.0020382 1641.7
0.0020392 1641.7
0.0020401 1641.7
0.002041 1641.7
0.002042 1641.7
0.0020429 1641.7
0.0020439 1641.7
0.0020448 1641.7
0.0020458 1641.7
0.0020467 1641.7
0.0020476 1641.7
0.0020486 1641.7
0.0020495 1641.7
0.0020505 1641.7
0.0020514 1641.7
0.0020523 1641.7
0.0020533 1641.7
0.0020542 1641.7
0.0020552 1641.7
0.0020561 1641.7
0.0020571 1641.7
0.002058 1641.7
0.0020589 1641.7
0.0020599 1641.7
0.0020608 1641.7
0.0020618 1641.7
0.0020627 1641.7
0.0020637 1641.7
0.0020646 1641.7
0.0020655 1641.7
0.0020665 1641.7
0.0020674 1641.7
0.0020684 1641.7
0.0020693 1641.7
0.0020703 1641.7
0.0020712 1641.7
0.0020721 1641.7
0.0020731 1641.7
0.002074 1641.7
0.002075 1641.7
0.0020759 1641.7
0.0020768 1641.7
0.0020778 1641.7
0.0020787 1641.7
0.0020797 1641.7
0.0020806 1641.7
0.0020816 1641.7
0.0020825 1641.7
0.0020834 1641.7
0.0020844 1641.7
0.0020853 1641.7
0.0020863 1641.7
0.0020872 1641.7
0.0020882 1641.7
0.0020891 1641.7
0.00209 1641.7
0.002091 1641.7
0.0020919 1641.7
0.0020929 1641.7
0.0020938 1641.7
0.0020948 1641.7
0.0020957 1641.7
0.0020966 1641.7
0.0020976 1641.7
0.0020985 1641.7
0.0020995 1641.7
0.0021004 1641.7
0.0021013 1641.7
0.0021023 1641.7
0.0021032 1641.7
0.0021042 1641.7
0.0021051 1641.7
0.0021061 1641.7
0.002107 1641.7
0.0021079 1641.7
0.0021089 1641.7
0.0021098 1641.7
0.0021108 1641.7
0.0021117 1641.7
0.0021127 1641.7
0.0021136 1641.7
0.0021145 1641.7
0.0021155 1641.7
0.0021164 1641.7
0.0021174 1641.7
0.0021183 1641.7
0.0021193 1641.7
0.0021202 1641.7
0.0021211 1641.7
0.0021221 1641.7
0.002123 1641.7
0.002124 1641.7
0.0021249 1641.7
0.0021258 1641.7
0.0021268 1641.7
0.0021277 1641.7
0.0021287 1641.7
0.0021296 1641.7
0.0021306 1641.7
0.0021315 1641.7
0.0021324 1641.7
0.0021334 1641.7
0.0021343 1641.7
0.0021353 1641.7
0.0021362 1641.7
0.0021372 1641.7
0.0021381 1641.7
0.002139 1641.7
0.00214 1641.7
0.0021409 1641.7
0.0021419 1641.7
0.0021428 1641.7
0.0021438 1641.7
0.0021447 1641.7
0.0021456 1641.7
0.0021466 1641.7
0.0021475 1641.7
0.0021485 1641.7
0.0021494 1641.7
0.0021503 1641.7
0.0021513 1641.7
0.0021522 1641.7
0.0021532 1641.7
0.0021541 1641.7
0.0021551 1641.7
0.002156 1641.7
0.0021569 1641.7
0.0021579 1641.7
0.0021588 1641.7
0.0021598 1641.7
0.0021607 1641.7
0.0021617 1641.7
0.0021626 1641.7
0.0021635 1641.7
0.0021645 1641.7
0.0021654 1641.7
0.0021664 1641.7
0.0021673 1641.7
0.0021683 1641.7
0.0021692 1641.7
0.0021701 1641.7
0.0021711 1641.7
0.002172 1641.7
0.002173 1641.7
0.0021739 1641.7
0.0021748 1641.7
0.0021758 1641.7
0.0021767 1641.7
0.0021777 1641.7
0.0021786 1641.7
0.0021796 1641.7
0.0021805 1641.7
0.0021814 1641.7
0.0021824 1641.7
0.0021833 1641.7
0.0021843 1641.7
0.0021852 1641.7
0.0021862 1641.7
0.0021871 1641.7
0.002188 1641.7
0.002189 1641.7
0.0021899 1641.7
0.0021909 1641.7
0.0021918 1641.7
0.0021928 1641.7
0.0021937 1641.7
0.0021946 1641.7
0.0021956 1641.7
0.0021965 1641.7
0.0021975 1641.7
0.0021984 1641.7
0.0021993 1641.7
0.0022003 1641.7
0.0022012 1641.7
0.0022022 1641.7
0.0022031 1641.7
0.0022041 1641.7
0.002205 1641.7
0.0022059 1641.7
0.0022069 1641.7
0.0022078 1641.7
0.0022088 1641.7
0.0022097 1641.7
0.0022107 1641.7
0.0022116 1641.7
0.0022125 1641.7
0.0022135 1641.7
0.0022144 1641.7
0.0022154 1641.7
0.0022163 1641.7
0.0022173 1641.7
0.0022182 1641.7
0.0022191 1641.7
0.0022201 1641.7
0.002221 1641.7
0.002222 1641.7
0.0022229 1641.7
0.0022238 1641.7
0.0022248 1641.7
0.0022257 1641.7
0.0022267 1641.7
0.0022276 1641.7
0.0022286 1641.7
0.0022295 1641.7
0.0022304 1641.7
0.0022314 1641.7
0.0022323 1641.7
0.0022333 1641.7
0.0022342 1641.7
0.0022352 1641.7
0.0022361 1641.7
0.002237 1641.7
0.002238 1641.7
0.0022389 1641.7
0.0022399 1641.7
0.0022408 1641.7
0.0022418 1641.7
0.0022427 1641.7
0.0022436 1641.7
0.0022446 1641.7
0.0022455 1641.7
0.0022465 1641.7
0.0022474 1641.7
0.0022483 1641.7
0.0022493 1641.7
0.0022502 1641.7
0.0022512 1641.7
0.0022521 1641.7
0.0022531 1641.7
0.002254 1641.7
0.0022549 1641.7
0.0022559 1641.7
0.0022568 1641.7
0.0022578 1641.7
0.0022587 1641.7
0.0022597 1641.7
0.0022606 1641.7
0.0022615 1641.7
0.0022625 1641.7
0.0022634 1641.7
0.0022644 1641.7
0.0022653 1641.7
0.0022663 1641.7
0.0022672 1641.7
0.0022681 1641.7
0.0022691 1641.7
0.00227 1641.7
0.002271 1641.7
0.0022719 1641.7
0.0022728 1641.7
0.0022738 1641.7
0.0022747 1641.7
0.0022757 1641.7
0.0022766 1641.7
0.0022776 1641.7
0.0022785 1641.7
0.0022794 1641.7
0.0022804 1641.7
0.0022813 1641.7
0.0022823 1641.7
0.0022832 1641.7
0.0022842 1641.7
0.0022851 1641.7
0.002286 1641.7
0.002287 1641.7
0.0022879 1641.7
0.0022889 1641.7
0.0022898 1641.7
0.0022908 1641.7
0.0022917 1641.7
0.0022926 1641.7
0.0022936 1641.7
0.0022945 1641.7
0.0022955 1641.7
0.0022964 1641.7
0.0022973 1641.7
0.0022983 1641.7
0.0022992 1641.7
0.0023002 1641.7
0.0023011 1641.7
0.0023021 1641.7
0.002303 1641.7
0.0023039 1641.7
0.0023049 1641.7
0.0023058 1641.7
0.0023068 1641.7
0.0023077 1641.7
0.0023087 1641.7
0.0023096 1641.7
0.0023105 1641.7
0.0023115 1641.7
0.0023124 1641.7
0.0023134 1641.7
0.0023143 1641.7
0.0023153 1641.7
0.0023162 1641.7
0.0023171 1641.7
0.0023181 1641.7
0.002319 1641.7
0.00232 1641.7
0.0023209 1641.7
0.0023218 1641.7
0.0023228 1641.7
0.0023237 1641.7
0.0023247 1641.7
0.0023256 1641.7
0.0023266 1641.7
0.0023275 1641.7
0.0023284 1641.7
0.0023294 1641.7
0.0023303 1641.7
0.0023313 1641.7
0.0023322 1641.7
0.0023332 1641.7
0.0023341 1641.7
0.002335 1641.7
0.002336 1641.7
0.0023369 1641.7
0.0023379 1641.7
0.0023388 1641.7
0.0023398 1641.7
0.0023407 1641.7
0.0023416 1641.7
0.0023426 1641.7
0.0023435 1641.7
0.0023445 1641.7
0.0023454 1641.7
0.0023463 1641.7
0.0023473 1641.7
0.0023482 1641.7
0.0023492 1641.7
0.0023501 1641.7
0.0023511 1641.7
0.002352 1641.7
0.0023529 1641.7
0.0023539 1641.7
0.0023548 1641.7
0.0023558 1641.7
0.0023567 1641.7
0.0023577 1641.7
0.0023586 1641.7
0.0023595 1641.7
0.0023605 1641.7
0.0023614 1641.7
0.0023624 1641.7
0.0023633 1641.7
0.0023643 1641.7
0.0023652 1641.7
0.0023661 1641.7
0.0023671 1641.7
0.002368 1641.7
0.002369 1641.7
0.0023699 1641.7
0.0023708 1641.7
0.0023718 1641.7
0.0023727 1641.7
0.0023737 1641.7
0.0023746 1641.7
0.0023756 1641.7
0.0023765 1641.7
0.0023774 1641.7
0.0023784 1641.7
0.0023793 1641.7
0.0023803 1641.7
0.0023812 1641.7
0.0023822 1641.7
0.0023831 1641.7
0.002384 1641.7
0.002385 1641.7
0.0023859 1641.7
0.0023869 1641.7
0.0023878 1641.7
0.0023888 1641.7
0.0023897 1641.7
0.0023906 1641.7
0.0023916 1641.7
0.0023925 1641.7
0.0023935 1641.7
0.0023944 1641.7
0.0023953 1641.7
0.0023963 1641.7
0.0023972 1641.7
0.0023982 1641.7
0.0023991 1641.7
0.0024001 1641.7
0.002401 1641.7
0.0024019 1641.7
0.0024029 1641.7
0.0024038 1641.7
0.0024048 1641.7
0.0024057 1641.7
0.0024067 1641.7
0.0024076 1641.7
0.0024085 1641.7
0.0024095 1641.7
0.0024104 1641.7
0.0024114 1641.7
0.0024123 1641.7
0.0024133 1641.7
0.0024142 1641.7
0.0024151 1641.7
0.0024161 1641.7
0.002417 1641.7
0.002418 1641.7
0.0024189 1641.7
0.0024198 1641.7
0.0024208 1641.7
0.0024217 1641.7
0.0024227 1641.7
0.0024236 1641.7
0.0024246 1641.7
0.0024255 1641.7
0.0024264 1641.7
0.0024274 1641.7
0.0024283 1641.7
0.0024293 1641.7
0.0024302 1641.7
0.0024312 1641.7
0.0024321 1641.7
0.002433 1641.7
0.002434 1641.7
0.0024349 1641.7
0.0024359 1641.7
0.0024368 1641.7
0.0024378 1641.7
0.0024387 1641.7
0.0024396 1641.7
0.0024406 1641.7
0.0024415 1641.7
0.0024425 1641.7
0.0024434 1641.7
0.0024443 1641.7
0.0024453 1641.7
0.0024462 1641.7
0.0024472 1641.7
0.0024481 1641.7
0.0024491 1641.7
0.00245 1641.7
0.0024509 1641.7
0.0024519 1641.7
0.0024528 1641.7
0.0024538 1641.7
0.0024547 1641.7
0.0024557 1641.7
0.0024566 1641.7
0.0024575 1641.7
0.0024585 1641.7
0.0024594 1641.7
0.0024604 1641.7
0.0024613 1641.7
0.0024623 1641.7
0.0024632 1641.7
0.0024641 1641.7
0.0024651 1641.7
0.002466 1641.7
0.002467 1641.7
0.0024679 1641.7
0.0024688 1641.7
0.0024698 1641.7
0.0024707 1641.7
0.0024717 1641.7
0.0024726 1641.7
0.0024736 1641.7
0.0024745 1641.7
0.0024754 1641.7
0.0024764 1641.7
0.0024773 1641.7
0.0024783 1641.7
0.0024792 1641.7
0.0024802 1641.7
0.0024811 1641.7
0.002482 1641.7
0.002483 1641.7
0.0024839 1641.7
0.0024849 1641.7
0.0024858 1641.7
0.0024868 1641.7
0.0024877 1641.7
0.0024886 1641.7
0.0024896 1641.7
0.0024905 1641.7
0.0024915 1641.7
0.0024924 1641.7
0.0024933 1641.7
0.0024943 1641.7
0.0024952 1641.7
0.0024962 1641.7
0.0024971 1641.7
0.0024981 1641.7
0.002499 1641.7
0.0024999 1641.7
0.0025009 1641.7
0.0025018 1641.7
0.0025028 1641.7
0.0025037 1641.7
0.0025047 1641.7
0.0025056 1641.7
0.0025065 1641.7
0.0025075 1641.7
0.0025084 1641.7
0.0025094 1641.7
0.0025103 1641.7
0.0025113 1641.7
0.0025122 1641.7
0.0025131 1641.7
0.0025141 1641.7
0.002515 1641.7
0.002516 1641.7
0.0025169 1641.7
0.0025178 1641.7
0.0025188 1641.7
0.0025197 1641.7
0.0025207 1641.7
0.0025216 1641.7
0.0025226 1641.7
0.0025235 1641.7
0.0025244 1641.7
0.0025254 1641.7
0.0025263 1641.7
0.0025273 1641.7
0.0025282 1641.7
0.0025292 1641.7
0.0025301 1641.7
0.002531 1641.7
0.002532 1641.7
0.0025329 1641.7
0.0025339 1641.7
0.0025348 1641.7
0.0025358 1641.7
0.0025367 1641.7
0.0025376 1641.7
0.0025386 1641.7
0.0025395 1641.7
0.0025405 1641.7
0.0025414 1641.7
0.0025423 1641.7
0.0025433 1641.7
0.0025442 1641.7
0.0025452 1641.7
0.0025461 1641.7
0.0025471 1641.7
0.002548 1641.7
0.0025489 1641.7
0.0025499 1641.7
0.0025508 1641.7
0.0025518 1641.7
0.0025527 1641.7
0.0025537 1641.7
0.0025546 1641.7
0.0025555 1641.7
0.0025565 1641.7
0.0025574 1641.7
0.0025584 1641.7
0.0025593 1641.7
0.0025603 1641.7
0.0025612 1641.7
0.0025621 1641.7
0.0025631 1641.7
0.002564 1641.7
0.002565 1641.7
0.0025659 1641.7
0.0025668 1641.7
0.0025678 1641.7
0.0025687 1641.7
0.0025697 1641.7
0.0025706 1641.7
0.0025716 1641.7
0.0025725 1641.7
0.0025734 1641.7
0.0025744 1641.7
0.0025753 1641.7
0.0025763 1641.7
0.0025772 1641.7
0.0025782 1641.7
0.0025791 1641.7
0.00258 1641.7
0.002581 1641.7
0.0025819 1641.7
0.0025829 1641.7
0.0025838 1641.7
0.0025848 1641.7
0.0025857 1641.7
0.0025866 1641.7
0.0025876 1641.7
0.0025885 1641.7
0.0025895 1641.7
0.0025904 1641.7
0.0025913 1641.7
0.0025923 1641.7
0.0025932 1641.7
0.0025942 1641.7
0.0025951 1641.7
0.0025961 1641.7
0.002597 1641.7
0.0025979 1641.7
0.0025989 1641.7
0.0025998 1641.7
0.0026008 1641.7
0.0026017 1641.7
0.0026027 1641.7
0.0026036 1641.7
0.0026045 1641.7
0.0026055 1641.7
0.0026064 1641.7
0.0026074 1641.7
0.0026083 1641.7
0.0026093 1641.7
0.0026102 1641.7
0.0026111 1641.7
0.0026121 1641.7
0.002613 1641.7
0.002614 1641.7
0.0026149 1641.7
0.0026158 1641.7
0.0026168 1641.7
0.0026177 1641.7
0.0026187 1641.7
0.0026196 1641.7
0.0026206 1641.7
0.0026215 1641.7
0.0026224 1641.7
0.0026234 1641.7
0.0026243 1641.7
0.0026253 1641.7
0.0026262 1641.7
0.0026272 1641.7
0.0026281 1641.7
0.002629 1641.7
0.00263 1641.7
0.0026309 1641.7
0.0026319 1641.7
0.0026328 1641.7
0.0026338 1641.7
0.0026347 1641.7
0.0026356 1641.7
0.0026366 1641.7
0.0026375 1641.7
0.0026385 1641.7
0.0026394 1641.7
0.0026403 1641.7
0.0026413 1641.7
0.0026422 1641.7
0.0026432 1641.7
0.0026441 1641.7
0.0026451 1641.7
0.002646 1641.7
0.0026469 1641.7
0.0026479 1641.7
0.0026488 1641.7
0.0026498 1641.7
0.0026507 1641.7
0.0026517 1641.7
0.0026526 1641.7
0.0026535 1641.7
0.0026545 1641.7
0.0026554 1641.7
0.0026564 1641.7
0.0026573 1641.7
0.0026583 1641.7
0.0026592 1641.7
0.0026601 1641.7
0.0026611 1641.7
0.002662 1641.7
0.002663 1641.7
0.0026639 1641.7
0.0026648 1641.7
0.0026658 1641.7
0.0026667 1641.7
0.0026677 1641.7
0.0026686 1641.7
0.0026696 1641.7
0.0026705 1641.7
0.0026714 1641.7
0.0026724 1641.7
0.0026733 1641.7
0.0026743 1641.7
0.0026752 1641.7
0.0026762 1641.7
0.0026771 1641.7
0.002678 1641.7
0.002679 1641.7
0.0026799 1641.7
0.0026809 1641.7
0.0026818 1641.7
0.0026828 1641.7
0.0026837 1641.7
0.0026846 1641.7
0.0026856 1641.7
0.0026865 1641.7
0.0026875 1641.7
0.0026884 1641.7
0.0026893 1641.7
0.0026903 1641.7
0.0026912 1641.7
0.0026922 1641.7
0.0026931 1641.7
0.0026941 1641.7
0.002695 1641.7
0.0026959 1641.7
0.0026969 1641.7
0.0026978 1641.7
0.0026988 1641.7
0.0026997 1641.7
0.0027007 1641.7
0.0027016 1641.7
0.0027025 1641.7
0.0027035 1641.7
0.0027044 1641.7
0.0027054 1641.7
0.0027063 1641.7
0.0027073 1641.7
0.0027082 1641.7
0.0027091 1641.7
0.0027101 1641.7
0.002711 1641.7
0.002712 1641.7
0.0027129 1641.7
0.0027138 1641.7
0.0027148 1641.7
0.0027157 1641.7
0.0027167 1641.7
0.0027176 1641.7
0.0027186 1641.7
0.0027195 1641.7
0.0027204 1641.7
0.0027214 1641.7
0.0027223 1641.7
0.0027233 1641.7
0.0027242 1641.7
0.0027252 1641.7
0.0027261 1641.7
0.002727 1641.7
0.002728 1641.7
0.0027289 1641.7
0.0027299 1641.7
0.0027308 1641.7
0.0027318 1641.7
0.0027327 1641.7
0.0027336 1641.7
0.0027346 1641.7
0.0027355 1641.7
0.0027365 1641.7
0.0027374 1641.7
0.0027383 1641.7
0.0027393 1641.7
0.0027402 1641.7
0.0027412 1641.7
0.0027421 1641.7
0.0027431 1641.7
0.002744 1641.7
0.0027449 1641.7
0.0027459 1641.7
0.0027468 1641.7
0.0027478 1641.7
0.0027487 1641.7
0.0027497 1641.7
0.0027506 1641.7
0.0027515 1641.7
0.0027525 1641.7
0.0027534 1641.7
0.0027544 1641.7
0.0027553 1641.7
0.0027563 1641.7
0.0027572 1641.7
0.0027581 1641.7
0.0027591 1641.7
0.00276 1641.7
0.002761 1641.7
0.0027619 1641.7
0.0027628 1641.7
0.0027638 1641.7
0.0027647 1641.7
0.0027657 1641.7
0.0027666 1641.7
0.0027676 1641.7
0.0027685 1641.7
0.0027694 1641.7
0.0027704 1641.7
0.0027713 1641.7
0.0027723 1641.7
0.0027732 1641.7
0.0027742 1641.7
0.0027751 1641.7
0.002776 1641.7
0.002777 1641.7
0.0027779 1641.7
0.0027789 1641.7
0.0027798 1641.7
0.0027808 1641.7
0.0027817 1641.7
0.0027826 1641.7
0.0027836 1641.7
0.0027845 1641.7
0.0027855 1641.7
0.0027864 1641.7
0.0027873 1641.7
0.0027883 1641.7
0.0027892 1641.7
0.0027902 1641.7
0.0027911 1641.7
0.0027921 1641.7
0.002793 1641.7
0.0027939 1641.7
0.0027949 1641.7
0.0027958 1641.7
0.0027968 1641.7
0.0027977 1641.7
0.0027987 1641.7
0.0027996 1641.7
0.0028005 1641.7
0.0028015 1641.7
0.0028024 1641.7
0.0028034 1641.7
0.0028043 1641.7
0.0028053 1641.7
0.0028062 1641.7
0.0028071 1641.7
0.0028081 1641.7
0.002809 1641.7
0.00281 1641.7
0.0028109 1641.7
0.0028118 1641.7
0.0028128 1641.7
0.0028137 1641.7
0.0028147 1641.7
0.0028156 1641.7
0.0028166 1641.7
0.0028175 1641.7
0.0028184 1641.7
0.0028194 1641.7
0.0028203 1641.7
0.0028213 1641.7
0.0028222 1641.7
0.0028232 1641.7
0.0028241 1641.7
0.002825 1641.7
0.002826 1641.7
0.0028269 1641.7
0.0028279 1641.7
0.0028288 1641.7
0.0028298 1641.7
0.0028307 1641.7
0.0028316 1641.7
0.0028326 1641.7
0.0028335 1641.7
0.0028345 1641.7
0.0028354 1641.7
0.0028363 1641.7
0.0028373 1641.7
0.0028382 1641.7
0.0028392 1641.7
0.0028401 1641.7
0.0028411 1641.7
0.002842 1641.7
0.0028429 1641.7
0.0028439 1641.7
0.0028448 1641.7
0.0028458 1641.7
0.0028467 1641.7
0.0028477 1641.7
0.0028486 1641.7
0.0028495 1641.7
0.0028505 1641.7
0.0028514 1641.7
0.0028524 1641.7
0.0028533 1641.7
0.0028543 1641.7
0.0028552 1641.7
0.0028561 1641.7
0.0028571 1641.7
0.002858 1641.7
0.002859 1641.7
0.0028599 1641.7
0.0028608 1641.7
0.0028618 1641.7
0.0028627 1641.7
0.0028637 1641.7
0.0028646 1641.7
0.0028656 1641.7
0.0028665 1641.7
0.0028674 1641.7
0.0028684 1641.7
0.0028693 1641.7
0.0028703 1641.7
0.0028712 1641.7
0.0028722 1641.7
0.0028731 1641.7
0.002874 1641.7
0.002875 1641.7
0.0028759 1641.7
0.0028769 1641.7
0.0028778 1641.7
0.0028788 1641.7
0.0028797 1641.7
0.0028806 1641.7
0.0028816 1641.7
0.0028825 1641.7
0.0028835 1641.7
0.0028844 1641.7
0.0028853 1641.7
0.0028863 1641.7
0.0028872 1641.7
0.0028882 1641.7
0.0028891 1641.7
0.0028901 1641.7
0.002891 1641.7
0.0028919 1641.7
0.0028929 1641.7
0.0028938 1641.7
0.0028948 1641.7
0.0028957 1641.7
0.0028967 1641.7
0.0028976 1641.7
0.0028985 1641.7
0.0028995 1641.7
0.0029004 1641.7
0.0029014 1641.7
0.0029023 1641.7
0.0029033 1641.7
0.0029042 1641.7
0.0029051 1641.7
0.0029061 1641.7
0.002907 1641.7
0.002908 1641.7
0.0029089 1641.7
0.0029098 1641.7
0.0029108 1641.7
0.0029117 1641.7
0.0029127 1641.7
0.0029136 1641.7
0.0029146 1641.7
0.0029155 1641.7
0.0029164 1641.7
0.0029174 1641.7
0.0029183 1641.7
0.0029193 1641.7
0.0029202 1641.7
0.0029212 1641.7
0.0029221 1641.7
0.002923 1641.7
0.002924 1641.7
0.0029249 1641.7
0.0029259 1641.7
0.0029268 1641.7
0.0029278 1641.7
0.0029287 1641.7
0.0029296 1641.7
0.0029306 1641.7
0.0029315 1641.7
0.0029325 1641.7
0.0029334 1641.7
0.0029343 1641.7
0.0029353 1641.7
0.0029362 1641.7
0.0029372 1641.7
0.0029381 1641.7
0.0029391 1641.7
0.00294 1641.7
0.0029409 1641.7
0.0029419 1641.7
0.0029428 1641.7
0.0029438 1641.7
0.0029447 1641.7
0.0029457 1641.7
0.0029466 1641.7
0.0029475 1641.7
0.0029485 1641.7
0.0029494 1641.7
0.0029504 1641.7
0.0029513 1641.7
0.0029523 1641.7
0.0029532 1641.7
0.0029541 1641.7
0.0029551 1641.7
0.002956 1641.7
0.002957 1641.7
0.0029579 1641.7
0.0029588 1641.7
0.0029598 1641.7
0.0029607 1641.7
0.0029617 1641.7
0.0029626 1641.7
0.0029636 1641.7
0.0029645 1641.7
0.0029654 1641.7
0.0029664 1641.7
0.0029673 1641.7
0.0029683 1641.7
0.0029692 1641.7
0.0029702 1641.7
0.0029711 1641.7
0.002972 1641.7
0.002973 1641.7
0.0029739 1641.7
0.0029749 1641.7
0.0029758 1641.7
0.0029768 1641.7
0.0029777 1641.7
0.0029786 1641.7
0.0029796 1641.7
0.0029805 1641.7
0.0029815 1641.7
0.0029824 1641.7
0.0029833 1641.7
0.0029843 1641.7
0.0029852 1641.7
0.0029862 1641.7
0.0029871 1641.7
0.0029881 1641.7
0.002989 1641.7
0.0029899 1641.7
0.0029909 1641.7
0.0029918 1641.7
0.0029928 1641.7
0.0029937 1641.7
0.0029947 1641.7
0.0029956 1641.7
0.0029965 1641.7
0.0029975 1641.7
0.0029984 1641.7
0.0029994 1641.7
0.0030003 1641.7
0.0030013 1641.7
0.0030022 1641.7
0.0030031 1641.7
0.0030041 1641.7
0.003005 1641.7
0.003006 1641.7
0.0030069 1641.7
0.0030078 1641.7
0.0030088 1641.7
0.0030097 1641.7
0.0030107 1641.7
0.0030116 1641.7
0.0030126 1641.7
0.0030135 1641.7
0.0030144 1641.7
0.0030154 1641.7
0.0030163 1641.7
0.0030173 1641.7
0.0030182 1641.7
0.0030192 1641.7
0.0030201 1641.7
0.003021 1641.7
0.003022 1641.7
0.0030229 1641.7
0.0030239 1641.7
0.0030248 1641.7
0.0030258 1641.7
0.0030267 1641.7
0.0030276 1641.7
0.0030286 1641.7
0.0030295 1641.7
0.0030305 1641.7
0.0030314 1641.7
0.0030323 1641.7
0.0030333 1641.7
0.0030342 1641.7
0.0030352 1641.7
0.0030361 1641.7
0.0030371 1641.7
0.003038 1641.7
0.0030389 1641.7
0.0030399 1641.7
0.0030408 1641.7
0.0030418 1641.7
0.0030427 1641.7
0.0030437 1641.7
0.0030446 1641.7
0.0030455 1641.7
0.0030465 1641.7
0.0030474 1641.7
0.0030484 1641.7
0.0030493 1641.7
0.0030503 1641.7
0.0030512 1641.7
0.0030521 1641.7
0.0030531 1641.7
0.003054 1641.7
0.003055 1641.7
0.0030559 1641.7
0.0030568 1641.7
0.0030578 1641.7
0.0030587 1641.7
0.0030597 1641.7
0.0030606 1641.7
0.0030616 1641.7
0.0030625 1641.7
0.0030634 1641.7
0.0030644 1641.7
0.0030653 1641.7
0.0030663 1641.7
0.0030672 1641.7
0.0030682 1641.7
0.0030691 1641.7
0.00307 1641.7
0.003071 1641.7
0.0030719 1641.7
0.0030729 1641.7
0.0030738 1641.7
0.0030748 1641.7
0.0030757 1641.7
0.0030766 1641.7
0.0030776 1641.7
0.0030785 1641.7
0.0030795 1641.7
0.0030804 1641.7
0.0030813 1641.7
0.0030823 1641.7
0.0030832 1641.7
0.0030842 1641.7
0.0030851 1641.7
0.0030861 1641.7
0.003087 1641.7
0.0030879 1641.7
0.0030889 1641.7
0.0030898 1641.7
0.0030908 1641.7
0.0030917 1641.7
0.0030927 1641.7
0.0030936 1641.7
0.0030945 1641.7
0.0030955 1641.7
0.0030964 1641.7
0.0030974 1641.7
0.0030983 1641.7
0.0030993 1641.7
0.0031002 1641.7
0.0031011 1641.7
0.0031021 1641.7
0.003103 1641.7
0.003104 1641.7
0.0031049 1641.7
0.0031058 1641.7
0.0031068 1641.7
0.0031077 1641.7
0.0031087 1641.7
0.0031096 1641.7
0.0031106 1641.7
0.0031115 1641.7
0.0031124 1641.7
0.0031134 1641.7
0.0031143 1641.7
0.0031153 1641.7
0.0031162 1641.7
0.0031172 1641.7
0.0031181 1641.7
0.003119 1641.7
0.00312 1641.7
0.0031209 1641.7
0.0031219 1641.7
0.0031228 1641.7
0.0031238 1641.7
0.0031247 1641.7
0.0031256 1641.7
0.0031266 1641.7
0.0031275 1641.7
0.0031285 1641.7
0.0031294 1641.7
0.0031303 1641.7
0.0031313 1641.7
0.0031322 1641.7
0.0031332 1641.7
0.0031341 1641.7
0.0031351 1641.7
0.003136 1641.7
0.0031369 1641.7
0.0031379 1641.7
0.0031388 1641.7
0.0031398 1641.7
0.0031407 1641.7
0.0031417 1641.7
0.0031426 1641.7
0.0031435 1641.7
0.0031445 1641.7
0.0031454 1641.7
0.0031464 1641.7
0.0031473 1641.7
0.0031483 1641.7
0.0031492 1641.7
0.0031501 1641.7
0.0031511 1641.7
0.003152 1641.7
0.003153 1641.7
0.0031539 1641.7
0.0031548 1641.7
0.0031558 1641.7
0.0031567 1641.7
0.0031577 1641.7
0.0031586 1641.7
0.0031596 1641.7
0.0031605 1641.7
0.0031614 1641.7
0.0031624 1641.7
0.0031633 1641.7
0.0031643 1641.7
0.0031652 1641.7
0.0031662 1641.7
0.0031671 1641.7
0.003168 1641.7
0.003169 1641.7
0.0031699 1641.7
0.0031709 1641.7
0.0031718 1641.7
0.0031728 1641.7
0.0031737 1641.7
0.0031746 1641.7
0.0031756 1641.7
0.0031765 1641.7
0.0031775 1641.7
0.0031784 1641.7
0.0031793 1641.7
0.0031803 1641.7
0.0031812 1641.7
0.0031822 1641.7
0.0031831 1641.7
0.0031841 1641.7
0.003185 1641.7
0.0031859 1641.7
0.0031869 1641.7
0.0031878 1641.7
0.0031888 1641.7
0.0031897 1641.7
0.0031907 1641.7
0.0031916 1641.7
0.0031925 1641.7
0.0031935 1641.7
0.0031944 1641.7
0.0031954 1641.7
0.0031963 1641.7
0.0031973 1641.7
0.0031982 1641.7
0.0031991 1641.7
0.0032001 1641.7
0.003201 1641.7
0.003202 1641.7
0.0032029 1641.7
0.0032038 1641.7
0.0032048 1641.7
0.0032057 1641.7
0.0032067 1641.7
0.0032076 1641.7
0.0032086 1641.7
0.0032095 1641.7
0.0032104 1641.7
0.0032114 1641.7
0.0032123 1641.7
0.0032133 1641.7
0.0032142 1641.7
0.0032152 1641.7
0.0032161 1641.7
0.003217 1641.7
0.003218 1641.7
0.0032189 1641.7
0.0032199 1641.7
0.0032208 1641.7
0.0032218 1641.7
0.0032227 1641.7
0.0032236 1641.7
0.0032246 1641.7
0.0032255 1641.7
0.0032265 1641.7
0.0032274 1641.7
0.0032283 1641.7
0.0032293 1641.7
0.0032302 1641.7
0.0032312 1641.7
0.0032321 1641.7
0.0032331 1641.7
0.003234 1641.7
0.0032349 1641.7
0.0032359 1641.7
0.0032368 1641.7
0.0032378 1641.7
0.0032387 1641.7
0.0032397 1641.7
0.0032406 1641.7
0.0032415 1641.7
0.0032425 1641.7
0.0032434 1641.7
0.0032444 1641.7
0.0032453 1641.7
0.0032463 1641.7
0.0032472 1641.7
0.0032481 1641.7
0.0032491 1641.7
0.00325 1641.7
0.003251 1641.7
0.0032519 1641.7
0.0032528 1641.7
0.0032538 1641.7
0.0032547 1641.7
0.0032557 1641.7
0.0032566 1641.7
0.0032576 1641.7
0.0032585 1641.7
0.0032594 1641.7
0.0032604 1641.7
0.0032613 1641.7
0.0032623 1641.7
0.0032632 1641.7
0.0032642 1641.7
0.0032651 1641.7
0.003266 1641.7
0.003267 1641.7
0.0032679 1641.7
0.0032689 1641.7
0.0032698 1641.7
0.0032708 1641.7
0.0032717 1641.7
0.0032726 1641.7
0.0032736 1641.7
0.0032745 1641.7
0.0032755 1641.7
0.0032764 1641.7
0.0032773 1641.7
0.0032783 1641.7
0.0032792 1641.7
0.0032802 1641.7
0.0032811 1641.7
0.0032821 1641.7
0.003283 1641.7
0.0032839 1641.7
0.0032849 1641.7
0.0032858 1641.7
0.0032868 1641.7
0.0032877 1641.7
0.0032887 1641.7
0.0032896 1641.7
0.0032905 1641.7
0.0032915 1641.7
0.0032924 1641.7
0.0032934 1641.7
0.0032943 1641.7
0.0032953 1641.7
0.0032962 1641.7
0.0032971 1641.7
0.0032981 1641.7
1 1641.7
