9.4231e-07 70112
1.8846e-06 70112
2.8269e-06 70112
3.7692e-06 70112
4.7115e-06 70112
5.6538e-06 70112
6.5962e-06 70112
7.5385e-06 70111
8.4808e-06 70111
9.4231e-06 70110
1.0365e-05 70109
1.1308e-05 70107
1.225e-05 70104
1.3192e-05 70099
1.4135e-05 70093
1.5077e-05 70084
1.6019e-05 70070
1.6962e-05 70051
1.7904e-05 70023
1.8846e-05 69985
1.9788e-05 69931
2.0731e-05 69857
2.1673e-05 69756
2.2615e-05 69621
2.3558e-05 69440
2.45e-05 69201
2.5442e-05 68890
2.6385e-05 68489
2.7327e-05 67977
2.8269e-05 67332
2.9212e-05 66529
3.0154e-05 65544
3.1096e-05 64349
3.2038e-05 62920
3.2981e-05 61237
3.3923e-05 59283
3.4865e-05 57051
3.5808e-05 54542
3.675e-05 51770
3.7692e-05 48762
3.8635e-05 45554
3.9577e-05 42198
4.0519e-05 38752
4.1462e-05 35279
4.2404e-05 31846
4.3346e-05 28515
4.4288e-05 25340
4.5231e-05 22368
4.6173e-05 19632
4.7115e-05 17152
4.8058e-05 14938
4.9e-05 12987
4.9942e-05 11288
5.0885e-05 9825.2
5.1827e-05 8577.1
5.2769e-05 7520.8
5.3712e-05 6633.5
5.4654e-05 5892.7
5.5596e-05 5278
5.6538e-05 4771
5.7481e-05 4355.4
5.8423e-05 4017.5
5.9365e-05 3745.5
6.0308e-05 3529.6
6.125e-05 3361.6
6.2192e-05 3234.9
6.3135e-05 3144
6.4077e-05 3084.5
6.5019e-05 3052.8
6.5962e-05 3046.1
6.6904e-05 3062.1
6.7846e-05 3098.8
6.8788e-05 3154.9
6.9731e-05 3229.2
7.0673e-05 3320.8
7.1615e-05 3429.1
7.2558e-05 3553.7
7.35e-05 3694.1
7.4442e-05 3850.4
7.5385e-05 4022.5
7.6327e-05 4210.5
7.7269e-05 4414.6
7.8212e-05 4635.2
7.9154e-05 4872.6
8.0096e-05 5127.4
8.1038e-05 5400.1
8.1981e-05 5691.2
8.2923e-05 6001.5
8.3865e-05 6331.7
8.4808e-05 6682.4
8.575e-05 7054.3
8.6692e-05 7448.3
8.7635e-05 7865
8.8577e-05 8305.2
8.9519e-05 8769.5
9.0462e-05 9258.6
9.1404e-05 9773.2
9.2346e-05 10314
9.3288e-05 10881
9.4231e-05 11475
9.5173e-05 12096
9.6115e-05 12745
9.7058e-05 13421
9.8e-05 14126
9.8942e-05 14858
9.9885e-05 15617
0.00010083 16405
0.00010177 17218
0.00010271 18059
0.00010365 18925
0.0001046 19816
0.00010554 20732
0.00010648 21670
0.00010742 22630
0.00010837 23611
0.00010931 24612
0.00011025 25630
0.00011119 26664
0.00011213 27713
0.00011308 28775
0.00011402 29848
0.00011496 30930
0.0001159 32019
0.00011685 33114
0.00011779 34212
0.00011873 35311
0.00011967 36409
0.00012062 37505
0.00012156 38597
0.0001225 39682
0.00012344 40758
0.00012438 41825
0.00012533 42880
0.00012627 43921
0.00012721 44948
0.00012815 45958
0.0001291 46950
0.00013004 47923
0.00013098 48876
0.00013192 49808
0.00013287 50718
0.00013381 51604
0.00013475 52467
0.00013569 53305
0.00013663 54119
0.00013758 54907
0.00013852 55670
0.00013946 56407
0.0001404 57119
0.00014135 57804
0.00014229 58464
0.00014323 59098
0.00014417 59706
0.00014512 60290
0.00014606 60849
0.000147 61383
0.00014794 61893
0.00014888 62380
0.00014983 62845
0.00015077 63286
0.00015171 63707
0.00015265 64106
0.0001536 64484
0.00015454 64843
0.00015548 65183
0.00015642 65505
0.00015737 65809
0.00015831 66095
0.00015925 66366
0.00016019 66621
0.00016113 66861
0.00016208 67086
0.00016302 67299
0.00016396 67498
0.0001649 67684
0.00016585 67859
0.00016679 68023
0.00016773 68176
0.00016867 68320
0.00016962 68454
0.00017056 68578
0.0001715 68695
0.00017244 68803
0.00017338 68904
0.00017433 68998
0.00017527 69086
0.00017621 69167
0.00017715 69242
0.0001781 69312
0.00017904 69377
0.00017998 69437
0.00018092 69492
0.00018187 69543
0.00018281 69591
0.00018375 69634
0.00018469 69675
0.00018563 69712
0.00018658 69746
0.00018752 69778
0.00018846 69807
0.0001894 69833
0.00019035 69858
0.00019129 69880
0.00019223 69901
0.00019317 69920
0.00019412 69937
0.00019506 69953
0.000196 69968
0.00019694 69981
0.00019788 69993
0.00019883 70004
0.00019977 70014
0.00020071 70023
0.00020165 70032
0.0002026 70040
0.00020354 70047
0.00020448 70053
0.00020542 70059
0.00020637 70064
0.00020731 70069
0.00020825 70073
0.00020919 70077
0.00021013 70080
0.00021108 70083
0.00021202 70086
0.00021296 70089
0.0002139 70091
0.00021485 70093
0.00021579 70095
0.00021673 70097
0.00021767 70099
0.00021862 70100
0.00021956 70101
0.0002205 70103
0.00022144 70104
0.00022238 70104
0.00022333 70105
0.00022427 70106
0.00022521 70107
0.00022615 70107
0.0002271 70108
0.00022804 70108
0.00022898 70109
0.00022992 70109
0.00023087 70109
0.00023181 70110
0.00023275 70110
0.00023369 70110
0.00023463 70110
0.00023558 70111
0.00023652 70111
0.00023746 70111
0.0002384 70111
0.00023935 70111
0.00024029 70111
0.00024123 70111
0.00024217 70111
0.00024312 70112
0.00024406 70112
0.000245 70112
0.00024594 70112
0.00024688 70112
0.00024783 70112
0.00024877 70112
0.00024971 70112
0.00025065 70112
0.0002516 70112
0.00025254 70112
0.00025348 70112
0.00025442 70112
0.00025537 70112
0.00025631 70112
0.00025725 70112
0.00025819 70112
0.00025913 70112
0.00026008 70112
0.00026102 70112
0.00026196 70112
0.0002629 70112
0.00026385 70112
0.00026479 70112
0.00026573 70112
0.00026667 70112
0.00026762 70112
0.00026856 70112
0.0002695 70112
0.00027044 70112
0.00027138 70112
0.00027233 70112
0.00027327 70112
0.00027421 70112
0.00027515 70112
0.0002761 70112
0.00027704 70112
0.00027798 70112
0.00027892 70112
0.00027987 70112
0.00028081 70112
0.00028175 70112
0.00028269 70112
0.00028363 70112
0.00028458 70112
0.00028552 70112
0.00028646 70112
0.0002874 70112
0.00028835 70112
0.00028929 70112
0.00029023 70112
0.00029117 70112
0.00029212 70112
0.00029306 70112
0.000294 70112
0.00029494 70112
0.00029588 70112
0.00029683 70112
0.00029777 70112
0.00029871 70112
0.00029965 70112
0.0003006 70112
0.00030154 70112
0.00030248 70112
0.00030342 70112
0.00030437 70112
0.00030531 70112
0.00030625 70112
0.00030719 70112
0.00030813 70112
0.00030908 70112
0.00031002 70112
0.00031096 70112
0.0003119 70112
0.00031285 70112
0.00031379 70112
0.00031473 70112
0.00031567 70112
0.00031662 70112
0.00031756 70112
0.0003185 70112
0.00031944 70112
0.00032038 70112
0.00032133 70112
0.00032227 70112
0.00032321 70112
0.00032415 70112
0.0003251 70112
0.00032604 70112
0.00032698 70112
0.00032792 70112
0.00032887 70112
0.00032981 70112
0.00033075 70112
0.00033169 70112
0.00033263 70112
0.00033358 70112
0.00033452 70112
0.00033546 70112
0.0003364 70112
0.00033735 70112
0.00033829 70112
0.00033923 70112
0.00034017 70112
0.00034112 70112
0.00034206 70112
0.000343 70112
0.00034394 70112
0.00034488 70112
0.00034583 70112
0.00034677 70112
0.00034771 70112
0.00034865 70112
0.0003496 70112
0.00035054 70112
0.00035148 70112
0.00035242 70112
0.00035337 70112
0.00035431 70112
0.00035525 70112
0.00035619 70112
0.00035713 70112
0.00035808 70112
0.00035902 70112
0.00035996 70112
0.0003609 70112
0.00036185 70112
0.00036279 70112
0.00036373 70112
0.00036467 70112
0.00036562 70112
0.00036656 70112
0.0003675 70112
0.00036844 70112
0.00036938 70112
0.00037033 70112
0.00037127 70112
0.00037221 70112
0.00037315 70112
0.0003741 70112
0.00037504 70112
0.00037598 70112
0.00037692 70112
0.00037787 70112
0.00037881 70112
0.00037975 70112
0.00038069 70112
0.00038163 70112
0.00038258 70112
0.00038352 70112
0.00038446 70112
0.0003854 70112
0.00038635 70112
0.00038729 70112
0.00038823 70112
0.00038917 70112
0.00039012 70112
0.00039106 70112
0.000392 70112
0.00039294 70112
0.00039388 70112
0.00039483 70112
0.00039577 70112
0.00039671 70112
0.00039765 70112
0.0003986 70112
0.00039954 70112
0.00040048 70112
0.00040142 70112
0.00040237 70112
0.00040331 70112
0.00040425 70112
0.00040519 70112
0.00040613 70112
0.00040708 70112
0.00040802 70112
0.00040896 70112
0.0004099 70112
0.00041085 70112
0.00041179 70112
0.00041273 70112
0.00041367 70112
0.00041462 70112
0.00041556 70112
0.0004165 70112
0.00041744 70112
0.00041838 70112
0.00041933 70112
0.00042027 70112
0.00042121 70112
0.00042215 70112
0.0004231 70112
0.00042404 70112
0.00042498 70112
0.00042592 70112
0.00042687 70112
0.00042781 70112
0.00042875 70112
0.00042969 70112
0.00043063 70112
0.00043158 70112
0.00043252 70112
0.00043346 70112
0.0004344 70112
0.00043535 70112
0.00043629 70112
0.00043723 70112
0.00043817 70112
0.00043912 70112
0.00044006 70112
0.000441 70112
0.00044194 70112
0.00044288 70112
0.00044383 70112
0.00044477 70112
0.00044571 70112
0.00044665 70112
0.0004476 70112
0.00044854 70112
0.00044948 70112
0.00045042 70112
0.00045137 70112
0.00045231 70112
0.00045325 70112
0.00045419 70112
0.00045513 70112
0.00045608 70112
0.00045702 70112
0.00045796 70112
0.0004589 70112
0.00045985 70112
0.00046079 70112
0.00046173 70112
0.00046267 70112
0.00046362 70112
0.00046456 70112
0.0004655 70112
0.00046644 70112
0.00046738 70112
0.00046833 70112
0.00046927 70112
0.00047021 70112
0.00047115 70112
0.0004721 70112
0.00047304 70112
0.00047398 70112
0.00047492 70112
0.00047587 70112
0.00047681 70112
0.00047775 70112
0.00047869 70112
0.00047963 70112
0.00048058 70112
0.00048152 70112
0.00048246 70112
0.0004834 70112
0.00048435 70112
0.00048529 70112
0.00048623 70112
0.00048717 70112
0.00048812 70112
0.00048906 70112
0.00049 70112
0.00049094 70112
0.00049188 70112
0.00049283 70112
0.00049377 70112
0.00049471 70112
0.00049565 70112
0.0004966 70112
0.00049754 70112
0.00049848 70112
0.00049942 70112
0.00050037 70112
0.00050131 70112
0.00050225 70112
0.00050319 70112
0.00050413 70112
0.00050508 70112
0.00050602 70112
0.00050696 70112
0.0005079 70112
0.00050885 70112
0.00050979 70112
0.00051073 70112
0.00051167 70112
0.00051262 70112
0.00051356 70112
0.0005145 70112
0.00051544 70112
0.00051638 70112
0.00051733 70112
0.00051827 70112
0.00051921 70112
0.00052015 70112
0.0005211 70112
0.00052204 70112
0.00052298 70112
0.00052392 70112
0.00052487 70112
0.00052581 70112
0.00052675 70112
0.00052769 70112
0.00052863 70112
0.00052958 70112
0.00053052 70112
0.00053146 70112
0.0005324 70112
0.00053335 70112
0.00053429 70112
0.00053523 70112
0.00053617 70112
0.00053712 70112
0.00053806 70112
0.000539 70112
0.00053994 70112
0.00054088 70112
0.00054183 70112
0.00054277 70112
0.00054371 70112
0.00054465 70112
0.0005456 70112
0.00054654 70112
0.00054748 70112
0.00054842 70112
0.00054937 70112
0.00055031 70112
0.00055125 70112
0.00055219 70112
0.00055313 70112
0.00055408 70112
0.00055502 70112
0.00055596 70112
0.0005569 70112
0.00055785 70112
0.00055879 70112
0.00055973 70112
0.00056067 70112
0.00056162 70112
0.00056256 70112
0.0005635 70112
0.00056444 70112
0.00056538 70112
0.00056633 70112
0.00056727 70112
0.00056821 70112
0.00056915 70112
0.0005701 70112
0.00057104 70112
0.00057198 70112
0.00057292 70112
0.00057387 70112
0.00057481 70112
0.00057575 70112
0.00057669 70112
0.00057763 70112
0.00057858 70112
0.00057952 70112
0.00058046 70112
0.0005814 70112
0.00058235 70112
0.00058329 70112
0.00058423 70112
0.00058517 70112
0.00058612 70112
0.00058706 70112
0.000588 70112
0.00058894 70112
0.00058988 70112
0.00059083 70112
0.00059177 70112
0.00059271 70112
0.00059365 70112
0.0005946 70112
0.00059554 70112
0.00059648 70112
0.00059742 70112
0.00059837 70112
0.00059931 70112
0.00060025 70112
0.00060119 70112
0.00060213 70112
0.00060308 70112
0.00060402 70112
0.00060496 70112
0.0006059 70112
0.00060685 70112
0.00060779 70112
0.00060873 70112
0.00060967 70112
0.00061062 70112
0.00061156 70112
0.0006125 70112
0.00061344 70112
0.00061438 70112
0.00061533 70112
0.00061627 70112
0.00061721 70112
0.00061815 70112
0.0006191 70112
0.00062004 70112
0.00062098 70112
0.00062192 70112
0.00062287 70112
0.00062381 70112
0.00062475 70112
0.00062569 70112
0.00062663 70112
0.00062758 70112
0.00062852 70112
0.00062946 70112
0.0006304 70112
0.00063135 70112
0.00063229 70112
0.00063323 70112
0.00063417 70112
0.00063512 70112
0.00063606 70112
0.000637 70112
0.00063794 70112
0.00063888 70112
0.00063983 70112
0.00064077 70112
0.00064171 70112
0.00064265 70112
0.0006436 70112
0.00064454 70112
0.00064548 70112
0.00064642 70112
0.00064737 70112
0.00064831 70112
0.00064925 70112
0.00065019 70112
0.00065113 70112
0.00065208 70112
0.00065302 70112
0.00065396 70112
0.0006549 70112
0.00065585 70112
0.00065679 70112
0.00065773 70112
0.00065867 70112
0.00065962 70112
0.00066056 70112
0.0006615 70112
0.00066244 70112
0.00066338 70112
0.00066433 70112
0.00066527 70112
0.00066621 70112
0.00066715 70112
0.0006681 70112
0.00066904 70112
0.00066998 70112
0.00067092 70112
0.00067187 70112
0.00067281 70112
0.00067375 70112
0.00067469 70112
0.00067563 70112
0.00067658 70112
0.00067752 70112
0.00067846 70112
0.0006794 70112
0.00068035 70112
0.00068129 70112
0.00068223 70112
0.00068317 70112
0.00068412 70112
0.00068506 70112
0.000686 70112
0.00068694 70112
0.00068788 70112
0.00068883 70112
0.00068977 70112
0.00069071 70112
0.00069165 70112
0.0006926 70112
0.00069354 70112
0.00069448 70112
0.00069542 70112
0.00069637 70112
0.00069731 70112
0.00069825 70112
0.00069919 70112
0.00070013 70112
0.00070108 70112
0.00070202 70112
0.00070296 70112
0.0007039 70112
0.00070485 70112
0.00070579 70112
0.00070673 70112
0.00070767 70112
0.00070862 70112
0.00070956 70112
0.0007105 70112
0.00071144 70112
0.00071238 70112
0.00071333 70112
0.00071427 70112
0.00071521 70112
0.00071615 70112
0.0007171 70112
0.00071804 70112
0.00071898 70112
0.00071992 70112
0.00072087 70112
0.00072181 70112
0.00072275 70112
0.00072369 70112
0.00072463 70112
0.00072558 70112
0.00072652 70112
0.00072746 70112
0.0007284 70112
0.00072935 70112
0.00073029 70112
0.00073123 70112
0.00073217 70112
0.00073312 70112
0.00073406 70112
0.000735 70112
0.00073594 70112
0.00073688 70112
0.00073783 70112
0.00073877 70112
0.00073971 70112
0.00074065 70112
0.0007416 70112
0.00074254 70112
0.00074348 70112
0.00074442 70112
0.00074537 70112
0.00074631 70112
0.00074725 70112
0.00074819 70112
0.00074913 70112
0.00075008 70112
0.00075102 70112
0.00075196 70112
0.0007529 70112
0.00075385 70112
0.00075479 70112
0.00075573 70112
0.00075667 70112
0.00075762 70112
0.00075856 70112
0.0007595 70112
0.00076044 70112
0.00076138 70112
0.00076233 70112
0.00076327 70112
0.00076421 70112
0.00076515 70112
0.0007661 70112
0.00076704 70112
0.00076798 70112
0.00076892 70112
0.00076987 70112
0.00077081 70112
0.00077175 70112
0.00077269 70112
0.00077363 70112
0.00077458 70112
0.00077552 70112
0.00077646 70112
0.0007774 70112
0.00077835 70112
0.00077929 70112
0.00078023 70112
0.00078117 70112
0.00078212 70112
0.00078306 70112
0.000784 70112
0.00078494 70112
0.00078588 70112
0.00078683 70112
0.00078777 70112
0.00078871 70112
0.00078965 70112
0.0007906 70112
0.00079154 70112
0.00079248 70112
0.00079342 70112
0.00079437 70112
0.00079531 70112
0.00079625 70112
0.00079719 70112
0.00079813 70112
0.00079908 70112
0.00080002 70112
0.00080096 70112
0.0008019 70112
0.00080285 70112
0.00080379 70112
0.00080473 70112
0.00080567 70112
0.00080662 70112
0.00080756 70112
0.0008085 70112
0.00080944 70112
0.00081038 70112
0.00081133 70112
0.00081227 70112
0.00081321 70112
0.00081415 70112
0.0008151 70112
0.00081604 70112
0.00081698 70112
0.00081792 70112
0.00081887 70112
0.00081981 70112
0.00082075 70112
0.00082169 70112
0.00082263 70112
0.00082358 70112
0.00082452 70112
0.00082546 70112
0.0008264 70112
0.00082735 70112
0.00082829 70112
0.00082923 70112
0.00083017 70112
0.00083112 70112
0.00083206 70112
0.000833 70112
0.00083394 70112
0.00083488 70112
0.00083583 70112
0.00083677 70112
0.00083771 70112
0.00083865 70112
0.0008396 70112
0.00084054 70112
0.00084148 70112
0.00084242 70112
0.00084337 70112
0.00084431 70112
0.00084525 70112
0.00084619 70112
0.00084713 70112
0.00084808 70112
0.00084902 70112
0.00084996 70112
0.0008509 70112
0.00085185 70112
0.00085279 70112
0.00085373 70112
0.00085467 70112
0.00085562 70112
0.00085656 70112
0.0008575 70112
0.00085844 70112
0.00085938 70112
0.00086033 70112
0.00086127 70112
0.00086221 70112
0.00086315 70112
0.0008641 70112
0.00086504 70112
0.00086598 70112
0.00086692 70112
0.00086787 70112
0.00086881 70112
0.00086975 70112
0.00087069 70112
0.00087163 70112
0.00087258 70112
0.00087352 70112
0.00087446 70112
0.0008754 70112
0.00087635 70112
0.00087729 70112
0.00087823 70112
0.00087917 70112
0.00088012 70112
0.00088106 70112
0.000882 70112
0.00088294 70112
0.00088388 70112
0.00088483 70112
0.00088577 70112
0.00088671 70112
0.00088765 70112
0.0008886 70112
0.00088954 70112
0.00089048 70112
0.00089142 70112
0.00089237 70112
0.00089331 70112
0.00089425 70112
0.00089519 70112
0.00089613 70112
0.00089708 70112
0.00089802 70112
0.00089896 70112
0.0008999 70112
0.00090085 70112
0.00090179 70112
0.00090273 70112
0.00090367 70112
0.00090462 70112
0.00090556 70112
0.0009065 70112
0.00090744 70112
0.00090838 70112
0.00090933 70112
0.00091027 70112
0.00091121 70112
0.00091215 70112
0.0009131 70112
0.00091404 70112
0.00091498 70112
0.00091592 70112
0.00091687 70112
0.00091781 70112
0.00091875 70112
0.00091969 70112
0.00092063 70112
0.00092158 70112
0.00092252 70112
0.00092346 70112
0.0009244 70112
0.00092535 70112
0.00092629 70112
0.00092723 70112
0.00092817 70112
0.00092912 70112
0.00093006 70112
0.000931 70112
0.00093194 70112
0.00093288 70112
0.00093383 70112
0.00093477 70112
0.00093571 70112
0.00093665 70112
0.0009376 70112
0.00093854 70112
0.00093948 70112
0.00094042 70112
0.00094137 70112
0.00094231 70112
0.00094325 70112
0.00094419 70112
0.00094513 70112
0.00094608 70112
0.00094702 70112
0.00094796 70112
0.0009489 70112
0.00094985 70112
0.00095079 70112
0.00095173 70112
0.00095267 70112
0.00095362 70112
0.00095456 70112
0.0009555 70112
0.00095644 70112
0.00095738 70112
0.00095833 70112
0.00095927 70112
0.00096021 70112
0.00096115 70112
0.0009621 70112
0.00096304 70112
0.00096398 70112
0.00096492 70112
0.00096587 70112
0.00096681 70112
0.00096775 70112
0.00096869 70112
0.00096963 70112
0.00097058 70112
0.00097152 70112
0.00097246 70112
0.0009734 70112
0.00097435 70112
0.00097529 70112
0.00097623 70112
0.00097717 70112
0.00097812 70112
0.00097906 70112
0.00098 70112
0.00098094 70112
0.00098188 70112
0.00098283 70112
0.00098377 70112
0.00098471 70112
0.00098565 70112
0.0009866 70112
0.00098754 70112
0.00098848 70112
0.00098942 70112
0.00099037 70112
0.00099131 70112
0.00099225 70112
0.00099319 70112
0.00099413 70112
0.00099508 70112
0.00099602 70112
0.00099696 70112
0.0009979 70112
0.00099885 70112
0.00099979 70112
0.0010007 70112
0.0010017 70112
0.0010026 70112
0.0010036 70112
0.0010045 70112
0.0010054 70112
0.0010064 70112
0.0010073 70112
0.0010083 70112
0.0010092 70112
0.0010102 70112
0.0010111 70112
0.001012 70112
0.001013 70112
0.0010139 70112
0.0010149 70112
0.0010158 70112
0.0010168 70112
0.0010177 70112
0.0010186 70112
0.0010196 70112
0.0010205 70112
0.0010215 70112
0.0010224 70112
0.0010233 70112
0.0010243 70112
0.0010252 70112
0.0010262 70112
0.0010271 70112
0.0010281 70112
0.001029 70112
0.0010299 70112
0.0010309 70112
0.0010318 70112
0.0010328 70112
0.0010337 70112
0.0010347 70112
0.0010356 70112
0.0010365 70112
0.0010375 70112
0.0010384 70112
0.0010394 70112
0.0010403 70112
0.0010413 70112
0.0010422 70112
0.0010431 70112
0.0010441 70112
0.001045 70112
0.001046 70112
0.0010469 70112
0.0010478 70112
0.0010488 70112
0.0010497 70112
0.0010507 70112
0.0010516 70112
0.0010526 70112
0.0010535 70112
0.0010544 70112
0.0010554 70112
0.0010563 70112
0.0010573 70112
0.0010582 70112
0.0010592 70112
0.0010601 70112
0.001061 70112
0.001062 70112
0.0010629 70112
0.0010639 70112
0.0010648 70112
0.0010658 70112
0.0010667 70112
0.0010676 70112
0.0010686 70112
0.0010695 70112
0.0010705 70112
0.0010714 70112
0.0010723 70112
0.0010733 70112
0.0010742 70112
0.0010752 70112
0.0010761 70112
0.0010771 70112
0.001078 70112
0.0010789 70112
0.0010799 70112
0.0010808 70112
0.0010818 70112
0.0010827 70112
0.0010837 70112
0.0010846 70112
0.0010855 70112
0.0010865 70112
0.0010874 70112
0.0010884 70112
0.0010893 70112
0.0010903 70112
0.0010912 70112
0.0010921 70112
0.0010931 70112
0.001094 70112
0.001095 70112
0.0010959 70112
0.0010968 70112
0.0010978 70112
0.0010987 70112
0.0010997 70112
0.0011006 70112
0.0011016 70112
0.0011025 70112
0.0011034 70112
0.0011044 70112
0.0011053 70112
0.0011063 70112
0.0011072 70112
0.0011082 70112
0.0011091 70112
0.00111 70112
0.001111 70112
0.0011119 70112
0.0011129 70112
0.0011138 70112
0.0011148 70112
0.0011157 70112
0.0011166 70112
0.0011176 70112
0.0011185 70112
0.0011195 70112
0.0011204 70112
0.0011213 70112
0.0011223 70112
0.0011232 70112
0.0011242 70112
0.0011251 70112
0.0011261 70112
0.001127 70112
0.0011279 70112
0.0011289 70112
0.0011298 70112
0.0011308 70112
0.0011317 70112
0.0011327 70112
0.0011336 70112
0.0011345 70112
0.0011355 70112
0.0011364 70112
0.0011374 70112
0.0011383 70112
0.0011393 70112
0.0011402 70112
0.0011411 70112
0.0011421 70112
0.001143 70112
0.001144 70112
0.0011449 70112
0.0011458 70112
0.0011468 70112
0.0011477 70112
0.0011487 70112
0.0011496 70112
0.0011506 70112
0.0011515 70112
0.0011524 70112
0.0011534 70112
0.0011543 70112
0.0011553 70112
0.0011562 70112
0.0011572 70112
0.0011581 70112
0.001159 70112
0.00116 70112
0.0011609 70112
0.0011619 70112
0.0011628 70112
0.0011638 70112
0.0011647 70112
0.0011656 70112
0.0011666 70112
0.0011675 70112
0.0011685 70112
0.0011694 70112
0.0011703 70112
0.0011713 70112
0.0011722 70112
0.0011732 70112
0.0011741 70112
0.0011751 70112
0.001176 70112
0.0011769 70112
0.0011779 70112
0.0011788 70112
0.0011798 70112
0.0011807 70112
0.0011817 70112
0.0011826 70112
0.0011835 70112
0.0011845 70112
0.0011854 70112
0.0011864 70112
0.0011873 70112
0.0011883 70112
0.0011892 70112
0.0011901 70112
0.0011911 70112
0.001192 70112
0.001193 70112
0.0011939 70112
0.0011948 70112
0.0011958 70112
0.0011967 70112
0.0011977 70112
0.0011986 70112
0.0011996 70112
0.0012005 70112
0.0012014 70112
0.0012024 70112
0.0012033 70112
0.0012043 70112
0.0012052 70112
0.0012062 70112
0.0012071 70112
0.001208 70112
0.001209 70112
0.0012099 70112
0.0012109 70112
0.0012118 70112
0.0012128 70112
0.0012137 70112
0.0012146 70112
0.0012156 70112
0.0012165 70112
0.0012175 70112
0.0012184 70112
0.0012193 70112
0.0012203 70112
0.0012212 70112
0.0012222 70112
0.0012231 70112
0.0012241 70112
0.001225 70112
0.0012259 70112
0.0012269 70112
0.0012278 70112
0.0012288 70112
0.0012297 70112
0.0012307 70112
0.0012316 70112
0.0012325 70112
0.0012335 70112
0.0012344 70112
0.0012354 70112
0.0012363 70112
0.0012373 70112
0.0012382 70112
0.0012391 70112
0.0012401 70112
0.001241 70112
0.001242 70112
0.0012429 70112
0.0012438 70112
0.0012448 70112
0.0012457 70112
0.0012467 70112
0.0012476 70112
0.0012486 70112
0.0012495 70112
0.0012504 70112
0.0012514 70112
0.0012523 70112
0.0012533 70112
0.0012542 70112
0.0012552 70112
0.0012561 70112
0.001257 70112
0.001258 70112
0.0012589 70112
0.0012599 70112
0.0012608 70112
0.0012618 70112
0.0012627 70112
0.0012636 70112
0.0012646 70112
0.0012655 70112
0.0012665 70112
0.0012674 70112
0.0012683 70112
0.0012693 70112
0.0012702 70112
0.0012712 70112
0.0012721 70112
0.0012731 70112
0.001274 70112
0.0012749 70112
0.0012759 70112
0.0012768 70112
0.0012778 70112
0.0012787 70112
0.0012797 70112
0.0012806 70112
0.0012815 70112
0.0012825 70112
0.0012834 70112
0.0012844 70112
0.0012853 70112
0.0012863 70112
0.0012872 70112
0.0012881 70112
0.0012891 70112
0.00129 70112
0.001291 70112
0.0012919 70112
0.0012928 70112
0.0012938 70112
0.0012947 70112
0.0012957 70112
0.0012966 70112
0.0012976 70112
0.0012985 70112
0.0012994 70112
0.0013004 70112
0.0013013 70112
0.0013023 70112
0.0013032 70112
0.0013042 70112
0.0013051 70112
0.001306 70112
0.001307 70112
0.0013079 70112
0.0013089 70112
0.0013098 70112
0.0013108 70112
0.0013117 70112
0.0013126 70112
0.0013136 70112
0.0013145 70112
0.0013155 70112
0.0013164 70112
0.0013173 70112
0.0013183 70112
0.0013192 70112
0.0013202 70112
0.0013211 70112
0.0013221 70112
0.001323 70112
0.0013239 70112
0.0013249 70112
0.0013258 70112
0.0013268 70112
0.0013277 70112
0.0013287 70112
0.0013296 70112
0.0013305 70112
0.0013315 70112
0.0013324 70112
0.0013334 70112
0.0013343 70112
0.0013353 70112
0.0013362 70112
0.0013371 70112
0.0013381 70112
0.001339 70112
0.00134 70112
0.0013409 70112
0.0013418 70112
0.0013428 70112
0.0013437 70112
0.0013447 70112
0.0013456 70112
0.0013466 70112
0.0013475 70112
0.0013484 70112
0.0013494 70112
0.0013503 70112
0.0013513 70112
0.0013522 70112
0.0013532 70112
0.0013541 70112
0.001355 70112
0.001356 70112
0.0013569 70112
0.0013579 70112
0.0013588 70112
0.0013598 70112
0.0013607 70112
0.0013616 70112
0.0013626 70112
0.0013635 70112
0.0013645 70112
0.0013654 70112
0.0013663 70112
0.0013673 70112
0.0013682 70112
0.0013692 70112
0.0013701 70112
0.0013711 70112
0.001372 70112
0.0013729 70112
0.0013739 70112
0.0013748 70112
0.0013758 70112
0.0013767 70112
0.0013777 70112
0.0013786 70112
0.0013795 70112
0.0013805 70112
0.0013814 70112
0.0013824 70112
0.0013833 70112
0.0013843 70112
0.0013852 70112
0.0013861 70112
0.0013871 70112
0.001388 70112
0.001389 70112
0.0013899 70112
0.0013908 70112
0.0013918 70112
0.0013927 70112
0.0013937 70112
0.0013946 70112
0.0013956 70112
0.0013965 70112
0.0013974 70112
0.0013984 70112
0.0013993 70112
0.0014003 70112
0.0014012 70112
0.0014022 70112
0.0014031 70112
0.001404 70112
0.001405 70112
0.0014059 70112
0.0014069 70112
0.0014078 70112
0.0014088 70112
0.0014097 70112
0.0014106 70112
0.0014116 70112
0.0014125 70112
0.0014135 70112
0.0014144 70112
0.0014153 70112
0.0014163 70112
0.0014172 70112
0.0014182 70112
0.0014191 70112
0.0014201 70112
0.001421 70112
0.0014219 70112
0.0014229 70112
0.0014238 70112
0.0014248 70112
0.0014257 70112
0.0014267 70112
0.0014276 70112
0.0014285 70112
0.0014295 70112
0.0014304 70112
0.0014314 70112
0.0014323 70112
0.0014333 70112
0.0014342 70112
0.0014351 70112
0.0014361 70112
0.001437 70112
0.001438 70112
0.0014389 70112
0.0014398 70112
0.0014408 70112
0.0014417 70112
0.0014427 70112
0.0014436 70112
0.0014446 70112
0.0014455 70112
0.0014464 70112
0.0014474 70112
0.0014483 70112
0.0014493 70112
0.0014502 70112
0.0014512 70112
0.0014521 70112
0.001453 70112
0.001454 70112
0.0014549 70112
0.0014559 70112
0.0014568 70112
0.0014578 70112
0.0014587 70112
0.0014596 70112
0.0014606 70112
0.0014615 70112
0.0014625 70112
0.0014634 70112
0.0014643 70112
0.0014653 70112
0.0014662 70112
0.0014672 70112
0.0014681 70112
0.0014691 70112
0.00147 70112
0.0014709 70112
0.0014719 70112
0.0014728 70112
0.0014738 70112
0.0014747 70112
0.0014757 70112
0.0014766 70112
0.0014775 70112
0.0014785 70112
0.0014794 70112
0.0014804 70112
0.0014813 70112
0.0014823 70112
0.0014832 70112
0.0014841 70112
0.0014851 70112
0.001486 70112
0.001487 70112
0.0014879 70112
0.0014888 70112
0.0014898 70112
0.0014907 70112
0.0014917 70112
0.0014926 70112
0.0014936 70112
0.0014945 70112
0.0014954 70112
0.0014964 70112
0.0014973 70112
0.0014983 70112
0.0014992 70112
0.0015002 70112
0.0015011 70112
0.001502 70112
0.001503 70112
0.0015039 70112
0.0015049 70112
0.0015058 70112
0.0015068 70112
0.0015077 70112
0.0015086 70112
0.0015096 70112
0.0015105 70112
0.0015115 70112
0.0015124 70112
0.0015133 70112
0.0015143 70112
0.0015152 70112
0.0015162 70112
0.0015171 70112
0.0015181 70112
0.001519 70112
0.0015199 70112
0.0015209 70112
0.0015218 70112
0.0015228 70112
0.0015237 70112
0.0015247 70112
0.0015256 70112
0.0015265 70112
0.0015275 70112
0.0015284 70112
0.0015294 70112
0.0015303 70112
0.0015313 70112
0.0015322 70112
0.0015331 70112
0.0015341 70112
0.001535 70112
0.001536 70112
0.0015369 70112
0.0015378 70112
0.0015388 70112
0.0015397 70112
0.0015407 70112
0.0015416 70112
0.0015426 70112
0.0015435 70112
0.0015444 70112
0.0015454 70112
0.0015463 70112
0.0015473 70112
0.0015482 70112
0.0015492 70112
0.0015501 70112
0.001551 70112
0.001552 70112
0.0015529 70112
0.0015539 70112
0.0015548 70112
0.0015558 70112
0.0015567 70112
0.0015576 70112
0.0015586 70112
0.0015595 70112
0.0015605 70112
0.0015614 70112
0.0015623 70112
0.0015633 70112
0.0015642 70112
0.0015652 70112
0.0015661 70112
0.0015671 70112
0.001568 70112
0.0015689 70112
0.0015699 70112
0.0015708 70112
0.0015718 70112
0.0015727 70112
0.0015737 70112
0.0015746 70112
0.0015755 70112
0.0015765 70112
0.0015774 70112
0.0015784 70112
0.0015793 70112
0.0015803 70112
0.0015812 70112
0.0015821 70112
0.0015831 70112
0.001584 70112
0.001585 70112
0.0015859 70112
0.0015868 70112
0.0015878 70112
0.0015887 70112
0.0015897 70112
0.0015906 70112
0.0015916 70112
0.0015925 70112
0.0015934 70112
0.0015944 70112
0.0015953 70112
0.0015963 70112
0.0015972 70112
0.0015982 70112
0.0015991 70112
0.0016 70112
0.001601 70112
0.0016019 70112
0.0016029 70112
0.0016038 70112
0.0016048 70112
0.0016057 70112
0.0016066 70112
0.0016076 70112
0.0016085 70112
0.0016095 70112
0.0016104 70112
0.0016113 70112
0.0016123 70112
0.0016132 70112
0.0016142 70112
0.0016151 70112
0.0016161 70112
0.001617 70112
0.0016179 70112
0.0016189 70112
0.0016198 70112
0.0016208 70112
0.0016217 70112
0.0016227 70112
0.0016236 70112
0.0016245 70112
0.0016255 70112
0.0016264 70112
0.0016274 70112
0.0016283 70112
0.0016293 70112
0.0016302 70112
0.0016311 70112
0.0016321 70112
0.001633 70112
0.001634 70112
0.0016349 70112
0.0016358 70112
0.0016368 70112
0.0016377 70112
0.0016387 70112
0.0016396 70112
0.0016406 70112
0.0016415 70112
0.0016424 70112
0.0016434 70112
0.0016443 70112
0.0016453 70112
0.0016462 70112
0.0016472 70112
0.0016481 70112
0.001649 70112
0.00165 70112
0.0016509 70112
0.0016519 70112
0.0016528 70112
0.0016538 70112
0.0016547 70112
0.0016556 70112
0.0016566 70112
0.0016575 70112
0.0016585 70112
0.0016594 70112
0.0016603 70112
0.0016613 70112
0.0016622 70112
0.0016632 70112
0.0016641 70112
0.0016651 70112
0.001666 70112
0.0016669 70112
0.0016679 70112
0.0016688 70112
0.0016698 70112
0.0016707 70112
0.0016717 70112
0.0016726 70112
0.0016735 70112
0.0016745 70112
0.0016754 70112
0.0016764 70112
0.0016773 70112
0.0016783 70112
0.0016792 70112
0.0016801 70112
0.0016811 70112
0.001682 70112
0.001683 70112
0.0016839 70112
0.0016848 70112
0.0016858 70112
0.0016867 70112
0.0016877 70112
0.0016886 70112
0.0016896 70112
0.0016905 70112
0.0016914 70112
0.0016924 70112
0.0016933 70112
0.0016943 70112
0.0016952 70112
0.0016962 70112
0.0016971 70112
0.001698 70112
0.001699 70112
0.0016999 70112
0.0017009 70112
0.0017018 70112
0.0017028 70112
0.0017037 70112
0.0017046 70112
0.0017056 70112
0.0017065 70112
0.0017075 70112
0.0017084 70112
0.0017093 70112
0.0017103 70112
0.0017112 70112
0.0017122 70112
0.0017131 70112
0.0017141 70112
0.001715 70112
0.0017159 70112
0.0017169 70112
0.0017178 70112
0.0017188 70112
0.0017197 70112
0.0017207 70112
0.0017216 70112
0.0017225 70112
0.0017235 70112
0.0017244 70112
0.0017254 70112
0.0017263 70112
0.0017273 70112
0.0017282 70112
0.0017291 70112
0.0017301 70112
0.001731 70112
0.001732 70112
0.0017329 70112
0.0017338 70112
0.0017348 70112
0.0017357 70112
0.0017367 70112
0.0017376 70112
0.0017386 70112
0.0017395 70112
0.0017404 70112
0.0017414 70112
0.0017423 70112
0.0017433 70112
0.0017442 70112
0.0017452 70112
0.0017461 70112
0.001747 70112
0.001748 70112
0.0017489 70112
0.0017499 70112
0.0017508 70112
0.0017518 70112
0.0017527 70112
0.0017536 70112
0.0017546 70112
0.0017555 70112
0.0017565 70112
0.0017574 70112
0.0017583 70112
0.0017593 70112
0.0017602 70112
0.0017612 70112
0.0017621 70112
0.0017631 70112
0.001764 70112
0.0017649 70112
0.0017659 70112
0.0017668 70112
0.0017678 70112
0.0017687 70112
0.0017697 70112
0.0017706 70112
0.0017715 70112
0.0017725 70112
0.0017734 70112
0.0017744 70112
0.0017753 70112
0.0017763 70112
0.0017772 70112
0.0017781 70112
0.0017791 70112
0.00178 70112
0.001781 70112
0.0017819 70112
0.0017828 70112
0.0017838 70112
0.0017847 70112
0.0017857 70112
0.0017866 70112
0.0017876 70112
0.0017885 70112
0.0017894 70112
0.0017904 70112
0.0017913 70112
0.0017923 70112
0.0017932 70112
0.0017942 70112
0.0017951 70112
0.001796 70112
0.001797 70112
0.0017979 70112
0.0017989 70112
0.0017998 70112
0.0018008 70112
0.0018017 70112
0.0018026 70112
0.0018036 70112
0.0018045 70112
0.0018055 70112
0.0018064 70112
0.0018073 70112
0.0018083 70112
0.0018092 70112
0.0018102 70112
0.0018111 70112
0.0018121 70112
0.001813 70112
0.0018139 70112
0.0018149 70112
0.0018158 70112
0.0018168 70112
0.0018177 70112
0.0018187 70112
0.0018196 70112
0.0018205 70112
0.0018215 70112
0.0018224 70112
0.0018234 70112
0.0018243 70112
0.0018253 70112
0.0018262 70112
0.0018271 70112
0.0018281 70112
0.001829 70112
0.00183 70112
0.0018309 70112
0.0018318 70112
0.0018328 70112
0.0018337 70112
0.0018347 70112
0.0018356 70112
0.0018366 70112
0.0018375 70112
0.0018384 70112
0.0018394 70112
0.0018403 70112
0.0018413 70112
0.0018422 70112
0.0018432 70112
0.0018441 70112
0.001845 70112
0.001846 70112
0.0018469 70112
0.0018479 70112
0.0018488 70112
0.0018498 70112
0.0018507 70112
0.0018516 70112
0.0018526 70112
0.0018535 70112
0.0018545 70112
0.0018554 70112
0.0018563 70112
0.0018573 70112
0.0018582 70112
0.0018592 70112
0.0018601 70112
0.0018611 70112
0.001862 70112
0.0018629 70112
0.0018639 70112
0.0018648 70112
0.0018658 70112
0.0018667 70112
0.0018677 70112
0.0018686 70112
0.0018695 70112
0.0018705 70112
0.0018714 70112
0.0018724 70112
0.0018733 70112
0.0018743 70112
0.0018752 70112
0.0018761 70112
0.0018771 70112
0.001878 70112
0.001879 70112
0.0018799 70112
0.0018808 70112
0.0018818 70112
0.0018827 70112
0.0018837 70112
0.0018846 70112
0.0018856 70112
0.0018865 70112
0.0018874 70112
0.0018884 70112
0.0018893 70112
0.0018903 70112
0.0018912 70112
0.0018922 70112
0.0018931 70112
0.001894 70112
0.001895 70112
0.0018959 70112
0.0018969 70112
0.0018978 70112
0.0018988 70112
0.0018997 70112
0.0019006 70112
0.0019016 70112
0.0019025 70112
0.0019035 70112
0.0019044 70112
0.0019053 70112
0.0019063 70112
0.0019072 70112
0.0019082 70112
0.0019091 70112
0.0019101 70112
0.001911 70112
0.0019119 70112
0.0019129 70112
0.0019138 70112
0.0019148 70112
0.0019157 70112
0.0019167 70112
0.0019176 70112
0.0019185 70112
0.0019195 70112
0.0019204 70112
0.0019214 70112
0.0019223 70112
0.0019233 70112
0.0019242 70112
0.0019251 70112
0.0019261 70112
0.001927 70112
0.001928 70112
0.0019289 70112
0.0019298 70112
0.0019308 70112
0.0019317 70112
0.0019327 70112
0.0019336 70112
0.0019346 70112
0.0019355 70112
0.0019364 70112
0.0019374 70112
0.0019383 70112
0.0019393 70112
0.0019402 70112
0.0019412 70112
0.0019421 70112
0.001943 70112
0.001944 70112
0.0019449 70112
0.0019459 70112
0.0019468 70112
0.0019478 70112
0.0019487 70112
0.0019496 70112
0.0019506 70112
0.0019515 70112
0.0019525 70112
0.0019534 70112
0.0019543 70112
0.0019553 70112
0.0019562 70112
0.0019572 70112
0.0019581 70112
0.0019591 70112
0.00196 70112
0.0019609 70112
0.0019619 70112
0.0019628 70112
0.0019638 70112
0.0019647 70112
0.0019657 70112
0.0019666 70112
0.0019675 70112
0.0019685 70112
0.0019694 70112
0.0019704 70112
0.0019713 70112
0.0019723 70112
0.0019732 70112
0.0019741 70112
0.0019751 70112
0.001976 70112
0.001977 70112
0.0019779 70112
0.0019788 70112
0.0019798 70112
0.0019807 70112
0.0019817 70112
0.0019826 70112
0.0019836 70112
0.0019845 70112
0.0019854 70112
0.0019864 70112
0.0019873 70112
0.0019883 70112
0.0019892 70112
0.0019902 70112
0.0019911 70112
0.001992 70112
0.001993 70112
0.0019939 70112
0.0019949 70112
0.0019958 70112
0.0019968 70112
0.0019977 70112
0.0019986 70112
0.0019996 70112
0.0020005 70112
0.0020015 70112
0.0020024 70112
0.0020033 70112
0.0020043 70112
0.0020052 70112
0.0020062 70112
0.0020071 70112
0.0020081 70112
0.002009 70112
0.0020099 70112
0.0020109 70112
0.0020118 70112
0.0020128 70112
0.0020137 70112
0.0020147 70112
0.0020156 70112
0.0020165 70112
0.0020175 70112
0.0020184 70112
0.0020194 70112
0.0020203 70112
0.0020213 70112
0.0020222 70112
0.0020231 70112
0.0020241 70112
0.002025 70112
0.002026 70112
0.0020269 70112
0.0020278 70112
0.0020288 70112
0.0020297 70112
0.0020307 70112
0.0020316 70112
0.0020326 70112
0.0020335 70112
0.0020344 70112
0.0020354 70112
0.0020363 70112
0.0020373 70112
0.0020382 70112
0.0020392 70112
0.0020401 70112
0.002041 70112
0.002042 70112
0.0020429 70112
0.0020439 70112
0.0020448 70112
0.0020458 70112
0.0020467 70112
0.0020476 70112
0.0020486 70112
0.0020495 70112
0.0020505 70112
0.0020514 70112
0.0020523 70112
0.0020533 70112
0.0020542 70112
0.0020552 70112
0.0020561 70112
0.0020571 70112
0.002058 70112
0.0020589 70112
0.0020599 70112
0.0020608 70112
0.0020618 70112
0.0020627 70112
0.0020637 70112
0.0020646 70112
0.0020655 70112
0.0020665 70112
0.0020674 70112
0.0020684 70112
0.0020693 70112
0.0020703 70112
0.0020712 70112
0.0020721 70112
0.0020731 70112
0.002074 70112
0.002075 70112
0.0020759 70112
0.0020768 70112
0.0020778 70112
0.0020787 70112
0.0020797 70112
0.0020806 70112
0.0020816 70112
0.0020825 70112
0.0020834 70112
0.0020844 70112
0.0020853 70112
0.0020863 70112
0.0020872 70112
0.0020882 70112
0.0020891 70112
0.00209 70112
0.002091 70112
0.0020919 70112
0.0020929 70112
0.0020938 70112
0.0020948 70112
0.0020957 70112
0.0020966 70112
0.0020976 70112
0.0020985 70112
0.0020995 70112
0.0021004 70112
0.0021013 70112
0.0021023 70112
0.0021032 70112
0.0021042 70112
0.0021051 70112
0.0021061 70112
0.002107 70112
0.0021079 70112
0.0021089 70112
0.0021098 70112
0.0021108 70112
0.0021117 70112
0.0021127 70112
0.0021136 70112
0.0021145 70112
0.0021155 70112
0.0021164 70112
0.0021174 70112
0.0021183 70112
0.0021193 70112
0.0021202 70112
0.0021211 70112
0.0021221 70112
0.002123 70112
0.002124 70112
0.0021249 70112
0.0021258 70112
0.0021268 70112
0.0021277 70112
0.0021287 70112
0.0021296 70112
0.0021306 70112
0.0021315 70112
0.0021324 70112
0.0021334 70112
0.0021343 70112
0.0021353 70112
0.0021362 70112
0.0021372 70112
0.0021381 70112
0.002139 70112
0.00214 70112
0.0021409 70112
0.0021419 70112
0.0021428 70112
0.0021438 70112
0.0021447 70112
0.0021456 70112
0.0021466 70112
0.0021475 70112
0.0021485 70112
0.0021494 70112
0.0021503 70112
0.0021513 70112
0.0021522 70112
0.0021532 70112
0.0021541 70112
0.0021551 70112
0.002156 70112
0.0021569 70112
0.0021579 70112
0.0021588 70112
0.0021598 70112
0.0021607 70112
0.0021617 70112
0.0021626 70112
0.0021635 70112
0.0021645 70112
0.0021654 70112
0.0021664 70112
0.0021673 70112
0.0021683 70112
0.0021692 70112
0.0021701 70112
0.0021711 70112
0.002172 70112
0.002173 70112
0.0021739 70112
0.0021748 70112
0.0021758 70112
0.0021767 70112
0.0021777 70112
0.0021786 70112
0.0021796 70112
0.0021805 70112
0.0021814 70112
0.0021824 70112
0.0021833 70112
0.0021843 70112
0.0021852 70112
0.0021862 70112
0.0021871 70112
0.002188 70112
0.002189 70112
0.0021899 70112
0.0021909 70112
0.0021918 70112
0.0021928 70112
0.0021937 70112
0.0021946 70112
0.0021956 70112
0.0021965 70112
0.0021975 70112
0.0021984 70112
0.0021993 70112
0.0022003 70112
0.0022012 70112
0.0022022 70112
0.0022031 70112
0.0022041 70112
0.002205 70112
0.0022059 70112
0.0022069 70112
0.0022078 70112
0.0022088 70112
0.0022097 70112
0.0022107 70112
0.0022116 70112
0.0022125 70112
0.0022135 70112
0.0022144 70112
0.0022154 70112
0.0022163 70112
0.0022173 70112
0.0022182 70112
0.0022191 70112
0.0022201 70112
0.002221 70112
0.002222 70112
0.0022229 70112
0.0022238 70112
0.0022248 70112
0.0022257 70112
0.0022267 70112
0.0022276 70112
0.0022286 70112
0.0022295 70112
0.0022304 70112
0.0022314 70112
0.0022323 70112
0.0022333 70112
0.0022342 70112
0.0022352 70112
0.0022361 70112
0.002237 70112
0.002238 70112
0.0022389 70112
0.0022399 70112
0.0022408 70112
0.0022418 70112
0.0022427 70112
0.0022436 70112
0.0022446 70112
0.0022455 70112
0.0022465 70112
0.0022474 70112
0.0022483 70112
0.0022493 70112
0.0022502 70112
0.0022512 70112
0.0022521 70112
0.0022531 70112
0.002254 70112
0.0022549 70112
0.0022559 70112
0.0022568 70112
0.0022578 70112
0.0022587 70112
0.0022597 70112
0.0022606 70112
0.0022615 70112
0.0022625 70112
0.0022634 70112
0.0022644 70112
0.0022653 70112
0.0022663 70112
0.0022672 70112
0.0022681 70112
0.0022691 70112
0.00227 70112
0.002271 70112
0.0022719 70112
0.0022728 70112
0.0022738 70112
0.0022747 70112
0.0022757 70112
0.0022766 70112
0.0022776 70112
0.0022785 70112
0.0022794 70112
0.0022804 70112
0.0022813 70112
0.0022823 70112
0.0022832 70112
0.0022842 70112
0.0022851 70112
0.002286 70112
0.002287 70112
0.0022879 70112
0.0022889 70112
0.0022898 70112
0.0022908 70112
0.0022917 70112
0.0022926 70112
0.0022936 70112
0.0022945 70112
0.0022955 70112
0.0022964 70112
0.0022973 70112
0.0022983 70112
0.0022992 70112
0.0023002 70112
0.0023011 70112
0.0023021 70112
0.002303 70112
0.0023039 70112
0.0023049 70112
0.0023058 70112
0.0023068 70112
0.0023077 70112
0.0023087 70112
0.0023096 70112
0.0023105 70112
0.0023115 70112
0.0023124 70112
0.0023134 70112
0.0023143 70112
0.0023153 70112
0.0023162 70112
0.0023171 70112
0.0023181 70112
0.002319 70112
0.00232 70112
0.0023209 70112
0.0023218 70112
0.0023228 70112
0.0023237 70112
0.0023247 70112
0.0023256 70112
0.0023266 70112
0.0023275 70112
0.0023284 70112
0.0023294 70112
0.0023303 70112
0.0023313 70112
0.0023322 70112
0.0023332 70112
0.0023341 70112
0.002335 70112
0.002336 70112
0.0023369 70112
0.0023379 70112
0.0023388 70112
0.0023398 70112
0.0023407 70112
0.0023416 70112
0.0023426 70112
0.0023435 70112
0.0023445 70112
0.0023454 70112
0.0023463 70112
0.0023473 70112
0.0023482 70112
0.0023492 70112
0.0023501 70112
0.0023511 70112
0.002352 70112
0.0023529 70112
0.0023539 70112
0.0023548 70112
0.0023558 70112
0.0023567 70112
0.0023577 70112
0.0023586 70112
0.0023595 70112
0.0023605 70112
0.0023614 70112
0.0023624 70112
0.0023633 70112
0.0023643 70112
0.0023652 70112
0.0023661 70112
0.0023671 70112
0.002368 70112
0.002369 70112
0.0023699 70112
0.0023708 70112
0.0023718 70112
0.0023727 70112
0.0023737 70112
0.0023746 70112
0.0023756 70112
0.0023765 70112
0.0023774 70112
0.0023784 70112
0.0023793 70112
0.0023803 70112
0.0023812 70112
0.0023822 70112
0.0023831 70112
0.002384 70112
0.002385 70112
0.0023859 70112
0.0023869 70112
0.0023878 70112
0.0023888 70112
0.0023897 70112
0.0023906 70112
0.0023916 70112
0.0023925 70112
0.0023935 70112
0.0023944 70112
0.0023953 70112
0.0023963 70112
0.0023972 70112
0.0023982 70112
0.0023991 70112
0.0024001 70112
0.002401 70112
0.0024019 70112
0.0024029 70112
0.0024038 70112
0.0024048 70112
0.0024057 70112
0.0024067 70112
0.0024076 70112
0.0024085 70112
0.0024095 70112
0.0024104 70112
0.0024114 70112
0.0024123 70112
0.0024133 70112
0.0024142 70112
0.0024151 70112
0.0024161 70112
0.002417 70112
0.002418 70112
0.0024189 70112
0.0024198 70112
0.0024208 70112
0.0024217 70112
0.0024227 70112
0.0024236 70112
0.0024246 70112
0.0024255 70112
0.0024264 70112
0.0024274 70112
0.0024283 70112
0.0024293 70112
0.0024302 70112
0.0024312 70112
0.0024321 70112
0.002433 70112
0.002434 70112
0.0024349 70112
0.0024359 70112
0.0024368 70112
0.0024378 70112
0.0024387 70112
0.0024396 70112
0.0024406 70112
0.0024415 70112
0.0024425 70112
0.0024434 70112
0.0024443 70112
0.0024453 70112
0.0024462 70112
0.0024472 70112
0.0024481 70112
0.0024491 70112
0.00245 70112
0.0024509 70112
0.0024519 70112
0.0024528 70112
0.0024538 70112
0.0024547 70112
0.0024557 70112
0.0024566 70112
0.0024575 70112
0.0024585 70112
0.0024594 70112
0.0024604 70112
0.0024613 70112
0.0024623 70112
0.0024632 70112
0.0024641 70112
0.0024651 70112
0.002466 70112
0.002467 70112
0.0024679 70112
0.0024688 70112
0.0024698 70112
0.0024707 70112
0.0024717 70112
0.0024726 70112
0.0024736 70112
0.0024745 70112
0.0024754 70112
0.0024764 70112
0.0024773 70112
0.0024783 70112
0.0024792 70112
0.0024802 70112
0.0024811 70112
0.002482 70112
0.002483 70112
0.0024839 70112
0.0024849 70112
0.0024858 70112
0.0024868 70112
0.0024877 70112
0.0024886 70112
0.0024896 70112
0.0024905 70112
0.0024915 70112
0.0024924 70112
0.0024933 70112
0.0024943 70112
0.0024952 70112
0.0024962 70112
0.0024971 70112
0.0024981 70112
0.002499 70112
0.0024999 70112
0.0025009 70112
0.0025018 70112
0.0025028 70112
0.0025037 70112
0.0025047 70112
0.0025056 70112
0.0025065 70112
0.0025075 70112
0.0025084 70112
0.0025094 70112
0.0025103 70112
0.0025113 70112
0.0025122 70112
0.0025131 70112
0.0025141 70112
0.002515 70112
0.002516 70112
0.0025169 70112
0.0025178 70112
0.0025188 70112
0.0025197 70112
0.0025207 70112
0.0025216 70112
0.0025226 70112
0.0025235 70112
0.0025244 70112
0.0025254 70112
0.0025263 70112
0.0025273 70112
0.0025282 70112
0.0025292 70112
0.0025301 70112
0.002531 70112
0.002532 70112
0.0025329 70112
0.0025339 70112
0.0025348 70112
0.0025358 70112
0.0025367 70112
0.0025376 70112
0.0025386 70112
0.0025395 70112
0.0025405 70112
0.0025414 70112
0.0025423 70112
0.0025433 70112
0.0025442 70112
0.0025452 70112
0.0025461 70112
0.0025471 70112
0.002548 70112
0.0025489 70112
0.0025499 70112
0.0025508 70112
0.0025518 70112
0.0025527 70112
0.0025537 70112
0.0025546 70112
0.0025555 70112
0.0025565 70112
0.0025574 70112
0.0025584 70112
0.0025593 70112
0.0025603 70112
0.0025612 70112
0.0025621 70112
0.0025631 70112
0.002564 70112
0.002565 70112
0.0025659 70112
0.0025668 70112
0.0025678 70112
0.0025687 70112
0.0025697 70112
0.0025706 70112
0.0025716 70112
0.0025725 70112
0.0025734 70112
0.0025744 70112
0.0025753 70112
0.0025763 70112
0.0025772 70112
0.0025782 70112
0.0025791 70112
0.00258 70112
0.002581 70112
0.0025819 70112
0.0025829 70112
0.0025838 70112
0.0025848 70112
0.0025857 70112
0.0025866 70112
0.0025876 70112
0.0025885 70112
0.0025895 70112
0.0025904 70112
0.0025913 70112
0.0025923 70112
0.0025932 70112
0.0025942 70112
0.0025951 70112
0.0025961 70112
0.002597 70112
0.0025979 70112
0.0025989 70112
0.0025998 70112
0.0026008 70112
0.0026017 70112
0.0026027 70112
0.0026036 70112
0.0026045 70112
0.0026055 70112
0.0026064 70112
0.0026074 70112
0.0026083 70112
0.0026093 70112
0.0026102 70112
0.0026111 70112
0.0026121 70112
0.002613 70112
0.002614 70112
0.0026149 70112
0.0026158 70112
0.0026168 70112
0.0026177 70112
0.0026187 70112
0.0026196 70112
0.0026206 70112
0.0026215 70112
0.0026224 70112
0.0026234 70112
0.0026243 70112
0.0026253 70112
0.0026262 70112
0.0026272 70112
0.0026281 70112
0.002629 70112
0.00263 70112
0.0026309 70112
0.0026319 70112
0.0026328 70112
0.0026338 70112
0.0026347 70112
0.0026356 70112
0.0026366 70112
0.0026375 70112
0.0026385 70112
0.0026394 70112
0.0026403 70112
0.0026413 70112
0.0026422 70112
0.0026432 70112
0.0026441 70112
0.0026451 70112
0.002646 70112
0.0026469 70112
0.0026479 70112
0.0026488 70112
0.0026498 70112
0.0026507 70112
0.0026517 70112
0.0026526 70112
0.0026535 70112
0.0026545 70112
0.0026554 70112
0.0026564 70112
0.0026573 70112
0.0026583 70112
0.0026592 70112
0.0026601 70112
0.0026611 70112
0.002662 70112
0.002663 70112
0.0026639 70112
0.0026648 70112
0.0026658 70112
0.0026667 70112
0.0026677 70112
0.0026686 70112
0.0026696 70112
0.0026705 70112
0.0026714 70112
0.0026724 70112
0.0026733 70112
0.0026743 70112
0.0026752 70112
0.0026762 70112
0.0026771 70112
0.002678 70112
0.002679 70112
0.0026799 70112
0.0026809 70112
0.0026818 70112
0.0026828 70112
0.0026837 70112
0.0026846 70112
0.0026856 70112
0.0026865 70112
0.0026875 70112
0.0026884 70112
0.0026893 70112
0.0026903 70112
0.0026912 70112
0.0026922 70112
0.0026931 70112
0.0026941 70112
0.002695 70112
0.0026959 70112
0.0026969 70112
0.0026978 70112
0.0026988 70112
0.0026997 70112
0.0027007 70112
0.0027016 70112
0.0027025 70112
0.0027035 70112
0.0027044 70112
0.0027054 70112
0.0027063 70112
0.0027073 70112
0.0027082 70112
0.0027091 70112
0.0027101 70112
0.002711 70112
0.002712 70112
0.0027129 70112
0.0027138 70112
0.0027148 70112
0.0027157 70112
0.0027167 70112
0.0027176 70112
0.0027186 70112
0.0027195 70112
0.0027204 70112
0.0027214 70112
0.0027223 70112
0.0027233 70112
0.0027242 70112
0.0027252 70112
0.0027261 70112
0.002727 70112
0.002728 70112
0.0027289 70112
0.0027299 70112
0.0027308 70112
0.0027318 70112
0.0027327 70112
0.0027336 70112
0.0027346 70112
0.0027355 70112
0.0027365 70112
0.0027374 70112
0.0027383 70112
0.0027393 70112
0.0027402 70112
0.0027412 70112
0.0027421 70112
0.0027431 70112
0.002744 70112
0.0027449 70112
0.0027459 70112
0.0027468 70112
0.0027478 70112
0.0027487 70112
0.0027497 70112
0.0027506 70112
0.0027515 70112
0.0027525 70112
0.0027534 70112
0.0027544 70112
0.0027553 70112
0.0027563 70112
0.0027572 70112
0.0027581 70112
0.0027591 70112
0.00276 70112
0.002761 70112
0.0027619 70112
0.0027628 70112
0.0027638 70112
0.0027647 70112
0.0027657 70112
0.0027666 70112
0.0027676 70112
0.0027685 70112
0.0027694 70112
0.0027704 70112
0.0027713 70112
0.0027723 70112
0.0027732 70112
0.0027742 70112
0.0027751 70112
0.002776 70112
0.002777 70112
0.0027779 70112
0.0027789 70112
0.0027798 70112
0.0027808 70112
0.0027817 70112
0.0027826 70112
0.0027836 70112
0.0027845 70112
0.0027855 70112
0.0027864 70112
0.0027873 70112
0.0027883 70112
0.0027892 70112
0.0027902 70112
0.0027911 70112
0.0027921 70112
0.002793 70112
0.0027939 70112
0.0027949 70112
0.0027958 70112
0.0027968 70112
0.0027977 70112
0.0027987 70112
0.0027996 70112
0.0028005 70112
0.0028015 70112
0.0028024 70112
0.0028034 70112
0.0028043 70112
0.0028053 70112
0.0028062 70112
0.0028071 70112
0.0028081 70112
0.002809 70112
0.00281 70112
0.0028109 70112
0.0028118 70112
0.0028128 70112
0.0028137 70112
0.0028147 70112
0.0028156 70112
0.0028166 70112
0.0028175 70112
0.0028184 70112
0.0028194 70112
0.0028203 70112
0.0028213 70112
0.0028222 70112
0.0028232 70112
0.0028241 70112
0.002825 70112
0.002826 70112
0.0028269 70112
0.0028279 70112
0.0028288 70112
0.0028298 70112
0.0028307 70112
0.0028316 70112
0.0028326 70112
0.0028335 70112
0.0028345 70112
0.0028354 70112
0.0028363 70112
0.0028373 70112
0.0028382 70112
0.0028392 70112
0.0028401 70112
0.0028411 70112
0.002842 70112
0.0028429 70112
0.0028439 70112
0.0028448 70112
0.0028458 70112
0.0028467 70112
0.0028477 70112
0.0028486 70112
0.0028495 70112
0.0028505 70112
0.0028514 70112
0.0028524 70112
0.0028533 70112
0.0028543 70112
0.0028552 70112
0.0028561 70112
0.0028571 70112
0.002858 70112
0.002859 70112
0.0028599 70112
0.0028608 70112
0.0028618 70112
0.0028627 70112
0.0028637 70112
0.0028646 70112
0.0028656 70112
0.0028665 70112
0.0028674 70112
0.0028684 70112
0.0028693 70112
0.0028703 70112
0.0028712 70112
0.0028722 70112
0.0028731 70112
0.002874 70112
0.002875 70112
0.0028759 70112
0.0028769 70112
0.0028778 70112
0.0028788 70112
0.0028797 70112
0.0028806 70112
0.0028816 70112
0.0028825 70112
0.0028835 70112
0.0028844 70112
0.0028853 70112
0.0028863 70112
0.0028872 70112
0.0028882 70112
0.0028891 70112
0.0028901 70112
0.002891 70112
0.0028919 70112
0.0028929 70112
0.0028938 70112
0.0028948 70112
0.0028957 70112
0.0028967 70112
0.0028976 70112
0.0028985 70112
0.0028995 70112
0.0029004 70112
0.0029014 70112
0.0029023 70112
0.0029033 70112
0.0029042 70112
0.0029051 70112
0.0029061 70112
0.002907 70112
0.002908 70112
0.0029089 70112
0.0029098 70112
0.0029108 70112
0.0029117 70112
0.0029127 70112
0.0029136 70112
0.0029146 70112
0.0029155 70112
0.0029164 70112
0.0029174 70112
0.0029183 70112
0.0029193 70112
0.0029202 70112
0.0029212 70112
0.0029221 70112
0.002923 70112
0.002924 70112
0.0029249 70112
0.0029259 70112
0.0029268 70112
0.0029278 70112
0.0029287 70112
0.0029296 70112
0.0029306 70112
0.0029315 70112
0.0029325 70112
0.0029334 70112
0.0029343 70112
0.0029353 70112
0.0029362 70112
0.0029372 70112
0.0029381 70112
0.0029391 70112
0.00294 70112
0.0029409 70112
0.0029419 70112
0.0029428 70112
0.0029438 70112
0.0029447 70112
0.0029457 70112
0.0029466 70112
0.0029475 70112
0.0029485 70112
0.0029494 70112
0.0029504 70112
0.0029513 70112
0.0029523 70112
0.0029532 70112
0.0029541 70112
0.0029551 70112
0.002956 70112
0.002957 70112
0.0029579 70112
0.0029588 70112
0.0029598 70112
0.0029607 70112
0.0029617 70112
0.0029626 70112
0.0029636 70112
0.0029645 70112
0.0029654 70112
0.0029664 70112
0.0029673 70112
0.0029683 70112
0.0029692 70112
0.0029702 70112
0.0029711 70112
0.002972 70112
0.002973 70112
0.0029739 70112
0.0029749 70112
0.0029758 70112
0.0029768 70112
0.0029777 70112
0.0029786 70112
0.0029796 70112
0.0029805 70112
0.0029815 70112
0.0029824 70112
0.0029833 70112
0.0029843 70112
0.0029852 70112
0.0029862 70112
0.0029871 70112
0.0029881 70112
0.002989 70112
0.0029899 70112
0.0029909 70112
0.0029918 70112
0.0029928 70112
0.0029937 70112
0.0029947 70112
0.0029956 70112
0.0029965 70112
0.0029975 70112
0.0029984 70112
0.0029994 70112
0.0030003 70112
0.0030013 70112
0.0030022 70112
0.0030031 70112
0.0030041 70112
0.003005 70112
0.003006 70112
0.0030069 70112
0.0030078 70112
0.0030088 70112
0.0030097 70112
0.0030107 70112
0.0030116 70112
0.0030126 70112
0.0030135 70112
0.0030144 70112
0.0030154 70112
0.0030163 70112
0.0030173 70112
0.0030182 70112
0.0030192 70112
0.0030201 70112
0.003021 70112
0.003022 70112
0.0030229 70112
0.0030239 70112
0.0030248 70112
0.0030258 70112
0.0030267 70112
0.0030276 70112
0.0030286 70112
0.0030295 70112
0.0030305 70112
0.0030314 70112
0.0030323 70112
0.0030333 70112
0.0030342 70112
0.0030352 70112
0.0030361 70112
0.0030371 70112
0.003038 70112
0.0030389 70112
0.0030399 70112
0.0030408 70112
0.0030418 70112
0.0030427 70112
0.0030437 70112
0.0030446 70112
0.0030455 70112
0.0030465 70112
0.0030474 70112
0.0030484 70112
0.0030493 70112
0.0030503 70112
0.0030512 70112
0.0030521 70112
0.0030531 70112
0.003054 70112
0.003055 70112
0.0030559 70112
0.0030568 70112
0.0030578 70112
0.0030587 70112
0.0030597 70112
0.0030606 70112
0.0030616 70112
0.0030625 70112
0.0030634 70112
0.0030644 70112
0.0030653 70112
0.0030663 70112
0.0030672 70112
0.0030682 70112
0.0030691 70112
0.00307 70112
0.003071 70112
0.0030719 70112
0.0030729 70112
0.0030738 70112
0.0030748 70112
0.0030757 70112
0.0030766 70112
0.0030776 70112
0.0030785 70112
0.0030795 70112
0.0030804 70112
0.0030813 70112
0.0030823 70112
0.0030832 70112
0.0030842 70112
0.0030851 70112
0.0030861 70112
0.003087 70112
0.0030879 70112
0.0030889 70112
0.0030898 70112
0.0030908 70112
0.0030917 70112
0.0030927 70112
0.0030936 70112
0.0030945 70112
0.0030955 70112
0.0030964 70112
0.0030974 70112
0.0030983 70112
0.0030993 70112
0.0031002 70112
0.0031011 70112
0.0031021 70112
0.003103 70112
0.003104 70112
0.0031049 70112
0.0031058 70112
0.0031068 70112
0.0031077 70112
0.0031087 70112
0.0031096 70112
0.0031106 70112
0.0031115 70112
0.0031124 70112
0.0031134 70112
0.0031143 70112
0.0031153 70112
0.0031162 70112
0.0031172 70112
0.0031181 70112
0.003119 70112
0.00312 70112
0.0031209 70112
0.0031219 70112
0.0031228 70112
0.0031238 70112
0.0031247 70112
0.0031256 70112
0.0031266 70112
0.0031275 70112
0.0031285 70112
0.0031294 70112
0.0031303 70112
0.0031313 70112
0.0031322 70112
0.0031332 70112
0.0031341 70112
0.0031351 70112
0.003136 70112
0.0031369 70112
0.0031379 70112
0.0031388 70112
0.0031398 70112
0.0031407 70112
0.0031417 70112
0.0031426 70112
0.0031435 70112
0.0031445 70112
0.0031454 70112
0.0031464 70112
0.0031473 70112
0.0031483 70112
0.0031492 70112
0.0031501 70112
0.0031511 70112
0.003152 70112
0.003153 70112
0.0031539 70112
0.0031548 70112
0.0031558 70112
0.0031567 70112
0.0031577 70112
0.0031586 70112
0.0031596 70112
0.0031605 70112
0.0031614 70112
0.0031624 70112
0.0031633 70112
0.0031643 70112
0.0031652 70112
0.0031662 70112
0.0031671 70112
0.003168 70112
0.003169 70112
0.0031699 70112
0.0031709 70112
0.0031718 70112
0.0031728 70112
0.0031737 70112
0.0031746 70112
0.0031756 70112
0.0031765 70112
0.0031775 70112
0.0031784 70112
0.0031793 70112
0.0031803 70112
0.0031812 70112
0.0031822 70112
0.0031831 70112
0.0031841 70112
0.003185 70112
0.0031859 70112
0.0031869 70112
0.0031878 70112
0.0031888 70112
0.0031897 70112
0.0031907 70112
0.0031916 70112
0.0031925 70112
0.0031935 70112
0.0031944 70112
0.0031954 70112
0.0031963 70112
0.0031973 70112
0.0031982 70112
0.0031991 70112
0.0032001 70112
0.003201 70112
0.003202 70112
0.0032029 70112
0.0032038 70112
0.0032048 70112
0.0032057 70112
0.0032067 70112
0.0032076 70112
0.0032086 70112
0.0032095 70112
0.0032104 70112
0.0032114 70112
0.0032123 70112
0.0032133 70112
0.0032142 70112
0.0032152 70112
0.0032161 70112
0.003217 70112
0.003218 70112
0.0032189 70112
0.0032199 70112
0.0032208 70112
0.0032218 70112
0.0032227 70112
0.0032236 70112
0.0032246 70112
0.0032255 70112
0.0032265 70112
0.0032274 70112
0.0032283 70112
0.0032293 70112
0.0032302 70112
0.0032312 70112
0.0032321 70112
0.0032331 70112
0.003234 70112
0.0032349 70112
0.0032359 70112
0.0032368 70112
0.0032378 70112
0.0032387 70112
0.0032397 70112
0.0032406 70112
0.0032415 70112
0.0032425 70112
0.0032434 70112
0.0032444 70112
0.0032453 70112
0.0032463 70112
0.0032472 70112
0.0032481 70112
0.0032491 70112
0.00325 70112
0.003251 70112
0.0032519 70112
0.0032528 70112
0.0032538 70112
0.0032547 70112
0.0032557 70112
0.0032566 70112
0.0032576 70112
0.0032585 70112
0.0032594 70112
0.0032604 70112
0.0032613 70112
0.0032623 70112
0.0032632 70112
0.0032642 70112
0.0032651 70112
0.003266 70112
0.003267 70112
0.0032679 70112
0.0032689 70112
0.0032698 70112
0.0032708 70112
0.0032717 70112
0.0032726 70112
0.0032736 70112
0.0032745 70112
0.0032755 70112
0.0032764 70112
0.0032773 70112
0.0032783 70112
0.0032792 70112
0.0032802 70112
0.0032811 70112
0.0032821 70112
0.003283 70112
0.0032839 70112
0.0032849 70112
0.0032858 70112
0.0032868 70112
0.0032877 70112
0.0032887 70112
0.0032896 70112
0.0032905 70112
0.0032915 70112
0.0032924 70112
0.0032934 70112
0.0032943 70112
0.0032953 70112
0.0032962 70112
0.0032971 70112
0.0032981 70112
1 70112
