9.4231e-07 8280
1.8846e-06 8280
2.8269e-06 8280
3.7692e-06 8280
4.7115e-06 8280
5.6538e-06 8280
6.5962e-06 8280
7.5385e-06 8280
8.4808e-06 8280
9.4231e-06 8280
1.0365e-05 8280
1.1308e-05 8280
1.225e-05 8280
1.3192e-05 8280
1.4135e-05 8280
1.5077e-05 8280
1.6019e-05 8280
1.6962e-05 8280
1.7904e-05 8280
1.8846e-05 8280
1.9788e-05 8280
2.0731e-05 8280
2.1673e-05 8280
2.2615e-05 8280
2.3558e-05 8280
2.45e-05 8280
2.5442e-05 8280
2.6385e-05 8280
2.7327e-05 8280
2.8269e-05 8280
2.9212e-05 8280
3.0154e-05 8280
3.1096e-05 8280
3.2038e-05 8280
3.2981e-05 8280
3.3923e-05 8280
3.4865e-05 8280
3.5808e-05 8280
3.675e-05 8280
3.7692e-05 8280
3.8635e-05 8280
3.9577e-05 8280
4.0519e-05 8280
4.1462e-05 8280
4.2404e-05 8280
4.3346e-05 8280
4.4288e-05 8280
4.5231e-05 8280
4.6173e-05 8280
4.7115e-05 8280
4.8058e-05 8280
4.9e-05 8280
4.9942e-05 8280
5.0885e-05 8280
5.1827e-05 8280
5.2769e-05 8280
5.3712e-05 8280
5.4654e-05 8280
5.5596e-05 8280
5.6538e-05 8280
5.7481e-05 8280
5.8423e-05 8280
5.9365e-05 8280
6.0308e-05 8280
6.125e-05 8280
6.2192e-05 8280
6.3135e-05 8280
6.4077e-05 8280
6.5019e-05 8280
6.5962e-05 8280
6.6904e-05 8280
6.7846e-05 8280
6.8788e-05 8280
6.9731e-05 8280
7.0673e-05 8280
7.1615e-05 8280
7.2558e-05 8280
7.35e-05 8280
7.4442e-05 8280
7.5385e-05 8280
7.6327e-05 8280
7.7269e-05 8280
7.8212e-05 8280
7.9154e-05 8280
8.0096e-05 8280
8.1038e-05 8280
8.1981e-05 8280
8.2923e-05 8280
8.3865e-05 8280
8.4808e-05 8280
8.575e-05 8280
8.6692e-05 8280
8.7635e-05 8280
8.8577e-05 8280
8.9519e-05 8280
9.0462e-05 8280
9.1404e-05 8280
9.2346e-05 8280
9.3288e-05 8280
9.4231e-05 8280
9.5173e-05 8280
9.6115e-05 8280
9.7058e-05 8280
9.8e-05 8280
9.8942e-05 8280
9.9885e-05 8280
0.00010083 8280
0.00010177 8280
0.00010271 8280
0.00010365 8280
0.0001046 8280
0.00010554 8280
0.00010648 8280
0.00010742 8280
0.00010837 8280
0.00010931 8280
0.00011025 8280
0.00011119 8280
0.00011213 8280
0.00011308 8280
0.00011402 8280
0.00011496 8280
0.0001159 8280
0.00011685 8280
0.00011779 8280
0.00011873 8280
0.00011967 8280
0.00012062 8280
0.00012156 8280
0.0001225 8280
0.00012344 8280
0.00012438 8280
0.00012533 8280
0.00012627 8280
0.00012721 8280
0.00012815 8280
0.0001291 8280
0.00013004 8280
0.00013098 8280
0.00013192 8280
0.00013287 8280
0.00013381 8280
0.00013475 8280
0.00013569 8280
0.00013663 8280
0.00013758 8280
0.00013852 8280
0.00013946 8280
0.0001404 8280
0.00014135 8280
0.00014229 8280
0.00014323 8280
0.00014417 8280
0.00014512 8280
0.00014606 8280
0.000147 8280
0.00014794 8280
0.00014888 8280
0.00014983 8280
0.00015077 8280
0.00015171 8280
0.00015265 8280
0.0001536 8280
0.00015454 8280
0.00015548 8280
0.00015642 8280
0.00015737 8280
0.00015831 8280
0.00015925 8280
0.00016019 8280
0.00016113 8280
0.00016208 8280
0.00016302 8280
0.00016396 8280
0.0001649 8280
0.00016585 8280
0.00016679 8280
0.00016773 8280
0.00016867 8280
0.00016962 8280
0.00017056 8280
0.0001715 8280
0.00017244 8280
0.00017338 8280
0.00017433 8280
0.00017527 8280
0.00017621 8280
0.00017715 8280
0.0001781 8280
0.00017904 8280
0.00017998 8280
0.00018092 8280
0.00018187 8280
0.00018281 8280
0.00018375 8280
0.00018469 8280
0.00018563 8280
0.00018658 8280
0.00018752 8280
0.00018846 8280
0.0001894 8280
0.00019035 8280
0.00019129 8280
0.00019223 8280
0.00019317 8280
0.00019412 8280
0.00019506 8280
0.000196 8280
0.00019694 8280
0.00019788 8280
0.00019883 8280
0.00019977 8280
0.00020071 8280
0.00020165 8280
0.0002026 8280
0.00020354 8280
0.00020448 8280
0.00020542 8280
0.00020637 8280
0.00020731 8280
0.00020825 8280
0.00020919 8280
0.00021013 8280
0.00021108 8280
0.00021202 8280
0.00021296 8280
0.0002139 8280
0.00021485 8280
0.00021579 8280
0.00021673 8280
0.00021767 8280
0.00021862 8280
0.00021956 8280
0.0002205 8280
0.00022144 8280
0.00022238 8280
0.00022333 8280
0.00022427 8280
0.00022521 8280
0.00022615 8280
0.0002271 8280
0.00022804 8280
0.00022898 8280
0.00022992 8280
0.00023087 8280
0.00023181 8280
0.00023275 8280
0.00023369 8280
0.00023463 8280
0.00023558 8280
0.00023652 8280
0.00023746 8280
0.0002384 8280
0.00023935 8280
0.00024029 8280
0.00024123 8280
0.00024217 8280
0.00024312 8280
0.00024406 8280
0.000245 8280
0.00024594 8280
0.00024688 8280
0.00024783 8280
0.00024877 8280
0.00024971 8280
0.00025065 8280
0.0002516 8280
0.00025254 8280
0.00025348 8280
0.00025442 8280
0.00025537 8280
0.00025631 8280
0.00025725 8280
0.00025819 8280
0.00025913 8280
0.00026008 8280
0.00026102 8280
0.00026196 8280
0.0002629 8280
0.00026385 8280
0.00026479 8280
0.00026573 8280
0.00026667 8280
0.00026762 8280
0.00026856 8280
0.0002695 8280
0.00027044 8280
0.00027138 8280
0.00027233 8280
0.00027327 8280
0.00027421 8280
0.00027515 8280
0.0002761 8280
0.00027704 8280
0.00027798 8280
0.00027892 8280
0.00027987 8280
0.00028081 8280
0.00028175 8280
0.00028269 8280
0.00028363 8280
0.00028458 8280
0.00028552 8280
0.00028646 8280
0.0002874 8280
0.00028835 8280
0.00028929 8280
0.00029023 8280
0.00029117 8280
0.00029212 8280
0.00029306 8280
0.000294 8280
0.00029494 8280
0.00029588 8280
0.00029683 8280
0.00029777 8280
0.00029871 8280
0.00029965 8280
0.0003006 8280
0.00030154 8280
0.00030248 8280
0.00030342 8280
0.00030437 8280
0.00030531 8280
0.00030625 8280
0.00030719 8280
0.00030813 8280
0.00030908 8280
0.00031002 8280
0.00031096 8280
0.0003119 8280
0.00031285 8280
0.00031379 8280
0.00031473 8280
0.00031567 8280
0.00031662 8280
0.00031756 8280
0.0003185 8280
0.00031944 8280
0.00032038 8280
0.00032133 8280
0.00032227 8280
0.00032321 8280
0.00032415 8280
0.0003251 8280
0.00032604 8280
0.00032698 8280
0.00032792 8280
0.00032887 8280
0.00032981 8280
0.00033075 8280
0.00033169 8280
0.00033263 8280
0.00033358 8280
0.00033452 8280
0.00033546 8280
0.0003364 8280
0.00033735 8280
0.00033829 8280
0.00033923 8280
0.00034017 8280
0.00034112 8280
0.00034206 8280
0.000343 8280
0.00034394 8280
0.00034488 8280
0.00034583 8280
0.00034677 8280
0.00034771 8280
0.00034865 8280
0.0003496 8280
0.00035054 8280
0.00035148 8280
0.00035242 8280
0.00035337 8280
0.00035431 8280
0.00035525 8280
0.00035619 8280
0.00035713 8280
0.00035808 8280
0.00035902 8280
0.00035996 8280
0.0003609 8280
0.00036185 8280
0.00036279 8280
0.00036373 8280
0.00036467 8280
0.00036562 8280
0.00036656 8280
0.0003675 8280
0.00036844 8280
0.00036938 8280
0.00037033 8280
0.00037127 8280
0.00037221 8280
0.00037315 8280
0.0003741 8280
0.00037504 8280
0.00037598 8280
0.00037692 8280
0.00037787 8280
0.00037881 8280
0.00037975 8280
0.00038069 8280
0.00038163 8280
0.00038258 8280
0.00038352 8280
0.00038446 8280
0.0003854 8280
0.00038635 8280
0.00038729 8280
0.00038823 8280
0.00038917 8280
0.00039012 8280
0.00039106 8280
0.000392 8280
0.00039294 8280
0.00039388 8280
0.00039483 8280
0.00039577 8280
0.00039671 8280
0.00039765 8280
0.0003986 8280
0.00039954 8280
0.00040048 8280
0.00040142 8280
0.00040237 8280
0.00040331 8280
0.00040425 8280
0.00040519 8280
0.00040613 8280
0.00040708 8280
0.00040802 8280
0.00040896 8280
0.0004099 8280
0.00041085 8280
0.00041179 8280
0.00041273 8280
0.00041367 8280
0.00041462 8280
0.00041556 8280
0.0004165 8280
0.00041744 8280
0.00041838 8280
0.00041933 8280
0.00042027 8280
0.00042121 8280
0.00042215 8280
0.0004231 8280
0.00042404 8280
0.00042498 8280
0.00042592 8280
0.00042687 8280
0.00042781 8280
0.00042875 8280
0.00042969 8280
0.00043063 8280
0.00043158 8280
0.00043252 8280
0.00043346 8280
0.0004344 8280
0.00043535 8280
0.00043629 8280
0.00043723 8280
0.00043817 8280
0.00043912 8280
0.00044006 8280
0.000441 8280
0.00044194 8280
0.00044288 8280
0.00044383 8280
0.00044477 8280
0.00044571 8280
0.00044665 8280
0.0004476 8280
0.00044854 8280
0.00044948 8280
0.00045042 8280
0.00045137 8280
0.00045231 8280
0.00045325 8280
0.00045419 8280
0.00045513 8280
0.00045608 8280
0.00045702 8280
0.00045796 8280
0.0004589 8280
0.00045985 8280
0.00046079 8280
0.00046173 8280
0.00046267 8280
0.00046362 8280
0.00046456 8280
0.0004655 8280
0.00046644 8280
0.00046738 8280
0.00046833 8280
0.00046927 8280
0.00047021 8280
0.00047115 8280
0.0004721 8280
0.00047304 8280
0.00047398 8280
0.00047492 8280
0.00047587 8280
0.00047681 8280
0.00047775 8280
0.00047869 8280
0.00047963 8280
0.00048058 8280
0.00048152 8280
0.00048246 8280
0.0004834 8280
0.00048435 8280
0.00048529 8280
0.00048623 8280
0.00048717 8280
0.00048812 8280
0.00048906 8280
0.00049 8280
0.00049094 8280
0.00049188 8280
0.00049283 8280
0.00049377 8280
0.00049471 8280
0.00049565 8280
0.0004966 8280
0.00049754 8280
0.00049848 8280
0.00049942 8280
0.00050037 8280
0.00050131 8280
0.00050225 8280
0.00050319 8280
0.00050413 8280
0.00050508 8280
0.00050602 8280
0.00050696 8280
0.0005079 8280
0.00050885 8280
0.00050979 8280
0.00051073 8280
0.00051167 8280
0.00051262 8280
0.00051356 8280
0.0005145 8280
0.00051544 8280
0.00051638 8280
0.00051733 8280
0.00051827 8280
0.00051921 8280
0.00052015 8280
0.0005211 8280
0.00052204 8280
0.00052298 8280
0.00052392 8280
0.00052487 8280
0.00052581 8280
0.00052675 8280
0.00052769 8280
0.00052863 8280
0.00052958 8280
0.00053052 8280
0.00053146 8280
0.0005324 8280
0.00053335 8280
0.00053429 8280
0.00053523 8280
0.00053617 8280
0.00053712 8280
0.00053806 8280
0.000539 8280
0.00053994 8280
0.00054088 8280
0.00054183 8280
0.00054277 8280
0.00054371 8280
0.00054465 8280
0.0005456 8280
0.00054654 8280
0.00054748 8280
0.00054842 8280
0.00054937 8280
0.00055031 8280
0.00055125 8280
0.00055219 8280
0.00055313 8280
0.00055408 8280
0.00055502 8280
0.00055596 8280
0.0005569 8280
0.00055785 8280
0.00055879 8280
0.00055973 8280
0.00056067 8280
0.00056162 8280
0.00056256 8280
0.0005635 8280
0.00056444 8280
0.00056538 8280
0.00056633 8280
0.00056727 8280
0.00056821 8280
0.00056915 8280
0.0005701 8280
0.00057104 8280
0.00057198 8280
0.00057292 8280
0.00057387 8280
0.00057481 8280
0.00057575 8280
0.00057669 8280
0.00057763 8280
0.00057858 8280
0.00057952 8280
0.00058046 8280
0.0005814 8280
0.00058235 8280
0.00058329 8280
0.00058423 8280
0.00058517 8280
0.00058612 8280
0.00058706 8280
0.000588 8280
0.00058894 8280
0.00058988 8280
0.00059083 8280
0.00059177 8280
0.00059271 8280
0.00059365 8280
0.0005946 8280
0.00059554 8280
0.00059648 8280
0.00059742 8280
0.00059837 8280
0.00059931 8280
0.00060025 8280
0.00060119 8280
0.00060213 8280
0.00060308 8280
0.00060402 8280
0.00060496 8280
0.0006059 8280
0.00060685 8280
0.00060779 8280
0.00060873 8280
0.00060967 8280
0.00061062 8280
0.00061156 8280
0.0006125 8280
0.00061344 8280
0.00061438 8280
0.00061533 8280
0.00061627 8280
0.00061721 8280
0.00061815 8280
0.0006191 8280
0.00062004 8280
0.00062098 8280
0.00062192 8280
0.00062287 8280
0.00062381 8280
0.00062475 8280
0.00062569 8280
0.00062663 8280
0.00062758 8280
0.00062852 8280
0.00062946 8280
0.0006304 8280
0.00063135 8280
0.00063229 8280
0.00063323 8280
0.00063417 8280
0.00063512 8280
0.00063606 8280
0.000637 8280
0.00063794 8280
0.00063888 8280
0.00063983 8280
0.00064077 8280
0.00064171 8280
0.00064265 8280
0.0006436 8280
0.00064454 8280
0.00064548 8280
0.00064642 8280
0.00064737 8280
0.00064831 8280
0.00064925 8280
0.00065019 8280
0.00065113 8280
0.00065208 8280
0.00065302 8280
0.00065396 8280
0.0006549 8280
0.00065585 8280
0.00065679 8280
0.00065773 8280
0.00065867 8280
0.00065962 8280
0.00066056 8280
0.0006615 8280
0.00066244 8280
0.00066338 8280
0.00066433 8280
0.00066527 8280
0.00066621 8280
0.00066715 8280
0.0006681 8280
0.00066904 8280
0.00066998 8280
0.00067092 8280
0.00067187 8280
0.00067281 8280
0.00067375 8280
0.00067469 8280
0.00067563 8280
0.00067658 8280
0.00067752 8280
0.00067846 8280
0.0006794 8280
0.00068035 8280
0.00068129 8280
0.00068223 8280
0.00068317 8280
0.00068412 8280
0.00068506 8280
0.000686 8280
0.00068694 8280
0.00068788 8280
0.00068883 8280
0.00068977 8280
0.00069071 8280
0.00069165 8280
0.0006926 8280
0.00069354 8280
0.00069448 8280
0.00069542 8280
0.00069637 8280
0.00069731 8280
0.00069825 8280
0.00069919 8280
0.00070013 8280
0.00070108 8280
0.00070202 8280
0.00070296 8280
0.0007039 8280
0.00070485 8280
0.00070579 8280
0.00070673 8280
0.00070767 8280
0.00070862 8280
0.00070956 8280
0.0007105 8280
0.00071144 8280
0.00071238 8280
0.00071333 8280
0.00071427 8280
0.00071521 8280
0.00071615 8280
0.0007171 8280
0.00071804 8280
0.00071898 8280
0.00071992 8280
0.00072087 8280
0.00072181 8280
0.00072275 8280
0.00072369 8280
0.00072463 8280
0.00072558 8280
0.00072652 8280
0.00072746 8280
0.0007284 8280
0.00072935 8280
0.00073029 8280
0.00073123 8280
0.00073217 8280
0.00073312 8280
0.00073406 8280
0.000735 8280
0.00073594 8280
0.00073688 8280
0.00073783 8280
0.00073877 8280
0.00073971 8280
0.00074065 8280
0.0007416 8280
0.00074254 8280
0.00074348 8280
0.00074442 8280
0.00074537 8280
0.00074631 8280
0.00074725 8280
0.00074819 8280
0.00074913 8280
0.00075008 8280
0.00075102 8280
0.00075196 8280
0.0007529 8280
0.00075385 8280
0.00075479 8280
0.00075573 8280
0.00075667 8280
0.00075762 8280
0.00075856 8280
0.0007595 8280
0.00076044 8280
0.00076138 8280
0.00076233 8280
0.00076327 8280
0.00076421 8280
0.00076515 8280
0.0007661 8280
0.00076704 8280
0.00076798 8280
0.00076892 8280
0.00076987 8280
0.00077081 8280
0.00077175 8280
0.00077269 8280
0.00077363 8280
0.00077458 8280
0.00077552 8280
0.00077646 8280
0.0007774 8280
0.00077835 8280
0.00077929 8280
0.00078023 8280
0.00078117 8280
0.00078212 8280
0.00078306 8280
0.000784 8280
0.00078494 8280
0.00078588 8280
0.00078683 8280
0.00078777 8280
0.00078871 8280
0.00078965 8280
0.0007906 8280
0.00079154 8280
0.00079248 8280
0.00079342 8280
0.00079437 8280
0.00079531 8280
0.00079625 8280
0.00079719 8280
0.00079813 8280
0.00079908 8280
0.00080002 8280
0.00080096 8280
0.0008019 8280
0.00080285 8280
0.00080379 8280
0.00080473 8280
0.00080567 8280
0.00080662 8280
0.00080756 8280
0.0008085 8280
0.00080944 8280
0.00081038 8280
0.00081133 8280
0.00081227 8280
0.00081321 8280
0.00081415 8280
0.0008151 8280
0.00081604 8280
0.00081698 8280
0.00081792 8280
0.00081887 8280
0.00081981 8280
0.00082075 8280
0.00082169 8280
0.00082263 8280
0.00082358 8280
0.00082452 8280
0.00082546 8280
0.0008264 8280
0.00082735 8280
0.00082829 8280
0.00082923 8280
0.00083017 8280
0.00083112 8280
0.00083206 8280
0.000833 8280
0.00083394 8280
0.00083488 8280
0.00083583 8280
0.00083677 8280
0.00083771 8280
0.00083865 8280
0.0008396 8280
0.00084054 8280
0.00084148 8280
0.00084242 8280
0.00084337 8280
0.00084431 8280
0.00084525 8280
0.00084619 8280
0.00084713 8280
0.00084808 8280
0.00084902 8280
0.00084996 8280
0.0008509 8280
0.00085185 8280
0.00085279 8280
0.00085373 8280
0.00085467 8280
0.00085562 8280
0.00085656 8280
0.0008575 8280
0.00085844 8280
0.00085938 8280
0.00086033 8280
0.00086127 8280
0.00086221 8280
0.00086315 8280
0.0008641 8280
0.00086504 8280
0.00086598 8280
0.00086692 8280
0.00086787 8280
0.00086881 8280
0.00086975 8280
0.00087069 8280
0.00087163 8280
0.00087258 8280
0.00087352 8280
0.00087446 8280
0.0008754 8280
0.00087635 8280
0.00087729 8280
0.00087823 8280
0.00087917 8280
0.00088012 8280
0.00088106 8280
0.000882 8280
0.00088294 8280
0.00088388 8280
0.00088483 8280
0.00088577 8280
0.00088671 8280
0.00088765 8280
0.0008886 8280
0.00088954 8280
0.00089048 8280
0.00089142 8280
0.00089237 8280
0.00089331 8280
0.00089425 8280
0.00089519 8280
0.00089613 8280
0.00089708 8280
0.00089802 8280
0.00089896 8280
0.0008999 8280
0.00090085 8280
0.00090179 8280
0.00090273 8280
0.00090367 8280
0.00090462 8280
0.00090556 8280
0.0009065 8280
0.00090744 8280
0.00090838 8280
0.00090933 8280
0.00091027 8280
0.00091121 8280
0.00091215 8280
0.0009131 8280
0.00091404 8280
0.00091498 8280
0.00091592 8280
0.00091687 8280
0.00091781 8280
0.00091875 8280
0.00091969 8280
0.00092063 8280
0.00092158 8280
0.00092252 8280
0.00092346 8280
0.0009244 8280
0.00092535 8280
0.00092629 8280
0.00092723 8280
0.00092817 8280
0.00092912 8280
0.00093006 8280
0.000931 8280
0.00093194 8280
0.00093288 8280
0.00093383 8280
0.00093477 8280
0.00093571 8280
0.00093665 8280
0.0009376 8280
0.00093854 8280
0.00093948 8280
0.00094042 8280
0.00094137 8280
0.00094231 8280
0.00094325 8280
0.00094419 8280
0.00094513 8280
0.00094608 8280
0.00094702 8280
0.00094796 8280
0.0009489 8280
0.00094985 8280
0.00095079 8280
0.00095173 8280
0.00095267 8280
0.00095362 8280
0.00095456 8280
0.0009555 8280
0.00095644 8280
0.00095738 8280
0.00095833 8280
0.00095927 8280
0.00096021 8280
0.00096115 8280
0.0009621 8280
0.00096304 8280
0.00096398 8280
0.00096492 8280
0.00096587 8280
0.00096681 8280
0.00096775 8280
0.00096869 8280
0.00096963 8280
0.00097058 8280
0.00097152 8280
0.00097246 8280
0.0009734 8280
0.00097435 8280
0.00097529 8280
0.00097623 8280
0.00097717 8280
0.00097812 8280
0.00097906 8280
0.00098 8280
0.00098094 8280
0.00098188 8280
0.00098283 8280
0.00098377 8280
0.00098471 8280
0.00098565 8280
0.0009866 8280
0.00098754 8280
0.00098848 8280
0.00098942 8280
0.00099037 8280
0.00099131 8280
0.00099225 8280
0.00099319 8280
0.00099413 8280
0.00099508 8280
0.00099602 8280
0.00099696 8280
0.0009979 8280
0.00099885 8280
0.00099979 8280
0.0010007 8280
0.0010017 8280
0.0010026 8280
0.0010036 8280
0.0010045 8280
0.0010054 8280
0.0010064 8280
0.0010073 8280
0.0010083 8280
0.0010092 8280
0.0010102 8280
0.0010111 8280
0.001012 8280
0.001013 8280
0.0010139 8280
0.0010149 8280
0.0010158 8280
0.0010168 8280
0.0010177 8280
0.0010186 8280
0.0010196 8280
0.0010205 8280
0.0010215 8280
0.0010224 8280
0.0010233 8280
0.0010243 8280
0.0010252 8280
0.0010262 8280
0.0010271 8280
0.0010281 8280
0.001029 8280
0.0010299 8280
0.0010309 8280
0.0010318 8280
0.0010328 8280
0.0010337 8280
0.0010347 8280
0.0010356 8280
0.0010365 8280
0.0010375 8280
0.0010384 8280
0.0010394 8280
0.0010403 8280
0.0010413 8280
0.0010422 8280
0.0010431 8280
0.0010441 8280
0.001045 8280
0.001046 8280
0.0010469 8280
0.0010478 8280
0.0010488 8280
0.0010497 8280
0.0010507 8280
0.0010516 8280
0.0010526 8280
0.0010535 8280
0.0010544 8280
0.0010554 8280
0.0010563 8280
0.0010573 8280
0.0010582 8280
0.0010592 8280
0.0010601 8280
0.001061 8280
0.001062 8280
0.0010629 8280
0.0010639 8280
0.0010648 8280
0.0010658 8280
0.0010667 8280
0.0010676 8280
0.0010686 8280
0.0010695 8280
0.0010705 8280
0.0010714 8280
0.0010723 8280
0.0010733 8280
0.0010742 8280
0.0010752 8280
0.0010761 8280
0.0010771 8280
0.001078 8280
0.0010789 8280
0.0010799 8280
0.0010808 8280
0.0010818 8280
0.0010827 8280
0.0010837 8280
0.0010846 8280
0.0010855 8280
0.0010865 8280
0.0010874 8280
0.0010884 8280
0.0010893 8280
0.0010903 8280
0.0010912 8280
0.0010921 8280
0.0010931 8280
0.001094 8280
0.001095 8280
0.0010959 8280
0.0010968 8280
0.0010978 8280
0.0010987 8280
0.0010997 8280
0.0011006 8280
0.0011016 8280
0.0011025 8280
0.0011034 8280
0.0011044 8280
0.0011053 8280
0.0011063 8280
0.0011072 8280
0.0011082 8280
0.0011091 8280
0.00111 8280
0.001111 8280
0.0011119 8280
0.0011129 8280
0.0011138 8280
0.0011148 8280
0.0011157 8280
0.0011166 8280
0.0011176 8280
0.0011185 8280
0.0011195 8280
0.0011204 8280
0.0011213 8280
0.0011223 8280
0.0011232 8280
0.0011242 8280
0.0011251 8280
0.0011261 8280
0.001127 8280
0.0011279 8280
0.0011289 8280
0.0011298 8280
0.0011308 8280
0.0011317 8280
0.0011327 8280
0.0011336 8280
0.0011345 8280
0.0011355 8280
0.0011364 8280
0.0011374 8280
0.0011383 8280
0.0011393 8280
0.0011402 8280
0.0011411 8280
0.0011421 8280
0.001143 8280
0.001144 8280
0.0011449 8280
0.0011458 8280
0.0011468 8280
0.0011477 8280
0.0011487 8280
0.0011496 8280
0.0011506 8280
0.0011515 8280
0.0011524 8280
0.0011534 8280
0.0011543 8280
0.0011553 8280
0.0011562 8280
0.0011572 8280
0.0011581 8280
0.001159 8280
0.00116 8280
0.0011609 8280
0.0011619 8280
0.0011628 8280
0.0011638 8280
0.0011647 8280
0.0011656 8280
0.0011666 8280
0.0011675 8280
0.0011685 8280
0.0011694 8280
0.0011703 8280
0.0011713 8280
0.0011722 8280
0.0011732 8280
0.0011741 8280
0.0011751 8280
0.001176 8280
0.0011769 8280
0.0011779 8280
0.0011788 8280
0.0011798 8280
0.0011807 8280
0.0011817 8280
0.0011826 8280
0.0011835 8280
0.0011845 8280
0.0011854 8280
0.0011864 8280
0.0011873 8280
0.0011883 8280
0.0011892 8280
0.0011901 8280
0.0011911 8280
0.001192 8280
0.001193 8280
0.0011939 8280
0.0011948 8280
0.0011958 8280
0.0011967 8280
0.0011977 8280
0.0011986 8280
0.0011996 8280
0.0012005 8280
0.0012014 8280
0.0012024 8280
0.0012033 8280
0.0012043 8280
0.0012052 8280
0.0012062 8280
0.0012071 8280
0.001208 8280
0.001209 8280
0.0012099 8280
0.0012109 8280
0.0012118 8280
0.0012128 8280
0.0012137 8280
0.0012146 8280
0.0012156 8280
0.0012165 8280
0.0012175 8280
0.0012184 8280
0.0012193 8280
0.0012203 8280
0.0012212 8280
0.0012222 8280
0.0012231 8280
0.0012241 8280
0.001225 8280
0.0012259 8280
0.0012269 8280
0.0012278 8280
0.0012288 8280
0.0012297 8280
0.0012307 8280
0.0012316 8280
0.0012325 8280
0.0012335 8280
0.0012344 8280
0.0012354 8280
0.0012363 8280
0.0012373 8280
0.0012382 8280
0.0012391 8280
0.0012401 8280
0.001241 8280
0.001242 8280
0.0012429 8280
0.0012438 8280
0.0012448 8280
0.0012457 8280
0.0012467 8280
0.0012476 8280
0.0012486 8280
0.0012495 8280
0.0012504 8280
0.0012514 8280
0.0012523 8280
0.0012533 8280
0.0012542 8280
0.0012552 8280
0.0012561 8280
0.001257 8280
0.001258 8280
0.0012589 8280
0.0012599 8280
0.0012608 8280
0.0012618 8280
0.0012627 8280
0.0012636 8280
0.0012646 8280
0.0012655 8280
0.0012665 8280
0.0012674 8280
0.0012683 8280
0.0012693 8280
0.0012702 8280
0.0012712 8280
0.0012721 8280
0.0012731 8280
0.001274 8280
0.0012749 8280
0.0012759 8280
0.0012768 8280
0.0012778 8280
0.0012787 8280
0.0012797 8280
0.0012806 8280
0.0012815 8280
0.0012825 8280
0.0012834 8280
0.0012844 8280
0.0012853 8280
0.0012863 8280
0.0012872 8280
0.0012881 8280
0.0012891 8280
0.00129 8280
0.001291 8280
0.0012919 8280
0.0012928 8280
0.0012938 8280
0.0012947 8280
0.0012957 8280
0.0012966 8280
0.0012976 8280
0.0012985 8280
0.0012994 8280
0.0013004 8280
0.0013013 8280
0.0013023 8280
0.0013032 8280
0.0013042 8280
0.0013051 8280
0.001306 8280
0.001307 8280
0.0013079 8280
0.0013089 8280
0.0013098 8280
0.0013108 8280
0.0013117 8280
0.0013126 8280
0.0013136 8280
0.0013145 8280
0.0013155 8280
0.0013164 8280
0.0013173 8280
0.0013183 8280
0.0013192 8280
0.0013202 8280
0.0013211 8280
0.0013221 8280
0.001323 8280
0.0013239 8280
0.0013249 8280
0.0013258 8280
0.0013268 8280
0.0013277 8280
0.0013287 8280
0.0013296 8280
0.0013305 8280
0.0013315 8280
0.0013324 8280
0.0013334 8280
0.0013343 8280
0.0013353 8280
0.0013362 8280
0.0013371 8280
0.0013381 8280
0.001339 8280
0.00134 8280
0.0013409 8280
0.0013418 8280
0.0013428 8280
0.0013437 8280
0.0013447 8280
0.0013456 8280
0.0013466 8280
0.0013475 8280
0.0013484 8280
0.0013494 8280
0.0013503 8280
0.0013513 8280
0.0013522 8280
0.0013532 8280
0.0013541 8280
0.001355 8280
0.001356 8280
0.0013569 8280
0.0013579 8280
0.0013588 8280
0.0013598 8280
0.0013607 8280
0.0013616 8280
0.0013626 8280
0.0013635 8280
0.0013645 8280
0.0013654 8280
0.0013663 8280
0.0013673 8280
0.0013682 8280
0.0013692 8280
0.0013701 8280
0.0013711 8280
0.001372 8280
0.0013729 8280
0.0013739 8280
0.0013748 8280
0.0013758 8280
0.0013767 8280
0.0013777 8280
0.0013786 8280
0.0013795 8280
0.0013805 8280
0.0013814 8280
0.0013824 8280
0.0013833 8280
0.0013843 8280
0.0013852 8280
0.0013861 8280
0.0013871 8280
0.001388 8280
0.001389 8280
0.0013899 8280
0.0013908 8280
0.0013918 8280
0.0013927 8280
0.0013937 8280
0.0013946 8280
0.0013956 8280
0.0013965 8280
0.0013974 8280
0.0013984 8280
0.0013993 8280
0.0014003 8280
0.0014012 8280
0.0014022 8280
0.0014031 8280
0.001404 8280
0.001405 8280
0.0014059 8280
0.0014069 8280
0.0014078 8280
0.0014088 8280
0.0014097 8280
0.0014106 8280
0.0014116 8280
0.0014125 8280
0.0014135 8280
0.0014144 8280
0.0014153 8280
0.0014163 8280
0.0014172 8280
0.0014182 8280
0.0014191 8280
0.0014201 8280
0.001421 8280
0.0014219 8280
0.0014229 8280
0.0014238 8280
0.0014248 8280
0.0014257 8280
0.0014267 8280
0.0014276 8280
0.0014285 8280
0.0014295 8280
0.0014304 8280
0.0014314 8280
0.0014323 8280
0.0014333 8280
0.0014342 8280
0.0014351 8280
0.0014361 8280
0.001437 8280
0.001438 8280
0.0014389 8280
0.0014398 8280
0.0014408 8280
0.0014417 8280
0.0014427 8280
0.0014436 8280
0.0014446 8280
0.0014455 8280
0.0014464 8280
0.0014474 8280
0.0014483 8280
0.0014493 8280
0.0014502 8280
0.0014512 8280
0.0014521 8280
0.001453 8280
0.001454 8280
0.0014549 8280
0.0014559 8280
0.0014568 8280
0.0014578 8280
0.0014587 8280
0.0014596 8280
0.0014606 8280
0.0014615 8280
0.0014625 8280
0.0014634 8280
0.0014643 8280
0.0014653 8280
0.0014662 8280
0.0014672 8280
0.0014681 8280
0.0014691 8280
0.00147 8280
0.0014709 8280
0.0014719 8280
0.0014728 8280
0.0014738 8280
0.0014747 8280
0.0014757 8280
0.0014766 8280
0.0014775 8280
0.0014785 8280
0.0014794 8280
0.0014804 8280
0.0014813 8280
0.0014823 8280
0.0014832 8280
0.0014841 8280
0.0014851 8280
0.001486 8280
0.001487 8280
0.0014879 8280
0.0014888 8280
0.0014898 8280
0.0014907 8280
0.0014917 8280
0.0014926 8280
0.0014936 8280
0.0014945 8280
0.0014954 8280
0.0014964 8280
0.0014973 8280
0.0014983 8280
0.0014992 8280
0.0015002 8280
0.0015011 8280
0.001502 8280
0.001503 8280
0.0015039 8280
0.0015049 8280
0.0015058 8280
0.0015068 8280
0.0015077 8280
0.0015086 8280
0.0015096 8280
0.0015105 8280
0.0015115 8280
0.0015124 8280
0.0015133 8280
0.0015143 8280
0.0015152 8280
0.0015162 8280
0.0015171 8280
0.0015181 8280
0.001519 8280
0.0015199 8280
0.0015209 8280
0.0015218 8280
0.0015228 8280
0.0015237 8280
0.0015247 8280
0.0015256 8280
0.0015265 8280
0.0015275 8280
0.0015284 8280
0.0015294 8280
0.0015303 8280
0.0015313 8280
0.0015322 8280
0.0015331 8280
0.0015341 8280
0.001535 8280
0.001536 8280
0.0015369 8280
0.0015378 8280
0.0015388 8280
0.0015397 8280
0.0015407 8280
0.0015416 8280
0.0015426 8280
0.0015435 8280
0.0015444 8280
0.0015454 8280
0.0015463 8280
0.0015473 8280
0.0015482 8280
0.0015492 8280
0.0015501 8280
0.001551 8280
0.001552 8280
0.0015529 8280
0.0015539 8280
0.0015548 8280
0.0015558 8280
0.0015567 8280
0.0015576 8280
0.0015586 8280
0.0015595 8280
0.0015605 8280
0.0015614 8280
0.0015623 8280
0.0015633 8280
0.0015642 8280
0.0015652 8280
0.0015661 8280
0.0015671 8280
0.001568 8280
0.0015689 8280
0.0015699 8280
0.0015708 8280
0.0015718 8280
0.0015727 8280
0.0015737 8280
0.0015746 8280
0.0015755 8280
0.0015765 8280
0.0015774 8280
0.0015784 8280
0.0015793 8280
0.0015803 8280
0.0015812 8280
0.0015821 8280
0.0015831 8280
0.001584 8280
0.001585 8280
0.0015859 8280
0.0015868 8280
0.0015878 8280
0.0015887 8280
0.0015897 8280
0.0015906 8280
0.0015916 8280
0.0015925 8280
0.0015934 8280
0.0015944 8280
0.0015953 8280
0.0015963 8280
0.0015972 8280
0.0015982 8280
0.0015991 8280
0.0016 8280
0.001601 8280
0.0016019 8280
0.0016029 8280
0.0016038 8280
0.0016048 8280
0.0016057 8280
0.0016066 8280
0.0016076 8280
0.0016085 8280
0.0016095 8280
0.0016104 8280
0.0016113 8280
0.0016123 8280
0.0016132 8280
0.0016142 8280
0.0016151 8280
0.0016161 8280
0.001617 8280
0.0016179 8280
0.0016189 8280
0.0016198 8280
0.0016208 8280
0.0016217 8280
0.0016227 8280
0.0016236 8280
0.0016245 8280
0.0016255 8280
0.0016264 8280
0.0016274 8280
0.0016283 8280
0.0016293 8280
0.0016302 8280
0.0016311 8280
0.0016321 8280
0.001633 8280
0.001634 8280
0.0016349 8280
0.0016358 8280
0.0016368 8280
0.0016377 8280
0.0016387 8280
0.0016396 8280
0.0016406 8280
0.0016415 8280
0.0016424 8280
0.0016434 8280
0.0016443 8280
0.0016453 8280
0.0016462 8280
0.0016472 8280
0.0016481 8280
0.001649 8280
0.00165 8280
0.0016509 8280
0.0016519 8280
0.0016528 8280
0.0016538 8280
0.0016547 8280
0.0016556 8280
0.0016566 8280
0.0016575 8280
0.0016585 8280
0.0016594 8280
0.0016603 8280
0.0016613 8280
0.0016622 8280
0.0016632 8280
0.0016641 8280
0.0016651 8280
0.001666 8280
0.0016669 8280
0.0016679 8280
0.0016688 8280
0.0016698 8280
0.0016707 8280
0.0016717 8280
0.0016726 8280
0.0016735 8280
0.0016745 8280
0.0016754 8280
0.0016764 8280
0.0016773 8280
0.0016783 8280
0.0016792 8280
0.0016801 8280
0.0016811 8280
0.001682 8280
0.001683 8280
0.0016839 8280
0.0016848 8280
0.0016858 8280
0.0016867 8280
0.0016877 8280
0.0016886 8280
0.0016896 8280
0.0016905 8280
0.0016914 8280
0.0016924 8280
0.0016933 8280
0.0016943 8280
0.0016952 8280
0.0016962 8280
0.0016971 8280
0.001698 8280
0.001699 8280
0.0016999 8280
0.0017009 8280
0.0017018 8280
0.0017028 8280
0.0017037 8280
0.0017046 8280
0.0017056 8280
0.0017065 8280
0.0017075 8280
0.0017084 8280
0.0017093 8280
0.0017103 8280
0.0017112 8280
0.0017122 8280
0.0017131 8280
0.0017141 8280
0.001715 8280
0.0017159 8280
0.0017169 8280
0.0017178 8280
0.0017188 8280
0.0017197 8280
0.0017207 8280
0.0017216 8280
0.0017225 8280
0.0017235 8280
0.0017244 8280
0.0017254 8280
0.0017263 8280
0.0017273 8280
0.0017282 8280
0.0017291 8280
0.0017301 8280
0.001731 8280
0.001732 8280
0.0017329 8280
0.0017338 8280
0.0017348 8280
0.0017357 8280
0.0017367 8280
0.0017376 8280
0.0017386 8280
0.0017395 8280
0.0017404 8280
0.0017414 8280
0.0017423 8280
0.0017433 8280
0.0017442 8280
0.0017452 8280
0.0017461 8280
0.001747 8280
0.001748 8280
0.0017489 8280
0.0017499 8280
0.0017508 8280
0.0017518 8280
0.0017527 8280
0.0017536 8280
0.0017546 8280
0.0017555 8280
0.0017565 8280
0.0017574 8280
0.0017583 8280
0.0017593 8280
0.0017602 8280
0.0017612 8280
0.0017621 8280
0.0017631 8280
0.001764 8280
0.0017649 8280
0.0017659 8280
0.0017668 8280
0.0017678 8280
0.0017687 8280
0.0017697 8280
0.0017706 8280
0.0017715 8280
0.0017725 8280
0.0017734 8280
0.0017744 8280
0.0017753 8280
0.0017763 8280
0.0017772 8280
0.0017781 8280
0.0017791 8280
0.00178 8280
0.001781 8280
0.0017819 8280
0.0017828 8280
0.0017838 8280
0.0017847 8280
0.0017857 8280
0.0017866 8280
0.0017876 8280
0.0017885 8280
0.0017894 8280
0.0017904 8280
0.0017913 8280
0.0017923 8280
0.0017932 8280
0.0017942 8280
0.0017951 8280
0.001796 8280
0.001797 8280
0.0017979 8280
0.0017989 8280
0.0017998 8280
0.0018008 8280
0.0018017 8280
0.0018026 8280
0.0018036 8280
0.0018045 8280
0.0018055 8280
0.0018064 8280
0.0018073 8280
0.0018083 8280
0.0018092 8280
0.0018102 8280
0.0018111 8280
0.0018121 8280
0.001813 8280
0.0018139 8280
0.0018149 8280
0.0018158 8280
0.0018168 8280
0.0018177 8280
0.0018187 8280
0.0018196 8280
0.0018205 8280
0.0018215 8280
0.0018224 8280
0.0018234 8280
0.0018243 8280
0.0018253 8280
0.0018262 8280
0.0018271 8280
0.0018281 8280
0.001829 8280
0.00183 8280
0.0018309 8280
0.0018318 8280
0.0018328 8280
0.0018337 8280
0.0018347 8280
0.0018356 8280
0.0018366 8280
0.0018375 8280
0.0018384 8280
0.0018394 8280
0.0018403 8280
0.0018413 8280
0.0018422 8280
0.0018432 8280
0.0018441 8280
0.001845 8280
0.001846 8280
0.0018469 8280
0.0018479 8280
0.0018488 8280
0.0018498 8280
0.0018507 8280
0.0018516 8280
0.0018526 8280
0.0018535 8280
0.0018545 8280
0.0018554 8280
0.0018563 8280
0.0018573 8280
0.0018582 8280
0.0018592 8280
0.0018601 8280
0.0018611 8280
0.001862 8280
0.0018629 8280
0.0018639 8280
0.0018648 8280
0.0018658 8280
0.0018667 8280
0.0018677 8280
0.0018686 8280
0.0018695 8280
0.0018705 8280
0.0018714 8280
0.0018724 8280
0.0018733 8280
0.0018743 8280
0.0018752 8280
0.0018761 8280
0.0018771 8280
0.001878 8280
0.001879 8280
0.0018799 8280
0.0018808 8280
0.0018818 8280
0.0018827 8280
0.0018837 8280
0.0018846 8280
0.0018856 8280
0.0018865 8280
0.0018874 8280
0.0018884 8280
0.0018893 8280
0.0018903 8280
0.0018912 8280
0.0018922 8280
0.0018931 8280
0.001894 8280
0.001895 8280
0.0018959 8280
0.0018969 8280
0.0018978 8280
0.0018988 8280
0.0018997 8280
0.0019006 8280
0.0019016 8280
0.0019025 8280
0.0019035 8280
0.0019044 8280
0.0019053 8280
0.0019063 8280
0.0019072 8280
0.0019082 8280
0.0019091 8280
0.0019101 8280
0.001911 8280
0.0019119 8280
0.0019129 8280
0.0019138 8280
0.0019148 8280
0.0019157 8280
0.0019167 8280
0.0019176 8280
0.0019185 8280
0.0019195 8280
0.0019204 8280
0.0019214 8280
0.0019223 8280
0.0019233 8280
0.0019242 8280
0.0019251 8280
0.0019261 8280
0.001927 8280
0.001928 8280
0.0019289 8280
0.0019298 8280
0.0019308 8280
0.0019317 8280
0.0019327 8280
0.0019336 8280
0.0019346 8280
0.0019355 8280
0.0019364 8280
0.0019374 8280
0.0019383 8280
0.0019393 8280
0.0019402 8280
0.0019412 8280
0.0019421 8280
0.001943 8280
0.001944 8280
0.0019449 8280
0.0019459 8280
0.0019468 8280
0.0019478 8280
0.0019487 8280
0.0019496 8280
0.0019506 8280
0.0019515 8280
0.0019525 8280
0.0019534 8280
0.0019543 8280
0.0019553 8280
0.0019562 8280
0.0019572 8280
0.0019581 8280
0.0019591 8280
0.00196 8280
0.0019609 8280
0.0019619 8280
0.0019628 8280
0.0019638 8280
0.0019647 8280
0.0019657 8280
0.0019666 8280
0.0019675 8280
0.0019685 8280
0.0019694 8280
0.0019704 8280
0.0019713 8280
0.0019723 8280
0.0019732 8280
0.0019741 8280
0.0019751 8280
0.001976 8280
0.001977 8280
0.0019779 8280
0.0019788 8280
0.0019798 8280
0.0019807 8280
0.0019817 8280
0.0019826 8280
0.0019836 8280
0.0019845 8280
0.0019854 8280
0.0019864 8280
0.0019873 8280
0.0019883 8280
0.0019892 8280
0.0019902 8280
0.0019911 8280
0.001992 8280
0.001993 8280
0.0019939 8280
0.0019949 8280
0.0019958 8280
0.0019968 8280
0.0019977 8280
0.0019986 8280
0.0019996 8280
0.0020005 8280
0.0020015 8280
0.0020024 8280
0.0020033 8280
0.0020043 8280
0.0020052 8280
0.0020062 8280
0.0020071 8280
0.0020081 8280
0.002009 8280
0.0020099 8280
0.0020109 8280
0.0020118 8280
0.0020128 8280
0.0020137 8280
0.0020147 8280
0.0020156 8280
0.0020165 8280
0.0020175 8280
0.0020184 8280
0.0020194 8280
0.0020203 8280
0.0020213 8280
0.0020222 8280
0.0020231 8280
0.0020241 8280
0.002025 8280
0.002026 8280
0.0020269 8280
0.0020278 8280
0.0020288 8280
0.0020297 8280
0.0020307 8280
0.0020316 8280
0.0020326 8280
0.0020335 8280
0.0020344 8280
0.0020354 8280
0.0020363 8280
0.0020373 8280
0.0020382 8280
0.0020392 8280
0.0020401 8280
0.002041 8280
0.002042 8280
0.0020429 8280
0.0020439 8280
0.0020448 8280
0.0020458 8280
0.0020467 8280
0.0020476 8280
0.0020486 8280
0.0020495 8280
0.0020505 8280
0.0020514 8280
0.0020523 8280
0.0020533 8280
0.0020542 8280
0.0020552 8280
0.0020561 8280
0.0020571 8280
0.002058 8280
0.0020589 8280
0.0020599 8280
0.0020608 8280
0.0020618 8280
0.0020627 8280
0.0020637 8280
0.0020646 8280
0.0020655 8280
0.0020665 8280
0.0020674 8280
0.0020684 8280
0.0020693 8280
0.0020703 8280
0.0020712 8280
0.0020721 8280
0.0020731 8280
0.002074 8280
0.002075 8280
0.0020759 8280
0.0020768 8280
0.0020778 8280
0.0020787 8280
0.0020797 8280
0.0020806 8280
0.0020816 8280
0.0020825 8280
0.0020834 8280
0.0020844 8280
0.0020853 8280
0.0020863 8280
0.0020872 8280
0.0020882 8280
0.0020891 8280
0.00209 8280
0.002091 8280
0.0020919 8280
0.0020929 8280
0.0020938 8280
0.0020948 8280
0.0020957 8280
0.0020966 8280
0.0020976 8280
0.0020985 8280
0.0020995 8280
0.0021004 8280
0.0021013 8280
0.0021023 8280
0.0021032 8280
0.0021042 8280
0.0021051 8280
0.0021061 8280
0.002107 8280
0.0021079 8280
0.0021089 8280
0.0021098 8280
0.0021108 8280
0.0021117 8280
0.0021127 8280
0.0021136 8280
0.0021145 8280
0.0021155 8280
0.0021164 8280
0.0021174 8280
0.0021183 8280
0.0021193 8280
0.0021202 8280
0.0021211 8280
0.0021221 8280
0.002123 8280
0.002124 8280
0.0021249 8280
0.0021258 8280
0.0021268 8280
0.0021277 8280
0.0021287 8280
0.0021296 8280
0.0021306 8280
0.0021315 8280
0.0021324 8280
0.0021334 8280
0.0021343 8280
0.0021353 8280
0.0021362 8280
0.0021372 8280
0.0021381 8280
0.002139 8280
0.00214 8280
0.0021409 8280
0.0021419 8280
0.0021428 8280
0.0021438 8280
0.0021447 8280
0.0021456 8280
0.0021466 8280
0.0021475 8280
0.0021485 8280
0.0021494 8280
0.0021503 8280
0.0021513 8280
0.0021522 8280
0.0021532 8280
0.0021541 8280
0.0021551 8280
0.002156 8280
0.0021569 8280
0.0021579 8280
0.0021588 8280
0.0021598 8280
0.0021607 8280
0.0021617 8280
0.0021626 8280
0.0021635 8280
0.0021645 8280
0.0021654 8280
0.0021664 8280
0.0021673 8280
0.0021683 8280
0.0021692 8280
0.0021701 8280
0.0021711 8280
0.002172 8280
0.002173 8280
0.0021739 8280
0.0021748 8280
0.0021758 8280
0.0021767 8280
0.0021777 8280
0.0021786 8280
0.0021796 8280
0.0021805 8280
0.0021814 8280
0.0021824 8280
0.0021833 8280
0.0021843 8280
0.0021852 8280
0.0021862 8280
0.0021871 8280
0.002188 8280
0.002189 8280
0.0021899 8280
0.0021909 8280
0.0021918 8280
0.0021928 8280
0.0021937 8280
0.0021946 8280
0.0021956 8280
0.0021965 8280
0.0021975 8280
0.0021984 8280
0.0021993 8280
0.0022003 8280
0.0022012 8280
0.0022022 8280
0.0022031 8280
0.0022041 8280
0.002205 8280
0.0022059 8280
0.0022069 8280
0.0022078 8280
0.0022088 8280
0.0022097 8280
0.0022107 8280
0.0022116 8280
0.0022125 8280
0.0022135 8280
0.0022144 8280
0.0022154 8280
0.0022163 8280
0.0022173 8280
0.0022182 8280
0.0022191 8280
0.0022201 8280
0.002221 8280
0.002222 8280
0.0022229 8280
0.0022238 8280
0.0022248 8280
0.0022257 8280
0.0022267 8280
0.0022276 8280
0.0022286 8280
0.0022295 8280
0.0022304 8280
0.0022314 8280
0.0022323 8280
0.0022333 8280
0.0022342 8280
0.0022352 8280
0.0022361 8280
0.002237 8280
0.002238 8280
0.0022389 8280
0.0022399 8280
0.0022408 8280
0.0022418 8280
0.0022427 8280
0.0022436 8280
0.0022446 8280
0.0022455 8280
0.0022465 8280
0.0022474 8280
0.0022483 8280
0.0022493 8280
0.0022502 8280
0.0022512 8280
0.0022521 8280
0.0022531 8280
0.002254 8280
0.0022549 8280
0.0022559 8280
0.0022568 8280
0.0022578 8280
0.0022587 8280
0.0022597 8280
0.0022606 8280
0.0022615 8280
0.0022625 8280
0.0022634 8280
0.0022644 8280
0.0022653 8280
0.0022663 8280
0.0022672 8280
0.0022681 8280
0.0022691 8280
0.00227 8280
0.002271 8280
0.0022719 8280
0.0022728 8280
0.0022738 8280
0.0022747 8280
0.0022757 8280
0.0022766 8280
0.0022776 8280
0.0022785 8280
0.0022794 8280
0.0022804 8280
0.0022813 8280
0.0022823 8280
0.0022832 8280
0.0022842 8280
0.0022851 8280
0.002286 8280
0.002287 8280
0.0022879 8280
0.0022889 8280
0.0022898 8280
0.0022908 8280
0.0022917 8280
0.0022926 8280
0.0022936 8280
0.0022945 8280
0.0022955 8280
0.0022964 8280
0.0022973 8280
0.0022983 8280
0.0022992 8280
0.0023002 8280
0.0023011 8280
0.0023021 8280
0.002303 8280
0.0023039 8280
0.0023049 8280
0.0023058 8280
0.0023068 8280
0.0023077 8280
0.0023087 8280
0.0023096 8280
0.0023105 8280
0.0023115 8280
0.0023124 8280
0.0023134 8280
0.0023143 8280
0.0023153 8280
0.0023162 8280
0.0023171 8280
0.0023181 8280
0.002319 8280
0.00232 8280
0.0023209 8280
0.0023218 8280
0.0023228 8280
0.0023237 8280
0.0023247 8280
0.0023256 8280
0.0023266 8280
0.0023275 8280
0.0023284 8280
0.0023294 8280
0.0023303 8280
0.0023313 8280
0.0023322 8280
0.0023332 8280
0.0023341 8280
0.002335 8280
0.002336 8280
0.0023369 8280
0.0023379 8280
0.0023388 8280
0.0023398 8280
0.0023407 8280
0.0023416 8280
0.0023426 8280
0.0023435 8280
0.0023445 8280
0.0023454 8280
0.0023463 8280
0.0023473 8280
0.0023482 8280
0.0023492 8280
0.0023501 8280
0.0023511 8280
0.002352 8280
0.0023529 8280
0.0023539 8280
0.0023548 8280
0.0023558 8280
0.0023567 8280
0.0023577 8280
0.0023586 8280
0.0023595 8280
0.0023605 8280
0.0023614 8280
0.0023624 8280
0.0023633 8280
0.0023643 8280
0.0023652 8280
0.0023661 8280
0.0023671 8280
0.002368 8280
0.002369 8280
0.0023699 8280
0.0023708 8280
0.0023718 8280
0.0023727 8280
0.0023737 8280
0.0023746 8280
0.0023756 8280
0.0023765 8280
0.0023774 8280
0.0023784 8280
0.0023793 8280
0.0023803 8280
0.0023812 8280
0.0023822 8280
0.0023831 8280
0.002384 8280
0.002385 8280
0.0023859 8280
0.0023869 8280
0.0023878 8280
0.0023888 8280
0.0023897 8280
0.0023906 8280
0.0023916 8280
0.0023925 8280
0.0023935 8280
0.0023944 8280
0.0023953 8280
0.0023963 8280
0.0023972 8280
0.0023982 8280
0.0023991 8280
0.0024001 8280
0.002401 8280
0.0024019 8280
0.0024029 8280
0.0024038 8280
0.0024048 8280
0.0024057 8280
0.0024067 8280
0.0024076 8280
0.0024085 8280
0.0024095 8280
0.0024104 8280
0.0024114 8280
0.0024123 8280
0.0024133 8280
0.0024142 8280
0.0024151 8280
0.0024161 8280
0.002417 8280
0.002418 8280
0.0024189 8280
0.0024198 8280
0.0024208 8280
0.0024217 8280
0.0024227 8280
0.0024236 8280
0.0024246 8280
0.0024255 8280
0.0024264 8280
0.0024274 8280
0.0024283 8280
0.0024293 8280
0.0024302 8280
0.0024312 8280
0.0024321 8280
0.002433 8280
0.002434 8280
0.0024349 8280
0.0024359 8280
0.0024368 8280
0.0024378 8280
0.0024387 8280
0.0024396 8280
0.0024406 8280
0.0024415 8280
0.0024425 8280
0.0024434 8280
0.0024443 8280
0.0024453 8280
0.0024462 8280
0.0024472 8280
0.0024481 8280
0.0024491 8280
0.00245 8280
0.0024509 8280
0.0024519 8280
0.0024528 8280
0.0024538 8280
0.0024547 8280
0.0024557 8280
0.0024566 8280
0.0024575 8280
0.0024585 8280
0.0024594 8280
0.0024604 8280
0.0024613 8280
0.0024623 8280
0.0024632 8280
0.0024641 8280
0.0024651 8280
0.002466 8280
0.002467 8280
0.0024679 8280
0.0024688 8280
0.0024698 8280
0.0024707 8280
0.0024717 8280
0.0024726 8280
0.0024736 8280
0.0024745 8280
0.0024754 8280
0.0024764 8280
0.0024773 8280
0.0024783 8280
0.0024792 8280
0.0024802 8280
0.0024811 8280
0.002482 8280
0.002483 8280
0.0024839 8280
0.0024849 8280
0.0024858 8280
0.0024868 8280
0.0024877 8280
0.0024886 8280
0.0024896 8280
0.0024905 8280
0.0024915 8280
0.0024924 8280
0.0024933 8280
0.0024943 8280
0.0024952 8280
0.0024962 8280
0.0024971 8280
0.0024981 8280
0.002499 8280
0.0024999 8280
0.0025009 8280
0.0025018 8280
0.0025028 8280
0.0025037 8280
0.0025047 8280
0.0025056 8280
0.0025065 8280
0.0025075 8280
0.0025084 8280
0.0025094 8280
0.0025103 8280
0.0025113 8280
0.0025122 8280
0.0025131 8280
0.0025141 8280
0.002515 8280
0.002516 8280
0.0025169 8280
0.0025178 8280
0.0025188 8280
0.0025197 8280
0.0025207 8280
0.0025216 8280
0.0025226 8280
0.0025235 8280
0.0025244 8280
0.0025254 8280
0.0025263 8280
0.0025273 8280
0.0025282 8280
0.0025292 8280
0.0025301 8280
0.002531 8280
0.002532 8280
0.0025329 8280
0.0025339 8280
0.0025348 8280
0.0025358 8280
0.0025367 8280
0.0025376 8280
0.0025386 8280
0.0025395 8280
0.0025405 8280
0.0025414 8280
0.0025423 8280
0.0025433 8280
0.0025442 8280
0.0025452 8280
0.0025461 8280
0.0025471 8280
0.002548 8280
0.0025489 8280
0.0025499 8280
0.0025508 8280
0.0025518 8280
0.0025527 8280
0.0025537 8280
0.0025546 8280
0.0025555 8280
0.0025565 8280
0.0025574 8280
0.0025584 8280
0.0025593 8280
0.0025603 8280
0.0025612 8280
0.0025621 8280
0.0025631 8280
0.002564 8280
0.002565 8280
0.0025659 8280
0.0025668 8280
0.0025678 8280
0.0025687 8280
0.0025697 8280
0.0025706 8280
0.0025716 8280
0.0025725 8280
0.0025734 8280
0.0025744 8280
0.0025753 8280
0.0025763 8280
0.0025772 8280
0.0025782 8280
0.0025791 8280
0.00258 8280
0.002581 8280
0.0025819 8280
0.0025829 8280
0.0025838 8280
0.0025848 8280
0.0025857 8280
0.0025866 8280
0.0025876 8280
0.0025885 8280
0.0025895 8280
0.0025904 8280
0.0025913 8280
0.0025923 8280
0.0025932 8280
0.0025942 8280
0.0025951 8280
0.0025961 8280
0.002597 8280
0.0025979 8280
0.0025989 8280
0.0025998 8280
0.0026008 8280
0.0026017 8280
0.0026027 8280
0.0026036 8280
0.0026045 8280
0.0026055 8280
0.0026064 8280
0.0026074 8280
0.0026083 8280
0.0026093 8280
0.0026102 8280
0.0026111 8280
0.0026121 8280
0.002613 8280
0.002614 8280
0.0026149 8280
0.0026158 8280
0.0026168 8280
0.0026177 8280
0.0026187 8280
0.0026196 8280
0.0026206 8280
0.0026215 8280
0.0026224 8280
0.0026234 8280
0.0026243 8280
0.0026253 8280
0.0026262 8280
0.0026272 8280
0.0026281 8280
0.002629 8280
0.00263 8280
0.0026309 8280
0.0026319 8280
0.0026328 8280
0.0026338 8280
0.0026347 8280
0.0026356 8280
0.0026366 8280
0.0026375 8280
0.0026385 8280
0.0026394 8280
0.0026403 8280
0.0026413 8280
0.0026422 8280
0.0026432 8280
0.0026441 8280
0.0026451 8280
0.002646 8280
0.0026469 8280
0.0026479 8280
0.0026488 8280
0.0026498 8280
0.0026507 8280
0.0026517 8280
0.0026526 8280
0.0026535 8280
0.0026545 8280
0.0026554 8280
0.0026564 8280
0.0026573 8280
0.0026583 8280
0.0026592 8280
0.0026601 8280
0.0026611 8280
0.002662 8280
0.002663 8280
0.0026639 8280
0.0026648 8280
0.0026658 8280
0.0026667 8280
0.0026677 8280
0.0026686 8280
0.0026696 8280
0.0026705 8280
0.0026714 8280
0.0026724 8280
0.0026733 8280
0.0026743 8280
0.0026752 8280
0.0026762 8280
0.0026771 8280
0.002678 8280
0.002679 8280
0.0026799 8280
0.0026809 8280
0.0026818 8280
0.0026828 8280
0.0026837 8280
0.0026846 8280
0.0026856 8280
0.0026865 8280
0.0026875 8280
0.0026884 8280
0.0026893 8280
0.0026903 8280
0.0026912 8280
0.0026922 8280
0.0026931 8280
0.0026941 8280
0.002695 8280
0.0026959 8280
0.0026969 8280
0.0026978 8280
0.0026988 8280
0.0026997 8280
0.0027007 8280
0.0027016 8280
0.0027025 8280
0.0027035 8280
0.0027044 8280
0.0027054 8280
0.0027063 8280
0.0027073 8280
0.0027082 8280
0.0027091 8280
0.0027101 8280
0.002711 8280
0.002712 8280
0.0027129 8280
0.0027138 8280
0.0027148 8280
0.0027157 8280
0.0027167 8280
0.0027176 8280
0.0027186 8280
0.0027195 8280
0.0027204 8280
0.0027214 8280
0.0027223 8280
0.0027233 8280
0.0027242 8280
0.0027252 8280
0.0027261 8280
0.002727 8280
0.002728 8280
0.0027289 8280
0.0027299 8280
0.0027308 8280
0.0027318 8280
0.0027327 8280
0.0027336 8280
0.0027346 8280
0.0027355 8280
0.0027365 8280
0.0027374 8280
0.0027383 8280
0.0027393 8280
0.0027402 8280
0.0027412 8280
0.0027421 8280
0.0027431 8280
0.002744 8280
0.0027449 8280
0.0027459 8280
0.0027468 8280
0.0027478 8280
0.0027487 8280
0.0027497 8280
0.0027506 8280
0.0027515 8280
0.0027525 8280
0.0027534 8280
0.0027544 8280
0.0027553 8280
0.0027563 8280
0.0027572 8280
0.0027581 8280
0.0027591 8280
0.00276 8280
0.002761 8280
0.0027619 8280
0.0027628 8280
0.0027638 8280
0.0027647 8280
0.0027657 8280
0.0027666 8280
0.0027676 8280
0.0027685 8280
0.0027694 8280
0.0027704 8280
0.0027713 8280
0.0027723 8280
0.0027732 8280
0.0027742 8280
0.0027751 8280
0.002776 8280
0.002777 8280
0.0027779 8280
0.0027789 8280
0.0027798 8280
0.0027808 8280
0.0027817 8280
0.0027826 8280
0.0027836 8280
0.0027845 8280
0.0027855 8280
0.0027864 8280
0.0027873 8280
0.0027883 8280
0.0027892 8280
0.0027902 8280
0.0027911 8280
0.0027921 8280
0.002793 8280
0.0027939 8280
0.0027949 8280
0.0027958 8280
0.0027968 8280
0.0027977 8280
0.0027987 8280
0.0027996 8280
0.0028005 8280
0.0028015 8280
0.0028024 8280
0.0028034 8280
0.0028043 8280
0.0028053 8280
0.0028062 8280
0.0028071 8280
0.0028081 8280
0.002809 8280
0.00281 8280
0.0028109 8280
0.0028118 8280
0.0028128 8280
0.0028137 8280
0.0028147 8280
0.0028156 8280
0.0028166 8280
0.0028175 8280
0.0028184 8280
0.0028194 8280
0.0028203 8280
0.0028213 8280
0.0028222 8280
0.0028232 8280
0.0028241 8280
0.002825 8280
0.002826 8280
0.0028269 8280
0.0028279 8280
0.0028288 8280
0.0028298 8280
0.0028307 8280
0.0028316 8280
0.0028326 8280
0.0028335 8280
0.0028345 8280
0.0028354 8280
0.0028363 8280
0.0028373 8280
0.0028382 8280
0.0028392 8280
0.0028401 8280
0.0028411 8280
0.002842 8280
0.0028429 8280
0.0028439 8280
0.0028448 8280
0.0028458 8280
0.0028467 8280
0.0028477 8280
0.0028486 8280
0.0028495 8280
0.0028505 8280
0.0028514 8280
0.0028524 8280
0.0028533 8280
0.0028543 8280
0.0028552 8280
0.0028561 8280
0.0028571 8280
0.002858 8280
0.002859 8280
0.0028599 8280
0.0028608 8280
0.0028618 8280
0.0028627 8280
0.0028637 8280
0.0028646 8280
0.0028656 8280
0.0028665 8280
0.0028674 8280
0.0028684 8280
0.0028693 8280
0.0028703 8280
0.0028712 8280
0.0028722 8280
0.0028731 8280
0.002874 8280
0.002875 8280
0.0028759 8280
0.0028769 8280
0.0028778 8280
0.0028788 8280
0.0028797 8280
0.0028806 8280
0.0028816 8280
0.0028825 8280
0.0028835 8280
0.0028844 8280
0.0028853 8280
0.0028863 8280
0.0028872 8280
0.0028882 8280
0.0028891 8280
0.0028901 8280
0.002891 8280
0.0028919 8280
0.0028929 8280
0.0028938 8280
0.0028948 8280
0.0028957 8280
0.0028967 8280
0.0028976 8280
0.0028985 8280
0.0028995 8280
0.0029004 8280
0.0029014 8280
0.0029023 8280
0.0029033 8280
0.0029042 8280
0.0029051 8280
0.0029061 8280
0.002907 8280
0.002908 8280
0.0029089 8280
0.0029098 8280
0.0029108 8280
0.0029117 8280
0.0029127 8280
0.0029136 8280
0.0029146 8280
0.0029155 8280
0.0029164 8280
0.0029174 8280
0.0029183 8280
0.0029193 8280
0.0029202 8280
0.0029212 8280
0.0029221 8280
0.002923 8280
0.002924 8280
0.0029249 8280
0.0029259 8280
0.0029268 8280
0.0029278 8280
0.0029287 8280
0.0029296 8280
0.0029306 8280
0.0029315 8280
0.0029325 8280
0.0029334 8280
0.0029343 8280
0.0029353 8280
0.0029362 8280
0.0029372 8280
0.0029381 8280
0.0029391 8280
0.00294 8280
0.0029409 8280
0.0029419 8280
0.0029428 8280
0.0029438 8280
0.0029447 8280
0.0029457 8280
0.0029466 8280
0.0029475 8280
0.0029485 8280
0.0029494 8280
0.0029504 8280
0.0029513 8280
0.0029523 8280
0.0029532 8280
0.0029541 8280
0.0029551 8280
0.002956 8280
0.002957 8280
0.0029579 8280
0.0029588 8280
0.0029598 8280
0.0029607 8280
0.0029617 8280
0.0029626 8280
0.0029636 8280
0.0029645 8280
0.0029654 8280
0.0029664 8280
0.0029673 8280
0.0029683 8280
0.0029692 8280
0.0029702 8280
0.0029711 8280
0.002972 8280
0.002973 8280
0.0029739 8280
0.0029749 8280
0.0029758 8280
0.0029768 8280
0.0029777 8280
0.0029786 8280
0.0029796 8280
0.0029805 8280
0.0029815 8280
0.0029824 8280
0.0029833 8280
0.0029843 8280
0.0029852 8280
0.0029862 8280
0.0029871 8280
0.0029881 8280
0.002989 8280
0.0029899 8280
0.0029909 8280
0.0029918 8280
0.0029928 8280
0.0029937 8280
0.0029947 8280
0.0029956 8280
0.0029965 8280
0.0029975 8280
0.0029984 8280
0.0029994 8280
0.0030003 8280
0.0030013 8280
0.0030022 8280
0.0030031 8280
0.0030041 8280
0.003005 8280
0.003006 8280
0.0030069 8280
0.0030078 8280
0.0030088 8280
0.0030097 8280
0.0030107 8280
0.0030116 8280
0.0030126 8280
0.0030135 8280
0.0030144 8280
0.0030154 8280
0.0030163 8280
0.0030173 8280
0.0030182 8280
0.0030192 8280
0.0030201 8280
0.003021 8280
0.003022 8280
0.0030229 8280
0.0030239 8280
0.0030248 8280
0.0030258 8280
0.0030267 8280
0.0030276 8280
0.0030286 8280
0.0030295 8280
0.0030305 8280
0.0030314 8280
0.0030323 8280
0.0030333 8280
0.0030342 8280
0.0030352 8280
0.0030361 8280
0.0030371 8280
0.003038 8280
0.0030389 8280
0.0030399 8280
0.0030408 8280
0.0030418 8280
0.0030427 8280
0.0030437 8280
0.0030446 8280
0.0030455 8280
0.0030465 8280
0.0030474 8280
0.0030484 8280
0.0030493 8280
0.0030503 8280
0.0030512 8280
0.0030521 8280
0.0030531 8280
0.003054 8280
0.003055 8280
0.0030559 8280
0.0030568 8280
0.0030578 8280
0.0030587 8280
0.0030597 8280
0.0030606 8280
0.0030616 8280
0.0030625 8280
0.0030634 8280
0.0030644 8280
0.0030653 8280
0.0030663 8280
0.0030672 8280
0.0030682 8280
0.0030691 8280
0.00307 8280
0.003071 8280
0.0030719 8280
0.0030729 8280
0.0030738 8280
0.0030748 8280
0.0030757 8280
0.0030766 8280
0.0030776 8280
0.0030785 8280
0.0030795 8280
0.0030804 8280
0.0030813 8280
0.0030823 8280
0.0030832 8280
0.0030842 8280
0.0030851 8280
0.0030861 8280
0.003087 8280
0.0030879 8280
0.0030889 8280
0.0030898 8280
0.0030908 8280
0.0030917 8280
0.0030927 8280
0.0030936 8280
0.0030945 8280
0.0030955 8280
0.0030964 8280
0.0030974 8280
0.0030983 8280
0.0030993 8280
0.0031002 8280
0.0031011 8280
0.0031021 8280
0.003103 8280
0.003104 8280
0.0031049 8280
0.0031058 8280
0.0031068 8280
0.0031077 8280
0.0031087 8280
0.0031096 8280
0.0031106 8280
0.0031115 8280
0.0031124 8280
0.0031134 8280
0.0031143 8280
0.0031153 8280
0.0031162 8280
0.0031172 8280
0.0031181 8280
0.003119 8280
0.00312 8280
0.0031209 8280
0.0031219 8280
0.0031228 8280
0.0031238 8280
0.0031247 8280
0.0031256 8280
0.0031266 8280
0.0031275 8280
0.0031285 8280
0.0031294 8280
0.0031303 8280
0.0031313 8280
0.0031322 8280
0.0031332 8280
0.0031341 8280
0.0031351 8280
0.003136 8280
0.0031369 8280
0.0031379 8280
0.0031388 8280
0.0031398 8280
0.0031407 8280
0.0031417 8280
0.0031426 8280
0.0031435 8280
0.0031445 8280
0.0031454 8280
0.0031464 8280
0.0031473 8280
0.0031483 8280
0.0031492 8280
0.0031501 8280
0.0031511 8280
0.003152 8280
0.003153 8280
0.0031539 8280
0.0031548 8280
0.0031558 8280
0.0031567 8280
0.0031577 8280
0.0031586 8280
0.0031596 8280
0.0031605 8280
0.0031614 8280
0.0031624 8280
0.0031633 8280
0.0031643 8280
0.0031652 8280
0.0031662 8280
0.0031671 8280
0.003168 8280
0.003169 8280
0.0031699 8280
0.0031709 8280
0.0031718 8280
0.0031728 8280
0.0031737 8280
0.0031746 8280
0.0031756 8280
0.0031765 8280
0.0031775 8280
0.0031784 8280
0.0031793 8280
0.0031803 8280
0.0031812 8280
0.0031822 8280
0.0031831 8280
0.0031841 8280
0.003185 8280
0.0031859 8280
0.0031869 8280
0.0031878 8280
0.0031888 8280
0.0031897 8280
0.0031907 8280
0.0031916 8280
0.0031925 8280
0.0031935 8280
0.0031944 8280
0.0031954 8280
0.0031963 8280
0.0031973 8280
0.0031982 8280
0.0031991 8280
0.0032001 8280
0.003201 8280
0.003202 8280
0.0032029 8280
0.0032038 8280
0.0032048 8280
0.0032057 8280
0.0032067 8280
0.0032076 8280
0.0032086 8280
0.0032095 8280
0.0032104 8280
0.0032114 8280
0.0032123 8280
0.0032133 8280
0.0032142 8280
0.0032152 8280
0.0032161 8280
0.003217 8280
0.003218 8280
0.0032189 8280
0.0032199 8280
0.0032208 8280
0.0032218 8280
0.0032227 8280
0.0032236 8280
0.0032246 8280
0.0032255 8280
0.0032265 8280
0.0032274 8280
0.0032283 8280
0.0032293 8280
0.0032302 8280
0.0032312 8280
0.0032321 8280
0.0032331 8280
0.003234 8280
0.0032349 8280
0.0032359 8280
0.0032368 8280
0.0032378 8280
0.0032387 8280
0.0032397 8280
0.0032406 8280
0.0032415 8280
0.0032425 8280
0.0032434 8280
0.0032444 8280
0.0032453 8280
0.0032463 8280
0.0032472 8280
0.0032481 8280
0.0032491 8280
0.00325 8280
0.003251 8280
0.0032519 8280
0.0032528 8280
0.0032538 8280
0.0032547 8280
0.0032557 8280
0.0032566 8280
0.0032576 8280
0.0032585 8280
0.0032594 8280
0.0032604 8280
0.0032613 8280
0.0032623 8280
0.0032632 8280
0.0032642 8280
0.0032651 8280
0.003266 8280
0.003267 8280
0.0032679 8280
0.0032689 8280
0.0032698 8280
0.0032708 8280
0.0032717 8280
0.0032726 8280
0.0032736 8280
0.0032745 8280
0.0032755 8280
0.0032764 8280
0.0032773 8280
0.0032783 8280
0.0032792 8280
0.0032802 8280
0.0032811 8280
0.0032821 8280
0.003283 8280
0.0032839 8280
0.0032849 8280
0.0032858 8280
0.0032868 8280
0.0032877 8280
0.0032887 8280
0.0032896 8280
0.0032905 8280
0.0032915 8280
0.0032924 8280
0.0032934 8280
0.0032943 8280
0.0032953 8280
0.0032962 8280
0.0032971 8280
0.0032981 8280
1 8280
