9.4231e-07 53782
1.8846e-06 53782
2.8269e-06 53782
3.7692e-06 53781
4.7115e-06 53781
5.6538e-06 53781
6.5962e-06 53781
7.5385e-06 53781
8.4808e-06 53781
9.4231e-06 53781
1.0365e-05 53780
1.1308e-05 53779
1.225e-05 53778
1.3192e-05 53776
1.4135e-05 53774
1.5077e-05 53770
1.6019e-05 53764
1.6962e-05 53756
1.7904e-05 53745
1.8846e-05 53729
1.9788e-05 53706
2.0731e-05 53676
2.1673e-05 53634
2.2615e-05 53577
2.3558e-05 53502
2.45e-05 53402
2.5442e-05 53272
2.6385e-05 53103
2.7327e-05 52888
2.8269e-05 52616
2.9212e-05 52275
3.0154e-05 51854
3.1096e-05 51340
3.2038e-05 50719
3.2981e-05 49980
3.3923e-05 49109
3.4865e-05 48099
3.5808e-05 46941
3.675e-05 45634
3.7692e-05 44178
3.8635e-05 42579
3.9577e-05 40850
4.0519e-05 39008
4.1462e-05 37074
4.2404e-05 35074
4.3346e-05 33036
4.4288e-05 30990
4.5231e-05 28965
4.6173e-05 26988
4.7115e-05 25085
4.8058e-05 23275
4.9e-05 21576
4.9942e-05 19998
5.0885e-05 18550
5.1827e-05 17234
5.2769e-05 16049
5.3712e-05 14994
5.4654e-05 14063
5.5596e-05 13248
5.6538e-05 12543
5.7481e-05 11939
5.8423e-05 11428
5.9365e-05 11002
6.0308e-05 10654
6.125e-05 10376
6.2192e-05 10162
6.3135e-05 10006
6.4077e-05 9903.4
6.5019e-05 9848.2
6.5962e-05 9836.5
6.6904e-05 9864.4
6.7846e-05 9928.3
6.8788e-05 10025
6.9731e-05 10152
7.0673e-05 10307
7.1615e-05 10488
7.2558e-05 10693
7.35e-05 10920
7.4442e-05 11168
7.5385e-05 11435
7.6327e-05 11722
7.7269e-05 12026
7.8212e-05 12348
7.9154e-05 12687
8.0096e-05 13042
8.1038e-05 13413
8.1981e-05 13800
8.2923e-05 14203
8.3865e-05 14621
8.4808e-05 15054
8.575e-05 15502
8.6692e-05 15965
8.7635e-05 16443
8.8577e-05 16935
8.9519e-05 17442
9.0462e-05 17962
9.1404e-05 18496
9.2346e-05 19044
9.3288e-05 19604
9.4231e-05 20177
9.5173e-05 20761
9.6115e-05 21357
9.7058e-05 21964
9.8e-05 22581
9.8942e-05 23208
9.9885e-05 23843
0.00010083 24486
0.00010177 25137
0.00010271 25795
0.00010365 26458
0.0001046 27125
0.00010554 27797
0.00010648 28472
0.00010742 29148
0.00010837 29826
0.00010931 30504
0.00011025 31181
0.00011119 31857
0.00011213 32530
0.00011308 33199
0.00011402 33864
0.00011496 34523
0.0001159 35177
0.00011685 35823
0.00011779 36462
0.00011873 37091
0.00011967 37712
0.00012062 38323
0.00012156 38923
0.0001225 39512
0.00012344 40089
0.00012438 40654
0.00012533 41206
0.00012627 41745
0.00012721 42271
0.00012815 42783
0.0001291 43281
0.00013004 43765
0.00013098 44234
0.00013192 44689
0.00013287 45129
0.00013381 45554
0.00013475 45965
0.00013569 46362
0.00013663 46744
0.00013758 47112
0.00013852 47465
0.00013946 47804
0.0001404 48130
0.00014135 48442
0.00014229 48741
0.00014323 49026
0.00014417 49299
0.00014512 49560
0.00014606 49808
0.000147 50044
0.00014794 50269
0.00014888 50483
0.00014983 50686
0.00015077 50879
0.00015171 51062
0.00015265 51235
0.0001536 51398
0.00015454 51553
0.00015548 51699
0.00015642 51837
0.00015737 51967
0.00015831 52090
0.00015925 52205
0.00016019 52314
0.00016113 52416
0.00016208 52512
0.00016302 52601
0.00016396 52686
0.0001649 52765
0.00016585 52838
0.00016679 52908
0.00016773 52972
0.00016867 53032
0.00016962 53089
0.00017056 53141
0.0001715 53190
0.00017244 53235
0.00017338 53278
0.00017433 53317
0.00017527 53354
0.00017621 53388
0.00017715 53419
0.0001781 53448
0.00017904 53475
0.00017998 53500
0.00018092 53523
0.00018187 53545
0.00018281 53564
0.00018375 53583
0.00018469 53600
0.00018563 53615
0.00018658 53629
0.00018752 53642
0.00018846 53655
0.0001894 53666
0.00019035 53676
0.00019129 53685
0.00019223 53694
0.00019317 53702
0.00019412 53709
0.00019506 53715
0.000196 53722
0.00019694 53727
0.00019788 53732
0.00019883 53737
0.00019977 53741
0.00020071 53745
0.00020165 53748
0.0002026 53751
0.00020354 53754
0.00020448 53757
0.00020542 53759
0.00020637 53761
0.00020731 53763
0.00020825 53765
0.00020919 53767
0.00021013 53768
0.00021108 53770
0.00021202 53771
0.00021296 53772
0.0002139 53773
0.00021485 53774
0.00021579 53775
0.00021673 53775
0.00021767 53776
0.00021862 53777
0.00021956 53777
0.0002205 53778
0.00022144 53778
0.00022238 53778
0.00022333 53779
0.00022427 53779
0.00022521 53779
0.00022615 53780
0.0002271 53780
0.00022804 53780
0.00022898 53780
0.00022992 53780
0.00023087 53780
0.00023181 53781
0.00023275 53781
0.00023369 53781
0.00023463 53781
0.00023558 53781
0.00023652 53781
0.00023746 53781
0.0002384 53781
0.00023935 53781
0.00024029 53781
0.00024123 53781
0.00024217 53781
0.00024312 53781
0.00024406 53781
0.000245 53781
0.00024594 53781
0.00024688 53781
0.00024783 53781
0.00024877 53781
0.00024971 53781
0.00025065 53781
0.0002516 53781
0.00025254 53781
0.00025348 53781
0.00025442 53782
0.00025537 53782
0.00025631 53782
0.00025725 53782
0.00025819 53782
0.00025913 53782
0.00026008 53782
0.00026102 53782
0.00026196 53782
0.0002629 53782
0.00026385 53782
0.00026479 53782
0.00026573 53782
0.00026667 53782
0.00026762 53782
0.00026856 53782
0.0002695 53782
0.00027044 53782
0.00027138 53782
0.00027233 53782
0.00027327 53782
0.00027421 53782
0.00027515 53782
0.0002761 53782
0.00027704 53782
0.00027798 53782
0.00027892 53782
0.00027987 53782
0.00028081 53782
0.00028175 53782
0.00028269 53782
0.00028363 53782
0.00028458 53782
0.00028552 53782
0.00028646 53782
0.0002874 53782
0.00028835 53782
0.00028929 53782
0.00029023 53782
0.00029117 53782
0.00029212 53782
0.00029306 53782
0.000294 53782
0.00029494 53782
0.00029588 53782
0.00029683 53782
0.00029777 53782
0.00029871 53782
0.00029965 53782
0.0003006 53782
0.00030154 53782
0.00030248 53782
0.00030342 53782
0.00030437 53782
0.00030531 53782
0.00030625 53782
0.00030719 53782
0.00030813 53782
0.00030908 53782
0.00031002 53782
0.00031096 53782
0.0003119 53782
0.00031285 53782
0.00031379 53782
0.00031473 53782
0.00031567 53782
0.00031662 53782
0.00031756 53782
0.0003185 53782
0.00031944 53782
0.00032038 53782
0.00032133 53782
0.00032227 53782
0.00032321 53782
0.00032415 53782
0.0003251 53782
0.00032604 53782
0.00032698 53782
0.00032792 53782
0.00032887 53782
0.00032981 53782
0.00033075 53782
0.00033169 53782
0.00033263 53782
0.00033358 53782
0.00033452 53782
0.00033546 53782
0.0003364 53782
0.00033735 53782
0.00033829 53782
0.00033923 53782
0.00034017 53782
0.00034112 53782
0.00034206 53782
0.000343 53782
0.00034394 53782
0.00034488 53782
0.00034583 53782
0.00034677 53782
0.00034771 53782
0.00034865 53782
0.0003496 53782
0.00035054 53782
0.00035148 53782
0.00035242 53782
0.00035337 53782
0.00035431 53782
0.00035525 53782
0.00035619 53782
0.00035713 53782
0.00035808 53782
0.00035902 53782
0.00035996 53782
0.0003609 53782
0.00036185 53782
0.00036279 53782
0.00036373 53782
0.00036467 53782
0.00036562 53782
0.00036656 53782
0.0003675 53782
0.00036844 53782
0.00036938 53782
0.00037033 53782
0.00037127 53782
0.00037221 53782
0.00037315 53782
0.0003741 53782
0.00037504 53782
0.00037598 53782
0.00037692 53782
0.00037787 53782
0.00037881 53782
0.00037975 53782
0.00038069 53782
0.00038163 53782
0.00038258 53782
0.00038352 53782
0.00038446 53782
0.0003854 53782
0.00038635 53782
0.00038729 53782
0.00038823 53782
0.00038917 53782
0.00039012 53782
0.00039106 53782
0.000392 53782
0.00039294 53782
0.00039388 53782
0.00039483 53782
0.00039577 53782
0.00039671 53782
0.00039765 53782
0.0003986 53782
0.00039954 53782
0.00040048 53782
0.00040142 53782
0.00040237 53782
0.00040331 53782
0.00040425 53782
0.00040519 53782
0.00040613 53782
0.00040708 53782
0.00040802 53782
0.00040896 53782
0.0004099 53782
0.00041085 53782
0.00041179 53782
0.00041273 53782
0.00041367 53782
0.00041462 53782
0.00041556 53782
0.0004165 53782
0.00041744 53782
0.00041838 53782
0.00041933 53782
0.00042027 53782
0.00042121 53782
0.00042215 53782
0.0004231 53782
0.00042404 53782
0.00042498 53782
0.00042592 53782
0.00042687 53782
0.00042781 53782
0.00042875 53782
0.00042969 53782
0.00043063 53782
0.00043158 53782
0.00043252 53782
0.00043346 53782
0.0004344 53782
0.00043535 53782
0.00043629 53782
0.00043723 53782
0.00043817 53782
0.00043912 53782
0.00044006 53782
0.000441 53782
0.00044194 53782
0.00044288 53782
0.00044383 53782
0.00044477 53782
0.00044571 53782
0.00044665 53782
0.0004476 53782
0.00044854 53782
0.00044948 53782
0.00045042 53782
0.00045137 53782
0.00045231 53782
0.00045325 53782
0.00045419 53782
0.00045513 53782
0.00045608 53782
0.00045702 53782
0.00045796 53782
0.0004589 53782
0.00045985 53782
0.00046079 53782
0.00046173 53782
0.00046267 53782
0.00046362 53782
0.00046456 53782
0.0004655 53782
0.00046644 53782
0.00046738 53782
0.00046833 53782
0.00046927 53782
0.00047021 53782
0.00047115 53782
0.0004721 53782
0.00047304 53782
0.00047398 53782
0.00047492 53782
0.00047587 53782
0.00047681 53782
0.00047775 53782
0.00047869 53782
0.00047963 53782
0.00048058 53782
0.00048152 53782
0.00048246 53782
0.0004834 53782
0.00048435 53782
0.00048529 53782
0.00048623 53782
0.00048717 53782
0.00048812 53782
0.00048906 53782
0.00049 53782
0.00049094 53782
0.00049188 53782
0.00049283 53782
0.00049377 53782
0.00049471 53782
0.00049565 53782
0.0004966 53782
0.00049754 53782
0.00049848 53782
0.00049942 53782
0.00050037 53782
0.00050131 53782
0.00050225 53782
0.00050319 53782
0.00050413 53782
0.00050508 53782
0.00050602 53782
0.00050696 53782
0.0005079 53782
0.00050885 53782
0.00050979 53782
0.00051073 53782
0.00051167 53782
0.00051262 53782
0.00051356 53782
0.0005145 53782
0.00051544 53782
0.00051638 53782
0.00051733 53782
0.00051827 53782
0.00051921 53782
0.00052015 53782
0.0005211 53782
0.00052204 53782
0.00052298 53782
0.00052392 53782
0.00052487 53782
0.00052581 53782
0.00052675 53782
0.00052769 53782
0.00052863 53782
0.00052958 53782
0.00053052 53782
0.00053146 53782
0.0005324 53782
0.00053335 53782
0.00053429 53782
0.00053523 53782
0.00053617 53782
0.00053712 53782
0.00053806 53782
0.000539 53782
0.00053994 53782
0.00054088 53782
0.00054183 53782
0.00054277 53782
0.00054371 53782
0.00054465 53782
0.0005456 53782
0.00054654 53782
0.00054748 53782
0.00054842 53782
0.00054937 53782
0.00055031 53782
0.00055125 53782
0.00055219 53782
0.00055313 53782
0.00055408 53782
0.00055502 53782
0.00055596 53782
0.0005569 53782
0.00055785 53782
0.00055879 53782
0.00055973 53782
0.00056067 53782
0.00056162 53782
0.00056256 53782
0.0005635 53782
0.00056444 53782
0.00056538 53782
0.00056633 53782
0.00056727 53782
0.00056821 53782
0.00056915 53782
0.0005701 53782
0.00057104 53782
0.00057198 53782
0.00057292 53782
0.00057387 53782
0.00057481 53782
0.00057575 53782
0.00057669 53782
0.00057763 53782
0.00057858 53782
0.00057952 53782
0.00058046 53782
0.0005814 53782
0.00058235 53782
0.00058329 53782
0.00058423 53782
0.00058517 53782
0.00058612 53782
0.00058706 53782
0.000588 53782
0.00058894 53782
0.00058988 53782
0.00059083 53782
0.00059177 53782
0.00059271 53782
0.00059365 53782
0.0005946 53782
0.00059554 53782
0.00059648 53782
0.00059742 53782
0.00059837 53782
0.00059931 53782
0.00060025 53782
0.00060119 53782
0.00060213 53782
0.00060308 53782
0.00060402 53782
0.00060496 53782
0.0006059 53782
0.00060685 53782
0.00060779 53782
0.00060873 53782
0.00060967 53782
0.00061062 53782
0.00061156 53782
0.0006125 53782
0.00061344 53782
0.00061438 53782
0.00061533 53782
0.00061627 53782
0.00061721 53782
0.00061815 53782
0.0006191 53782
0.00062004 53782
0.00062098 53782
0.00062192 53782
0.00062287 53782
0.00062381 53782
0.00062475 53782
0.00062569 53782
0.00062663 53782
0.00062758 53782
0.00062852 53782
0.00062946 53782
0.0006304 53782
0.00063135 53782
0.00063229 53782
0.00063323 53782
0.00063417 53782
0.00063512 53782
0.00063606 53782
0.000637 53782
0.00063794 53782
0.00063888 53782
0.00063983 53782
0.00064077 53782
0.00064171 53782
0.00064265 53782
0.0006436 53782
0.00064454 53782
0.00064548 53782
0.00064642 53782
0.00064737 53782
0.00064831 53782
0.00064925 53782
0.00065019 53782
0.00065113 53782
0.00065208 53782
0.00065302 53782
0.00065396 53782
0.0006549 53782
0.00065585 53782
0.00065679 53782
0.00065773 53782
0.00065867 53782
0.00065962 53782
0.00066056 53782
0.0006615 53782
0.00066244 53782
0.00066338 53782
0.00066433 53782
0.00066527 53782
0.00066621 53782
0.00066715 53782
0.0006681 53782
0.00066904 53782
0.00066998 53782
0.00067092 53782
0.00067187 53782
0.00067281 53782
0.00067375 53782
0.00067469 53782
0.00067563 53782
0.00067658 53782
0.00067752 53782
0.00067846 53782
0.0006794 53782
0.00068035 53782
0.00068129 53782
0.00068223 53782
0.00068317 53782
0.00068412 53782
0.00068506 53782
0.000686 53782
0.00068694 53782
0.00068788 53782
0.00068883 53782
0.00068977 53782
0.00069071 53782
0.00069165 53782
0.0006926 53782
0.00069354 53782
0.00069448 53782
0.00069542 53782
0.00069637 53782
0.00069731 53782
0.00069825 53782
0.00069919 53782
0.00070013 53782
0.00070108 53782
0.00070202 53782
0.00070296 53782
0.0007039 53782
0.00070485 53782
0.00070579 53782
0.00070673 53782
0.00070767 53782
0.00070862 53782
0.00070956 53782
0.0007105 53782
0.00071144 53782
0.00071238 53782
0.00071333 53782
0.00071427 53782
0.00071521 53782
0.00071615 53782
0.0007171 53782
0.00071804 53782
0.00071898 53782
0.00071992 53782
0.00072087 53782
0.00072181 53782
0.00072275 53782
0.00072369 53782
0.00072463 53782
0.00072558 53782
0.00072652 53782
0.00072746 53782
0.0007284 53782
0.00072935 53782
0.00073029 53782
0.00073123 53782
0.00073217 53782
0.00073312 53782
0.00073406 53782
0.000735 53782
0.00073594 53782
0.00073688 53782
0.00073783 53782
0.00073877 53782
0.00073971 53782
0.00074065 53782
0.0007416 53782
0.00074254 53782
0.00074348 53782
0.00074442 53782
0.00074537 53782
0.00074631 53782
0.00074725 53782
0.00074819 53782
0.00074913 53782
0.00075008 53782
0.00075102 53782
0.00075196 53782
0.0007529 53782
0.00075385 53782
0.00075479 53782
0.00075573 53782
0.00075667 53782
0.00075762 53782
0.00075856 53782
0.0007595 53782
0.00076044 53782
0.00076138 53782
0.00076233 53782
0.00076327 53782
0.00076421 53782
0.00076515 53782
0.0007661 53782
0.00076704 53782
0.00076798 53782
0.00076892 53782
0.00076987 53782
0.00077081 53782
0.00077175 53782
0.00077269 53782
0.00077363 53782
0.00077458 53782
0.00077552 53782
0.00077646 53782
0.0007774 53782
0.00077835 53782
0.00077929 53782
0.00078023 53782
0.00078117 53782
0.00078212 53782
0.00078306 53782
0.000784 53782
0.00078494 53782
0.00078588 53782
0.00078683 53782
0.00078777 53782
0.00078871 53782
0.00078965 53782
0.0007906 53782
0.00079154 53782
0.00079248 53782
0.00079342 53782
0.00079437 53782
0.00079531 53782
0.00079625 53782
0.00079719 53782
0.00079813 53782
0.00079908 53782
0.00080002 53782
0.00080096 53782
0.0008019 53782
0.00080285 53782
0.00080379 53782
0.00080473 53782
0.00080567 53782
0.00080662 53782
0.00080756 53782
0.0008085 53782
0.00080944 53782
0.00081038 53782
0.00081133 53782
0.00081227 53782
0.00081321 53782
0.00081415 53782
0.0008151 53782
0.00081604 53782
0.00081698 53782
0.00081792 53782
0.00081887 53782
0.00081981 53782
0.00082075 53782
0.00082169 53782
0.00082263 53782
0.00082358 53782
0.00082452 53782
0.00082546 53782
0.0008264 53782
0.00082735 53782
0.00082829 53782
0.00082923 53782
0.00083017 53782
0.00083112 53782
0.00083206 53782
0.000833 53782
0.00083394 53782
0.00083488 53782
0.00083583 53782
0.00083677 53782
0.00083771 53782
0.00083865 53782
0.0008396 53782
0.00084054 53782
0.00084148 53782
0.00084242 53782
0.00084337 53782
0.00084431 53782
0.00084525 53782
0.00084619 53782
0.00084713 53782
0.00084808 53782
0.00084902 53782
0.00084996 53782
0.0008509 53782
0.00085185 53782
0.00085279 53782
0.00085373 53782
0.00085467 53782
0.00085562 53782
0.00085656 53782
0.0008575 53782
0.00085844 53782
0.00085938 53782
0.00086033 53782
0.00086127 53782
0.00086221 53782
0.00086315 53782
0.0008641 53782
0.00086504 53782
0.00086598 53782
0.00086692 53782
0.00086787 53782
0.00086881 53782
0.00086975 53782
0.00087069 53782
0.00087163 53782
0.00087258 53782
0.00087352 53782
0.00087446 53782
0.0008754 53782
0.00087635 53782
0.00087729 53782
0.00087823 53782
0.00087917 53782
0.00088012 53782
0.00088106 53782
0.000882 53782
0.00088294 53782
0.00088388 53782
0.00088483 53782
0.00088577 53782
0.00088671 53782
0.00088765 53782
0.0008886 53782
0.00088954 53782
0.00089048 53782
0.00089142 53782
0.00089237 53782
0.00089331 53782
0.00089425 53782
0.00089519 53782
0.00089613 53782
0.00089708 53782
0.00089802 53782
0.00089896 53782
0.0008999 53782
0.00090085 53782
0.00090179 53782
0.00090273 53782
0.00090367 53782
0.00090462 53782
0.00090556 53782
0.0009065 53782
0.00090744 53782
0.00090838 53782
0.00090933 53782
0.00091027 53782
0.00091121 53782
0.00091215 53782
0.0009131 53782
0.00091404 53782
0.00091498 53782
0.00091592 53782
0.00091687 53782
0.00091781 53782
0.00091875 53782
0.00091969 53782
0.00092063 53782
0.00092158 53782
0.00092252 53782
0.00092346 53782
0.0009244 53782
0.00092535 53782
0.00092629 53782
0.00092723 53782
0.00092817 53782
0.00092912 53782
0.00093006 53782
0.000931 53782
0.00093194 53782
0.00093288 53782
0.00093383 53782
0.00093477 53782
0.00093571 53782
0.00093665 53782
0.0009376 53782
0.00093854 53782
0.00093948 53782
0.00094042 53782
0.00094137 53782
0.00094231 53782
0.00094325 53782
0.00094419 53782
0.00094513 53782
0.00094608 53782
0.00094702 53782
0.00094796 53782
0.0009489 53782
0.00094985 53782
0.00095079 53782
0.00095173 53782
0.00095267 53782
0.00095362 53782
0.00095456 53782
0.0009555 53782
0.00095644 53782
0.00095738 53782
0.00095833 53782
0.00095927 53782
0.00096021 53782
0.00096115 53782
0.0009621 53782
0.00096304 53782
0.00096398 53782
0.00096492 53782
0.00096587 53782
0.00096681 53782
0.00096775 53782
0.00096869 53782
0.00096963 53782
0.00097058 53782
0.00097152 53782
0.00097246 53782
0.0009734 53782
0.00097435 53782
0.00097529 53782
0.00097623 53782
0.00097717 53782
0.00097812 53782
0.00097906 53782
0.00098 53782
0.00098094 53782
0.00098188 53782
0.00098283 53782
0.00098377 53782
0.00098471 53782
0.00098565 53782
0.0009866 53782
0.00098754 53782
0.00098848 53782
0.00098942 53782
0.00099037 53782
0.00099131 53782
0.00099225 53782
0.00099319 53782
0.00099413 53782
0.00099508 53782
0.00099602 53782
0.00099696 53782
0.0009979 53782
0.00099885 53782
0.00099979 53782
0.0010007 53782
0.0010017 53782
0.0010026 53782
0.0010036 53782
0.0010045 53782
0.0010054 53782
0.0010064 53782
0.0010073 53782
0.0010083 53782
0.0010092 53782
0.0010102 53782
0.0010111 53782
0.001012 53782
0.001013 53782
0.0010139 53782
0.0010149 53782
0.0010158 53782
0.0010168 53782
0.0010177 53782
0.0010186 53782
0.0010196 53782
0.0010205 53782
0.0010215 53782
0.0010224 53782
0.0010233 53782
0.0010243 53782
0.0010252 53782
0.0010262 53782
0.0010271 53782
0.0010281 53782
0.001029 53782
0.0010299 53782
0.0010309 53782
0.0010318 53782
0.0010328 53782
0.0010337 53782
0.0010347 53782
0.0010356 53782
0.0010365 53782
0.0010375 53782
0.0010384 53782
0.0010394 53782
0.0010403 53782
0.0010413 53782
0.0010422 53782
0.0010431 53782
0.0010441 53782
0.001045 53782
0.001046 53782
0.0010469 53782
0.0010478 53782
0.0010488 53782
0.0010497 53782
0.0010507 53782
0.0010516 53782
0.0010526 53782
0.0010535 53782
0.0010544 53782
0.0010554 53782
0.0010563 53782
0.0010573 53782
0.0010582 53782
0.0010592 53782
0.0010601 53782
0.001061 53782
0.001062 53782
0.0010629 53782
0.0010639 53782
0.0010648 53782
0.0010658 53782
0.0010667 53782
0.0010676 53782
0.0010686 53782
0.0010695 53782
0.0010705 53782
0.0010714 53782
0.0010723 53782
0.0010733 53782
0.0010742 53782
0.0010752 53782
0.0010761 53782
0.0010771 53782
0.001078 53782
0.0010789 53782
0.0010799 53782
0.0010808 53782
0.0010818 53782
0.0010827 53782
0.0010837 53782
0.0010846 53782
0.0010855 53782
0.0010865 53782
0.0010874 53782
0.0010884 53782
0.0010893 53782
0.0010903 53782
0.0010912 53782
0.0010921 53782
0.0010931 53782
0.001094 53782
0.001095 53782
0.0010959 53782
0.0010968 53782
0.0010978 53782
0.0010987 53782
0.0010997 53782
0.0011006 53782
0.0011016 53782
0.0011025 53782
0.0011034 53782
0.0011044 53782
0.0011053 53782
0.0011063 53782
0.0011072 53782
0.0011082 53782
0.0011091 53782
0.00111 53782
0.001111 53782
0.0011119 53782
0.0011129 53782
0.0011138 53782
0.0011148 53782
0.0011157 53782
0.0011166 53782
0.0011176 53782
0.0011185 53782
0.0011195 53782
0.0011204 53782
0.0011213 53782
0.0011223 53782
0.0011232 53782
0.0011242 53782
0.0011251 53782
0.0011261 53782
0.001127 53782
0.0011279 53782
0.0011289 53782
0.0011298 53782
0.0011308 53782
0.0011317 53782
0.0011327 53782
0.0011336 53782
0.0011345 53782
0.0011355 53782
0.0011364 53782
0.0011374 53782
0.0011383 53782
0.0011393 53782
0.0011402 53782
0.0011411 53782
0.0011421 53782
0.001143 53782
0.001144 53782
0.0011449 53782
0.0011458 53782
0.0011468 53782
0.0011477 53782
0.0011487 53782
0.0011496 53782
0.0011506 53782
0.0011515 53782
0.0011524 53782
0.0011534 53782
0.0011543 53782
0.0011553 53782
0.0011562 53782
0.0011572 53782
0.0011581 53782
0.001159 53782
0.00116 53782
0.0011609 53782
0.0011619 53782
0.0011628 53782
0.0011638 53782
0.0011647 53782
0.0011656 53782
0.0011666 53782
0.0011675 53782
0.0011685 53782
0.0011694 53782
0.0011703 53782
0.0011713 53782
0.0011722 53782
0.0011732 53782
0.0011741 53782
0.0011751 53782
0.001176 53782
0.0011769 53782
0.0011779 53782
0.0011788 53782
0.0011798 53782
0.0011807 53782
0.0011817 53782
0.0011826 53782
0.0011835 53782
0.0011845 53782
0.0011854 53782
0.0011864 53782
0.0011873 53782
0.0011883 53782
0.0011892 53782
0.0011901 53782
0.0011911 53782
0.001192 53782
0.001193 53782
0.0011939 53782
0.0011948 53782
0.0011958 53782
0.0011967 53782
0.0011977 53782
0.0011986 53782
0.0011996 53782
0.0012005 53782
0.0012014 53782
0.0012024 53782
0.0012033 53782
0.0012043 53782
0.0012052 53782
0.0012062 53782
0.0012071 53782
0.001208 53782
0.001209 53782
0.0012099 53782
0.0012109 53782
0.0012118 53782
0.0012128 53782
0.0012137 53782
0.0012146 53782
0.0012156 53782
0.0012165 53782
0.0012175 53782
0.0012184 53782
0.0012193 53782
0.0012203 53782
0.0012212 53782
0.0012222 53782
0.0012231 53782
0.0012241 53782
0.001225 53782
0.0012259 53782
0.0012269 53782
0.0012278 53782
0.0012288 53782
0.0012297 53782
0.0012307 53782
0.0012316 53782
0.0012325 53782
0.0012335 53782
0.0012344 53782
0.0012354 53782
0.0012363 53782
0.0012373 53782
0.0012382 53782
0.0012391 53782
0.0012401 53782
0.001241 53782
0.001242 53782
0.0012429 53782
0.0012438 53782
0.0012448 53782
0.0012457 53782
0.0012467 53782
0.0012476 53782
0.0012486 53782
0.0012495 53782
0.0012504 53782
0.0012514 53782
0.0012523 53782
0.0012533 53782
0.0012542 53782
0.0012552 53782
0.0012561 53782
0.001257 53782
0.001258 53782
0.0012589 53782
0.0012599 53782
0.0012608 53782
0.0012618 53782
0.0012627 53782
0.0012636 53782
0.0012646 53782
0.0012655 53782
0.0012665 53782
0.0012674 53782
0.0012683 53782
0.0012693 53782
0.0012702 53782
0.0012712 53782
0.0012721 53782
0.0012731 53782
0.001274 53782
0.0012749 53782
0.0012759 53782
0.0012768 53782
0.0012778 53782
0.0012787 53782
0.0012797 53782
0.0012806 53782
0.0012815 53782
0.0012825 53782
0.0012834 53782
0.0012844 53782
0.0012853 53782
0.0012863 53782
0.0012872 53782
0.0012881 53782
0.0012891 53782
0.00129 53782
0.001291 53782
0.0012919 53782
0.0012928 53782
0.0012938 53782
0.0012947 53782
0.0012957 53782
0.0012966 53782
0.0012976 53782
0.0012985 53782
0.0012994 53782
0.0013004 53782
0.0013013 53782
0.0013023 53782
0.0013032 53782
0.0013042 53782
0.0013051 53782
0.001306 53782
0.001307 53782
0.0013079 53782
0.0013089 53782
0.0013098 53782
0.0013108 53782
0.0013117 53782
0.0013126 53782
0.0013136 53782
0.0013145 53782
0.0013155 53782
0.0013164 53782
0.0013173 53782
0.0013183 53782
0.0013192 53782
0.0013202 53782
0.0013211 53782
0.0013221 53782
0.001323 53782
0.0013239 53782
0.0013249 53782
0.0013258 53782
0.0013268 53782
0.0013277 53782
0.0013287 53782
0.0013296 53782
0.0013305 53782
0.0013315 53782
0.0013324 53782
0.0013334 53782
0.0013343 53782
0.0013353 53782
0.0013362 53782
0.0013371 53782
0.0013381 53782
0.001339 53782
0.00134 53782
0.0013409 53782
0.0013418 53782
0.0013428 53782
0.0013437 53782
0.0013447 53782
0.0013456 53782
0.0013466 53782
0.0013475 53782
0.0013484 53782
0.0013494 53782
0.0013503 53782
0.0013513 53782
0.0013522 53782
0.0013532 53782
0.0013541 53782
0.001355 53782
0.001356 53782
0.0013569 53782
0.0013579 53782
0.0013588 53782
0.0013598 53782
0.0013607 53782
0.0013616 53782
0.0013626 53782
0.0013635 53782
0.0013645 53782
0.0013654 53782
0.0013663 53782
0.0013673 53782
0.0013682 53782
0.0013692 53782
0.0013701 53782
0.0013711 53782
0.001372 53782
0.0013729 53782
0.0013739 53782
0.0013748 53782
0.0013758 53782
0.0013767 53782
0.0013777 53782
0.0013786 53782
0.0013795 53782
0.0013805 53782
0.0013814 53782
0.0013824 53782
0.0013833 53782
0.0013843 53782
0.0013852 53782
0.0013861 53782
0.0013871 53782
0.001388 53782
0.001389 53782
0.0013899 53782
0.0013908 53782
0.0013918 53782
0.0013927 53782
0.0013937 53782
0.0013946 53782
0.0013956 53782
0.0013965 53782
0.0013974 53782
0.0013984 53782
0.0013993 53782
0.0014003 53782
0.0014012 53782
0.0014022 53782
0.0014031 53782
0.001404 53782
0.001405 53782
0.0014059 53782
0.0014069 53782
0.0014078 53782
0.0014088 53782
0.0014097 53782
0.0014106 53782
0.0014116 53782
0.0014125 53782
0.0014135 53782
0.0014144 53782
0.0014153 53782
0.0014163 53782
0.0014172 53782
0.0014182 53782
0.0014191 53782
0.0014201 53782
0.001421 53782
0.0014219 53782
0.0014229 53782
0.0014238 53782
0.0014248 53782
0.0014257 53782
0.0014267 53782
0.0014276 53782
0.0014285 53782
0.0014295 53782
0.0014304 53782
0.0014314 53782
0.0014323 53782
0.0014333 53782
0.0014342 53782
0.0014351 53782
0.0014361 53782
0.001437 53782
0.001438 53782
0.0014389 53782
0.0014398 53782
0.0014408 53782
0.0014417 53782
0.0014427 53782
0.0014436 53782
0.0014446 53782
0.0014455 53782
0.0014464 53782
0.0014474 53782
0.0014483 53782
0.0014493 53782
0.0014502 53782
0.0014512 53782
0.0014521 53782
0.001453 53782
0.001454 53782
0.0014549 53782
0.0014559 53782
0.0014568 53782
0.0014578 53782
0.0014587 53782
0.0014596 53782
0.0014606 53782
0.0014615 53782
0.0014625 53782
0.0014634 53782
0.0014643 53782
0.0014653 53782
0.0014662 53782
0.0014672 53782
0.0014681 53782
0.0014691 53782
0.00147 53782
0.0014709 53782
0.0014719 53782
0.0014728 53782
0.0014738 53782
0.0014747 53782
0.0014757 53782
0.0014766 53782
0.0014775 53782
0.0014785 53782
0.0014794 53782
0.0014804 53782
0.0014813 53782
0.0014823 53782
0.0014832 53782
0.0014841 53782
0.0014851 53782
0.001486 53782
0.001487 53782
0.0014879 53782
0.0014888 53782
0.0014898 53782
0.0014907 53782
0.0014917 53782
0.0014926 53782
0.0014936 53782
0.0014945 53782
0.0014954 53782
0.0014964 53782
0.0014973 53782
0.0014983 53782
0.0014992 53782
0.0015002 53782
0.0015011 53782
0.001502 53782
0.001503 53782
0.0015039 53782
0.0015049 53782
0.0015058 53782
0.0015068 53782
0.0015077 53782
0.0015086 53782
0.0015096 53782
0.0015105 53782
0.0015115 53782
0.0015124 53782
0.0015133 53782
0.0015143 53782
0.0015152 53782
0.0015162 53782
0.0015171 53782
0.0015181 53782
0.001519 53782
0.0015199 53782
0.0015209 53782
0.0015218 53782
0.0015228 53782
0.0015237 53782
0.0015247 53782
0.0015256 53782
0.0015265 53782
0.0015275 53782
0.0015284 53782
0.0015294 53782
0.0015303 53782
0.0015313 53782
0.0015322 53782
0.0015331 53782
0.0015341 53782
0.001535 53782
0.001536 53782
0.0015369 53782
0.0015378 53782
0.0015388 53782
0.0015397 53782
0.0015407 53782
0.0015416 53782
0.0015426 53782
0.0015435 53782
0.0015444 53782
0.0015454 53782
0.0015463 53782
0.0015473 53782
0.0015482 53782
0.0015492 53782
0.0015501 53782
0.001551 53782
0.001552 53782
0.0015529 53782
0.0015539 53782
0.0015548 53782
0.0015558 53782
0.0015567 53782
0.0015576 53782
0.0015586 53782
0.0015595 53782
0.0015605 53782
0.0015614 53782
0.0015623 53782
0.0015633 53782
0.0015642 53782
0.0015652 53782
0.0015661 53782
0.0015671 53782
0.001568 53782
0.0015689 53782
0.0015699 53782
0.0015708 53782
0.0015718 53782
0.0015727 53782
0.0015737 53782
0.0015746 53782
0.0015755 53782
0.0015765 53782
0.0015774 53782
0.0015784 53782
0.0015793 53782
0.0015803 53782
0.0015812 53782
0.0015821 53782
0.0015831 53782
0.001584 53782
0.001585 53782
0.0015859 53782
0.0015868 53782
0.0015878 53782
0.0015887 53782
0.0015897 53782
0.0015906 53782
0.0015916 53782
0.0015925 53782
0.0015934 53782
0.0015944 53782
0.0015953 53782
0.0015963 53782
0.0015972 53782
0.0015982 53782
0.0015991 53782
0.0016 53782
0.001601 53782
0.0016019 53782
0.0016029 53782
0.0016038 53782
0.0016048 53782
0.0016057 53782
0.0016066 53782
0.0016076 53782
0.0016085 53782
0.0016095 53782
0.0016104 53782
0.0016113 53782
0.0016123 53782
0.0016132 53782
0.0016142 53782
0.0016151 53782
0.0016161 53782
0.001617 53782
0.0016179 53782
0.0016189 53782
0.0016198 53782
0.0016208 53782
0.0016217 53782
0.0016227 53782
0.0016236 53782
0.0016245 53782
0.0016255 53782
0.0016264 53782
0.0016274 53782
0.0016283 53782
0.0016293 53782
0.0016302 53782
0.0016311 53782
0.0016321 53782
0.001633 53782
0.001634 53782
0.0016349 53782
0.0016358 53782
0.0016368 53782
0.0016377 53782
0.0016387 53782
0.0016396 53782
0.0016406 53782
0.0016415 53782
0.0016424 53782
0.0016434 53782
0.0016443 53782
0.0016453 53782
0.0016462 53782
0.0016472 53782
0.0016481 53782
0.001649 53782
0.00165 53782
0.0016509 53782
0.0016519 53782
0.0016528 53782
0.0016538 53782
0.0016547 53782
0.0016556 53782
0.0016566 53782
0.0016575 53782
0.0016585 53782
0.0016594 53782
0.0016603 53782
0.0016613 53782
0.0016622 53782
0.0016632 53782
0.0016641 53782
0.0016651 53782
0.001666 53782
0.0016669 53782
0.0016679 53782
0.0016688 53782
0.0016698 53782
0.0016707 53782
0.0016717 53782
0.0016726 53782
0.0016735 53782
0.0016745 53782
0.0016754 53782
0.0016764 53782
0.0016773 53782
0.0016783 53782
0.0016792 53782
0.0016801 53782
0.0016811 53782
0.001682 53782
0.001683 53782
0.0016839 53782
0.0016848 53782
0.0016858 53782
0.0016867 53782
0.0016877 53782
0.0016886 53782
0.0016896 53782
0.0016905 53782
0.0016914 53782
0.0016924 53782
0.0016933 53782
0.0016943 53782
0.0016952 53782
0.0016962 53782
0.0016971 53782
0.001698 53782
0.001699 53782
0.0016999 53782
0.0017009 53782
0.0017018 53782
0.0017028 53782
0.0017037 53782
0.0017046 53782
0.0017056 53782
0.0017065 53782
0.0017075 53782
0.0017084 53782
0.0017093 53782
0.0017103 53782
0.0017112 53782
0.0017122 53782
0.0017131 53782
0.0017141 53782
0.001715 53782
0.0017159 53782
0.0017169 53782
0.0017178 53782
0.0017188 53782
0.0017197 53782
0.0017207 53782
0.0017216 53782
0.0017225 53782
0.0017235 53782
0.0017244 53782
0.0017254 53782
0.0017263 53782
0.0017273 53782
0.0017282 53782
0.0017291 53782
0.0017301 53782
0.001731 53782
0.001732 53782
0.0017329 53782
0.0017338 53782
0.0017348 53782
0.0017357 53782
0.0017367 53782
0.0017376 53782
0.0017386 53782
0.0017395 53782
0.0017404 53782
0.0017414 53782
0.0017423 53782
0.0017433 53782
0.0017442 53782
0.0017452 53782
0.0017461 53782
0.001747 53782
0.001748 53782
0.0017489 53782
0.0017499 53782
0.0017508 53782
0.0017518 53782
0.0017527 53782
0.0017536 53782
0.0017546 53782
0.0017555 53782
0.0017565 53782
0.0017574 53782
0.0017583 53782
0.0017593 53782
0.0017602 53782
0.0017612 53782
0.0017621 53782
0.0017631 53782
0.001764 53782
0.0017649 53782
0.0017659 53782
0.0017668 53782
0.0017678 53782
0.0017687 53782
0.0017697 53782
0.0017706 53782
0.0017715 53782
0.0017725 53782
0.0017734 53782
0.0017744 53782
0.0017753 53782
0.0017763 53782
0.0017772 53782
0.0017781 53782
0.0017791 53782
0.00178 53782
0.001781 53782
0.0017819 53782
0.0017828 53782
0.0017838 53782
0.0017847 53782
0.0017857 53782
0.0017866 53782
0.0017876 53782
0.0017885 53782
0.0017894 53782
0.0017904 53782
0.0017913 53782
0.0017923 53782
0.0017932 53782
0.0017942 53782
0.0017951 53782
0.001796 53782
0.001797 53782
0.0017979 53782
0.0017989 53782
0.0017998 53782
0.0018008 53782
0.0018017 53782
0.0018026 53782
0.0018036 53782
0.0018045 53782
0.0018055 53782
0.0018064 53782
0.0018073 53782
0.0018083 53782
0.0018092 53782
0.0018102 53782
0.0018111 53782
0.0018121 53782
0.001813 53782
0.0018139 53782
0.0018149 53782
0.0018158 53782
0.0018168 53782
0.0018177 53782
0.0018187 53782
0.0018196 53782
0.0018205 53782
0.0018215 53782
0.0018224 53782
0.0018234 53782
0.0018243 53782
0.0018253 53782
0.0018262 53782
0.0018271 53782
0.0018281 53782
0.001829 53782
0.00183 53782
0.0018309 53782
0.0018318 53782
0.0018328 53782
0.0018337 53782
0.0018347 53782
0.0018356 53782
0.0018366 53782
0.0018375 53782
0.0018384 53782
0.0018394 53782
0.0018403 53782
0.0018413 53782
0.0018422 53782
0.0018432 53782
0.0018441 53782
0.001845 53782
0.001846 53782
0.0018469 53782
0.0018479 53782
0.0018488 53782
0.0018498 53782
0.0018507 53782
0.0018516 53782
0.0018526 53782
0.0018535 53782
0.0018545 53782
0.0018554 53782
0.0018563 53782
0.0018573 53782
0.0018582 53782
0.0018592 53782
0.0018601 53782
0.0018611 53782
0.001862 53782
0.0018629 53782
0.0018639 53782
0.0018648 53782
0.0018658 53782
0.0018667 53782
0.0018677 53782
0.0018686 53782
0.0018695 53782
0.0018705 53782
0.0018714 53782
0.0018724 53782
0.0018733 53782
0.0018743 53782
0.0018752 53782
0.0018761 53782
0.0018771 53782
0.001878 53782
0.001879 53782
0.0018799 53782
0.0018808 53782
0.0018818 53782
0.0018827 53782
0.0018837 53782
0.0018846 53782
0.0018856 53782
0.0018865 53782
0.0018874 53782
0.0018884 53782
0.0018893 53782
0.0018903 53782
0.0018912 53782
0.0018922 53782
0.0018931 53782
0.001894 53782
0.001895 53782
0.0018959 53782
0.0018969 53782
0.0018978 53782
0.0018988 53782
0.0018997 53782
0.0019006 53782
0.0019016 53782
0.0019025 53782
0.0019035 53782
0.0019044 53782
0.0019053 53782
0.0019063 53782
0.0019072 53782
0.0019082 53782
0.0019091 53782
0.0019101 53782
0.001911 53782
0.0019119 53782
0.0019129 53782
0.0019138 53782
0.0019148 53782
0.0019157 53782
0.0019167 53782
0.0019176 53782
0.0019185 53782
0.0019195 53782
0.0019204 53782
0.0019214 53782
0.0019223 53782
0.0019233 53782
0.0019242 53782
0.0019251 53782
0.0019261 53782
0.001927 53782
0.001928 53782
0.0019289 53782
0.0019298 53782
0.0019308 53782
0.0019317 53782
0.0019327 53782
0.0019336 53782
0.0019346 53782
0.0019355 53782
0.0019364 53782
0.0019374 53782
0.0019383 53782
0.0019393 53782
0.0019402 53782
0.0019412 53782
0.0019421 53782
0.001943 53782
0.001944 53782
0.0019449 53782
0.0019459 53782
0.0019468 53782
0.0019478 53782
0.0019487 53782
0.0019496 53782
0.0019506 53782
0.0019515 53782
0.0019525 53782
0.0019534 53782
0.0019543 53782
0.0019553 53782
0.0019562 53782
0.0019572 53782
0.0019581 53782
0.0019591 53782
0.00196 53782
0.0019609 53782
0.0019619 53782
0.0019628 53782
0.0019638 53782
0.0019647 53782
0.0019657 53782
0.0019666 53782
0.0019675 53782
0.0019685 53782
0.0019694 53782
0.0019704 53782
0.0019713 53782
0.0019723 53782
0.0019732 53782
0.0019741 53782
0.0019751 53782
0.001976 53782
0.001977 53782
0.0019779 53782
0.0019788 53782
0.0019798 53782
0.0019807 53782
0.0019817 53782
0.0019826 53782
0.0019836 53782
0.0019845 53782
0.0019854 53782
0.0019864 53782
0.0019873 53782
0.0019883 53782
0.0019892 53782
0.0019902 53782
0.0019911 53782
0.001992 53782
0.001993 53782
0.0019939 53782
0.0019949 53782
0.0019958 53782
0.0019968 53782
0.0019977 53782
0.0019986 53782
0.0019996 53782
0.0020005 53782
0.0020015 53782
0.0020024 53782
0.0020033 53782
0.0020043 53782
0.0020052 53782
0.0020062 53782
0.0020071 53782
0.0020081 53782
0.002009 53782
0.0020099 53782
0.0020109 53782
0.0020118 53782
0.0020128 53782
0.0020137 53782
0.0020147 53782
0.0020156 53782
0.0020165 53782
0.0020175 53782
0.0020184 53782
0.0020194 53782
0.0020203 53782
0.0020213 53782
0.0020222 53782
0.0020231 53782
0.0020241 53782
0.002025 53782
0.002026 53782
0.0020269 53782
0.0020278 53782
0.0020288 53782
0.0020297 53782
0.0020307 53782
0.0020316 53782
0.0020326 53782
0.0020335 53782
0.0020344 53782
0.0020354 53782
0.0020363 53782
0.0020373 53782
0.0020382 53782
0.0020392 53782
0.0020401 53782
0.002041 53782
0.002042 53782
0.0020429 53782
0.0020439 53782
0.0020448 53782
0.0020458 53782
0.0020467 53782
0.0020476 53782
0.0020486 53782
0.0020495 53782
0.0020505 53782
0.0020514 53782
0.0020523 53782
0.0020533 53782
0.0020542 53782
0.0020552 53782
0.0020561 53782
0.0020571 53782
0.002058 53782
0.0020589 53782
0.0020599 53782
0.0020608 53782
0.0020618 53782
0.0020627 53782
0.0020637 53782
0.0020646 53782
0.0020655 53782
0.0020665 53782
0.0020674 53782
0.0020684 53782
0.0020693 53782
0.0020703 53782
0.0020712 53782
0.0020721 53782
0.0020731 53782
0.002074 53782
0.002075 53782
0.0020759 53782
0.0020768 53782
0.0020778 53782
0.0020787 53782
0.0020797 53782
0.0020806 53782
0.0020816 53782
0.0020825 53782
0.0020834 53782
0.0020844 53782
0.0020853 53782
0.0020863 53782
0.0020872 53782
0.0020882 53782
0.0020891 53782
0.00209 53782
0.002091 53782
0.0020919 53782
0.0020929 53782
0.0020938 53782
0.0020948 53782
0.0020957 53782
0.0020966 53782
0.0020976 53782
0.0020985 53782
0.0020995 53782
0.0021004 53782
0.0021013 53782
0.0021023 53782
0.0021032 53782
0.0021042 53782
0.0021051 53782
0.0021061 53782
0.002107 53782
0.0021079 53782
0.0021089 53782
0.0021098 53782
0.0021108 53782
0.0021117 53782
0.0021127 53782
0.0021136 53782
0.0021145 53782
0.0021155 53782
0.0021164 53782
0.0021174 53782
0.0021183 53782
0.0021193 53782
0.0021202 53782
0.0021211 53782
0.0021221 53782
0.002123 53782
0.002124 53782
0.0021249 53782
0.0021258 53782
0.0021268 53782
0.0021277 53782
0.0021287 53782
0.0021296 53782
0.0021306 53782
0.0021315 53782
0.0021324 53782
0.0021334 53782
0.0021343 53782
0.0021353 53782
0.0021362 53782
0.0021372 53782
0.0021381 53782
0.002139 53782
0.00214 53782
0.0021409 53782
0.0021419 53782
0.0021428 53782
0.0021438 53782
0.0021447 53782
0.0021456 53782
0.0021466 53782
0.0021475 53782
0.0021485 53782
0.0021494 53782
0.0021503 53782
0.0021513 53782
0.0021522 53782
0.0021532 53782
0.0021541 53782
0.0021551 53782
0.002156 53782
0.0021569 53782
0.0021579 53782
0.0021588 53782
0.0021598 53782
0.0021607 53782
0.0021617 53782
0.0021626 53782
0.0021635 53782
0.0021645 53782
0.0021654 53782
0.0021664 53782
0.0021673 53782
0.0021683 53782
0.0021692 53782
0.0021701 53782
0.0021711 53782
0.002172 53782
0.002173 53782
0.0021739 53782
0.0021748 53782
0.0021758 53782
0.0021767 53782
0.0021777 53782
0.0021786 53782
0.0021796 53782
0.0021805 53782
0.0021814 53782
0.0021824 53782
0.0021833 53782
0.0021843 53782
0.0021852 53782
0.0021862 53782
0.0021871 53782
0.002188 53782
0.002189 53782
0.0021899 53782
0.0021909 53782
0.0021918 53782
0.0021928 53782
0.0021937 53782
0.0021946 53782
0.0021956 53782
0.0021965 53782
0.0021975 53782
0.0021984 53782
0.0021993 53782
0.0022003 53782
0.0022012 53782
0.0022022 53782
0.0022031 53782
0.0022041 53782
0.002205 53782
0.0022059 53782
0.0022069 53782
0.0022078 53782
0.0022088 53782
0.0022097 53782
0.0022107 53782
0.0022116 53782
0.0022125 53782
0.0022135 53782
0.0022144 53782
0.0022154 53782
0.0022163 53782
0.0022173 53782
0.0022182 53782
0.0022191 53782
0.0022201 53782
0.002221 53782
0.002222 53782
0.0022229 53782
0.0022238 53782
0.0022248 53782
0.0022257 53782
0.0022267 53782
0.0022276 53782
0.0022286 53782
0.0022295 53782
0.0022304 53782
0.0022314 53782
0.0022323 53782
0.0022333 53782
0.0022342 53782
0.0022352 53782
0.0022361 53782
0.002237 53782
0.002238 53782
0.0022389 53782
0.0022399 53782
0.0022408 53782
0.0022418 53782
0.0022427 53782
0.0022436 53782
0.0022446 53782
0.0022455 53782
0.0022465 53782
0.0022474 53782
0.0022483 53782
0.0022493 53782
0.0022502 53782
0.0022512 53782
0.0022521 53782
0.0022531 53782
0.002254 53782
0.0022549 53782
0.0022559 53782
0.0022568 53782
0.0022578 53782
0.0022587 53782
0.0022597 53782
0.0022606 53782
0.0022615 53782
0.0022625 53782
0.0022634 53782
0.0022644 53782
0.0022653 53782
0.0022663 53782
0.0022672 53782
0.0022681 53782
0.0022691 53782
0.00227 53782
0.002271 53782
0.0022719 53782
0.0022728 53782
0.0022738 53782
0.0022747 53782
0.0022757 53782
0.0022766 53782
0.0022776 53782
0.0022785 53782
0.0022794 53782
0.0022804 53782
0.0022813 53782
0.0022823 53782
0.0022832 53782
0.0022842 53782
0.0022851 53782
0.002286 53782
0.002287 53782
0.0022879 53782
0.0022889 53782
0.0022898 53782
0.0022908 53782
0.0022917 53782
0.0022926 53782
0.0022936 53782
0.0022945 53782
0.0022955 53782
0.0022964 53782
0.0022973 53782
0.0022983 53782
0.0022992 53782
0.0023002 53782
0.0023011 53782
0.0023021 53782
0.002303 53782
0.0023039 53782
0.0023049 53782
0.0023058 53782
0.0023068 53782
0.0023077 53782
0.0023087 53782
0.0023096 53782
0.0023105 53782
0.0023115 53782
0.0023124 53782
0.0023134 53782
0.0023143 53782
0.0023153 53782
0.0023162 53782
0.0023171 53782
0.0023181 53782
0.002319 53782
0.00232 53782
0.0023209 53782
0.0023218 53782
0.0023228 53782
0.0023237 53782
0.0023247 53782
0.0023256 53782
0.0023266 53782
0.0023275 53782
0.0023284 53782
0.0023294 53782
0.0023303 53782
0.0023313 53782
0.0023322 53782
0.0023332 53782
0.0023341 53782
0.002335 53782
0.002336 53782
0.0023369 53782
0.0023379 53782
0.0023388 53782
0.0023398 53782
0.0023407 53782
0.0023416 53782
0.0023426 53782
0.0023435 53782
0.0023445 53782
0.0023454 53782
0.0023463 53782
0.0023473 53782
0.0023482 53782
0.0023492 53782
0.0023501 53782
0.0023511 53782
0.002352 53782
0.0023529 53782
0.0023539 53782
0.0023548 53782
0.0023558 53782
0.0023567 53782
0.0023577 53782
0.0023586 53782
0.0023595 53782
0.0023605 53782
0.0023614 53782
0.0023624 53782
0.0023633 53782
0.0023643 53782
0.0023652 53782
0.0023661 53782
0.0023671 53782
0.002368 53782
0.002369 53782
0.0023699 53782
0.0023708 53782
0.0023718 53782
0.0023727 53782
0.0023737 53782
0.0023746 53782
0.0023756 53782
0.0023765 53782
0.0023774 53782
0.0023784 53782
0.0023793 53782
0.0023803 53782
0.0023812 53782
0.0023822 53782
0.0023831 53782
0.002384 53782
0.002385 53782
0.0023859 53782
0.0023869 53782
0.0023878 53782
0.0023888 53782
0.0023897 53782
0.0023906 53782
0.0023916 53782
0.0023925 53782
0.0023935 53782
0.0023944 53782
0.0023953 53782
0.0023963 53782
0.0023972 53782
0.0023982 53782
0.0023991 53782
0.0024001 53782
0.002401 53782
0.0024019 53782
0.0024029 53782
0.0024038 53782
0.0024048 53782
0.0024057 53782
0.0024067 53782
0.0024076 53782
0.0024085 53782
0.0024095 53782
0.0024104 53782
0.0024114 53782
0.0024123 53782
0.0024133 53782
0.0024142 53782
0.0024151 53782
0.0024161 53782
0.002417 53782
0.002418 53782
0.0024189 53782
0.0024198 53782
0.0024208 53782
0.0024217 53782
0.0024227 53782
0.0024236 53782
0.0024246 53782
0.0024255 53782
0.0024264 53782
0.0024274 53782
0.0024283 53782
0.0024293 53782
0.0024302 53782
0.0024312 53782
0.0024321 53782
0.002433 53782
0.002434 53782
0.0024349 53782
0.0024359 53782
0.0024368 53782
0.0024378 53782
0.0024387 53782
0.0024396 53782
0.0024406 53782
0.0024415 53782
0.0024425 53782
0.0024434 53782
0.0024443 53782
0.0024453 53782
0.0024462 53782
0.0024472 53782
0.0024481 53782
0.0024491 53782
0.00245 53782
0.0024509 53782
0.0024519 53782
0.0024528 53782
0.0024538 53782
0.0024547 53782
0.0024557 53782
0.0024566 53782
0.0024575 53782
0.0024585 53782
0.0024594 53782
0.0024604 53782
0.0024613 53782
0.0024623 53782
0.0024632 53782
0.0024641 53782
0.0024651 53782
0.002466 53782
0.002467 53782
0.0024679 53782
0.0024688 53782
0.0024698 53782
0.0024707 53782
0.0024717 53782
0.0024726 53782
0.0024736 53782
0.0024745 53782
0.0024754 53782
0.0024764 53782
0.0024773 53782
0.0024783 53782
0.0024792 53782
0.0024802 53782
0.0024811 53782
0.002482 53782
0.002483 53782
0.0024839 53782
0.0024849 53782
0.0024858 53782
0.0024868 53782
0.0024877 53782
0.0024886 53782
0.0024896 53782
0.0024905 53782
0.0024915 53782
0.0024924 53782
0.0024933 53782
0.0024943 53782
0.0024952 53782
0.0024962 53782
0.0024971 53782
0.0024981 53782
0.002499 53782
0.0024999 53782
0.0025009 53782
0.0025018 53782
0.0025028 53782
0.0025037 53782
0.0025047 53782
0.0025056 53782
0.0025065 53782
0.0025075 53782
0.0025084 53782
0.0025094 53782
0.0025103 53782
0.0025113 53782
0.0025122 53782
0.0025131 53782
0.0025141 53782
0.002515 53782
0.002516 53782
0.0025169 53782
0.0025178 53782
0.0025188 53782
0.0025197 53782
0.0025207 53782
0.0025216 53782
0.0025226 53782
0.0025235 53782
0.0025244 53782
0.0025254 53782
0.0025263 53782
0.0025273 53782
0.0025282 53782
0.0025292 53782
0.0025301 53782
0.002531 53782
0.002532 53782
0.0025329 53782
0.0025339 53782
0.0025348 53782
0.0025358 53782
0.0025367 53782
0.0025376 53782
0.0025386 53782
0.0025395 53782
0.0025405 53782
0.0025414 53782
0.0025423 53782
0.0025433 53782
0.0025442 53782
0.0025452 53782
0.0025461 53782
0.0025471 53782
0.002548 53782
0.0025489 53782
0.0025499 53782
0.0025508 53782
0.0025518 53782
0.0025527 53782
0.0025537 53782
0.0025546 53782
0.0025555 53782
0.0025565 53782
0.0025574 53782
0.0025584 53782
0.0025593 53782
0.0025603 53782
0.0025612 53782
0.0025621 53782
0.0025631 53782
0.002564 53782
0.002565 53782
0.0025659 53782
0.0025668 53782
0.0025678 53782
0.0025687 53782
0.0025697 53782
0.0025706 53782
0.0025716 53782
0.0025725 53782
0.0025734 53782
0.0025744 53782
0.0025753 53782
0.0025763 53782
0.0025772 53782
0.0025782 53782
0.0025791 53782
0.00258 53782
0.002581 53782
0.0025819 53782
0.0025829 53782
0.0025838 53782
0.0025848 53782
0.0025857 53782
0.0025866 53782
0.0025876 53782
0.0025885 53782
0.0025895 53782
0.0025904 53782
0.0025913 53782
0.0025923 53782
0.0025932 53782
0.0025942 53782
0.0025951 53782
0.0025961 53782
0.002597 53782
0.0025979 53782
0.0025989 53782
0.0025998 53782
0.0026008 53782
0.0026017 53782
0.0026027 53782
0.0026036 53782
0.0026045 53782
0.0026055 53782
0.0026064 53782
0.0026074 53782
0.0026083 53782
0.0026093 53782
0.0026102 53782
0.0026111 53782
0.0026121 53782
0.002613 53782
0.002614 53782
0.0026149 53782
0.0026158 53782
0.0026168 53782
0.0026177 53782
0.0026187 53782
0.0026196 53782
0.0026206 53782
0.0026215 53782
0.0026224 53782
0.0026234 53782
0.0026243 53782
0.0026253 53782
0.0026262 53782
0.0026272 53782
0.0026281 53782
0.002629 53782
0.00263 53782
0.0026309 53782
0.0026319 53782
0.0026328 53782
0.0026338 53782
0.0026347 53782
0.0026356 53782
0.0026366 53782
0.0026375 53782
0.0026385 53782
0.0026394 53782
0.0026403 53782
0.0026413 53782
0.0026422 53782
0.0026432 53782
0.0026441 53782
0.0026451 53782
0.002646 53782
0.0026469 53782
0.0026479 53782
0.0026488 53782
0.0026498 53782
0.0026507 53782
0.0026517 53782
0.0026526 53782
0.0026535 53782
0.0026545 53782
0.0026554 53782
0.0026564 53782
0.0026573 53782
0.0026583 53782
0.0026592 53782
0.0026601 53782
0.0026611 53782
0.002662 53782
0.002663 53782
0.0026639 53782
0.0026648 53782
0.0026658 53782
0.0026667 53782
0.0026677 53782
0.0026686 53782
0.0026696 53782
0.0026705 53782
0.0026714 53782
0.0026724 53782
0.0026733 53782
0.0026743 53782
0.0026752 53782
0.0026762 53782
0.0026771 53782
0.002678 53782
0.002679 53782
0.0026799 53782
0.0026809 53782
0.0026818 53782
0.0026828 53782
0.0026837 53782
0.0026846 53782
0.0026856 53782
0.0026865 53782
0.0026875 53782
0.0026884 53782
0.0026893 53782
0.0026903 53782
0.0026912 53782
0.0026922 53782
0.0026931 53782
0.0026941 53782
0.002695 53782
0.0026959 53782
0.0026969 53782
0.0026978 53782
0.0026988 53782
0.0026997 53782
0.0027007 53782
0.0027016 53782
0.0027025 53782
0.0027035 53782
0.0027044 53782
0.0027054 53782
0.0027063 53782
0.0027073 53782
0.0027082 53782
0.0027091 53782
0.0027101 53782
0.002711 53782
0.002712 53782
0.0027129 53782
0.0027138 53782
0.0027148 53782
0.0027157 53782
0.0027167 53782
0.0027176 53782
0.0027186 53782
0.0027195 53782
0.0027204 53782
0.0027214 53782
0.0027223 53782
0.0027233 53782
0.0027242 53782
0.0027252 53782
0.0027261 53782
0.002727 53782
0.002728 53782
0.0027289 53782
0.0027299 53782
0.0027308 53782
0.0027318 53782
0.0027327 53782
0.0027336 53782
0.0027346 53782
0.0027355 53782
0.0027365 53782
0.0027374 53782
0.0027383 53782
0.0027393 53782
0.0027402 53782
0.0027412 53782
0.0027421 53782
0.0027431 53782
0.002744 53782
0.0027449 53782
0.0027459 53782
0.0027468 53782
0.0027478 53782
0.0027487 53782
0.0027497 53782
0.0027506 53782
0.0027515 53782
0.0027525 53782
0.0027534 53782
0.0027544 53782
0.0027553 53782
0.0027563 53782
0.0027572 53782
0.0027581 53782
0.0027591 53782
0.00276 53782
0.002761 53782
0.0027619 53782
0.0027628 53782
0.0027638 53782
0.0027647 53782
0.0027657 53782
0.0027666 53782
0.0027676 53782
0.0027685 53782
0.0027694 53782
0.0027704 53782
0.0027713 53782
0.0027723 53782
0.0027732 53782
0.0027742 53782
0.0027751 53782
0.002776 53782
0.002777 53782
0.0027779 53782
0.0027789 53782
0.0027798 53782
0.0027808 53782
0.0027817 53782
0.0027826 53782
0.0027836 53782
0.0027845 53782
0.0027855 53782
0.0027864 53782
0.0027873 53782
0.0027883 53782
0.0027892 53782
0.0027902 53782
0.0027911 53782
0.0027921 53782
0.002793 53782
0.0027939 53782
0.0027949 53782
0.0027958 53782
0.0027968 53782
0.0027977 53782
0.0027987 53782
0.0027996 53782
0.0028005 53782
0.0028015 53782
0.0028024 53782
0.0028034 53782
0.0028043 53782
0.0028053 53782
0.0028062 53782
0.0028071 53782
0.0028081 53782
0.002809 53782
0.00281 53782
0.0028109 53782
0.0028118 53782
0.0028128 53782
0.0028137 53782
0.0028147 53782
0.0028156 53782
0.0028166 53782
0.0028175 53782
0.0028184 53782
0.0028194 53782
0.0028203 53782
0.0028213 53782
0.0028222 53782
0.0028232 53782
0.0028241 53782
0.002825 53782
0.002826 53782
0.0028269 53782
0.0028279 53782
0.0028288 53782
0.0028298 53782
0.0028307 53782
0.0028316 53782
0.0028326 53782
0.0028335 53782
0.0028345 53782
0.0028354 53782
0.0028363 53782
0.0028373 53782
0.0028382 53782
0.0028392 53782
0.0028401 53782
0.0028411 53782
0.002842 53782
0.0028429 53782
0.0028439 53782
0.0028448 53782
0.0028458 53782
0.0028467 53782
0.0028477 53782
0.0028486 53782
0.0028495 53782
0.0028505 53782
0.0028514 53782
0.0028524 53782
0.0028533 53782
0.0028543 53782
0.0028552 53782
0.0028561 53782
0.0028571 53782
0.002858 53782
0.002859 53782
0.0028599 53782
0.0028608 53782
0.0028618 53782
0.0028627 53782
0.0028637 53782
0.0028646 53782
0.0028656 53782
0.0028665 53782
0.0028674 53782
0.0028684 53782
0.0028693 53782
0.0028703 53782
0.0028712 53782
0.0028722 53782
0.0028731 53782
0.002874 53782
0.002875 53782
0.0028759 53782
0.0028769 53782
0.0028778 53782
0.0028788 53782
0.0028797 53782
0.0028806 53782
0.0028816 53782
0.0028825 53782
0.0028835 53782
0.0028844 53782
0.0028853 53782
0.0028863 53782
0.0028872 53782
0.0028882 53782
0.0028891 53782
0.0028901 53782
0.002891 53782
0.0028919 53782
0.0028929 53782
0.0028938 53782
0.0028948 53782
0.0028957 53782
0.0028967 53782
0.0028976 53782
0.0028985 53782
0.0028995 53782
0.0029004 53782
0.0029014 53782
0.0029023 53782
0.0029033 53782
0.0029042 53782
0.0029051 53782
0.0029061 53782
0.002907 53782
0.002908 53782
0.0029089 53782
0.0029098 53782
0.0029108 53782
0.0029117 53782
0.0029127 53782
0.0029136 53782
0.0029146 53782
0.0029155 53782
0.0029164 53782
0.0029174 53782
0.0029183 53782
0.0029193 53782
0.0029202 53782
0.0029212 53782
0.0029221 53782
0.002923 53782
0.002924 53782
0.0029249 53782
0.0029259 53782
0.0029268 53782
0.0029278 53782
0.0029287 53782
0.0029296 53782
0.0029306 53782
0.0029315 53782
0.0029325 53782
0.0029334 53782
0.0029343 53782
0.0029353 53782
0.0029362 53782
0.0029372 53782
0.0029381 53782
0.0029391 53782
0.00294 53782
0.0029409 53782
0.0029419 53782
0.0029428 53782
0.0029438 53782
0.0029447 53782
0.0029457 53782
0.0029466 53782
0.0029475 53782
0.0029485 53782
0.0029494 53782
0.0029504 53782
0.0029513 53782
0.0029523 53782
0.0029532 53782
0.0029541 53782
0.0029551 53782
0.002956 53782
0.002957 53782
0.0029579 53782
0.0029588 53782
0.0029598 53782
0.0029607 53782
0.0029617 53782
0.0029626 53782
0.0029636 53782
0.0029645 53782
0.0029654 53782
0.0029664 53782
0.0029673 53782
0.0029683 53782
0.0029692 53782
0.0029702 53782
0.0029711 53782
0.002972 53782
0.002973 53782
0.0029739 53782
0.0029749 53782
0.0029758 53782
0.0029768 53782
0.0029777 53782
0.0029786 53782
0.0029796 53782
0.0029805 53782
0.0029815 53782
0.0029824 53782
0.0029833 53782
0.0029843 53782
0.0029852 53782
0.0029862 53782
0.0029871 53782
0.0029881 53782
0.002989 53782
0.0029899 53782
0.0029909 53782
0.0029918 53782
0.0029928 53782
0.0029937 53782
0.0029947 53782
0.0029956 53782
0.0029965 53782
0.0029975 53782
0.0029984 53782
0.0029994 53782
0.0030003 53782
0.0030013 53782
0.0030022 53782
0.0030031 53782
0.0030041 53782
0.003005 53782
0.003006 53782
0.0030069 53782
0.0030078 53782
0.0030088 53782
0.0030097 53782
0.0030107 53782
0.0030116 53782
0.0030126 53782
0.0030135 53782
0.0030144 53782
0.0030154 53782
0.0030163 53782
0.0030173 53782
0.0030182 53782
0.0030192 53782
0.0030201 53782
0.003021 53782
0.003022 53782
0.0030229 53782
0.0030239 53782
0.0030248 53782
0.0030258 53782
0.0030267 53782
0.0030276 53782
0.0030286 53782
0.0030295 53782
0.0030305 53782
0.0030314 53782
0.0030323 53782
0.0030333 53782
0.0030342 53782
0.0030352 53782
0.0030361 53782
0.0030371 53782
0.003038 53782
0.0030389 53782
0.0030399 53782
0.0030408 53782
0.0030418 53782
0.0030427 53782
0.0030437 53782
0.0030446 53782
0.0030455 53782
0.0030465 53782
0.0030474 53782
0.0030484 53782
0.0030493 53782
0.0030503 53782
0.0030512 53782
0.0030521 53782
0.0030531 53782
0.003054 53782
0.003055 53782
0.0030559 53782
0.0030568 53782
0.0030578 53782
0.0030587 53782
0.0030597 53782
0.0030606 53782
0.0030616 53782
0.0030625 53782
0.0030634 53782
0.0030644 53782
0.0030653 53782
0.0030663 53782
0.0030672 53782
0.0030682 53782
0.0030691 53782
0.00307 53782
0.003071 53782
0.0030719 53782
0.0030729 53782
0.0030738 53782
0.0030748 53782
0.0030757 53782
0.0030766 53782
0.0030776 53782
0.0030785 53782
0.0030795 53782
0.0030804 53782
0.0030813 53782
0.0030823 53782
0.0030832 53782
0.0030842 53782
0.0030851 53782
0.0030861 53782
0.003087 53782
0.0030879 53782
0.0030889 53782
0.0030898 53782
0.0030908 53782
0.0030917 53782
0.0030927 53782
0.0030936 53782
0.0030945 53782
0.0030955 53782
0.0030964 53782
0.0030974 53782
0.0030983 53782
0.0030993 53782
0.0031002 53782
0.0031011 53782
0.0031021 53782
0.003103 53782
0.003104 53782
0.0031049 53782
0.0031058 53782
0.0031068 53782
0.0031077 53782
0.0031087 53782
0.0031096 53782
0.0031106 53782
0.0031115 53782
0.0031124 53782
0.0031134 53782
0.0031143 53782
0.0031153 53782
0.0031162 53782
0.0031172 53782
0.0031181 53782
0.003119 53782
0.00312 53782
0.0031209 53782
0.0031219 53782
0.0031228 53782
0.0031238 53782
0.0031247 53782
0.0031256 53782
0.0031266 53782
0.0031275 53782
0.0031285 53782
0.0031294 53782
0.0031303 53782
0.0031313 53782
0.0031322 53782
0.0031332 53782
0.0031341 53782
0.0031351 53782
0.003136 53782
0.0031369 53782
0.0031379 53782
0.0031388 53782
0.0031398 53782
0.0031407 53782
0.0031417 53782
0.0031426 53782
0.0031435 53782
0.0031445 53782
0.0031454 53782
0.0031464 53782
0.0031473 53782
0.0031483 53782
0.0031492 53782
0.0031501 53782
0.0031511 53782
0.003152 53782
0.003153 53782
0.0031539 53782
0.0031548 53782
0.0031558 53782
0.0031567 53782
0.0031577 53782
0.0031586 53782
0.0031596 53782
0.0031605 53782
0.0031614 53782
0.0031624 53782
0.0031633 53782
0.0031643 53782
0.0031652 53782
0.0031662 53782
0.0031671 53782
0.003168 53782
0.003169 53782
0.0031699 53782
0.0031709 53782
0.0031718 53782
0.0031728 53782
0.0031737 53782
0.0031746 53782
0.0031756 53782
0.0031765 53782
0.0031775 53782
0.0031784 53782
0.0031793 53782
0.0031803 53782
0.0031812 53782
0.0031822 53782
0.0031831 53782
0.0031841 53782
0.003185 53782
0.0031859 53782
0.0031869 53782
0.0031878 53782
0.0031888 53782
0.0031897 53782
0.0031907 53782
0.0031916 53782
0.0031925 53782
0.0031935 53782
0.0031944 53782
0.0031954 53782
0.0031963 53782
0.0031973 53782
0.0031982 53782
0.0031991 53782
0.0032001 53782
0.003201 53782
0.003202 53782
0.0032029 53782
0.0032038 53782
0.0032048 53782
0.0032057 53782
0.0032067 53782
0.0032076 53782
0.0032086 53782
0.0032095 53782
0.0032104 53782
0.0032114 53782
0.0032123 53782
0.0032133 53782
0.0032142 53782
0.0032152 53782
0.0032161 53782
0.003217 53782
0.003218 53782
0.0032189 53782
0.0032199 53782
0.0032208 53782
0.0032218 53782
0.0032227 53782
0.0032236 53782
0.0032246 53782
0.0032255 53782
0.0032265 53782
0.0032274 53782
0.0032283 53782
0.0032293 53782
0.0032302 53782
0.0032312 53782
0.0032321 53782
0.0032331 53782
0.003234 53782
0.0032349 53782
0.0032359 53782
0.0032368 53782
0.0032378 53782
0.0032387 53782
0.0032397 53782
0.0032406 53782
0.0032415 53782
0.0032425 53782
0.0032434 53782
0.0032444 53782
0.0032453 53782
0.0032463 53782
0.0032472 53782
0.0032481 53782
0.0032491 53782
0.00325 53782
0.003251 53782
0.0032519 53782
0.0032528 53782
0.0032538 53782
0.0032547 53782
0.0032557 53782
0.0032566 53782
0.0032576 53782
0.0032585 53782
0.0032594 53782
0.0032604 53782
0.0032613 53782
0.0032623 53782
0.0032632 53782
0.0032642 53782
0.0032651 53782
0.003266 53782
0.003267 53782
0.0032679 53782
0.0032689 53782
0.0032698 53782
0.0032708 53782
0.0032717 53782
0.0032726 53782
0.0032736 53782
0.0032745 53782
0.0032755 53782
0.0032764 53782
0.0032773 53782
0.0032783 53782
0.0032792 53782
0.0032802 53782
0.0032811 53782
0.0032821 53782
0.003283 53782
0.0032839 53782
0.0032849 53782
0.0032858 53782
0.0032868 53782
0.0032877 53782
0.0032887 53782
0.0032896 53782
0.0032905 53782
0.0032915 53782
0.0032924 53782
0.0032934 53782
0.0032943 53782
0.0032953 53782
0.0032962 53782
0.0032971 53782
0.0032981 53782
1 53782
