9.4231e-07 1.1509e+07
1.8846e-06 1.1509e+07
2.8269e-06 1.1509e+07
3.7692e-06 1.1509e+07
4.7115e-06 1.1509e+07
5.6538e-06 1.1509e+07
6.5962e-06 1.1509e+07
7.5385e-06 1.1508e+07
8.4808e-06 1.1508e+07
9.4231e-06 1.1508e+07
1.0365e-05 1.1508e+07
1.1308e-05 1.1507e+07
1.225e-05 1.1506e+07
1.3192e-05 1.1505e+07
1.4135e-05 1.1504e+07
1.5077e-05 1.1501e+07
1.6019e-05 1.1498e+07
1.6962e-05 1.1492e+07
1.7904e-05 1.1485e+07
1.8846e-05 1.1475e+07
1.9788e-05 1.146e+07
2.0731e-05 1.1441e+07
2.1673e-05 1.1414e+07
2.2615e-05 1.1378e+07
2.3558e-05 1.133e+07
2.45e-05 1.1267e+07
2.5442e-05 1.1184e+07
2.6385e-05 1.1078e+07
2.7327e-05 1.0944e+07
2.8269e-05 1.0776e+07
2.9212e-05 1.0568e+07
3.0154e-05 1.0314e+07
3.1096e-05 1.001e+07
3.2038e-05 9.6515e+06
3.2981e-05 9.2351e+06
3.3923e-05 8.7608e+06
3.4865e-05 8.2307e+06
3.5808e-05 7.6503e+06
3.675e-05 7.0283e+06
3.7692e-05 6.3763e+06
3.8635e-05 5.7085e+06
3.9577e-05 5.0405e+06
4.0519e-05 4.3884e+06
4.1462e-05 3.7671e+06
4.2404e-05 3.1894e+06
4.3346e-05 2.6648e+06
4.4288e-05 2.1995e+06
4.5231e-05 1.7956e+06
4.6173e-05 1.4523e+06
4.7115e-05 1.166e+06
4.8058e-05 9.3133e+05
4.9e-05 7.4175e+05
4.9942e-05 5.9057e+05
5.0885e-05 4.7125e+05
5.1827e-05 3.7783e+05
5.2769e-05 3.0514e+05
5.3712e-05 2.4879e+05
5.4654e-05 2.0522e+05
5.5596e-05 1.7156e+05
5.6538e-05 1.4558e+05
5.7481e-05 1.2553e+05
5.8423e-05 1.1008e+05
5.9365e-05 98219
6.0308e-05 89178
6.125e-05 82380
6.2192e-05 77390
6.3135e-05 73885
6.4077e-05 71626
6.5019e-05 70435
6.5962e-05 70184
6.6904e-05 70782
6.7846e-05 72168
6.8788e-05 74304
6.9731e-05 77170
7.0673e-05 80762
7.1615e-05 85089
7.2558e-05 90171
7.35e-05 96038
7.4442e-05 1.0273e+05
7.5385e-05 1.103e+05
7.6327e-05 1.1881e+05
7.7269e-05 1.2831e+05
7.8212e-05 1.389e+05
7.9154e-05 1.5065e+05
8.0096e-05 1.6367e+05
8.1038e-05 1.7806e+05
8.1981e-05 1.9393e+05
8.2923e-05 2.1142e+05
8.3865e-05 2.3065e+05
8.4808e-05 2.5178e+05
8.575e-05 2.7496e+05
8.6692e-05 3.0037e+05
8.7635e-05 3.2817e+05
8.8577e-05 3.5855e+05
8.9519e-05 3.9172e+05
9.0462e-05 4.2786e+05
9.1404e-05 4.672e+05
9.2346e-05 5.0994e+05
9.3288e-05 5.5631e+05
9.4231e-05 6.0653e+05
9.5173e-05 6.6082e+05
9.6115e-05 7.1942e+05
9.7058e-05 7.8254e+05
9.8e-05 8.5041e+05
9.8942e-05 9.2323e+05
9.9885e-05 1.0012e+06
0.00010083 1.0845e+06
0.00010177 1.1734e+06
0.00010271 1.2679e+06
0.00010365 1.3683e+06
0.0001046 1.4746e+06
0.00010554 1.587e+06
0.00010648 1.7054e+06
0.00010742 1.83e+06
0.00010837 1.9607e+06
0.00010931 2.0976e+06
0.00011025 2.2405e+06
0.00011119 2.3894e+06
0.00011213 2.5441e+06
0.00011308 2.7045e+06
0.00011402 2.8704e+06
0.00011496 3.0415e+06
0.0001159 3.2176e+06
0.00011685 3.3984e+06
0.00011779 3.5835e+06
0.00011873 3.7726e+06
0.00011967 3.9653e+06
0.00012062 4.1612e+06
0.00012156 4.3599e+06
0.0001225 4.5609e+06
0.00012344 4.7639e+06
0.00012438 4.9682e+06
0.00012533 5.1736e+06
0.00012627 5.3795e+06
0.00012721 5.5854e+06
0.00012815 5.7909e+06
0.0001291 5.9956e+06
0.00013004 6.199e+06
0.00013098 6.4007e+06
0.00013192 6.6003e+06
0.00013287 6.7974e+06
0.00013381 6.9917e+06
0.00013475 7.1827e+06
0.00013569 7.3703e+06
0.00013663 7.5541e+06
0.00013758 7.7339e+06
0.00013852 7.9094e+06
0.00013946 8.0804e+06
0.0001404 8.2467e+06
0.00014135 8.4082e+06
0.00014229 8.5648e+06
0.00014323 8.7164e+06
0.00014417 8.8628e+06
0.00014512 9.0041e+06
0.00014606 9.1401e+06
0.000147 9.271e+06
0.00014794 9.3967e+06
0.00014888 9.5172e+06
0.00014983 9.6326e+06
0.00015077 9.743e+06
0.00015171 9.8484e+06
0.00015265 9.9489e+06
0.0001536 1.0045e+07
0.00015454 1.0136e+07
0.00015548 1.0222e+07
0.00015642 1.0304e+07
0.00015737 1.0382e+07
0.00015831 1.0456e+07
0.00015925 1.0526e+07
0.00016019 1.0591e+07
0.00016113 1.0654e+07
0.00016208 1.0712e+07
0.00016302 1.0767e+07
0.00016396 1.0819e+07
0.0001649 1.0868e+07
0.00016585 1.0913e+07
0.00016679 1.0956e+07
0.00016773 1.0996e+07
0.00016867 1.1034e+07
0.00016962 1.1069e+07
0.00017056 1.1102e+07
0.0001715 1.1133e+07
0.00017244 1.1161e+07
0.00017338 1.1188e+07
0.00017433 1.1213e+07
0.00017527 1.1236e+07
0.00017621 1.1257e+07
0.00017715 1.1277e+07
0.0001781 1.1296e+07
0.00017904 1.1313e+07
0.00017998 1.1329e+07
0.00018092 1.1344e+07
0.00018187 1.1357e+07
0.00018281 1.137e+07
0.00018375 1.1381e+07
0.00018469 1.1392e+07
0.00018563 1.1402e+07
0.00018658 1.1411e+07
0.00018752 1.142e+07
0.00018846 1.1427e+07
0.0001894 1.1434e+07
0.00019035 1.1441e+07
0.00019129 1.1447e+07
0.00019223 1.1452e+07
0.00019317 1.1457e+07
0.00019412 1.1462e+07
0.00019506 1.1466e+07
0.000196 1.147e+07
0.00019694 1.1474e+07
0.00019788 1.1477e+07
0.00019883 1.148e+07
0.00019977 1.1483e+07
0.00020071 1.1485e+07
0.00020165 1.1487e+07
0.0002026 1.1489e+07
0.00020354 1.1491e+07
0.00020448 1.1493e+07
0.00020542 1.1494e+07
0.00020637 1.1496e+07
0.00020731 1.1497e+07
0.00020825 1.1498e+07
0.00020919 1.1499e+07
0.00021013 1.15e+07
0.00021108 1.1501e+07
0.00021202 1.1502e+07
0.00021296 1.1502e+07
0.0002139 1.1503e+07
0.00021485 1.1504e+07
0.00021579 1.1504e+07
0.00021673 1.1505e+07
0.00021767 1.1505e+07
0.00021862 1.1505e+07
0.00021956 1.1506e+07
0.0002205 1.1506e+07
0.00022144 1.1506e+07
0.00022238 1.1507e+07
0.00022333 1.1507e+07
0.00022427 1.1507e+07
0.00022521 1.1507e+07
0.00022615 1.1507e+07
0.0002271 1.1508e+07
0.00022804 1.1508e+07
0.00022898 1.1508e+07
0.00022992 1.1508e+07
0.00023087 1.1508e+07
0.00023181 1.1508e+07
0.00023275 1.1508e+07
0.00023369 1.1508e+07
0.00023463 1.1508e+07
0.00023558 1.1508e+07
0.00023652 1.1508e+07
0.00023746 1.1508e+07
0.0002384 1.1508e+07
0.00023935 1.1508e+07
0.00024029 1.1508e+07
0.00024123 1.1508e+07
0.00024217 1.1509e+07
0.00024312 1.1509e+07
0.00024406 1.1509e+07
0.000245 1.1509e+07
0.00024594 1.1509e+07
0.00024688 1.1509e+07
0.00024783 1.1509e+07
0.00024877 1.1509e+07
0.00024971 1.1509e+07
0.00025065 1.1509e+07
0.0002516 1.1509e+07
0.00025254 1.1509e+07
0.00025348 1.1509e+07
0.00025442 1.1509e+07
0.00025537 1.1509e+07
0.00025631 1.1509e+07
0.00025725 1.1509e+07
0.00025819 1.1509e+07
0.00025913 1.1509e+07
0.00026008 1.1509e+07
0.00026102 1.1509e+07
0.00026196 1.1509e+07
0.0002629 1.1509e+07
0.00026385 1.1509e+07
0.00026479 1.1509e+07
0.00026573 1.1509e+07
0.00026667 1.1509e+07
0.00026762 1.1509e+07
0.00026856 1.1509e+07
0.0002695 1.1509e+07
0.00027044 1.1509e+07
0.00027138 1.1509e+07
0.00027233 1.1509e+07
0.00027327 1.1509e+07
0.00027421 1.1509e+07
0.00027515 1.1509e+07
0.0002761 1.1509e+07
0.00027704 1.1509e+07
0.00027798 1.1509e+07
0.00027892 1.1509e+07
0.00027987 1.1509e+07
0.00028081 1.1509e+07
0.00028175 1.1509e+07
0.00028269 1.1509e+07
0.00028363 1.1509e+07
0.00028458 1.1509e+07
0.00028552 1.1509e+07
0.00028646 1.1509e+07
0.0002874 1.1509e+07
0.00028835 1.1509e+07
0.00028929 1.1509e+07
0.00029023 1.1509e+07
0.00029117 1.1509e+07
0.00029212 1.1509e+07
0.00029306 1.1509e+07
0.000294 1.1509e+07
0.00029494 1.1509e+07
0.00029588 1.1509e+07
0.00029683 1.1509e+07
0.00029777 1.1509e+07
0.00029871 1.1509e+07
0.00029965 1.1509e+07
0.0003006 1.1509e+07
0.00030154 1.1509e+07
0.00030248 1.1509e+07
0.00030342 1.1509e+07
0.00030437 1.1509e+07
0.00030531 1.1509e+07
0.00030625 1.1509e+07
0.00030719 1.1509e+07
0.00030813 1.1509e+07
0.00030908 1.1509e+07
0.00031002 1.1509e+07
0.00031096 1.1509e+07
0.0003119 1.1509e+07
0.00031285 1.1509e+07
0.00031379 1.1509e+07
0.00031473 1.1509e+07
0.00031567 1.1509e+07
0.00031662 1.1509e+07
0.00031756 1.1509e+07
0.0003185 1.1509e+07
0.00031944 1.1509e+07
0.00032038 1.1509e+07
0.00032133 1.1509e+07
0.00032227 1.1509e+07
0.00032321 1.1509e+07
0.00032415 1.1509e+07
0.0003251 1.1509e+07
0.00032604 1.1509e+07
0.00032698 1.1509e+07
0.00032792 1.1509e+07
0.00032887 1.1509e+07
0.00032981 1.1509e+07
0.00033075 1.1509e+07
0.00033169 1.1509e+07
0.00033263 1.1509e+07
0.00033358 1.1509e+07
0.00033452 1.1509e+07
0.00033546 1.1509e+07
0.0003364 1.1509e+07
0.00033735 1.1509e+07
0.00033829 1.1509e+07
0.00033923 1.1509e+07
0.00034017 1.1509e+07
0.00034112 1.1509e+07
0.00034206 1.1509e+07
0.000343 1.1509e+07
0.00034394 1.1509e+07
0.00034488 1.1509e+07
0.00034583 1.1509e+07
0.00034677 1.1509e+07
0.00034771 1.1509e+07
0.00034865 1.1509e+07
0.0003496 1.1509e+07
0.00035054 1.1509e+07
0.00035148 1.1509e+07
0.00035242 1.1509e+07
0.00035337 1.1509e+07
0.00035431 1.1509e+07
0.00035525 1.1509e+07
0.00035619 1.1509e+07
0.00035713 1.1509e+07
0.00035808 1.1509e+07
0.00035902 1.1509e+07
0.00035996 1.1509e+07
0.0003609 1.1509e+07
0.00036185 1.1509e+07
0.00036279 1.1509e+07
0.00036373 1.1509e+07
0.00036467 1.1509e+07
0.00036562 1.1509e+07
0.00036656 1.1509e+07
0.0003675 1.1509e+07
0.00036844 1.1509e+07
0.00036938 1.1509e+07
0.00037033 1.1509e+07
0.00037127 1.1509e+07
0.00037221 1.1509e+07
0.00037315 1.1509e+07
0.0003741 1.1509e+07
0.00037504 1.1509e+07
0.00037598 1.1509e+07
0.00037692 1.1509e+07
0.00037787 1.1509e+07
0.00037881 1.1509e+07
0.00037975 1.1509e+07
0.00038069 1.1509e+07
0.00038163 1.1509e+07
0.00038258 1.1509e+07
0.00038352 1.1509e+07
0.00038446 1.1509e+07
0.0003854 1.1509e+07
0.00038635 1.1509e+07
0.00038729 1.1509e+07
0.00038823 1.1509e+07
0.00038917 1.1509e+07
0.00039012 1.1509e+07
0.00039106 1.1509e+07
0.000392 1.1509e+07
0.00039294 1.1509e+07
0.00039388 1.1509e+07
0.00039483 1.1509e+07
0.00039577 1.1509e+07
0.00039671 1.1509e+07
0.00039765 1.1509e+07
0.0003986 1.1509e+07
0.00039954 1.1509e+07
0.00040048 1.1509e+07
0.00040142 1.1509e+07
0.00040237 1.1509e+07
0.00040331 1.1509e+07
0.00040425 1.1509e+07
0.00040519 1.1509e+07
0.00040613 1.1509e+07
0.00040708 1.1509e+07
0.00040802 1.1509e+07
0.00040896 1.1509e+07
0.0004099 1.1509e+07
0.00041085 1.1509e+07
0.00041179 1.1509e+07
0.00041273 1.1509e+07
0.00041367 1.1509e+07
0.00041462 1.1509e+07
0.00041556 1.1509e+07
0.0004165 1.1509e+07
0.00041744 1.1509e+07
0.00041838 1.1509e+07
0.00041933 1.1509e+07
0.00042027 1.1509e+07
0.00042121 1.1509e+07
0.00042215 1.1509e+07
0.0004231 1.1509e+07
0.00042404 1.1509e+07
0.00042498 1.1509e+07
0.00042592 1.1509e+07
0.00042687 1.1509e+07
0.00042781 1.1509e+07
0.00042875 1.1509e+07
0.00042969 1.1509e+07
0.00043063 1.1509e+07
0.00043158 1.1509e+07
0.00043252 1.1509e+07
0.00043346 1.1509e+07
0.0004344 1.1509e+07
0.00043535 1.1509e+07
0.00043629 1.1509e+07
0.00043723 1.1509e+07
0.00043817 1.1509e+07
0.00043912 1.1509e+07
0.00044006 1.1509e+07
0.000441 1.1509e+07
0.00044194 1.1509e+07
0.00044288 1.1509e+07
0.00044383 1.1509e+07
0.00044477 1.1509e+07
0.00044571 1.1509e+07
0.00044665 1.1509e+07
0.0004476 1.1509e+07
0.00044854 1.1509e+07
0.00044948 1.1509e+07
0.00045042 1.1509e+07
0.00045137 1.1509e+07
0.00045231 1.1509e+07
0.00045325 1.1509e+07
0.00045419 1.1509e+07
0.00045513 1.1509e+07
0.00045608 1.1509e+07
0.00045702 1.1509e+07
0.00045796 1.1509e+07
0.0004589 1.1509e+07
0.00045985 1.1509e+07
0.00046079 1.1509e+07
0.00046173 1.1509e+07
0.00046267 1.1509e+07
0.00046362 1.1509e+07
0.00046456 1.1509e+07
0.0004655 1.1509e+07
0.00046644 1.1509e+07
0.00046738 1.1509e+07
0.00046833 1.1509e+07
0.00046927 1.1509e+07
0.00047021 1.1509e+07
0.00047115 1.1509e+07
0.0004721 1.1509e+07
0.00047304 1.1509e+07
0.00047398 1.1509e+07
0.00047492 1.1509e+07
0.00047587 1.1509e+07
0.00047681 1.1509e+07
0.00047775 1.1509e+07
0.00047869 1.1509e+07
0.00047963 1.1509e+07
0.00048058 1.1509e+07
0.00048152 1.1509e+07
0.00048246 1.1509e+07
0.0004834 1.1509e+07
0.00048435 1.1509e+07
0.00048529 1.1509e+07
0.00048623 1.1509e+07
0.00048717 1.1509e+07
0.00048812 1.1509e+07
0.00048906 1.1509e+07
0.00049 1.1509e+07
0.00049094 1.1509e+07
0.00049188 1.1509e+07
0.00049283 1.1509e+07
0.00049377 1.1509e+07
0.00049471 1.1509e+07
0.00049565 1.1509e+07
0.0004966 1.1509e+07
0.00049754 1.1509e+07
0.00049848 1.1509e+07
0.00049942 1.1509e+07
0.00050037 1.1509e+07
0.00050131 1.1509e+07
0.00050225 1.1509e+07
0.00050319 1.1509e+07
0.00050413 1.1509e+07
0.00050508 1.1509e+07
0.00050602 1.1509e+07
0.00050696 1.1509e+07
0.0005079 1.1509e+07
0.00050885 1.1509e+07
0.00050979 1.1509e+07
0.00051073 1.1509e+07
0.00051167 1.1509e+07
0.00051262 1.1509e+07
0.00051356 1.1509e+07
0.0005145 1.1509e+07
0.00051544 1.1509e+07
0.00051638 1.1509e+07
0.00051733 1.1509e+07
0.00051827 1.1509e+07
0.00051921 1.1509e+07
0.00052015 1.1509e+07
0.0005211 1.1509e+07
0.00052204 1.1509e+07
0.00052298 1.1509e+07
0.00052392 1.1509e+07
0.00052487 1.1509e+07
0.00052581 1.1509e+07
0.00052675 1.1509e+07
0.00052769 1.1509e+07
0.00052863 1.1509e+07
0.00052958 1.1509e+07
0.00053052 1.1509e+07
0.00053146 1.1509e+07
0.0005324 1.1509e+07
0.00053335 1.1509e+07
0.00053429 1.1509e+07
0.00053523 1.1509e+07
0.00053617 1.1509e+07
0.00053712 1.1509e+07
0.00053806 1.1509e+07
0.000539 1.1509e+07
0.00053994 1.1509e+07
0.00054088 1.1509e+07
0.00054183 1.1509e+07
0.00054277 1.1509e+07
0.00054371 1.1509e+07
0.00054465 1.1509e+07
0.0005456 1.1509e+07
0.00054654 1.1509e+07
0.00054748 1.1509e+07
0.00054842 1.1509e+07
0.00054937 1.1509e+07
0.00055031 1.1509e+07
0.00055125 1.1509e+07
0.00055219 1.1509e+07
0.00055313 1.1509e+07
0.00055408 1.1509e+07
0.00055502 1.1509e+07
0.00055596 1.1509e+07
0.0005569 1.1509e+07
0.00055785 1.1509e+07
0.00055879 1.1509e+07
0.00055973 1.1509e+07
0.00056067 1.1509e+07
0.00056162 1.1509e+07
0.00056256 1.1509e+07
0.0005635 1.1509e+07
0.00056444 1.1509e+07
0.00056538 1.1509e+07
0.00056633 1.1509e+07
0.00056727 1.1509e+07
0.00056821 1.1509e+07
0.00056915 1.1509e+07
0.0005701 1.1509e+07
0.00057104 1.1509e+07
0.00057198 1.1509e+07
0.00057292 1.1509e+07
0.00057387 1.1509e+07
0.00057481 1.1509e+07
0.00057575 1.1509e+07
0.00057669 1.1509e+07
0.00057763 1.1509e+07
0.00057858 1.1509e+07
0.00057952 1.1509e+07
0.00058046 1.1509e+07
0.0005814 1.1509e+07
0.00058235 1.1509e+07
0.00058329 1.1509e+07
0.00058423 1.1509e+07
0.00058517 1.1509e+07
0.00058612 1.1509e+07
0.00058706 1.1509e+07
0.000588 1.1509e+07
0.00058894 1.1509e+07
0.00058988 1.1509e+07
0.00059083 1.1509e+07
0.00059177 1.1509e+07
0.00059271 1.1509e+07
0.00059365 1.1509e+07
0.0005946 1.1509e+07
0.00059554 1.1509e+07
0.00059648 1.1509e+07
0.00059742 1.1509e+07
0.00059837 1.1509e+07
0.00059931 1.1509e+07
0.00060025 1.1509e+07
0.00060119 1.1509e+07
0.00060213 1.1509e+07
0.00060308 1.1509e+07
0.00060402 1.1509e+07
0.00060496 1.1509e+07
0.0006059 1.1509e+07
0.00060685 1.1509e+07
0.00060779 1.1509e+07
0.00060873 1.1509e+07
0.00060967 1.1509e+07
0.00061062 1.1509e+07
0.00061156 1.1509e+07
0.0006125 1.1509e+07
0.00061344 1.1509e+07
0.00061438 1.1509e+07
0.00061533 1.1509e+07
0.00061627 1.1509e+07
0.00061721 1.1509e+07
0.00061815 1.1509e+07
0.0006191 1.1509e+07
0.00062004 1.1509e+07
0.00062098 1.1509e+07
0.00062192 1.1509e+07
0.00062287 1.1509e+07
0.00062381 1.1509e+07
0.00062475 1.1509e+07
0.00062569 1.1509e+07
0.00062663 1.1509e+07
0.00062758 1.1509e+07
0.00062852 1.1509e+07
0.00062946 1.1509e+07
0.0006304 1.1509e+07
0.00063135 1.1509e+07
0.00063229 1.1509e+07
0.00063323 1.1509e+07
0.00063417 1.1509e+07
0.00063512 1.1509e+07
0.00063606 1.1509e+07
0.000637 1.1509e+07
0.00063794 1.1509e+07
0.00063888 1.1509e+07
0.00063983 1.1509e+07
0.00064077 1.1509e+07
0.00064171 1.1509e+07
0.00064265 1.1509e+07
0.0006436 1.1509e+07
0.00064454 1.1509e+07
0.00064548 1.1509e+07
0.00064642 1.1509e+07
0.00064737 1.1509e+07
0.00064831 1.1509e+07
0.00064925 1.1509e+07
0.00065019 1.1509e+07
0.00065113 1.1509e+07
0.00065208 1.1509e+07
0.00065302 1.1509e+07
0.00065396 1.1509e+07
0.0006549 1.1509e+07
0.00065585 1.1509e+07
0.00065679 1.1509e+07
0.00065773 1.1509e+07
0.00065867 1.1509e+07
0.00065962 1.1509e+07
0.00066056 1.1509e+07
0.0006615 1.1509e+07
0.00066244 1.1509e+07
0.00066338 1.1509e+07
0.00066433 1.1509e+07
0.00066527 1.1509e+07
0.00066621 1.1509e+07
0.00066715 1.1509e+07
0.0006681 1.1509e+07
0.00066904 1.1509e+07
0.00066998 1.1509e+07
0.00067092 1.1509e+07
0.00067187 1.1509e+07
0.00067281 1.1509e+07
0.00067375 1.1509e+07
0.00067469 1.1509e+07
0.00067563 1.1509e+07
0.00067658 1.1509e+07
0.00067752 1.1509e+07
0.00067846 1.1509e+07
0.0006794 1.1509e+07
0.00068035 1.1509e+07
0.00068129 1.1509e+07
0.00068223 1.1509e+07
0.00068317 1.1509e+07
0.00068412 1.1509e+07
0.00068506 1.1509e+07
0.000686 1.1509e+07
0.00068694 1.1509e+07
0.00068788 1.1509e+07
0.00068883 1.1509e+07
0.00068977 1.1509e+07
0.00069071 1.1509e+07
0.00069165 1.1509e+07
0.0006926 1.1509e+07
0.00069354 1.1509e+07
0.00069448 1.1509e+07
0.00069542 1.1509e+07
0.00069637 1.1509e+07
0.00069731 1.1509e+07
0.00069825 1.1509e+07
0.00069919 1.1509e+07
0.00070013 1.1509e+07
0.00070108 1.1509e+07
0.00070202 1.1509e+07
0.00070296 1.1509e+07
0.0007039 1.1509e+07
0.00070485 1.1509e+07
0.00070579 1.1509e+07
0.00070673 1.1509e+07
0.00070767 1.1509e+07
0.00070862 1.1509e+07
0.00070956 1.1509e+07
0.0007105 1.1509e+07
0.00071144 1.1509e+07
0.00071238 1.1509e+07
0.00071333 1.1509e+07
0.00071427 1.1509e+07
0.00071521 1.1509e+07
0.00071615 1.1509e+07
0.0007171 1.1509e+07
0.00071804 1.1509e+07
0.00071898 1.1509e+07
0.00071992 1.1509e+07
0.00072087 1.1509e+07
0.00072181 1.1509e+07
0.00072275 1.1509e+07
0.00072369 1.1509e+07
0.00072463 1.1509e+07
0.00072558 1.1509e+07
0.00072652 1.1509e+07
0.00072746 1.1509e+07
0.0007284 1.1509e+07
0.00072935 1.1509e+07
0.00073029 1.1509e+07
0.00073123 1.1509e+07
0.00073217 1.1509e+07
0.00073312 1.1509e+07
0.00073406 1.1509e+07
0.000735 1.1509e+07
0.00073594 1.1509e+07
0.00073688 1.1509e+07
0.00073783 1.1509e+07
0.00073877 1.1509e+07
0.00073971 1.1509e+07
0.00074065 1.1509e+07
0.0007416 1.1509e+07
0.00074254 1.1509e+07
0.00074348 1.1509e+07
0.00074442 1.1509e+07
0.00074537 1.1509e+07
0.00074631 1.1509e+07
0.00074725 1.1509e+07
0.00074819 1.1509e+07
0.00074913 1.1509e+07
0.00075008 1.1509e+07
0.00075102 1.1509e+07
0.00075196 1.1509e+07
0.0007529 1.1509e+07
0.00075385 1.1509e+07
0.00075479 1.1509e+07
0.00075573 1.1509e+07
0.00075667 1.1509e+07
0.00075762 1.1509e+07
0.00075856 1.1509e+07
0.0007595 1.1509e+07
0.00076044 1.1509e+07
0.00076138 1.1509e+07
0.00076233 1.1509e+07
0.00076327 1.1509e+07
0.00076421 1.1509e+07
0.00076515 1.1509e+07
0.0007661 1.1509e+07
0.00076704 1.1509e+07
0.00076798 1.1509e+07
0.00076892 1.1509e+07
0.00076987 1.1509e+07
0.00077081 1.1509e+07
0.00077175 1.1509e+07
0.00077269 1.1509e+07
0.00077363 1.1509e+07
0.00077458 1.1509e+07
0.00077552 1.1509e+07
0.00077646 1.1509e+07
0.0007774 1.1509e+07
0.00077835 1.1509e+07
0.00077929 1.1509e+07
0.00078023 1.1509e+07
0.00078117 1.1509e+07
0.00078212 1.1509e+07
0.00078306 1.1509e+07
0.000784 1.1509e+07
0.00078494 1.1509e+07
0.00078588 1.1509e+07
0.00078683 1.1509e+07
0.00078777 1.1509e+07
0.00078871 1.1509e+07
0.00078965 1.1509e+07
0.0007906 1.1509e+07
0.00079154 1.1509e+07
0.00079248 1.1509e+07
0.00079342 1.1509e+07
0.00079437 1.1509e+07
0.00079531 1.1509e+07
0.00079625 1.1509e+07
0.00079719 1.1509e+07
0.00079813 1.1509e+07
0.00079908 1.1509e+07
0.00080002 1.1509e+07
0.00080096 1.1509e+07
0.0008019 1.1509e+07
0.00080285 1.1509e+07
0.00080379 1.1509e+07
0.00080473 1.1509e+07
0.00080567 1.1509e+07
0.00080662 1.1509e+07
0.00080756 1.1509e+07
0.0008085 1.1509e+07
0.00080944 1.1509e+07
0.00081038 1.1509e+07
0.00081133 1.1509e+07
0.00081227 1.1509e+07
0.00081321 1.1509e+07
0.00081415 1.1509e+07
0.0008151 1.1509e+07
0.00081604 1.1509e+07
0.00081698 1.1509e+07
0.00081792 1.1509e+07
0.00081887 1.1509e+07
0.00081981 1.1509e+07
0.00082075 1.1509e+07
0.00082169 1.1509e+07
0.00082263 1.1509e+07
0.00082358 1.1509e+07
0.00082452 1.1509e+07
0.00082546 1.1509e+07
0.0008264 1.1509e+07
0.00082735 1.1509e+07
0.00082829 1.1509e+07
0.00082923 1.1509e+07
0.00083017 1.1509e+07
0.00083112 1.1509e+07
0.00083206 1.1509e+07
0.000833 1.1509e+07
0.00083394 1.1509e+07
0.00083488 1.1509e+07
0.00083583 1.1509e+07
0.00083677 1.1509e+07
0.00083771 1.1509e+07
0.00083865 1.1509e+07
0.0008396 1.1509e+07
0.00084054 1.1509e+07
0.00084148 1.1509e+07
0.00084242 1.1509e+07
0.00084337 1.1509e+07
0.00084431 1.1509e+07
0.00084525 1.1509e+07
0.00084619 1.1509e+07
0.00084713 1.1509e+07
0.00084808 1.1509e+07
0.00084902 1.1509e+07
0.00084996 1.1509e+07
0.0008509 1.1509e+07
0.00085185 1.1509e+07
0.00085279 1.1509e+07
0.00085373 1.1509e+07
0.00085467 1.1509e+07
0.00085562 1.1509e+07
0.00085656 1.1509e+07
0.0008575 1.1509e+07
0.00085844 1.1509e+07
0.00085938 1.1509e+07
0.00086033 1.1509e+07
0.00086127 1.1509e+07
0.00086221 1.1509e+07
0.00086315 1.1509e+07
0.0008641 1.1509e+07
0.00086504 1.1509e+07
0.00086598 1.1509e+07
0.00086692 1.1509e+07
0.00086787 1.1509e+07
0.00086881 1.1509e+07
0.00086975 1.1509e+07
0.00087069 1.1509e+07
0.00087163 1.1509e+07
0.00087258 1.1509e+07
0.00087352 1.1509e+07
0.00087446 1.1509e+07
0.0008754 1.1509e+07
0.00087635 1.1509e+07
0.00087729 1.1509e+07
0.00087823 1.1509e+07
0.00087917 1.1509e+07
0.00088012 1.1509e+07
0.00088106 1.1509e+07
0.000882 1.1509e+07
0.00088294 1.1509e+07
0.00088388 1.1509e+07
0.00088483 1.1509e+07
0.00088577 1.1509e+07
0.00088671 1.1509e+07
0.00088765 1.1509e+07
0.0008886 1.1509e+07
0.00088954 1.1509e+07
0.00089048 1.1509e+07
0.00089142 1.1509e+07
0.00089237 1.1509e+07
0.00089331 1.1509e+07
0.00089425 1.1509e+07
0.00089519 1.1509e+07
0.00089613 1.1509e+07
0.00089708 1.1509e+07
0.00089802 1.1509e+07
0.00089896 1.1509e+07
0.0008999 1.1509e+07
0.00090085 1.1509e+07
0.00090179 1.1509e+07
0.00090273 1.1509e+07
0.00090367 1.1509e+07
0.00090462 1.1509e+07
0.00090556 1.1509e+07
0.0009065 1.1509e+07
0.00090744 1.1509e+07
0.00090838 1.1509e+07
0.00090933 1.1509e+07
0.00091027 1.1509e+07
0.00091121 1.1509e+07
0.00091215 1.1509e+07
0.0009131 1.1509e+07
0.00091404 1.1509e+07
0.00091498 1.1509e+07
0.00091592 1.1509e+07
0.00091687 1.1509e+07
0.00091781 1.1509e+07
0.00091875 1.1509e+07
0.00091969 1.1509e+07
0.00092063 1.1509e+07
0.00092158 1.1509e+07
0.00092252 1.1509e+07
0.00092346 1.1509e+07
0.0009244 1.1509e+07
0.00092535 1.1509e+07
0.00092629 1.1509e+07
0.00092723 1.1509e+07
0.00092817 1.1509e+07
0.00092912 1.1509e+07
0.00093006 1.1509e+07
0.000931 1.1509e+07
0.00093194 1.1509e+07
0.00093288 1.1509e+07
0.00093383 1.1509e+07
0.00093477 1.1509e+07
0.00093571 1.1509e+07
0.00093665 1.1509e+07
0.0009376 1.1509e+07
0.00093854 1.1509e+07
0.00093948 1.1509e+07
0.00094042 1.1509e+07
0.00094137 1.1509e+07
0.00094231 1.1509e+07
0.00094325 1.1509e+07
0.00094419 1.1509e+07
0.00094513 1.1509e+07
0.00094608 1.1509e+07
0.00094702 1.1509e+07
0.00094796 1.1509e+07
0.0009489 1.1509e+07
0.00094985 1.1509e+07
0.00095079 1.1509e+07
0.00095173 1.1509e+07
0.00095267 1.1509e+07
0.00095362 1.1509e+07
0.00095456 1.1509e+07
0.0009555 1.1509e+07
0.00095644 1.1509e+07
0.00095738 1.1509e+07
0.00095833 1.1509e+07
0.00095927 1.1509e+07
0.00096021 1.1509e+07
0.00096115 1.1509e+07
0.0009621 1.1509e+07
0.00096304 1.1509e+07
0.00096398 1.1509e+07
0.00096492 1.1509e+07
0.00096587 1.1509e+07
0.00096681 1.1509e+07
0.00096775 1.1509e+07
0.00096869 1.1509e+07
0.00096963 1.1509e+07
0.00097058 1.1509e+07
0.00097152 1.1509e+07
0.00097246 1.1509e+07
0.0009734 1.1509e+07
0.00097435 1.1509e+07
0.00097529 1.1509e+07
0.00097623 1.1509e+07
0.00097717 1.1509e+07
0.00097812 1.1509e+07
0.00097906 1.1509e+07
0.00098 1.1509e+07
0.00098094 1.1509e+07
0.00098188 1.1509e+07
0.00098283 1.1509e+07
0.00098377 1.1509e+07
0.00098471 1.1509e+07
0.00098565 1.1509e+07
0.0009866 1.1509e+07
0.00098754 1.1509e+07
0.00098848 1.1509e+07
0.00098942 1.1509e+07
0.00099037 1.1509e+07
0.00099131 1.1509e+07
0.00099225 1.1509e+07
0.00099319 1.1509e+07
0.00099413 1.1509e+07
0.00099508 1.1509e+07
0.00099602 1.1509e+07
0.00099696 1.1509e+07
0.0009979 1.1509e+07
0.00099885 1.1509e+07
0.00099979 1.1509e+07
0.0010007 1.1509e+07
0.0010017 1.1509e+07
0.0010026 1.1509e+07
0.0010036 1.1509e+07
0.0010045 1.1509e+07
0.0010054 1.1509e+07
0.0010064 1.1509e+07
0.0010073 1.1509e+07
0.0010083 1.1509e+07
0.0010092 1.1509e+07
0.0010102 1.1509e+07
0.0010111 1.1509e+07
0.001012 1.1509e+07
0.001013 1.1509e+07
0.0010139 1.1509e+07
0.0010149 1.1509e+07
0.0010158 1.1509e+07
0.0010168 1.1509e+07
0.0010177 1.1509e+07
0.0010186 1.1509e+07
0.0010196 1.1509e+07
0.0010205 1.1509e+07
0.0010215 1.1509e+07
0.0010224 1.1509e+07
0.0010233 1.1509e+07
0.0010243 1.1509e+07
0.0010252 1.1509e+07
0.0010262 1.1509e+07
0.0010271 1.1509e+07
0.0010281 1.1509e+07
0.001029 1.1509e+07
0.0010299 1.1509e+07
0.0010309 1.1509e+07
0.0010318 1.1509e+07
0.0010328 1.1509e+07
0.0010337 1.1509e+07
0.0010347 1.1509e+07
0.0010356 1.1509e+07
0.0010365 1.1509e+07
0.0010375 1.1509e+07
0.0010384 1.1509e+07
0.0010394 1.1509e+07
0.0010403 1.1509e+07
0.0010413 1.1509e+07
0.0010422 1.1509e+07
0.0010431 1.1509e+07
0.0010441 1.1509e+07
0.001045 1.1509e+07
0.001046 1.1509e+07
0.0010469 1.1509e+07
0.0010478 1.1509e+07
0.0010488 1.1509e+07
0.0010497 1.1509e+07
0.0010507 1.1509e+07
0.0010516 1.1509e+07
0.0010526 1.1509e+07
0.0010535 1.1509e+07
0.0010544 1.1509e+07
0.0010554 1.1509e+07
0.0010563 1.1509e+07
0.0010573 1.1509e+07
0.0010582 1.1509e+07
0.0010592 1.1509e+07
0.0010601 1.1509e+07
0.001061 1.1509e+07
0.001062 1.1509e+07
0.0010629 1.1509e+07
0.0010639 1.1509e+07
0.0010648 1.1509e+07
0.0010658 1.1509e+07
0.0010667 1.1509e+07
0.0010676 1.1509e+07
0.0010686 1.1509e+07
0.0010695 1.1509e+07
0.0010705 1.1509e+07
0.0010714 1.1509e+07
0.0010723 1.1509e+07
0.0010733 1.1509e+07
0.0010742 1.1509e+07
0.0010752 1.1509e+07
0.0010761 1.1509e+07
0.0010771 1.1509e+07
0.001078 1.1509e+07
0.0010789 1.1509e+07
0.0010799 1.1509e+07
0.0010808 1.1509e+07
0.0010818 1.1509e+07
0.0010827 1.1509e+07
0.0010837 1.1509e+07
0.0010846 1.1509e+07
0.0010855 1.1509e+07
0.0010865 1.1509e+07
0.0010874 1.1509e+07
0.0010884 1.1509e+07
0.0010893 1.1509e+07
0.0010903 1.1509e+07
0.0010912 1.1509e+07
0.0010921 1.1509e+07
0.0010931 1.1509e+07
0.001094 1.1509e+07
0.001095 1.1509e+07
0.0010959 1.1509e+07
0.0010968 1.1509e+07
0.0010978 1.1509e+07
0.0010987 1.1509e+07
0.0010997 1.1509e+07
0.0011006 1.1509e+07
0.0011016 1.1509e+07
0.0011025 1.1509e+07
0.0011034 1.1509e+07
0.0011044 1.1509e+07
0.0011053 1.1509e+07
0.0011063 1.1509e+07
0.0011072 1.1509e+07
0.0011082 1.1509e+07
0.0011091 1.1509e+07
0.00111 1.1509e+07
0.001111 1.1509e+07
0.0011119 1.1509e+07
0.0011129 1.1509e+07
0.0011138 1.1509e+07
0.0011148 1.1509e+07
0.0011157 1.1509e+07
0.0011166 1.1509e+07
0.0011176 1.1509e+07
0.0011185 1.1509e+07
0.0011195 1.1509e+07
0.0011204 1.1509e+07
0.0011213 1.1509e+07
0.0011223 1.1509e+07
0.0011232 1.1509e+07
0.0011242 1.1509e+07
0.0011251 1.1509e+07
0.0011261 1.1509e+07
0.001127 1.1509e+07
0.0011279 1.1509e+07
0.0011289 1.1509e+07
0.0011298 1.1509e+07
0.0011308 1.1509e+07
0.0011317 1.1509e+07
0.0011327 1.1509e+07
0.0011336 1.1509e+07
0.0011345 1.1509e+07
0.0011355 1.1509e+07
0.0011364 1.1509e+07
0.0011374 1.1509e+07
0.0011383 1.1509e+07
0.0011393 1.1509e+07
0.0011402 1.1509e+07
0.0011411 1.1509e+07
0.0011421 1.1509e+07
0.001143 1.1509e+07
0.001144 1.1509e+07
0.0011449 1.1509e+07
0.0011458 1.1509e+07
0.0011468 1.1509e+07
0.0011477 1.1509e+07
0.0011487 1.1509e+07
0.0011496 1.1509e+07
0.0011506 1.1509e+07
0.0011515 1.1509e+07
0.0011524 1.1509e+07
0.0011534 1.1509e+07
0.0011543 1.1509e+07
0.0011553 1.1509e+07
0.0011562 1.1509e+07
0.0011572 1.1509e+07
0.0011581 1.1509e+07
0.001159 1.1509e+07
0.00116 1.1509e+07
0.0011609 1.1509e+07
0.0011619 1.1509e+07
0.0011628 1.1509e+07
0.0011638 1.1509e+07
0.0011647 1.1509e+07
0.0011656 1.1509e+07
0.0011666 1.1509e+07
0.0011675 1.1509e+07
0.0011685 1.1509e+07
0.0011694 1.1509e+07
0.0011703 1.1509e+07
0.0011713 1.1509e+07
0.0011722 1.1509e+07
0.0011732 1.1509e+07
0.0011741 1.1509e+07
0.0011751 1.1509e+07
0.001176 1.1509e+07
0.0011769 1.1509e+07
0.0011779 1.1509e+07
0.0011788 1.1509e+07
0.0011798 1.1509e+07
0.0011807 1.1509e+07
0.0011817 1.1509e+07
0.0011826 1.1509e+07
0.0011835 1.1509e+07
0.0011845 1.1509e+07
0.0011854 1.1509e+07
0.0011864 1.1509e+07
0.0011873 1.1509e+07
0.0011883 1.1509e+07
0.0011892 1.1509e+07
0.0011901 1.1509e+07
0.0011911 1.1509e+07
0.001192 1.1509e+07
0.001193 1.1509e+07
0.0011939 1.1509e+07
0.0011948 1.1509e+07
0.0011958 1.1509e+07
0.0011967 1.1509e+07
0.0011977 1.1509e+07
0.0011986 1.1509e+07
0.0011996 1.1509e+07
0.0012005 1.1509e+07
0.0012014 1.1509e+07
0.0012024 1.1509e+07
0.0012033 1.1509e+07
0.0012043 1.1509e+07
0.0012052 1.1509e+07
0.0012062 1.1509e+07
0.0012071 1.1509e+07
0.001208 1.1509e+07
0.001209 1.1509e+07
0.0012099 1.1509e+07
0.0012109 1.1509e+07
0.0012118 1.1509e+07
0.0012128 1.1509e+07
0.0012137 1.1509e+07
0.0012146 1.1509e+07
0.0012156 1.1509e+07
0.0012165 1.1509e+07
0.0012175 1.1509e+07
0.0012184 1.1509e+07
0.0012193 1.1509e+07
0.0012203 1.1509e+07
0.0012212 1.1509e+07
0.0012222 1.1509e+07
0.0012231 1.1509e+07
0.0012241 1.1509e+07
0.001225 1.1509e+07
0.0012259 1.1509e+07
0.0012269 1.1509e+07
0.0012278 1.1509e+07
0.0012288 1.1509e+07
0.0012297 1.1509e+07
0.0012307 1.1509e+07
0.0012316 1.1509e+07
0.0012325 1.1509e+07
0.0012335 1.1509e+07
0.0012344 1.1509e+07
0.0012354 1.1509e+07
0.0012363 1.1509e+07
0.0012373 1.1509e+07
0.0012382 1.1509e+07
0.0012391 1.1509e+07
0.0012401 1.1509e+07
0.001241 1.1509e+07
0.001242 1.1509e+07
0.0012429 1.1509e+07
0.0012438 1.1509e+07
0.0012448 1.1509e+07
0.0012457 1.1509e+07
0.0012467 1.1509e+07
0.0012476 1.1509e+07
0.0012486 1.1509e+07
0.0012495 1.1509e+07
0.0012504 1.1509e+07
0.0012514 1.1509e+07
0.0012523 1.1509e+07
0.0012533 1.1509e+07
0.0012542 1.1509e+07
0.0012552 1.1509e+07
0.0012561 1.1509e+07
0.001257 1.1509e+07
0.001258 1.1509e+07
0.0012589 1.1509e+07
0.0012599 1.1509e+07
0.0012608 1.1509e+07
0.0012618 1.1509e+07
0.0012627 1.1509e+07
0.0012636 1.1509e+07
0.0012646 1.1509e+07
0.0012655 1.1509e+07
0.0012665 1.1509e+07
0.0012674 1.1509e+07
0.0012683 1.1509e+07
0.0012693 1.1509e+07
0.0012702 1.1509e+07
0.0012712 1.1509e+07
0.0012721 1.1509e+07
0.0012731 1.1509e+07
0.001274 1.1509e+07
0.0012749 1.1509e+07
0.0012759 1.1509e+07
0.0012768 1.1509e+07
0.0012778 1.1509e+07
0.0012787 1.1509e+07
0.0012797 1.1509e+07
0.0012806 1.1509e+07
0.0012815 1.1509e+07
0.0012825 1.1509e+07
0.0012834 1.1509e+07
0.0012844 1.1509e+07
0.0012853 1.1509e+07
0.0012863 1.1509e+07
0.0012872 1.1509e+07
0.0012881 1.1509e+07
0.0012891 1.1509e+07
0.00129 1.1509e+07
0.001291 1.1509e+07
0.0012919 1.1509e+07
0.0012928 1.1509e+07
0.0012938 1.1509e+07
0.0012947 1.1509e+07
0.0012957 1.1509e+07
0.0012966 1.1509e+07
0.0012976 1.1509e+07
0.0012985 1.1509e+07
0.0012994 1.1509e+07
0.0013004 1.1509e+07
0.0013013 1.1509e+07
0.0013023 1.1509e+07
0.0013032 1.1509e+07
0.0013042 1.1509e+07
0.0013051 1.1509e+07
0.001306 1.1509e+07
0.001307 1.1509e+07
0.0013079 1.1509e+07
0.0013089 1.1509e+07
0.0013098 1.1509e+07
0.0013108 1.1509e+07
0.0013117 1.1509e+07
0.0013126 1.1509e+07
0.0013136 1.1509e+07
0.0013145 1.1509e+07
0.0013155 1.1509e+07
0.0013164 1.1509e+07
0.0013173 1.1509e+07
0.0013183 1.1509e+07
0.0013192 1.1509e+07
0.0013202 1.1509e+07
0.0013211 1.1509e+07
0.0013221 1.1509e+07
0.001323 1.1509e+07
0.0013239 1.1509e+07
0.0013249 1.1509e+07
0.0013258 1.1509e+07
0.0013268 1.1509e+07
0.0013277 1.1509e+07
0.0013287 1.1509e+07
0.0013296 1.1509e+07
0.0013305 1.1509e+07
0.0013315 1.1509e+07
0.0013324 1.1509e+07
0.0013334 1.1509e+07
0.0013343 1.1509e+07
0.0013353 1.1509e+07
0.0013362 1.1509e+07
0.0013371 1.1509e+07
0.0013381 1.1509e+07
0.001339 1.1509e+07
0.00134 1.1509e+07
0.0013409 1.1509e+07
0.0013418 1.1509e+07
0.0013428 1.1509e+07
0.0013437 1.1509e+07
0.0013447 1.1509e+07
0.0013456 1.1509e+07
0.0013466 1.1509e+07
0.0013475 1.1509e+07
0.0013484 1.1509e+07
0.0013494 1.1509e+07
0.0013503 1.1509e+07
0.0013513 1.1509e+07
0.0013522 1.1509e+07
0.0013532 1.1509e+07
0.0013541 1.1509e+07
0.001355 1.1509e+07
0.001356 1.1509e+07
0.0013569 1.1509e+07
0.0013579 1.1509e+07
0.0013588 1.1509e+07
0.0013598 1.1509e+07
0.0013607 1.1509e+07
0.0013616 1.1509e+07
0.0013626 1.1509e+07
0.0013635 1.1509e+07
0.0013645 1.1509e+07
0.0013654 1.1509e+07
0.0013663 1.1509e+07
0.0013673 1.1509e+07
0.0013682 1.1509e+07
0.0013692 1.1509e+07
0.0013701 1.1509e+07
0.0013711 1.1509e+07
0.001372 1.1509e+07
0.0013729 1.1509e+07
0.0013739 1.1509e+07
0.0013748 1.1509e+07
0.0013758 1.1509e+07
0.0013767 1.1509e+07
0.0013777 1.1509e+07
0.0013786 1.1509e+07
0.0013795 1.1509e+07
0.0013805 1.1509e+07
0.0013814 1.1509e+07
0.0013824 1.1509e+07
0.0013833 1.1509e+07
0.0013843 1.1509e+07
0.0013852 1.1509e+07
0.0013861 1.1509e+07
0.0013871 1.1509e+07
0.001388 1.1509e+07
0.001389 1.1509e+07
0.0013899 1.1509e+07
0.0013908 1.1509e+07
0.0013918 1.1509e+07
0.0013927 1.1509e+07
0.0013937 1.1509e+07
0.0013946 1.1509e+07
0.0013956 1.1509e+07
0.0013965 1.1509e+07
0.0013974 1.1509e+07
0.0013984 1.1509e+07
0.0013993 1.1509e+07
0.0014003 1.1509e+07
0.0014012 1.1509e+07
0.0014022 1.1509e+07
0.0014031 1.1509e+07
0.001404 1.1509e+07
0.001405 1.1509e+07
0.0014059 1.1509e+07
0.0014069 1.1509e+07
0.0014078 1.1509e+07
0.0014088 1.1509e+07
0.0014097 1.1509e+07
0.0014106 1.1509e+07
0.0014116 1.1509e+07
0.0014125 1.1509e+07
0.0014135 1.1509e+07
0.0014144 1.1509e+07
0.0014153 1.1509e+07
0.0014163 1.1509e+07
0.0014172 1.1509e+07
0.0014182 1.1509e+07
0.0014191 1.1509e+07
0.0014201 1.1509e+07
0.001421 1.1509e+07
0.0014219 1.1509e+07
0.0014229 1.1509e+07
0.0014238 1.1509e+07
0.0014248 1.1509e+07
0.0014257 1.1509e+07
0.0014267 1.1509e+07
0.0014276 1.1509e+07
0.0014285 1.1509e+07
0.0014295 1.1509e+07
0.0014304 1.1509e+07
0.0014314 1.1509e+07
0.0014323 1.1509e+07
0.0014333 1.1509e+07
0.0014342 1.1509e+07
0.0014351 1.1509e+07
0.0014361 1.1509e+07
0.001437 1.1509e+07
0.001438 1.1509e+07
0.0014389 1.1509e+07
0.0014398 1.1509e+07
0.0014408 1.1509e+07
0.0014417 1.1509e+07
0.0014427 1.1509e+07
0.0014436 1.1509e+07
0.0014446 1.1509e+07
0.0014455 1.1509e+07
0.0014464 1.1509e+07
0.0014474 1.1509e+07
0.0014483 1.1509e+07
0.0014493 1.1509e+07
0.0014502 1.1509e+07
0.0014512 1.1509e+07
0.0014521 1.1509e+07
0.001453 1.1509e+07
0.001454 1.1509e+07
0.0014549 1.1509e+07
0.0014559 1.1509e+07
0.0014568 1.1509e+07
0.0014578 1.1509e+07
0.0014587 1.1509e+07
0.0014596 1.1509e+07
0.0014606 1.1509e+07
0.0014615 1.1509e+07
0.0014625 1.1509e+07
0.0014634 1.1509e+07
0.0014643 1.1509e+07
0.0014653 1.1509e+07
0.0014662 1.1509e+07
0.0014672 1.1509e+07
0.0014681 1.1509e+07
0.0014691 1.1509e+07
0.00147 1.1509e+07
0.0014709 1.1509e+07
0.0014719 1.1509e+07
0.0014728 1.1509e+07
0.0014738 1.1509e+07
0.0014747 1.1509e+07
0.0014757 1.1509e+07
0.0014766 1.1509e+07
0.0014775 1.1509e+07
0.0014785 1.1509e+07
0.0014794 1.1509e+07
0.0014804 1.1509e+07
0.0014813 1.1509e+07
0.0014823 1.1509e+07
0.0014832 1.1509e+07
0.0014841 1.1509e+07
0.0014851 1.1509e+07
0.001486 1.1509e+07
0.001487 1.1509e+07
0.0014879 1.1509e+07
0.0014888 1.1509e+07
0.0014898 1.1509e+07
0.0014907 1.1509e+07
0.0014917 1.1509e+07
0.0014926 1.1509e+07
0.0014936 1.1509e+07
0.0014945 1.1509e+07
0.0014954 1.1509e+07
0.0014964 1.1509e+07
0.0014973 1.1509e+07
0.0014983 1.1509e+07
0.0014992 1.1509e+07
0.0015002 1.1509e+07
0.0015011 1.1509e+07
0.001502 1.1509e+07
0.001503 1.1509e+07
0.0015039 1.1509e+07
0.0015049 1.1509e+07
0.0015058 1.1509e+07
0.0015068 1.1509e+07
0.0015077 1.1509e+07
0.0015086 1.1509e+07
0.0015096 1.1509e+07
0.0015105 1.1509e+07
0.0015115 1.1509e+07
0.0015124 1.1509e+07
0.0015133 1.1509e+07
0.0015143 1.1509e+07
0.0015152 1.1509e+07
0.0015162 1.1509e+07
0.0015171 1.1509e+07
0.0015181 1.1509e+07
0.001519 1.1509e+07
0.0015199 1.1509e+07
0.0015209 1.1509e+07
0.0015218 1.1509e+07
0.0015228 1.1509e+07
0.0015237 1.1509e+07
0.0015247 1.1509e+07
0.0015256 1.1509e+07
0.0015265 1.1509e+07
0.0015275 1.1509e+07
0.0015284 1.1509e+07
0.0015294 1.1509e+07
0.0015303 1.1509e+07
0.0015313 1.1509e+07
0.0015322 1.1509e+07
0.0015331 1.1509e+07
0.0015341 1.1509e+07
0.001535 1.1509e+07
0.001536 1.1509e+07
0.0015369 1.1509e+07
0.0015378 1.1509e+07
0.0015388 1.1509e+07
0.0015397 1.1509e+07
0.0015407 1.1509e+07
0.0015416 1.1509e+07
0.0015426 1.1509e+07
0.0015435 1.1509e+07
0.0015444 1.1509e+07
0.0015454 1.1509e+07
0.0015463 1.1509e+07
0.0015473 1.1509e+07
0.0015482 1.1509e+07
0.0015492 1.1509e+07
0.0015501 1.1509e+07
0.001551 1.1509e+07
0.001552 1.1509e+07
0.0015529 1.1509e+07
0.0015539 1.1509e+07
0.0015548 1.1509e+07
0.0015558 1.1509e+07
0.0015567 1.1509e+07
0.0015576 1.1509e+07
0.0015586 1.1509e+07
0.0015595 1.1509e+07
0.0015605 1.1509e+07
0.0015614 1.1509e+07
0.0015623 1.1509e+07
0.0015633 1.1509e+07
0.0015642 1.1509e+07
0.0015652 1.1509e+07
0.0015661 1.1509e+07
0.0015671 1.1509e+07
0.001568 1.1509e+07
0.0015689 1.1509e+07
0.0015699 1.1509e+07
0.0015708 1.1509e+07
0.0015718 1.1509e+07
0.0015727 1.1509e+07
0.0015737 1.1509e+07
0.0015746 1.1509e+07
0.0015755 1.1509e+07
0.0015765 1.1509e+07
0.0015774 1.1509e+07
0.0015784 1.1509e+07
0.0015793 1.1509e+07
0.0015803 1.1509e+07
0.0015812 1.1509e+07
0.0015821 1.1509e+07
0.0015831 1.1509e+07
0.001584 1.1509e+07
0.001585 1.1509e+07
0.0015859 1.1509e+07
0.0015868 1.1509e+07
0.0015878 1.1509e+07
0.0015887 1.1509e+07
0.0015897 1.1509e+07
0.0015906 1.1509e+07
0.0015916 1.1509e+07
0.0015925 1.1509e+07
0.0015934 1.1509e+07
0.0015944 1.1509e+07
0.0015953 1.1509e+07
0.0015963 1.1509e+07
0.0015972 1.1509e+07
0.0015982 1.1509e+07
0.0015991 1.1509e+07
0.0016 1.1509e+07
0.001601 1.1509e+07
0.0016019 1.1509e+07
0.0016029 1.1509e+07
0.0016038 1.1509e+07
0.0016048 1.1509e+07
0.0016057 1.1509e+07
0.0016066 1.1509e+07
0.0016076 1.1509e+07
0.0016085 1.1509e+07
0.0016095 1.1509e+07
0.0016104 1.1509e+07
0.0016113 1.1509e+07
0.0016123 1.1509e+07
0.0016132 1.1509e+07
0.0016142 1.1509e+07
0.0016151 1.1509e+07
0.0016161 1.1509e+07
0.001617 1.1509e+07
0.0016179 1.1509e+07
0.0016189 1.1509e+07
0.0016198 1.1509e+07
0.0016208 1.1509e+07
0.0016217 1.1509e+07
0.0016227 1.1509e+07
0.0016236 1.1509e+07
0.0016245 1.1509e+07
0.0016255 1.1509e+07
0.0016264 1.1509e+07
0.0016274 1.1509e+07
0.0016283 1.1509e+07
0.0016293 1.1509e+07
0.0016302 1.1509e+07
0.0016311 1.1509e+07
0.0016321 1.1509e+07
0.001633 1.1509e+07
0.001634 1.1509e+07
0.0016349 1.1509e+07
0.0016358 1.1509e+07
0.0016368 1.1509e+07
0.0016377 1.1509e+07
0.0016387 1.1509e+07
0.0016396 1.1509e+07
0.0016406 1.1509e+07
0.0016415 1.1509e+07
0.0016424 1.1509e+07
0.0016434 1.1509e+07
0.0016443 1.1509e+07
0.0016453 1.1509e+07
0.0016462 1.1509e+07
0.0016472 1.1509e+07
0.0016481 1.1509e+07
0.001649 1.1509e+07
0.00165 1.1509e+07
0.0016509 1.1509e+07
0.0016519 1.1509e+07
0.0016528 1.1509e+07
0.0016538 1.1509e+07
0.0016547 1.1509e+07
0.0016556 1.1509e+07
0.0016566 1.1509e+07
0.0016575 1.1509e+07
0.0016585 1.1509e+07
0.0016594 1.1509e+07
0.0016603 1.1509e+07
0.0016613 1.1509e+07
0.0016622 1.1509e+07
0.0016632 1.1509e+07
0.0016641 1.1509e+07
0.0016651 1.1509e+07
0.001666 1.1509e+07
0.0016669 1.1509e+07
0.0016679 1.1509e+07
0.0016688 1.1509e+07
0.0016698 1.1509e+07
0.0016707 1.1509e+07
0.0016717 1.1509e+07
0.0016726 1.1509e+07
0.0016735 1.1509e+07
0.0016745 1.1509e+07
0.0016754 1.1509e+07
0.0016764 1.1509e+07
0.0016773 1.1509e+07
0.0016783 1.1509e+07
0.0016792 1.1509e+07
0.0016801 1.1509e+07
0.0016811 1.1509e+07
0.001682 1.1509e+07
0.001683 1.1509e+07
0.0016839 1.1509e+07
0.0016848 1.1509e+07
0.0016858 1.1509e+07
0.0016867 1.1509e+07
0.0016877 1.1509e+07
0.0016886 1.1509e+07
0.0016896 1.1509e+07
0.0016905 1.1509e+07
0.0016914 1.1509e+07
0.0016924 1.1509e+07
0.0016933 1.1509e+07
0.0016943 1.1509e+07
0.0016952 1.1509e+07
0.0016962 1.1509e+07
0.0016971 1.1509e+07
0.001698 1.1509e+07
0.001699 1.1509e+07
0.0016999 1.1509e+07
0.0017009 1.1509e+07
0.0017018 1.1509e+07
0.0017028 1.1509e+07
0.0017037 1.1509e+07
0.0017046 1.1509e+07
0.0017056 1.1509e+07
0.0017065 1.1509e+07
0.0017075 1.1509e+07
0.0017084 1.1509e+07
0.0017093 1.1509e+07
0.0017103 1.1509e+07
0.0017112 1.1509e+07
0.0017122 1.1509e+07
0.0017131 1.1509e+07
0.0017141 1.1509e+07
0.001715 1.1509e+07
0.0017159 1.1509e+07
0.0017169 1.1509e+07
0.0017178 1.1509e+07
0.0017188 1.1509e+07
0.0017197 1.1509e+07
0.0017207 1.1509e+07
0.0017216 1.1509e+07
0.0017225 1.1509e+07
0.0017235 1.1509e+07
0.0017244 1.1509e+07
0.0017254 1.1509e+07
0.0017263 1.1509e+07
0.0017273 1.1509e+07
0.0017282 1.1509e+07
0.0017291 1.1509e+07
0.0017301 1.1509e+07
0.001731 1.1509e+07
0.001732 1.1509e+07
0.0017329 1.1509e+07
0.0017338 1.1509e+07
0.0017348 1.1509e+07
0.0017357 1.1509e+07
0.0017367 1.1509e+07
0.0017376 1.1509e+07
0.0017386 1.1509e+07
0.0017395 1.1509e+07
0.0017404 1.1509e+07
0.0017414 1.1509e+07
0.0017423 1.1509e+07
0.0017433 1.1509e+07
0.0017442 1.1509e+07
0.0017452 1.1509e+07
0.0017461 1.1509e+07
0.001747 1.1509e+07
0.001748 1.1509e+07
0.0017489 1.1509e+07
0.0017499 1.1509e+07
0.0017508 1.1509e+07
0.0017518 1.1509e+07
0.0017527 1.1509e+07
0.0017536 1.1509e+07
0.0017546 1.1509e+07
0.0017555 1.1509e+07
0.0017565 1.1509e+07
0.0017574 1.1509e+07
0.0017583 1.1509e+07
0.0017593 1.1509e+07
0.0017602 1.1509e+07
0.0017612 1.1509e+07
0.0017621 1.1509e+07
0.0017631 1.1509e+07
0.001764 1.1509e+07
0.0017649 1.1509e+07
0.0017659 1.1509e+07
0.0017668 1.1509e+07
0.0017678 1.1509e+07
0.0017687 1.1509e+07
0.0017697 1.1509e+07
0.0017706 1.1509e+07
0.0017715 1.1509e+07
0.0017725 1.1509e+07
0.0017734 1.1509e+07
0.0017744 1.1509e+07
0.0017753 1.1509e+07
0.0017763 1.1509e+07
0.0017772 1.1509e+07
0.0017781 1.1509e+07
0.0017791 1.1509e+07
0.00178 1.1509e+07
0.001781 1.1509e+07
0.0017819 1.1509e+07
0.0017828 1.1509e+07
0.0017838 1.1509e+07
0.0017847 1.1509e+07
0.0017857 1.1509e+07
0.0017866 1.1509e+07
0.0017876 1.1509e+07
0.0017885 1.1509e+07
0.0017894 1.1509e+07
0.0017904 1.1509e+07
0.0017913 1.1509e+07
0.0017923 1.1509e+07
0.0017932 1.1509e+07
0.0017942 1.1509e+07
0.0017951 1.1509e+07
0.001796 1.1509e+07
0.001797 1.1509e+07
0.0017979 1.1509e+07
0.0017989 1.1509e+07
0.0017998 1.1509e+07
0.0018008 1.1509e+07
0.0018017 1.1509e+07
0.0018026 1.1509e+07
0.0018036 1.1509e+07
0.0018045 1.1509e+07
0.0018055 1.1509e+07
0.0018064 1.1509e+07
0.0018073 1.1509e+07
0.0018083 1.1509e+07
0.0018092 1.1509e+07
0.0018102 1.1509e+07
0.0018111 1.1509e+07
0.0018121 1.1509e+07
0.001813 1.1509e+07
0.0018139 1.1509e+07
0.0018149 1.1509e+07
0.0018158 1.1509e+07
0.0018168 1.1509e+07
0.0018177 1.1509e+07
0.0018187 1.1509e+07
0.0018196 1.1509e+07
0.0018205 1.1509e+07
0.0018215 1.1509e+07
0.0018224 1.1509e+07
0.0018234 1.1509e+07
0.0018243 1.1509e+07
0.0018253 1.1509e+07
0.0018262 1.1509e+07
0.0018271 1.1509e+07
0.0018281 1.1509e+07
0.001829 1.1509e+07
0.00183 1.1509e+07
0.0018309 1.1509e+07
0.0018318 1.1509e+07
0.0018328 1.1509e+07
0.0018337 1.1509e+07
0.0018347 1.1509e+07
0.0018356 1.1509e+07
0.0018366 1.1509e+07
0.0018375 1.1509e+07
0.0018384 1.1509e+07
0.0018394 1.1509e+07
0.0018403 1.1509e+07
0.0018413 1.1509e+07
0.0018422 1.1509e+07
0.0018432 1.1509e+07
0.0018441 1.1509e+07
0.001845 1.1509e+07
0.001846 1.1509e+07
0.0018469 1.1509e+07
0.0018479 1.1509e+07
0.0018488 1.1509e+07
0.0018498 1.1509e+07
0.0018507 1.1509e+07
0.0018516 1.1509e+07
0.0018526 1.1509e+07
0.0018535 1.1509e+07
0.0018545 1.1509e+07
0.0018554 1.1509e+07
0.0018563 1.1509e+07
0.0018573 1.1509e+07
0.0018582 1.1509e+07
0.0018592 1.1509e+07
0.0018601 1.1509e+07
0.0018611 1.1509e+07
0.001862 1.1509e+07
0.0018629 1.1509e+07
0.0018639 1.1509e+07
0.0018648 1.1509e+07
0.0018658 1.1509e+07
0.0018667 1.1509e+07
0.0018677 1.1509e+07
0.0018686 1.1509e+07
0.0018695 1.1509e+07
0.0018705 1.1509e+07
0.0018714 1.1509e+07
0.0018724 1.1509e+07
0.0018733 1.1509e+07
0.0018743 1.1509e+07
0.0018752 1.1509e+07
0.0018761 1.1509e+07
0.0018771 1.1509e+07
0.001878 1.1509e+07
0.001879 1.1509e+07
0.0018799 1.1509e+07
0.0018808 1.1509e+07
0.0018818 1.1509e+07
0.0018827 1.1509e+07
0.0018837 1.1509e+07
0.0018846 1.1509e+07
0.0018856 1.1509e+07
0.0018865 1.1509e+07
0.0018874 1.1509e+07
0.0018884 1.1509e+07
0.0018893 1.1509e+07
0.0018903 1.1509e+07
0.0018912 1.1509e+07
0.0018922 1.1509e+07
0.0018931 1.1509e+07
0.001894 1.1509e+07
0.001895 1.1509e+07
0.0018959 1.1509e+07
0.0018969 1.1509e+07
0.0018978 1.1509e+07
0.0018988 1.1509e+07
0.0018997 1.1509e+07
0.0019006 1.1509e+07
0.0019016 1.1509e+07
0.0019025 1.1509e+07
0.0019035 1.1509e+07
0.0019044 1.1509e+07
0.0019053 1.1509e+07
0.0019063 1.1509e+07
0.0019072 1.1509e+07
0.0019082 1.1509e+07
0.0019091 1.1509e+07
0.0019101 1.1509e+07
0.001911 1.1509e+07
0.0019119 1.1509e+07
0.0019129 1.1509e+07
0.0019138 1.1509e+07
0.0019148 1.1509e+07
0.0019157 1.1509e+07
0.0019167 1.1509e+07
0.0019176 1.1509e+07
0.0019185 1.1509e+07
0.0019195 1.1509e+07
0.0019204 1.1509e+07
0.0019214 1.1509e+07
0.0019223 1.1509e+07
0.0019233 1.1509e+07
0.0019242 1.1509e+07
0.0019251 1.1509e+07
0.0019261 1.1509e+07
0.001927 1.1509e+07
0.001928 1.1509e+07
0.0019289 1.1509e+07
0.0019298 1.1509e+07
0.0019308 1.1509e+07
0.0019317 1.1509e+07
0.0019327 1.1509e+07
0.0019336 1.1509e+07
0.0019346 1.1509e+07
0.0019355 1.1509e+07
0.0019364 1.1509e+07
0.0019374 1.1509e+07
0.0019383 1.1509e+07
0.0019393 1.1509e+07
0.0019402 1.1509e+07
0.0019412 1.1509e+07
0.0019421 1.1509e+07
0.001943 1.1509e+07
0.001944 1.1509e+07
0.0019449 1.1509e+07
0.0019459 1.1509e+07
0.0019468 1.1509e+07
0.0019478 1.1509e+07
0.0019487 1.1509e+07
0.0019496 1.1509e+07
0.0019506 1.1509e+07
0.0019515 1.1509e+07
0.0019525 1.1509e+07
0.0019534 1.1509e+07
0.0019543 1.1509e+07
0.0019553 1.1509e+07
0.0019562 1.1509e+07
0.0019572 1.1509e+07
0.0019581 1.1509e+07
0.0019591 1.1509e+07
0.00196 1.1509e+07
0.0019609 1.1509e+07
0.0019619 1.1509e+07
0.0019628 1.1509e+07
0.0019638 1.1509e+07
0.0019647 1.1509e+07
0.0019657 1.1509e+07
0.0019666 1.1509e+07
0.0019675 1.1509e+07
0.0019685 1.1509e+07
0.0019694 1.1509e+07
0.0019704 1.1509e+07
0.0019713 1.1509e+07
0.0019723 1.1509e+07
0.0019732 1.1509e+07
0.0019741 1.1509e+07
0.0019751 1.1509e+07
0.001976 1.1509e+07
0.001977 1.1509e+07
0.0019779 1.1509e+07
0.0019788 1.1509e+07
0.0019798 1.1509e+07
0.0019807 1.1509e+07
0.0019817 1.1509e+07
0.0019826 1.1509e+07
0.0019836 1.1509e+07
0.0019845 1.1509e+07
0.0019854 1.1509e+07
0.0019864 1.1509e+07
0.0019873 1.1509e+07
0.0019883 1.1509e+07
0.0019892 1.1509e+07
0.0019902 1.1509e+07
0.0019911 1.1509e+07
0.001992 1.1509e+07
0.001993 1.1509e+07
0.0019939 1.1509e+07
0.0019949 1.1509e+07
0.0019958 1.1509e+07
0.0019968 1.1509e+07
0.0019977 1.1509e+07
0.0019986 1.1509e+07
0.0019996 1.1509e+07
0.0020005 1.1509e+07
0.0020015 1.1509e+07
0.0020024 1.1509e+07
0.0020033 1.1509e+07
0.0020043 1.1509e+07
0.0020052 1.1509e+07
0.0020062 1.1509e+07
0.0020071 1.1509e+07
0.0020081 1.1509e+07
0.002009 1.1509e+07
0.0020099 1.1509e+07
0.0020109 1.1509e+07
0.0020118 1.1509e+07
0.0020128 1.1509e+07
0.0020137 1.1509e+07
0.0020147 1.1509e+07
0.0020156 1.1509e+07
0.0020165 1.1509e+07
0.0020175 1.1509e+07
0.0020184 1.1509e+07
0.0020194 1.1509e+07
0.0020203 1.1509e+07
0.0020213 1.1509e+07
0.0020222 1.1509e+07
0.0020231 1.1509e+07
0.0020241 1.1509e+07
0.002025 1.1509e+07
0.002026 1.1509e+07
0.0020269 1.1509e+07
0.0020278 1.1509e+07
0.0020288 1.1509e+07
0.0020297 1.1509e+07
0.0020307 1.1509e+07
0.0020316 1.1509e+07
0.0020326 1.1509e+07
0.0020335 1.1509e+07
0.0020344 1.1509e+07
0.0020354 1.1509e+07
0.0020363 1.1509e+07
0.0020373 1.1509e+07
0.0020382 1.1509e+07
0.0020392 1.1509e+07
0.0020401 1.1509e+07
0.002041 1.1509e+07
0.002042 1.1509e+07
0.0020429 1.1509e+07
0.0020439 1.1509e+07
0.0020448 1.1509e+07
0.0020458 1.1509e+07
0.0020467 1.1509e+07
0.0020476 1.1509e+07
0.0020486 1.1509e+07
0.0020495 1.1509e+07
0.0020505 1.1509e+07
0.0020514 1.1509e+07
0.0020523 1.1509e+07
0.0020533 1.1509e+07
0.0020542 1.1509e+07
0.0020552 1.1509e+07
0.0020561 1.1509e+07
0.0020571 1.1509e+07
0.002058 1.1509e+07
0.0020589 1.1509e+07
0.0020599 1.1509e+07
0.0020608 1.1509e+07
0.0020618 1.1509e+07
0.0020627 1.1509e+07
0.0020637 1.1509e+07
0.0020646 1.1509e+07
0.0020655 1.1509e+07
0.0020665 1.1509e+07
0.0020674 1.1509e+07
0.0020684 1.1509e+07
0.0020693 1.1509e+07
0.0020703 1.1509e+07
0.0020712 1.1509e+07
0.0020721 1.1509e+07
0.0020731 1.1509e+07
0.002074 1.1509e+07
0.002075 1.1509e+07
0.0020759 1.1509e+07
0.0020768 1.1509e+07
0.0020778 1.1509e+07
0.0020787 1.1509e+07
0.0020797 1.1509e+07
0.0020806 1.1509e+07
0.0020816 1.1509e+07
0.0020825 1.1509e+07
0.0020834 1.1509e+07
0.0020844 1.1509e+07
0.0020853 1.1509e+07
0.0020863 1.1509e+07
0.0020872 1.1509e+07
0.0020882 1.1509e+07
0.0020891 1.1509e+07
0.00209 1.1509e+07
0.002091 1.1509e+07
0.0020919 1.1509e+07
0.0020929 1.1509e+07
0.0020938 1.1509e+07
0.0020948 1.1509e+07
0.0020957 1.1509e+07
0.0020966 1.1509e+07
0.0020976 1.1509e+07
0.0020985 1.1509e+07
0.0020995 1.1509e+07
0.0021004 1.1509e+07
0.0021013 1.1509e+07
0.0021023 1.1509e+07
0.0021032 1.1509e+07
0.0021042 1.1509e+07
0.0021051 1.1509e+07
0.0021061 1.1509e+07
0.002107 1.1509e+07
0.0021079 1.1509e+07
0.0021089 1.1509e+07
0.0021098 1.1509e+07
0.0021108 1.1509e+07
0.0021117 1.1509e+07
0.0021127 1.1509e+07
0.0021136 1.1509e+07
0.0021145 1.1509e+07
0.0021155 1.1509e+07
0.0021164 1.1509e+07
0.0021174 1.1509e+07
0.0021183 1.1509e+07
0.0021193 1.1509e+07
0.0021202 1.1509e+07
0.0021211 1.1509e+07
0.0021221 1.1509e+07
0.002123 1.1509e+07
0.002124 1.1509e+07
0.0021249 1.1509e+07
0.0021258 1.1509e+07
0.0021268 1.1509e+07
0.0021277 1.1509e+07
0.0021287 1.1509e+07
0.0021296 1.1509e+07
0.0021306 1.1509e+07
0.0021315 1.1509e+07
0.0021324 1.1509e+07
0.0021334 1.1509e+07
0.0021343 1.1509e+07
0.0021353 1.1509e+07
0.0021362 1.1509e+07
0.0021372 1.1509e+07
0.0021381 1.1509e+07
0.002139 1.1509e+07
0.00214 1.1509e+07
0.0021409 1.1509e+07
0.0021419 1.1509e+07
0.0021428 1.1509e+07
0.0021438 1.1509e+07
0.0021447 1.1509e+07
0.0021456 1.1509e+07
0.0021466 1.1509e+07
0.0021475 1.1509e+07
0.0021485 1.1509e+07
0.0021494 1.1509e+07
0.0021503 1.1509e+07
0.0021513 1.1509e+07
0.0021522 1.1509e+07
0.0021532 1.1509e+07
0.0021541 1.1509e+07
0.0021551 1.1509e+07
0.002156 1.1509e+07
0.0021569 1.1509e+07
0.0021579 1.1509e+07
0.0021588 1.1509e+07
0.0021598 1.1509e+07
0.0021607 1.1509e+07
0.0021617 1.1509e+07
0.0021626 1.1509e+07
0.0021635 1.1509e+07
0.0021645 1.1509e+07
0.0021654 1.1509e+07
0.0021664 1.1509e+07
0.0021673 1.1509e+07
0.0021683 1.1509e+07
0.0021692 1.1509e+07
0.0021701 1.1509e+07
0.0021711 1.1509e+07
0.002172 1.1509e+07
0.002173 1.1509e+07
0.0021739 1.1509e+07
0.0021748 1.1509e+07
0.0021758 1.1509e+07
0.0021767 1.1509e+07
0.0021777 1.1509e+07
0.0021786 1.1509e+07
0.0021796 1.1509e+07
0.0021805 1.1509e+07
0.0021814 1.1509e+07
0.0021824 1.1509e+07
0.0021833 1.1509e+07
0.0021843 1.1509e+07
0.0021852 1.1509e+07
0.0021862 1.1509e+07
0.0021871 1.1509e+07
0.002188 1.1509e+07
0.002189 1.1509e+07
0.0021899 1.1509e+07
0.0021909 1.1509e+07
0.0021918 1.1509e+07
0.0021928 1.1509e+07
0.0021937 1.1509e+07
0.0021946 1.1509e+07
0.0021956 1.1509e+07
0.0021965 1.1509e+07
0.0021975 1.1509e+07
0.0021984 1.1509e+07
0.0021993 1.1509e+07
0.0022003 1.1509e+07
0.0022012 1.1509e+07
0.0022022 1.1509e+07
0.0022031 1.1509e+07
0.0022041 1.1509e+07
0.002205 1.1509e+07
0.0022059 1.1509e+07
0.0022069 1.1509e+07
0.0022078 1.1509e+07
0.0022088 1.1509e+07
0.0022097 1.1509e+07
0.0022107 1.1509e+07
0.0022116 1.1509e+07
0.0022125 1.1509e+07
0.0022135 1.1509e+07
0.0022144 1.1509e+07
0.0022154 1.1509e+07
0.0022163 1.1509e+07
0.0022173 1.1509e+07
0.0022182 1.1509e+07
0.0022191 1.1509e+07
0.0022201 1.1509e+07
0.002221 1.1509e+07
0.002222 1.1509e+07
0.0022229 1.1509e+07
0.0022238 1.1509e+07
0.0022248 1.1509e+07
0.0022257 1.1509e+07
0.0022267 1.1509e+07
0.0022276 1.1509e+07
0.0022286 1.1509e+07
0.0022295 1.1509e+07
0.0022304 1.1509e+07
0.0022314 1.1509e+07
0.0022323 1.1509e+07
0.0022333 1.1509e+07
0.0022342 1.1509e+07
0.0022352 1.1509e+07
0.0022361 1.1509e+07
0.002237 1.1509e+07
0.002238 1.1509e+07
0.0022389 1.1509e+07
0.0022399 1.1509e+07
0.0022408 1.1509e+07
0.0022418 1.1509e+07
0.0022427 1.1509e+07
0.0022436 1.1509e+07
0.0022446 1.1509e+07
0.0022455 1.1509e+07
0.0022465 1.1509e+07
0.0022474 1.1509e+07
0.0022483 1.1509e+07
0.0022493 1.1509e+07
0.0022502 1.1509e+07
0.0022512 1.1509e+07
0.0022521 1.1509e+07
0.0022531 1.1509e+07
0.002254 1.1509e+07
0.0022549 1.1509e+07
0.0022559 1.1509e+07
0.0022568 1.1509e+07
0.0022578 1.1509e+07
0.0022587 1.1509e+07
0.0022597 1.1509e+07
0.0022606 1.1509e+07
0.0022615 1.1509e+07
0.0022625 1.1509e+07
0.0022634 1.1509e+07
0.0022644 1.1509e+07
0.0022653 1.1509e+07
0.0022663 1.1509e+07
0.0022672 1.1509e+07
0.0022681 1.1509e+07
0.0022691 1.1509e+07
0.00227 1.1509e+07
0.002271 1.1509e+07
0.0022719 1.1509e+07
0.0022728 1.1509e+07
0.0022738 1.1509e+07
0.0022747 1.1509e+07
0.0022757 1.1509e+07
0.0022766 1.1509e+07
0.0022776 1.1509e+07
0.0022785 1.1509e+07
0.0022794 1.1509e+07
0.0022804 1.1509e+07
0.0022813 1.1509e+07
0.0022823 1.1509e+07
0.0022832 1.1509e+07
0.0022842 1.1509e+07
0.0022851 1.1509e+07
0.002286 1.1509e+07
0.002287 1.1509e+07
0.0022879 1.1509e+07
0.0022889 1.1509e+07
0.0022898 1.1509e+07
0.0022908 1.1509e+07
0.0022917 1.1509e+07
0.0022926 1.1509e+07
0.0022936 1.1509e+07
0.0022945 1.1509e+07
0.0022955 1.1509e+07
0.0022964 1.1509e+07
0.0022973 1.1509e+07
0.0022983 1.1509e+07
0.0022992 1.1509e+07
0.0023002 1.1509e+07
0.0023011 1.1509e+07
0.0023021 1.1509e+07
0.002303 1.1509e+07
0.0023039 1.1509e+07
0.0023049 1.1509e+07
0.0023058 1.1509e+07
0.0023068 1.1509e+07
0.0023077 1.1509e+07
0.0023087 1.1509e+07
0.0023096 1.1509e+07
0.0023105 1.1509e+07
0.0023115 1.1509e+07
0.0023124 1.1509e+07
0.0023134 1.1509e+07
0.0023143 1.1509e+07
0.0023153 1.1509e+07
0.0023162 1.1509e+07
0.0023171 1.1509e+07
0.0023181 1.1509e+07
0.002319 1.1509e+07
0.00232 1.1509e+07
0.0023209 1.1509e+07
0.0023218 1.1509e+07
0.0023228 1.1509e+07
0.0023237 1.1509e+07
0.0023247 1.1509e+07
0.0023256 1.1509e+07
0.0023266 1.1509e+07
0.0023275 1.1509e+07
0.0023284 1.1509e+07
0.0023294 1.1509e+07
0.0023303 1.1509e+07
0.0023313 1.1509e+07
0.0023322 1.1509e+07
0.0023332 1.1509e+07
0.0023341 1.1509e+07
0.002335 1.1509e+07
0.002336 1.1509e+07
0.0023369 1.1509e+07
0.0023379 1.1509e+07
0.0023388 1.1509e+07
0.0023398 1.1509e+07
0.0023407 1.1509e+07
0.0023416 1.1509e+07
0.0023426 1.1509e+07
0.0023435 1.1509e+07
0.0023445 1.1509e+07
0.0023454 1.1509e+07
0.0023463 1.1509e+07
0.0023473 1.1509e+07
0.0023482 1.1509e+07
0.0023492 1.1509e+07
0.0023501 1.1509e+07
0.0023511 1.1509e+07
0.002352 1.1509e+07
0.0023529 1.1509e+07
0.0023539 1.1509e+07
0.0023548 1.1509e+07
0.0023558 1.1509e+07
0.0023567 1.1509e+07
0.0023577 1.1509e+07
0.0023586 1.1509e+07
0.0023595 1.1509e+07
0.0023605 1.1509e+07
0.0023614 1.1509e+07
0.0023624 1.1509e+07
0.0023633 1.1509e+07
0.0023643 1.1509e+07
0.0023652 1.1509e+07
0.0023661 1.1509e+07
0.0023671 1.1509e+07
0.002368 1.1509e+07
0.002369 1.1509e+07
0.0023699 1.1509e+07
0.0023708 1.1509e+07
0.0023718 1.1509e+07
0.0023727 1.1509e+07
0.0023737 1.1509e+07
0.0023746 1.1509e+07
0.0023756 1.1509e+07
0.0023765 1.1509e+07
0.0023774 1.1509e+07
0.0023784 1.1509e+07
0.0023793 1.1509e+07
0.0023803 1.1509e+07
0.0023812 1.1509e+07
0.0023822 1.1509e+07
0.0023831 1.1509e+07
0.002384 1.1509e+07
0.002385 1.1509e+07
0.0023859 1.1509e+07
0.0023869 1.1509e+07
0.0023878 1.1509e+07
0.0023888 1.1509e+07
0.0023897 1.1509e+07
0.0023906 1.1509e+07
0.0023916 1.1509e+07
0.0023925 1.1509e+07
0.0023935 1.1509e+07
0.0023944 1.1509e+07
0.0023953 1.1509e+07
0.0023963 1.1509e+07
0.0023972 1.1509e+07
0.0023982 1.1509e+07
0.0023991 1.1509e+07
0.0024001 1.1509e+07
0.002401 1.1509e+07
0.0024019 1.1509e+07
0.0024029 1.1509e+07
0.0024038 1.1509e+07
0.0024048 1.1509e+07
0.0024057 1.1509e+07
0.0024067 1.1509e+07
0.0024076 1.1509e+07
0.0024085 1.1509e+07
0.0024095 1.1509e+07
0.0024104 1.1509e+07
0.0024114 1.1509e+07
0.0024123 1.1509e+07
0.0024133 1.1509e+07
0.0024142 1.1509e+07
0.0024151 1.1509e+07
0.0024161 1.1509e+07
0.002417 1.1509e+07
0.002418 1.1509e+07
0.0024189 1.1509e+07
0.0024198 1.1509e+07
0.0024208 1.1509e+07
0.0024217 1.1509e+07
0.0024227 1.1509e+07
0.0024236 1.1509e+07
0.0024246 1.1509e+07
0.0024255 1.1509e+07
0.0024264 1.1509e+07
0.0024274 1.1509e+07
0.0024283 1.1509e+07
0.0024293 1.1509e+07
0.0024302 1.1509e+07
0.0024312 1.1509e+07
0.0024321 1.1509e+07
0.002433 1.1509e+07
0.002434 1.1509e+07
0.0024349 1.1509e+07
0.0024359 1.1509e+07
0.0024368 1.1509e+07
0.0024378 1.1509e+07
0.0024387 1.1509e+07
0.0024396 1.1509e+07
0.0024406 1.1509e+07
0.0024415 1.1509e+07
0.0024425 1.1509e+07
0.0024434 1.1509e+07
0.0024443 1.1509e+07
0.0024453 1.1509e+07
0.0024462 1.1509e+07
0.0024472 1.1509e+07
0.0024481 1.1509e+07
0.0024491 1.1509e+07
0.00245 1.1509e+07
0.0024509 1.1509e+07
0.0024519 1.1509e+07
0.0024528 1.1509e+07
0.0024538 1.1509e+07
0.0024547 1.1509e+07
0.0024557 1.1509e+07
0.0024566 1.1509e+07
0.0024575 1.1509e+07
0.0024585 1.1509e+07
0.0024594 1.1509e+07
0.0024604 1.1509e+07
0.0024613 1.1509e+07
0.0024623 1.1509e+07
0.0024632 1.1509e+07
0.0024641 1.1509e+07
0.0024651 1.1509e+07
0.002466 1.1509e+07
0.002467 1.1509e+07
0.0024679 1.1509e+07
0.0024688 1.1509e+07
0.0024698 1.1509e+07
0.0024707 1.1509e+07
0.0024717 1.1509e+07
0.0024726 1.1509e+07
0.0024736 1.1509e+07
0.0024745 1.1509e+07
0.0024754 1.1509e+07
0.0024764 1.1509e+07
0.0024773 1.1509e+07
0.0024783 1.1509e+07
0.0024792 1.1509e+07
0.0024802 1.1509e+07
0.0024811 1.1509e+07
0.002482 1.1509e+07
0.002483 1.1509e+07
0.0024839 1.1509e+07
0.0024849 1.1509e+07
0.0024858 1.1509e+07
0.0024868 1.1509e+07
0.0024877 1.1509e+07
0.0024886 1.1509e+07
0.0024896 1.1509e+07
0.0024905 1.1509e+07
0.0024915 1.1509e+07
0.0024924 1.1509e+07
0.0024933 1.1509e+07
0.0024943 1.1509e+07
0.0024952 1.1509e+07
0.0024962 1.1509e+07
0.0024971 1.1509e+07
0.0024981 1.1509e+07
0.002499 1.1509e+07
0.0024999 1.1509e+07
0.0025009 1.1509e+07
0.0025018 1.1509e+07
0.0025028 1.1509e+07
0.0025037 1.1509e+07
0.0025047 1.1509e+07
0.0025056 1.1509e+07
0.0025065 1.1509e+07
0.0025075 1.1509e+07
0.0025084 1.1509e+07
0.0025094 1.1509e+07
0.0025103 1.1509e+07
0.0025113 1.1509e+07
0.0025122 1.1509e+07
0.0025131 1.1509e+07
0.0025141 1.1509e+07
0.002515 1.1509e+07
0.002516 1.1509e+07
0.0025169 1.1509e+07
0.0025178 1.1509e+07
0.0025188 1.1509e+07
0.0025197 1.1509e+07
0.0025207 1.1509e+07
0.0025216 1.1509e+07
0.0025226 1.1509e+07
0.0025235 1.1509e+07
0.0025244 1.1509e+07
0.0025254 1.1509e+07
0.0025263 1.1509e+07
0.0025273 1.1509e+07
0.0025282 1.1509e+07
0.0025292 1.1509e+07
0.0025301 1.1509e+07
0.002531 1.1509e+07
0.002532 1.1509e+07
0.0025329 1.1509e+07
0.0025339 1.1509e+07
0.0025348 1.1509e+07
0.0025358 1.1509e+07
0.0025367 1.1509e+07
0.0025376 1.1509e+07
0.0025386 1.1509e+07
0.0025395 1.1509e+07
0.0025405 1.1509e+07
0.0025414 1.1509e+07
0.0025423 1.1509e+07
0.0025433 1.1509e+07
0.0025442 1.1509e+07
0.0025452 1.1509e+07
0.0025461 1.1509e+07
0.0025471 1.1509e+07
0.002548 1.1509e+07
0.0025489 1.1509e+07
0.0025499 1.1509e+07
0.0025508 1.1509e+07
0.0025518 1.1509e+07
0.0025527 1.1509e+07
0.0025537 1.1509e+07
0.0025546 1.1509e+07
0.0025555 1.1509e+07
0.0025565 1.1509e+07
0.0025574 1.1509e+07
0.0025584 1.1509e+07
0.0025593 1.1509e+07
0.0025603 1.1509e+07
0.0025612 1.1509e+07
0.0025621 1.1509e+07
0.0025631 1.1509e+07
0.002564 1.1509e+07
0.002565 1.1509e+07
0.0025659 1.1509e+07
0.0025668 1.1509e+07
0.0025678 1.1509e+07
0.0025687 1.1509e+07
0.0025697 1.1509e+07
0.0025706 1.1509e+07
0.0025716 1.1509e+07
0.0025725 1.1509e+07
0.0025734 1.1509e+07
0.0025744 1.1509e+07
0.0025753 1.1509e+07
0.0025763 1.1509e+07
0.0025772 1.1509e+07
0.0025782 1.1509e+07
0.0025791 1.1509e+07
0.00258 1.1509e+07
0.002581 1.1509e+07
0.0025819 1.1509e+07
0.0025829 1.1509e+07
0.0025838 1.1509e+07
0.0025848 1.1509e+07
0.0025857 1.1509e+07
0.0025866 1.1509e+07
0.0025876 1.1509e+07
0.0025885 1.1509e+07
0.0025895 1.1509e+07
0.0025904 1.1509e+07
0.0025913 1.1509e+07
0.0025923 1.1509e+07
0.0025932 1.1509e+07
0.0025942 1.1509e+07
0.0025951 1.1509e+07
0.0025961 1.1509e+07
0.002597 1.1509e+07
0.0025979 1.1509e+07
0.0025989 1.1509e+07
0.0025998 1.1509e+07
0.0026008 1.1509e+07
0.0026017 1.1509e+07
0.0026027 1.1509e+07
0.0026036 1.1509e+07
0.0026045 1.1509e+07
0.0026055 1.1509e+07
0.0026064 1.1509e+07
0.0026074 1.1509e+07
0.0026083 1.1509e+07
0.0026093 1.1509e+07
0.0026102 1.1509e+07
0.0026111 1.1509e+07
0.0026121 1.1509e+07
0.002613 1.1509e+07
0.002614 1.1509e+07
0.0026149 1.1509e+07
0.0026158 1.1509e+07
0.0026168 1.1509e+07
0.0026177 1.1509e+07
0.0026187 1.1509e+07
0.0026196 1.1509e+07
0.0026206 1.1509e+07
0.0026215 1.1509e+07
0.0026224 1.1509e+07
0.0026234 1.1509e+07
0.0026243 1.1509e+07
0.0026253 1.1509e+07
0.0026262 1.1509e+07
0.0026272 1.1509e+07
0.0026281 1.1509e+07
0.002629 1.1509e+07
0.00263 1.1509e+07
0.0026309 1.1509e+07
0.0026319 1.1509e+07
0.0026328 1.1509e+07
0.0026338 1.1509e+07
0.0026347 1.1509e+07
0.0026356 1.1509e+07
0.0026366 1.1509e+07
0.0026375 1.1509e+07
0.0026385 1.1509e+07
0.0026394 1.1509e+07
0.0026403 1.1509e+07
0.0026413 1.1509e+07
0.0026422 1.1509e+07
0.0026432 1.1509e+07
0.0026441 1.1509e+07
0.0026451 1.1509e+07
0.002646 1.1509e+07
0.0026469 1.1509e+07
0.0026479 1.1509e+07
0.0026488 1.1509e+07
0.0026498 1.1509e+07
0.0026507 1.1509e+07
0.0026517 1.1509e+07
0.0026526 1.1509e+07
0.0026535 1.1509e+07
0.0026545 1.1509e+07
0.0026554 1.1509e+07
0.0026564 1.1509e+07
0.0026573 1.1509e+07
0.0026583 1.1509e+07
0.0026592 1.1509e+07
0.0026601 1.1509e+07
0.0026611 1.1509e+07
0.002662 1.1509e+07
0.002663 1.1509e+07
0.0026639 1.1509e+07
0.0026648 1.1509e+07
0.0026658 1.1509e+07
0.0026667 1.1509e+07
0.0026677 1.1509e+07
0.0026686 1.1509e+07
0.0026696 1.1509e+07
0.0026705 1.1509e+07
0.0026714 1.1509e+07
0.0026724 1.1509e+07
0.0026733 1.1509e+07
0.0026743 1.1509e+07
0.0026752 1.1509e+07
0.0026762 1.1509e+07
0.0026771 1.1509e+07
0.002678 1.1509e+07
0.002679 1.1509e+07
0.0026799 1.1509e+07
0.0026809 1.1509e+07
0.0026818 1.1509e+07
0.0026828 1.1509e+07
0.0026837 1.1509e+07
0.0026846 1.1509e+07
0.0026856 1.1509e+07
0.0026865 1.1509e+07
0.0026875 1.1509e+07
0.0026884 1.1509e+07
0.0026893 1.1509e+07
0.0026903 1.1509e+07
0.0026912 1.1509e+07
0.0026922 1.1509e+07
0.0026931 1.1509e+07
0.0026941 1.1509e+07
0.002695 1.1509e+07
0.0026959 1.1509e+07
0.0026969 1.1509e+07
0.0026978 1.1509e+07
0.0026988 1.1509e+07
0.0026997 1.1509e+07
0.0027007 1.1509e+07
0.0027016 1.1509e+07
0.0027025 1.1509e+07
0.0027035 1.1509e+07
0.0027044 1.1509e+07
0.0027054 1.1509e+07
0.0027063 1.1509e+07
0.0027073 1.1509e+07
0.0027082 1.1509e+07
0.0027091 1.1509e+07
0.0027101 1.1509e+07
0.002711 1.1509e+07
0.002712 1.1509e+07
0.0027129 1.1509e+07
0.0027138 1.1509e+07
0.0027148 1.1509e+07
0.0027157 1.1509e+07
0.0027167 1.1509e+07
0.0027176 1.1509e+07
0.0027186 1.1509e+07
0.0027195 1.1509e+07
0.0027204 1.1509e+07
0.0027214 1.1509e+07
0.0027223 1.1509e+07
0.0027233 1.1509e+07
0.0027242 1.1509e+07
0.0027252 1.1509e+07
0.0027261 1.1509e+07
0.002727 1.1509e+07
0.002728 1.1509e+07
0.0027289 1.1509e+07
0.0027299 1.1509e+07
0.0027308 1.1509e+07
0.0027318 1.1509e+07
0.0027327 1.1509e+07
0.0027336 1.1509e+07
0.0027346 1.1509e+07
0.0027355 1.1509e+07
0.0027365 1.1509e+07
0.0027374 1.1509e+07
0.0027383 1.1509e+07
0.0027393 1.1509e+07
0.0027402 1.1509e+07
0.0027412 1.1509e+07
0.0027421 1.1509e+07
0.0027431 1.1509e+07
0.002744 1.1509e+07
0.0027449 1.1509e+07
0.0027459 1.1509e+07
0.0027468 1.1509e+07
0.0027478 1.1509e+07
0.0027487 1.1509e+07
0.0027497 1.1509e+07
0.0027506 1.1509e+07
0.0027515 1.1509e+07
0.0027525 1.1509e+07
0.0027534 1.1509e+07
0.0027544 1.1509e+07
0.0027553 1.1509e+07
0.0027563 1.1509e+07
0.0027572 1.1509e+07
0.0027581 1.1509e+07
0.0027591 1.1509e+07
0.00276 1.1509e+07
0.002761 1.1509e+07
0.0027619 1.1509e+07
0.0027628 1.1509e+07
0.0027638 1.1509e+07
0.0027647 1.1509e+07
0.0027657 1.1509e+07
0.0027666 1.1509e+07
0.0027676 1.1509e+07
0.0027685 1.1509e+07
0.0027694 1.1509e+07
0.0027704 1.1509e+07
0.0027713 1.1509e+07
0.0027723 1.1509e+07
0.0027732 1.1509e+07
0.0027742 1.1509e+07
0.0027751 1.1509e+07
0.002776 1.1509e+07
0.002777 1.1509e+07
0.0027779 1.1509e+07
0.0027789 1.1509e+07
0.0027798 1.1509e+07
0.0027808 1.1509e+07
0.0027817 1.1509e+07
0.0027826 1.1509e+07
0.0027836 1.1509e+07
0.0027845 1.1509e+07
0.0027855 1.1509e+07
0.0027864 1.1509e+07
0.0027873 1.1509e+07
0.0027883 1.1509e+07
0.0027892 1.1509e+07
0.0027902 1.1509e+07
0.0027911 1.1509e+07
0.0027921 1.1509e+07
0.002793 1.1509e+07
0.0027939 1.1509e+07
0.0027949 1.1509e+07
0.0027958 1.1509e+07
0.0027968 1.1509e+07
0.0027977 1.1509e+07
0.0027987 1.1509e+07
0.0027996 1.1509e+07
0.0028005 1.1509e+07
0.0028015 1.1509e+07
0.0028024 1.1509e+07
0.0028034 1.1509e+07
0.0028043 1.1509e+07
0.0028053 1.1509e+07
0.0028062 1.1509e+07
0.0028071 1.1509e+07
0.0028081 1.1509e+07
0.002809 1.1509e+07
0.00281 1.1509e+07
0.0028109 1.1509e+07
0.0028118 1.1509e+07
0.0028128 1.1509e+07
0.0028137 1.1509e+07
0.0028147 1.1509e+07
0.0028156 1.1509e+07
0.0028166 1.1509e+07
0.0028175 1.1509e+07
0.0028184 1.1509e+07
0.0028194 1.1509e+07
0.0028203 1.1509e+07
0.0028213 1.1509e+07
0.0028222 1.1509e+07
0.0028232 1.1509e+07
0.0028241 1.1509e+07
0.002825 1.1509e+07
0.002826 1.1509e+07
0.0028269 1.1509e+07
0.0028279 1.1509e+07
0.0028288 1.1509e+07
0.0028298 1.1509e+07
0.0028307 1.1509e+07
0.0028316 1.1509e+07
0.0028326 1.1509e+07
0.0028335 1.1509e+07
0.0028345 1.1509e+07
0.0028354 1.1509e+07
0.0028363 1.1509e+07
0.0028373 1.1509e+07
0.0028382 1.1509e+07
0.0028392 1.1509e+07
0.0028401 1.1509e+07
0.0028411 1.1509e+07
0.002842 1.1509e+07
0.0028429 1.1509e+07
0.0028439 1.1509e+07
0.0028448 1.1509e+07
0.0028458 1.1509e+07
0.0028467 1.1509e+07
0.0028477 1.1509e+07
0.0028486 1.1509e+07
0.0028495 1.1509e+07
0.0028505 1.1509e+07
0.0028514 1.1509e+07
0.0028524 1.1509e+07
0.0028533 1.1509e+07
0.0028543 1.1509e+07
0.0028552 1.1509e+07
0.0028561 1.1509e+07
0.0028571 1.1509e+07
0.002858 1.1509e+07
0.002859 1.1509e+07
0.0028599 1.1509e+07
0.0028608 1.1509e+07
0.0028618 1.1509e+07
0.0028627 1.1509e+07
0.0028637 1.1509e+07
0.0028646 1.1509e+07
0.0028656 1.1509e+07
0.0028665 1.1509e+07
0.0028674 1.1509e+07
0.0028684 1.1509e+07
0.0028693 1.1509e+07
0.0028703 1.1509e+07
0.0028712 1.1509e+07
0.0028722 1.1509e+07
0.0028731 1.1509e+07
0.002874 1.1509e+07
0.002875 1.1509e+07
0.0028759 1.1509e+07
0.0028769 1.1509e+07
0.0028778 1.1509e+07
0.0028788 1.1509e+07
0.0028797 1.1509e+07
0.0028806 1.1509e+07
0.0028816 1.1509e+07
0.0028825 1.1509e+07
0.0028835 1.1509e+07
0.0028844 1.1509e+07
0.0028853 1.1509e+07
0.0028863 1.1509e+07
0.0028872 1.1509e+07
0.0028882 1.1509e+07
0.0028891 1.1509e+07
0.0028901 1.1509e+07
0.002891 1.1509e+07
0.0028919 1.1509e+07
0.0028929 1.1509e+07
0.0028938 1.1509e+07
0.0028948 1.1509e+07
0.0028957 1.1509e+07
0.0028967 1.1509e+07
0.0028976 1.1509e+07
0.0028985 1.1509e+07
0.0028995 1.1509e+07
0.0029004 1.1509e+07
0.0029014 1.1509e+07
0.0029023 1.1509e+07
0.0029033 1.1509e+07
0.0029042 1.1509e+07
0.0029051 1.1509e+07
0.0029061 1.1509e+07
0.002907 1.1509e+07
0.002908 1.1509e+07
0.0029089 1.1509e+07
0.0029098 1.1509e+07
0.0029108 1.1509e+07
0.0029117 1.1509e+07
0.0029127 1.1509e+07
0.0029136 1.1509e+07
0.0029146 1.1509e+07
0.0029155 1.1509e+07
0.0029164 1.1509e+07
0.0029174 1.1509e+07
0.0029183 1.1509e+07
0.0029193 1.1509e+07
0.0029202 1.1509e+07
0.0029212 1.1509e+07
0.0029221 1.1509e+07
0.002923 1.1509e+07
0.002924 1.1509e+07
0.0029249 1.1509e+07
0.0029259 1.1509e+07
0.0029268 1.1509e+07
0.0029278 1.1509e+07
0.0029287 1.1509e+07
0.0029296 1.1509e+07
0.0029306 1.1509e+07
0.0029315 1.1509e+07
0.0029325 1.1509e+07
0.0029334 1.1509e+07
0.0029343 1.1509e+07
0.0029353 1.1509e+07
0.0029362 1.1509e+07
0.0029372 1.1509e+07
0.0029381 1.1509e+07
0.0029391 1.1509e+07
0.00294 1.1509e+07
0.0029409 1.1509e+07
0.0029419 1.1509e+07
0.0029428 1.1509e+07
0.0029438 1.1509e+07
0.0029447 1.1509e+07
0.0029457 1.1509e+07
0.0029466 1.1509e+07
0.0029475 1.1509e+07
0.0029485 1.1509e+07
0.0029494 1.1509e+07
0.0029504 1.1509e+07
0.0029513 1.1509e+07
0.0029523 1.1509e+07
0.0029532 1.1509e+07
0.0029541 1.1509e+07
0.0029551 1.1509e+07
0.002956 1.1509e+07
0.002957 1.1509e+07
0.0029579 1.1509e+07
0.0029588 1.1509e+07
0.0029598 1.1509e+07
0.0029607 1.1509e+07
0.0029617 1.1509e+07
0.0029626 1.1509e+07
0.0029636 1.1509e+07
0.0029645 1.1509e+07
0.0029654 1.1509e+07
0.0029664 1.1509e+07
0.0029673 1.1509e+07
0.0029683 1.1509e+07
0.0029692 1.1509e+07
0.0029702 1.1509e+07
0.0029711 1.1509e+07
0.002972 1.1509e+07
0.002973 1.1509e+07
0.0029739 1.1509e+07
0.0029749 1.1509e+07
0.0029758 1.1509e+07
0.0029768 1.1509e+07
0.0029777 1.1509e+07
0.0029786 1.1509e+07
0.0029796 1.1509e+07
0.0029805 1.1509e+07
0.0029815 1.1509e+07
0.0029824 1.1509e+07
0.0029833 1.1509e+07
0.0029843 1.1509e+07
0.0029852 1.1509e+07
0.0029862 1.1509e+07
0.0029871 1.1509e+07
0.0029881 1.1509e+07
0.002989 1.1509e+07
0.0029899 1.1509e+07
0.0029909 1.1509e+07
0.0029918 1.1509e+07
0.0029928 1.1509e+07
0.0029937 1.1509e+07
0.0029947 1.1509e+07
0.0029956 1.1509e+07
0.0029965 1.1509e+07
0.0029975 1.1509e+07
0.0029984 1.1509e+07
0.0029994 1.1509e+07
0.0030003 1.1509e+07
0.0030013 1.1509e+07
0.0030022 1.1509e+07
0.0030031 1.1509e+07
0.0030041 1.1509e+07
0.003005 1.1509e+07
0.003006 1.1509e+07
0.0030069 1.1509e+07
0.0030078 1.1509e+07
0.0030088 1.1509e+07
0.0030097 1.1509e+07
0.0030107 1.1509e+07
0.0030116 1.1509e+07
0.0030126 1.1509e+07
0.0030135 1.1509e+07
0.0030144 1.1509e+07
0.0030154 1.1509e+07
0.0030163 1.1509e+07
0.0030173 1.1509e+07
0.0030182 1.1509e+07
0.0030192 1.1509e+07
0.0030201 1.1509e+07
0.003021 1.1509e+07
0.003022 1.1509e+07
0.0030229 1.1509e+07
0.0030239 1.1509e+07
0.0030248 1.1509e+07
0.0030258 1.1509e+07
0.0030267 1.1509e+07
0.0030276 1.1509e+07
0.0030286 1.1509e+07
0.0030295 1.1509e+07
0.0030305 1.1509e+07
0.0030314 1.1509e+07
0.0030323 1.1509e+07
0.0030333 1.1509e+07
0.0030342 1.1509e+07
0.0030352 1.1509e+07
0.0030361 1.1509e+07
0.0030371 1.1509e+07
0.003038 1.1509e+07
0.0030389 1.1509e+07
0.0030399 1.1509e+07
0.0030408 1.1509e+07
0.0030418 1.1509e+07
0.0030427 1.1509e+07
0.0030437 1.1509e+07
0.0030446 1.1509e+07
0.0030455 1.1509e+07
0.0030465 1.1509e+07
0.0030474 1.1509e+07
0.0030484 1.1509e+07
0.0030493 1.1509e+07
0.0030503 1.1509e+07
0.0030512 1.1509e+07
0.0030521 1.1509e+07
0.0030531 1.1509e+07
0.003054 1.1509e+07
0.003055 1.1509e+07
0.0030559 1.1509e+07
0.0030568 1.1509e+07
0.0030578 1.1509e+07
0.0030587 1.1509e+07
0.0030597 1.1509e+07
0.0030606 1.1509e+07
0.0030616 1.1509e+07
0.0030625 1.1509e+07
0.0030634 1.1509e+07
0.0030644 1.1509e+07
0.0030653 1.1509e+07
0.0030663 1.1509e+07
0.0030672 1.1509e+07
0.0030682 1.1509e+07
0.0030691 1.1509e+07
0.00307 1.1509e+07
0.003071 1.1509e+07
0.0030719 1.1509e+07
0.0030729 1.1509e+07
0.0030738 1.1509e+07
0.0030748 1.1509e+07
0.0030757 1.1509e+07
0.0030766 1.1509e+07
0.0030776 1.1509e+07
0.0030785 1.1509e+07
0.0030795 1.1509e+07
0.0030804 1.1509e+07
0.0030813 1.1509e+07
0.0030823 1.1509e+07
0.0030832 1.1509e+07
0.0030842 1.1509e+07
0.0030851 1.1509e+07
0.0030861 1.1509e+07
0.003087 1.1509e+07
0.0030879 1.1509e+07
0.0030889 1.1509e+07
0.0030898 1.1509e+07
0.0030908 1.1509e+07
0.0030917 1.1509e+07
0.0030927 1.1509e+07
0.0030936 1.1509e+07
0.0030945 1.1509e+07
0.0030955 1.1509e+07
0.0030964 1.1509e+07
0.0030974 1.1509e+07
0.0030983 1.1509e+07
0.0030993 1.1509e+07
0.0031002 1.1509e+07
0.0031011 1.1509e+07
0.0031021 1.1509e+07
0.003103 1.1509e+07
0.003104 1.1509e+07
0.0031049 1.1509e+07
0.0031058 1.1509e+07
0.0031068 1.1509e+07
0.0031077 1.1509e+07
0.0031087 1.1509e+07
0.0031096 1.1509e+07
0.0031106 1.1509e+07
0.0031115 1.1509e+07
0.0031124 1.1509e+07
0.0031134 1.1509e+07
0.0031143 1.1509e+07
0.0031153 1.1509e+07
0.0031162 1.1509e+07
0.0031172 1.1509e+07
0.0031181 1.1509e+07
0.003119 1.1509e+07
0.00312 1.1509e+07
0.0031209 1.1509e+07
0.0031219 1.1509e+07
0.0031228 1.1509e+07
0.0031238 1.1509e+07
0.0031247 1.1509e+07
0.0031256 1.1509e+07
0.0031266 1.1509e+07
0.0031275 1.1509e+07
0.0031285 1.1509e+07
0.0031294 1.1509e+07
0.0031303 1.1509e+07
0.0031313 1.1509e+07
0.0031322 1.1509e+07
0.0031332 1.1509e+07
0.0031341 1.1509e+07
0.0031351 1.1509e+07
0.003136 1.1509e+07
0.0031369 1.1509e+07
0.0031379 1.1509e+07
0.0031388 1.1509e+07
0.0031398 1.1509e+07
0.0031407 1.1509e+07
0.0031417 1.1509e+07
0.0031426 1.1509e+07
0.0031435 1.1509e+07
0.0031445 1.1509e+07
0.0031454 1.1509e+07
0.0031464 1.1509e+07
0.0031473 1.1509e+07
0.0031483 1.1509e+07
0.0031492 1.1509e+07
0.0031501 1.1509e+07
0.0031511 1.1509e+07
0.003152 1.1509e+07
0.003153 1.1509e+07
0.0031539 1.1509e+07
0.0031548 1.1509e+07
0.0031558 1.1509e+07
0.0031567 1.1509e+07
0.0031577 1.1509e+07
0.0031586 1.1509e+07
0.0031596 1.1509e+07
0.0031605 1.1509e+07
0.0031614 1.1509e+07
0.0031624 1.1509e+07
0.0031633 1.1509e+07
0.0031643 1.1509e+07
0.0031652 1.1509e+07
0.0031662 1.1509e+07
0.0031671 1.1509e+07
0.003168 1.1509e+07
0.003169 1.1509e+07
0.0031699 1.1509e+07
0.0031709 1.1509e+07
0.0031718 1.1509e+07
0.0031728 1.1509e+07
0.0031737 1.1509e+07
0.0031746 1.1509e+07
0.0031756 1.1509e+07
0.0031765 1.1509e+07
0.0031775 1.1509e+07
0.0031784 1.1509e+07
0.0031793 1.1509e+07
0.0031803 1.1509e+07
0.0031812 1.1509e+07
0.0031822 1.1509e+07
0.0031831 1.1509e+07
0.0031841 1.1509e+07
0.003185 1.1509e+07
0.0031859 1.1509e+07
0.0031869 1.1509e+07
0.0031878 1.1509e+07
0.0031888 1.1509e+07
0.0031897 1.1509e+07
0.0031907 1.1509e+07
0.0031916 1.1509e+07
0.0031925 1.1509e+07
0.0031935 1.1509e+07
0.0031944 1.1509e+07
0.0031954 1.1509e+07
0.0031963 1.1509e+07
0.0031973 1.1509e+07
0.0031982 1.1509e+07
0.0031991 1.1509e+07
0.0032001 1.1509e+07
0.003201 1.1509e+07
0.003202 1.1509e+07
0.0032029 1.1509e+07
0.0032038 1.1509e+07
0.0032048 1.1509e+07
0.0032057 1.1509e+07
0.0032067 1.1509e+07
0.0032076 1.1509e+07
0.0032086 1.1509e+07
0.0032095 1.1509e+07
0.0032104 1.1509e+07
0.0032114 1.1509e+07
0.0032123 1.1509e+07
0.0032133 1.1509e+07
0.0032142 1.1509e+07
0.0032152 1.1509e+07
0.0032161 1.1509e+07
0.003217 1.1509e+07
0.003218 1.1509e+07
0.0032189 1.1509e+07
0.0032199 1.1509e+07
0.0032208 1.1509e+07
0.0032218 1.1509e+07
0.0032227 1.1509e+07
0.0032236 1.1509e+07
0.0032246 1.1509e+07
0.0032255 1.1509e+07
0.0032265 1.1509e+07
0.0032274 1.1509e+07
0.0032283 1.1509e+07
0.0032293 1.1509e+07
0.0032302 1.1509e+07
0.0032312 1.1509e+07
0.0032321 1.1509e+07
0.0032331 1.1509e+07
0.003234 1.1509e+07
0.0032349 1.1509e+07
0.0032359 1.1509e+07
0.0032368 1.1509e+07
0.0032378 1.1509e+07
0.0032387 1.1509e+07
0.0032397 1.1509e+07
0.0032406 1.1509e+07
0.0032415 1.1509e+07
0.0032425 1.1509e+07
0.0032434 1.1509e+07
0.0032444 1.1509e+07
0.0032453 1.1509e+07
0.0032463 1.1509e+07
0.0032472 1.1509e+07
0.0032481 1.1509e+07
0.0032491 1.1509e+07
0.00325 1.1509e+07
0.003251 1.1509e+07
0.0032519 1.1509e+07
0.0032528 1.1509e+07
0.0032538 1.1509e+07
0.0032547 1.1509e+07
0.0032557 1.1509e+07
0.0032566 1.1509e+07
0.0032576 1.1509e+07
0.0032585 1.1509e+07
0.0032594 1.1509e+07
0.0032604 1.1509e+07
0.0032613 1.1509e+07
0.0032623 1.1509e+07
0.0032632 1.1509e+07
0.0032642 1.1509e+07
0.0032651 1.1509e+07
0.003266 1.1509e+07
0.003267 1.1509e+07
0.0032679 1.1509e+07
0.0032689 1.1509e+07
0.0032698 1.1509e+07
0.0032708 1.1509e+07
0.0032717 1.1509e+07
0.0032726 1.1509e+07
0.0032736 1.1509e+07
0.0032745 1.1509e+07
0.0032755 1.1509e+07
0.0032764 1.1509e+07
0.0032773 1.1509e+07
0.0032783 1.1509e+07
0.0032792 1.1509e+07
0.0032802 1.1509e+07
0.0032811 1.1509e+07
0.0032821 1.1509e+07
0.003283 1.1509e+07
0.0032839 1.1509e+07
0.0032849 1.1509e+07
0.0032858 1.1509e+07
0.0032868 1.1509e+07
0.0032877 1.1509e+07
0.0032887 1.1509e+07
0.0032896 1.1509e+07
0.0032905 1.1509e+07
0.0032915 1.1509e+07
0.0032924 1.1509e+07
0.0032934 1.1509e+07
0.0032943 1.1509e+07
0.0032953 1.1509e+07
0.0032962 1.1509e+07
0.0032971 1.1509e+07
0.0032981 1.1509e+07
1 1.1509e+07
