9.4231e-07 2876
1.8846e-06 2876
2.8269e-06 2876
3.7692e-06 2876
4.7115e-06 2876
5.6538e-06 2876.1
6.5962e-06 2876.1
7.5385e-06 2876.1
8.4808e-06 2876.1
9.4231e-06 2876.1
1.0365e-05 2876.1
1.1308e-05 2876.1
1.225e-05 2876.1
1.3192e-05 2876.2
1.4135e-05 2876.2
1.5077e-05 2876.3
1.6019e-05 2876.5
1.6962e-05 2876.7
1.7904e-05 2877
1.8846e-05 2877.4
1.9788e-05 2877.9
2.0731e-05 2878.7
2.1673e-05 2879.7
2.2615e-05 2881.1
2.3558e-05 2883
2.45e-05 2885.5
2.5442e-05 2888.8
2.6385e-05 2893
2.7327e-05 2898.5
2.8269e-05 2905.4
2.9212e-05 2914.2
3.0154e-05 2925.1
3.1096e-05 2938.7
3.2038e-05 2955.3
3.2981e-05 2975.5
3.3923e-05 2999.8
3.4865e-05 3028.9
3.5808e-05 3063.3
3.675e-05 3103.6
3.7692e-05 3150.6
3.8635e-05 3204.9
3.9577e-05 3267.1
4.0519e-05 3337.8
4.1462e-05 3417.4
4.2404e-05 3506.4
4.3346e-05 3605.1
4.4288e-05 3713.5
4.5231e-05 3831.7
4.6173e-05 3959.3
4.7115e-05 4095.9
4.8058e-05 4240.5
4.9e-05 4392.2
4.9942e-05 4549.6
5.0885e-05 4710.9
5.1827e-05 4874.4
5.2769e-05 5038
5.3712e-05 5199.3
5.4654e-05 5356.2
5.5596e-05 5506.5
5.6538e-05 5647.9
5.7481e-05 5778.7
5.8423e-05 5897
5.9365e-05 6001.8
6.0308e-05 6091.9
6.125e-05 6167
6.2192e-05 6226.8
6.3135e-05 6271.5
6.4077e-05 6301.7
6.5019e-05 6318
6.5962e-05 6321.5
6.6904e-05 6313.2
6.7846e-05 6294.3
6.8788e-05 6266
6.9731e-05 6229.5
7.0673e-05 6185.9
7.1615e-05 6136.3
7.2558e-05 6081.5
7.35e-05 6022.6
7.4442e-05 5960.3
7.5385e-05 5895.2
7.6327e-05 5828
7.7269e-05 5759.1
7.8212e-05 5689
7.9154e-05 5618.1
8.0096e-05 5546.7
8.1038e-05 5475
8.1981e-05 5403.2
8.2923e-05 5331.7
8.3865e-05 5260.5
8.4808e-05 5189.7
8.575e-05 5119.6
8.6692e-05 5050.2
8.7635e-05 4981.7
8.8577e-05 4914
8.9519e-05 4847.3
9.0462e-05 4781.7
9.1404e-05 4717.2
9.2346e-05 4653.9
9.3288e-05 4591.7
9.4231e-05 4530.9
9.5173e-05 4471.3
9.6115e-05 4413
9.7058e-05 4356
9.8e-05 4300.5
9.8942e-05 4246.2
9.9885e-05 4193.4
0.00010083 4141.9
0.00010177 4091.9
0.00010271 4043.2
0.00010365 3995.9
0.0001046 3950
0.00010554 3905.5
0.00010648 3862.3
0.00010742 3820.5
0.00010837 3780
0.00010931 3740.8
0.00011025 3702.9
0.00011119 3666.3
0.00011213 3631
0.00011308 3596.8
0.00011402 3563.9
0.00011496 3532.2
0.0001159 3501.6
0.00011685 3472.2
0.00011779 3443.9
0.00011873 3416.6
0.00011967 3390.4
0.00012062 3365.3
0.00012156 3341.1
0.0001225 3318
0.00012344 3295.7
0.00012438 3274.4
0.00012533 3254
0.00012627 3234.5
0.00012721 3215.7
0.00012815 3197.9
0.0001291 3180.7
0.00013004 3164.4
0.00013098 3148.8
0.00013192 3133.9
0.00013287 3119.7
0.00013381 3106.1
0.00013475 3093.2
0.00013569 3080.9
0.00013663 3069.2
0.00013758 3058.1
0.00013852 3047.5
0.00013946 3037.5
0.0001404 3027.9
0.00014135 3018.9
0.00014229 3010.3
0.00014323 3002.2
0.00014417 2994.4
0.00014512 2987.1
0.00014606 2980.2
0.000147 2973.7
0.00014794 2967.5
0.00014888 2961.7
0.00014983 2956.2
0.00015077 2951
0.00015171 2946.1
0.00015265 2941.5
0.0001536 2937.1
0.00015454 2933
0.00015548 2929.2
0.00015642 2925.6
0.00015737 2922.2
0.00015831 2919
0.00015925 2916
0.00016019 2913.2
0.00016113 2910.5
0.00016208 2908.1
0.00016302 2905.8
0.00016396 2903.6
0.0001649 2901.6
0.00016585 2899.7
0.00016679 2898
0.00016773 2896.3
0.00016867 2894.8
0.00016962 2893.4
0.00017056 2892.1
0.0001715 2890.8
0.00017244 2889.7
0.00017338 2888.6
0.00017433 2887.6
0.00017527 2886.7
0.00017621 2885.9
0.00017715 2885.1
0.0001781 2884.3
0.00017904 2883.7
0.00017998 2883
0.00018092 2882.5
0.00018187 2881.9
0.00018281 2881.4
0.00018375 2881
0.00018469 2880.6
0.00018563 2880.2
0.00018658 2879.8
0.00018752 2879.5
0.00018846 2879.2
0.0001894 2878.9
0.00019035 2878.7
0.00019129 2878.4
0.00019223 2878.2
0.00019317 2878
0.00019412 2877.9
0.00019506 2877.7
0.000196 2877.5
0.00019694 2877.4
0.00019788 2877.3
0.00019883 2877.2
0.00019977 2877.1
0.00020071 2877
0.00020165 2876.9
0.0002026 2876.8
0.00020354 2876.7
0.00020448 2876.7
0.00020542 2876.6
0.00020637 2876.5
0.00020731 2876.5
0.00020825 2876.5
0.00020919 2876.4
0.00021013 2876.4
0.00021108 2876.3
0.00021202 2876.3
0.00021296 2876.3
0.0002139 2876.3
0.00021485 2876.2
0.00021579 2876.2
0.00021673 2876.2
0.00021767 2876.2
0.00021862 2876.2
0.00021956 2876.2
0.0002205 2876.1
0.00022144 2876.1
0.00022238 2876.1
0.00022333 2876.1
0.00022427 2876.1
0.00022521 2876.1
0.00022615 2876.1
0.0002271 2876.1
0.00022804 2876.1
0.00022898 2876.1
0.00022992 2876.1
0.00023087 2876.1
0.00023181 2876.1
0.00023275 2876.1
0.00023369 2876.1
0.00023463 2876.1
0.00023558 2876.1
0.00023652 2876.1
0.00023746 2876.1
0.0002384 2876.1
0.00023935 2876.1
0.00024029 2876.1
0.00024123 2876.1
0.00024217 2876.1
0.00024312 2876.1
0.00024406 2876.1
0.000245 2876.1
0.00024594 2876.1
0.00024688 2876.1
0.00024783 2876.1
0.00024877 2876.1
0.00024971 2876
0.00025065 2876
0.0002516 2876
0.00025254 2876
0.00025348 2876
0.00025442 2876
0.00025537 2876
0.00025631 2876
0.00025725 2876
0.00025819 2876
0.00025913 2876
0.00026008 2876
0.00026102 2876
0.00026196 2876
0.0002629 2876
0.00026385 2876
0.00026479 2876
0.00026573 2876
0.00026667 2876
0.00026762 2876
0.00026856 2876
0.0002695 2876
0.00027044 2876
0.00027138 2876
0.00027233 2876
0.00027327 2876
0.00027421 2876
0.00027515 2876
0.0002761 2876
0.00027704 2876
0.00027798 2876
0.00027892 2876
0.00027987 2876
0.00028081 2876
0.00028175 2876
0.00028269 2876
0.00028363 2876
0.00028458 2876
0.00028552 2876
0.00028646 2876
0.0002874 2876
0.00028835 2876
0.00028929 2876
0.00029023 2876
0.00029117 2876
0.00029212 2876
0.00029306 2876
0.000294 2876
0.00029494 2876
0.00029588 2876
0.00029683 2876
0.00029777 2876
0.00029871 2876
0.00029965 2876
0.0003006 2876
0.00030154 2876
0.00030248 2876
0.00030342 2876
0.00030437 2876
0.00030531 2876
0.00030625 2876
0.00030719 2876
0.00030813 2876
0.00030908 2876
0.00031002 2876
0.00031096 2876
0.0003119 2876
0.00031285 2876
0.00031379 2876
0.00031473 2876
0.00031567 2876
0.00031662 2876
0.00031756 2876
0.0003185 2876
0.00031944 2876
0.00032038 2876
0.00032133 2876
0.00032227 2876
0.00032321 2876
0.00032415 2876
0.0003251 2876
0.00032604 2876
0.00032698 2876
0.00032792 2876
0.00032887 2876
0.00032981 2876
0.00033075 2876
0.00033169 2876
0.00033263 2876
0.00033358 2876
0.00033452 2876
0.00033546 2876
0.0003364 2876
0.00033735 2876
0.00033829 2876
0.00033923 2876
0.00034017 2876
0.00034112 2876
0.00034206 2876
0.000343 2876
0.00034394 2876
0.00034488 2876
0.00034583 2876
0.00034677 2876
0.00034771 2876
0.00034865 2876
0.0003496 2876
0.00035054 2876
0.00035148 2876
0.00035242 2876
0.00035337 2876
0.00035431 2876
0.00035525 2876
0.00035619 2876
0.00035713 2876
0.00035808 2876
0.00035902 2876
0.00035996 2876
0.0003609 2876
0.00036185 2876
0.00036279 2876
0.00036373 2876
0.00036467 2876
0.00036562 2876
0.00036656 2876
0.0003675 2876
0.00036844 2876
0.00036938 2876
0.00037033 2876
0.00037127 2876
0.00037221 2876
0.00037315 2876
0.0003741 2876
0.00037504 2876
0.00037598 2876
0.00037692 2876
0.00037787 2876
0.00037881 2876
0.00037975 2876
0.00038069 2876
0.00038163 2876
0.00038258 2876
0.00038352 2876
0.00038446 2876
0.0003854 2876
0.00038635 2876
0.00038729 2876
0.00038823 2876
0.00038917 2876
0.00039012 2876
0.00039106 2876
0.000392 2876
0.00039294 2876
0.00039388 2876
0.00039483 2876
0.00039577 2876
0.00039671 2876
0.00039765 2876
0.0003986 2876
0.00039954 2876
0.00040048 2876
0.00040142 2876
0.00040237 2876
0.00040331 2876
0.00040425 2876
0.00040519 2876
0.00040613 2876
0.00040708 2876
0.00040802 2876
0.00040896 2876
0.0004099 2876
0.00041085 2876
0.00041179 2876
0.00041273 2876
0.00041367 2876
0.00041462 2876
0.00041556 2876
0.0004165 2876
0.00041744 2876
0.00041838 2876
0.00041933 2876
0.00042027 2876
0.00042121 2876
0.00042215 2876
0.0004231 2876
0.00042404 2876
0.00042498 2876
0.00042592 2876
0.00042687 2876
0.00042781 2876
0.00042875 2876
0.00042969 2876
0.00043063 2876
0.00043158 2876
0.00043252 2876
0.00043346 2876
0.0004344 2876
0.00043535 2876
0.00043629 2876
0.00043723 2876
0.00043817 2876
0.00043912 2876
0.00044006 2876
0.000441 2876
0.00044194 2876
0.00044288 2876
0.00044383 2876
0.00044477 2876
0.00044571 2876
0.00044665 2876
0.0004476 2876
0.00044854 2876
0.00044948 2876
0.00045042 2876
0.00045137 2876
0.00045231 2876
0.00045325 2876
0.00045419 2876
0.00045513 2876
0.00045608 2876
0.00045702 2876
0.00045796 2876
0.0004589 2876
0.00045985 2876
0.00046079 2876
0.00046173 2876
0.00046267 2876
0.00046362 2876
0.00046456 2876
0.0004655 2876
0.00046644 2876
0.00046738 2876
0.00046833 2876
0.00046927 2876
0.00047021 2876
0.00047115 2876
0.0004721 2876
0.00047304 2876
0.00047398 2876
0.00047492 2876
0.00047587 2876
0.00047681 2876
0.00047775 2876
0.00047869 2876
0.00047963 2876
0.00048058 2876
0.00048152 2876
0.00048246 2876
0.0004834 2876
0.00048435 2876
0.00048529 2876
0.00048623 2876
0.00048717 2876
0.00048812 2876
0.00048906 2876
0.00049 2876
0.00049094 2876
0.00049188 2876
0.00049283 2876
0.00049377 2876
0.00049471 2876
0.00049565 2876
0.0004966 2876
0.00049754 2876
0.00049848 2876
0.00049942 2876
0.00050037 2876
0.00050131 2876
0.00050225 2876
0.00050319 2876
0.00050413 2876
0.00050508 2876
0.00050602 2876
0.00050696 2876
0.0005079 2876
0.00050885 2876
0.00050979 2876
0.00051073 2876
0.00051167 2876
0.00051262 2876
0.00051356 2876
0.0005145 2876
0.00051544 2876
0.00051638 2876
0.00051733 2876
0.00051827 2876
0.00051921 2876
0.00052015 2876
0.0005211 2876
0.00052204 2876
0.00052298 2876
0.00052392 2876
0.00052487 2876
0.00052581 2876
0.00052675 2876
0.00052769 2876
0.00052863 2876
0.00052958 2876
0.00053052 2876
0.00053146 2876
0.0005324 2876
0.00053335 2876
0.00053429 2876
0.00053523 2876
0.00053617 2876
0.00053712 2876
0.00053806 2876
0.000539 2876
0.00053994 2876
0.00054088 2876
0.00054183 2876
0.00054277 2876
0.00054371 2876
0.00054465 2876
0.0005456 2876
0.00054654 2876
0.00054748 2876
0.00054842 2876
0.00054937 2876
0.00055031 2876
0.00055125 2876
0.00055219 2876
0.00055313 2876
0.00055408 2876
0.00055502 2876
0.00055596 2876
0.0005569 2876
0.00055785 2876
0.00055879 2876
0.00055973 2876
0.00056067 2876
0.00056162 2876
0.00056256 2876
0.0005635 2876
0.00056444 2876
0.00056538 2876
0.00056633 2876
0.00056727 2876
0.00056821 2876
0.00056915 2876
0.0005701 2876
0.00057104 2876
0.00057198 2876
0.00057292 2876
0.00057387 2876
0.00057481 2876
0.00057575 2876
0.00057669 2876
0.00057763 2876
0.00057858 2876
0.00057952 2876
0.00058046 2876
0.0005814 2876
0.00058235 2876
0.00058329 2876
0.00058423 2876
0.00058517 2876
0.00058612 2876
0.00058706 2876
0.000588 2876
0.00058894 2876
0.00058988 2876
0.00059083 2876
0.00059177 2876
0.00059271 2876
0.00059365 2876
0.0005946 2876
0.00059554 2876
0.00059648 2876
0.00059742 2876
0.00059837 2876
0.00059931 2876
0.00060025 2876
0.00060119 2876
0.00060213 2876
0.00060308 2876
0.00060402 2876
0.00060496 2876
0.0006059 2876
0.00060685 2876
0.00060779 2876
0.00060873 2876
0.00060967 2876
0.00061062 2876
0.00061156 2876
0.0006125 2876
0.00061344 2876
0.00061438 2876
0.00061533 2876
0.00061627 2876
0.00061721 2876
0.00061815 2876
0.0006191 2876
0.00062004 2876
0.00062098 2876
0.00062192 2876
0.00062287 2876
0.00062381 2876
0.00062475 2876
0.00062569 2876
0.00062663 2876
0.00062758 2876
0.00062852 2876
0.00062946 2876
0.0006304 2876
0.00063135 2876
0.00063229 2876
0.00063323 2876
0.00063417 2876
0.00063512 2876
0.00063606 2876
0.000637 2876
0.00063794 2876
0.00063888 2876
0.00063983 2876
0.00064077 2876
0.00064171 2876
0.00064265 2876
0.0006436 2876
0.00064454 2876
0.00064548 2876
0.00064642 2876
0.00064737 2876
0.00064831 2876
0.00064925 2876
0.00065019 2876
0.00065113 2876
0.00065208 2876
0.00065302 2876
0.00065396 2876
0.0006549 2876
0.00065585 2876
0.00065679 2876
0.00065773 2876
0.00065867 2876
0.00065962 2876
0.00066056 2876
0.0006615 2876
0.00066244 2876
0.00066338 2876
0.00066433 2876
0.00066527 2876
0.00066621 2876
0.00066715 2876
0.0006681 2876
0.00066904 2876
0.00066998 2876
0.00067092 2876
0.00067187 2876
0.00067281 2876
0.00067375 2876
0.00067469 2876
0.00067563 2876
0.00067658 2876
0.00067752 2876
0.00067846 2876
0.0006794 2876
0.00068035 2876
0.00068129 2876
0.00068223 2876
0.00068317 2876
0.00068412 2876
0.00068506 2876
0.000686 2876
0.00068694 2876
0.00068788 2876
0.00068883 2876
0.00068977 2876
0.00069071 2876
0.00069165 2876
0.0006926 2876
0.00069354 2876
0.00069448 2876
0.00069542 2876
0.00069637 2876
0.00069731 2876
0.00069825 2876
0.00069919 2876
0.00070013 2876
0.00070108 2876
0.00070202 2876
0.00070296 2876
0.0007039 2876
0.00070485 2876
0.00070579 2876
0.00070673 2876
0.00070767 2876
0.00070862 2876
0.00070956 2876
0.0007105 2876
0.00071144 2876
0.00071238 2876
0.00071333 2876
0.00071427 2876
0.00071521 2876
0.00071615 2876
0.0007171 2876
0.00071804 2876
0.00071898 2876
0.00071992 2876
0.00072087 2876
0.00072181 2876
0.00072275 2876
0.00072369 2876
0.00072463 2876
0.00072558 2876
0.00072652 2876
0.00072746 2876
0.0007284 2876
0.00072935 2876
0.00073029 2876
0.00073123 2876
0.00073217 2876
0.00073312 2876
0.00073406 2876
0.000735 2876
0.00073594 2876
0.00073688 2876
0.00073783 2876
0.00073877 2876
0.00073971 2876
0.00074065 2876
0.0007416 2876
0.00074254 2876
0.00074348 2876
0.00074442 2876
0.00074537 2876
0.00074631 2876
0.00074725 2876
0.00074819 2876
0.00074913 2876
0.00075008 2876
0.00075102 2876
0.00075196 2876
0.0007529 2876
0.00075385 2876
0.00075479 2876
0.00075573 2876
0.00075667 2876
0.00075762 2876
0.00075856 2876
0.0007595 2876
0.00076044 2876
0.00076138 2876
0.00076233 2876
0.00076327 2876
0.00076421 2876
0.00076515 2876
0.0007661 2876
0.00076704 2876
0.00076798 2876
0.00076892 2876
0.00076987 2876
0.00077081 2876
0.00077175 2876
0.00077269 2876
0.00077363 2876
0.00077458 2876
0.00077552 2876
0.00077646 2876
0.0007774 2876
0.00077835 2876
0.00077929 2876
0.00078023 2876
0.00078117 2876
0.00078212 2876
0.00078306 2876
0.000784 2876
0.00078494 2876
0.00078588 2876
0.00078683 2876
0.00078777 2876
0.00078871 2876
0.00078965 2876
0.0007906 2876
0.00079154 2876
0.00079248 2876
0.00079342 2876
0.00079437 2876
0.00079531 2876
0.00079625 2876
0.00079719 2876
0.00079813 2876
0.00079908 2876
0.00080002 2876
0.00080096 2876
0.0008019 2876
0.00080285 2876
0.00080379 2876
0.00080473 2876
0.00080567 2876
0.00080662 2876
0.00080756 2876
0.0008085 2876
0.00080944 2876
0.00081038 2876
0.00081133 2876
0.00081227 2876
0.00081321 2876
0.00081415 2876
0.0008151 2876
0.00081604 2876
0.00081698 2876
0.00081792 2876
0.00081887 2876
0.00081981 2876
0.00082075 2876
0.00082169 2876
0.00082263 2876
0.00082358 2876
0.00082452 2876
0.00082546 2876
0.0008264 2876
0.00082735 2876
0.00082829 2876
0.00082923 2876
0.00083017 2876
0.00083112 2876
0.00083206 2876
0.000833 2876
0.00083394 2876
0.00083488 2876
0.00083583 2876
0.00083677 2876
0.00083771 2876
0.00083865 2876
0.0008396 2876
0.00084054 2876
0.00084148 2876
0.00084242 2876
0.00084337 2876
0.00084431 2876
0.00084525 2876
0.00084619 2876
0.00084713 2876
0.00084808 2876
0.00084902 2876
0.00084996 2876
0.0008509 2876
0.00085185 2876
0.00085279 2876
0.00085373 2876
0.00085467 2876
0.00085562 2876
0.00085656 2876
0.0008575 2876
0.00085844 2876
0.00085938 2876
0.00086033 2876
0.00086127 2876
0.00086221 2876
0.00086315 2876
0.0008641 2876
0.00086504 2876
0.00086598 2876
0.00086692 2876
0.00086787 2876
0.00086881 2876
0.00086975 2876
0.00087069 2876
0.00087163 2876
0.00087258 2876
0.00087352 2876
0.00087446 2876
0.0008754 2876
0.00087635 2876
0.00087729 2876
0.00087823 2876
0.00087917 2876
0.00088012 2876
0.00088106 2876
0.000882 2876
0.00088294 2876
0.00088388 2876
0.00088483 2876
0.00088577 2876
0.00088671 2876
0.00088765 2876
0.0008886 2876
0.00088954 2876
0.00089048 2876
0.00089142 2876
0.00089237 2876
0.00089331 2876
0.00089425 2876
0.00089519 2876
0.00089613 2876
0.00089708 2876
0.00089802 2876
0.00089896 2876
0.0008999 2876
0.00090085 2876
0.00090179 2876
0.00090273 2876
0.00090367 2876
0.00090462 2876
0.00090556 2876
0.0009065 2876
0.00090744 2876
0.00090838 2876
0.00090933 2876
0.00091027 2876
0.00091121 2876
0.00091215 2876
0.0009131 2876
0.00091404 2876
0.00091498 2876
0.00091592 2876
0.00091687 2876
0.00091781 2876
0.00091875 2876
0.00091969 2876
0.00092063 2876
0.00092158 2876
0.00092252 2876
0.00092346 2876
0.0009244 2876
0.00092535 2876
0.00092629 2876
0.00092723 2876
0.00092817 2876
0.00092912 2876
0.00093006 2876
0.000931 2876
0.00093194 2876
0.00093288 2876
0.00093383 2876
0.00093477 2876
0.00093571 2876
0.00093665 2876
0.0009376 2876
0.00093854 2876
0.00093948 2876
0.00094042 2876
0.00094137 2876
0.00094231 2876
0.00094325 2876
0.00094419 2876
0.00094513 2876
0.00094608 2876
0.00094702 2876
0.00094796 2876
0.0009489 2876
0.00094985 2876
0.00095079 2876
0.00095173 2876
0.00095267 2876
0.00095362 2876
0.00095456 2876
0.0009555 2876
0.00095644 2876
0.00095738 2876
0.00095833 2876
0.00095927 2876
0.00096021 2876
0.00096115 2876
0.0009621 2876
0.00096304 2876
0.00096398 2876
0.00096492 2876
0.00096587 2876
0.00096681 2876
0.00096775 2876
0.00096869 2876
0.00096963 2876
0.00097058 2876
0.00097152 2876
0.00097246 2876
0.0009734 2876
0.00097435 2876
0.00097529 2876
0.00097623 2876
0.00097717 2876
0.00097812 2876
0.00097906 2876
0.00098 2876
0.00098094 2876
0.00098188 2876
0.00098283 2876
0.00098377 2876
0.00098471 2876
0.00098565 2876
0.0009866 2876
0.00098754 2876
0.00098848 2876
0.00098942 2876
0.00099037 2876
0.00099131 2876
0.00099225 2876
0.00099319 2876
0.00099413 2876
0.00099508 2876
0.00099602 2876
0.00099696 2876
0.0009979 2876
0.00099885 2876
0.00099979 2876
0.0010007 2876
0.0010017 2876
0.0010026 2876
0.0010036 2876
0.0010045 2876
0.0010054 2876
0.0010064 2876
0.0010073 2876
0.0010083 2876
0.0010092 2876
0.0010102 2876
0.0010111 2876
0.001012 2876
0.001013 2876
0.0010139 2876
0.0010149 2876
0.0010158 2876
0.0010168 2876
0.0010177 2876
0.0010186 2876
0.0010196 2876
0.0010205 2876
0.0010215 2876
0.0010224 2876
0.0010233 2876
0.0010243 2876
0.0010252 2876
0.0010262 2876
0.0010271 2876
0.0010281 2876
0.001029 2876
0.0010299 2876
0.0010309 2876
0.0010318 2876
0.0010328 2876
0.0010337 2876
0.0010347 2876
0.0010356 2876
0.0010365 2876
0.0010375 2876
0.0010384 2876
0.0010394 2876
0.0010403 2876
0.0010413 2876
0.0010422 2876
0.0010431 2876
0.0010441 2876
0.001045 2876
0.001046 2876
0.0010469 2876
0.0010478 2876
0.0010488 2876
0.0010497 2876
0.0010507 2876
0.0010516 2876
0.0010526 2876
0.0010535 2876
0.0010544 2876
0.0010554 2876
0.0010563 2876
0.0010573 2876
0.0010582 2876
0.0010592 2876
0.0010601 2876
0.001061 2876
0.001062 2876
0.0010629 2876
0.0010639 2876
0.0010648 2876
0.0010658 2876
0.0010667 2876
0.0010676 2876
0.0010686 2876
0.0010695 2876
0.0010705 2876
0.0010714 2876
0.0010723 2876
0.0010733 2876
0.0010742 2876
0.0010752 2876
0.0010761 2876
0.0010771 2876
0.001078 2876
0.0010789 2876
0.0010799 2876
0.0010808 2876
0.0010818 2876
0.0010827 2876
0.0010837 2876
0.0010846 2876
0.0010855 2876
0.0010865 2876
0.0010874 2876
0.0010884 2876
0.0010893 2876
0.0010903 2876
0.0010912 2876
0.0010921 2876
0.0010931 2876
0.001094 2876
0.001095 2876
0.0010959 2876
0.0010968 2876
0.0010978 2876
0.0010987 2876
0.0010997 2876
0.0011006 2876
0.0011016 2876
0.0011025 2876
0.0011034 2876
0.0011044 2876
0.0011053 2876
0.0011063 2876
0.0011072 2876
0.0011082 2876
0.0011091 2876
0.00111 2876
0.001111 2876
0.0011119 2876
0.0011129 2876
0.0011138 2876
0.0011148 2876
0.0011157 2876
0.0011166 2876
0.0011176 2876
0.0011185 2876
0.0011195 2876
0.0011204 2876
0.0011213 2876
0.0011223 2876
0.0011232 2876
0.0011242 2876
0.0011251 2876
0.0011261 2876
0.001127 2876
0.0011279 2876
0.0011289 2876
0.0011298 2876
0.0011308 2876
0.0011317 2876
0.0011327 2876
0.0011336 2876
0.0011345 2876
0.0011355 2876
0.0011364 2876
0.0011374 2876
0.0011383 2876
0.0011393 2876
0.0011402 2876
0.0011411 2876
0.0011421 2876
0.001143 2876
0.001144 2876
0.0011449 2876
0.0011458 2876
0.0011468 2876
0.0011477 2876
0.0011487 2876
0.0011496 2876
0.0011506 2876
0.0011515 2876
0.0011524 2876
0.0011534 2876
0.0011543 2876
0.0011553 2876
0.0011562 2876
0.0011572 2876
0.0011581 2876
0.001159 2876
0.00116 2876
0.0011609 2876
0.0011619 2876
0.0011628 2876
0.0011638 2876
0.0011647 2876
0.0011656 2876
0.0011666 2876
0.0011675 2876
0.0011685 2876
0.0011694 2876
0.0011703 2876
0.0011713 2876
0.0011722 2876
0.0011732 2876
0.0011741 2876
0.0011751 2876
0.001176 2876
0.0011769 2876
0.0011779 2876
0.0011788 2876
0.0011798 2876
0.0011807 2876
0.0011817 2876
0.0011826 2876
0.0011835 2876
0.0011845 2876
0.0011854 2876
0.0011864 2876
0.0011873 2876
0.0011883 2876
0.0011892 2876
0.0011901 2876
0.0011911 2876
0.001192 2876
0.001193 2876
0.0011939 2876
0.0011948 2876
0.0011958 2876
0.0011967 2876
0.0011977 2876
0.0011986 2876
0.0011996 2876
0.0012005 2876
0.0012014 2876
0.0012024 2876
0.0012033 2876
0.0012043 2876
0.0012052 2876
0.0012062 2876
0.0012071 2876
0.001208 2876
0.001209 2876
0.0012099 2876
0.0012109 2876
0.0012118 2876
0.0012128 2876
0.0012137 2876
0.0012146 2876
0.0012156 2876
0.0012165 2876
0.0012175 2876
0.0012184 2876
0.0012193 2876
0.0012203 2876
0.0012212 2876
0.0012222 2876
0.0012231 2876
0.0012241 2876
0.001225 2876
0.0012259 2876
0.0012269 2876
0.0012278 2876
0.0012288 2876
0.0012297 2876
0.0012307 2876
0.0012316 2876
0.0012325 2876
0.0012335 2876
0.0012344 2876
0.0012354 2876
0.0012363 2876
0.0012373 2876
0.0012382 2876
0.0012391 2876
0.0012401 2876
0.001241 2876
0.001242 2876
0.0012429 2876
0.0012438 2876
0.0012448 2876
0.0012457 2876
0.0012467 2876
0.0012476 2876
0.0012486 2876
0.0012495 2876
0.0012504 2876
0.0012514 2876
0.0012523 2876
0.0012533 2876
0.0012542 2876
0.0012552 2876
0.0012561 2876
0.001257 2876
0.001258 2876
0.0012589 2876
0.0012599 2876
0.0012608 2876
0.0012618 2876
0.0012627 2876
0.0012636 2876
0.0012646 2876
0.0012655 2876
0.0012665 2876
0.0012674 2876
0.0012683 2876
0.0012693 2876
0.0012702 2876
0.0012712 2876
0.0012721 2876
0.0012731 2876
0.001274 2876
0.0012749 2876
0.0012759 2876
0.0012768 2876
0.0012778 2876
0.0012787 2876
0.0012797 2876
0.0012806 2876
0.0012815 2876
0.0012825 2876
0.0012834 2876
0.0012844 2876
0.0012853 2876
0.0012863 2876
0.0012872 2876
0.0012881 2876
0.0012891 2876
0.00129 2876
0.001291 2876
0.0012919 2876
0.0012928 2876
0.0012938 2876
0.0012947 2876
0.0012957 2876
0.0012966 2876
0.0012976 2876
0.0012985 2876
0.0012994 2876
0.0013004 2876
0.0013013 2876
0.0013023 2876
0.0013032 2876
0.0013042 2876
0.0013051 2876
0.001306 2876
0.001307 2876
0.0013079 2876
0.0013089 2876
0.0013098 2876
0.0013108 2876
0.0013117 2876
0.0013126 2876
0.0013136 2876
0.0013145 2876
0.0013155 2876
0.0013164 2876
0.0013173 2876
0.0013183 2876
0.0013192 2876
0.0013202 2876
0.0013211 2876
0.0013221 2876
0.001323 2876
0.0013239 2876
0.0013249 2876
0.0013258 2876
0.0013268 2876
0.0013277 2876
0.0013287 2876
0.0013296 2876
0.0013305 2876
0.0013315 2876
0.0013324 2876
0.0013334 2876
0.0013343 2876
0.0013353 2876
0.0013362 2876
0.0013371 2876
0.0013381 2876
0.001339 2876
0.00134 2876
0.0013409 2876
0.0013418 2876
0.0013428 2876
0.0013437 2876
0.0013447 2876
0.0013456 2876
0.0013466 2876
0.0013475 2876
0.0013484 2876
0.0013494 2876
0.0013503 2876
0.0013513 2876
0.0013522 2876
0.0013532 2876
0.0013541 2876
0.001355 2876
0.001356 2876
0.0013569 2876
0.0013579 2876
0.0013588 2876
0.0013598 2876
0.0013607 2876
0.0013616 2876
0.0013626 2876
0.0013635 2876
0.0013645 2876
0.0013654 2876
0.0013663 2876
0.0013673 2876
0.0013682 2876
0.0013692 2876
0.0013701 2876
0.0013711 2876
0.001372 2876
0.0013729 2876
0.0013739 2876
0.0013748 2876
0.0013758 2876
0.0013767 2876
0.0013777 2876
0.0013786 2876
0.0013795 2876
0.0013805 2876
0.0013814 2876
0.0013824 2876
0.0013833 2876
0.0013843 2876
0.0013852 2876
0.0013861 2876
0.0013871 2876
0.001388 2876
0.001389 2876
0.0013899 2876
0.0013908 2876
0.0013918 2876
0.0013927 2876
0.0013937 2876
0.0013946 2876
0.0013956 2876
0.0013965 2876
0.0013974 2876
0.0013984 2876
0.0013993 2876
0.0014003 2876
0.0014012 2876
0.0014022 2876
0.0014031 2876
0.001404 2876
0.001405 2876
0.0014059 2876
0.0014069 2876
0.0014078 2876
0.0014088 2876
0.0014097 2876
0.0014106 2876
0.0014116 2876
0.0014125 2876
0.0014135 2876
0.0014144 2876
0.0014153 2876
0.0014163 2876
0.0014172 2876
0.0014182 2876
0.0014191 2876
0.0014201 2876
0.001421 2876
0.0014219 2876
0.0014229 2876
0.0014238 2876
0.0014248 2876
0.0014257 2876
0.0014267 2876
0.0014276 2876
0.0014285 2876
0.0014295 2876
0.0014304 2876
0.0014314 2876
0.0014323 2876
0.0014333 2876
0.0014342 2876
0.0014351 2876
0.0014361 2876
0.001437 2876
0.001438 2876
0.0014389 2876
0.0014398 2876
0.0014408 2876
0.0014417 2876
0.0014427 2876
0.0014436 2876
0.0014446 2876
0.0014455 2876
0.0014464 2876
0.0014474 2876
0.0014483 2876
0.0014493 2876
0.0014502 2876
0.0014512 2876
0.0014521 2876
0.001453 2876
0.001454 2876
0.0014549 2876
0.0014559 2876
0.0014568 2876
0.0014578 2876
0.0014587 2876
0.0014596 2876
0.0014606 2876
0.0014615 2876
0.0014625 2876
0.0014634 2876
0.0014643 2876
0.0014653 2876
0.0014662 2876
0.0014672 2876
0.0014681 2876
0.0014691 2876
0.00147 2876
0.0014709 2876
0.0014719 2876
0.0014728 2876
0.0014738 2876
0.0014747 2876
0.0014757 2876
0.0014766 2876
0.0014775 2876
0.0014785 2876
0.0014794 2876
0.0014804 2876
0.0014813 2876
0.0014823 2876
0.0014832 2876
0.0014841 2876
0.0014851 2876
0.001486 2876
0.001487 2876
0.0014879 2876
0.0014888 2876
0.0014898 2876
0.0014907 2876
0.0014917 2876
0.0014926 2876
0.0014936 2876
0.0014945 2876
0.0014954 2876
0.0014964 2876
0.0014973 2876
0.0014983 2876
0.0014992 2876
0.0015002 2876
0.0015011 2876
0.001502 2876
0.001503 2876
0.0015039 2876
0.0015049 2876
0.0015058 2876
0.0015068 2876
0.0015077 2876
0.0015086 2876
0.0015096 2876
0.0015105 2876
0.0015115 2876
0.0015124 2876
0.0015133 2876
0.0015143 2876
0.0015152 2876
0.0015162 2876
0.0015171 2876
0.0015181 2876
0.001519 2876
0.0015199 2876
0.0015209 2876
0.0015218 2876
0.0015228 2876
0.0015237 2876
0.0015247 2876
0.0015256 2876
0.0015265 2876
0.0015275 2876
0.0015284 2876
0.0015294 2876
0.0015303 2876
0.0015313 2876
0.0015322 2876
0.0015331 2876
0.0015341 2876
0.001535 2876
0.001536 2876
0.0015369 2876
0.0015378 2876
0.0015388 2876
0.0015397 2876
0.0015407 2876
0.0015416 2876
0.0015426 2876
0.0015435 2876
0.0015444 2876
0.0015454 2876
0.0015463 2876
0.0015473 2876
0.0015482 2876
0.0015492 2876
0.0015501 2876
0.001551 2876
0.001552 2876
0.0015529 2876
0.0015539 2876
0.0015548 2876
0.0015558 2876
0.0015567 2876
0.0015576 2876
0.0015586 2876
0.0015595 2876
0.0015605 2876
0.0015614 2876
0.0015623 2876
0.0015633 2876
0.0015642 2876
0.0015652 2876
0.0015661 2876
0.0015671 2876
0.001568 2876
0.0015689 2876
0.0015699 2876
0.0015708 2876
0.0015718 2876
0.0015727 2876
0.0015737 2876
0.0015746 2876
0.0015755 2876
0.0015765 2876
0.0015774 2876
0.0015784 2876
0.0015793 2876
0.0015803 2876
0.0015812 2876
0.0015821 2876
0.0015831 2876
0.001584 2876
0.001585 2876
0.0015859 2876
0.0015868 2876
0.0015878 2876
0.0015887 2876
0.0015897 2876
0.0015906 2876
0.0015916 2876
0.0015925 2876
0.0015934 2876
0.0015944 2876
0.0015953 2876
0.0015963 2876
0.0015972 2876
0.0015982 2876
0.0015991 2876
0.0016 2876
0.001601 2876
0.0016019 2876
0.0016029 2876
0.0016038 2876
0.0016048 2876
0.0016057 2876
0.0016066 2876
0.0016076 2876
0.0016085 2876
0.0016095 2876
0.0016104 2876
0.0016113 2876
0.0016123 2876
0.0016132 2876
0.0016142 2876
0.0016151 2876
0.0016161 2876
0.001617 2876
0.0016179 2876
0.0016189 2876
0.0016198 2876
0.0016208 2876
0.0016217 2876
0.0016227 2876
0.0016236 2876
0.0016245 2876
0.0016255 2876
0.0016264 2876
0.0016274 2876
0.0016283 2876
0.0016293 2876
0.0016302 2876
0.0016311 2876
0.0016321 2876
0.001633 2876
0.001634 2876
0.0016349 2876
0.0016358 2876
0.0016368 2876
0.0016377 2876
0.0016387 2876
0.0016396 2876
0.0016406 2876
0.0016415 2876
0.0016424 2876
0.0016434 2876
0.0016443 2876
0.0016453 2876
0.0016462 2876
0.0016472 2876
0.0016481 2876
0.001649 2876
0.00165 2876
0.0016509 2876
0.0016519 2876
0.0016528 2876
0.0016538 2876
0.0016547 2876
0.0016556 2876
0.0016566 2876
0.0016575 2876
0.0016585 2876
0.0016594 2876
0.0016603 2876
0.0016613 2876
0.0016622 2876
0.0016632 2876
0.0016641 2876
0.0016651 2876
0.001666 2876
0.0016669 2876
0.0016679 2876
0.0016688 2876
0.0016698 2876
0.0016707 2876
0.0016717 2876
0.0016726 2876
0.0016735 2876
0.0016745 2876
0.0016754 2876
0.0016764 2876
0.0016773 2876
0.0016783 2876
0.0016792 2876
0.0016801 2876
0.0016811 2876
0.001682 2876
0.001683 2876
0.0016839 2876
0.0016848 2876
0.0016858 2876
0.0016867 2876
0.0016877 2876
0.0016886 2876
0.0016896 2876
0.0016905 2876
0.0016914 2876
0.0016924 2876
0.0016933 2876
0.0016943 2876
0.0016952 2876
0.0016962 2876
0.0016971 2876
0.001698 2876
0.001699 2876
0.0016999 2876
0.0017009 2876
0.0017018 2876
0.0017028 2876
0.0017037 2876
0.0017046 2876
0.0017056 2876
0.0017065 2876
0.0017075 2876
0.0017084 2876
0.0017093 2876
0.0017103 2876
0.0017112 2876
0.0017122 2876
0.0017131 2876
0.0017141 2876
0.001715 2876
0.0017159 2876
0.0017169 2876
0.0017178 2876
0.0017188 2876
0.0017197 2876
0.0017207 2876
0.0017216 2876
0.0017225 2876
0.0017235 2876
0.0017244 2876
0.0017254 2876
0.0017263 2876
0.0017273 2876
0.0017282 2876
0.0017291 2876
0.0017301 2876
0.001731 2876
0.001732 2876
0.0017329 2876
0.0017338 2876
0.0017348 2876
0.0017357 2876
0.0017367 2876
0.0017376 2876
0.0017386 2876
0.0017395 2876
0.0017404 2876
0.0017414 2876
0.0017423 2876
0.0017433 2876
0.0017442 2876
0.0017452 2876
0.0017461 2876
0.001747 2876
0.001748 2876
0.0017489 2876
0.0017499 2876
0.0017508 2876
0.0017518 2876
0.0017527 2876
0.0017536 2876
0.0017546 2876
0.0017555 2876
0.0017565 2876
0.0017574 2876
0.0017583 2876
0.0017593 2876
0.0017602 2876
0.0017612 2876
0.0017621 2876
0.0017631 2876
0.001764 2876
0.0017649 2876
0.0017659 2876
0.0017668 2876
0.0017678 2876
0.0017687 2876
0.0017697 2876
0.0017706 2876
0.0017715 2876
0.0017725 2876
0.0017734 2876
0.0017744 2876
0.0017753 2876
0.0017763 2876
0.0017772 2876
0.0017781 2876
0.0017791 2876
0.00178 2876
0.001781 2876
0.0017819 2876
0.0017828 2876
0.0017838 2876
0.0017847 2876
0.0017857 2876
0.0017866 2876
0.0017876 2876
0.0017885 2876
0.0017894 2876
0.0017904 2876
0.0017913 2876
0.0017923 2876
0.0017932 2876
0.0017942 2876
0.0017951 2876
0.001796 2876
0.001797 2876
0.0017979 2876
0.0017989 2876
0.0017998 2876
0.0018008 2876
0.0018017 2876
0.0018026 2876
0.0018036 2876
0.0018045 2876
0.0018055 2876
0.0018064 2876
0.0018073 2876
0.0018083 2876
0.0018092 2876
0.0018102 2876
0.0018111 2876
0.0018121 2876
0.001813 2876
0.0018139 2876
0.0018149 2876
0.0018158 2876
0.0018168 2876
0.0018177 2876
0.0018187 2876
0.0018196 2876
0.0018205 2876
0.0018215 2876
0.0018224 2876
0.0018234 2876
0.0018243 2876
0.0018253 2876
0.0018262 2876
0.0018271 2876
0.0018281 2876
0.001829 2876
0.00183 2876
0.0018309 2876
0.0018318 2876
0.0018328 2876
0.0018337 2876
0.0018347 2876
0.0018356 2876
0.0018366 2876
0.0018375 2876
0.0018384 2876
0.0018394 2876
0.0018403 2876
0.0018413 2876
0.0018422 2876
0.0018432 2876
0.0018441 2876
0.001845 2876
0.001846 2876
0.0018469 2876
0.0018479 2876
0.0018488 2876
0.0018498 2876
0.0018507 2876
0.0018516 2876
0.0018526 2876
0.0018535 2876
0.0018545 2876
0.0018554 2876
0.0018563 2876
0.0018573 2876
0.0018582 2876
0.0018592 2876
0.0018601 2876
0.0018611 2876
0.001862 2876
0.0018629 2876
0.0018639 2876
0.0018648 2876
0.0018658 2876
0.0018667 2876
0.0018677 2876
0.0018686 2876
0.0018695 2876
0.0018705 2876
0.0018714 2876
0.0018724 2876
0.0018733 2876
0.0018743 2876
0.0018752 2876
0.0018761 2876
0.0018771 2876
0.001878 2876
0.001879 2876
0.0018799 2876
0.0018808 2876
0.0018818 2876
0.0018827 2876
0.0018837 2876
0.0018846 2876
0.0018856 2876
0.0018865 2876
0.0018874 2876
0.0018884 2876
0.0018893 2876
0.0018903 2876
0.0018912 2876
0.0018922 2876
0.0018931 2876
0.001894 2876
0.001895 2876
0.0018959 2876
0.0018969 2876
0.0018978 2876
0.0018988 2876
0.0018997 2876
0.0019006 2876
0.0019016 2876
0.0019025 2876
0.0019035 2876
0.0019044 2876
0.0019053 2876
0.0019063 2876
0.0019072 2876
0.0019082 2876
0.0019091 2876
0.0019101 2876
0.001911 2876
0.0019119 2876
0.0019129 2876
0.0019138 2876
0.0019148 2876
0.0019157 2876
0.0019167 2876
0.0019176 2876
0.0019185 2876
0.0019195 2876
0.0019204 2876
0.0019214 2876
0.0019223 2876
0.0019233 2876
0.0019242 2876
0.0019251 2876
0.0019261 2876
0.001927 2876
0.001928 2876
0.0019289 2876
0.0019298 2876
0.0019308 2876
0.0019317 2876
0.0019327 2876
0.0019336 2876
0.0019346 2876
0.0019355 2876
0.0019364 2876
0.0019374 2876
0.0019383 2876
0.0019393 2876
0.0019402 2876
0.0019412 2876
0.0019421 2876
0.001943 2876
0.001944 2876
0.0019449 2876
0.0019459 2876
0.0019468 2876
0.0019478 2876
0.0019487 2876
0.0019496 2876
0.0019506 2876
0.0019515 2876
0.0019525 2876
0.0019534 2876
0.0019543 2876
0.0019553 2876
0.0019562 2876
0.0019572 2876
0.0019581 2876
0.0019591 2876
0.00196 2876
0.0019609 2876
0.0019619 2876
0.0019628 2876
0.0019638 2876
0.0019647 2876
0.0019657 2876
0.0019666 2876
0.0019675 2876
0.0019685 2876
0.0019694 2876
0.0019704 2876
0.0019713 2876
0.0019723 2876
0.0019732 2876
0.0019741 2876
0.0019751 2876
0.001976 2876
0.001977 2876
0.0019779 2876
0.0019788 2876
0.0019798 2876
0.0019807 2876
0.0019817 2876
0.0019826 2876
0.0019836 2876
0.0019845 2876
0.0019854 2876
0.0019864 2876
0.0019873 2876
0.0019883 2876
0.0019892 2876
0.0019902 2876
0.0019911 2876
0.001992 2876
0.001993 2876
0.0019939 2876
0.0019949 2876
0.0019958 2876
0.0019968 2876
0.0019977 2876
0.0019986 2876
0.0019996 2876
0.0020005 2876
0.0020015 2876
0.0020024 2876
0.0020033 2876
0.0020043 2876
0.0020052 2876
0.0020062 2876
0.0020071 2876
0.0020081 2876
0.002009 2876
0.0020099 2876
0.0020109 2876
0.0020118 2876
0.0020128 2876
0.0020137 2876
0.0020147 2876
0.0020156 2876
0.0020165 2876
0.0020175 2876
0.0020184 2876
0.0020194 2876
0.0020203 2876
0.0020213 2876
0.0020222 2876
0.0020231 2876
0.0020241 2876
0.002025 2876
0.002026 2876
0.0020269 2876
0.0020278 2876
0.0020288 2876
0.0020297 2876
0.0020307 2876
0.0020316 2876
0.0020326 2876
0.0020335 2876
0.0020344 2876
0.0020354 2876
0.0020363 2876
0.0020373 2876
0.0020382 2876
0.0020392 2876
0.0020401 2876
0.002041 2876
0.002042 2876
0.0020429 2876
0.0020439 2876
0.0020448 2876
0.0020458 2876
0.0020467 2876
0.0020476 2876
0.0020486 2876
0.0020495 2876
0.0020505 2876
0.0020514 2876
0.0020523 2876
0.0020533 2876
0.0020542 2876
0.0020552 2876
0.0020561 2876
0.0020571 2876
0.002058 2876
0.0020589 2876
0.0020599 2876
0.0020608 2876
0.0020618 2876
0.0020627 2876
0.0020637 2876
0.0020646 2876
0.0020655 2876
0.0020665 2876
0.0020674 2876
0.0020684 2876
0.0020693 2876
0.0020703 2876
0.0020712 2876
0.0020721 2876
0.0020731 2876
0.002074 2876
0.002075 2876
0.0020759 2876
0.0020768 2876
0.0020778 2876
0.0020787 2876
0.0020797 2876
0.0020806 2876
0.0020816 2876
0.0020825 2876
0.0020834 2876
0.0020844 2876
0.0020853 2876
0.0020863 2876
0.0020872 2876
0.0020882 2876
0.0020891 2876
0.00209 2876
0.002091 2876
0.0020919 2876
0.0020929 2876
0.0020938 2876
0.0020948 2876
0.0020957 2876
0.0020966 2876
0.0020976 2876
0.0020985 2876
0.0020995 2876
0.0021004 2876
0.0021013 2876
0.0021023 2876
0.0021032 2876
0.0021042 2876
0.0021051 2876
0.0021061 2876
0.002107 2876
0.0021079 2876
0.0021089 2876
0.0021098 2876
0.0021108 2876
0.0021117 2876
0.0021127 2876
0.0021136 2876
0.0021145 2876
0.0021155 2876
0.0021164 2876
0.0021174 2876
0.0021183 2876
0.0021193 2876
0.0021202 2876
0.0021211 2876
0.0021221 2876
0.002123 2876
0.002124 2876
0.0021249 2876
0.0021258 2876
0.0021268 2876
0.0021277 2876
0.0021287 2876
0.0021296 2876
0.0021306 2876
0.0021315 2876
0.0021324 2876
0.0021334 2876
0.0021343 2876
0.0021353 2876
0.0021362 2876
0.0021372 2876
0.0021381 2876
0.002139 2876
0.00214 2876
0.0021409 2876
0.0021419 2876
0.0021428 2876
0.0021438 2876
0.0021447 2876
0.0021456 2876
0.0021466 2876
0.0021475 2876
0.0021485 2876
0.0021494 2876
0.0021503 2876
0.0021513 2876
0.0021522 2876
0.0021532 2876
0.0021541 2876
0.0021551 2876
0.002156 2876
0.0021569 2876
0.0021579 2876
0.0021588 2876
0.0021598 2876
0.0021607 2876
0.0021617 2876
0.0021626 2876
0.0021635 2876
0.0021645 2876
0.0021654 2876
0.0021664 2876
0.0021673 2876
0.0021683 2876
0.0021692 2876
0.0021701 2876
0.0021711 2876
0.002172 2876
0.002173 2876
0.0021739 2876
0.0021748 2876
0.0021758 2876
0.0021767 2876
0.0021777 2876
0.0021786 2876
0.0021796 2876
0.0021805 2876
0.0021814 2876
0.0021824 2876
0.0021833 2876
0.0021843 2876
0.0021852 2876
0.0021862 2876
0.0021871 2876
0.002188 2876
0.002189 2876
0.0021899 2876
0.0021909 2876
0.0021918 2876
0.0021928 2876
0.0021937 2876
0.0021946 2876
0.0021956 2876
0.0021965 2876
0.0021975 2876
0.0021984 2876
0.0021993 2876
0.0022003 2876
0.0022012 2876
0.0022022 2876
0.0022031 2876
0.0022041 2876
0.002205 2876
0.0022059 2876
0.0022069 2876
0.0022078 2876
0.0022088 2876
0.0022097 2876
0.0022107 2876
0.0022116 2876
0.0022125 2876
0.0022135 2876
0.0022144 2876
0.0022154 2876
0.0022163 2876
0.0022173 2876
0.0022182 2876
0.0022191 2876
0.0022201 2876
0.002221 2876
0.002222 2876
0.0022229 2876
0.0022238 2876
0.0022248 2876
0.0022257 2876
0.0022267 2876
0.0022276 2876
0.0022286 2876
0.0022295 2876
0.0022304 2876
0.0022314 2876
0.0022323 2876
0.0022333 2876
0.0022342 2876
0.0022352 2876
0.0022361 2876
0.002237 2876
0.002238 2876
0.0022389 2876
0.0022399 2876
0.0022408 2876
0.0022418 2876
0.0022427 2876
0.0022436 2876
0.0022446 2876
0.0022455 2876
0.0022465 2876
0.0022474 2876
0.0022483 2876
0.0022493 2876
0.0022502 2876
0.0022512 2876
0.0022521 2876
0.0022531 2876
0.002254 2876
0.0022549 2876
0.0022559 2876
0.0022568 2876
0.0022578 2876
0.0022587 2876
0.0022597 2876
0.0022606 2876
0.0022615 2876
0.0022625 2876
0.0022634 2876
0.0022644 2876
0.0022653 2876
0.0022663 2876
0.0022672 2876
0.0022681 2876
0.0022691 2876
0.00227 2876
0.002271 2876
0.0022719 2876
0.0022728 2876
0.0022738 2876
0.0022747 2876
0.0022757 2876
0.0022766 2876
0.0022776 2876
0.0022785 2876
0.0022794 2876
0.0022804 2876
0.0022813 2876
0.0022823 2876
0.0022832 2876
0.0022842 2876
0.0022851 2876
0.002286 2876
0.002287 2876
0.0022879 2876
0.0022889 2876
0.0022898 2876
0.0022908 2876
0.0022917 2876
0.0022926 2876
0.0022936 2876
0.0022945 2876
0.0022955 2876
0.0022964 2876
0.0022973 2876
0.0022983 2876
0.0022992 2876
0.0023002 2876
0.0023011 2876
0.0023021 2876
0.002303 2876
0.0023039 2876
0.0023049 2876
0.0023058 2876
0.0023068 2876
0.0023077 2876
0.0023087 2876
0.0023096 2876
0.0023105 2876
0.0023115 2876
0.0023124 2876
0.0023134 2876
0.0023143 2876
0.0023153 2876
0.0023162 2876
0.0023171 2876
0.0023181 2876
0.002319 2876
0.00232 2876
0.0023209 2876
0.0023218 2876
0.0023228 2876
0.0023237 2876
0.0023247 2876
0.0023256 2876
0.0023266 2876
0.0023275 2876
0.0023284 2876
0.0023294 2876
0.0023303 2876
0.0023313 2876
0.0023322 2876
0.0023332 2876
0.0023341 2876
0.002335 2876
0.002336 2876
0.0023369 2876
0.0023379 2876
0.0023388 2876
0.0023398 2876
0.0023407 2876
0.0023416 2876
0.0023426 2876
0.0023435 2876
0.0023445 2876
0.0023454 2876
0.0023463 2876
0.0023473 2876
0.0023482 2876
0.0023492 2876
0.0023501 2876
0.0023511 2876
0.002352 2876
0.0023529 2876
0.0023539 2876
0.0023548 2876
0.0023558 2876
0.0023567 2876
0.0023577 2876
0.0023586 2876
0.0023595 2876
0.0023605 2876
0.0023614 2876
0.0023624 2876
0.0023633 2876
0.0023643 2876
0.0023652 2876
0.0023661 2876
0.0023671 2876
0.002368 2876
0.002369 2876
0.0023699 2876
0.0023708 2876
0.0023718 2876
0.0023727 2876
0.0023737 2876
0.0023746 2876
0.0023756 2876
0.0023765 2876
0.0023774 2876
0.0023784 2876
0.0023793 2876
0.0023803 2876
0.0023812 2876
0.0023822 2876
0.0023831 2876
0.002384 2876
0.002385 2876
0.0023859 2876
0.0023869 2876
0.0023878 2876
0.0023888 2876
0.0023897 2876
0.0023906 2876
0.0023916 2876
0.0023925 2876
0.0023935 2876
0.0023944 2876
0.0023953 2876
0.0023963 2876
0.0023972 2876
0.0023982 2876
0.0023991 2876
0.0024001 2876
0.002401 2876
0.0024019 2876
0.0024029 2876
0.0024038 2876
0.0024048 2876
0.0024057 2876
0.0024067 2876
0.0024076 2876
0.0024085 2876
0.0024095 2876
0.0024104 2876
0.0024114 2876
0.0024123 2876
0.0024133 2876
0.0024142 2876
0.0024151 2876
0.0024161 2876
0.002417 2876
0.002418 2876
0.0024189 2876
0.0024198 2876
0.0024208 2876
0.0024217 2876
0.0024227 2876
0.0024236 2876
0.0024246 2876
0.0024255 2876
0.0024264 2876
0.0024274 2876
0.0024283 2876
0.0024293 2876
0.0024302 2876
0.0024312 2876
0.0024321 2876
0.002433 2876
0.002434 2876
0.0024349 2876
0.0024359 2876
0.0024368 2876
0.0024378 2876
0.0024387 2876
0.0024396 2876
0.0024406 2876
0.0024415 2876
0.0024425 2876
0.0024434 2876
0.0024443 2876
0.0024453 2876
0.0024462 2876
0.0024472 2876
0.0024481 2876
0.0024491 2876
0.00245 2876
0.0024509 2876
0.0024519 2876
0.0024528 2876
0.0024538 2876
0.0024547 2876
0.0024557 2876
0.0024566 2876
0.0024575 2876
0.0024585 2876
0.0024594 2876
0.0024604 2876
0.0024613 2876
0.0024623 2876
0.0024632 2876
0.0024641 2876
0.0024651 2876
0.002466 2876
0.002467 2876
0.0024679 2876
0.0024688 2876
0.0024698 2876
0.0024707 2876
0.0024717 2876
0.0024726 2876
0.0024736 2876
0.0024745 2876
0.0024754 2876
0.0024764 2876
0.0024773 2876
0.0024783 2876
0.0024792 2876
0.0024802 2876
0.0024811 2876
0.002482 2876
0.002483 2876
0.0024839 2876
0.0024849 2876
0.0024858 2876
0.0024868 2876
0.0024877 2876
0.0024886 2876
0.0024896 2876
0.0024905 2876
0.0024915 2876
0.0024924 2876
0.0024933 2876
0.0024943 2876
0.0024952 2876
0.0024962 2876
0.0024971 2876
0.0024981 2876
0.002499 2876
0.0024999 2876
0.0025009 2876
0.0025018 2876
0.0025028 2876
0.0025037 2876
0.0025047 2876
0.0025056 2876
0.0025065 2876
0.0025075 2876
0.0025084 2876
0.0025094 2876
0.0025103 2876
0.0025113 2876
0.0025122 2876
0.0025131 2876
0.0025141 2876
0.002515 2876
0.002516 2876
0.0025169 2876
0.0025178 2876
0.0025188 2876
0.0025197 2876
0.0025207 2876
0.0025216 2876
0.0025226 2876
0.0025235 2876
0.0025244 2876
0.0025254 2876
0.0025263 2876
0.0025273 2876
0.0025282 2876
0.0025292 2876
0.0025301 2876
0.002531 2876
0.002532 2876
0.0025329 2876
0.0025339 2876
0.0025348 2876
0.0025358 2876
0.0025367 2876
0.0025376 2876
0.0025386 2876
0.0025395 2876
0.0025405 2876
0.0025414 2876
0.0025423 2876
0.0025433 2876
0.0025442 2876
0.0025452 2876
0.0025461 2876
0.0025471 2876
0.002548 2876
0.0025489 2876
0.0025499 2876
0.0025508 2876
0.0025518 2876
0.0025527 2876
0.0025537 2876
0.0025546 2876
0.0025555 2876
0.0025565 2876
0.0025574 2876
0.0025584 2876
0.0025593 2876
0.0025603 2876
0.0025612 2876
0.0025621 2876
0.0025631 2876
0.002564 2876
0.002565 2876
0.0025659 2876
0.0025668 2876
0.0025678 2876
0.0025687 2876
0.0025697 2876
0.0025706 2876
0.0025716 2876
0.0025725 2876
0.0025734 2876
0.0025744 2876
0.0025753 2876
0.0025763 2876
0.0025772 2876
0.0025782 2876
0.0025791 2876
0.00258 2876
0.002581 2876
0.0025819 2876
0.0025829 2876
0.0025838 2876
0.0025848 2876
0.0025857 2876
0.0025866 2876
0.0025876 2876
0.0025885 2876
0.0025895 2876
0.0025904 2876
0.0025913 2876
0.0025923 2876
0.0025932 2876
0.0025942 2876
0.0025951 2876
0.0025961 2876
0.002597 2876
0.0025979 2876
0.0025989 2876
0.0025998 2876
0.0026008 2876
0.0026017 2876
0.0026027 2876
0.0026036 2876
0.0026045 2876
0.0026055 2876
0.0026064 2876
0.0026074 2876
0.0026083 2876
0.0026093 2876
0.0026102 2876
0.0026111 2876
0.0026121 2876
0.002613 2876
0.002614 2876
0.0026149 2876
0.0026158 2876
0.0026168 2876
0.0026177 2876
0.0026187 2876
0.0026196 2876
0.0026206 2876
0.0026215 2876
0.0026224 2876
0.0026234 2876
0.0026243 2876
0.0026253 2876
0.0026262 2876
0.0026272 2876
0.0026281 2876
0.002629 2876
0.00263 2876
0.0026309 2876
0.0026319 2876
0.0026328 2876
0.0026338 2876
0.0026347 2876
0.0026356 2876
0.0026366 2876
0.0026375 2876
0.0026385 2876
0.0026394 2876
0.0026403 2876
0.0026413 2876
0.0026422 2876
0.0026432 2876
0.0026441 2876
0.0026451 2876
0.002646 2876
0.0026469 2876
0.0026479 2876
0.0026488 2876
0.0026498 2876
0.0026507 2876
0.0026517 2876
0.0026526 2876
0.0026535 2876
0.0026545 2876
0.0026554 2876
0.0026564 2876
0.0026573 2876
0.0026583 2876
0.0026592 2876
0.0026601 2876
0.0026611 2876
0.002662 2876
0.002663 2876
0.0026639 2876
0.0026648 2876
0.0026658 2876
0.0026667 2876
0.0026677 2876
0.0026686 2876
0.0026696 2876
0.0026705 2876
0.0026714 2876
0.0026724 2876
0.0026733 2876
0.0026743 2876
0.0026752 2876
0.0026762 2876
0.0026771 2876
0.002678 2876
0.002679 2876
0.0026799 2876
0.0026809 2876
0.0026818 2876
0.0026828 2876
0.0026837 2876
0.0026846 2876
0.0026856 2876
0.0026865 2876
0.0026875 2876
0.0026884 2876
0.0026893 2876
0.0026903 2876
0.0026912 2876
0.0026922 2876
0.0026931 2876
0.0026941 2876
0.002695 2876
0.0026959 2876
0.0026969 2876
0.0026978 2876
0.0026988 2876
0.0026997 2876
0.0027007 2876
0.0027016 2876
0.0027025 2876
0.0027035 2876
0.0027044 2876
0.0027054 2876
0.0027063 2876
0.0027073 2876
0.0027082 2876
0.0027091 2876
0.0027101 2876
0.002711 2876
0.002712 2876
0.0027129 2876
0.0027138 2876
0.0027148 2876
0.0027157 2876
0.0027167 2876
0.0027176 2876
0.0027186 2876
0.0027195 2876
0.0027204 2876
0.0027214 2876
0.0027223 2876
0.0027233 2876
0.0027242 2876
0.0027252 2876
0.0027261 2876
0.002727 2876
0.002728 2876
0.0027289 2876
0.0027299 2876
0.0027308 2876
0.0027318 2876
0.0027327 2876
0.0027336 2876
0.0027346 2876
0.0027355 2876
0.0027365 2876
0.0027374 2876
0.0027383 2876
0.0027393 2876
0.0027402 2876
0.0027412 2876
0.0027421 2876
0.0027431 2876
0.002744 2876
0.0027449 2876
0.0027459 2876
0.0027468 2876
0.0027478 2876
0.0027487 2876
0.0027497 2876
0.0027506 2876
0.0027515 2876
0.0027525 2876
0.0027534 2876
0.0027544 2876
0.0027553 2876
0.0027563 2876
0.0027572 2876
0.0027581 2876
0.0027591 2876
0.00276 2876
0.002761 2876
0.0027619 2876
0.0027628 2876
0.0027638 2876
0.0027647 2876
0.0027657 2876
0.0027666 2876
0.0027676 2876
0.0027685 2876
0.0027694 2876
0.0027704 2876
0.0027713 2876
0.0027723 2876
0.0027732 2876
0.0027742 2876
0.0027751 2876
0.002776 2876
0.002777 2876
0.0027779 2876
0.0027789 2876
0.0027798 2876
0.0027808 2876
0.0027817 2876
0.0027826 2876
0.0027836 2876
0.0027845 2876
0.0027855 2876
0.0027864 2876
0.0027873 2876
0.0027883 2876
0.0027892 2876
0.0027902 2876
0.0027911 2876
0.0027921 2876
0.002793 2876
0.0027939 2876
0.0027949 2876
0.0027958 2876
0.0027968 2876
0.0027977 2876
0.0027987 2876
0.0027996 2876
0.0028005 2876
0.0028015 2876
0.0028024 2876
0.0028034 2876
0.0028043 2876
0.0028053 2876
0.0028062 2876
0.0028071 2876
0.0028081 2876
0.002809 2876
0.00281 2876
0.0028109 2876
0.0028118 2876
0.0028128 2876
0.0028137 2876
0.0028147 2876
0.0028156 2876
0.0028166 2876
0.0028175 2876
0.0028184 2876
0.0028194 2876
0.0028203 2876
0.0028213 2876
0.0028222 2876
0.0028232 2876
0.0028241 2876
0.002825 2876
0.002826 2876
0.0028269 2876
0.0028279 2876
0.0028288 2876
0.0028298 2876
0.0028307 2876
0.0028316 2876
0.0028326 2876
0.0028335 2876
0.0028345 2876
0.0028354 2876
0.0028363 2876
0.0028373 2876
0.0028382 2876
0.0028392 2876
0.0028401 2876
0.0028411 2876
0.002842 2876
0.0028429 2876
0.0028439 2876
0.0028448 2876
0.0028458 2876
0.0028467 2876
0.0028477 2876
0.0028486 2876
0.0028495 2876
0.0028505 2876
0.0028514 2876
0.0028524 2876
0.0028533 2876
0.0028543 2876
0.0028552 2876
0.0028561 2876
0.0028571 2876
0.002858 2876
0.002859 2876
0.0028599 2876
0.0028608 2876
0.0028618 2876
0.0028627 2876
0.0028637 2876
0.0028646 2876
0.0028656 2876
0.0028665 2876
0.0028674 2876
0.0028684 2876
0.0028693 2876
0.0028703 2876
0.0028712 2876
0.0028722 2876
0.0028731 2876
0.002874 2876
0.002875 2876
0.0028759 2876
0.0028769 2876
0.0028778 2876
0.0028788 2876
0.0028797 2876
0.0028806 2876
0.0028816 2876
0.0028825 2876
0.0028835 2876
0.0028844 2876
0.0028853 2876
0.0028863 2876
0.0028872 2876
0.0028882 2876
0.0028891 2876
0.0028901 2876
0.002891 2876
0.0028919 2876
0.0028929 2876
0.0028938 2876
0.0028948 2876
0.0028957 2876
0.0028967 2876
0.0028976 2876
0.0028985 2876
0.0028995 2876
0.0029004 2876
0.0029014 2876
0.0029023 2876
0.0029033 2876
0.0029042 2876
0.0029051 2876
0.0029061 2876
0.002907 2876
0.002908 2876
0.0029089 2876
0.0029098 2876
0.0029108 2876
0.0029117 2876
0.0029127 2876
0.0029136 2876
0.0029146 2876
0.0029155 2876
0.0029164 2876
0.0029174 2876
0.0029183 2876
0.0029193 2876
0.0029202 2876
0.0029212 2876
0.0029221 2876
0.002923 2876
0.002924 2876
0.0029249 2876
0.0029259 2876
0.0029268 2876
0.0029278 2876
0.0029287 2876
0.0029296 2876
0.0029306 2876
0.0029315 2876
0.0029325 2876
0.0029334 2876
0.0029343 2876
0.0029353 2876
0.0029362 2876
0.0029372 2876
0.0029381 2876
0.0029391 2876
0.00294 2876
0.0029409 2876
0.0029419 2876
0.0029428 2876
0.0029438 2876
0.0029447 2876
0.0029457 2876
0.0029466 2876
0.0029475 2876
0.0029485 2876
0.0029494 2876
0.0029504 2876
0.0029513 2876
0.0029523 2876
0.0029532 2876
0.0029541 2876
0.0029551 2876
0.002956 2876
0.002957 2876
0.0029579 2876
0.0029588 2876
0.0029598 2876
0.0029607 2876
0.0029617 2876
0.0029626 2876
0.0029636 2876
0.0029645 2876
0.0029654 2876
0.0029664 2876
0.0029673 2876
0.0029683 2876
0.0029692 2876
0.0029702 2876
0.0029711 2876
0.002972 2876
0.002973 2876
0.0029739 2876
0.0029749 2876
0.0029758 2876
0.0029768 2876
0.0029777 2876
0.0029786 2876
0.0029796 2876
0.0029805 2876
0.0029815 2876
0.0029824 2876
0.0029833 2876
0.0029843 2876
0.0029852 2876
0.0029862 2876
0.0029871 2876
0.0029881 2876
0.002989 2876
0.0029899 2876
0.0029909 2876
0.0029918 2876
0.0029928 2876
0.0029937 2876
0.0029947 2876
0.0029956 2876
0.0029965 2876
0.0029975 2876
0.0029984 2876
0.0029994 2876
0.0030003 2876
0.0030013 2876
0.0030022 2876
0.0030031 2876
0.0030041 2876
0.003005 2876
0.003006 2876
0.0030069 2876
0.0030078 2876
0.0030088 2876
0.0030097 2876
0.0030107 2876
0.0030116 2876
0.0030126 2876
0.0030135 2876
0.0030144 2876
0.0030154 2876
0.0030163 2876
0.0030173 2876
0.0030182 2876
0.0030192 2876
0.0030201 2876
0.003021 2876
0.003022 2876
0.0030229 2876
0.0030239 2876
0.0030248 2876
0.0030258 2876
0.0030267 2876
0.0030276 2876
0.0030286 2876
0.0030295 2876
0.0030305 2876
0.0030314 2876
0.0030323 2876
0.0030333 2876
0.0030342 2876
0.0030352 2876
0.0030361 2876
0.0030371 2876
0.003038 2876
0.0030389 2876
0.0030399 2876
0.0030408 2876
0.0030418 2876
0.0030427 2876
0.0030437 2876
0.0030446 2876
0.0030455 2876
0.0030465 2876
0.0030474 2876
0.0030484 2876
0.0030493 2876
0.0030503 2876
0.0030512 2876
0.0030521 2876
0.0030531 2876
0.003054 2876
0.003055 2876
0.0030559 2876
0.0030568 2876
0.0030578 2876
0.0030587 2876
0.0030597 2876
0.0030606 2876
0.0030616 2876
0.0030625 2876
0.0030634 2876
0.0030644 2876
0.0030653 2876
0.0030663 2876
0.0030672 2876
0.0030682 2876
0.0030691 2876
0.00307 2876
0.003071 2876
0.0030719 2876
0.0030729 2876
0.0030738 2876
0.0030748 2876
0.0030757 2876
0.0030766 2876
0.0030776 2876
0.0030785 2876
0.0030795 2876
0.0030804 2876
0.0030813 2876
0.0030823 2876
0.0030832 2876
0.0030842 2876
0.0030851 2876
0.0030861 2876
0.003087 2876
0.0030879 2876
0.0030889 2876
0.0030898 2876
0.0030908 2876
0.0030917 2876
0.0030927 2876
0.0030936 2876
0.0030945 2876
0.0030955 2876
0.0030964 2876
0.0030974 2876
0.0030983 2876
0.0030993 2876
0.0031002 2876
0.0031011 2876
0.0031021 2876
0.003103 2876
0.003104 2876
0.0031049 2876
0.0031058 2876
0.0031068 2876
0.0031077 2876
0.0031087 2876
0.0031096 2876
0.0031106 2876
0.0031115 2876
0.0031124 2876
0.0031134 2876
0.0031143 2876
0.0031153 2876
0.0031162 2876
0.0031172 2876
0.0031181 2876
0.003119 2876
0.00312 2876
0.0031209 2876
0.0031219 2876
0.0031228 2876
0.0031238 2876
0.0031247 2876
0.0031256 2876
0.0031266 2876
0.0031275 2876
0.0031285 2876
0.0031294 2876
0.0031303 2876
0.0031313 2876
0.0031322 2876
0.0031332 2876
0.0031341 2876
0.0031351 2876
0.003136 2876
0.0031369 2876
0.0031379 2876
0.0031388 2876
0.0031398 2876
0.0031407 2876
0.0031417 2876
0.0031426 2876
0.0031435 2876
0.0031445 2876
0.0031454 2876
0.0031464 2876
0.0031473 2876
0.0031483 2876
0.0031492 2876
0.0031501 2876
0.0031511 2876
0.003152 2876
0.003153 2876
0.0031539 2876
0.0031548 2876
0.0031558 2876
0.0031567 2876
0.0031577 2876
0.0031586 2876
0.0031596 2876
0.0031605 2876
0.0031614 2876
0.0031624 2876
0.0031633 2876
0.0031643 2876
0.0031652 2876
0.0031662 2876
0.0031671 2876
0.003168 2876
0.003169 2876
0.0031699 2876
0.0031709 2876
0.0031718 2876
0.0031728 2876
0.0031737 2876
0.0031746 2876
0.0031756 2876
0.0031765 2876
0.0031775 2876
0.0031784 2876
0.0031793 2876
0.0031803 2876
0.0031812 2876
0.0031822 2876
0.0031831 2876
0.0031841 2876
0.003185 2876
0.0031859 2876
0.0031869 2876
0.0031878 2876
0.0031888 2876
0.0031897 2876
0.0031907 2876
0.0031916 2876
0.0031925 2876
0.0031935 2876
0.0031944 2876
0.0031954 2876
0.0031963 2876
0.0031973 2876
0.0031982 2876
0.0031991 2876
0.0032001 2876
0.003201 2876
0.003202 2876
0.0032029 2876
0.0032038 2876
0.0032048 2876
0.0032057 2876
0.0032067 2876
0.0032076 2876
0.0032086 2876
0.0032095 2876
0.0032104 2876
0.0032114 2876
0.0032123 2876
0.0032133 2876
0.0032142 2876
0.0032152 2876
0.0032161 2876
0.003217 2876
0.003218 2876
0.0032189 2876
0.0032199 2876
0.0032208 2876
0.0032218 2876
0.0032227 2876
0.0032236 2876
0.0032246 2876
0.0032255 2876
0.0032265 2876
0.0032274 2876
0.0032283 2876
0.0032293 2876
0.0032302 2876
0.0032312 2876
0.0032321 2876
0.0032331 2876
0.003234 2876
0.0032349 2876
0.0032359 2876
0.0032368 2876
0.0032378 2876
0.0032387 2876
0.0032397 2876
0.0032406 2876
0.0032415 2876
0.0032425 2876
0.0032434 2876
0.0032444 2876
0.0032453 2876
0.0032463 2876
0.0032472 2876
0.0032481 2876
0.0032491 2876
0.00325 2876
0.003251 2876
0.0032519 2876
0.0032528 2876
0.0032538 2876
0.0032547 2876
0.0032557 2876
0.0032566 2876
0.0032576 2876
0.0032585 2876
0.0032594 2876
0.0032604 2876
0.0032613 2876
0.0032623 2876
0.0032632 2876
0.0032642 2876
0.0032651 2876
0.003266 2876
0.003267 2876
0.0032679 2876
0.0032689 2876
0.0032698 2876
0.0032708 2876
0.0032717 2876
0.0032726 2876
0.0032736 2876
0.0032745 2876
0.0032755 2876
0.0032764 2876
0.0032773 2876
0.0032783 2876
0.0032792 2876
0.0032802 2876
0.0032811 2876
0.0032821 2876
0.003283 2876
0.0032839 2876
0.0032849 2876
0.0032858 2876
0.0032868 2876
0.0032877 2876
0.0032887 2876
0.0032896 2876
0.0032905 2876
0.0032915 2876
0.0032924 2876
0.0032934 2876
0.0032943 2876
0.0032953 2876
0.0032962 2876
0.0032971 2876
0.0032981 2876
1 2876
