1e-06 57996
2e-06 57996
3e-06 57995
4e-06 57995
5e-06 57995
6e-06 57995
7e-06 57995
8e-06 57994
9e-06 57993
1e-05 57991
1.1e-05 57989
1.2e-05 57986
1.3e-05 57980
1.4e-05 57972
1.5e-05 57960
1.6e-05 57943
1.7e-05 57917
1.8e-05 57881
1.9e-05 57830
2e-05 57758
2.1e-05 57658
2.2e-05 57520
2.3e-05 57333
2.4e-05 57081
2.5e-05 56746
2.6e-05 56306
2.7e-05 55735
2.8e-05 55003
2.9e-05 54078
3e-05 52925
3.1e-05 51509
3.2e-05 49799
3.3e-05 47770
3.4e-05 45405
3.5e-05 42704
3.6e-05 39685
3.7e-05 36386
3.8e-05 32868
3.9e-05 29211
4e-05 25512
4.1e-05 21874
4.2e-05 18398
4.3e-05 15174
4.4e-05 12272
4.5e-05 9735.4
4.6e-05 7582.8
4.7e-05 5806.5
4.8e-05 4379.2
4.9e-05 3260.2
5e-05 2402.4
5.1e-05 1757.5
5.2e-05 1280.7
5.3e-05 932.77
5.4e-05 681.49
5.5e-05 501.22
5.6e-05 372.37
5.7e-05 280.33
5.8e-05 214.48
5.9e-05 167.18
6e-05 133.05
6.1e-05 108.27
6.2e-05 90.198
6.3e-05 76.974
6.4e-05 67.301
6.5e-05 60.274
6.6e-05 55.258
6.7e-05 51.809
6.8e-05 49.619
6.9e-05 48.475
7e-05 48.235
7.1e-05 48.235
7.2e-05 48.808
7.3e-05 50.142
7.4e-05 52.218
7.5e-05 55.04
7.6e-05 58.635
7.7e-05 63.048
7.8e-05 68.345
7.9e-05 74.607
8e-05 81.936
8.1e-05 90.45
8.2e-05 100.29
8.3e-05 111.62
8.4e-05 124.64
8.5e-05 139.54
8.6e-05 156.59
8.7e-05 176.05
8.8e-05 198.25
8.9e-05 223.54
9e-05 252.32
9.1e-05 285.03
9.2e-05 322.17
9.3e-05 364.29
9.4e-05 412.02
9.5e-05 466.01
9.6e-05 527.01
9.7e-05 595.84
9.8e-05 673.36
9.9e-05 760.53
0.0001 858.38
0.000101 968.01
0.000102 1090.6
0.000103 1227.4
0.000104 1379.7
0.000105 1548.8
0.000106 1736.3
0.000107 1943.5
0.000108 2172.1
0.000109 2423.5
0.00011 2699.2
0.000111 3000.9
0.000112 3330
0.000113 3687.9
0.000114 4076.3
0.000115 4496.2
0.000116 4949.1
0.000117 5435.9
0.000118 5957.8
0.000119 6515.4
0.00012 7109.5
0.000121 7740.4
0.000122 8408.4
0.000123 9113.5
0.000124 9855.4
0.000125 10634
0.000126 11448
0.000127 12296
0.000128 13178
0.000129 14093
0.00013 15037
0.000131 16010
0.000132 17009
0.000133 18032
0.000134 19077
0.000135 20141
0.000136 21221
0.000137 22315
0.000138 23419
0.000139 24531
0.00014 25648
0.000141 26767
0.000142 27885
0.000143 29000
0.000144 30108
0.000145 31207
0.000146 32294
0.000147 33368
0.000148 34425
0.000149 35465
0.00015 36484
0.000151 37482
0.000152 38456
0.000153 39405
0.000154 40329
0.000155 41226
0.000156 42095
0.000157 42935
0.000158 43747
0.000159 44529
0.00016 45282
0.000161 46005
0.000162 46699
0.000163 47363
0.000164 47998
0.000165 48604
0.000166 49182
0.000167 49732
0.000168 50256
0.000169 50752
0.00017 51223
0.000171 51669
0.000172 52091
0.000173 52489
0.000174 52865
0.000175 53220
0.000176 53553
0.000177 53867
0.000178 54161
0.000179 54438
0.00018 54697
0.000181 54939
0.000182 55166
0.000183 55378
0.000184 55576
0.000185 55761
0.000186 55933
0.000187 56093
0.000188 56242
0.000189 56381
0.00019 56510
0.000191 56629
0.000192 56740
0.000193 56842
0.000194 56937
0.000195 57025
0.000196 57106
0.000197 57181
0.000198 57250
0.000199 57313
0.0002 57372
0.000201 57426
0.000202 57476
0.000203 57521
0.000204 57563
0.000205 57602
0.000206 57637
0.000207 57669
0.000208 57699
0.000209 57726
0.00021 57751
0.000211 57773
0.000212 57794
0.000213 57813
0.000214 57830
0.000215 57846
0.000216 57860
0.000217 57873
0.000218 57885
0.000219 57896
0.00022 57905
0.000221 57914
0.000222 57922
0.000223 57930
0.000224 57936
0.000225 57942
0.000226 57948
0.000227 57952
0.000228 57957
0.000229 57961
0.00023 57964
0.000231 57968
0.000232 57971
0.000233 57973
0.000234 57976
0.000235 57978
0.000236 57980
0.000237 57981
0.000238 57983
0.000239 57984
0.00024 57985
0.000241 57987
0.000242 57988
0.000243 57988
0.000244 57989
0.000245 57990
0.000246 57991
0.000247 57991
0.000248 57992
0.000249 57992
0.00025 57993
0.000251 57993
0.000252 57993
0.000253 57993
0.000254 57994
0.000255 57994
0.000256 57994
0.000257 57994
0.000258 57994
0.000259 57995
0.00026 57995
0.000261 57995
0.000262 57995
0.000263 57995
0.000264 57995
0.000265 57995
0.000266 57995
0.000267 57995
0.000268 57995
0.000269 57995
0.00027 57995
0.000271 57995
0.000272 57995
0.000273 57995
0.000274 57995
0.000275 57996
0.000276 57996
0.000277 57996
0.000278 57996
0.000279 57996
0.00028 57996
0.000281 57996
0.000282 57996
0.000283 57996
0.000284 57996
0.000285 57996
0.000286 57996
0.000287 57996
0.000288 57996
0.000289 57996
0.00029 57996
0.000291 57996
0.000292 57996
0.000293 57996
0.000294 57996
0.000295 57996
0.000296 57996
0.000297 57996
0.000298 57996
0.000299 57996
0.0003 57996
0.000301 57996
0.000302 57996
0.000303 57996
0.000304 57996
0.000305 57996
0.000306 57996
0.000307 57996
0.000308 57996
0.000309 57996
0.00031 57996
0.000311 57996
0.000312 57996
0.000313 57996
0.000314 57996
0.000315 57996
0.000316 57996
0.000317 57996
0.000318 57996
0.000319 57996
0.00032 57996
0.000321 57996
0.000322 57996
0.000323 57996
0.000324 57996
0.000325 57996
0.000326 57996
0.000327 57996
0.000328 57996
0.000329 57996
0.00033 57996
0.000331 57996
0.000332 57996
0.000333 57996
0.000334 57996
0.000335 57996
0.000336 57996
0.000337 57996
0.000338 57996
0.000339 57996
0.00034 57996
0.000341 57996
0.000342 57996
0.000343 57996
0.000344 57996
0.000345 57996
0.000346 57996
0.000347 57996
0.000348 57996
0.000349 57996
0.00035 57996
0.000351 57996
0.00501 57996
1 57996
