6e-06 57.449
1.2e-05 57.449
1.8e-05 57.449
2.4e-05 57.449
3e-05 57.449
3.6e-05 57.449
4.2e-05 57.449
4.8e-05 57.45
5.4e-05 57.45
6e-05 57.451
6.6e-05 57.453
7.2e-05 57.455
7.8e-05 57.459
8.4e-05 57.464
9e-05 57.471
9.6e-05 57.482
0.000102 57.499
0.000108 57.522
0.000114 57.555
0.00012 57.601
0.000126 57.665
0.000132 57.754
0.000138 57.876
0.000144 58.04
0.00015 58.26
0.000156 58.553
0.000162 58.938
0.000168 59.442
0.000174 60.095
0.00018 60.934
0.000186 62.007
0.000192 63.369
0.000198 65.09
0.000204 67.252
0.00021 69.961
0.000216 73.342
0.000222 77.557
0.000228 82.804
0.000234 89.336
0.00024 97.472
0.000246 107.62
0.000252 120.3
0.000258 136.19
0.000264 156.14
0.00027 181.23
0.000276 212.86
0.000282 252.77
0.000288 303.11
0.000294 366.52
0.0003 446.13
0.000306 545.58
0.000312 668.88
0.000318 820.3
0.000324 1004
0.00033 1223.6
0.000336 1481.5
0.000342 1778.7
0.000348 2113.3
0.000354 2480.9
0.00036 2873.8
0.000366 3281.5
0.000372 3690.9
0.000378 4087.5
0.000384 4456.6
0.00039 4784.5
0.000396 5059.8
0.000402 5274.1
0.000408 5422.8
0.000414 5504.9
0.00042 5522.5
0.000426 5480.7
0.000432 5386.3
0.000438 5247.5
0.000444 5072.7
0.00045 4870.2
0.000456 4647.9
0.000462 4412.7
0.000468 4170.5
0.000474 3926.4
0.00048 3684.3
0.000486 3447.3
0.000492 3217.7
0.000498 2997.2
0.000504 2787
0.00051 2587.7
0.000516 2399.7
0.000522 2223.1
0.000528 2057.7
0.000534 1903.4
0.00054 1759.7
0.000546 1626.3
0.000552 1502.6
0.000558 1388.1
0.000564 1282.3
0.00057 1184.7
0.000576 1094.7
0.000582 1011.8
0.000588 935.51
0.000594 865.38
0.0006 800.95
0.000606 741.77
0.000612 687.44
0.000618 637.58
0.000624 591.83
0.00063 549.86
0.000636 511.35
0.000642 476.03
0.000648 443.63
0.000654 413.9
0.00066 386.61
0.000666 361.56
0.000672 338.56
0.000678 317.43
0.000684 298.01
0.00069 280.15
0.000696 263.73
0.000702 248.62
0.000708 234.7
0.000714 221.88
0.00072 210.06
0.000726 199.16
0.000732 189.1
0.000738 179.81
0.000744 171.22
0.00075 163.28
0.000756 155.93
0.000762 149.13
0.000768 142.83
0.000774 136.99
0.00078 131.57
0.000786 126.54
0.000792 121.87
0.000798 117.53
0.000804 113.5
0.00081 109.74
0.000816 106.25
0.000822 103
0.000828 99.964
0.000834 97.139
0.00084 94.505
0.000846 92.048
0.000852 89.755
0.000858 87.614
0.000864 85.615
0.00087 83.748
0.000876 82.003
0.000882 80.372
0.000888 78.848
0.000894 77.422
0.0009 76.09
0.000906 74.843
0.000912 73.677
0.000918 72.586
0.000924 71.566
0.00093 70.611
0.000936 69.718
0.000942 68.883
0.000948 68.101
0.000954 67.37
0.00096 66.686
0.000966 66.047
0.000972 65.449
0.000978 64.891
0.000984 64.368
0.00099 63.88
0.000996 63.424
0.001002 62.998
0.001008 62.601
0.001014 62.23
0.00102 61.883
0.001026 61.56
0.001032 61.259
0.001038 60.978
0.001044 60.717
0.00105 60.473
0.001056 60.246
0.001062 60.035
0.001068 59.839
0.001074 59.656
0.00108 59.486
0.001086 59.329
0.001092 59.182
0.001098 59.046
0.001104 58.92
0.00111 58.804
0.001116 58.695
0.001122 58.595
0.001128 58.503
0.001134 58.417
0.00114 58.337
0.001146 58.264
0.001152 58.197
0.001158 58.134
0.001164 58.077
0.00117 58.023
0.001176 57.975
0.001182 57.93
0.001188 57.888
0.001194 57.85
0.0012 57.815
0.001206 57.783
0.001212 57.753
0.001218 57.726
0.001224 57.701
0.00123 57.679
0.001236 57.658
0.001242 57.639
0.001248 57.621
0.001254 57.605
0.00126 57.591
0.001266 57.578
0.001272 57.566
0.001278 57.555
0.001284 57.544
0.00129 57.535
0.001296 57.527
0.001302 57.519
0.001308 57.513
0.001314 57.506
0.00132 57.501
0.001326 57.496
0.001332 57.491
0.001338 57.487
0.001344 57.483
0.00135 57.479
0.001356 57.476
0.001362 57.473
0.001368 57.471
0.001374 57.469
0.00138 57.467
0.001386 57.465
0.001392 57.463
0.001398 57.462
0.001404 57.46
0.00141 57.459
0.001416 57.458
0.001422 57.457
0.001428 57.456
0.001434 57.455
0.00144 57.454
0.001446 57.454
0.001452 57.453
0.001458 57.453
0.001464 57.452
0.00147 57.452
0.001476 57.452
0.001482 57.451
0.001488 57.451
0.001494 57.451
0.0015 57.45
0.001506 57.45
0.001512 57.45
0.001518 57.45
0.001524 57.45
0.00153 57.45
0.001536 57.45
0.001542 57.449
0.001548 57.449
0.001554 57.449
0.00156 57.449
0.001566 57.449
0.001572 57.449
0.001578 57.449
0.001584 57.449
0.00159 57.449
0.001596 57.449
0.001602 57.449
0.001608 57.449
0.001614 57.449
0.00162 57.449
0.001626 57.449
0.001632 57.449
0.001638 57.449
0.001644 57.449
0.00165 57.449
0.001656 57.449
0.001662 57.449
0.001668 57.449
0.001674 57.449
0.00168 57.449
0.001686 57.449
0.001692 57.449
0.001698 57.449
0.001704 57.449
0.00171 57.449
0.001716 57.449
0.001722 57.449
0.001728 57.449
0.001734 57.449
0.00174 57.449
0.001746 57.449
0.001752 57.449
0.001758 57.449
0.001764 57.449
0.00177 57.449
0.001776 57.449
0.001782 57.449
0.001788 57.449
0.001794 57.449
0.0018 57.449
0.001806 57.449
0.001812 57.449
0.001818 57.449
0.001824 57.449
0.00183 57.449
0.001836 57.449
0.001842 57.449
0.001848 57.449
0.001854 57.449
0.00186 57.449
0.001866 57.449
0.001872 57.449
0.001878 57.449
0.001884 57.449
0.00189 57.449
0.001896 57.449
0.001902 57.449
0.001908 57.449
0.001914 57.449
0.00192 57.449
0.001926 57.449
0.001932 57.449
0.001938 57.449
0.001944 57.449
0.00195 57.449
0.001956 57.449
0.001962 57.449
0.001968 57.449
0.001974 57.449
0.00198 57.449
0.001986 57.449
0.001992 57.449
0.001998 57.449
0.002004 57.449
0.00201 57.449
0.002016 57.449
0.002022 57.449
0.002028 57.449
0.002034 57.449
0.00204 57.449
0.002046 57.449
0.002052 57.449
0.002058 57.449
0.002064 57.449
0.00207 57.449
0.002076 57.449
0.002082 57.449
0.002088 57.449
0.002094 57.449
0.0021 57.449
0.002106 57.449
0.002112 57.449
0.002118 57.449
0.002124 57.449
0.00213 57.449
0.002136 57.449
0.002142 57.449
0.002148 57.449
0.002154 57.449
0.00216 57.449
0.002166 57.449
0.002172 57.449
0.002178 57.449
0.002184 57.449
0.00219 57.449
0.002196 57.449
0.002202 57.449
0.002208 57.449
0.002214 57.449
0.00222 57.449
0.002226 57.449
0.002232 57.449
0.002238 57.449
0.002244 57.449
0.00225 57.449
0.002256 57.449
0.002262 57.449
0.002268 57.449
0.002274 57.449
0.00228 57.449
0.002286 57.449
0.002292 57.449
0.002298 57.449
0.002304 57.449
0.00231 57.449
0.002316 57.449
0.002322 57.449
0.002328 57.449
0.002334 57.449
0.00234 57.449
0.002346 57.449
0.002352 57.449
0.002358 57.449
0.002364 57.449
0.00237 57.449
0.002376 57.449
0.002382 57.449
0.002388 57.449
0.002394 57.449
0.0024 57.449
0.002406 57.449
0.002412 57.449
0.002418 57.449
0.002424 57.449
0.00243 57.449
0.002436 57.449
0.002442 57.449
0.002448 57.449
0.002454 57.449
0.00246 57.449
0.002466 57.449
0.002472 57.449
0.002478 57.449
0.002484 57.449
0.00249 57.449
0.002496 57.449
0.002502 57.449
0.002508 57.449
0.002514 57.449
0.00252 57.449
0.002526 57.449
0.002532 57.449
0.002538 57.449
0.002544 57.449
0.00255 57.449
0.002556 57.449
0.002562 57.449
0.002568 57.449
0.002574 57.449
0.00258 57.449
0.002586 57.449
0.002592 57.449
0.002598 57.449
0.002604 57.449
0.00261 57.449
0.002616 57.449
0.002622 57.449
0.002628 57.449
0.002634 57.449
0.00264 57.449
0.002646 57.449
0.002652 57.449
0.002658 57.449
0.002664 57.449
0.00267 57.449
0.002676 57.449
0.002682 57.449
0.002688 57.449
0.002694 57.449
0.0027 57.449
0.002706 57.449
0.002712 57.449
0.002718 57.449
0.002724 57.449
0.00273 57.449
0.002736 57.449
0.002742 57.449
0.002748 57.449
0.002754 57.449
0.00276 57.449
0.002766 57.449
0.002772 57.449
0.002778 57.449
0.002784 57.449
0.00279 57.449
0.002796 57.449
0.002802 57.449
0.002808 57.449
0.002814 57.449
0.00282 57.449
0.002826 57.449
0.002832 57.449
0.002838 57.449
0.002844 57.449
0.00285 57.449
0.002856 57.449
0.002862 57.449
0.002868 57.449
0.002874 57.449
0.00288 57.449
0.002886 57.449
0.002892 57.449
0.002898 57.449
0.002904 57.449
0.00291 57.449
0.002916 57.449
0.002922 57.449
0.002928 57.449
0.002934 57.449
0.00294 57.449
0.002946 57.449
0.002952 57.449
0.002958 57.449
0.002964 57.449
0.00297 57.449
0.002976 57.449
0.002982 57.449
0.002988 57.449
0.002994 57.449
0.003 57.449
0.003006 57.449
0.003012 57.449
0.003018 57.449
0.003024 57.449
0.00303 57.449
0.003036 57.449
0.003042 57.449
0.003048 57.449
0.003054 57.449
0.00306 57.449
0.003066 57.449
0.003072 57.449
0.003078 57.449
0.003084 57.449
0.00309 57.449
0.003096 57.449
0.003102 57.449
0.003108 57.449
0.003114 57.449
0.00312 57.449
0.003126 57.449
0.003132 57.449
0.003138 57.449
0.003144 57.449
0.00315 57.449
0.003156 57.449
0.003162 57.449
0.003168 57.449
0.003174 57.449
0.00318 57.449
0.003186 57.449
0.003192 57.449
0.003198 57.449
0.003204 57.449
0.00321 57.449
0.003216 57.449
0.003222 57.449
0.003228 57.449
0.003234 57.449
0.00324 57.449
0.003246 57.449
0.003252 57.449
0.003258 57.449
0.003264 57.449
0.00327 57.449
0.003276 57.449
0.003282 57.449
0.003288 57.449
0.003294 57.449
0.0033 57.449
0.003306 57.449
0.003312 57.449
0.003318 57.449
0.003324 57.449
0.00333 57.449
0.003336 57.449
0.003342 57.449
0.003348 57.449
0.003354 57.449
0.00336 57.449
0.003366 57.449
0.003372 57.449
0.003378 57.449
0.003384 57.449
0.00339 57.449
0.003396 57.449
0.003402 57.449
0.003408 57.449
0.003414 57.449
0.00342 57.449
0.003426 57.449
0.003432 57.449
0.003438 57.449
0.003444 57.449
0.00345 57.449
0.003456 57.449
0.003462 57.449
0.003468 57.449
0.003474 57.449
0.00348 57.449
0.003486 57.449
0.003492 57.449
0.003498 57.449
0.003504 57.449
0.00351 57.449
0.003516 57.449
0.003522 57.449
0.003528 57.449
0.003534 57.449
0.00354 57.449
0.003546 57.449
0.003552 57.449
0.003558 57.449
0.003564 57.449
0.00357 57.449
0.003576 57.449
0.003582 57.449
0.003588 57.449
0.003594 57.449
0.0036 57.449
0.003606 57.449
0.003612 57.449
0.003618 57.449
0.003624 57.449
0.00363 57.449
0.003636 57.449
0.003642 57.449
0.003648 57.449
0.003654 57.449
0.00366 57.449
0.003666 57.449
0.003672 57.449
0.003678 57.449
0.003684 57.449
0.00369 57.449
0.003696 57.449
0.003702 57.449
0.003708 57.449
0.003714 57.449
0.00372 57.449
0.003726 57.449
0.003732 57.449
0.003738 57.449
0.003744 57.449
0.00375 57.449
0.003756 57.449
0.003762 57.449
0.003768 57.449
0.003774 57.449
0.00378 57.449
0.003786 57.449
0.003792 57.449
0.003798 57.449
0.003804 57.449
0.00381 57.449
0.003816 57.449
0.003822 57.449
0.003828 57.449
0.003834 57.449
0.00384 57.449
0.003846 57.449
0.003852 57.449
0.003858 57.449
0.003864 57.449
0.00387 57.449
0.003876 57.449
0.003882 57.449
0.003888 57.449
0.003894 57.449
0.0039 57.449
0.003906 57.449
0.003912 57.449
0.003918 57.449
0.003924 57.449
0.00393 57.449
0.003936 57.449
0.003942 57.449
0.003948 57.449
0.003954 57.449
0.00396 57.449
0.003966 57.449
0.003972 57.449
0.003978 57.449
0.003984 57.449
0.00399 57.449
0.003996 57.449
0.004002 57.449
0.004008 57.449
0.004014 57.449
0.00402 57.449
0.004026 57.449
0.004032 57.449
0.004038 57.449
0.004044 57.449
0.00405 57.449
0.004056 57.449
0.004062 57.449
0.004068 57.449
0.004074 57.449
0.00408 57.449
0.004086 57.449
0.004092 57.449
0.004098 57.449
0.004104 57.449
0.00411 57.449
0.004116 57.449
0.004122 57.449
0.004128 57.449
0.004134 57.449
0.00414 57.449
0.004146 57.449
0.004152 57.449
0.004158 57.449
0.004164 57.449
0.00417 57.449
0.004176 57.449
0.004182 57.449
0.004188 57.449
0.004194 57.449
0.0042 57.449
0.004206 57.449
0.004212 57.449
0.004218 57.449
0.004224 57.449
0.00423 57.449
0.004236 57.449
0.004242 57.449
0.004248 57.449
0.004254 57.449
0.00426 57.449
0.004266 57.449
0.004272 57.449
0.004278 57.449
0.004284 57.449
0.00429 57.449
0.004296 57.449
0.004302 57.449
0.004308 57.449
0.004314 57.449
0.00432 57.449
0.004326 57.449
0.004332 57.449
0.004338 57.449
0.004344 57.449
0.00435 57.449
0.004356 57.449
0.004362 57.449
0.004368 57.449
0.004374 57.449
0.00438 57.449
0.004386 57.449
0.004392 57.449
0.004398 57.449
0.004404 57.449
0.00441 57.449
0.004416 57.449
0.004422 57.449
0.004428 57.449
0.004434 57.449
0.00444 57.449
0.004446 57.449
0.004452 57.449
0.004458 57.449
0.004464 57.449
0.00447 57.449
0.004476 57.449
0.004482 57.449
0.004488 57.449
0.004494 57.449
0.0045 57.449
0.004506 57.449
0.004512 57.449
0.004518 57.449
0.004524 57.449
0.00453 57.449
0.004536 57.449
0.004542 57.449
0.004548 57.449
0.004554 57.449
0.00456 57.449
0.004566 57.449
0.004572 57.449
0.004578 57.449
0.004584 57.449
0.00459 57.449
0.004596 57.449
0.004602 57.449
0.004608 57.449
0.004614 57.449
0.00462 57.449
0.004626 57.449
0.004632 57.449
0.004638 57.449
0.004644 57.449
0.00465 57.449
0.004656 57.449
0.004662 57.449
0.004668 57.449
0.004674 57.449
0.00468 57.449
0.004686 57.449
0.004692 57.449
0.004698 57.449
0.004704 57.449
0.00471 57.449
0.004716 57.449
0.004722 57.449
0.004728 57.449
0.004734 57.449
0.00474 57.449
0.004746 57.449
0.004752 57.449
0.004758 57.449
0.004764 57.449
0.00477 57.449
0.004776 57.449
0.004782 57.449
0.004788 57.449
0.004794 57.449
0.0048 57.449
0.004806 57.449
0.004812 57.449
0.004818 57.449
0.004824 57.449
0.00483 57.449
0.004836 57.449
0.004842 57.449
0.004848 57.449
0.004854 57.449
0.00486 57.449
0.004866 57.449
0.004872 57.449
0.004878 57.449
0.004884 57.449
0.00489 57.449
0.004896 57.449
0.004902 57.449
0.004908 57.449
0.004914 57.449
0.00492 57.449
0.004926 57.449
0.004932 57.449
0.004938 57.449
0.004944 57.449
0.00495 57.449
0.004956 57.449
0.004962 57.449
0.004968 57.449
0.004974 57.449
0.00498 57.449
0.004986 57.449
0.004992 57.449
0.004998 57.449
0.005004 57.449
0.00501 57.449
0.005016 57.449
0.005022 57.449
0.005028 57.449
0.005034 57.449
0.00504 57.449
0.005046 57.449
0.005052 57.449
0.005058 57.449
0.005064 57.449
0.00507 57.449
0.005076 57.449
0.005082 57.449
0.005088 57.449
0.005094 57.449
0.0051 57.449
0.005106 57.449
0.005112 57.449
0.005118 57.449
0.005124 57.449
0.00513 57.449
0.005136 57.449
0.005142 57.449
0.005148 57.449
0.005154 57.449
0.00516 57.449
0.005166 57.449
0.005172 57.449
0.005178 57.449
0.005184 57.449
0.00519 57.449
0.005196 57.449
0.005202 57.449
0.005208 57.449
0.005214 57.449
0.00522 57.449
0.005226 57.449
0.005232 57.449
0.005238 57.449
0.005244 57.449
0.00525 57.449
0.005256 57.449
0.005262 57.449
0.005268 57.449
0.005274 57.449
0.00528 57.449
0.005286 57.449
0.005292 57.449
0.005298 57.449
0.005304 57.449
0.00531 57.449
0.005316 57.449
0.005322 57.449
0.005328 57.449
0.005334 57.449
0.00534 57.449
0.005346 57.449
0.005352 57.449
0.005358 57.449
0.005364 57.449
0.00537 57.449
0.005376 57.449
0.005382 57.449
0.005388 57.449
0.005394 57.449
0.0054 57.449
0.005406 57.449
0.005412 57.449
0.005418 57.449
0.005424 57.449
0.00543 57.449
0.005436 57.449
0.005442 57.449
0.005448 57.449
0.005454 57.449
0.00546 57.449
0.005466 57.449
0.005472 57.449
0.005478 57.449
0.005484 57.449
0.00549 57.449
0.005496 57.449
0.005502 57.449
0.005508 57.449
0.005514 57.449
0.00552 57.449
0.005526 57.449
0.005532 57.449
0.005538 57.449
0.005544 57.449
0.00555 57.449
0.005556 57.449
0.005562 57.449
0.005568 57.449
0.005574 57.449
0.00558 57.449
0.005586 57.449
0.005592 57.449
0.005598 57.449
0.005604 57.449
0.00561 57.449
0.005616 57.449
0.005622 57.449
0.005628 57.449
0.005634 57.449
0.00564 57.449
0.005646 57.449
0.005652 57.449
0.005658 57.449
0.005664 57.449
0.00567 57.449
0.005676 57.449
0.005682 57.449
0.005688 57.449
0.005694 57.449
0.0057 57.449
0.005706 57.449
0.005712 57.449
0.005718 57.449
0.005724 57.449
0.00573 57.449
0.005736 57.449
0.005742 57.449
0.005748 57.449
0.005754 57.449
0.00576 57.449
0.005766 57.449
0.005772 57.449
0.005778 57.449
0.005784 57.449
0.00579 57.449
0.005796 57.449
0.005802 57.449
0.005808 57.449
0.005814 57.449
0.00582 57.449
0.005826 57.449
0.005832 57.449
0.005838 57.449
0.005844 57.449
0.00585 57.449
0.005856 57.449
0.005862 57.449
0.005868 57.449
0.005874 57.449
0.00588 57.449
0.005886 57.449
0.005892 57.449
0.005898 57.449
0.005904 57.449
0.00591 57.449
0.005916 57.449
0.005922 57.449
0.005928 57.449
0.005934 57.449
0.00594 57.449
0.005946 57.449
0.005952 57.449
0.005958 57.449
0.005964 57.449
0.00597 57.449
0.005976 57.449
0.005982 57.449
0.005988 57.449
0.005994 57.449
0.006 57.449
0.006006 57.449
0.006012 57.449
0.006018 57.449
0.006024 57.449
0.00603 57.449
0.006036 57.449
0.006042 57.449
0.006048 57.449
0.006054 57.449
0.00606 57.449
0.006066 57.449
0.006072 57.449
0.006078 57.449
0.006084 57.449
0.00609 57.449
0.006096 57.449
0.006102 57.449
0.006108 57.449
0.006114 57.449
0.00612 57.449
0.006126 57.449
0.006132 57.449
0.006138 57.449
0.006144 57.449
0.00615 57.449
0.006156 57.449
0.006162 57.449
0.006168 57.449
0.006174 57.449
0.00618 57.449
0.006186 57.449
0.006192 57.449
0.006198 57.449
0.006204 57.449
0.00621 57.449
0.006216 57.449
0.006222 57.449
0.006228 57.449
0.006234 57.449
0.00624 57.449
0.006246 57.449
0.006252 57.449
0.006258 57.449
0.006264 57.449
0.00627 57.449
0.006276 57.449
0.006282 57.449
0.006288 57.449
0.006294 57.449
0.0063 57.449
0.006306 57.449
0.006312 57.449
0.006318 57.449
0.006324 57.449
0.00633 57.449
0.006336 57.449
0.006342 57.449
0.006348 57.449
0.006354 57.449
0.00636 57.449
0.006366 57.449
0.006372 57.449
0.006378 57.449
0.006384 57.449
0.00639 57.449
0.006396 57.449
0.006402 57.449
0.006408 57.449
0.006414 57.449
0.00642 57.449
0.006426 57.449
0.006432 57.449
0.006438 57.449
0.006444 57.449
0.00645 57.449
0.006456 57.449
0.006462 57.449
0.006468 57.449
0.006474 57.449
0.00648 57.449
0.006486 57.449
0.006492 57.449
0.006498 57.449
0.006504 57.449
0.00651 57.449
0.006516 57.449
0.006522 57.449
0.006528 57.449
0.006534 57.449
0.00654 57.449
0.006546 57.449
0.006552 57.449
0.006558 57.449
0.006564 57.449
0.00657 57.449
0.006576 57.449
0.006582 57.449
0.006588 57.449
0.006594 57.449
0.0066 57.449
0.006606 57.449
0.006612 57.449
0.006618 57.449
0.006624 57.449
0.00663 57.449
0.006636 57.449
0.006642 57.449
0.006648 57.449
0.006654 57.449
0.00666 57.449
0.006666 57.449
0.006672 57.449
0.006678 57.449
0.006684 57.449
0.00669 57.449
0.006696 57.449
0.006702 57.449
0.006708 57.449
0.006714 57.449
0.00672 57.449
0.006726 57.449
0.006732 57.449
0.006738 57.449
0.006744 57.449
0.00675 57.449
0.006756 57.449
0.006762 57.449
0.006768 57.449
0.006774 57.449
0.00678 57.449
0.006786 57.449
0.006792 57.449
0.006798 57.449
0.006804 57.449
0.00681 57.449
0.006816 57.449
0.006822 57.449
0.006828 57.449
0.006834 57.449
0.00684 57.449
0.006846 57.449
0.006852 57.449
0.006858 57.449
0.006864 57.449
0.00687 57.449
0.006876 57.449
0.006882 57.449
0.006888 57.449
0.006894 57.449
0.0069 57.449
0.006906 57.449
0.006912 57.449
0.006918 57.449
0.006924 57.449
0.00693 57.449
0.006936 57.449
0.006942 57.449
0.006948 57.449
0.006954 57.449
0.00696 57.449
0.006966 57.449
0.006972 57.449
0.006978 57.449
0.006984 57.449
0.00699 57.449
0.006996 57.449
0.007002 57.449
0.007008 57.449
0.007014 57.449
0.00702 57.449
0.007026 57.449
0.007032 57.449
0.007038 57.449
0.007044 57.449
0.00705 57.449
0.007056 57.449
0.007062 57.449
0.007068 57.449
0.007074 57.449
0.00708 57.449
0.007086 57.449
0.007092 57.449
0.007098 57.449
0.007104 57.449
0.00711 57.449
0.007116 57.449
0.007122 57.449
0.007128 57.449
0.007134 57.449
0.00714 57.449
0.007146 57.449
0.007152 57.449
0.007158 57.449
0.007164 57.449
0.00717 57.449
0.007176 57.449
0.007182 57.449
0.007188 57.449
0.007194 57.449
0.0072 57.449
0.007206 57.449
0.007212 57.449
0.007218 57.449
0.007224 57.449
0.00723 57.449
0.007236 57.449
0.007242 57.449
0.007248 57.449
0.007254 57.449
0.00726 57.449
0.007266 57.449
0.007272 57.449
0.007278 57.449
0.007284 57.449
0.00729 57.449
0.007296 57.449
0.007302 57.449
0.007308 57.449
0.007314 57.449
0.00732 57.449
0.007326 57.449
0.007332 57.449
0.007338 57.449
0.007344 57.449
0.00735 57.449
0.007356 57.449
0.007362 57.449
0.007368 57.449
0.007374 57.449
0.00738 57.449
0.007386 57.449
0.007392 57.449
0.007398 57.449
0.007404 57.449
0.00741 57.449
0.007416 57.449
0.007422 57.449
0.007428 57.449
0.007434 57.449
0.00744 57.449
0.007446 57.449
0.007452 57.449
0.007458 57.449
0.007464 57.449
0.00747 57.449
0.007476 57.449
0.007482 57.449
0.007488 57.449
0.007494 57.449
0.0075 57.449
0.007506 57.449
0.007512 57.449
0.007518 57.449
0.007524 57.449
0.00753 57.449
0.007536 57.449
0.007542 57.449
0.007548 57.449
0.007554 57.449
0.00756 57.449
0.007566 57.449
0.007572 57.449
0.007578 57.449
0.007584 57.449
0.00759 57.449
0.007596 57.449
0.007602 57.449
0.007608 57.449
0.007614 57.449
0.00762 57.449
0.007626 57.449
0.007632 57.449
0.007638 57.449
0.007644 57.449
0.00765 57.449
0.007656 57.449
0.007662 57.449
0.007668 57.449
0.007674 57.449
0.00768 57.449
0.007686 57.449
0.007692 57.449
0.007698 57.449
0.007704 57.449
0.00771 57.449
0.007716 57.449
0.007722 57.449
0.007728 57.449
0.007734 57.449
0.00774 57.449
0.007746 57.449
0.007752 57.449
0.007758 57.449
0.007764 57.449
0.00777 57.449
0.007776 57.449
0.007782 57.449
0.007788 57.449
0.007794 57.449
0.0078 57.449
0.007806 57.449
0.007812 57.449
0.007818 57.449
0.007824 57.449
0.00783 57.449
0.007836 57.449
0.007842 57.449
0.007848 57.449
0.007854 57.449
0.00786 57.449
0.007866 57.449
0.007872 57.449
0.007878 57.449
0.007884 57.449
0.00789 57.449
0.007896 57.449
0.007902 57.449
0.007908 57.449
0.007914 57.449
0.00792 57.449
0.007926 57.449
0.007932 57.449
0.007938 57.449
0.007944 57.449
0.00795 57.449
0.007956 57.449
0.007962 57.449
0.007968 57.449
0.007974 57.449
0.00798 57.449
0.007986 57.449
0.007992 57.449
0.007998 57.449
0.008004 57.449
0.00801 57.449
0.008016 57.449
0.008022 57.449
0.008028 57.449
0.008034 57.449
0.00804 57.449
0.008046 57.449
0.008052 57.449
0.008058 57.449
0.008064 57.449
0.00807 57.449
0.008076 57.449
0.008082 57.449
0.008088 57.449
0.008094 57.449
0.0081 57.449
0.008106 57.449
0.008112 57.449
0.008118 57.449
0.008124 57.449
0.00813 57.449
0.008136 57.449
0.008142 57.449
0.008148 57.449
0.008154 57.449
0.00816 57.449
0.008166 57.449
0.008172 57.449
0.008178 57.449
0.008184 57.449
0.00819 57.449
0.008196 57.449
0.008202 57.449
0.008208 57.449
0.008214 57.449
0.00822 57.449
0.008226 57.449
0.008232 57.449
0.008238 57.449
0.008244 57.449
0.00825 57.449
0.008256 57.449
0.008262 57.449
0.008268 57.449
0.008274 57.449
0.00828 57.449
0.008286 57.449
0.008292 57.449
0.008298 57.449
0.008304 57.449
0.00831 57.449
0.008316 57.449
0.008322 57.449
0.008328 57.449
0.008334 57.449
0.00834 57.449
0.008346 57.449
0.008352 57.449
0.008358 57.449
0.008364 57.449
0.00837 57.449
0.008376 57.449
0.008382 57.449
0.008388 57.449
0.008394 57.449
0.0084 57.449
0.008406 57.449
0.008412 57.449
0.008418 57.449
0.008424 57.449
0.00843 57.449
0.008436 57.449
0.008442 57.449
0.008448 57.449
0.008454 57.449
0.00846 57.449
0.008466 57.449
0.008472 57.449
0.008478 57.449
0.008484 57.449
0.00849 57.449
0.008496 57.449
0.008502 57.449
0.008508 57.449
0.008514 57.449
0.00852 57.449
0.008526 57.449
0.008532 57.449
0.008538 57.449
0.008544 57.449
0.00855 57.449
0.008556 57.449
0.008562 57.449
0.008568 57.449
0.008574 57.449
0.00858 57.449
0.008586 57.449
0.008592 57.449
0.008598 57.449
0.008604 57.449
0.00861 57.449
0.008616 57.449
0.008622 57.449
0.008628 57.449
0.008634 57.449
0.00864 57.449
0.008646 57.449
0.008652 57.449
0.008658 57.449
0.008664 57.449
0.00867 57.449
0.008676 57.449
0.008682 57.449
0.008688 57.449
0.008694 57.449
0.0087 57.449
0.008706 57.449
0.008712 57.449
0.008718 57.449
0.008724 57.449
0.00873 57.449
0.008736 57.449
0.008742 57.449
0.008748 57.449
0.008754 57.449
0.00876 57.449
0.008766 57.449
0.008772 57.449
0.008778 57.449
0.008784 57.449
0.00879 57.449
0.008796 57.449
0.008802 57.449
0.008808 57.449
0.008814 57.449
0.00882 57.449
0.008826 57.449
0.008832 57.449
0.008838 57.449
0.008844 57.449
0.00885 57.449
0.008856 57.449
0.008862 57.449
0.008868 57.449
0.008874 57.449
0.00888 57.449
0.008886 57.449
0.008892 57.449
0.008898 57.449
0.008904 57.449
0.00891 57.449
0.008916 57.449
0.008922 57.449
0.008928 57.449
0.008934 57.449
0.00894 57.449
0.008946 57.449
0.008952 57.449
0.008958 57.449
0.008964 57.449
0.00897 57.449
0.008976 57.449
0.008982 57.449
0.008988 57.449
0.008994 57.449
0.009 57.449
0.009006 57.449
0.009012 57.449
0.009018 57.449
0.009024 57.449
0.00903 57.449
0.009036 57.449
0.009042 57.449
0.009048 57.449
0.009054 57.449
0.00906 57.449
0.009066 57.449
0.009072 57.449
0.009078 57.449
0.009084 57.449
0.00909 57.449
0.009096 57.449
0.009102 57.449
0.009108 57.449
0.009114 57.449
0.00912 57.449
0.009126 57.449
0.009132 57.449
0.009138 57.449
0.009144 57.449
0.00915 57.449
0.009156 57.449
0.009162 57.449
0.009168 57.449
0.009174 57.449
0.00918 57.449
0.009186 57.449
0.009192 57.449
0.009198 57.449
0.009204 57.449
0.00921 57.449
0.009216 57.449
0.009222 57.449
0.009228 57.449
0.009234 57.449
0.00924 57.449
0.009246 57.449
0.009252 57.449
0.009258 57.449
0.009264 57.449
0.00927 57.449
0.009276 57.449
0.009282 57.449
0.009288 57.449
0.009294 57.449
0.0093 57.449
0.009306 57.449
0.009312 57.449
0.009318 57.449
0.009324 57.449
0.00933 57.449
0.009336 57.449
0.009342 57.449
0.009348 57.449
0.009354 57.449
0.00936 57.449
0.009366 57.449
0.009372 57.449
0.009378 57.449
0.009384 57.449
0.00939 57.449
0.009396 57.449
0.009402 57.449
0.009408 57.449
0.009414 57.449
0.00942 57.449
0.009426 57.449
0.009432 57.449
0.009438 57.449
0.009444 57.449
0.00945 57.449
0.009456 57.449
0.009462 57.449
0.009468 57.449
0.009474 57.449
0.00948 57.449
0.009486 57.449
0.009492 57.449
0.009498 57.449
0.009504 57.449
0.00951 57.449
0.009516 57.449
0.009522 57.449
0.009528 57.449
0.009534 57.449
0.00954 57.449
0.009546 57.449
0.009552 57.449
0.009558 57.449
0.009564 57.449
0.00957 57.449
0.009576 57.449
0.009582 57.449
0.009588 57.449
0.009594 57.449
0.0096 57.449
0.009606 57.449
0.009612 57.449
0.009618 57.449
0.009624 57.449
0.00963 57.449
0.009636 57.449
0.009642 57.449
0.009648 57.449
0.009654 57.449
0.00966 57.449
0.009666 57.449
0.009672 57.449
0.009678 57.449
0.009684 57.449
0.00969 57.449
0.009696 57.449
0.009702 57.449
0.009708 57.449
0.009714 57.449
0.00972 57.449
0.009726 57.449
0.009732 57.449
0.009738 57.449
0.009744 57.449
0.00975 57.449
0.009756 57.449
0.009762 57.449
0.009768 57.449
0.009774 57.449
0.00978 57.449
0.009786 57.449
0.009792 57.449
0.009798 57.449
0.009804 57.449
0.00981 57.449
0.009816 57.449
0.009822 57.449
0.009828 57.449
0.009834 57.449
0.00984 57.449
0.009846 57.449
0.009852 57.449
0.009858 57.449
0.009864 57.449
0.00987 57.449
0.009876 57.449
0.009882 57.449
0.009888 57.449
0.009894 57.449
0.0099 57.449
0.009906 57.449
0.009912 57.449
0.009918 57.449
0.009924 57.449
0.00993 57.449
0.009936 57.449
0.009942 57.449
0.009948 57.449
0.009954 57.449
0.00996 57.449
0.009966 57.449
0.009972 57.449
0.009978 57.449
0.009984 57.449
0.00999 57.449
0.009996 57.449
0.010002 57.449
0.010008 57.449
0.010014 57.449
0.01002 57.449
0.010026 57.449
0.010032 57.449
0.010038 57.449
0.010044 57.449
0.01005 57.449
0.010056 57.449
0.010062 57.449
0.010068 57.449
0.010074 57.449
0.01008 57.449
0.010086 57.449
0.010092 57.449
0.010098 57.449
0.010104 57.449
0.01011 57.449
0.010116 57.449
0.010122 57.449
0.010128 57.449
0.010134 57.449
0.01014 57.449
0.010146 57.449
0.010152 57.449
0.010158 57.449
0.010164 57.449
0.01017 57.449
0.010176 57.449
0.010182 57.449
0.010188 57.449
0.010194 57.449
0.0102 57.449
0.010206 57.449
0.010212 57.449
0.010218 57.449
0.010224 57.449
0.01023 57.449
0.010236 57.449
0.010242 57.449
0.010248 57.449
0.010254 57.449
0.01026 57.449
0.010266 57.449
0.010272 57.449
0.010278 57.449
0.010284 57.449
0.01029 57.449
0.010296 57.449
0.010302 57.449
0.010308 57.449
0.010314 57.449
0.01032 57.449
0.010326 57.449
0.010332 57.449
0.010338 57.449
0.010344 57.449
0.01035 57.449
0.010356 57.449
0.010362 57.449
0.010368 57.449
0.010374 57.449
0.01038 57.449
0.010386 57.449
0.010392 57.449
0.010398 57.449
0.010404 57.449
0.01041 57.449
0.010416 57.449
0.010422 57.449
0.010428 57.449
0.010434 57.449
0.01044 57.449
0.010446 57.449
0.010452 57.449
0.010458 57.449
0.010464 57.449
0.01047 57.449
0.010476 57.449
0.010482 57.449
0.010488 57.449
0.010494 57.449
0.0105 57.449
0.010506 57.449
0.010512 57.449
0.010518 57.449
0.010524 57.449
0.01053 57.449
0.010536 57.449
0.010542 57.449
0.010548 57.449
0.010554 57.449
0.01056 57.449
0.010566 57.449
0.010572 57.449
0.010578 57.449
0.010584 57.449
0.01059 57.449
0.010596 57.449
0.010602 57.449
0.010608 57.449
0.010614 57.449
0.01062 57.449
0.010626 57.449
0.010632 57.449
0.010638 57.449
0.010644 57.449
0.01065 57.449
0.010656 57.449
0.010662 57.449
0.010668 57.449
0.010674 57.449
0.01068 57.449
0.010686 57.449
0.010692 57.449
0.010698 57.449
0.010704 57.449
0.01071 57.449
0.010716 57.449
0.010722 57.449
0.010728 57.449
0.010734 57.449
0.01074 57.449
0.010746 57.449
0.010752 57.449
0.010758 57.449
0.010764 57.449
0.01077 57.449
0.010776 57.449
0.010782 57.449
0.010788 57.449
0.010794 57.449
0.0108 57.449
0.010806 57.449
0.010812 57.449
0.010818 57.449
0.010824 57.449
0.01083 57.449
0.010836 57.449
0.010842 57.449
0.010848 57.449
0.010854 57.449
0.01086 57.449
0.010866 57.449
0.010872 57.449
0.010878 57.449
0.010884 57.449
0.01089 57.449
0.010896 57.449
0.010902 57.449
0.010908 57.449
0.010914 57.449
0.01092 57.449
0.010926 57.449
0.010932 57.449
0.010938 57.449
0.010944 57.449
0.01095 57.449
0.010956 57.449
0.010962 57.449
0.010968 57.449
0.010974 57.449
0.01098 57.449
0.010986 57.449
0.010992 57.449
0.010998 57.449
0.011004 57.449
0.01101 57.449
0.011016 57.449
0.011022 57.449
0.011028 57.449
0.011034 57.449
0.01104 57.449
0.011046 57.449
0.011052 57.449
0.011058 57.449
0.011064 57.449
0.01107 57.449
0.011076 57.449
0.011082 57.449
0.011088 57.449
0.011094 57.449
0.0111 57.449
0.011106 57.449
0.011112 57.449
0.011118 57.449
0.011124 57.449
0.01113 57.449
0.011136 57.449
0.011142 57.449
0.011148 57.449
0.011154 57.449
0.01116 57.449
0.011166 57.449
0.011172 57.449
0.011178 57.449
0.011184 57.449
0.01119 57.449
0.011196 57.449
0.011202 57.449
0.011208 57.449
0.011214 57.449
0.01122 57.449
0.011226 57.449
0.011232 57.449
0.011238 57.449
0.011244 57.449
0.01125 57.449
0.011256 57.449
0.011262 57.449
0.011268 57.449
0.011274 57.449
0.01128 57.449
0.011286 57.449
0.011292 57.449
0.011298 57.449
0.011304 57.449
0.01131 57.449
0.011316 57.449
0.011322 57.449
0.011328 57.449
0.011334 57.449
0.01134 57.449
0.011346 57.449
0.011352 57.449
0.011358 57.449
0.011364 57.449
0.01137 57.449
0.011376 57.449
0.011382 57.449
0.011388 57.449
0.011394 57.449
0.0114 57.449
0.011406 57.449
0.011412 57.449
0.011418 57.449
0.011424 57.449
0.01143 57.449
0.011436 57.449
0.011442 57.449
0.011448 57.449
0.011454 57.449
0.01146 57.449
0.011466 57.449
0.011472 57.449
0.011478 57.449
0.011484 57.449
0.01149 57.449
0.011496 57.449
0.011502 57.449
0.011508 57.449
0.011514 57.449
0.01152 57.449
0.011526 57.449
0.011532 57.449
0.011538 57.449
0.011544 57.449
0.01155 57.449
0.011556 57.449
0.011562 57.449
0.011568 57.449
0.011574 57.449
0.01158 57.449
0.011586 57.449
0.011592 57.449
0.011598 57.449
0.011604 57.449
0.01161 57.449
0.011616 57.449
0.011622 57.449
0.011628 57.449
0.011634 57.449
0.01164 57.449
0.011646 57.449
0.011652 57.449
0.011658 57.449
0.011664 57.449
0.01167 57.449
0.011676 57.449
0.011682 57.449
0.011688 57.449
0.011694 57.449
0.0117 57.449
0.011706 57.449
0.011712 57.449
0.011718 57.449
0.011724 57.449
0.01173 57.449
0.011736 57.449
0.011742 57.449
0.011748 57.449
0.011754 57.449
0.01176 57.449
0.011766 57.449
0.011772 57.449
0.011778 57.449
0.011784 57.449
0.01179 57.449
0.011796 57.449
0.011802 57.449
0.011808 57.449
0.011814 57.449
0.01182 57.449
0.011826 57.449
0.011832 57.449
0.011838 57.449
0.011844 57.449
0.01185 57.449
0.011856 57.449
0.011862 57.449
0.011868 57.449
0.011874 57.449
0.01188 57.449
0.011886 57.449
0.011892 57.449
0.011898 57.449
0.011904 57.449
0.01191 57.449
0.011916 57.449
0.011922 57.449
0.011928 57.449
0.011934 57.449
0.01194 57.449
0.011946 57.449
0.011952 57.449
0.011958 57.449
0.011964 57.449
0.01197 57.449
0.011976 57.449
0.011982 57.449
0.011988 57.449
0.011994 57.449
0.012 57.449
0.012006 57.449
0.012012 57.449
0.012018 57.449
0.012024 57.449
0.01203 57.449
0.012036 57.449
0.012042 57.449
0.012048 57.449
0.012054 57.449
0.01206 57.449
0.012066 57.449
0.012072 57.449
0.012078 57.449
0.012084 57.449
0.01209 57.449
0.012096 57.449
0.012102 57.449
0.012108 57.449
0.012114 57.449
0.01212 57.449
0.012126 57.449
0.012132 57.449
0.012138 57.449
0.012144 57.449
0.01215 57.449
0.012156 57.449
0.012162 57.449
0.012168 57.449
0.012174 57.449
0.01218 57.449
0.012186 57.449
0.012192 57.449
0.012198 57.449
0.012204 57.449
0.01221 57.449
0.012216 57.449
0.012222 57.449
0.012228 57.449
0.012234 57.449
0.01224 57.449
0.012246 57.449
0.012252 57.449
0.012258 57.449
0.012264 57.449
0.01227 57.449
0.012276 57.449
0.012282 57.449
0.012288 57.449
0.012294 57.449
0.0123 57.449
0.012306 57.449
0.012312 57.449
0.012318 57.449
0.012324 57.449
0.01233 57.449
0.012336 57.449
0.012342 57.449
0.012348 57.449
0.012354 57.449
0.01236 57.449
0.012366 57.449
0.012372 57.449
0.012378 57.449
0.012384 57.449
0.01239 57.449
0.012396 57.449
0.012402 57.449
0.012408 57.449
0.012414 57.449
0.01242 57.449
0.012426 57.449
0.012432 57.449
0.012438 57.449
0.012444 57.449
0.01245 57.449
0.012456 57.449
0.012462 57.449
0.012468 57.449
0.012474 57.449
0.01248 57.449
0.012486 57.449
0.012492 57.449
0.012498 57.449
0.012504 57.449
0.01251 57.449
0.012516 57.449
0.012522 57.449
0.012528 57.449
0.012534 57.449
0.01254 57.449
0.012546 57.449
0.012552 57.449
0.012558 57.449
0.012564 57.449
0.01257 57.449
0.012576 57.449
0.012582 57.449
0.012588 57.449
0.012594 57.449
0.0126 57.449
0.012606 57.449
0.012612 57.449
0.012618 57.449
0.012624 57.449
0.01263 57.449
0.012636 57.449
0.012642 57.449
0.012648 57.449
0.012654 57.449
0.01266 57.449
0.012666 57.449
0.012672 57.449
0.012678 57.449
0.012684 57.449
0.01269 57.449
0.012696 57.449
0.012702 57.449
0.012708 57.449
0.012714 57.449
0.01272 57.449
0.012726 57.449
0.012732 57.449
0.012738 57.449
0.012744 57.449
0.01275 57.449
0.012756 57.449
0.012762 57.449
0.012768 57.449
0.012774 57.449
0.01278 57.449
0.012786 57.449
0.012792 57.449
0.012798 57.449
0.012804 57.449
0.01281 57.449
0.012816 57.449
0.012822 57.449
0.012828 57.449
0.012834 57.449
0.01284 57.449
0.012846 57.449
0.012852 57.449
0.012858 57.449
0.012864 57.449
0.01287 57.449
0.012876 57.449
0.012882 57.449
0.012888 57.449
0.012894 57.449
0.0129 57.449
0.012906 57.449
0.012912 57.449
0.012918 57.449
0.012924 57.449
0.01293 57.449
0.012936 57.449
0.012942 57.449
0.012948 57.449
0.012954 57.449
0.01296 57.449
0.012966 57.449
0.012972 57.449
0.012978 57.449
0.012984 57.449
0.01299 57.449
0.012996 57.449
0.013002 57.449
0.013008 57.449
0.013014 57.449
0.01302 57.449
0.013026 57.449
0.013032 57.449
0.013038 57.449
0.013044 57.449
0.01305 57.449
0.013056 57.449
0.013062 57.449
0.013068 57.449
0.013074 57.449
0.01308 57.449
0.013086 57.449
0.013092 57.449
0.013098 57.449
0.013104 57.449
0.01311 57.449
0.013116 57.449
0.013122 57.449
0.013128 57.449
0.013134 57.449
0.01314 57.449
0.013146 57.449
0.013152 57.449
0.013158 57.449
0.013164 57.449
0.01317 57.449
0.013176 57.449
0.013182 57.449
0.013188 57.449
0.013194 57.449
0.0132 57.449
0.013206 57.449
0.013212 57.449
0.013218 57.449
0.013224 57.449
0.01323 57.449
0.013236 57.449
0.013242 57.449
0.013248 57.449
0.013254 57.449
0.01326 57.449
0.013266 57.449
0.013272 57.449
0.013278 57.449
0.013284 57.449
0.01329 57.449
0.013296 57.449
0.013302 57.449
0.013308 57.449
0.013314 57.449
0.01332 57.449
0.013326 57.449
0.013332 57.449
0.013338 57.449
0.013344 57.449
0.01335 57.449
0.013356 57.449
0.013362 57.449
0.013368 57.449
0.013374 57.449
0.01338 57.449
0.013386 57.449
0.013392 57.449
0.013398 57.449
0.013404 57.449
0.01341 57.449
0.013416 57.449
0.013422 57.449
0.013428 57.449
0.013434 57.449
0.01344 57.449
0.013446 57.449
0.013452 57.449
0.013458 57.449
0.013464 57.449
0.01347 57.449
0.013476 57.449
0.013482 57.449
0.013488 57.449
0.013494 57.449
0.0135 57.449
0.013506 57.449
0.013512 57.449
0.013518 57.449
0.013524 57.449
0.01353 57.449
0.013536 57.449
0.013542 57.449
0.013548 57.449
0.013554 57.449
0.01356 57.449
0.013566 57.449
0.013572 57.449
0.013578 57.449
0.013584 57.449
0.01359 57.449
0.013596 57.449
0.013602 57.449
0.013608 57.449
0.013614 57.449
0.01362 57.449
0.013626 57.449
0.013632 57.449
0.013638 57.449
0.013644 57.449
0.01365 57.449
0.013656 57.449
0.013662 57.449
0.013668 57.449
0.013674 57.449
0.01368 57.449
0.013686 57.449
0.013692 57.449
0.013698 57.449
0.013704 57.449
0.01371 57.449
0.013716 57.449
0.013722 57.449
0.013728 57.449
0.013734 57.449
0.01374 57.449
0.013746 57.449
0.013752 57.449
0.013758 57.449
0.013764 57.449
0.01377 57.449
0.013776 57.449
0.013782 57.449
0.013788 57.449
0.013794 57.449
0.0138 57.449
0.013806 57.449
0.013812 57.449
0.013818 57.449
0.013824 57.449
0.01383 57.449
0.013836 57.449
0.013842 57.449
0.013848 57.449
0.013854 57.449
0.01386 57.449
0.013866 57.449
0.013872 57.449
0.013878 57.449
0.013884 57.449
0.01389 57.449
0.013896 57.449
0.013902 57.449
0.013908 57.449
0.013914 57.449
0.01392 57.449
0.013926 57.449
0.013932 57.449
0.013938 57.449
0.013944 57.449
0.01395 57.449
0.013956 57.449
0.013962 57.449
0.013968 57.449
0.013974 57.449
0.01398 57.449
0.013986 57.449
0.013992 57.449
0.013998 57.449
0.014004 57.449
0.01401 57.449
0.014016 57.449
0.014022 57.449
0.014028 57.449
0.014034 57.449
0.01404 57.449
0.014046 57.449
0.014052 57.449
0.014058 57.449
0.014064 57.449
0.01407 57.449
0.014076 57.449
0.014082 57.449
0.014088 57.449
0.014094 57.449
0.0141 57.449
0.014106 57.449
0.014112 57.449
0.014118 57.449
0.014124 57.449
0.01413 57.449
0.014136 57.449
0.014142 57.449
0.014148 57.449
0.014154 57.449
0.01416 57.449
0.014166 57.449
0.014172 57.449
0.014178 57.449
0.014184 57.449
0.01419 57.449
0.014196 57.449
0.014202 57.449
0.014208 57.449
0.014214 57.449
0.01422 57.449
0.014226 57.449
0.014232 57.449
0.014238 57.449
0.014244 57.449
0.01425 57.449
0.014256 57.449
0.014262 57.449
0.014268 57.449
0.014274 57.449
0.01428 57.449
0.014286 57.449
0.014292 57.449
0.014298 57.449
0.014304 57.449
0.01431 57.449
0.014316 57.449
0.014322 57.449
0.014328 57.449
0.014334 57.449
0.01434 57.449
0.014346 57.449
0.014352 57.449
0.014358 57.449
0.014364 57.449
0.01437 57.449
0.014376 57.449
0.014382 57.449
0.014388 57.449
0.014394 57.449
0.0144 57.449
0.014406 57.449
0.014412 57.449
0.014418 57.449
0.014424 57.449
0.01443 57.449
0.014436 57.449
0.014442 57.449
0.014448 57.449
0.014454 57.449
0.01446 57.449
0.014466 57.449
0.014472 57.449
0.014478 57.449
0.014484 57.449
0.01449 57.449
0.014496 57.449
0.014502 57.449
0.014508 57.449
0.014514 57.449
0.01452 57.449
0.014526 57.449
0.014532 57.449
0.014538 57.449
0.014544 57.449
0.01455 57.449
0.014556 57.449
0.014562 57.449
0.014568 57.449
0.014574 57.449
0.01458 57.449
0.014586 57.449
0.014592 57.449
0.014598 57.449
0.014604 57.449
0.01461 57.449
0.014616 57.449
0.014622 57.449
0.014628 57.449
0.014634 57.449
0.01464 57.449
0.014646 57.449
0.014652 57.449
0.014658 57.449
0.014664 57.449
0.01467 57.449
0.014676 57.449
0.014682 57.449
0.014688 57.449
0.014694 57.449
0.0147 57.449
0.014706 57.449
0.014712 57.449
0.014718 57.449
0.014724 57.449
0.01473 57.449
0.014736 57.449
0.014742 57.449
0.014748 57.449
0.014754 57.449
0.01476 57.449
0.014766 57.449
0.014772 57.449
0.014778 57.449
0.014784 57.449
0.01479 57.449
0.014796 57.449
0.014802 57.449
0.014808 57.449
0.014814 57.449
0.01482 57.449
0.014826 57.449
0.014832 57.449
0.014838 57.449
0.014844 57.449
0.01485 57.449
0.014856 57.449
0.014862 57.449
0.014868 57.449
0.014874 57.449
0.01488 57.449
0.014886 57.449
0.014892 57.449
0.014898 57.449
0.014904 57.449
0.01491 57.449
0.014916 57.449
0.014922 57.449
0.014928 57.449
0.014934 57.449
0.01494 57.449
0.014946 57.449
0.014952 57.449
0.014958 57.449
0.014964 57.449
0.01497 57.449
0.014976 57.449
0.014982 57.449
0.014988 57.449
0.014994 57.449
0.015 57.449
0.015006 57.449
0.015012 57.449
0.015018 57.449
0.015024 57.449
0.01503 57.449
0.015036 57.449
0.015042 57.449
0.015048 57.449
0.015054 57.449
0.01506 57.449
0.015066 57.449
0.015072 57.449
0.015078 57.449
0.015084 57.449
0.01509 57.449
0.015096 57.449
0.015102 57.449
0.015108 57.449
0.015114 57.449
0.01512 57.449
0.015126 57.449
0.015132 57.449
0.015138 57.449
0.015144 57.449
0.01515 57.449
0.015156 57.449
0.015162 57.449
0.015168 57.449
0.015174 57.449
0.01518 57.449
0.015186 57.449
0.015192 57.449
0.015198 57.449
0.015204 57.449
0.01521 57.449
0.015216 57.449
0.015222 57.449
0.015228 57.449
0.015234 57.449
0.01524 57.449
0.015246 57.449
0.015252 57.449
0.015258 57.449
0.015264 57.449
0.01527 57.449
0.015276 57.449
0.015282 57.449
0.015288 57.449
0.015294 57.449
0.0153 57.449
0.015306 57.449
0.015312 57.449
0.015318 57.449
0.015324 57.449
0.01533 57.449
0.015336 57.449
0.015342 57.449
0.015348 57.449
0.015354 57.449
0.01536 57.449
0.015366 57.449
0.015372 57.449
0.015378 57.449
0.015384 57.449
0.01539 57.449
0.015396 57.449
0.015402 57.449
0.015408 57.449
0.015414 57.449
0.01542 57.449
0.015426 57.449
0.015432 57.449
0.015438 57.449
0.015444 57.449
0.01545 57.449
0.015456 57.449
0.015462 57.449
0.015468 57.449
0.015474 57.449
0.01548 57.449
0.015486 57.449
0.015492 57.449
0.015498 57.449
0.015504 57.449
0.01551 57.449
0.015516 57.449
0.015522 57.449
0.015528 57.449
0.015534 57.449
0.01554 57.449
0.015546 57.449
0.015552 57.449
0.015558 57.449
0.015564 57.449
0.01557 57.449
0.015576 57.449
0.015582 57.449
0.015588 57.449
0.015594 57.449
0.0156 57.449
0.015606 57.449
0.015612 57.449
0.015618 57.449
0.015624 57.449
0.01563 57.449
0.015636 57.449
0.015642 57.449
0.015648 57.449
0.015654 57.449
0.01566 57.449
0.015666 57.449
0.015672 57.449
0.015678 57.449
0.015684 57.449
0.01569 57.449
0.015696 57.449
0.015702 57.449
0.015708 57.449
0.015714 57.449
0.01572 57.449
0.015726 57.449
0.015732 57.449
0.015738 57.449
0.015744 57.449
0.01575 57.449
0.015756 57.449
0.015762 57.449
0.015768 57.449
0.015774 57.449
0.01578 57.449
0.015786 57.449
0.015792 57.449
0.015798 57.449
0.015804 57.449
0.01581 57.449
0.015816 57.449
0.015822 57.449
0.015828 57.449
0.015834 57.449
0.01584 57.449
0.015846 57.449
0.015852 57.449
0.015858 57.449
0.015864 57.449
0.01587 57.449
0.015876 57.449
0.015882 57.449
0.015888 57.449
0.015894 57.449
0.0159 57.449
0.015906 57.449
0.015912 57.449
0.015918 57.449
0.015924 57.449
0.01593 57.449
0.015936 57.449
0.015942 57.449
0.015948 57.449
0.015954 57.449
0.01596 57.449
0.015966 57.449
0.015972 57.449
0.015978 57.449
0.015984 57.449
0.01599 57.449
0.015996 57.449
0.016002 57.449
0.016008 57.449
0.016014 57.449
0.01602 57.449
0.016026 57.449
0.016032 57.449
0.016038 57.449
0.016044 57.449
0.01605 57.449
0.016056 57.449
0.016062 57.449
0.016068 57.449
0.016074 57.449
0.01608 57.449
0.016086 57.449
0.016092 57.449
0.016098 57.449
0.016104 57.449
0.01611 57.449
0.016116 57.449
0.016122 57.449
0.016128 57.449
0.016134 57.449
0.01614 57.449
0.016146 57.449
0.016152 57.449
0.016158 57.449
0.016164 57.449
0.01617 57.449
0.016176 57.449
0.016182 57.449
0.016188 57.449
0.016194 57.449
0.0162 57.449
0.016206 57.449
0.016212 57.449
0.016218 57.449
0.016224 57.449
0.01623 57.449
0.016236 57.449
0.016242 57.449
0.016248 57.449
0.016254 57.449
0.01626 57.449
0.016266 57.449
0.016272 57.449
0.016278 57.449
0.016284 57.449
0.01629 57.449
0.016296 57.449
0.016302 57.449
0.016308 57.449
0.016314 57.449
0.01632 57.449
0.016326 57.449
0.016332 57.449
0.016338 57.449
0.016344 57.449
0.01635 57.449
0.016356 57.449
0.016362 57.449
0.016368 57.449
0.016374 57.449
0.01638 57.449
0.016386 57.449
0.016392 57.449
0.016398 57.449
0.016404 57.449
0.01641 57.449
0.016416 57.449
0.016422 57.449
0.016428 57.449
0.016434 57.449
0.01644 57.449
0.016446 57.449
0.016452 57.449
0.016458 57.449
0.016464 57.449
0.01647 57.449
0.016476 57.449
0.016482 57.449
0.016488 57.449
0.016494 57.449
0.0165 57.449
0.016506 57.449
0.016512 57.449
0.016518 57.449
0.016524 57.449
0.01653 57.449
0.016536 57.449
0.016542 57.449
0.016548 57.449
0.016554 57.449
0.01656 57.449
0.016566 57.449
0.016572 57.449
0.016578 57.449
0.016584 57.449
0.01659 57.449
0.016596 57.449
0.016602 57.449
0.016608 57.449
0.016614 57.449
0.01662 57.449
0.016626 57.449
0.016632 57.449
0.016638 57.449
0.016644 57.449
0.01665 57.449
0.016656 57.449
0.016662 57.449
0.016668 57.449
0.016674 57.449
0.01668 57.449
0.016686 57.449
0.016692 57.449
0.016698 57.449
0.016704 57.449
0.01671 57.449
0.016716 57.449
0.016722 57.449
0.016728 57.449
0.016734 57.449
0.01674 57.449
0.016746 57.449
0.016752 57.449
0.016758 57.449
0.016764 57.449
0.01677 57.449
0.016776 57.449
0.016782 57.449
0.016788 57.449
0.016794 57.449
0.0168 57.449
0.016806 57.449
0.016812 57.449
0.016818 57.449
0.016824 57.449
0.01683 57.449
0.016836 57.449
0.016842 57.449
0.016848 57.449
0.016854 57.449
0.01686 57.449
0.016866 57.449
0.016872 57.449
0.016878 57.449
0.016884 57.449
0.01689 57.449
0.016896 57.449
0.016902 57.449
0.016908 57.449
0.016914 57.449
0.01692 57.449
0.016926 57.449
0.016932 57.449
0.016938 57.449
0.016944 57.449
0.01695 57.449
0.016956 57.449
0.016962 57.449
0.016968 57.449
0.016974 57.449
0.01698 57.449
0.016986 57.449
0.016992 57.449
0.016998 57.449
0.017004 57.449
0.01701 57.449
0.017016 57.449
0.017022 57.449
0.017028 57.449
0.017034 57.449
0.01704 57.449
0.017046 57.449
0.017052 57.449
0.017058 57.449
0.017064 57.449
0.01707 57.449
0.017076 57.449
0.017082 57.449
0.017088 57.449
0.017094 57.449
0.0171 57.449
0.017106 57.449
0.017112 57.449
0.017118 57.449
0.017124 57.449
0.01713 57.449
0.017136 57.449
0.017142 57.449
0.017148 57.449
0.017154 57.449
0.01716 57.449
0.017166 57.449
0.017172 57.449
0.017178 57.449
0.017184 57.449
0.01719 57.449
0.017196 57.449
0.017202 57.449
0.017208 57.449
0.017214 57.449
0.01722 57.449
0.017226 57.449
0.017232 57.449
0.017238 57.449
0.017244 57.449
0.01725 57.449
0.017256 57.449
0.017262 57.449
0.017268 57.449
0.017274 57.449
0.01728 57.449
0.017286 57.449
0.017292 57.449
0.017298 57.449
0.017304 57.449
0.01731 57.449
0.017316 57.449
0.017322 57.449
0.017328 57.449
0.017334 57.449
0.01734 57.449
0.017346 57.449
0.017352 57.449
0.017358 57.449
0.017364 57.449
0.01737 57.449
0.017376 57.449
0.017382 57.449
0.017388 57.449
0.017394 57.449
0.0174 57.449
0.017406 57.449
0.017412 57.449
0.017418 57.449
0.017424 57.449
0.01743 57.449
0.017436 57.449
0.017442 57.449
0.017448 57.449
0.017454 57.449
0.01746 57.449
0.017466 57.449
0.017472 57.449
0.017478 57.449
0.017484 57.449
0.01749 57.449
0.017496 57.449
0.017502 57.449
0.017508 57.449
0.017514 57.449
0.01752 57.449
0.017526 57.449
0.017532 57.449
0.017538 57.449
0.017544 57.449
0.01755 57.449
0.017556 57.449
0.017562 57.449
0.017568 57.449
0.017574 57.449
0.01758 57.449
0.017586 57.449
0.017592 57.449
0.017598 57.449
0.017604 57.449
0.01761 57.449
0.017616 57.449
0.017622 57.449
0.017628 57.449
0.017634 57.449
0.01764 57.449
0.017646 57.449
0.017652 57.449
0.017658 57.449
0.017664 57.449
0.01767 57.449
0.017676 57.449
0.017682 57.449
0.017688 57.449
0.017694 57.449
0.0177 57.449
0.017706 57.449
0.017712 57.449
0.017718 57.449
0.017724 57.449
0.01773 57.449
0.017736 57.449
0.017742 57.449
0.017748 57.449
0.017754 57.449
0.01776 57.449
0.017766 57.449
0.017772 57.449
0.017778 57.449
0.017784 57.449
0.01779 57.449
0.017796 57.449
0.017802 57.449
0.017808 57.449
0.017814 57.449
0.01782 57.449
0.017826 57.449
0.017832 57.449
0.017838 57.449
0.017844 57.449
0.01785 57.449
0.017856 57.449
0.017862 57.449
0.017868 57.449
0.017874 57.449
0.01788 57.449
0.017886 57.449
0.017892 57.449
0.017898 57.449
0.017904 57.449
0.01791 57.449
0.017916 57.449
0.017922 57.449
0.017928 57.449
0.017934 57.449
0.01794 57.449
0.017946 57.449
0.017952 57.449
0.017958 57.449
0.017964 57.449
0.01797 57.449
0.017976 57.449
0.017982 57.449
0.017988 57.449
0.017994 57.449
0.018 57.449
0.018006 57.449
0.018012 57.449
0.018018 57.449
0.018024 57.449
0.01803 57.449
0.018036 57.449
0.018042 57.449
0.018048 57.449
0.018054 57.449
0.01806 57.449
0.018066 57.449
0.018072 57.449
0.018078 57.449
0.018084 57.449
0.01809 57.449
0.018096 57.449
0.018102 57.449
0.018108 57.449
0.018114 57.449
0.01812 57.449
0.018126 57.449
0.018132 57.449
0.018138 57.449
0.018144 57.449
0.01815 57.449
0.018156 57.449
0.018162 57.449
0.018168 57.449
0.018174 57.449
0.01818 57.449
0.018186 57.449
0.018192 57.449
0.018198 57.449
0.018204 57.449
0.01821 57.449
0.018216 57.449
0.018222 57.449
0.018228 57.449
0.018234 57.449
0.01824 57.449
0.018246 57.449
0.018252 57.449
0.018258 57.449
0.018264 57.449
0.01827 57.449
0.018276 57.449
0.018282 57.449
0.018288 57.449
0.018294 57.449
0.0183 57.449
0.018306 57.449
0.018312 57.449
0.018318 57.449
0.018324 57.449
0.01833 57.449
0.018336 57.449
0.018342 57.449
0.018348 57.449
0.018354 57.449
0.01836 57.449
0.018366 57.449
0.018372 57.449
0.018378 57.449
0.018384 57.449
0.01839 57.449
0.018396 57.449
0.018402 57.449
0.018408 57.449
0.018414 57.449
0.01842 57.449
0.018426 57.449
0.018432 57.449
0.018438 57.449
0.018444 57.449
0.01845 57.449
0.018456 57.449
0.018462 57.449
0.018468 57.449
0.018474 57.449
0.01848 57.449
0.018486 57.449
0.018492 57.449
0.018498 57.449
0.018504 57.449
0.01851 57.449
0.018516 57.449
0.018522 57.449
0.018528 57.449
0.018534 57.449
0.01854 57.449
0.018546 57.449
0.018552 57.449
0.018558 57.449
0.018564 57.449
0.01857 57.449
0.018576 57.449
0.018582 57.449
0.018588 57.449
0.018594 57.449
0.0186 57.449
0.018606 57.449
0.018612 57.449
0.018618 57.449
0.018624 57.449
0.01863 57.449
0.018636 57.449
0.018642 57.449
0.018648 57.449
0.018654 57.449
0.01866 57.449
0.018666 57.449
0.018672 57.449
0.018678 57.449
0.018684 57.449
0.01869 57.449
0.018696 57.449
0.018702 57.449
0.018708 57.449
0.018714 57.449
0.01872 57.449
0.018726 57.449
0.018732 57.449
0.018738 57.449
0.018744 57.449
0.01875 57.449
0.018756 57.449
0.018762 57.449
0.018768 57.449
0.018774 57.449
0.01878 57.449
0.018786 57.449
0.018792 57.449
0.018798 57.449
0.018804 57.449
0.01881 57.449
0.018816 57.449
0.018822 57.449
0.018828 57.449
0.018834 57.449
0.01884 57.449
0.018846 57.449
0.018852 57.449
0.018858 57.449
0.018864 57.449
0.01887 57.449
0.018876 57.449
0.018882 57.449
0.018888 57.449
0.018894 57.449
0.0189 57.449
0.018906 57.449
0.018912 57.449
0.018918 57.449
0.018924 57.449
0.01893 57.449
0.018936 57.449
0.018942 57.449
0.018948 57.449
0.018954 57.449
0.01896 57.449
0.018966 57.449
0.018972 57.449
0.018978 57.449
0.018984 57.449
0.01899 57.449
0.018996 57.449
0.019002 57.449
0.019008 57.449
0.019014 57.449
0.01902 57.449
0.019026 57.449
0.019032 57.449
0.019038 57.449
0.019044 57.449
0.01905 57.449
0.019056 57.449
0.019062 57.449
0.019068 57.449
0.019074 57.449
0.01908 57.449
0.019086 57.449
0.019092 57.449
0.019098 57.449
0.019104 57.449
0.01911 57.449
0.019116 57.449
0.019122 57.449
0.019128 57.449
0.019134 57.449
0.01914 57.449
0.019146 57.449
0.019152 57.449
0.019158 57.449
0.019164 57.449
0.01917 57.449
0.019176 57.449
0.019182 57.449
0.019188 57.449
0.019194 57.449
0.0192 57.449
0.019206 57.449
0.019212 57.449
0.019218 57.449
0.019224 57.449
0.01923 57.449
0.019236 57.449
0.019242 57.449
0.019248 57.449
0.019254 57.449
0.01926 57.449
0.019266 57.449
0.019272 57.449
0.019278 57.449
0.019284 57.449
0.01929 57.449
0.019296 57.449
0.019302 57.449
0.019308 57.449
0.019314 57.449
0.01932 57.449
0.019326 57.449
0.019332 57.449
0.019338 57.449
0.019344 57.449
0.01935 57.449
0.019356 57.449
0.019362 57.449
0.019368 57.449
0.019374 57.449
0.01938 57.449
0.019386 57.449
0.019392 57.449
0.019398 57.449
0.019404 57.449
0.01941 57.449
0.019416 57.449
0.019422 57.449
0.019428 57.449
0.019434 57.449
0.01944 57.449
0.019446 57.449
0.019452 57.449
0.019458 57.449
0.019464 57.449
0.01947 57.449
0.019476 57.449
0.019482 57.449
0.019488 57.449
0.019494 57.449
0.0195 57.449
0.019506 57.449
0.019512 57.449
0.019518 57.449
0.019524 57.449
0.01953 57.449
0.019536 57.449
0.019542 57.449
0.019548 57.449
0.019554 57.449
0.01956 57.449
0.019566 57.449
0.019572 57.449
0.019578 57.449
0.019584 57.449
0.01959 57.449
0.019596 57.449
0.019602 57.449
0.019608 57.449
0.019614 57.449
0.01962 57.449
0.019626 57.449
0.019632 57.449
0.019638 57.449
0.019644 57.449
0.01965 57.449
0.019656 57.449
0.019662 57.449
0.019668 57.449
0.019674 57.449
0.01968 57.449
0.019686 57.449
0.019692 57.449
0.019698 57.449
0.019704 57.449
0.01971 57.449
0.019716 57.449
0.019722 57.449
0.019728 57.449
0.019734 57.449
0.01974 57.449
0.019746 57.449
0.019752 57.449
0.019758 57.449
0.019764 57.449
0.01977 57.449
0.019776 57.449
0.019782 57.449
0.019788 57.449
0.019794 57.449
0.0198 57.449
0.019806 57.449
0.019812 57.449
0.019818 57.449
0.019824 57.449
0.01983 57.449
0.019836 57.449
0.019842 57.449
0.019848 57.449
0.019854 57.449
0.01986 57.449
0.019866 57.449
0.019872 57.449
0.019878 57.449
0.019884 57.449
0.01989 57.449
0.019896 57.449
0.019902 57.449
0.019908 57.449
0.019914 57.449
0.01992 57.449
0.019926 57.449
0.019932 57.449
0.019938 57.449
0.019944 57.449
0.01995 57.449
0.019956 57.449
0.019962 57.449
0.019968 57.449
0.019974 57.449
0.01998 57.449
0.019986 57.449
0.019992 57.449
0.019998 57.449
0.020004 57.449
0.02001 57.449
0.020016 57.449
0.020022 57.449
0.020028 57.449
0.020034 57.449
0.02004 57.449
0.020046 57.449
0.020052 57.449
0.020058 57.449
0.020064 57.449
0.02007 57.449
0.020076 57.449
0.020082 57.449
0.020088 57.449
0.020094 57.449
0.0201 57.449
0.020106 57.449
0.020112 57.449
0.020118 57.449
0.020124 57.449
0.02013 57.449
0.020136 57.449
0.020142 57.449
0.020148 57.449
0.020154 57.449
0.02016 57.449
0.020166 57.449
0.020172 57.449
0.020178 57.449
0.020184 57.449
0.02019 57.449
0.020196 57.449
0.020202 57.449
0.020208 57.449
0.020214 57.449
0.02022 57.449
0.020226 57.449
0.020232 57.449
0.020238 57.449
0.020244 57.449
0.02025 57.449
0.020256 57.449
0.020262 57.449
0.020268 57.449
0.020274 57.449
0.02028 57.449
0.020286 57.449
0.020292 57.449
0.020298 57.449
0.020304 57.449
0.02031 57.449
0.020316 57.449
0.020322 57.449
0.020328 57.449
0.020334 57.449
0.02034 57.449
0.020346 57.449
0.020352 57.449
0.020358 57.449
0.020364 57.449
0.02037 57.449
0.020376 57.449
0.020382 57.449
0.020388 57.449
0.020394 57.449
0.0204 57.449
0.020406 57.449
0.020412 57.449
0.020418 57.449
0.020424 57.449
0.02043 57.449
0.020436 57.449
0.020442 57.449
0.020448 57.449
0.020454 57.449
0.02046 57.449
0.020466 57.449
0.020472 57.449
0.020478 57.449
0.020484 57.449
0.02049 57.449
0.020496 57.449
0.020502 57.449
0.020508 57.449
0.020514 57.449
0.02052 57.449
0.020526 57.449
0.020532 57.449
0.020538 57.449
0.020544 57.449
0.02055 57.449
0.020556 57.449
0.020562 57.449
0.020568 57.449
0.020574 57.449
0.02058 57.449
0.020586 57.449
0.020592 57.449
0.020598 57.449
0.020604 57.449
0.02061 57.449
0.020616 57.449
0.020622 57.449
0.020628 57.449
0.020634 57.449
0.02064 57.449
0.020646 57.449
0.020652 57.449
0.020658 57.449
0.020664 57.449
0.02067 57.449
0.020676 57.449
0.020682 57.449
0.020688 57.449
0.020694 57.449
0.0207 57.449
0.020706 57.449
0.020712 57.449
0.020718 57.449
0.020724 57.449
0.02073 57.449
0.020736 57.449
0.020742 57.449
0.020748 57.449
0.020754 57.449
0.02076 57.449
0.020766 57.449
0.020772 57.449
0.020778 57.449
0.020784 57.449
0.02079 57.449
0.020796 57.449
0.020802 57.449
0.020808 57.449
0.020814 57.449
0.02082 57.449
0.020826 57.449
0.020832 57.449
0.020838 57.449
0.020844 57.449
0.02085 57.449
0.020856 57.449
0.020862 57.449
0.020868 57.449
0.020874 57.449
0.02088 57.449
0.020886 57.449
0.020892 57.449
0.020898 57.449
0.020904 57.449
0.02091 57.449
0.020916 57.449
0.020922 57.449
0.020928 57.449
0.020934 57.449
0.02094 57.449
0.020946 57.449
0.020952 57.449
0.020958 57.449
0.020964 57.449
0.02097 57.449
0.020976 57.449
0.020982 57.449
0.020988 57.449
0.020994 57.449
0.021 57.449
1 57.449
