6e-06 28998
1.2e-05 28998
1.8e-05 28998
2.4e-05 28998
3e-05 28998
3.6e-05 28997
4.2e-05 28997
4.8e-05 28997
5.4e-05 28996
6e-05 28996
6.6e-05 28995
7.2e-05 28993
7.8e-05 28990
8.4e-05 28986
9e-05 28980
9.6e-05 28971
0.000102 28959
0.000108 28941
0.000114 28915
0.00012 28879
0.000126 28829
0.000132 28760
0.000138 28666
0.000144 28540
0.00015 28373
0.000156 28153
0.000162 27867
0.000168 27502
0.000174 27039
0.00018 26462
0.000186 25755
0.000192 24900
0.000198 23885
0.000204 22703
0.00021 21352
0.000216 19842
0.000222 18193
0.000228 16434
0.000234 14606
0.00024 12756
0.000246 10937
0.000252 9199
0.000258 7587
0.000264 6135.8
0.00027 4867.7
0.000276 3791.4
0.000282 2903.2
0.000288 2189.6
0.000294 1630.1
0.0003 1201.2
0.000306 878.75
0.000312 640.33
0.000318 466.38
0.000324 340.74
0.00033 250.61
0.000336 186.18
0.000342 140.16
0.000348 107.24
0.000354 83.591
0.00036 66.523
0.000366 54.135
0.000372 45.099
0.000378 38.487
0.000384 33.651
0.00039 30.137
0.000396 27.629
0.000402 25.904
0.000408 24.809
0.000414 24.238
0.00042 24.117
0.000426 24.404
0.000432 25.071
0.000438 26.109
0.000444 27.52
0.00045 29.317
0.000456 31.524
0.000462 34.173
0.000468 37.304
0.000474 40.968
0.00048 45.225
0.000486 50.146
0.000492 55.812
0.000498 62.318
0.000504 69.771
0.00051 78.294
0.000516 88.026
0.000522 99.126
0.000528 111.77
0.000534 126.16
0.00054 142.51
0.000546 161.08
0.000552 182.15
0.000558 206.01
0.000564 233.01
0.00057 263.51
0.000576 297.92
0.000582 336.68
0.000588 380.26
0.000594 429.19
0.0006 484
0.000606 545.29
0.000612 613.68
0.000618 689.83
0.000624 774.41
0.00063 868.15
0.000636 971.77
0.000642 1086
0.000648 1211.7
0.000654 1349.6
0.00066 1500.4
0.000666 1665
0.000672 1844
0.000678 2038.1
0.000684 2248.1
0.00069 2474.5
0.000696 2718
0.000702 2978.9
0.000708 3257.7
0.000714 3554.7
0.00072 3870.2
0.000726 4204.2
0.000732 4556.7
0.000738 4927.7
0.000744 5316.9
0.00075 5723.9
0.000756 6148.2
0.000762 6589.2
0.000768 7046.3
0.000774 7518.5
0.00078 8004.9
0.000786 8504.5
0.000792 9016.1
0.000798 9538.5
0.000804 10070
0.00081 10610
0.000816 11157
0.000822 11710
0.000828 12266
0.000834 12824
0.00084 13384
0.000846 13943
0.000852 14500
0.000858 15054
0.000864 15603
0.00087 16147
0.000876 16684
0.000882 17213
0.000888 17732
0.000894 18242
0.0009 18741
0.000906 19228
0.000912 19703
0.000918 20165
0.000924 20613
0.00093 21047
0.000936 21468
0.000942 21873
0.000948 22265
0.000954 22641
0.00096 23003
0.000966 23349
0.000972 23681
0.000978 23999
0.000984 24302
0.00099 24591
0.000996 24866
0.001002 25128
0.001008 25376
0.001014 25612
0.00102 25835
0.001026 26046
0.001032 26245
0.001038 26433
0.001044 26610
0.00105 26777
0.001056 26933
0.001062 27081
0.001068 27219
0.001074 27348
0.00108 27470
0.001086 27583
0.001092 27689
0.001098 27788
0.001104 27881
0.00111 27967
0.001116 28047
0.001122 28121
0.001128 28190
0.001134 28255
0.00114 28314
0.001146 28370
0.001152 28421
0.001158 28468
0.001164 28512
0.00117 28553
0.001176 28590
0.001182 28625
0.001188 28657
0.001194 28686
0.0012 28713
0.001206 28738
0.001212 28761
0.001218 28782
0.001224 28801
0.00123 28818
0.001236 28835
0.001242 28849
0.001248 28863
0.001254 28875
0.00126 28887
0.001266 28897
0.001272 28906
0.001278 28915
0.001284 28923
0.00129 28930
0.001296 28937
0.001302 28942
0.001308 28948
0.001314 28953
0.00132 28957
0.001326 28961
0.001332 28965
0.001338 28968
0.001344 28971
0.00135 28974
0.001356 28976
0.001362 28978
0.001368 28980
0.001374 28982
0.00138 28984
0.001386 28985
0.001392 28987
0.001398 28988
0.001404 28989
0.00141 28990
0.001416 28991
0.001422 28991
0.001428 28992
0.001434 28993
0.00144 28993
0.001446 28994
0.001452 28994
0.001458 28995
0.001464 28995
0.00147 28995
0.001476 28996
0.001482 28996
0.001488 28996
0.001494 28996
0.0015 28996
0.001506 28997
0.001512 28997
0.001518 28997
0.001524 28997
0.00153 28997
0.001536 28997
0.001542 28997
0.001548 28997
0.001554 28997
0.00156 28997
0.001566 28997
0.001572 28998
0.001578 28998
0.001584 28998
0.00159 28998
0.001596 28998
0.001602 28998
0.001608 28998
0.001614 28998
0.00162 28998
0.001626 28998
0.001632 28998
0.001638 28998
0.001644 28998
0.00165 28998
0.001656 28998
0.001662 28998
0.001668 28998
0.001674 28998
0.00168 28998
0.001686 28998
0.001692 28998
0.001698 28998
0.001704 28998
0.00171 28998
0.001716 28998
0.001722 28998
0.001728 28998
0.001734 28998
0.00174 28998
0.001746 28998
0.001752 28998
0.001758 28998
0.001764 28998
0.00177 28998
0.001776 28998
0.001782 28998
0.001788 28998
0.001794 28998
0.0018 28998
0.001806 28998
0.001812 28998
0.001818 28998
0.001824 28998
0.00183 28998
0.001836 28998
0.001842 28998
0.001848 28998
0.001854 28998
0.00186 28998
0.001866 28998
0.001872 28998
0.001878 28998
0.001884 28998
0.00189 28998
0.001896 28998
0.001902 28998
0.001908 28998
0.001914 28998
0.00192 28998
0.001926 28998
0.001932 28998
0.001938 28998
0.001944 28998
0.00195 28998
0.001956 28998
0.001962 28998
0.001968 28998
0.001974 28998
0.00198 28998
0.001986 28998
0.001992 28998
0.001998 28998
0.002004 28998
0.00201 28998
0.002016 28998
0.002022 28998
0.002028 28998
0.002034 28998
0.00204 28998
0.002046 28998
0.002052 28998
0.002058 28998
0.002064 28998
0.00207 28998
0.002076 28998
0.002082 28998
0.002088 28998
0.002094 28998
0.0021 28998
0.002106 28998
0.002112 28998
0.002118 28998
0.002124 28998
0.00213 28998
0.002136 28998
0.002142 28998
0.002148 28998
0.002154 28998
0.00216 28998
0.002166 28998
0.002172 28998
0.002178 28998
0.002184 28998
0.00219 28998
0.002196 28998
0.002202 28998
0.002208 28998
0.002214 28998
0.00222 28998
0.002226 28998
0.002232 28998
0.002238 28998
0.002244 28998
0.00225 28998
0.002256 28998
0.002262 28998
0.002268 28998
0.002274 28998
0.00228 28998
0.002286 28998
0.002292 28998
0.002298 28998
0.002304 28998
0.00231 28998
0.002316 28998
0.002322 28998
0.002328 28998
0.002334 28998
0.00234 28998
0.002346 28998
0.002352 28998
0.002358 28998
0.002364 28998
0.00237 28998
0.002376 28998
0.002382 28998
0.002388 28998
0.002394 28998
0.0024 28998
0.002406 28998
0.002412 28998
0.002418 28998
0.002424 28998
0.00243 28998
0.002436 28998
0.002442 28998
0.002448 28998
0.002454 28998
0.00246 28998
0.002466 28998
0.002472 28998
0.002478 28998
0.002484 28998
0.00249 28998
0.002496 28998
0.002502 28998
0.002508 28998
0.002514 28998
0.00252 28998
0.002526 28998
0.002532 28998
0.002538 28998
0.002544 28998
0.00255 28998
0.002556 28998
0.002562 28998
0.002568 28998
0.002574 28998
0.00258 28998
0.002586 28998
0.002592 28998
0.002598 28998
0.002604 28998
0.00261 28998
0.002616 28998
0.002622 28998
0.002628 28998
0.002634 28998
0.00264 28998
0.002646 28998
0.002652 28998
0.002658 28998
0.002664 28998
0.00267 28998
0.002676 28998
0.002682 28998
0.002688 28998
0.002694 28998
0.0027 28998
0.002706 28998
0.002712 28998
0.002718 28998
0.002724 28998
0.00273 28998
0.002736 28998
0.002742 28998
0.002748 28998
0.002754 28998
0.00276 28998
0.002766 28998
0.002772 28998
0.002778 28998
0.002784 28998
0.00279 28998
0.002796 28998
0.002802 28998
0.002808 28998
0.002814 28998
0.00282 28998
0.002826 28998
0.002832 28998
0.002838 28998
0.002844 28998
0.00285 28998
0.002856 28998
0.002862 28998
0.002868 28998
0.002874 28998
0.00288 28998
0.002886 28998
0.002892 28998
0.002898 28998
0.002904 28998
0.00291 28998
0.002916 28998
0.002922 28998
0.002928 28998
0.002934 28998
0.00294 28998
0.002946 28998
0.002952 28998
0.002958 28998
0.002964 28998
0.00297 28998
0.002976 28998
0.002982 28998
0.002988 28998
0.002994 28998
0.003 28998
0.003006 28998
0.003012 28998
0.003018 28998
0.003024 28998
0.00303 28998
0.003036 28998
0.003042 28998
0.003048 28998
0.003054 28998
0.00306 28998
0.003066 28998
0.003072 28998
0.003078 28998
0.003084 28998
0.00309 28998
0.003096 28998
0.003102 28998
0.003108 28998
0.003114 28998
0.00312 28998
0.003126 28998
0.003132 28998
0.003138 28998
0.003144 28998
0.00315 28998
0.003156 28998
0.003162 28998
0.003168 28998
0.003174 28998
0.00318 28998
0.003186 28998
0.003192 28998
0.003198 28998
0.003204 28998
0.00321 28998
0.003216 28998
0.003222 28998
0.003228 28998
0.003234 28998
0.00324 28998
0.003246 28998
0.003252 28998
0.003258 28998
0.003264 28998
0.00327 28998
0.003276 28998
0.003282 28998
0.003288 28998
0.003294 28998
0.0033 28998
0.003306 28998
0.003312 28998
0.003318 28998
0.003324 28998
0.00333 28998
0.003336 28998
0.003342 28998
0.003348 28998
0.003354 28998
0.00336 28998
0.003366 28998
0.003372 28998
0.003378 28998
0.003384 28998
0.00339 28998
0.003396 28998
0.003402 28998
0.003408 28998
0.003414 28998
0.00342 28998
0.003426 28998
0.003432 28998
0.003438 28998
0.003444 28998
0.00345 28998
0.003456 28998
0.003462 28998
0.003468 28998
0.003474 28998
0.00348 28998
0.003486 28998
0.003492 28998
0.003498 28998
0.003504 28998
0.00351 28998
0.003516 28998
0.003522 28998
0.003528 28998
0.003534 28998
0.00354 28998
0.003546 28998
0.003552 28998
0.003558 28998
0.003564 28998
0.00357 28998
0.003576 28998
0.003582 28998
0.003588 28998
0.003594 28998
0.0036 28998
0.003606 28998
0.003612 28998
0.003618 28998
0.003624 28998
0.00363 28998
0.003636 28998
0.003642 28998
0.003648 28998
0.003654 28998
0.00366 28998
0.003666 28998
0.003672 28998
0.003678 28998
0.003684 28998
0.00369 28998
0.003696 28998
0.003702 28998
0.003708 28998
0.003714 28998
0.00372 28998
0.003726 28998
0.003732 28998
0.003738 28998
0.003744 28998
0.00375 28998
0.003756 28998
0.003762 28998
0.003768 28998
0.003774 28998
0.00378 28998
0.003786 28998
0.003792 28998
0.003798 28998
0.003804 28998
0.00381 28998
0.003816 28998
0.003822 28998
0.003828 28998
0.003834 28998
0.00384 28998
0.003846 28998
0.003852 28998
0.003858 28998
0.003864 28998
0.00387 28998
0.003876 28998
0.003882 28998
0.003888 28998
0.003894 28998
0.0039 28998
0.003906 28998
0.003912 28998
0.003918 28998
0.003924 28998
0.00393 28998
0.003936 28998
0.003942 28998
0.003948 28998
0.003954 28998
0.00396 28998
0.003966 28998
0.003972 28998
0.003978 28998
0.003984 28998
0.00399 28998
0.003996 28998
0.004002 28998
0.004008 28998
0.004014 28998
0.00402 28998
0.004026 28998
0.004032 28998
0.004038 28998
0.004044 28998
0.00405 28998
0.004056 28998
0.004062 28998
0.004068 28998
0.004074 28998
0.00408 28998
0.004086 28998
0.004092 28998
0.004098 28998
0.004104 28998
0.00411 28998
0.004116 28998
0.004122 28998
0.004128 28998
0.004134 28998
0.00414 28998
0.004146 28998
0.004152 28998
0.004158 28998
0.004164 28998
0.00417 28998
0.004176 28998
0.004182 28998
0.004188 28998
0.004194 28998
0.0042 28998
0.004206 28998
0.004212 28998
0.004218 28998
0.004224 28998
0.00423 28998
0.004236 28998
0.004242 28998
0.004248 28998
0.004254 28998
0.00426 28998
0.004266 28998
0.004272 28998
0.004278 28998
0.004284 28998
0.00429 28998
0.004296 28998
0.004302 28998
0.004308 28998
0.004314 28998
0.00432 28998
0.004326 28998
0.004332 28998
0.004338 28998
0.004344 28998
0.00435 28998
0.004356 28998
0.004362 28998
0.004368 28998
0.004374 28998
0.00438 28998
0.004386 28998
0.004392 28998
0.004398 28998
0.004404 28998
0.00441 28998
0.004416 28998
0.004422 28998
0.004428 28998
0.004434 28998
0.00444 28998
0.004446 28998
0.004452 28998
0.004458 28998
0.004464 28998
0.00447 28998
0.004476 28998
0.004482 28998
0.004488 28998
0.004494 28998
0.0045 28998
0.004506 28998
0.004512 28998
0.004518 28998
0.004524 28998
0.00453 28998
0.004536 28998
0.004542 28998
0.004548 28998
0.004554 28998
0.00456 28998
0.004566 28998
0.004572 28998
0.004578 28998
0.004584 28998
0.00459 28998
0.004596 28998
0.004602 28998
0.004608 28998
0.004614 28998
0.00462 28998
0.004626 28998
0.004632 28998
0.004638 28998
0.004644 28998
0.00465 28998
0.004656 28998
0.004662 28998
0.004668 28998
0.004674 28998
0.00468 28998
0.004686 28998
0.004692 28998
0.004698 28998
0.004704 28998
0.00471 28998
0.004716 28998
0.004722 28998
0.004728 28998
0.004734 28998
0.00474 28998
0.004746 28998
0.004752 28998
0.004758 28998
0.004764 28998
0.00477 28998
0.004776 28998
0.004782 28998
0.004788 28998
0.004794 28998
0.0048 28998
0.004806 28998
0.004812 28998
0.004818 28998
0.004824 28998
0.00483 28998
0.004836 28998
0.004842 28998
0.004848 28998
0.004854 28998
0.00486 28998
0.004866 28998
0.004872 28998
0.004878 28998
0.004884 28998
0.00489 28998
0.004896 28998
0.004902 28998
0.004908 28998
0.004914 28998
0.00492 28998
0.004926 28998
0.004932 28998
0.004938 28998
0.004944 28998
0.00495 28998
0.004956 28998
0.004962 28998
0.004968 28998
0.004974 28998
0.00498 28998
0.004986 28998
0.004992 28998
0.004998 28998
0.005004 28998
0.00501 28998
0.005016 28998
0.005022 28998
0.005028 28998
0.005034 28998
0.00504 28998
0.005046 28998
0.005052 28998
0.005058 28998
0.005064 28998
0.00507 28998
0.005076 28998
0.005082 28998
0.005088 28998
0.005094 28998
0.0051 28998
0.005106 28998
0.005112 28998
0.005118 28998
0.005124 28998
0.00513 28998
0.005136 28998
0.005142 28998
0.005148 28998
0.005154 28998
0.00516 28998
0.005166 28998
0.005172 28998
0.005178 28998
0.005184 28998
0.00519 28998
0.005196 28998
0.005202 28998
0.005208 28998
0.005214 28998
0.00522 28998
0.005226 28998
0.005232 28998
0.005238 28998
0.005244 28998
0.00525 28998
0.005256 28998
0.005262 28998
0.005268 28998
0.005274 28998
0.00528 28998
0.005286 28998
0.005292 28998
0.005298 28998
0.005304 28998
0.00531 28998
0.005316 28998
0.005322 28998
0.005328 28998
0.005334 28998
0.00534 28998
0.005346 28998
0.005352 28998
0.005358 28998
0.005364 28998
0.00537 28998
0.005376 28998
0.005382 28998
0.005388 28998
0.005394 28998
0.0054 28998
0.005406 28998
0.005412 28998
0.005418 28998
0.005424 28998
0.00543 28998
0.005436 28998
0.005442 28998
0.005448 28998
0.005454 28998
0.00546 28998
0.005466 28998
0.005472 28998
0.005478 28998
0.005484 28998
0.00549 28998
0.005496 28998
0.005502 28998
0.005508 28998
0.005514 28998
0.00552 28998
0.005526 28998
0.005532 28998
0.005538 28998
0.005544 28998
0.00555 28998
0.005556 28998
0.005562 28998
0.005568 28998
0.005574 28998
0.00558 28998
0.005586 28998
0.005592 28998
0.005598 28998
0.005604 28998
0.00561 28998
0.005616 28998
0.005622 28998
0.005628 28998
0.005634 28998
0.00564 28998
0.005646 28998
0.005652 28998
0.005658 28998
0.005664 28998
0.00567 28998
0.005676 28998
0.005682 28998
0.005688 28998
0.005694 28998
0.0057 28998
0.005706 28998
0.005712 28998
0.005718 28998
0.005724 28998
0.00573 28998
0.005736 28998
0.005742 28998
0.005748 28998
0.005754 28998
0.00576 28998
0.005766 28998
0.005772 28998
0.005778 28998
0.005784 28998
0.00579 28998
0.005796 28998
0.005802 28998
0.005808 28998
0.005814 28998
0.00582 28998
0.005826 28998
0.005832 28998
0.005838 28998
0.005844 28998
0.00585 28998
0.005856 28998
0.005862 28998
0.005868 28998
0.005874 28998
0.00588 28998
0.005886 28998
0.005892 28998
0.005898 28998
0.005904 28998
0.00591 28998
0.005916 28998
0.005922 28998
0.005928 28998
0.005934 28998
0.00594 28998
0.005946 28998
0.005952 28998
0.005958 28998
0.005964 28998
0.00597 28998
0.005976 28998
0.005982 28998
0.005988 28998
0.005994 28998
0.006 28998
0.006006 28998
0.006012 28998
0.006018 28998
0.006024 28998
0.00603 28998
0.006036 28998
0.006042 28998
0.006048 28998
0.006054 28998
0.00606 28998
0.006066 28998
0.006072 28998
0.006078 28998
0.006084 28998
0.00609 28998
0.006096 28998
0.006102 28998
0.006108 28998
0.006114 28998
0.00612 28998
0.006126 28998
0.006132 28998
0.006138 28998
0.006144 28998
0.00615 28998
0.006156 28998
0.006162 28998
0.006168 28998
0.006174 28998
0.00618 28998
0.006186 28998
0.006192 28998
0.006198 28998
0.006204 28998
0.00621 28998
0.006216 28998
0.006222 28998
0.006228 28998
0.006234 28998
0.00624 28998
0.006246 28998
0.006252 28998
0.006258 28998
0.006264 28998
0.00627 28998
0.006276 28998
0.006282 28998
0.006288 28998
0.006294 28998
0.0063 28998
0.006306 28998
0.006312 28998
0.006318 28998
0.006324 28998
0.00633 28998
0.006336 28998
0.006342 28998
0.006348 28998
0.006354 28998
0.00636 28998
0.006366 28998
0.006372 28998
0.006378 28998
0.006384 28998
0.00639 28998
0.006396 28998
0.006402 28998
0.006408 28998
0.006414 28998
0.00642 28998
0.006426 28998
0.006432 28998
0.006438 28998
0.006444 28998
0.00645 28998
0.006456 28998
0.006462 28998
0.006468 28998
0.006474 28998
0.00648 28998
0.006486 28998
0.006492 28998
0.006498 28998
0.006504 28998
0.00651 28998
0.006516 28998
0.006522 28998
0.006528 28998
0.006534 28998
0.00654 28998
0.006546 28998
0.006552 28998
0.006558 28998
0.006564 28998
0.00657 28998
0.006576 28998
0.006582 28998
0.006588 28998
0.006594 28998
0.0066 28998
0.006606 28998
0.006612 28998
0.006618 28998
0.006624 28998
0.00663 28998
0.006636 28998
0.006642 28998
0.006648 28998
0.006654 28998
0.00666 28998
0.006666 28998
0.006672 28998
0.006678 28998
0.006684 28998
0.00669 28998
0.006696 28998
0.006702 28998
0.006708 28998
0.006714 28998
0.00672 28998
0.006726 28998
0.006732 28998
0.006738 28998
0.006744 28998
0.00675 28998
0.006756 28998
0.006762 28998
0.006768 28998
0.006774 28998
0.00678 28998
0.006786 28998
0.006792 28998
0.006798 28998
0.006804 28998
0.00681 28998
0.006816 28998
0.006822 28998
0.006828 28998
0.006834 28998
0.00684 28998
0.006846 28998
0.006852 28998
0.006858 28998
0.006864 28998
0.00687 28998
0.006876 28998
0.006882 28998
0.006888 28998
0.006894 28998
0.0069 28998
0.006906 28998
0.006912 28998
0.006918 28998
0.006924 28998
0.00693 28998
0.006936 28998
0.006942 28998
0.006948 28998
0.006954 28998
0.00696 28998
0.006966 28998
0.006972 28998
0.006978 28998
0.006984 28998
0.00699 28998
0.006996 28998
0.007002 28998
0.007008 28998
0.007014 28998
0.00702 28998
0.007026 28998
0.007032 28998
0.007038 28998
0.007044 28998
0.00705 28998
0.007056 28998
0.007062 28998
0.007068 28998
0.007074 28998
0.00708 28998
0.007086 28998
0.007092 28998
0.007098 28998
0.007104 28998
0.00711 28998
0.007116 28998
0.007122 28998
0.007128 28998
0.007134 28998
0.00714 28998
0.007146 28998
0.007152 28998
0.007158 28998
0.007164 28998
0.00717 28998
0.007176 28998
0.007182 28998
0.007188 28998
0.007194 28998
0.0072 28998
0.007206 28998
0.007212 28998
0.007218 28998
0.007224 28998
0.00723 28998
0.007236 28998
0.007242 28998
0.007248 28998
0.007254 28998
0.00726 28998
0.007266 28998
0.007272 28998
0.007278 28998
0.007284 28998
0.00729 28998
0.007296 28998
0.007302 28998
0.007308 28998
0.007314 28998
0.00732 28998
0.007326 28998
0.007332 28998
0.007338 28998
0.007344 28998
0.00735 28998
0.007356 28998
0.007362 28998
0.007368 28998
0.007374 28998
0.00738 28998
0.007386 28998
0.007392 28998
0.007398 28998
0.007404 28998
0.00741 28998
0.007416 28998
0.007422 28998
0.007428 28998
0.007434 28998
0.00744 28998
0.007446 28998
0.007452 28998
0.007458 28998
0.007464 28998
0.00747 28998
0.007476 28998
0.007482 28998
0.007488 28998
0.007494 28998
0.0075 28998
0.007506 28998
0.007512 28998
0.007518 28998
0.007524 28998
0.00753 28998
0.007536 28998
0.007542 28998
0.007548 28998
0.007554 28998
0.00756 28998
0.007566 28998
0.007572 28998
0.007578 28998
0.007584 28998
0.00759 28998
0.007596 28998
0.007602 28998
0.007608 28998
0.007614 28998
0.00762 28998
0.007626 28998
0.007632 28998
0.007638 28998
0.007644 28998
0.00765 28998
0.007656 28998
0.007662 28998
0.007668 28998
0.007674 28998
0.00768 28998
0.007686 28998
0.007692 28998
0.007698 28998
0.007704 28998
0.00771 28998
0.007716 28998
0.007722 28998
0.007728 28998
0.007734 28998
0.00774 28998
0.007746 28998
0.007752 28998
0.007758 28998
0.007764 28998
0.00777 28998
0.007776 28998
0.007782 28998
0.007788 28998
0.007794 28998
0.0078 28998
0.007806 28998
0.007812 28998
0.007818 28998
0.007824 28998
0.00783 28998
0.007836 28998
0.007842 28998
0.007848 28998
0.007854 28998
0.00786 28998
0.007866 28998
0.007872 28998
0.007878 28998
0.007884 28998
0.00789 28998
0.007896 28998
0.007902 28998
0.007908 28998
0.007914 28998
0.00792 28998
0.007926 28998
0.007932 28998
0.007938 28998
0.007944 28998
0.00795 28998
0.007956 28998
0.007962 28998
0.007968 28998
0.007974 28998
0.00798 28998
0.007986 28998
0.007992 28998
0.007998 28998
0.008004 28998
0.00801 28998
0.008016 28998
0.008022 28998
0.008028 28998
0.008034 28998
0.00804 28998
0.008046 28998
0.008052 28998
0.008058 28998
0.008064 28998
0.00807 28998
0.008076 28998
0.008082 28998
0.008088 28998
0.008094 28998
0.0081 28998
0.008106 28998
0.008112 28998
0.008118 28998
0.008124 28998
0.00813 28998
0.008136 28998
0.008142 28998
0.008148 28998
0.008154 28998
0.00816 28998
0.008166 28998
0.008172 28998
0.008178 28998
0.008184 28998
0.00819 28998
0.008196 28998
0.008202 28998
0.008208 28998
0.008214 28998
0.00822 28998
0.008226 28998
0.008232 28998
0.008238 28998
0.008244 28998
0.00825 28998
0.008256 28998
0.008262 28998
0.008268 28998
0.008274 28998
0.00828 28998
0.008286 28998
0.008292 28998
0.008298 28998
0.008304 28998
0.00831 28998
0.008316 28998
0.008322 28998
0.008328 28998
0.008334 28998
0.00834 28998
0.008346 28998
0.008352 28998
0.008358 28998
0.008364 28998
0.00837 28998
0.008376 28998
0.008382 28998
0.008388 28998
0.008394 28998
0.0084 28998
0.008406 28998
0.008412 28998
0.008418 28998
0.008424 28998
0.00843 28998
0.008436 28998
0.008442 28998
0.008448 28998
0.008454 28998
0.00846 28998
0.008466 28998
0.008472 28998
0.008478 28998
0.008484 28998
0.00849 28998
0.008496 28998
0.008502 28998
0.008508 28998
0.008514 28998
0.00852 28998
0.008526 28998
0.008532 28998
0.008538 28998
0.008544 28998
0.00855 28998
0.008556 28998
0.008562 28998
0.008568 28998
0.008574 28998
0.00858 28998
0.008586 28998
0.008592 28998
0.008598 28998
0.008604 28998
0.00861 28998
0.008616 28998
0.008622 28998
0.008628 28998
0.008634 28998
0.00864 28998
0.008646 28998
0.008652 28998
0.008658 28998
0.008664 28998
0.00867 28998
0.008676 28998
0.008682 28998
0.008688 28998
0.008694 28998
0.0087 28998
0.008706 28998
0.008712 28998
0.008718 28998
0.008724 28998
0.00873 28998
0.008736 28998
0.008742 28998
0.008748 28998
0.008754 28998
0.00876 28998
0.008766 28998
0.008772 28998
0.008778 28998
0.008784 28998
0.00879 28998
0.008796 28998
0.008802 28998
0.008808 28998
0.008814 28998
0.00882 28998
0.008826 28998
0.008832 28998
0.008838 28998
0.008844 28998
0.00885 28998
0.008856 28998
0.008862 28998
0.008868 28998
0.008874 28998
0.00888 28998
0.008886 28998
0.008892 28998
0.008898 28998
0.008904 28998
0.00891 28998
0.008916 28998
0.008922 28998
0.008928 28998
0.008934 28998
0.00894 28998
0.008946 28998
0.008952 28998
0.008958 28998
0.008964 28998
0.00897 28998
0.008976 28998
0.008982 28998
0.008988 28998
0.008994 28998
0.009 28998
0.009006 28998
0.009012 28998
0.009018 28998
0.009024 28998
0.00903 28998
0.009036 28998
0.009042 28998
0.009048 28998
0.009054 28998
0.00906 28998
0.009066 28998
0.009072 28998
0.009078 28998
0.009084 28998
0.00909 28998
0.009096 28998
0.009102 28998
0.009108 28998
0.009114 28998
0.00912 28998
0.009126 28998
0.009132 28998
0.009138 28998
0.009144 28998
0.00915 28998
0.009156 28998
0.009162 28998
0.009168 28998
0.009174 28998
0.00918 28998
0.009186 28998
0.009192 28998
0.009198 28998
0.009204 28998
0.00921 28998
0.009216 28998
0.009222 28998
0.009228 28998
0.009234 28998
0.00924 28998
0.009246 28998
0.009252 28998
0.009258 28998
0.009264 28998
0.00927 28998
0.009276 28998
0.009282 28998
0.009288 28998
0.009294 28998
0.0093 28998
0.009306 28998
0.009312 28998
0.009318 28998
0.009324 28998
0.00933 28998
0.009336 28998
0.009342 28998
0.009348 28998
0.009354 28998
0.00936 28998
0.009366 28998
0.009372 28998
0.009378 28998
0.009384 28998
0.00939 28998
0.009396 28998
0.009402 28998
0.009408 28998
0.009414 28998
0.00942 28998
0.009426 28998
0.009432 28998
0.009438 28998
0.009444 28998
0.00945 28998
0.009456 28998
0.009462 28998
0.009468 28998
0.009474 28998
0.00948 28998
0.009486 28998
0.009492 28998
0.009498 28998
0.009504 28998
0.00951 28998
0.009516 28998
0.009522 28998
0.009528 28998
0.009534 28998
0.00954 28998
0.009546 28998
0.009552 28998
0.009558 28998
0.009564 28998
0.00957 28998
0.009576 28998
0.009582 28998
0.009588 28998
0.009594 28998
0.0096 28998
0.009606 28998
0.009612 28998
0.009618 28998
0.009624 28998
0.00963 28998
0.009636 28998
0.009642 28998
0.009648 28998
0.009654 28998
0.00966 28998
0.009666 28998
0.009672 28998
0.009678 28998
0.009684 28998
0.00969 28998
0.009696 28998
0.009702 28998
0.009708 28998
0.009714 28998
0.00972 28998
0.009726 28998
0.009732 28998
0.009738 28998
0.009744 28998
0.00975 28998
0.009756 28998
0.009762 28998
0.009768 28998
0.009774 28998
0.00978 28998
0.009786 28998
0.009792 28998
0.009798 28998
0.009804 28998
0.00981 28998
0.009816 28998
0.009822 28998
0.009828 28998
0.009834 28998
0.00984 28998
0.009846 28998
0.009852 28998
0.009858 28998
0.009864 28998
0.00987 28998
0.009876 28998
0.009882 28998
0.009888 28998
0.009894 28998
0.0099 28998
0.009906 28998
0.009912 28998
0.009918 28998
0.009924 28998
0.00993 28998
0.009936 28998
0.009942 28998
0.009948 28998
0.009954 28998
0.00996 28998
0.009966 28998
0.009972 28998
0.009978 28998
0.009984 28998
0.00999 28998
0.009996 28998
0.010002 28998
0.010008 28998
0.010014 28998
0.01002 28998
0.010026 28998
0.010032 28998
0.010038 28998
0.010044 28998
0.01005 28998
0.010056 28998
0.010062 28998
0.010068 28998
0.010074 28998
0.01008 28998
0.010086 28998
0.010092 28998
0.010098 28998
0.010104 28998
0.01011 28998
0.010116 28998
0.010122 28998
0.010128 28998
0.010134 28998
0.01014 28998
0.010146 28998
0.010152 28998
0.010158 28998
0.010164 28998
0.01017 28998
0.010176 28998
0.010182 28998
0.010188 28998
0.010194 28998
0.0102 28998
0.010206 28998
0.010212 28998
0.010218 28998
0.010224 28998
0.01023 28998
0.010236 28998
0.010242 28998
0.010248 28998
0.010254 28998
0.01026 28998
0.010266 28998
0.010272 28998
0.010278 28998
0.010284 28998
0.01029 28998
0.010296 28998
0.010302 28998
0.010308 28998
0.010314 28998
0.01032 28998
0.010326 28998
0.010332 28998
0.010338 28998
0.010344 28998
0.01035 28998
0.010356 28998
0.010362 28998
0.010368 28998
0.010374 28998
0.01038 28998
0.010386 28998
0.010392 28998
0.010398 28998
0.010404 28998
0.01041 28998
0.010416 28998
0.010422 28998
0.010428 28998
0.010434 28998
0.01044 28998
0.010446 28998
0.010452 28998
0.010458 28998
0.010464 28998
0.01047 28998
0.010476 28998
0.010482 28998
0.010488 28998
0.010494 28998
0.0105 28998
0.010506 28998
0.010512 28998
0.010518 28998
0.010524 28998
0.01053 28998
0.010536 28998
0.010542 28998
0.010548 28998
0.010554 28998
0.01056 28998
0.010566 28998
0.010572 28998
0.010578 28998
0.010584 28998
0.01059 28998
0.010596 28998
0.010602 28998
0.010608 28998
0.010614 28998
0.01062 28998
0.010626 28998
0.010632 28998
0.010638 28998
0.010644 28998
0.01065 28998
0.010656 28998
0.010662 28998
0.010668 28998
0.010674 28998
0.01068 28998
0.010686 28998
0.010692 28998
0.010698 28998
0.010704 28998
0.01071 28998
0.010716 28998
0.010722 28998
0.010728 28998
0.010734 28998
0.01074 28998
0.010746 28998
0.010752 28998
0.010758 28998
0.010764 28998
0.01077 28998
0.010776 28998
0.010782 28998
0.010788 28998
0.010794 28998
0.0108 28998
0.010806 28998
0.010812 28998
0.010818 28998
0.010824 28998
0.01083 28998
0.010836 28998
0.010842 28998
0.010848 28998
0.010854 28998
0.01086 28998
0.010866 28998
0.010872 28998
0.010878 28998
0.010884 28998
0.01089 28998
0.010896 28998
0.010902 28998
0.010908 28998
0.010914 28998
0.01092 28998
0.010926 28998
0.010932 28998
0.010938 28998
0.010944 28998
0.01095 28998
0.010956 28998
0.010962 28998
0.010968 28998
0.010974 28998
0.01098 28998
0.010986 28998
0.010992 28998
0.010998 28998
0.011004 28998
0.01101 28998
0.011016 28998
0.011022 28998
0.011028 28998
0.011034 28998
0.01104 28998
0.011046 28998
0.011052 28998
0.011058 28998
0.011064 28998
0.01107 28998
0.011076 28998
0.011082 28998
0.011088 28998
0.011094 28998
0.0111 28998
0.011106 28998
0.011112 28998
0.011118 28998
0.011124 28998
0.01113 28998
0.011136 28998
0.011142 28998
0.011148 28998
0.011154 28998
0.01116 28998
0.011166 28998
0.011172 28998
0.011178 28998
0.011184 28998
0.01119 28998
0.011196 28998
0.011202 28998
0.011208 28998
0.011214 28998
0.01122 28998
0.011226 28998
0.011232 28998
0.011238 28998
0.011244 28998
0.01125 28998
0.011256 28998
0.011262 28998
0.011268 28998
0.011274 28998
0.01128 28998
0.011286 28998
0.011292 28998
0.011298 28998
0.011304 28998
0.01131 28998
0.011316 28998
0.011322 28998
0.011328 28998
0.011334 28998
0.01134 28998
0.011346 28998
0.011352 28998
0.011358 28998
0.011364 28998
0.01137 28998
0.011376 28998
0.011382 28998
0.011388 28998
0.011394 28998
0.0114 28998
0.011406 28998
0.011412 28998
0.011418 28998
0.011424 28998
0.01143 28998
0.011436 28998
0.011442 28998
0.011448 28998
0.011454 28998
0.01146 28998
0.011466 28998
0.011472 28998
0.011478 28998
0.011484 28998
0.01149 28998
0.011496 28998
0.011502 28998
0.011508 28998
0.011514 28998
0.01152 28998
0.011526 28998
0.011532 28998
0.011538 28998
0.011544 28998
0.01155 28998
0.011556 28998
0.011562 28998
0.011568 28998
0.011574 28998
0.01158 28998
0.011586 28998
0.011592 28998
0.011598 28998
0.011604 28998
0.01161 28998
0.011616 28998
0.011622 28998
0.011628 28998
0.011634 28998
0.01164 28998
0.011646 28998
0.011652 28998
0.011658 28998
0.011664 28998
0.01167 28998
0.011676 28998
0.011682 28998
0.011688 28998
0.011694 28998
0.0117 28998
0.011706 28998
0.011712 28998
0.011718 28998
0.011724 28998
0.01173 28998
0.011736 28998
0.011742 28998
0.011748 28998
0.011754 28998
0.01176 28998
0.011766 28998
0.011772 28998
0.011778 28998
0.011784 28998
0.01179 28998
0.011796 28998
0.011802 28998
0.011808 28998
0.011814 28998
0.01182 28998
0.011826 28998
0.011832 28998
0.011838 28998
0.011844 28998
0.01185 28998
0.011856 28998
0.011862 28998
0.011868 28998
0.011874 28998
0.01188 28998
0.011886 28998
0.011892 28998
0.011898 28998
0.011904 28998
0.01191 28998
0.011916 28998
0.011922 28998
0.011928 28998
0.011934 28998
0.01194 28998
0.011946 28998
0.011952 28998
0.011958 28998
0.011964 28998
0.01197 28998
0.011976 28998
0.011982 28998
0.011988 28998
0.011994 28998
0.012 28998
0.012006 28998
0.012012 28998
0.012018 28998
0.012024 28998
0.01203 28998
0.012036 28998
0.012042 28998
0.012048 28998
0.012054 28998
0.01206 28998
0.012066 28998
0.012072 28998
0.012078 28998
0.012084 28998
0.01209 28998
0.012096 28998
0.012102 28998
0.012108 28998
0.012114 28998
0.01212 28998
0.012126 28998
0.012132 28998
0.012138 28998
0.012144 28998
0.01215 28998
0.012156 28998
0.012162 28998
0.012168 28998
0.012174 28998
0.01218 28998
0.012186 28998
0.012192 28998
0.012198 28998
0.012204 28998
0.01221 28998
0.012216 28998
0.012222 28998
0.012228 28998
0.012234 28998
0.01224 28998
0.012246 28998
0.012252 28998
0.012258 28998
0.012264 28998
0.01227 28998
0.012276 28998
0.012282 28998
0.012288 28998
0.012294 28998
0.0123 28998
0.012306 28998
0.012312 28998
0.012318 28998
0.012324 28998
0.01233 28998
0.012336 28998
0.012342 28998
0.012348 28998
0.012354 28998
0.01236 28998
0.012366 28998
0.012372 28998
0.012378 28998
0.012384 28998
0.01239 28998
0.012396 28998
0.012402 28998
0.012408 28998
0.012414 28998
0.01242 28998
0.012426 28998
0.012432 28998
0.012438 28998
0.012444 28998
0.01245 28998
0.012456 28998
0.012462 28998
0.012468 28998
0.012474 28998
0.01248 28998
0.012486 28998
0.012492 28998
0.012498 28998
0.012504 28998
0.01251 28998
0.012516 28998
0.012522 28998
0.012528 28998
0.012534 28998
0.01254 28998
0.012546 28998
0.012552 28998
0.012558 28998
0.012564 28998
0.01257 28998
0.012576 28998
0.012582 28998
0.012588 28998
0.012594 28998
0.0126 28998
0.012606 28998
0.012612 28998
0.012618 28998
0.012624 28998
0.01263 28998
0.012636 28998
0.012642 28998
0.012648 28998
0.012654 28998
0.01266 28998
0.012666 28998
0.012672 28998
0.012678 28998
0.012684 28998
0.01269 28998
0.012696 28998
0.012702 28998
0.012708 28998
0.012714 28998
0.01272 28998
0.012726 28998
0.012732 28998
0.012738 28998
0.012744 28998
0.01275 28998
0.012756 28998
0.012762 28998
0.012768 28998
0.012774 28998
0.01278 28998
0.012786 28998
0.012792 28998
0.012798 28998
0.012804 28998
0.01281 28998
0.012816 28998
0.012822 28998
0.012828 28998
0.012834 28998
0.01284 28998
0.012846 28998
0.012852 28998
0.012858 28998
0.012864 28998
0.01287 28998
0.012876 28998
0.012882 28998
0.012888 28998
0.012894 28998
0.0129 28998
0.012906 28998
0.012912 28998
0.012918 28998
0.012924 28998
0.01293 28998
0.012936 28998
0.012942 28998
0.012948 28998
0.012954 28998
0.01296 28998
0.012966 28998
0.012972 28998
0.012978 28998
0.012984 28998
0.01299 28998
0.012996 28998
0.013002 28998
0.013008 28998
0.013014 28998
0.01302 28998
0.013026 28998
0.013032 28998
0.013038 28998
0.013044 28998
0.01305 28998
0.013056 28998
0.013062 28998
0.013068 28998
0.013074 28998
0.01308 28998
0.013086 28998
0.013092 28998
0.013098 28998
0.013104 28998
0.01311 28998
0.013116 28998
0.013122 28998
0.013128 28998
0.013134 28998
0.01314 28998
0.013146 28998
0.013152 28998
0.013158 28998
0.013164 28998
0.01317 28998
0.013176 28998
0.013182 28998
0.013188 28998
0.013194 28998
0.0132 28998
0.013206 28998
0.013212 28998
0.013218 28998
0.013224 28998
0.01323 28998
0.013236 28998
0.013242 28998
0.013248 28998
0.013254 28998
0.01326 28998
0.013266 28998
0.013272 28998
0.013278 28998
0.013284 28998
0.01329 28998
0.013296 28998
0.013302 28998
0.013308 28998
0.013314 28998
0.01332 28998
0.013326 28998
0.013332 28998
0.013338 28998
0.013344 28998
0.01335 28998
0.013356 28998
0.013362 28998
0.013368 28998
0.013374 28998
0.01338 28998
0.013386 28998
0.013392 28998
0.013398 28998
0.013404 28998
0.01341 28998
0.013416 28998
0.013422 28998
0.013428 28998
0.013434 28998
0.01344 28998
0.013446 28998
0.013452 28998
0.013458 28998
0.013464 28998
0.01347 28998
0.013476 28998
0.013482 28998
0.013488 28998
0.013494 28998
0.0135 28998
0.013506 28998
0.013512 28998
0.013518 28998
0.013524 28998
0.01353 28998
0.013536 28998
0.013542 28998
0.013548 28998
0.013554 28998
0.01356 28998
0.013566 28998
0.013572 28998
0.013578 28998
0.013584 28998
0.01359 28998
0.013596 28998
0.013602 28998
0.013608 28998
0.013614 28998
0.01362 28998
0.013626 28998
0.013632 28998
0.013638 28998
0.013644 28998
0.01365 28998
0.013656 28998
0.013662 28998
0.013668 28998
0.013674 28998
0.01368 28998
0.013686 28998
0.013692 28998
0.013698 28998
0.013704 28998
0.01371 28998
0.013716 28998
0.013722 28998
0.013728 28998
0.013734 28998
0.01374 28998
0.013746 28998
0.013752 28998
0.013758 28998
0.013764 28998
0.01377 28998
0.013776 28998
0.013782 28998
0.013788 28998
0.013794 28998
0.0138 28998
0.013806 28998
0.013812 28998
0.013818 28998
0.013824 28998
0.01383 28998
0.013836 28998
0.013842 28998
0.013848 28998
0.013854 28998
0.01386 28998
0.013866 28998
0.013872 28998
0.013878 28998
0.013884 28998
0.01389 28998
0.013896 28998
0.013902 28998
0.013908 28998
0.013914 28998
0.01392 28998
0.013926 28998
0.013932 28998
0.013938 28998
0.013944 28998
0.01395 28998
0.013956 28998
0.013962 28998
0.013968 28998
0.013974 28998
0.01398 28998
0.013986 28998
0.013992 28998
0.013998 28998
0.014004 28998
0.01401 28998
0.014016 28998
0.014022 28998
0.014028 28998
0.014034 28998
0.01404 28998
0.014046 28998
0.014052 28998
0.014058 28998
0.014064 28998
0.01407 28998
0.014076 28998
0.014082 28998
0.014088 28998
0.014094 28998
0.0141 28998
0.014106 28998
0.014112 28998
0.014118 28998
0.014124 28998
0.01413 28998
0.014136 28998
0.014142 28998
0.014148 28998
0.014154 28998
0.01416 28998
0.014166 28998
0.014172 28998
0.014178 28998
0.014184 28998
0.01419 28998
0.014196 28998
0.014202 28998
0.014208 28998
0.014214 28998
0.01422 28998
0.014226 28998
0.014232 28998
0.014238 28998
0.014244 28998
0.01425 28998
0.014256 28998
0.014262 28998
0.014268 28998
0.014274 28998
0.01428 28998
0.014286 28998
0.014292 28998
0.014298 28998
0.014304 28998
0.01431 28998
0.014316 28998
0.014322 28998
0.014328 28998
0.014334 28998
0.01434 28998
0.014346 28998
0.014352 28998
0.014358 28998
0.014364 28998
0.01437 28998
0.014376 28998
0.014382 28998
0.014388 28998
0.014394 28998
0.0144 28998
0.014406 28998
0.014412 28998
0.014418 28998
0.014424 28998
0.01443 28998
0.014436 28998
0.014442 28998
0.014448 28998
0.014454 28998
0.01446 28998
0.014466 28998
0.014472 28998
0.014478 28998
0.014484 28998
0.01449 28998
0.014496 28998
0.014502 28998
0.014508 28998
0.014514 28998
0.01452 28998
0.014526 28998
0.014532 28998
0.014538 28998
0.014544 28998
0.01455 28998
0.014556 28998
0.014562 28998
0.014568 28998
0.014574 28998
0.01458 28998
0.014586 28998
0.014592 28998
0.014598 28998
0.014604 28998
0.01461 28998
0.014616 28998
0.014622 28998
0.014628 28998
0.014634 28998
0.01464 28998
0.014646 28998
0.014652 28998
0.014658 28998
0.014664 28998
0.01467 28998
0.014676 28998
0.014682 28998
0.014688 28998
0.014694 28998
0.0147 28998
0.014706 28998
0.014712 28998
0.014718 28998
0.014724 28998
0.01473 28998
0.014736 28998
0.014742 28998
0.014748 28998
0.014754 28998
0.01476 28998
0.014766 28998
0.014772 28998
0.014778 28998
0.014784 28998
0.01479 28998
0.014796 28998
0.014802 28998
0.014808 28998
0.014814 28998
0.01482 28998
0.014826 28998
0.014832 28998
0.014838 28998
0.014844 28998
0.01485 28998
0.014856 28998
0.014862 28998
0.014868 28998
0.014874 28998
0.01488 28998
0.014886 28998
0.014892 28998
0.014898 28998
0.014904 28998
0.01491 28998
0.014916 28998
0.014922 28998
0.014928 28998
0.014934 28998
0.01494 28998
0.014946 28998
0.014952 28998
0.014958 28998
0.014964 28998
0.01497 28998
0.014976 28998
0.014982 28998
0.014988 28998
0.014994 28998
0.015 28998
0.015006 28998
0.015012 28998
0.015018 28998
0.015024 28998
0.01503 28998
0.015036 28998
0.015042 28998
0.015048 28998
0.015054 28998
0.01506 28998
0.015066 28998
0.015072 28998
0.015078 28998
0.015084 28998
0.01509 28998
0.015096 28998
0.015102 28998
0.015108 28998
0.015114 28998
0.01512 28998
0.015126 28998
0.015132 28998
0.015138 28998
0.015144 28998
0.01515 28998
0.015156 28998
0.015162 28998
0.015168 28998
0.015174 28998
0.01518 28998
0.015186 28998
0.015192 28998
0.015198 28998
0.015204 28998
0.01521 28998
0.015216 28998
0.015222 28998
0.015228 28998
0.015234 28998
0.01524 28998
0.015246 28998
0.015252 28998
0.015258 28998
0.015264 28998
0.01527 28998
0.015276 28998
0.015282 28998
0.015288 28998
0.015294 28998
0.0153 28998
0.015306 28998
0.015312 28998
0.015318 28998
0.015324 28998
0.01533 28998
0.015336 28998
0.015342 28998
0.015348 28998
0.015354 28998
0.01536 28998
0.015366 28998
0.015372 28998
0.015378 28998
0.015384 28998
0.01539 28998
0.015396 28998
0.015402 28998
0.015408 28998
0.015414 28998
0.01542 28998
0.015426 28998
0.015432 28998
0.015438 28998
0.015444 28998
0.01545 28998
0.015456 28998
0.015462 28998
0.015468 28998
0.015474 28998
0.01548 28998
0.015486 28998
0.015492 28998
0.015498 28998
0.015504 28998
0.01551 28998
0.015516 28998
0.015522 28998
0.015528 28998
0.015534 28998
0.01554 28998
0.015546 28998
0.015552 28998
0.015558 28998
0.015564 28998
0.01557 28998
0.015576 28998
0.015582 28998
0.015588 28998
0.015594 28998
0.0156 28998
0.015606 28998
0.015612 28998
0.015618 28998
0.015624 28998
0.01563 28998
0.015636 28998
0.015642 28998
0.015648 28998
0.015654 28998
0.01566 28998
0.015666 28998
0.015672 28998
0.015678 28998
0.015684 28998
0.01569 28998
0.015696 28998
0.015702 28998
0.015708 28998
0.015714 28998
0.01572 28998
0.015726 28998
0.015732 28998
0.015738 28998
0.015744 28998
0.01575 28998
0.015756 28998
0.015762 28998
0.015768 28998
0.015774 28998
0.01578 28998
0.015786 28998
0.015792 28998
0.015798 28998
0.015804 28998
0.01581 28998
0.015816 28998
0.015822 28998
0.015828 28998
0.015834 28998
0.01584 28998
0.015846 28998
0.015852 28998
0.015858 28998
0.015864 28998
0.01587 28998
0.015876 28998
0.015882 28998
0.015888 28998
0.015894 28998
0.0159 28998
0.015906 28998
0.015912 28998
0.015918 28998
0.015924 28998
0.01593 28998
0.015936 28998
0.015942 28998
0.015948 28998
0.015954 28998
0.01596 28998
0.015966 28998
0.015972 28998
0.015978 28998
0.015984 28998
0.01599 28998
0.015996 28998
0.016002 28998
0.016008 28998
0.016014 28998
0.01602 28998
0.016026 28998
0.016032 28998
0.016038 28998
0.016044 28998
0.01605 28998
0.016056 28998
0.016062 28998
0.016068 28998
0.016074 28998
0.01608 28998
0.016086 28998
0.016092 28998
0.016098 28998
0.016104 28998
0.01611 28998
0.016116 28998
0.016122 28998
0.016128 28998
0.016134 28998
0.01614 28998
0.016146 28998
0.016152 28998
0.016158 28998
0.016164 28998
0.01617 28998
0.016176 28998
0.016182 28998
0.016188 28998
0.016194 28998
0.0162 28998
0.016206 28998
0.016212 28998
0.016218 28998
0.016224 28998
0.01623 28998
0.016236 28998
0.016242 28998
0.016248 28998
0.016254 28998
0.01626 28998
0.016266 28998
0.016272 28998
0.016278 28998
0.016284 28998
0.01629 28998
0.016296 28998
0.016302 28998
0.016308 28998
0.016314 28998
0.01632 28998
0.016326 28998
0.016332 28998
0.016338 28998
0.016344 28998
0.01635 28998
0.016356 28998
0.016362 28998
0.016368 28998
0.016374 28998
0.01638 28998
0.016386 28998
0.016392 28998
0.016398 28998
0.016404 28998
0.01641 28998
0.016416 28998
0.016422 28998
0.016428 28998
0.016434 28998
0.01644 28998
0.016446 28998
0.016452 28998
0.016458 28998
0.016464 28998
0.01647 28998
0.016476 28998
0.016482 28998
0.016488 28998
0.016494 28998
0.0165 28998
0.016506 28998
0.016512 28998
0.016518 28998
0.016524 28998
0.01653 28998
0.016536 28998
0.016542 28998
0.016548 28998
0.016554 28998
0.01656 28998
0.016566 28998
0.016572 28998
0.016578 28998
0.016584 28998
0.01659 28998
0.016596 28998
0.016602 28998
0.016608 28998
0.016614 28998
0.01662 28998
0.016626 28998
0.016632 28998
0.016638 28998
0.016644 28998
0.01665 28998
0.016656 28998
0.016662 28998
0.016668 28998
0.016674 28998
0.01668 28998
0.016686 28998
0.016692 28998
0.016698 28998
0.016704 28998
0.01671 28998
0.016716 28998
0.016722 28998
0.016728 28998
0.016734 28998
0.01674 28998
0.016746 28998
0.016752 28998
0.016758 28998
0.016764 28998
0.01677 28998
0.016776 28998
0.016782 28998
0.016788 28998
0.016794 28998
0.0168 28998
0.016806 28998
0.016812 28998
0.016818 28998
0.016824 28998
0.01683 28998
0.016836 28998
0.016842 28998
0.016848 28998
0.016854 28998
0.01686 28998
0.016866 28998
0.016872 28998
0.016878 28998
0.016884 28998
0.01689 28998
0.016896 28998
0.016902 28998
0.016908 28998
0.016914 28998
0.01692 28998
0.016926 28998
0.016932 28998
0.016938 28998
0.016944 28998
0.01695 28998
0.016956 28998
0.016962 28998
0.016968 28998
0.016974 28998
0.01698 28998
0.016986 28998
0.016992 28998
0.016998 28998
0.017004 28998
0.01701 28998
0.017016 28998
0.017022 28998
0.017028 28998
0.017034 28998
0.01704 28998
0.017046 28998
0.017052 28998
0.017058 28998
0.017064 28998
0.01707 28998
0.017076 28998
0.017082 28998
0.017088 28998
0.017094 28998
0.0171 28998
0.017106 28998
0.017112 28998
0.017118 28998
0.017124 28998
0.01713 28998
0.017136 28998
0.017142 28998
0.017148 28998
0.017154 28998
0.01716 28998
0.017166 28998
0.017172 28998
0.017178 28998
0.017184 28998
0.01719 28998
0.017196 28998
0.017202 28998
0.017208 28998
0.017214 28998
0.01722 28998
0.017226 28998
0.017232 28998
0.017238 28998
0.017244 28998
0.01725 28998
0.017256 28998
0.017262 28998
0.017268 28998
0.017274 28998
0.01728 28998
0.017286 28998
0.017292 28998
0.017298 28998
0.017304 28998
0.01731 28998
0.017316 28998
0.017322 28998
0.017328 28998
0.017334 28998
0.01734 28998
0.017346 28998
0.017352 28998
0.017358 28998
0.017364 28998
0.01737 28998
0.017376 28998
0.017382 28998
0.017388 28998
0.017394 28998
0.0174 28998
0.017406 28998
0.017412 28998
0.017418 28998
0.017424 28998
0.01743 28998
0.017436 28998
0.017442 28998
0.017448 28998
0.017454 28998
0.01746 28998
0.017466 28998
0.017472 28998
0.017478 28998
0.017484 28998
0.01749 28998
0.017496 28998
0.017502 28998
0.017508 28998
0.017514 28998
0.01752 28998
0.017526 28998
0.017532 28998
0.017538 28998
0.017544 28998
0.01755 28998
0.017556 28998
0.017562 28998
0.017568 28998
0.017574 28998
0.01758 28998
0.017586 28998
0.017592 28998
0.017598 28998
0.017604 28998
0.01761 28998
0.017616 28998
0.017622 28998
0.017628 28998
0.017634 28998
0.01764 28998
0.017646 28998
0.017652 28998
0.017658 28998
0.017664 28998
0.01767 28998
0.017676 28998
0.017682 28998
0.017688 28998
0.017694 28998
0.0177 28998
0.017706 28998
0.017712 28998
0.017718 28998
0.017724 28998
0.01773 28998
0.017736 28998
0.017742 28998
0.017748 28998
0.017754 28998
0.01776 28998
0.017766 28998
0.017772 28998
0.017778 28998
0.017784 28998
0.01779 28998
0.017796 28998
0.017802 28998
0.017808 28998
0.017814 28998
0.01782 28998
0.017826 28998
0.017832 28998
0.017838 28998
0.017844 28998
0.01785 28998
0.017856 28998
0.017862 28998
0.017868 28998
0.017874 28998
0.01788 28998
0.017886 28998
0.017892 28998
0.017898 28998
0.017904 28998
0.01791 28998
0.017916 28998
0.017922 28998
0.017928 28998
0.017934 28998
0.01794 28998
0.017946 28998
0.017952 28998
0.017958 28998
0.017964 28998
0.01797 28998
0.017976 28998
0.017982 28998
0.017988 28998
0.017994 28998
0.018 28998
0.018006 28998
0.018012 28998
0.018018 28998
0.018024 28998
0.01803 28998
0.018036 28998
0.018042 28998
0.018048 28998
0.018054 28998
0.01806 28998
0.018066 28998
0.018072 28998
0.018078 28998
0.018084 28998
0.01809 28998
0.018096 28998
0.018102 28998
0.018108 28998
0.018114 28998
0.01812 28998
0.018126 28998
0.018132 28998
0.018138 28998
0.018144 28998
0.01815 28998
0.018156 28998
0.018162 28998
0.018168 28998
0.018174 28998
0.01818 28998
0.018186 28998
0.018192 28998
0.018198 28998
0.018204 28998
0.01821 28998
0.018216 28998
0.018222 28998
0.018228 28998
0.018234 28998
0.01824 28998
0.018246 28998
0.018252 28998
0.018258 28998
0.018264 28998
0.01827 28998
0.018276 28998
0.018282 28998
0.018288 28998
0.018294 28998
0.0183 28998
0.018306 28998
0.018312 28998
0.018318 28998
0.018324 28998
0.01833 28998
0.018336 28998
0.018342 28998
0.018348 28998
0.018354 28998
0.01836 28998
0.018366 28998
0.018372 28998
0.018378 28998
0.018384 28998
0.01839 28998
0.018396 28998
0.018402 28998
0.018408 28998
0.018414 28998
0.01842 28998
0.018426 28998
0.018432 28998
0.018438 28998
0.018444 28998
0.01845 28998
0.018456 28998
0.018462 28998
0.018468 28998
0.018474 28998
0.01848 28998
0.018486 28998
0.018492 28998
0.018498 28998
0.018504 28998
0.01851 28998
0.018516 28998
0.018522 28998
0.018528 28998
0.018534 28998
0.01854 28998
0.018546 28998
0.018552 28998
0.018558 28998
0.018564 28998
0.01857 28998
0.018576 28998
0.018582 28998
0.018588 28998
0.018594 28998
0.0186 28998
0.018606 28998
0.018612 28998
0.018618 28998
0.018624 28998
0.01863 28998
0.018636 28998
0.018642 28998
0.018648 28998
0.018654 28998
0.01866 28998
0.018666 28998
0.018672 28998
0.018678 28998
0.018684 28998
0.01869 28998
0.018696 28998
0.018702 28998
0.018708 28998
0.018714 28998
0.01872 28998
0.018726 28998
0.018732 28998
0.018738 28998
0.018744 28998
0.01875 28998
0.018756 28998
0.018762 28998
0.018768 28998
0.018774 28998
0.01878 28998
0.018786 28998
0.018792 28998
0.018798 28998
0.018804 28998
0.01881 28998
0.018816 28998
0.018822 28998
0.018828 28998
0.018834 28998
0.01884 28998
0.018846 28998
0.018852 28998
0.018858 28998
0.018864 28998
0.01887 28998
0.018876 28998
0.018882 28998
0.018888 28998
0.018894 28998
0.0189 28998
0.018906 28998
0.018912 28998
0.018918 28998
0.018924 28998
0.01893 28998
0.018936 28998
0.018942 28998
0.018948 28998
0.018954 28998
0.01896 28998
0.018966 28998
0.018972 28998
0.018978 28998
0.018984 28998
0.01899 28998
0.018996 28998
0.019002 28998
0.019008 28998
0.019014 28998
0.01902 28998
0.019026 28998
0.019032 28998
0.019038 28998
0.019044 28998
0.01905 28998
0.019056 28998
0.019062 28998
0.019068 28998
0.019074 28998
0.01908 28998
0.019086 28998
0.019092 28998
0.019098 28998
0.019104 28998
0.01911 28998
0.019116 28998
0.019122 28998
0.019128 28998
0.019134 28998
0.01914 28998
0.019146 28998
0.019152 28998
0.019158 28998
0.019164 28998
0.01917 28998
0.019176 28998
0.019182 28998
0.019188 28998
0.019194 28998
0.0192 28998
0.019206 28998
0.019212 28998
0.019218 28998
0.019224 28998
0.01923 28998
0.019236 28998
0.019242 28998
0.019248 28998
0.019254 28998
0.01926 28998
0.019266 28998
0.019272 28998
0.019278 28998
0.019284 28998
0.01929 28998
0.019296 28998
0.019302 28998
0.019308 28998
0.019314 28998
0.01932 28998
0.019326 28998
0.019332 28998
0.019338 28998
0.019344 28998
0.01935 28998
0.019356 28998
0.019362 28998
0.019368 28998
0.019374 28998
0.01938 28998
0.019386 28998
0.019392 28998
0.019398 28998
0.019404 28998
0.01941 28998
0.019416 28998
0.019422 28998
0.019428 28998
0.019434 28998
0.01944 28998
0.019446 28998
0.019452 28998
0.019458 28998
0.019464 28998
0.01947 28998
0.019476 28998
0.019482 28998
0.019488 28998
0.019494 28998
0.0195 28998
0.019506 28998
0.019512 28998
0.019518 28998
0.019524 28998
0.01953 28998
0.019536 28998
0.019542 28998
0.019548 28998
0.019554 28998
0.01956 28998
0.019566 28998
0.019572 28998
0.019578 28998
0.019584 28998
0.01959 28998
0.019596 28998
0.019602 28998
0.019608 28998
0.019614 28998
0.01962 28998
0.019626 28998
0.019632 28998
0.019638 28998
0.019644 28998
0.01965 28998
0.019656 28998
0.019662 28998
0.019668 28998
0.019674 28998
0.01968 28998
0.019686 28998
0.019692 28998
0.019698 28998
0.019704 28998
0.01971 28998
0.019716 28998
0.019722 28998
0.019728 28998
0.019734 28998
0.01974 28998
0.019746 28998
0.019752 28998
0.019758 28998
0.019764 28998
0.01977 28998
0.019776 28998
0.019782 28998
0.019788 28998
0.019794 28998
0.0198 28998
0.019806 28998
0.019812 28998
0.019818 28998
0.019824 28998
0.01983 28998
0.019836 28998
0.019842 28998
0.019848 28998
0.019854 28998
0.01986 28998
0.019866 28998
0.019872 28998
0.019878 28998
0.019884 28998
0.01989 28998
0.019896 28998
0.019902 28998
0.019908 28998
0.019914 28998
0.01992 28998
0.019926 28998
0.019932 28998
0.019938 28998
0.019944 28998
0.01995 28998
0.019956 28998
0.019962 28998
0.019968 28998
0.019974 28998
0.01998 28998
0.019986 28998
0.019992 28998
0.019998 28998
0.020004 28998
0.02001 28998
0.020016 28998
0.020022 28998
0.020028 28998
0.020034 28998
0.02004 28998
0.020046 28998
0.020052 28998
0.020058 28998
0.020064 28998
0.02007 28998
0.020076 28998
0.020082 28998
0.020088 28998
0.020094 28998
0.0201 28998
0.020106 28998
0.020112 28998
0.020118 28998
0.020124 28998
0.02013 28998
0.020136 28998
0.020142 28998
0.020148 28998
0.020154 28998
0.02016 28998
0.020166 28998
0.020172 28998
0.020178 28998
0.020184 28998
0.02019 28998
0.020196 28998
0.020202 28998
0.020208 28998
0.020214 28998
0.02022 28998
0.020226 28998
0.020232 28998
0.020238 28998
0.020244 28998
0.02025 28998
0.020256 28998
0.020262 28998
0.020268 28998
0.020274 28998
0.02028 28998
0.020286 28998
0.020292 28998
0.020298 28998
0.020304 28998
0.02031 28998
0.020316 28998
0.020322 28998
0.020328 28998
0.020334 28998
0.02034 28998
0.020346 28998
0.020352 28998
0.020358 28998
0.020364 28998
0.02037 28998
0.020376 28998
0.020382 28998
0.020388 28998
0.020394 28998
0.0204 28998
0.020406 28998
0.020412 28998
0.020418 28998
0.020424 28998
0.02043 28998
0.020436 28998
0.020442 28998
0.020448 28998
0.020454 28998
0.02046 28998
0.020466 28998
0.020472 28998
0.020478 28998
0.020484 28998
0.02049 28998
0.020496 28998
0.020502 28998
0.020508 28998
0.020514 28998
0.02052 28998
0.020526 28998
0.020532 28998
0.020538 28998
0.020544 28998
0.02055 28998
0.020556 28998
0.020562 28998
0.020568 28998
0.020574 28998
0.02058 28998
0.020586 28998
0.020592 28998
0.020598 28998
0.020604 28998
0.02061 28998
0.020616 28998
0.020622 28998
0.020628 28998
0.020634 28998
0.02064 28998
0.020646 28998
0.020652 28998
0.020658 28998
0.020664 28998
0.02067 28998
0.020676 28998
0.020682 28998
0.020688 28998
0.020694 28998
0.0207 28998
0.020706 28998
0.020712 28998
0.020718 28998
0.020724 28998
0.02073 28998
0.020736 28998
0.020742 28998
0.020748 28998
0.020754 28998
0.02076 28998
0.020766 28998
0.020772 28998
0.020778 28998
0.020784 28998
0.02079 28998
0.020796 28998
0.020802 28998
0.020808 28998
0.020814 28998
0.02082 28998
0.020826 28998
0.020832 28998
0.020838 28998
0.020844 28998
0.02085 28998
0.020856 28998
0.020862 28998
0.020868 28998
0.020874 28998
0.02088 28998
0.020886 28998
0.020892 28998
0.020898 28998
0.020904 28998
0.02091 28998
0.020916 28998
0.020922 28998
0.020928 28998
0.020934 28998
0.02094 28998
0.020946 28998
0.020952 28998
0.020958 28998
0.020964 28998
0.02097 28998
0.020976 28998
0.020982 28998
0.020988 28998
0.020994 28998
0.021 28998
1 28998
