5.6538e-06 870.92
1.1308e-05 870.92
1.6962e-05 870.92
2.2615e-05 870.93
2.8269e-05 870.93
3.3923e-05 870.93
3.9577e-05 870.93
4.5231e-05 870.93
5.0885e-05 870.94
5.6538e-05 870.95
6.2192e-05 870.97
6.7846e-05 870.99
7.35e-05 871.03
7.9154e-05 871.08
8.4808e-05 871.16
9.0462e-05 871.28
9.6115e-05 871.44
0.00010177 871.68
0.00010742 872.03
0.00011308 872.51
0.00011873 873.18
0.00012438 874.1
0.00013004 875.36
0.00013569 877.07
0.00014135 879.35
0.000147 882.39
0.00015265 886.37
0.00015831 891.57
0.00016396 898.28
0.00016962 906.89
0.00017527 917.82
0.00018092 931.63
0.00018658 948.93
0.00019223 970.47
0.00019788 997.15
0.00020354 1030
0.00020919 1070.3
0.00021485 1119.5
0.0002205 1179.5
0.00022615 1252.3
0.00023181 1340.4
0.00023746 1447
0.00024312 1575.7
0.00024877 1730.8
0.00025442 1917.4
0.00026008 2141.4
0.00026573 2409.7
0.00027138 2729.9
0.00027704 3110.4
0.00028269 3560.1
0.00028835 4087.8
0.000294 4701.9
0.00029965 5409.4
0.00030531 6214.9
0.00031096 7119.3
0.00031662 8119.1
0.00032227 9205.2
0.00032792 10362
0.00033358 11569
0.00033923 12799
0.00034488 14020
0.00035054 15199
0.00035619 16303
0.00036185 17300
0.0003675 18165
0.00037315 18876
0.00037881 19422
0.00038446 19797
0.00039012 20002
0.00039577 20046
0.00040142 19941
0.00040708 19705
0.00041273 19355
0.00041838 18909
0.00042404 18388
0.00042969 17807
0.00043535 17183
0.000441 16529
0.00044665 15859
0.00045231 15180
0.00045796 14502
0.00046362 13832
0.00046927 13174
0.00047492 12532
0.00048058 11909
0.00048623 11308
0.00049188 10729
0.00049754 10174
0.00050319 9643.9
0.00050885 9137.8
0.0005145 8656
0.00052015 8198.2
0.00052581 7763.8
0.00053146 7352.3
0.00053712 6963
0.00054277 6595.2
0.00054842 6247.9
0.00055408 5920.5
0.00055973 5611.9
0.00056538 5321.4
0.00057104 5048.1
0.00057669 4791.1
0.00058235 4549.6
0.000588 4322.8
0.00059365 4109.8
0.00059931 3909.9
0.00060496 3722.3
0.00061062 3546.3
0.00061627 3381.3
0.00062192 3226.5
0.00062758 3081.4
0.00063323 2945.4
0.00063888 2817.8
0.00064454 2698.3
0.00065019 2586.1
0.00065585 2481
0.0006615 2382.5
0.00066715 2290
0.00067281 2203.4
0.00067846 2122.1
0.00068412 2045.8
0.00068977 1974.2
0.00069542 1907.1
0.00070108 1844
0.00070673 1784.8
0.00071238 1729.3
0.00071804 1677.1
0.00072369 1628.1
0.00072935 1582.1
0.000735 1538.8
0.00074065 1498.2
0.00074631 1459.9
0.00075196 1424
0.00075762 1390.3
0.00076327 1358.5
0.00076892 1328.7
0.00077458 1300.6
0.00078023 1274.2
0.00078588 1249.3
0.00079154 1226
0.00079719 1204
0.00080285 1183.3
0.0008085 1163.8
0.00081415 1145.5
0.00081981 1128.3
0.00082546 1112.1
0.00083112 1096.9
0.00083677 1082.5
0.00084242 1069
0.00084808 1056.4
0.00085373 1044.4
0.00085938 1033.2
0.00086504 1022.7
0.00087069 1012.8
0.00087635 1003.5
0.000882 994.78
0.00088765 986.57
0.00089331 978.87
0.00089896 971.64
0.00090462 964.86
0.00091027 958.49
0.00091592 952.53
0.00092158 946.93
0.00092723 941.69
0.00093288 936.78
0.00093854 932.18
0.00094419 927.88
0.00094985 923.85
0.0009555 920.09
0.00096115 916.56
0.00096681 913.28
0.00097246 910.2
0.00097812 907.34
0.00098377 904.66
0.00098942 902.16
0.00099508 899.84
0.0010007 897.67
0.0010064 895.65
0.001012 893.77
0.0010177 892.03
0.0010233 890.4
0.001029 888.89
0.0010347 887.49
0.0010403 886.19
0.001046 884.98
0.0010516 883.86
0.0010573 882.83
0.0010629 881.87
0.0010686 880.98
0.0010742 880.16
0.0010799 879.4
0.0010855 878.7
0.0010912 878.05
0.0010968 877.45
0.0011025 876.9
0.0011082 876.39
0.0011138 875.92
0.0011195 875.49
0.0011251 875.1
0.0011308 874.73
0.0011364 874.4
0.0011421 874.09
0.0011477 873.81
0.0011534 873.55
0.001159 873.32
0.0011647 873.1
0.0011703 872.9
0.001176 872.72
0.0011817 872.56
0.0011873 872.4
0.001193 872.27
0.0011986 872.14
0.0012043 872.03
0.0012099 871.92
0.0012156 871.83
0.0012212 871.74
0.0012269 871.66
0.0012325 871.59
0.0012382 871.52
0.0012438 871.47
0.0012495 871.41
0.0012552 871.36
0.0012608 871.32
0.0012665 871.28
0.0012721 871.24
0.0012778 871.21
0.0012834 871.18
0.0012891 871.16
0.0012947 871.13
0.0013004 871.11
0.001306 871.09
0.0013117 871.07
0.0013173 871.06
0.001323 871.04
0.0013287 871.03
0.0013343 871.02
0.00134 871.01
0.0013456 871
0.0013513 870.99
0.0013569 870.98
0.0013626 870.98
0.0013682 870.97
0.0013739 870.97
0.0013795 870.96
0.0013852 870.96
0.0013908 870.95
0.0013965 870.95
0.0014022 870.95
0.0014078 870.94
0.0014135 870.94
0.0014191 870.94
0.0014248 870.94
0.0014304 870.94
0.0014361 870.93
0.0014417 870.93
0.0014474 870.93
0.001453 870.93
0.0014587 870.93
0.0014643 870.93
0.00147 870.93
0.0014757 870.93
0.0014813 870.93
0.001487 870.93
0.0014926 870.93
0.0014983 870.93
0.0015039 870.93
0.0015096 870.93
0.0015152 870.93
0.0015209 870.93
0.0015265 870.93
0.0015322 870.93
0.0015378 870.92
0.0015435 870.92
0.0015492 870.92
0.0015548 870.92
0.0015605 870.92
0.0015661 870.92
0.0015718 870.92
0.0015774 870.92
0.0015831 870.92
0.0015887 870.92
0.0015944 870.92
0.0016 870.92
0.0016057 870.92
0.0016113 870.92
0.001617 870.92
0.0016227 870.92
0.0016283 870.92
0.001634 870.92
0.0016396 870.92
0.0016453 870.92
0.0016509 870.92
0.0016566 870.92
0.0016622 870.92
0.0016679 870.92
0.0016735 870.92
0.0016792 870.92
0.0016848 870.92
0.0016905 870.92
0.0016962 870.92
0.0017018 870.92
0.0017075 870.92
0.0017131 870.92
0.0017188 870.92
0.0017244 870.92
0.0017301 870.92
0.0017357 870.92
0.0017414 870.92
0.001747 870.92
0.0017527 870.92
0.0017583 870.92
0.001764 870.92
0.0017697 870.92
0.0017753 870.92
0.001781 870.92
0.0017866 870.92
0.0017923 870.92
0.0017979 870.92
0.0018036 870.92
0.0018092 870.92
0.0018149 870.92
0.0018205 870.92
0.0018262 870.92
0.0018318 870.92
0.0018375 870.92
0.0018432 870.92
0.0018488 870.92
0.0018545 870.92
0.0018601 870.92
0.0018658 870.92
0.0018714 870.92
0.0018771 870.92
0.0018827 870.92
0.0018884 870.92
0.001894 870.92
0.0018997 870.92
0.0019053 870.92
0.001911 870.92
0.0019167 870.92
0.0019223 870.92
0.001928 870.92
0.0019336 870.92
0.0019393 870.92
0.0019449 870.92
0.0019506 870.92
0.0019562 870.92
0.0019619 870.92
0.0019675 870.92
0.0019732 870.92
0.0019788 870.92
0.0019845 870.92
0.0019902 870.92
0.0019958 870.92
0.0020015 870.92
0.0020071 870.92
0.0020128 870.92
0.0020184 870.92
0.0020241 870.92
0.0020297 870.92
0.0020354 870.92
0.002041 870.92
0.0020467 870.92
0.0020523 870.92
0.002058 870.92
0.0020637 870.92
0.0020693 870.92
0.002075 870.92
0.0020806 870.92
0.0020863 870.92
0.0020919 870.92
0.0020976 870.92
0.0021032 870.92
0.0021089 870.92
0.0021145 870.92
0.0021202 870.92
0.0021258 870.92
0.0021315 870.92
0.0021372 870.92
0.0021428 870.92
0.0021485 870.92
0.0021541 870.92
0.0021598 870.92
0.0021654 870.92
0.0021711 870.92
0.0021767 870.92
0.0021824 870.92
0.002188 870.92
0.0021937 870.92
0.0021993 870.92
0.002205 870.92
0.0022107 870.92
0.0022163 870.92
0.002222 870.92
0.0022276 870.92
0.0022333 870.92
0.0022389 870.92
0.0022446 870.92
0.0022502 870.92
0.0022559 870.92
0.0022615 870.92
0.0022672 870.92
0.0022728 870.92
0.0022785 870.92
0.0022842 870.92
0.0022898 870.92
0.0022955 870.92
0.0023011 870.92
0.0023068 870.92
0.0023124 870.92
0.0023181 870.92
0.0023237 870.92
0.0023294 870.92
0.002335 870.92
0.0023407 870.92
0.0023463 870.92
0.002352 870.92
0.0023577 870.92
0.0023633 870.92
0.002369 870.92
0.0023746 870.92
0.0023803 870.92
0.0023859 870.92
0.0023916 870.92
0.0023972 870.92
0.0024029 870.92
0.0024085 870.92
0.0024142 870.92
0.0024198 870.92
0.0024255 870.92
0.0024312 870.92
0.0024368 870.92
0.0024425 870.92
0.0024481 870.92
0.0024538 870.92
0.0024594 870.92
0.0024651 870.92
0.0024707 870.92
0.0024764 870.92
0.002482 870.92
0.0024877 870.92
0.0024933 870.92
0.002499 870.92
0.0025047 870.92
0.0025103 870.92
0.002516 870.92
0.0025216 870.92
0.0025273 870.92
0.0025329 870.92
0.0025386 870.92
0.0025442 870.92
0.0025499 870.92
0.0025555 870.92
0.0025612 870.92
0.0025668 870.92
0.0025725 870.92
0.0025782 870.92
0.0025838 870.92
0.0025895 870.92
0.0025951 870.92
0.0026008 870.92
0.0026064 870.92
0.0026121 870.92
0.0026177 870.92
0.0026234 870.92
0.002629 870.92
0.0026347 870.92
0.0026403 870.92
0.002646 870.92
0.0026517 870.92
0.0026573 870.92
0.002663 870.92
0.0026686 870.92
0.0026743 870.92
0.0026799 870.92
0.0026856 870.92
0.0026912 870.92
0.0026969 870.92
0.0027025 870.92
0.0027082 870.92
0.0027138 870.92
0.0027195 870.92
0.0027252 870.92
0.0027308 870.92
0.0027365 870.92
0.0027421 870.92
0.0027478 870.92
0.0027534 870.92
0.0027591 870.92
0.0027647 870.92
0.0027704 870.92
0.002776 870.92
0.0027817 870.92
0.0027873 870.92
0.002793 870.92
0.0027987 870.92
0.0028043 870.92
0.00281 870.92
0.0028156 870.92
0.0028213 870.92
0.0028269 870.92
0.0028326 870.92
0.0028382 870.92
0.0028439 870.92
0.0028495 870.92
0.0028552 870.92
0.0028608 870.92
0.0028665 870.92
0.0028722 870.92
0.0028778 870.92
0.0028835 870.92
0.0028891 870.92
0.0028948 870.92
0.0029004 870.92
0.0029061 870.92
0.0029117 870.92
0.0029174 870.92
0.002923 870.92
0.0029287 870.92
0.0029343 870.92
0.00294 870.92
0.0029457 870.92
0.0029513 870.92
0.002957 870.92
0.0029626 870.92
0.0029683 870.92
0.0029739 870.92
0.0029796 870.92
0.0029852 870.92
0.0029909 870.92
0.0029965 870.92
0.0030022 870.92
0.0030078 870.92
0.0030135 870.92
0.0030192 870.92
0.0030248 870.92
0.0030305 870.92
0.0030361 870.92
0.0030418 870.92
0.0030474 870.92
0.0030531 870.92
0.0030587 870.92
0.0030644 870.92
0.00307 870.92
0.0030757 870.92
0.0030813 870.92
0.003087 870.92
0.0030927 870.92
0.0030983 870.92
0.003104 870.92
0.0031096 870.92
0.0031153 870.92
0.0031209 870.92
0.0031266 870.92
0.0031322 870.92
0.0031379 870.92
0.0031435 870.92
0.0031492 870.92
0.0031548 870.92
0.0031605 870.92
0.0031662 870.92
0.0031718 870.92
0.0031775 870.92
0.0031831 870.92
0.0031888 870.92
0.0031944 870.92
0.0032001 870.92
0.0032057 870.92
0.0032114 870.92
0.003217 870.92
0.0032227 870.92
0.0032283 870.92
0.003234 870.92
0.0032397 870.92
0.0032453 870.92
0.003251 870.92
0.0032566 870.92
0.0032623 870.92
0.0032679 870.92
0.0032736 870.92
0.0032792 870.92
0.0032849 870.92
0.0032905 870.92
0.0032962 870.92
0.0033018 870.92
0.0033075 870.92
0.0033132 870.92
0.0033188 870.92
0.0033245 870.92
0.0033301 870.92
0.0033358 870.92
0.0033414 870.92
0.0033471 870.92
0.0033527 870.92
0.0033584 870.92
0.003364 870.92
0.0033697 870.92
0.0033753 870.92
0.003381 870.92
0.0033867 870.92
0.0033923 870.92
0.003398 870.92
0.0034036 870.92
0.0034093 870.92
0.0034149 870.92
0.0034206 870.92
0.0034262 870.92
0.0034319 870.92
0.0034375 870.92
0.0034432 870.92
0.0034488 870.92
0.0034545 870.92
0.0034602 870.92
0.0034658 870.92
0.0034715 870.92
0.0034771 870.92
0.0034828 870.92
0.0034884 870.92
0.0034941 870.92
0.0034997 870.92
0.0035054 870.92
0.003511 870.92
0.0035167 870.92
0.0035223 870.92
0.003528 870.92
0.0035337 870.92
0.0035393 870.92
0.003545 870.92
0.0035506 870.92
0.0035563 870.92
0.0035619 870.92
0.0035676 870.92
0.0035732 870.92
0.0035789 870.92
0.0035845 870.92
0.0035902 870.92
0.0035958 870.92
0.0036015 870.92
0.0036072 870.92
0.0036128 870.92
0.0036185 870.92
0.0036241 870.92
0.0036298 870.92
0.0036354 870.92
0.0036411 870.92
0.0036467 870.92
0.0036524 870.92
0.003658 870.92
0.0036637 870.92
0.0036693 870.92
0.003675 870.92
0.0036807 870.92
0.0036863 870.92
0.003692 870.92
0.0036976 870.92
0.0037033 870.92
0.0037089 870.92
0.0037146 870.92
0.0037202 870.92
0.0037259 870.92
0.0037315 870.92
0.0037372 870.92
0.0037428 870.92
0.0037485 870.92
0.0037542 870.92
0.0037598 870.92
0.0037655 870.92
0.0037711 870.92
0.0037768 870.92
0.0037824 870.92
0.0037881 870.92
0.0037937 870.92
0.0037994 870.92
0.003805 870.92
0.0038107 870.92
0.0038163 870.92
0.003822 870.92
0.0038277 870.92
0.0038333 870.92
0.003839 870.92
0.0038446 870.92
0.0038503 870.92
0.0038559 870.92
0.0038616 870.92
0.0038672 870.92
0.0038729 870.92
0.0038785 870.92
0.0038842 870.92
0.0038898 870.92
0.0038955 870.92
0.0039012 870.92
0.0039068 870.92
0.0039125 870.92
0.0039181 870.92
0.0039238 870.92
0.0039294 870.92
0.0039351 870.92
0.0039407 870.92
0.0039464 870.92
0.003952 870.92
0.0039577 870.92
0.0039633 870.92
0.003969 870.92
0.0039747 870.92
0.0039803 870.92
0.003986 870.92
0.0039916 870.92
0.0039973 870.92
0.0040029 870.92
0.0040086 870.92
0.0040142 870.92
0.0040199 870.92
0.0040255 870.92
0.0040312 870.92
0.0040368 870.92
0.0040425 870.92
0.0040482 870.92
0.0040538 870.92
0.0040595 870.92
0.0040651 870.92
0.0040708 870.92
0.0040764 870.92
0.0040821 870.92
0.0040877 870.92
0.0040934 870.92
0.004099 870.92
0.0041047 870.92
0.0041103 870.92
0.004116 870.92
0.0041217 870.92
0.0041273 870.92
0.004133 870.92
0.0041386 870.92
0.0041443 870.92
0.0041499 870.92
0.0041556 870.92
0.0041612 870.92
0.0041669 870.92
0.0041725 870.92
0.0041782 870.92
0.0041838 870.92
0.0041895 870.92
0.0041952 870.92
0.0042008 870.92
0.0042065 870.92
0.0042121 870.92
0.0042178 870.92
0.0042234 870.92
0.0042291 870.92
0.0042347 870.92
0.0042404 870.92
0.004246 870.92
0.0042517 870.92
0.0042573 870.92
0.004263 870.92
0.0042687 870.92
0.0042743 870.92
0.00428 870.92
0.0042856 870.92
0.0042913 870.92
0.0042969 870.92
0.0043026 870.92
0.0043082 870.92
0.0043139 870.92
0.0043195 870.92
0.0043252 870.92
0.0043308 870.92
0.0043365 870.92
0.0043422 870.92
0.0043478 870.92
0.0043535 870.92
0.0043591 870.92
0.0043648 870.92
0.0043704 870.92
0.0043761 870.92
0.0043817 870.92
0.0043874 870.92
0.004393 870.92
0.0043987 870.92
0.0044043 870.92
0.00441 870.92
0.0044157 870.92
0.0044213 870.92
0.004427 870.92
0.0044326 870.92
0.0044383 870.92
0.0044439 870.92
0.0044496 870.92
0.0044552 870.92
0.0044609 870.92
0.0044665 870.92
0.0044722 870.92
0.0044778 870.92
0.0044835 870.92
0.0044892 870.92
0.0044948 870.92
0.0045005 870.92
0.0045061 870.92
0.0045118 870.92
0.0045174 870.92
0.0045231 870.92
0.0045287 870.92
0.0045344 870.92
0.00454 870.92
0.0045457 870.92
0.0045513 870.92
0.004557 870.92
0.0045627 870.92
0.0045683 870.92
0.004574 870.92
0.0045796 870.92
0.0045853 870.92
0.0045909 870.92
0.0045966 870.92
0.0046022 870.92
0.0046079 870.92
0.0046135 870.92
0.0046192 870.92
0.0046248 870.92
0.0046305 870.92
0.0046362 870.92
0.0046418 870.92
0.0046475 870.92
0.0046531 870.92
0.0046588 870.92
0.0046644 870.92
0.0046701 870.92
0.0046757 870.92
0.0046814 870.92
0.004687 870.92
0.0046927 870.92
0.0046983 870.92
0.004704 870.92
0.0047097 870.92
0.0047153 870.92
0.004721 870.92
0.0047266 870.92
0.0047323 870.92
0.0047379 870.92
0.0047436 870.92
0.0047492 870.92
0.0047549 870.92
0.0047605 870.92
0.0047662 870.92
0.0047718 870.92
0.0047775 870.92
0.0047832 870.92
0.0047888 870.92
0.0047945 870.92
0.0048001 870.92
0.0048058 870.92
0.0048114 870.92
0.0048171 870.92
0.0048227 870.92
0.0048284 870.92
0.004834 870.92
0.0048397 870.92
0.0048453 870.92
0.004851 870.92
0.0048567 870.92
0.0048623 870.92
0.004868 870.92
0.0048736 870.92
0.0048793 870.92
0.0048849 870.92
0.0048906 870.92
0.0048962 870.92
0.0049019 870.92
0.0049075 870.92
0.0049132 870.92
0.0049188 870.92
0.0049245 870.92
0.0049302 870.92
0.0049358 870.92
0.0049415 870.92
0.0049471 870.92
0.0049528 870.92
0.0049584 870.92
0.0049641 870.92
0.0049697 870.92
0.0049754 870.92
0.004981 870.92
0.0049867 870.92
0.0049923 870.92
0.004998 870.92
0.0050037 870.92
0.0050093 870.92
0.005015 870.92
0.0050206 870.92
0.0050263 870.92
0.0050319 870.92
0.0050376 870.92
0.0050432 870.92
0.0050489 870.92
0.0050545 870.92
0.0050602 870.92
0.0050658 870.92
0.0050715 870.92
0.0050772 870.92
0.0050828 870.92
0.0050885 870.92
0.0050941 870.92
0.0050998 870.92
0.0051054 870.92
0.0051111 870.92
0.0051167 870.92
0.0051224 870.92
0.005128 870.92
0.0051337 870.92
0.0051393 870.92
0.005145 870.92
0.0051507 870.92
0.0051563 870.92
0.005162 870.92
0.0051676 870.92
0.0051733 870.92
0.0051789 870.92
0.0051846 870.92
0.0051902 870.92
0.0051959 870.92
0.0052015 870.92
0.0052072 870.92
0.0052128 870.92
0.0052185 870.92
0.0052242 870.92
0.0052298 870.92
0.0052355 870.92
0.0052411 870.92
0.0052468 870.92
0.0052524 870.92
0.0052581 870.92
0.0052637 870.92
0.0052694 870.92
0.005275 870.92
0.0052807 870.92
0.0052863 870.92
0.005292 870.92
0.0052977 870.92
0.0053033 870.92
0.005309 870.92
0.0053146 870.92
0.0053203 870.92
0.0053259 870.92
0.0053316 870.92
0.0053372 870.92
0.0053429 870.92
0.0053485 870.92
0.0053542 870.92
0.0053598 870.92
0.0053655 870.92
0.0053712 870.92
0.0053768 870.92
0.0053825 870.92
0.0053881 870.92
0.0053938 870.92
0.0053994 870.92
0.0054051 870.92
0.0054107 870.92
0.0054164 870.92
0.005422 870.92
0.0054277 870.92
0.0054333 870.92
0.005439 870.92
0.0054447 870.92
0.0054503 870.92
0.005456 870.92
0.0054616 870.92
0.0054673 870.92
0.0054729 870.92
0.0054786 870.92
0.0054842 870.92
0.0054899 870.92
0.0054955 870.92
0.0055012 870.92
0.0055068 870.92
0.0055125 870.92
0.0055182 870.92
0.0055238 870.92
0.0055295 870.92
0.0055351 870.92
0.0055408 870.92
0.0055464 870.92
0.0055521 870.92
0.0055577 870.92
0.0055634 870.92
0.005569 870.92
0.0055747 870.92
0.0055803 870.92
0.005586 870.92
0.0055917 870.92
0.0055973 870.92
0.005603 870.92
0.0056086 870.92
0.0056143 870.92
0.0056199 870.92
0.0056256 870.92
0.0056312 870.92
0.0056369 870.92
0.0056425 870.92
0.0056482 870.92
0.0056538 870.92
0.0056595 870.92
0.0056652 870.92
0.0056708 870.92
0.0056765 870.92
0.0056821 870.92
0.0056878 870.92
0.0056934 870.92
0.0056991 870.92
0.0057047 870.92
0.0057104 870.92
0.005716 870.92
0.0057217 870.92
0.0057273 870.92
0.005733 870.92
0.0057387 870.92
0.0057443 870.92
0.00575 870.92
0.0057556 870.92
0.0057613 870.92
0.0057669 870.92
0.0057726 870.92
0.0057782 870.92
0.0057839 870.92
0.0057895 870.92
0.0057952 870.92
0.0058008 870.92
0.0058065 870.92
0.0058122 870.92
0.0058178 870.92
0.0058235 870.92
0.0058291 870.92
0.0058348 870.92
0.0058404 870.92
0.0058461 870.92
0.0058517 870.92
0.0058574 870.92
0.005863 870.92
0.0058687 870.92
0.0058743 870.92
0.00588 870.92
0.0058857 870.92
0.0058913 870.92
0.005897 870.92
0.0059026 870.92
0.0059083 870.92
0.0059139 870.92
0.0059196 870.92
0.0059252 870.92
0.0059309 870.92
0.0059365 870.92
0.0059422 870.92
0.0059478 870.92
0.0059535 870.92
0.0059592 870.92
0.0059648 870.92
0.0059705 870.92
0.0059761 870.92
0.0059818 870.92
0.0059874 870.92
0.0059931 870.92
0.0059987 870.92
0.0060044 870.92
0.00601 870.92
0.0060157 870.92
0.0060213 870.92
0.006027 870.92
0.0060327 870.92
0.0060383 870.92
0.006044 870.92
0.0060496 870.92
0.0060553 870.92
0.0060609 870.92
0.0060666 870.92
0.0060722 870.92
0.0060779 870.92
0.0060835 870.92
0.0060892 870.92
0.0060948 870.92
0.0061005 870.92
0.0061062 870.92
0.0061118 870.92
0.0061175 870.92
0.0061231 870.92
0.0061288 870.92
0.0061344 870.92
0.0061401 870.92
0.0061457 870.92
0.0061514 870.92
0.006157 870.92
0.0061627 870.92
0.0061683 870.92
0.006174 870.92
0.0061797 870.92
0.0061853 870.92
0.006191 870.92
0.0061966 870.92
0.0062023 870.92
0.0062079 870.92
0.0062136 870.92
0.0062192 870.92
0.0062249 870.92
0.0062305 870.92
0.0062362 870.92
0.0062418 870.92
0.0062475 870.92
0.0062532 870.92
0.0062588 870.92
0.0062645 870.92
0.0062701 870.92
0.0062758 870.92
0.0062814 870.92
0.0062871 870.92
0.0062927 870.92
0.0062984 870.92
0.006304 870.92
0.0063097 870.92
0.0063153 870.92
0.006321 870.92
0.0063267 870.92
0.0063323 870.92
0.006338 870.92
0.0063436 870.92
0.0063493 870.92
0.0063549 870.92
0.0063606 870.92
0.0063662 870.92
0.0063719 870.92
0.0063775 870.92
0.0063832 870.92
0.0063888 870.92
0.0063945 870.92
0.0064002 870.92
0.0064058 870.92
0.0064115 870.92
0.0064171 870.92
0.0064228 870.92
0.0064284 870.92
0.0064341 870.92
0.0064397 870.92
0.0064454 870.92
0.006451 870.92
0.0064567 870.92
0.0064623 870.92
0.006468 870.92
0.0064737 870.92
0.0064793 870.92
0.006485 870.92
0.0064906 870.92
0.0064963 870.92
0.0065019 870.92
0.0065076 870.92
0.0065132 870.92
0.0065189 870.92
0.0065245 870.92
0.0065302 870.92
0.0065358 870.92
0.0065415 870.92
0.0065472 870.92
0.0065528 870.92
0.0065585 870.92
0.0065641 870.92
0.0065698 870.92
0.0065754 870.92
0.0065811 870.92
0.0065867 870.92
0.0065924 870.92
0.006598 870.92
0.0066037 870.92
0.0066093 870.92
0.006615 870.92
0.0066207 870.92
0.0066263 870.92
0.006632 870.92
0.0066376 870.92
0.0066433 870.92
0.0066489 870.92
0.0066546 870.92
0.0066602 870.92
0.0066659 870.92
0.0066715 870.92
0.0066772 870.92
0.0066828 870.92
0.0066885 870.92
0.0066942 870.92
0.0066998 870.92
0.0067055 870.92
0.0067111 870.92
0.0067168 870.92
0.0067224 870.92
0.0067281 870.92
0.0067337 870.92
0.0067394 870.92
0.006745 870.92
0.0067507 870.92
0.0067563 870.92
0.006762 870.92
0.0067677 870.92
0.0067733 870.92
0.006779 870.92
0.0067846 870.92
0.0067903 870.92
0.0067959 870.92
0.0068016 870.92
0.0068072 870.92
0.0068129 870.92
0.0068185 870.92
0.0068242 870.92
0.0068298 870.92
0.0068355 870.92
0.0068412 870.92
0.0068468 870.92
0.0068525 870.92
0.0068581 870.92
0.0068638 870.92
0.0068694 870.92
0.0068751 870.92
0.0068807 870.92
0.0068864 870.92
0.006892 870.92
0.0068977 870.92
0.0069033 870.92
0.006909 870.92
0.0069147 870.92
0.0069203 870.92
0.006926 870.92
0.0069316 870.92
0.0069373 870.92
0.0069429 870.92
0.0069486 870.92
0.0069542 870.92
0.0069599 870.92
0.0069655 870.92
0.0069712 870.92
0.0069768 870.92
0.0069825 870.92
0.0069882 870.92
0.0069938 870.92
0.0069995 870.92
0.0070051 870.92
0.0070108 870.92
0.0070164 870.92
0.0070221 870.92
0.0070277 870.92
0.0070334 870.92
0.007039 870.92
0.0070447 870.92
0.0070503 870.92
0.007056 870.92
0.0070617 870.92
0.0070673 870.92
0.007073 870.92
0.0070786 870.92
0.0070843 870.92
0.0070899 870.92
0.0070956 870.92
0.0071012 870.92
0.0071069 870.92
0.0071125 870.92
0.0071182 870.92
0.0071238 870.92
0.0071295 870.92
0.0071352 870.92
0.0071408 870.92
0.0071465 870.92
0.0071521 870.92
0.0071578 870.92
0.0071634 870.92
0.0071691 870.92
0.0071747 870.92
0.0071804 870.92
0.007186 870.92
0.0071917 870.92
0.0071973 870.92
0.007203 870.92
0.0072087 870.92
0.0072143 870.92
0.00722 870.92
0.0072256 870.92
0.0072313 870.92
0.0072369 870.92
0.0072426 870.92
0.0072482 870.92
0.0072539 870.92
0.0072595 870.92
0.0072652 870.92
0.0072708 870.92
0.0072765 870.92
0.0072822 870.92
0.0072878 870.92
0.0072935 870.92
0.0072991 870.92
0.0073048 870.92
0.0073104 870.92
0.0073161 870.92
0.0073217 870.92
0.0073274 870.92
0.007333 870.92
0.0073387 870.92
0.0073443 870.92
0.00735 870.92
0.0073557 870.92
0.0073613 870.92
0.007367 870.92
0.0073726 870.92
0.0073783 870.92
0.0073839 870.92
0.0073896 870.92
0.0073952 870.92
0.0074009 870.92
0.0074065 870.92
0.0074122 870.92
0.0074178 870.92
0.0074235 870.92
0.0074292 870.92
0.0074348 870.92
0.0074405 870.92
0.0074461 870.92
0.0074518 870.92
0.0074574 870.92
0.0074631 870.92
0.0074687 870.92
0.0074744 870.92
0.00748 870.92
0.0074857 870.92
0.0074913 870.92
0.007497 870.92
0.0075027 870.92
0.0075083 870.92
0.007514 870.92
0.0075196 870.92
0.0075253 870.92
0.0075309 870.92
0.0075366 870.92
0.0075422 870.92
0.0075479 870.92
0.0075535 870.92
0.0075592 870.92
0.0075648 870.92
0.0075705 870.92
0.0075762 870.92
0.0075818 870.92
0.0075875 870.92
0.0075931 870.92
0.0075988 870.92
0.0076044 870.92
0.0076101 870.92
0.0076157 870.92
0.0076214 870.92
0.007627 870.92
0.0076327 870.92
0.0076383 870.92
0.007644 870.92
0.0076497 870.92
0.0076553 870.92
0.007661 870.92
0.0076666 870.92
0.0076723 870.92
0.0076779 870.92
0.0076836 870.92
0.0076892 870.92
0.0076949 870.92
0.0077005 870.92
0.0077062 870.92
0.0077118 870.92
0.0077175 870.92
0.0077232 870.92
0.0077288 870.92
0.0077345 870.92
0.0077401 870.92
0.0077458 870.92
0.0077514 870.92
0.0077571 870.92
0.0077627 870.92
0.0077684 870.92
0.007774 870.92
0.0077797 870.92
0.0077853 870.92
0.007791 870.92
0.0077967 870.92
0.0078023 870.92
0.007808 870.92
0.0078136 870.92
0.0078193 870.92
0.0078249 870.92
0.0078306 870.92
0.0078362 870.92
0.0078419 870.92
0.0078475 870.92
0.0078532 870.92
0.0078588 870.92
0.0078645 870.92
0.0078702 870.92
0.0078758 870.92
0.0078815 870.92
0.0078871 870.92
0.0078928 870.92
0.0078984 870.92
0.0079041 870.92
0.0079097 870.92
0.0079154 870.92
0.007921 870.92
0.0079267 870.92
0.0079323 870.92
0.007938 870.92
0.0079437 870.92
0.0079493 870.92
0.007955 870.92
0.0079606 870.92
0.0079663 870.92
0.0079719 870.92
0.0079776 870.92
0.0079832 870.92
0.0079889 870.92
0.0079945 870.92
0.0080002 870.92
0.0080058 870.92
0.0080115 870.92
0.0080172 870.92
0.0080228 870.92
0.0080285 870.92
0.0080341 870.92
0.0080398 870.92
0.0080454 870.92
0.0080511 870.92
0.0080567 870.92
0.0080624 870.92
0.008068 870.92
0.0080737 870.92
0.0080793 870.92
0.008085 870.92
0.0080907 870.92
0.0080963 870.92
0.008102 870.92
0.0081076 870.92
0.0081133 870.92
0.0081189 870.92
0.0081246 870.92
0.0081302 870.92
0.0081359 870.92
0.0081415 870.92
0.0081472 870.92
0.0081528 870.92
0.0081585 870.92
0.0081642 870.92
0.0081698 870.92
0.0081755 870.92
0.0081811 870.92
0.0081868 870.92
0.0081924 870.92
0.0081981 870.92
0.0082037 870.92
0.0082094 870.92
0.008215 870.92
0.0082207 870.92
0.0082263 870.92
0.008232 870.92
0.0082377 870.92
0.0082433 870.92
0.008249 870.92
0.0082546 870.92
0.0082603 870.92
0.0082659 870.92
0.0082716 870.92
0.0082772 870.92
0.0082829 870.92
0.0082885 870.92
0.0082942 870.92
0.0082998 870.92
0.0083055 870.92
0.0083112 870.92
0.0083168 870.92
0.0083225 870.92
0.0083281 870.92
0.0083338 870.92
0.0083394 870.92
0.0083451 870.92
0.0083507 870.92
0.0083564 870.92
0.008362 870.92
0.0083677 870.92
0.0083733 870.92
0.008379 870.92
0.0083847 870.92
0.0083903 870.92
0.008396 870.92
0.0084016 870.92
0.0084073 870.92
0.0084129 870.92
0.0084186 870.92
0.0084242 870.92
0.0084299 870.92
0.0084355 870.92
0.0084412 870.92
0.0084468 870.92
0.0084525 870.92
0.0084582 870.92
0.0084638 870.92
0.0084695 870.92
0.0084751 870.92
0.0084808 870.92
0.0084864 870.92
0.0084921 870.92
0.0084977 870.92
0.0085034 870.92
0.008509 870.92
0.0085147 870.92
0.0085203 870.92
0.008526 870.92
0.0085317 870.92
0.0085373 870.92
0.008543 870.92
0.0085486 870.92
0.0085543 870.92
0.0085599 870.92
0.0085656 870.92
0.0085712 870.92
0.0085769 870.92
0.0085825 870.92
0.0085882 870.92
0.0085938 870.92
0.0085995 870.92
0.0086052 870.92
0.0086108 870.92
0.0086165 870.92
0.0086221 870.92
0.0086278 870.92
0.0086334 870.92
0.0086391 870.92
0.0086447 870.92
0.0086504 870.92
0.008656 870.92
0.0086617 870.92
0.0086673 870.92
0.008673 870.92
0.0086787 870.92
0.0086843 870.92
0.00869 870.92
0.0086956 870.92
0.0087013 870.92
0.0087069 870.92
0.0087126 870.92
0.0087182 870.92
0.0087239 870.92
0.0087295 870.92
0.0087352 870.92
0.0087408 870.92
0.0087465 870.92
0.0087522 870.92
0.0087578 870.92
0.0087635 870.92
0.0087691 870.92
0.0087748 870.92
0.0087804 870.92
0.0087861 870.92
0.0087917 870.92
0.0087974 870.92
0.008803 870.92
0.0088087 870.92
0.0088143 870.92
0.00882 870.92
0.0088257 870.92
0.0088313 870.92
0.008837 870.92
0.0088426 870.92
0.0088483 870.92
0.0088539 870.92
0.0088596 870.92
0.0088652 870.92
0.0088709 870.92
0.0088765 870.92
0.0088822 870.92
0.0088878 870.92
0.0088935 870.92
0.0088992 870.92
0.0089048 870.92
0.0089105 870.92
0.0089161 870.92
0.0089218 870.92
0.0089274 870.92
0.0089331 870.92
0.0089387 870.92
0.0089444 870.92
0.00895 870.92
0.0089557 870.92
0.0089613 870.92
0.008967 870.92
0.0089727 870.92
0.0089783 870.92
0.008984 870.92
0.0089896 870.92
0.0089953 870.92
0.0090009 870.92
0.0090066 870.92
0.0090122 870.92
0.0090179 870.92
0.0090235 870.92
0.0090292 870.92
0.0090348 870.92
0.0090405 870.92
0.0090462 870.92
0.0090518 870.92
0.0090575 870.92
0.0090631 870.92
0.0090688 870.92
0.0090744 870.92
0.0090801 870.92
0.0090857 870.92
0.0090914 870.92
0.009097 870.92
0.0091027 870.92
0.0091083 870.92
0.009114 870.92
0.0091197 870.92
0.0091253 870.92
0.009131 870.92
0.0091366 870.92
0.0091423 870.92
0.0091479 870.92
0.0091536 870.92
0.0091592 870.92
0.0091649 870.92
0.0091705 870.92
0.0091762 870.92
0.0091818 870.92
0.0091875 870.92
0.0091932 870.92
0.0091988 870.92
0.0092045 870.92
0.0092101 870.92
0.0092158 870.92
0.0092214 870.92
0.0092271 870.92
0.0092327 870.92
0.0092384 870.92
0.009244 870.92
0.0092497 870.92
0.0092553 870.92
0.009261 870.92
0.0092667 870.92
0.0092723 870.92
0.009278 870.92
0.0092836 870.92
0.0092893 870.92
0.0092949 870.92
0.0093006 870.92
0.0093062 870.92
0.0093119 870.92
0.0093175 870.92
0.0093232 870.92
0.0093288 870.92
0.0093345 870.92
0.0093402 870.92
0.0093458 870.92
0.0093515 870.92
0.0093571 870.92
0.0093628 870.92
0.0093684 870.92
0.0093741 870.92
0.0093797 870.92
0.0093854 870.92
0.009391 870.92
0.0093967 870.92
0.0094023 870.92
0.009408 870.92
0.0094137 870.92
0.0094193 870.92
0.009425 870.92
0.0094306 870.92
0.0094363 870.92
0.0094419 870.92
0.0094476 870.92
0.0094532 870.92
0.0094589 870.92
0.0094645 870.92
0.0094702 870.92
0.0094758 870.92
0.0094815 870.92
0.0094872 870.92
0.0094928 870.92
0.0094985 870.92
0.0095041 870.92
0.0095098 870.92
0.0095154 870.92
0.0095211 870.92
0.0095267 870.92
0.0095324 870.92
0.009538 870.92
0.0095437 870.92
0.0095493 870.92
0.009555 870.92
0.0095607 870.92
0.0095663 870.92
0.009572 870.92
0.0095776 870.92
0.0095833 870.92
0.0095889 870.92
0.0095946 870.92
0.0096002 870.92
0.0096059 870.92
0.0096115 870.92
0.0096172 870.92
0.0096228 870.92
0.0096285 870.92
0.0096342 870.92
0.0096398 870.92
0.0096455 870.92
0.0096511 870.92
0.0096568 870.92
0.0096624 870.92
0.0096681 870.92
0.0096737 870.92
0.0096794 870.92
0.009685 870.92
0.0096907 870.92
0.0096963 870.92
0.009702 870.92
0.0097077 870.92
0.0097133 870.92
0.009719 870.92
0.0097246 870.92
0.0097303 870.92
0.0097359 870.92
0.0097416 870.92
0.0097472 870.92
0.0097529 870.92
0.0097585 870.92
0.0097642 870.92
0.0097698 870.92
0.0097755 870.92
0.0097812 870.92
0.0097868 870.92
0.0097925 870.92
0.0097981 870.92
0.0098038 870.92
0.0098094 870.92
0.0098151 870.92
0.0098207 870.92
0.0098264 870.92
0.009832 870.92
0.0098377 870.92
0.0098433 870.92
0.009849 870.92
0.0098547 870.92
0.0098603 870.92
0.009866 870.92
0.0098716 870.92
0.0098773 870.92
0.0098829 870.92
0.0098886 870.92
0.0098942 870.92
0.0098999 870.92
0.0099055 870.92
0.0099112 870.92
0.0099168 870.92
0.0099225 870.92
0.0099282 870.92
0.0099338 870.92
0.0099395 870.92
0.0099451 870.92
0.0099508 870.92
0.0099564 870.92
0.0099621 870.92
0.0099677 870.92
0.0099734 870.92
0.009979 870.92
0.0099847 870.92
0.0099903 870.92
0.009996 870.92
0.010002 870.92
0.010007 870.92
0.010013 870.92
0.010019 870.92
0.010024 870.92
0.01003 870.92
0.010036 870.92
0.010041 870.92
0.010047 870.92
0.010053 870.92
0.010058 870.92
0.010064 870.92
0.01007 870.92
0.010075 870.92
0.010081 870.92
0.010086 870.92
0.010092 870.92
0.010098 870.92
0.010103 870.92
0.010109 870.92
0.010115 870.92
0.01012 870.92
0.010126 870.92
0.010132 870.92
0.010137 870.92
0.010143 870.92
0.010149 870.92
0.010154 870.92
0.01016 870.92
0.010166 870.92
0.010171 870.92
0.010177 870.92
0.010183 870.92
0.010188 870.92
0.010194 870.92
0.0102 870.92
0.010205 870.92
0.010211 870.92
0.010216 870.92
0.010222 870.92
0.010228 870.92
0.010233 870.92
0.010239 870.92
0.010245 870.92
0.01025 870.92
0.010256 870.92
0.010262 870.92
0.010267 870.92
0.010273 870.92
0.010279 870.92
0.010284 870.92
0.01029 870.92
0.010296 870.92
0.010301 870.92
0.010307 870.92
0.010313 870.92
0.010318 870.92
0.010324 870.92
0.01033 870.92
0.010335 870.92
0.010341 870.92
0.010347 870.92
0.010352 870.92
0.010358 870.92
0.010364 870.92
0.010369 870.92
0.010375 870.92
0.01038 870.92
0.010386 870.92
0.010392 870.92
0.010397 870.92
0.010403 870.92
0.010409 870.92
0.010414 870.92
0.01042 870.92
0.010426 870.92
0.010431 870.92
0.010437 870.92
0.010443 870.92
0.010448 870.92
0.010454 870.92
0.01046 870.92
0.010465 870.92
0.010471 870.92
0.010477 870.92
0.010482 870.92
0.010488 870.92
0.010494 870.92
0.010499 870.92
0.010505 870.92
0.010511 870.92
0.010516 870.92
0.010522 870.92
0.010527 870.92
0.010533 870.92
0.010539 870.92
0.010544 870.92
0.01055 870.92
0.010556 870.92
0.010561 870.92
0.010567 870.92
0.010573 870.92
0.010578 870.92
0.010584 870.92
0.01059 870.92
0.010595 870.92
0.010601 870.92
0.010607 870.92
0.010612 870.92
0.010618 870.92
0.010624 870.92
0.010629 870.92
0.010635 870.92
0.010641 870.92
0.010646 870.92
0.010652 870.92
0.010658 870.92
0.010663 870.92
0.010669 870.92
0.010674 870.92
0.01068 870.92
0.010686 870.92
0.010691 870.92
0.010697 870.92
0.010703 870.92
0.010708 870.92
0.010714 870.92
0.01072 870.92
0.010725 870.92
0.010731 870.92
0.010737 870.92
0.010742 870.92
0.010748 870.92
0.010754 870.92
0.010759 870.92
0.010765 870.92
0.010771 870.92
0.010776 870.92
0.010782 870.92
0.010788 870.92
0.010793 870.92
0.010799 870.92
0.010804 870.92
0.01081 870.92
0.010816 870.92
0.010821 870.92
0.010827 870.92
0.010833 870.92
0.010838 870.92
0.010844 870.92
0.01085 870.92
0.010855 870.92
0.010861 870.92
0.010867 870.92
0.010872 870.92
0.010878 870.92
0.010884 870.92
0.010889 870.92
0.010895 870.92
0.010901 870.92
0.010906 870.92
0.010912 870.92
0.010918 870.92
0.010923 870.92
0.010929 870.92
0.010935 870.92
0.01094 870.92
0.010946 870.92
0.010951 870.92
0.010957 870.92
0.010963 870.92
0.010968 870.92
0.010974 870.92
0.01098 870.92
0.010985 870.92
0.010991 870.92
0.010997 870.92
0.011002 870.92
0.011008 870.92
0.011014 870.92
0.011019 870.92
0.011025 870.92
0.011031 870.92
0.011036 870.92
0.011042 870.92
0.011048 870.92
0.011053 870.92
0.011059 870.92
0.011065 870.92
0.01107 870.92
0.011076 870.92
0.011082 870.92
0.011087 870.92
0.011093 870.92
0.011099 870.92
0.011104 870.92
0.01111 870.92
0.011115 870.92
0.011121 870.92
0.011127 870.92
0.011132 870.92
0.011138 870.92
0.011144 870.92
0.011149 870.92
0.011155 870.92
0.011161 870.92
0.011166 870.92
0.011172 870.92
0.011178 870.92
0.011183 870.92
0.011189 870.92
0.011195 870.92
0.0112 870.92
0.011206 870.92
0.011212 870.92
0.011217 870.92
0.011223 870.92
0.011229 870.92
0.011234 870.92
0.01124 870.92
0.011246 870.92
0.011251 870.92
0.011257 870.92
0.011262 870.92
0.011268 870.92
0.011274 870.92
0.011279 870.92
0.011285 870.92
0.011291 870.92
0.011296 870.92
0.011302 870.92
0.011308 870.92
0.011313 870.92
0.011319 870.92
0.011325 870.92
0.01133 870.92
0.011336 870.92
0.011342 870.92
0.011347 870.92
0.011353 870.92
0.011359 870.92
0.011364 870.92
0.01137 870.92
0.011376 870.92
0.011381 870.92
0.011387 870.92
0.011392 870.92
0.011398 870.92
0.011404 870.92
0.011409 870.92
0.011415 870.92
0.011421 870.92
0.011426 870.92
0.011432 870.92
0.011438 870.92
0.011443 870.92
0.011449 870.92
0.011455 870.92
0.01146 870.92
0.011466 870.92
0.011472 870.92
0.011477 870.92
0.011483 870.92
0.011489 870.92
0.011494 870.92
0.0115 870.92
0.011506 870.92
0.011511 870.92
0.011517 870.92
0.011523 870.92
0.011528 870.92
0.011534 870.92
0.011539 870.92
0.011545 870.92
0.011551 870.92
0.011556 870.92
0.011562 870.92
0.011568 870.92
0.011573 870.92
0.011579 870.92
0.011585 870.92
0.01159 870.92
0.011596 870.92
0.011602 870.92
0.011607 870.92
0.011613 870.92
0.011619 870.92
0.011624 870.92
0.01163 870.92
0.011636 870.92
0.011641 870.92
0.011647 870.92
0.011653 870.92
0.011658 870.92
0.011664 870.92
0.01167 870.92
0.011675 870.92
0.011681 870.92
0.011686 870.92
0.011692 870.92
0.011698 870.92
0.011703 870.92
0.011709 870.92
0.011715 870.92
0.01172 870.92
0.011726 870.92
0.011732 870.92
0.011737 870.92
0.011743 870.92
0.011749 870.92
0.011754 870.92
0.01176 870.92
0.011766 870.92
0.011771 870.92
0.011777 870.92
0.011783 870.92
0.011788 870.92
0.011794 870.92
0.0118 870.92
0.011805 870.92
0.011811 870.92
0.011817 870.92
0.011822 870.92
0.011828 870.92
0.011834 870.92
0.011839 870.92
0.011845 870.92
0.01185 870.92
0.011856 870.92
0.011862 870.92
0.011867 870.92
0.011873 870.92
0.011879 870.92
0.011884 870.92
0.01189 870.92
0.011896 870.92
0.011901 870.92
0.011907 870.92
0.011913 870.92
0.011918 870.92
0.011924 870.92
0.01193 870.92
0.011935 870.92
0.011941 870.92
0.011947 870.92
0.011952 870.92
0.011958 870.92
0.011964 870.92
0.011969 870.92
0.011975 870.92
0.01198 870.92
0.011986 870.92
0.011992 870.92
0.011997 870.92
0.012003 870.92
0.012009 870.92
0.012014 870.92
0.01202 870.92
0.012026 870.92
0.012031 870.92
0.012037 870.92
0.012043 870.92
0.012048 870.92
0.012054 870.92
0.01206 870.92
0.012065 870.92
0.012071 870.92
0.012077 870.92
0.012082 870.92
0.012088 870.92
0.012094 870.92
0.012099 870.92
0.012105 870.92
0.012111 870.92
0.012116 870.92
0.012122 870.92
0.012127 870.92
0.012133 870.92
0.012139 870.92
0.012144 870.92
0.01215 870.92
0.012156 870.92
0.012161 870.92
0.012167 870.92
0.012173 870.92
0.012178 870.92
0.012184 870.92
0.01219 870.92
0.012195 870.92
0.012201 870.92
0.012207 870.92
0.012212 870.92
0.012218 870.92
0.012224 870.92
0.012229 870.92
0.012235 870.92
0.012241 870.92
0.012246 870.92
0.012252 870.92
0.012258 870.92
0.012263 870.92
0.012269 870.92
0.012274 870.92
0.01228 870.92
0.012286 870.92
0.012291 870.92
0.012297 870.92
0.012303 870.92
0.012308 870.92
0.012314 870.92
0.01232 870.92
0.012325 870.92
0.012331 870.92
0.012337 870.92
0.012342 870.92
0.012348 870.92
0.012354 870.92
0.012359 870.92
0.012365 870.92
0.012371 870.92
0.012376 870.92
0.012382 870.92
0.012388 870.92
0.012393 870.92
0.012399 870.92
0.012405 870.92
0.01241 870.92
0.012416 870.92
0.012422 870.92
0.012427 870.92
0.012433 870.92
0.012438 870.92
0.012444 870.92
0.01245 870.92
0.012455 870.92
0.012461 870.92
0.012467 870.92
0.012472 870.92
0.012478 870.92
0.012484 870.92
0.012489 870.92
0.012495 870.92
0.012501 870.92
0.012506 870.92
0.012512 870.92
0.012518 870.92
0.012523 870.92
0.012529 870.92
0.012535 870.92
0.01254 870.92
0.012546 870.92
0.012552 870.92
0.012557 870.92
0.012563 870.92
0.012568 870.92
0.012574 870.92
0.01258 870.92
0.012585 870.92
0.012591 870.92
0.012597 870.92
0.012602 870.92
0.012608 870.92
0.012614 870.92
0.012619 870.92
0.012625 870.92
0.012631 870.92
0.012636 870.92
0.012642 870.92
0.012648 870.92
0.012653 870.92
0.012659 870.92
0.012665 870.92
0.01267 870.92
0.012676 870.92
0.012682 870.92
0.012687 870.92
0.012693 870.92
0.012699 870.92
0.012704 870.92
0.01271 870.92
0.012716 870.92
0.012721 870.92
0.012727 870.92
0.012732 870.92
0.012738 870.92
0.012744 870.92
0.012749 870.92
0.012755 870.92
0.012761 870.92
0.012766 870.92
0.012772 870.92
0.012778 870.92
0.012783 870.92
0.012789 870.92
0.012795 870.92
0.0128 870.92
0.012806 870.92
0.012812 870.92
0.012817 870.92
0.012823 870.92
0.012829 870.92
0.012834 870.92
0.01284 870.92
0.012846 870.92
0.012851 870.92
0.012857 870.92
0.012863 870.92
0.012868 870.92
0.012874 870.92
0.012879 870.92
0.012885 870.92
0.012891 870.92
0.012896 870.92
0.012902 870.92
0.012908 870.92
0.012913 870.92
0.012919 870.92
0.012925 870.92
0.01293 870.92
0.012936 870.92
0.012942 870.92
0.012947 870.92
0.012953 870.92
0.012959 870.92
0.012964 870.92
0.01297 870.92
0.012976 870.92
0.012981 870.92
0.012987 870.92
0.012993 870.92
0.012998 870.92
0.013004 870.92
0.01301 870.92
0.013015 870.92
0.013021 870.92
0.013026 870.92
0.013032 870.92
0.013038 870.92
0.013043 870.92
0.013049 870.92
0.013055 870.92
0.01306 870.92
0.013066 870.92
0.013072 870.92
0.013077 870.92
0.013083 870.92
0.013089 870.92
0.013094 870.92
0.0131 870.92
0.013106 870.92
0.013111 870.92
0.013117 870.92
0.013123 870.92
0.013128 870.92
0.013134 870.92
0.01314 870.92
0.013145 870.92
0.013151 870.92
0.013156 870.92
0.013162 870.92
0.013168 870.92
0.013173 870.92
0.013179 870.92
0.013185 870.92
0.01319 870.92
0.013196 870.92
0.013202 870.92
0.013207 870.92
0.013213 870.92
0.013219 870.92
0.013224 870.92
0.01323 870.92
0.013236 870.92
0.013241 870.92
0.013247 870.92
0.013253 870.92
0.013258 870.92
0.013264 870.92
0.01327 870.92
0.013275 870.92
0.013281 870.92
0.013287 870.92
0.013292 870.92
0.013298 870.92
0.013303 870.92
0.013309 870.92
0.013315 870.92
0.01332 870.92
0.013326 870.92
0.013332 870.92
0.013337 870.92
0.013343 870.92
0.013349 870.92
0.013354 870.92
0.01336 870.92
0.013366 870.92
0.013371 870.92
0.013377 870.92
0.013383 870.92
0.013388 870.92
0.013394 870.92
0.0134 870.92
0.013405 870.92
0.013411 870.92
0.013417 870.92
0.013422 870.92
0.013428 870.92
0.013434 870.92
0.013439 870.92
0.013445 870.92
0.013451 870.92
0.013456 870.92
0.013462 870.92
0.013467 870.92
0.013473 870.92
0.013479 870.92
0.013484 870.92
0.01349 870.92
0.013496 870.92
0.013501 870.92
0.013507 870.92
0.013513 870.92
0.013518 870.92
0.013524 870.92
0.01353 870.92
0.013535 870.92
0.013541 870.92
0.013547 870.92
0.013552 870.92
0.013558 870.92
0.013564 870.92
0.013569 870.92
0.013575 870.92
0.013581 870.92
0.013586 870.92
0.013592 870.92
0.013598 870.92
0.013603 870.92
0.013609 870.92
0.013614 870.92
0.01362 870.92
0.013626 870.92
0.013631 870.92
0.013637 870.92
0.013643 870.92
0.013648 870.92
0.013654 870.92
0.01366 870.92
0.013665 870.92
0.013671 870.92
0.013677 870.92
0.013682 870.92
0.013688 870.92
0.013694 870.92
0.013699 870.92
0.013705 870.92
0.013711 870.92
0.013716 870.92
0.013722 870.92
0.013728 870.92
0.013733 870.92
0.013739 870.92
0.013744 870.92
0.01375 870.92
0.013756 870.92
0.013761 870.92
0.013767 870.92
0.013773 870.92
0.013778 870.92
0.013784 870.92
0.01379 870.92
0.013795 870.92
0.013801 870.92
0.013807 870.92
0.013812 870.92
0.013818 870.92
0.013824 870.92
0.013829 870.92
0.013835 870.92
0.013841 870.92
0.013846 870.92
0.013852 870.92
0.013858 870.92
0.013863 870.92
0.013869 870.92
0.013875 870.92
0.01388 870.92
0.013886 870.92
0.013891 870.92
0.013897 870.92
0.013903 870.92
0.013908 870.92
0.013914 870.92
0.01392 870.92
0.013925 870.92
0.013931 870.92
0.013937 870.92
0.013942 870.92
0.013948 870.92
0.013954 870.92
0.013959 870.92
0.013965 870.92
0.013971 870.92
0.013976 870.92
0.013982 870.92
0.013988 870.92
0.013993 870.92
0.013999 870.92
0.014005 870.92
0.01401 870.92
0.014016 870.92
0.014022 870.92
0.014027 870.92
0.014033 870.92
0.014038 870.92
0.014044 870.92
0.01405 870.92
0.014055 870.92
0.014061 870.92
0.014067 870.92
0.014072 870.92
0.014078 870.92
0.014084 870.92
0.014089 870.92
0.014095 870.92
0.014101 870.92
0.014106 870.92
0.014112 870.92
0.014118 870.92
0.014123 870.92
0.014129 870.92
0.014135 870.92
0.01414 870.92
0.014146 870.92
0.014152 870.92
0.014157 870.92
0.014163 870.92
0.014169 870.92
0.014174 870.92
0.01418 870.92
0.014186 870.92
0.014191 870.92
0.014197 870.92
0.014202 870.92
0.014208 870.92
0.014214 870.92
0.014219 870.92
0.014225 870.92
0.014231 870.92
0.014236 870.92
0.014242 870.92
0.014248 870.92
0.014253 870.92
0.014259 870.92
0.014265 870.92
0.01427 870.92
0.014276 870.92
0.014282 870.92
0.014287 870.92
0.014293 870.92
0.014299 870.92
0.014304 870.92
0.01431 870.92
0.014316 870.92
0.014321 870.92
0.014327 870.92
0.014332 870.92
0.014338 870.92
0.014344 870.92
0.014349 870.92
0.014355 870.92
0.014361 870.92
0.014366 870.92
0.014372 870.92
0.014378 870.92
0.014383 870.92
0.014389 870.92
0.014395 870.92
0.0144 870.92
0.014406 870.92
0.014412 870.92
0.014417 870.92
0.014423 870.92
0.014429 870.92
0.014434 870.92
0.01444 870.92
0.014446 870.92
0.014451 870.92
0.014457 870.92
0.014463 870.92
0.014468 870.92
0.014474 870.92
0.014479 870.92
0.014485 870.92
0.014491 870.92
0.014496 870.92
0.014502 870.92
0.014508 870.92
0.014513 870.92
0.014519 870.92
0.014525 870.92
0.01453 870.92
0.014536 870.92
0.014542 870.92
0.014547 870.92
0.014553 870.92
0.014559 870.92
0.014564 870.92
0.01457 870.92
0.014576 870.92
0.014581 870.92
0.014587 870.92
0.014593 870.92
0.014598 870.92
0.014604 870.92
0.01461 870.92
0.014615 870.92
0.014621 870.92
0.014626 870.92
0.014632 870.92
0.014638 870.92
0.014643 870.92
0.014649 870.92
0.014655 870.92
0.01466 870.92
0.014666 870.92
0.014672 870.92
0.014677 870.92
0.014683 870.92
0.014689 870.92
0.014694 870.92
0.0147 870.92
0.014706 870.92
0.014711 870.92
0.014717 870.92
0.014723 870.92
0.014728 870.92
0.014734 870.92
0.01474 870.92
0.014745 870.92
0.014751 870.92
0.014757 870.92
0.014762 870.92
0.014768 870.92
0.014774 870.92
0.014779 870.92
0.014785 870.92
0.01479 870.92
0.014796 870.92
0.014802 870.92
0.014807 870.92
0.014813 870.92
0.014819 870.92
0.014824 870.92
0.01483 870.92
0.014836 870.92
0.014841 870.92
0.014847 870.92
0.014853 870.92
0.014858 870.92
0.014864 870.92
0.01487 870.92
0.014875 870.92
0.014881 870.92
0.014887 870.92
0.014892 870.92
0.014898 870.92
0.014904 870.92
0.014909 870.92
0.014915 870.92
0.01492 870.92
0.014926 870.92
0.014932 870.92
0.014937 870.92
0.014943 870.92
0.014949 870.92
0.014954 870.92
0.01496 870.92
0.014966 870.92
0.014971 870.92
0.014977 870.92
0.014983 870.92
0.014988 870.92
0.014994 870.92
0.015 870.92
0.015005 870.92
0.015011 870.92
0.015017 870.92
0.015022 870.92
0.015028 870.92
0.015034 870.92
0.015039 870.92
0.015045 870.92
0.015051 870.92
0.015056 870.92
0.015062 870.92
0.015068 870.92
0.015073 870.92
0.015079 870.92
0.015084 870.92
0.01509 870.92
0.015096 870.92
0.015101 870.92
0.015107 870.92
0.015113 870.92
0.015118 870.92
0.015124 870.92
0.01513 870.92
0.015135 870.92
0.015141 870.92
0.015147 870.92
0.015152 870.92
0.015158 870.92
0.015164 870.92
0.015169 870.92
0.015175 870.92
0.015181 870.92
0.015186 870.92
0.015192 870.92
0.015198 870.92
0.015203 870.92
0.015209 870.92
0.015215 870.92
0.01522 870.92
0.015226 870.92
0.015231 870.92
0.015237 870.92
0.015243 870.92
0.015248 870.92
0.015254 870.92
0.01526 870.92
0.015265 870.92
0.015271 870.92
0.015277 870.92
0.015282 870.92
0.015288 870.92
0.015294 870.92
0.015299 870.92
0.015305 870.92
0.015311 870.92
0.015316 870.92
0.015322 870.92
0.015328 870.92
0.015333 870.92
0.015339 870.92
0.015345 870.92
0.01535 870.92
0.015356 870.92
0.015362 870.92
0.015367 870.92
0.015373 870.92
0.015378 870.92
0.015384 870.92
0.01539 870.92
0.015395 870.92
0.015401 870.92
0.015407 870.92
0.015412 870.92
0.015418 870.92
0.015424 870.92
0.015429 870.92
0.015435 870.92
0.015441 870.92
0.015446 870.92
0.015452 870.92
0.015458 870.92
0.015463 870.92
0.015469 870.92
0.015475 870.92
0.01548 870.92
0.015486 870.92
0.015492 870.92
0.015497 870.92
0.015503 870.92
0.015508 870.92
0.015514 870.92
0.01552 870.92
0.015525 870.92
0.015531 870.92
0.015537 870.92
0.015542 870.92
0.015548 870.92
0.015554 870.92
0.015559 870.92
0.015565 870.92
0.015571 870.92
0.015576 870.92
0.015582 870.92
0.015588 870.92
0.015593 870.92
0.015599 870.92
0.015605 870.92
0.01561 870.92
0.015616 870.92
0.015622 870.92
0.015627 870.92
0.015633 870.92
0.015639 870.92
0.015644 870.92
0.01565 870.92
0.015655 870.92
0.015661 870.92
0.015667 870.92
0.015672 870.92
0.015678 870.92
0.015684 870.92
0.015689 870.92
0.015695 870.92
0.015701 870.92
0.015706 870.92
0.015712 870.92
0.015718 870.92
0.015723 870.92
0.015729 870.92
0.015735 870.92
0.01574 870.92
0.015746 870.92
0.015752 870.92
0.015757 870.92
0.015763 870.92
0.015769 870.92
0.015774 870.92
0.01578 870.92
0.015786 870.92
0.015791 870.92
0.015797 870.92
0.015803 870.92
0.015808 870.92
0.015814 870.92
0.015819 870.92
0.015825 870.92
0.015831 870.92
0.015836 870.92
0.015842 870.92
0.015848 870.92
0.015853 870.92
0.015859 870.92
0.015865 870.92
0.01587 870.92
0.015876 870.92
0.015882 870.92
0.015887 870.92
0.015893 870.92
0.015899 870.92
0.015904 870.92
0.01591 870.92
0.015916 870.92
0.015921 870.92
0.015927 870.92
0.015933 870.92
0.015938 870.92
0.015944 870.92
0.015949 870.92
0.015955 870.92
0.015961 870.92
0.015966 870.92
0.015972 870.92
0.015978 870.92
0.015983 870.92
0.015989 870.92
0.015995 870.92
0.016 870.92
0.016006 870.92
0.016012 870.92
0.016017 870.92
0.016023 870.92
0.016029 870.92
0.016034 870.92
0.01604 870.92
0.016046 870.92
0.016051 870.92
0.016057 870.92
0.016063 870.92
0.016068 870.92
0.016074 870.92
0.01608 870.92
0.016085 870.92
0.016091 870.92
0.016096 870.92
0.016102 870.92
0.016108 870.92
0.016113 870.92
0.016119 870.92
0.016125 870.92
0.01613 870.92
0.016136 870.92
0.016142 870.92
0.016147 870.92
0.016153 870.92
0.016159 870.92
0.016164 870.92
0.01617 870.92
0.016176 870.92
0.016181 870.92
0.016187 870.92
0.016193 870.92
0.016198 870.92
0.016204 870.92
0.01621 870.92
0.016215 870.92
0.016221 870.92
0.016227 870.92
0.016232 870.92
0.016238 870.92
0.016244 870.92
0.016249 870.92
0.016255 870.92
0.01626 870.92
0.016266 870.92
0.016272 870.92
0.016277 870.92
0.016283 870.92
0.016289 870.92
0.016294 870.92
0.0163 870.92
0.016306 870.92
0.016311 870.92
0.016317 870.92
0.016323 870.92
0.016328 870.92
0.016334 870.92
0.01634 870.92
0.016345 870.92
0.016351 870.92
0.016357 870.92
0.016362 870.92
0.016368 870.92
0.016374 870.92
0.016379 870.92
0.016385 870.92
0.01639 870.92
0.016396 870.92
0.016402 870.92
0.016407 870.92
0.016413 870.92
0.016419 870.92
0.016424 870.92
0.01643 870.92
0.016436 870.92
0.016441 870.92
0.016447 870.92
0.016453 870.92
0.016458 870.92
0.016464 870.92
0.01647 870.92
0.016475 870.92
0.016481 870.92
0.016487 870.92
0.016492 870.92
0.016498 870.92
0.016504 870.92
0.016509 870.92
0.016515 870.92
0.016521 870.92
0.016526 870.92
0.016532 870.92
0.016538 870.92
0.016543 870.92
0.016549 870.92
0.016554 870.92
0.01656 870.92
0.016566 870.92
0.016571 870.92
0.016577 870.92
0.016583 870.92
0.016588 870.92
0.016594 870.92
0.0166 870.92
0.016605 870.92
0.016611 870.92
0.016617 870.92
0.016622 870.92
0.016628 870.92
0.016634 870.92
0.016639 870.92
0.016645 870.92
0.016651 870.92
0.016656 870.92
0.016662 870.92
0.016668 870.92
0.016673 870.92
0.016679 870.92
0.016684 870.92
0.01669 870.92
0.016696 870.92
0.016701 870.92
0.016707 870.92
0.016713 870.92
0.016718 870.92
0.016724 870.92
0.01673 870.92
0.016735 870.92
0.016741 870.92
0.016747 870.92
0.016752 870.92
0.016758 870.92
0.016764 870.92
0.016769 870.92
0.016775 870.92
0.016781 870.92
0.016786 870.92
0.016792 870.92
0.016798 870.92
0.016803 870.92
0.016809 870.92
0.016815 870.92
0.01682 870.92
0.016826 870.92
0.016831 870.92
0.016837 870.92
0.016843 870.92
0.016848 870.92
0.016854 870.92
0.01686 870.92
0.016865 870.92
0.016871 870.92
0.016877 870.92
0.016882 870.92
0.016888 870.92
0.016894 870.92
0.016899 870.92
0.016905 870.92
0.016911 870.92
0.016916 870.92
0.016922 870.92
0.016928 870.92
0.016933 870.92
0.016939 870.92
0.016945 870.92
0.01695 870.92
0.016956 870.92
0.016962 870.92
0.016967 870.92
0.016973 870.92
0.016979 870.92
0.016984 870.92
0.01699 870.92
0.016995 870.92
0.017001 870.92
0.017007 870.92
0.017012 870.92
0.017018 870.92
0.017024 870.92
0.017029 870.92
0.017035 870.92
0.017041 870.92
0.017046 870.92
0.017052 870.92
0.017058 870.92
0.017063 870.92
0.017069 870.92
0.017075 870.92
0.01708 870.92
0.017086 870.92
0.017092 870.92
0.017097 870.92
0.017103 870.92
0.017109 870.92
0.017114 870.92
0.01712 870.92
0.017125 870.92
0.017131 870.92
0.017137 870.92
0.017142 870.92
0.017148 870.92
0.017154 870.92
0.017159 870.92
0.017165 870.92
0.017171 870.92
0.017176 870.92
0.017182 870.92
0.017188 870.92
0.017193 870.92
0.017199 870.92
0.017205 870.92
0.01721 870.92
0.017216 870.92
0.017222 870.92
0.017227 870.92
0.017233 870.92
0.017239 870.92
0.017244 870.92
0.01725 870.92
0.017256 870.92
0.017261 870.92
0.017267 870.92
0.017272 870.92
0.017278 870.92
0.017284 870.92
0.017289 870.92
0.017295 870.92
0.017301 870.92
0.017306 870.92
0.017312 870.92
0.017318 870.92
0.017323 870.92
0.017329 870.92
0.017335 870.92
0.01734 870.92
0.017346 870.92
0.017352 870.92
0.017357 870.92
0.017363 870.92
0.017369 870.92
0.017374 870.92
0.01738 870.92
0.017386 870.92
0.017391 870.92
0.017397 870.92
0.017403 870.92
0.017408 870.92
0.017414 870.92
0.01742 870.92
0.017425 870.92
0.017431 870.92
0.017436 870.92
0.017442 870.92
0.017448 870.92
0.017453 870.92
0.017459 870.92
0.017465 870.92
0.01747 870.92
0.017476 870.92
0.017482 870.92
0.017487 870.92
0.017493 870.92
0.017499 870.92
0.017504 870.92
0.01751 870.92
0.017516 870.92
0.017521 870.92
0.017527 870.92
0.017533 870.92
0.017538 870.92
0.017544 870.92
0.01755 870.92
0.017555 870.92
0.017561 870.92
0.017567 870.92
0.017572 870.92
0.017578 870.92
0.017583 870.92
0.017589 870.92
0.017595 870.92
0.0176 870.92
0.017606 870.92
0.017612 870.92
0.017617 870.92
0.017623 870.92
0.017629 870.92
0.017634 870.92
0.01764 870.92
0.017646 870.92
0.017651 870.92
0.017657 870.92
0.017663 870.92
0.017668 870.92
0.017674 870.92
0.01768 870.92
0.017685 870.92
0.017691 870.92
0.017697 870.92
0.017702 870.92
0.017708 870.92
0.017714 870.92
0.017719 870.92
0.017725 870.92
0.01773 870.92
0.017736 870.92
0.017742 870.92
0.017747 870.92
0.017753 870.92
0.017759 870.92
0.017764 870.92
0.01777 870.92
0.017776 870.92
0.017781 870.92
0.017787 870.92
0.017793 870.92
0.017798 870.92
0.017804 870.92
0.01781 870.92
0.017815 870.92
0.017821 870.92
0.017827 870.92
0.017832 870.92
0.017838 870.92
0.017844 870.92
0.017849 870.92
0.017855 870.92
0.01786 870.92
0.017866 870.92
0.017872 870.92
0.017877 870.92
0.017883 870.92
0.017889 870.92
0.017894 870.92
0.0179 870.92
0.017906 870.92
0.017911 870.92
0.017917 870.92
0.017923 870.92
0.017928 870.92
0.017934 870.92
0.01794 870.92
0.017945 870.92
0.017951 870.92
0.017957 870.92
0.017962 870.92
0.017968 870.92
0.017974 870.92
0.017979 870.92
0.017985 870.92
0.017991 870.92
0.017996 870.92
0.018002 870.92
0.018008 870.92
0.018013 870.92
0.018019 870.92
0.018024 870.92
0.01803 870.92
0.018036 870.92
0.018041 870.92
0.018047 870.92
0.018053 870.92
0.018058 870.92
0.018064 870.92
0.01807 870.92
0.018075 870.92
0.018081 870.92
0.018087 870.92
0.018092 870.92
0.018098 870.92
0.018104 870.92
0.018109 870.92
0.018115 870.92
0.018121 870.92
0.018126 870.92
0.018132 870.92
0.018138 870.92
0.018143 870.92
0.018149 870.92
0.018154 870.92
0.01816 870.92
0.018166 870.92
0.018171 870.92
0.018177 870.92
0.018183 870.92
0.018188 870.92
0.018194 870.92
0.0182 870.92
0.018205 870.92
0.018211 870.92
0.018217 870.92
0.018222 870.92
0.018228 870.92
0.018234 870.92
0.018239 870.92
0.018245 870.92
0.018251 870.92
0.018256 870.92
0.018262 870.92
0.018268 870.92
0.018273 870.92
0.018279 870.92
0.018285 870.92
0.01829 870.92
0.018296 870.92
0.018302 870.92
0.018307 870.92
0.018313 870.92
0.018318 870.92
0.018324 870.92
0.01833 870.92
0.018335 870.92
0.018341 870.92
0.018347 870.92
0.018352 870.92
0.018358 870.92
0.018364 870.92
0.018369 870.92
0.018375 870.92
0.018381 870.92
0.018386 870.92
0.018392 870.92
0.018398 870.92
0.018403 870.92
0.018409 870.92
0.018415 870.92
0.01842 870.92
0.018426 870.92
0.018432 870.92
0.018437 870.92
0.018443 870.92
0.018448 870.92
0.018454 870.92
0.01846 870.92
0.018465 870.92
0.018471 870.92
0.018477 870.92
0.018482 870.92
0.018488 870.92
0.018494 870.92
0.018499 870.92
0.018505 870.92
0.018511 870.92
0.018516 870.92
0.018522 870.92
0.018528 870.92
0.018533 870.92
0.018539 870.92
0.018545 870.92
0.01855 870.92
0.018556 870.92
0.018562 870.92
0.018567 870.92
0.018573 870.92
0.018579 870.92
0.018584 870.92
0.01859 870.92
0.018596 870.92
0.018601 870.92
0.018607 870.92
0.018612 870.92
0.018618 870.92
0.018624 870.92
0.018629 870.92
0.018635 870.92
0.018641 870.92
0.018646 870.92
0.018652 870.92
0.018658 870.92
0.018663 870.92
0.018669 870.92
0.018675 870.92
0.01868 870.92
0.018686 870.92
0.018692 870.92
0.018697 870.92
0.018703 870.92
0.018709 870.92
0.018714 870.92
0.01872 870.92
0.018726 870.92
0.018731 870.92
0.018737 870.92
0.018743 870.92
0.018748 870.92
0.018754 870.92
0.018759 870.92
0.018765 870.92
0.018771 870.92
0.018776 870.92
0.018782 870.92
0.018788 870.92
0.018793 870.92
0.018799 870.92
0.018805 870.92
0.01881 870.92
0.018816 870.92
0.018822 870.92
0.018827 870.92
0.018833 870.92
0.018839 870.92
0.018844 870.92
0.01885 870.92
0.018856 870.92
0.018861 870.92
0.018867 870.92
0.018873 870.92
0.018878 870.92
0.018884 870.92
0.01889 870.92
0.018895 870.92
0.018901 870.92
0.018906 870.92
0.018912 870.92
0.018918 870.92
0.018923 870.92
0.018929 870.92
0.018935 870.92
0.01894 870.92
0.018946 870.92
0.018952 870.92
0.018957 870.92
0.018963 870.92
0.018969 870.92
0.018974 870.92
0.01898 870.92
0.018986 870.92
0.018991 870.92
0.018997 870.92
0.019003 870.92
0.019008 870.92
0.019014 870.92
0.01902 870.92
0.019025 870.92
0.019031 870.92
0.019037 870.92
0.019042 870.92
0.019048 870.92
0.019053 870.92
0.019059 870.92
0.019065 870.92
0.01907 870.92
0.019076 870.92
0.019082 870.92
0.019087 870.92
0.019093 870.92
0.019099 870.92
0.019104 870.92
0.01911 870.92
0.019116 870.92
0.019121 870.92
0.019127 870.92
0.019133 870.92
0.019138 870.92
0.019144 870.92
0.01915 870.92
0.019155 870.92
0.019161 870.92
0.019167 870.92
0.019172 870.92
0.019178 870.92
0.019183 870.92
0.019189 870.92
0.019195 870.92
0.0192 870.92
0.019206 870.92
0.019212 870.92
0.019217 870.92
0.019223 870.92
0.019229 870.92
0.019234 870.92
0.01924 870.92
0.019246 870.92
0.019251 870.92
0.019257 870.92
0.019263 870.92
0.019268 870.92
0.019274 870.92
0.01928 870.92
0.019285 870.92
0.019291 870.92
0.019297 870.92
0.019302 870.92
0.019308 870.92
0.019314 870.92
0.019319 870.92
0.019325 870.92
0.019331 870.92
0.019336 870.92
0.019342 870.92
0.019347 870.92
0.019353 870.92
0.019359 870.92
0.019364 870.92
0.01937 870.92
0.019376 870.92
0.019381 870.92
0.019387 870.92
0.019393 870.92
0.019398 870.92
0.019404 870.92
0.01941 870.92
0.019415 870.92
0.019421 870.92
0.019427 870.92
0.019432 870.92
0.019438 870.92
0.019444 870.92
0.019449 870.92
0.019455 870.92
0.019461 870.92
0.019466 870.92
0.019472 870.92
0.019478 870.92
0.019483 870.92
0.019489 870.92
0.019494 870.92
0.0195 870.92
0.019506 870.92
0.019511 870.92
0.019517 870.92
0.019523 870.92
0.019528 870.92
0.019534 870.92
0.01954 870.92
0.019545 870.92
0.019551 870.92
0.019557 870.92
0.019562 870.92
0.019568 870.92
0.019574 870.92
0.019579 870.92
0.019585 870.92
0.019591 870.92
0.019596 870.92
0.019602 870.92
0.019608 870.92
0.019613 870.92
0.019619 870.92
0.019624 870.92
0.01963 870.92
0.019636 870.92
0.019641 870.92
0.019647 870.92
0.019653 870.92
0.019658 870.92
0.019664 870.92
0.01967 870.92
0.019675 870.92
0.019681 870.92
0.019687 870.92
0.019692 870.92
0.019698 870.92
0.019704 870.92
0.019709 870.92
0.019715 870.92
0.019721 870.92
0.019726 870.92
0.019732 870.92
0.019738 870.92
0.019743 870.92
0.019749 870.92
0.019755 870.92
0.01976 870.92
0.019766 870.92
0.019772 870.92
0.019777 870.92
0.019783 870.92
0.019788 870.92
1 870.92
