5.6538e-06 2876
1.1308e-05 2876
1.6962e-05 2876
2.2615e-05 2876
2.8269e-05 2876
3.3923e-05 2876.1
3.9577e-05 2876.1
4.5231e-05 2876.1
5.0885e-05 2876.1
5.6538e-05 2876.1
6.2192e-05 2876.1
6.7846e-05 2876.1
7.35e-05 2876.1
7.9154e-05 2876.2
8.4808e-05 2876.2
9.0462e-05 2876.3
9.6115e-05 2876.5
0.00010177 2876.7
0.00010742 2877
0.00011308 2877.4
0.00011873 2877.9
0.00012438 2878.7
0.00013004 2879.7
0.00013569 2881.1
0.00014135 2883
0.000147 2885.5
0.00015265 2888.8
0.00015831 2893
0.00016396 2898.5
0.00016962 2905.4
0.00017527 2914.2
0.00018092 2925.1
0.00018658 2938.7
0.00019223 2955.3
0.00019788 2975.5
0.00020354 2999.8
0.00020919 3028.9
0.00021485 3063.3
0.0002205 3103.6
0.00022615 3150.6
0.00023181 3204.9
0.00023746 3267.1
0.00024312 3337.8
0.00024877 3417.4
0.00025442 3506.4
0.00026008 3605.1
0.00026573 3713.5
0.00027138 3831.7
0.00027704 3959.3
0.00028269 4095.9
0.00028835 4240.5
0.000294 4392.2
0.00029965 4549.6
0.00030531 4710.9
0.00031096 4874.4
0.00031662 5038
0.00032227 5199.3
0.00032792 5356.2
0.00033358 5506.5
0.00033923 5647.9
0.00034488 5778.7
0.00035054 5897
0.00035619 6001.8
0.00036185 6091.9
0.0003675 6167
0.00037315 6226.8
0.00037881 6271.5
0.00038446 6301.7
0.00039012 6318
0.00039577 6321.5
0.00040142 6313.2
0.00040708 6294.3
0.00041273 6266
0.00041838 6229.5
0.00042404 6185.9
0.00042969 6136.3
0.00043535 6081.5
0.000441 6022.6
0.00044665 5960.3
0.00045231 5895.2
0.00045796 5828
0.00046362 5759.1
0.00046927 5689
0.00047492 5618.1
0.00048058 5546.7
0.00048623 5475
0.00049188 5403.2
0.00049754 5331.7
0.00050319 5260.5
0.00050885 5189.7
0.0005145 5119.6
0.00052015 5050.2
0.00052581 4981.7
0.00053146 4914
0.00053712 4847.3
0.00054277 4781.7
0.00054842 4717.2
0.00055408 4653.9
0.00055973 4591.7
0.00056538 4530.9
0.00057104 4471.3
0.00057669 4413
0.00058235 4356
0.000588 4300.5
0.00059365 4246.2
0.00059931 4193.4
0.00060496 4141.9
0.00061062 4091.9
0.00061627 4043.2
0.00062192 3995.9
0.00062758 3950
0.00063323 3905.5
0.00063888 3862.3
0.00064454 3820.5
0.00065019 3780
0.00065585 3740.8
0.0006615 3702.9
0.00066715 3666.3
0.00067281 3631
0.00067846 3596.8
0.00068412 3563.9
0.00068977 3532.2
0.00069542 3501.6
0.00070108 3472.2
0.00070673 3443.9
0.00071238 3416.6
0.00071804 3390.4
0.00072369 3365.3
0.00072935 3341.1
0.000735 3318
0.00074065 3295.7
0.00074631 3274.4
0.00075196 3254
0.00075762 3234.5
0.00076327 3215.7
0.00076892 3197.9
0.00077458 3180.7
0.00078023 3164.4
0.00078588 3148.8
0.00079154 3133.9
0.00079719 3119.7
0.00080285 3106.1
0.0008085 3093.2
0.00081415 3080.9
0.00081981 3069.2
0.00082546 3058.1
0.00083112 3047.5
0.00083677 3037.5
0.00084242 3027.9
0.00084808 3018.9
0.00085373 3010.3
0.00085938 3002.2
0.00086504 2994.4
0.00087069 2987.1
0.00087635 2980.2
0.000882 2973.7
0.00088765 2967.5
0.00089331 2961.7
0.00089896 2956.2
0.00090462 2951
0.00091027 2946.1
0.00091592 2941.5
0.00092158 2937.1
0.00092723 2933
0.00093288 2929.2
0.00093854 2925.6
0.00094419 2922.2
0.00094985 2919
0.0009555 2916
0.00096115 2913.2
0.00096681 2910.5
0.00097246 2908.1
0.00097812 2905.8
0.00098377 2903.6
0.00098942 2901.6
0.00099508 2899.7
0.0010007 2898
0.0010064 2896.3
0.001012 2894.8
0.0010177 2893.4
0.0010233 2892.1
0.001029 2890.8
0.0010347 2889.7
0.0010403 2888.6
0.001046 2887.6
0.0010516 2886.7
0.0010573 2885.9
0.0010629 2885.1
0.0010686 2884.3
0.0010742 2883.7
0.0010799 2883
0.0010855 2882.5
0.0010912 2881.9
0.0010968 2881.4
0.0011025 2881
0.0011082 2880.6
0.0011138 2880.2
0.0011195 2879.8
0.0011251 2879.5
0.0011308 2879.2
0.0011364 2878.9
0.0011421 2878.7
0.0011477 2878.4
0.0011534 2878.2
0.001159 2878
0.0011647 2877.9
0.0011703 2877.7
0.001176 2877.5
0.0011817 2877.4
0.0011873 2877.3
0.001193 2877.2
0.0011986 2877.1
0.0012043 2877
0.0012099 2876.9
0.0012156 2876.8
0.0012212 2876.7
0.0012269 2876.7
0.0012325 2876.6
0.0012382 2876.5
0.0012438 2876.5
0.0012495 2876.5
0.0012552 2876.4
0.0012608 2876.4
0.0012665 2876.3
0.0012721 2876.3
0.0012778 2876.3
0.0012834 2876.3
0.0012891 2876.2
0.0012947 2876.2
0.0013004 2876.2
0.001306 2876.2
0.0013117 2876.2
0.0013173 2876.2
0.001323 2876.1
0.0013287 2876.1
0.0013343 2876.1
0.00134 2876.1
0.0013456 2876.1
0.0013513 2876.1
0.0013569 2876.1
0.0013626 2876.1
0.0013682 2876.1
0.0013739 2876.1
0.0013795 2876.1
0.0013852 2876.1
0.0013908 2876.1
0.0013965 2876.1
0.0014022 2876.1
0.0014078 2876.1
0.0014135 2876.1
0.0014191 2876.1
0.0014248 2876.1
0.0014304 2876.1
0.0014361 2876.1
0.0014417 2876.1
0.0014474 2876.1
0.001453 2876.1
0.0014587 2876.1
0.0014643 2876.1
0.00147 2876.1
0.0014757 2876.1
0.0014813 2876.1
0.001487 2876.1
0.0014926 2876.1
0.0014983 2876
0.0015039 2876
0.0015096 2876
0.0015152 2876
0.0015209 2876
0.0015265 2876
0.0015322 2876
0.0015378 2876
0.0015435 2876
0.0015492 2876
0.0015548 2876
0.0015605 2876
0.0015661 2876
0.0015718 2876
0.0015774 2876
0.0015831 2876
0.0015887 2876
0.0015944 2876
0.0016 2876
0.0016057 2876
0.0016113 2876
0.001617 2876
0.0016227 2876
0.0016283 2876
0.001634 2876
0.0016396 2876
0.0016453 2876
0.0016509 2876
0.0016566 2876
0.0016622 2876
0.0016679 2876
0.0016735 2876
0.0016792 2876
0.0016848 2876
0.0016905 2876
0.0016962 2876
0.0017018 2876
0.0017075 2876
0.0017131 2876
0.0017188 2876
0.0017244 2876
0.0017301 2876
0.0017357 2876
0.0017414 2876
0.001747 2876
0.0017527 2876
0.0017583 2876
0.001764 2876
0.0017697 2876
0.0017753 2876
0.001781 2876
0.0017866 2876
0.0017923 2876
0.0017979 2876
0.0018036 2876
0.0018092 2876
0.0018149 2876
0.0018205 2876
0.0018262 2876
0.0018318 2876
0.0018375 2876
0.0018432 2876
0.0018488 2876
0.0018545 2876
0.0018601 2876
0.0018658 2876
0.0018714 2876
0.0018771 2876
0.0018827 2876
0.0018884 2876
0.001894 2876
0.0018997 2876
0.0019053 2876
0.001911 2876
0.0019167 2876
0.0019223 2876
0.001928 2876
0.0019336 2876
0.0019393 2876
0.0019449 2876
0.0019506 2876
0.0019562 2876
0.0019619 2876
0.0019675 2876
0.0019732 2876
0.0019788 2876
0.0019845 2876
0.0019902 2876
0.0019958 2876
0.0020015 2876
0.0020071 2876
0.0020128 2876
0.0020184 2876
0.0020241 2876
0.0020297 2876
0.0020354 2876
0.002041 2876
0.0020467 2876
0.0020523 2876
0.002058 2876
0.0020637 2876
0.0020693 2876
0.002075 2876
0.0020806 2876
0.0020863 2876
0.0020919 2876
0.0020976 2876
0.0021032 2876
0.0021089 2876
0.0021145 2876
0.0021202 2876
0.0021258 2876
0.0021315 2876
0.0021372 2876
0.0021428 2876
0.0021485 2876
0.0021541 2876
0.0021598 2876
0.0021654 2876
0.0021711 2876
0.0021767 2876
0.0021824 2876
0.002188 2876
0.0021937 2876
0.0021993 2876
0.002205 2876
0.0022107 2876
0.0022163 2876
0.002222 2876
0.0022276 2876
0.0022333 2876
0.0022389 2876
0.0022446 2876
0.0022502 2876
0.0022559 2876
0.0022615 2876
0.0022672 2876
0.0022728 2876
0.0022785 2876
0.0022842 2876
0.0022898 2876
0.0022955 2876
0.0023011 2876
0.0023068 2876
0.0023124 2876
0.0023181 2876
0.0023237 2876
0.0023294 2876
0.002335 2876
0.0023407 2876
0.0023463 2876
0.002352 2876
0.0023577 2876
0.0023633 2876
0.002369 2876
0.0023746 2876
0.0023803 2876
0.0023859 2876
0.0023916 2876
0.0023972 2876
0.0024029 2876
0.0024085 2876
0.0024142 2876
0.0024198 2876
0.0024255 2876
0.0024312 2876
0.0024368 2876
0.0024425 2876
0.0024481 2876
0.0024538 2876
0.0024594 2876
0.0024651 2876
0.0024707 2876
0.0024764 2876
0.002482 2876
0.0024877 2876
0.0024933 2876
0.002499 2876
0.0025047 2876
0.0025103 2876
0.002516 2876
0.0025216 2876
0.0025273 2876
0.0025329 2876
0.0025386 2876
0.0025442 2876
0.0025499 2876
0.0025555 2876
0.0025612 2876
0.0025668 2876
0.0025725 2876
0.0025782 2876
0.0025838 2876
0.0025895 2876
0.0025951 2876
0.0026008 2876
0.0026064 2876
0.0026121 2876
0.0026177 2876
0.0026234 2876
0.002629 2876
0.0026347 2876
0.0026403 2876
0.002646 2876
0.0026517 2876
0.0026573 2876
0.002663 2876
0.0026686 2876
0.0026743 2876
0.0026799 2876
0.0026856 2876
0.0026912 2876
0.0026969 2876
0.0027025 2876
0.0027082 2876
0.0027138 2876
0.0027195 2876
0.0027252 2876
0.0027308 2876
0.0027365 2876
0.0027421 2876
0.0027478 2876
0.0027534 2876
0.0027591 2876
0.0027647 2876
0.0027704 2876
0.002776 2876
0.0027817 2876
0.0027873 2876
0.002793 2876
0.0027987 2876
0.0028043 2876
0.00281 2876
0.0028156 2876
0.0028213 2876
0.0028269 2876
0.0028326 2876
0.0028382 2876
0.0028439 2876
0.0028495 2876
0.0028552 2876
0.0028608 2876
0.0028665 2876
0.0028722 2876
0.0028778 2876
0.0028835 2876
0.0028891 2876
0.0028948 2876
0.0029004 2876
0.0029061 2876
0.0029117 2876
0.0029174 2876
0.002923 2876
0.0029287 2876
0.0029343 2876
0.00294 2876
0.0029457 2876
0.0029513 2876
0.002957 2876
0.0029626 2876
0.0029683 2876
0.0029739 2876
0.0029796 2876
0.0029852 2876
0.0029909 2876
0.0029965 2876
0.0030022 2876
0.0030078 2876
0.0030135 2876
0.0030192 2876
0.0030248 2876
0.0030305 2876
0.0030361 2876
0.0030418 2876
0.0030474 2876
0.0030531 2876
0.0030587 2876
0.0030644 2876
0.00307 2876
0.0030757 2876
0.0030813 2876
0.003087 2876
0.0030927 2876
0.0030983 2876
0.003104 2876
0.0031096 2876
0.0031153 2876
0.0031209 2876
0.0031266 2876
0.0031322 2876
0.0031379 2876
0.0031435 2876
0.0031492 2876
0.0031548 2876
0.0031605 2876
0.0031662 2876
0.0031718 2876
0.0031775 2876
0.0031831 2876
0.0031888 2876
0.0031944 2876
0.0032001 2876
0.0032057 2876
0.0032114 2876
0.003217 2876
0.0032227 2876
0.0032283 2876
0.003234 2876
0.0032397 2876
0.0032453 2876
0.003251 2876
0.0032566 2876
0.0032623 2876
0.0032679 2876
0.0032736 2876
0.0032792 2876
0.0032849 2876
0.0032905 2876
0.0032962 2876
0.0033018 2876
0.0033075 2876
0.0033132 2876
0.0033188 2876
0.0033245 2876
0.0033301 2876
0.0033358 2876
0.0033414 2876
0.0033471 2876
0.0033527 2876
0.0033584 2876
0.003364 2876
0.0033697 2876
0.0033753 2876
0.003381 2876
0.0033867 2876
0.0033923 2876
0.003398 2876
0.0034036 2876
0.0034093 2876
0.0034149 2876
0.0034206 2876
0.0034262 2876
0.0034319 2876
0.0034375 2876
0.0034432 2876
0.0034488 2876
0.0034545 2876
0.0034602 2876
0.0034658 2876
0.0034715 2876
0.0034771 2876
0.0034828 2876
0.0034884 2876
0.0034941 2876
0.0034997 2876
0.0035054 2876
0.003511 2876
0.0035167 2876
0.0035223 2876
0.003528 2876
0.0035337 2876
0.0035393 2876
0.003545 2876
0.0035506 2876
0.0035563 2876
0.0035619 2876
0.0035676 2876
0.0035732 2876
0.0035789 2876
0.0035845 2876
0.0035902 2876
0.0035958 2876
0.0036015 2876
0.0036072 2876
0.0036128 2876
0.0036185 2876
0.0036241 2876
0.0036298 2876
0.0036354 2876
0.0036411 2876
0.0036467 2876
0.0036524 2876
0.003658 2876
0.0036637 2876
0.0036693 2876
0.003675 2876
0.0036807 2876
0.0036863 2876
0.003692 2876
0.0036976 2876
0.0037033 2876
0.0037089 2876
0.0037146 2876
0.0037202 2876
0.0037259 2876
0.0037315 2876
0.0037372 2876
0.0037428 2876
0.0037485 2876
0.0037542 2876
0.0037598 2876
0.0037655 2876
0.0037711 2876
0.0037768 2876
0.0037824 2876
0.0037881 2876
0.0037937 2876
0.0037994 2876
0.003805 2876
0.0038107 2876
0.0038163 2876
0.003822 2876
0.0038277 2876
0.0038333 2876
0.003839 2876
0.0038446 2876
0.0038503 2876
0.0038559 2876
0.0038616 2876
0.0038672 2876
0.0038729 2876
0.0038785 2876
0.0038842 2876
0.0038898 2876
0.0038955 2876
0.0039012 2876
0.0039068 2876
0.0039125 2876
0.0039181 2876
0.0039238 2876
0.0039294 2876
0.0039351 2876
0.0039407 2876
0.0039464 2876
0.003952 2876
0.0039577 2876
0.0039633 2876
0.003969 2876
0.0039747 2876
0.0039803 2876
0.003986 2876
0.0039916 2876
0.0039973 2876
0.0040029 2876
0.0040086 2876
0.0040142 2876
0.0040199 2876
0.0040255 2876
0.0040312 2876
0.0040368 2876
0.0040425 2876
0.0040482 2876
0.0040538 2876
0.0040595 2876
0.0040651 2876
0.0040708 2876
0.0040764 2876
0.0040821 2876
0.0040877 2876
0.0040934 2876
0.004099 2876
0.0041047 2876
0.0041103 2876
0.004116 2876
0.0041217 2876
0.0041273 2876
0.004133 2876
0.0041386 2876
0.0041443 2876
0.0041499 2876
0.0041556 2876
0.0041612 2876
0.0041669 2876
0.0041725 2876
0.0041782 2876
0.0041838 2876
0.0041895 2876
0.0041952 2876
0.0042008 2876
0.0042065 2876
0.0042121 2876
0.0042178 2876
0.0042234 2876
0.0042291 2876
0.0042347 2876
0.0042404 2876
0.004246 2876
0.0042517 2876
0.0042573 2876
0.004263 2876
0.0042687 2876
0.0042743 2876
0.00428 2876
0.0042856 2876
0.0042913 2876
0.0042969 2876
0.0043026 2876
0.0043082 2876
0.0043139 2876
0.0043195 2876
0.0043252 2876
0.0043308 2876
0.0043365 2876
0.0043422 2876
0.0043478 2876
0.0043535 2876
0.0043591 2876
0.0043648 2876
0.0043704 2876
0.0043761 2876
0.0043817 2876
0.0043874 2876
0.004393 2876
0.0043987 2876
0.0044043 2876
0.00441 2876
0.0044157 2876
0.0044213 2876
0.004427 2876
0.0044326 2876
0.0044383 2876
0.0044439 2876
0.0044496 2876
0.0044552 2876
0.0044609 2876
0.0044665 2876
0.0044722 2876
0.0044778 2876
0.0044835 2876
0.0044892 2876
0.0044948 2876
0.0045005 2876
0.0045061 2876
0.0045118 2876
0.0045174 2876
0.0045231 2876
0.0045287 2876
0.0045344 2876
0.00454 2876
0.0045457 2876
0.0045513 2876
0.004557 2876
0.0045627 2876
0.0045683 2876
0.004574 2876
0.0045796 2876
0.0045853 2876
0.0045909 2876
0.0045966 2876
0.0046022 2876
0.0046079 2876
0.0046135 2876
0.0046192 2876
0.0046248 2876
0.0046305 2876
0.0046362 2876
0.0046418 2876
0.0046475 2876
0.0046531 2876
0.0046588 2876
0.0046644 2876
0.0046701 2876
0.0046757 2876
0.0046814 2876
0.004687 2876
0.0046927 2876
0.0046983 2876
0.004704 2876
0.0047097 2876
0.0047153 2876
0.004721 2876
0.0047266 2876
0.0047323 2876
0.0047379 2876
0.0047436 2876
0.0047492 2876
0.0047549 2876
0.0047605 2876
0.0047662 2876
0.0047718 2876
0.0047775 2876
0.0047832 2876
0.0047888 2876
0.0047945 2876
0.0048001 2876
0.0048058 2876
0.0048114 2876
0.0048171 2876
0.0048227 2876
0.0048284 2876
0.004834 2876
0.0048397 2876
0.0048453 2876
0.004851 2876
0.0048567 2876
0.0048623 2876
0.004868 2876
0.0048736 2876
0.0048793 2876
0.0048849 2876
0.0048906 2876
0.0048962 2876
0.0049019 2876
0.0049075 2876
0.0049132 2876
0.0049188 2876
0.0049245 2876
0.0049302 2876
0.0049358 2876
0.0049415 2876
0.0049471 2876
0.0049528 2876
0.0049584 2876
0.0049641 2876
0.0049697 2876
0.0049754 2876
0.004981 2876
0.0049867 2876
0.0049923 2876
0.004998 2876
0.0050037 2876
0.0050093 2876
0.005015 2876
0.0050206 2876
0.0050263 2876
0.0050319 2876
0.0050376 2876
0.0050432 2876
0.0050489 2876
0.0050545 2876
0.0050602 2876
0.0050658 2876
0.0050715 2876
0.0050772 2876
0.0050828 2876
0.0050885 2876
0.0050941 2876
0.0050998 2876
0.0051054 2876
0.0051111 2876
0.0051167 2876
0.0051224 2876
0.005128 2876
0.0051337 2876
0.0051393 2876
0.005145 2876
0.0051507 2876
0.0051563 2876
0.005162 2876
0.0051676 2876
0.0051733 2876
0.0051789 2876
0.0051846 2876
0.0051902 2876
0.0051959 2876
0.0052015 2876
0.0052072 2876
0.0052128 2876
0.0052185 2876
0.0052242 2876
0.0052298 2876
0.0052355 2876
0.0052411 2876
0.0052468 2876
0.0052524 2876
0.0052581 2876
0.0052637 2876
0.0052694 2876
0.005275 2876
0.0052807 2876
0.0052863 2876
0.005292 2876
0.0052977 2876
0.0053033 2876
0.005309 2876
0.0053146 2876
0.0053203 2876
0.0053259 2876
0.0053316 2876
0.0053372 2876
0.0053429 2876
0.0053485 2876
0.0053542 2876
0.0053598 2876
0.0053655 2876
0.0053712 2876
0.0053768 2876
0.0053825 2876
0.0053881 2876
0.0053938 2876
0.0053994 2876
0.0054051 2876
0.0054107 2876
0.0054164 2876
0.005422 2876
0.0054277 2876
0.0054333 2876
0.005439 2876
0.0054447 2876
0.0054503 2876
0.005456 2876
0.0054616 2876
0.0054673 2876
0.0054729 2876
0.0054786 2876
0.0054842 2876
0.0054899 2876
0.0054955 2876
0.0055012 2876
0.0055068 2876
0.0055125 2876
0.0055182 2876
0.0055238 2876
0.0055295 2876
0.0055351 2876
0.0055408 2876
0.0055464 2876
0.0055521 2876
0.0055577 2876
0.0055634 2876
0.005569 2876
0.0055747 2876
0.0055803 2876
0.005586 2876
0.0055917 2876
0.0055973 2876
0.005603 2876
0.0056086 2876
0.0056143 2876
0.0056199 2876
0.0056256 2876
0.0056312 2876
0.0056369 2876
0.0056425 2876
0.0056482 2876
0.0056538 2876
0.0056595 2876
0.0056652 2876
0.0056708 2876
0.0056765 2876
0.0056821 2876
0.0056878 2876
0.0056934 2876
0.0056991 2876
0.0057047 2876
0.0057104 2876
0.005716 2876
0.0057217 2876
0.0057273 2876
0.005733 2876
0.0057387 2876
0.0057443 2876
0.00575 2876
0.0057556 2876
0.0057613 2876
0.0057669 2876
0.0057726 2876
0.0057782 2876
0.0057839 2876
0.0057895 2876
0.0057952 2876
0.0058008 2876
0.0058065 2876
0.0058122 2876
0.0058178 2876
0.0058235 2876
0.0058291 2876
0.0058348 2876
0.0058404 2876
0.0058461 2876
0.0058517 2876
0.0058574 2876
0.005863 2876
0.0058687 2876
0.0058743 2876
0.00588 2876
0.0058857 2876
0.0058913 2876
0.005897 2876
0.0059026 2876
0.0059083 2876
0.0059139 2876
0.0059196 2876
0.0059252 2876
0.0059309 2876
0.0059365 2876
0.0059422 2876
0.0059478 2876
0.0059535 2876
0.0059592 2876
0.0059648 2876
0.0059705 2876
0.0059761 2876
0.0059818 2876
0.0059874 2876
0.0059931 2876
0.0059987 2876
0.0060044 2876
0.00601 2876
0.0060157 2876
0.0060213 2876
0.006027 2876
0.0060327 2876
0.0060383 2876
0.006044 2876
0.0060496 2876
0.0060553 2876
0.0060609 2876
0.0060666 2876
0.0060722 2876
0.0060779 2876
0.0060835 2876
0.0060892 2876
0.0060948 2876
0.0061005 2876
0.0061062 2876
0.0061118 2876
0.0061175 2876
0.0061231 2876
0.0061288 2876
0.0061344 2876
0.0061401 2876
0.0061457 2876
0.0061514 2876
0.006157 2876
0.0061627 2876
0.0061683 2876
0.006174 2876
0.0061797 2876
0.0061853 2876
0.006191 2876
0.0061966 2876
0.0062023 2876
0.0062079 2876
0.0062136 2876
0.0062192 2876
0.0062249 2876
0.0062305 2876
0.0062362 2876
0.0062418 2876
0.0062475 2876
0.0062532 2876
0.0062588 2876
0.0062645 2876
0.0062701 2876
0.0062758 2876
0.0062814 2876
0.0062871 2876
0.0062927 2876
0.0062984 2876
0.006304 2876
0.0063097 2876
0.0063153 2876
0.006321 2876
0.0063267 2876
0.0063323 2876
0.006338 2876
0.0063436 2876
0.0063493 2876
0.0063549 2876
0.0063606 2876
0.0063662 2876
0.0063719 2876
0.0063775 2876
0.0063832 2876
0.0063888 2876
0.0063945 2876
0.0064002 2876
0.0064058 2876
0.0064115 2876
0.0064171 2876
0.0064228 2876
0.0064284 2876
0.0064341 2876
0.0064397 2876
0.0064454 2876
0.006451 2876
0.0064567 2876
0.0064623 2876
0.006468 2876
0.0064737 2876
0.0064793 2876
0.006485 2876
0.0064906 2876
0.0064963 2876
0.0065019 2876
0.0065076 2876
0.0065132 2876
0.0065189 2876
0.0065245 2876
0.0065302 2876
0.0065358 2876
0.0065415 2876
0.0065472 2876
0.0065528 2876
0.0065585 2876
0.0065641 2876
0.0065698 2876
0.0065754 2876
0.0065811 2876
0.0065867 2876
0.0065924 2876
0.006598 2876
0.0066037 2876
0.0066093 2876
0.006615 2876
0.0066207 2876
0.0066263 2876
0.006632 2876
0.0066376 2876
0.0066433 2876
0.0066489 2876
0.0066546 2876
0.0066602 2876
0.0066659 2876
0.0066715 2876
0.0066772 2876
0.0066828 2876
0.0066885 2876
0.0066942 2876
0.0066998 2876
0.0067055 2876
0.0067111 2876
0.0067168 2876
0.0067224 2876
0.0067281 2876
0.0067337 2876
0.0067394 2876
0.006745 2876
0.0067507 2876
0.0067563 2876
0.006762 2876
0.0067677 2876
0.0067733 2876
0.006779 2876
0.0067846 2876
0.0067903 2876
0.0067959 2876
0.0068016 2876
0.0068072 2876
0.0068129 2876
0.0068185 2876
0.0068242 2876
0.0068298 2876
0.0068355 2876
0.0068412 2876
0.0068468 2876
0.0068525 2876
0.0068581 2876
0.0068638 2876
0.0068694 2876
0.0068751 2876
0.0068807 2876
0.0068864 2876
0.006892 2876
0.0068977 2876
0.0069033 2876
0.006909 2876
0.0069147 2876
0.0069203 2876
0.006926 2876
0.0069316 2876
0.0069373 2876
0.0069429 2876
0.0069486 2876
0.0069542 2876
0.0069599 2876
0.0069655 2876
0.0069712 2876
0.0069768 2876
0.0069825 2876
0.0069882 2876
0.0069938 2876
0.0069995 2876
0.0070051 2876
0.0070108 2876
0.0070164 2876
0.0070221 2876
0.0070277 2876
0.0070334 2876
0.007039 2876
0.0070447 2876
0.0070503 2876
0.007056 2876
0.0070617 2876
0.0070673 2876
0.007073 2876
0.0070786 2876
0.0070843 2876
0.0070899 2876
0.0070956 2876
0.0071012 2876
0.0071069 2876
0.0071125 2876
0.0071182 2876
0.0071238 2876
0.0071295 2876
0.0071352 2876
0.0071408 2876
0.0071465 2876
0.0071521 2876
0.0071578 2876
0.0071634 2876
0.0071691 2876
0.0071747 2876
0.0071804 2876
0.007186 2876
0.0071917 2876
0.0071973 2876
0.007203 2876
0.0072087 2876
0.0072143 2876
0.00722 2876
0.0072256 2876
0.0072313 2876
0.0072369 2876
0.0072426 2876
0.0072482 2876
0.0072539 2876
0.0072595 2876
0.0072652 2876
0.0072708 2876
0.0072765 2876
0.0072822 2876
0.0072878 2876
0.0072935 2876
0.0072991 2876
0.0073048 2876
0.0073104 2876
0.0073161 2876
0.0073217 2876
0.0073274 2876
0.007333 2876
0.0073387 2876
0.0073443 2876
0.00735 2876
0.0073557 2876
0.0073613 2876
0.007367 2876
0.0073726 2876
0.0073783 2876
0.0073839 2876
0.0073896 2876
0.0073952 2876
0.0074009 2876
0.0074065 2876
0.0074122 2876
0.0074178 2876
0.0074235 2876
0.0074292 2876
0.0074348 2876
0.0074405 2876
0.0074461 2876
0.0074518 2876
0.0074574 2876
0.0074631 2876
0.0074687 2876
0.0074744 2876
0.00748 2876
0.0074857 2876
0.0074913 2876
0.007497 2876
0.0075027 2876
0.0075083 2876
0.007514 2876
0.0075196 2876
0.0075253 2876
0.0075309 2876
0.0075366 2876
0.0075422 2876
0.0075479 2876
0.0075535 2876
0.0075592 2876
0.0075648 2876
0.0075705 2876
0.0075762 2876
0.0075818 2876
0.0075875 2876
0.0075931 2876
0.0075988 2876
0.0076044 2876
0.0076101 2876
0.0076157 2876
0.0076214 2876
0.007627 2876
0.0076327 2876
0.0076383 2876
0.007644 2876
0.0076497 2876
0.0076553 2876
0.007661 2876
0.0076666 2876
0.0076723 2876
0.0076779 2876
0.0076836 2876
0.0076892 2876
0.0076949 2876
0.0077005 2876
0.0077062 2876
0.0077118 2876
0.0077175 2876
0.0077232 2876
0.0077288 2876
0.0077345 2876
0.0077401 2876
0.0077458 2876
0.0077514 2876
0.0077571 2876
0.0077627 2876
0.0077684 2876
0.007774 2876
0.0077797 2876
0.0077853 2876
0.007791 2876
0.0077967 2876
0.0078023 2876
0.007808 2876
0.0078136 2876
0.0078193 2876
0.0078249 2876
0.0078306 2876
0.0078362 2876
0.0078419 2876
0.0078475 2876
0.0078532 2876
0.0078588 2876
0.0078645 2876
0.0078702 2876
0.0078758 2876
0.0078815 2876
0.0078871 2876
0.0078928 2876
0.0078984 2876
0.0079041 2876
0.0079097 2876
0.0079154 2876
0.007921 2876
0.0079267 2876
0.0079323 2876
0.007938 2876
0.0079437 2876
0.0079493 2876
0.007955 2876
0.0079606 2876
0.0079663 2876
0.0079719 2876
0.0079776 2876
0.0079832 2876
0.0079889 2876
0.0079945 2876
0.0080002 2876
0.0080058 2876
0.0080115 2876
0.0080172 2876
0.0080228 2876
0.0080285 2876
0.0080341 2876
0.0080398 2876
0.0080454 2876
0.0080511 2876
0.0080567 2876
0.0080624 2876
0.008068 2876
0.0080737 2876
0.0080793 2876
0.008085 2876
0.0080907 2876
0.0080963 2876
0.008102 2876
0.0081076 2876
0.0081133 2876
0.0081189 2876
0.0081246 2876
0.0081302 2876
0.0081359 2876
0.0081415 2876
0.0081472 2876
0.0081528 2876
0.0081585 2876
0.0081642 2876
0.0081698 2876
0.0081755 2876
0.0081811 2876
0.0081868 2876
0.0081924 2876
0.0081981 2876
0.0082037 2876
0.0082094 2876
0.008215 2876
0.0082207 2876
0.0082263 2876
0.008232 2876
0.0082377 2876
0.0082433 2876
0.008249 2876
0.0082546 2876
0.0082603 2876
0.0082659 2876
0.0082716 2876
0.0082772 2876
0.0082829 2876
0.0082885 2876
0.0082942 2876
0.0082998 2876
0.0083055 2876
0.0083112 2876
0.0083168 2876
0.0083225 2876
0.0083281 2876
0.0083338 2876
0.0083394 2876
0.0083451 2876
0.0083507 2876
0.0083564 2876
0.008362 2876
0.0083677 2876
0.0083733 2876
0.008379 2876
0.0083847 2876
0.0083903 2876
0.008396 2876
0.0084016 2876
0.0084073 2876
0.0084129 2876
0.0084186 2876
0.0084242 2876
0.0084299 2876
0.0084355 2876
0.0084412 2876
0.0084468 2876
0.0084525 2876
0.0084582 2876
0.0084638 2876
0.0084695 2876
0.0084751 2876
0.0084808 2876
0.0084864 2876
0.0084921 2876
0.0084977 2876
0.0085034 2876
0.008509 2876
0.0085147 2876
0.0085203 2876
0.008526 2876
0.0085317 2876
0.0085373 2876
0.008543 2876
0.0085486 2876
0.0085543 2876
0.0085599 2876
0.0085656 2876
0.0085712 2876
0.0085769 2876
0.0085825 2876
0.0085882 2876
0.0085938 2876
0.0085995 2876
0.0086052 2876
0.0086108 2876
0.0086165 2876
0.0086221 2876
0.0086278 2876
0.0086334 2876
0.0086391 2876
0.0086447 2876
0.0086504 2876
0.008656 2876
0.0086617 2876
0.0086673 2876
0.008673 2876
0.0086787 2876
0.0086843 2876
0.00869 2876
0.0086956 2876
0.0087013 2876
0.0087069 2876
0.0087126 2876
0.0087182 2876
0.0087239 2876
0.0087295 2876
0.0087352 2876
0.0087408 2876
0.0087465 2876
0.0087522 2876
0.0087578 2876
0.0087635 2876
0.0087691 2876
0.0087748 2876
0.0087804 2876
0.0087861 2876
0.0087917 2876
0.0087974 2876
0.008803 2876
0.0088087 2876
0.0088143 2876
0.00882 2876
0.0088257 2876
0.0088313 2876
0.008837 2876
0.0088426 2876
0.0088483 2876
0.0088539 2876
0.0088596 2876
0.0088652 2876
0.0088709 2876
0.0088765 2876
0.0088822 2876
0.0088878 2876
0.0088935 2876
0.0088992 2876
0.0089048 2876
0.0089105 2876
0.0089161 2876
0.0089218 2876
0.0089274 2876
0.0089331 2876
0.0089387 2876
0.0089444 2876
0.00895 2876
0.0089557 2876
0.0089613 2876
0.008967 2876
0.0089727 2876
0.0089783 2876
0.008984 2876
0.0089896 2876
0.0089953 2876
0.0090009 2876
0.0090066 2876
0.0090122 2876
0.0090179 2876
0.0090235 2876
0.0090292 2876
0.0090348 2876
0.0090405 2876
0.0090462 2876
0.0090518 2876
0.0090575 2876
0.0090631 2876
0.0090688 2876
0.0090744 2876
0.0090801 2876
0.0090857 2876
0.0090914 2876
0.009097 2876
0.0091027 2876
0.0091083 2876
0.009114 2876
0.0091197 2876
0.0091253 2876
0.009131 2876
0.0091366 2876
0.0091423 2876
0.0091479 2876
0.0091536 2876
0.0091592 2876
0.0091649 2876
0.0091705 2876
0.0091762 2876
0.0091818 2876
0.0091875 2876
0.0091932 2876
0.0091988 2876
0.0092045 2876
0.0092101 2876
0.0092158 2876
0.0092214 2876
0.0092271 2876
0.0092327 2876
0.0092384 2876
0.009244 2876
0.0092497 2876
0.0092553 2876
0.009261 2876
0.0092667 2876
0.0092723 2876
0.009278 2876
0.0092836 2876
0.0092893 2876
0.0092949 2876
0.0093006 2876
0.0093062 2876
0.0093119 2876
0.0093175 2876
0.0093232 2876
0.0093288 2876
0.0093345 2876
0.0093402 2876
0.0093458 2876
0.0093515 2876
0.0093571 2876
0.0093628 2876
0.0093684 2876
0.0093741 2876
0.0093797 2876
0.0093854 2876
0.009391 2876
0.0093967 2876
0.0094023 2876
0.009408 2876
0.0094137 2876
0.0094193 2876
0.009425 2876
0.0094306 2876
0.0094363 2876
0.0094419 2876
0.0094476 2876
0.0094532 2876
0.0094589 2876
0.0094645 2876
0.0094702 2876
0.0094758 2876
0.0094815 2876
0.0094872 2876
0.0094928 2876
0.0094985 2876
0.0095041 2876
0.0095098 2876
0.0095154 2876
0.0095211 2876
0.0095267 2876
0.0095324 2876
0.009538 2876
0.0095437 2876
0.0095493 2876
0.009555 2876
0.0095607 2876
0.0095663 2876
0.009572 2876
0.0095776 2876
0.0095833 2876
0.0095889 2876
0.0095946 2876
0.0096002 2876
0.0096059 2876
0.0096115 2876
0.0096172 2876
0.0096228 2876
0.0096285 2876
0.0096342 2876
0.0096398 2876
0.0096455 2876
0.0096511 2876
0.0096568 2876
0.0096624 2876
0.0096681 2876
0.0096737 2876
0.0096794 2876
0.009685 2876
0.0096907 2876
0.0096963 2876
0.009702 2876
0.0097077 2876
0.0097133 2876
0.009719 2876
0.0097246 2876
0.0097303 2876
0.0097359 2876
0.0097416 2876
0.0097472 2876
0.0097529 2876
0.0097585 2876
0.0097642 2876
0.0097698 2876
0.0097755 2876
0.0097812 2876
0.0097868 2876
0.0097925 2876
0.0097981 2876
0.0098038 2876
0.0098094 2876
0.0098151 2876
0.0098207 2876
0.0098264 2876
0.009832 2876
0.0098377 2876
0.0098433 2876
0.009849 2876
0.0098547 2876
0.0098603 2876
0.009866 2876
0.0098716 2876
0.0098773 2876
0.0098829 2876
0.0098886 2876
0.0098942 2876
0.0098999 2876
0.0099055 2876
0.0099112 2876
0.0099168 2876
0.0099225 2876
0.0099282 2876
0.0099338 2876
0.0099395 2876
0.0099451 2876
0.0099508 2876
0.0099564 2876
0.0099621 2876
0.0099677 2876
0.0099734 2876
0.009979 2876
0.0099847 2876
0.0099903 2876
0.009996 2876
0.010002 2876
0.010007 2876
0.010013 2876
0.010019 2876
0.010024 2876
0.01003 2876
0.010036 2876
0.010041 2876
0.010047 2876
0.010053 2876
0.010058 2876
0.010064 2876
0.01007 2876
0.010075 2876
0.010081 2876
0.010086 2876
0.010092 2876
0.010098 2876
0.010103 2876
0.010109 2876
0.010115 2876
0.01012 2876
0.010126 2876
0.010132 2876
0.010137 2876
0.010143 2876
0.010149 2876
0.010154 2876
0.01016 2876
0.010166 2876
0.010171 2876
0.010177 2876
0.010183 2876
0.010188 2876
0.010194 2876
0.0102 2876
0.010205 2876
0.010211 2876
0.010216 2876
0.010222 2876
0.010228 2876
0.010233 2876
0.010239 2876
0.010245 2876
0.01025 2876
0.010256 2876
0.010262 2876
0.010267 2876
0.010273 2876
0.010279 2876
0.010284 2876
0.01029 2876
0.010296 2876
0.010301 2876
0.010307 2876
0.010313 2876
0.010318 2876
0.010324 2876
0.01033 2876
0.010335 2876
0.010341 2876
0.010347 2876
0.010352 2876
0.010358 2876
0.010364 2876
0.010369 2876
0.010375 2876
0.01038 2876
0.010386 2876
0.010392 2876
0.010397 2876
0.010403 2876
0.010409 2876
0.010414 2876
0.01042 2876
0.010426 2876
0.010431 2876
0.010437 2876
0.010443 2876
0.010448 2876
0.010454 2876
0.01046 2876
0.010465 2876
0.010471 2876
0.010477 2876
0.010482 2876
0.010488 2876
0.010494 2876
0.010499 2876
0.010505 2876
0.010511 2876
0.010516 2876
0.010522 2876
0.010527 2876
0.010533 2876
0.010539 2876
0.010544 2876
0.01055 2876
0.010556 2876
0.010561 2876
0.010567 2876
0.010573 2876
0.010578 2876
0.010584 2876
0.01059 2876
0.010595 2876
0.010601 2876
0.010607 2876
0.010612 2876
0.010618 2876
0.010624 2876
0.010629 2876
0.010635 2876
0.010641 2876
0.010646 2876
0.010652 2876
0.010658 2876
0.010663 2876
0.010669 2876
0.010674 2876
0.01068 2876
0.010686 2876
0.010691 2876
0.010697 2876
0.010703 2876
0.010708 2876
0.010714 2876
0.01072 2876
0.010725 2876
0.010731 2876
0.010737 2876
0.010742 2876
0.010748 2876
0.010754 2876
0.010759 2876
0.010765 2876
0.010771 2876
0.010776 2876
0.010782 2876
0.010788 2876
0.010793 2876
0.010799 2876
0.010804 2876
0.01081 2876
0.010816 2876
0.010821 2876
0.010827 2876
0.010833 2876
0.010838 2876
0.010844 2876
0.01085 2876
0.010855 2876
0.010861 2876
0.010867 2876
0.010872 2876
0.010878 2876
0.010884 2876
0.010889 2876
0.010895 2876
0.010901 2876
0.010906 2876
0.010912 2876
0.010918 2876
0.010923 2876
0.010929 2876
0.010935 2876
0.01094 2876
0.010946 2876
0.010951 2876
0.010957 2876
0.010963 2876
0.010968 2876
0.010974 2876
0.01098 2876
0.010985 2876
0.010991 2876
0.010997 2876
0.011002 2876
0.011008 2876
0.011014 2876
0.011019 2876
0.011025 2876
0.011031 2876
0.011036 2876
0.011042 2876
0.011048 2876
0.011053 2876
0.011059 2876
0.011065 2876
0.01107 2876
0.011076 2876
0.011082 2876
0.011087 2876
0.011093 2876
0.011099 2876
0.011104 2876
0.01111 2876
0.011115 2876
0.011121 2876
0.011127 2876
0.011132 2876
0.011138 2876
0.011144 2876
0.011149 2876
0.011155 2876
0.011161 2876
0.011166 2876
0.011172 2876
0.011178 2876
0.011183 2876
0.011189 2876
0.011195 2876
0.0112 2876
0.011206 2876
0.011212 2876
0.011217 2876
0.011223 2876
0.011229 2876
0.011234 2876
0.01124 2876
0.011246 2876
0.011251 2876
0.011257 2876
0.011262 2876
0.011268 2876
0.011274 2876
0.011279 2876
0.011285 2876
0.011291 2876
0.011296 2876
0.011302 2876
0.011308 2876
0.011313 2876
0.011319 2876
0.011325 2876
0.01133 2876
0.011336 2876
0.011342 2876
0.011347 2876
0.011353 2876
0.011359 2876
0.011364 2876
0.01137 2876
0.011376 2876
0.011381 2876
0.011387 2876
0.011392 2876
0.011398 2876
0.011404 2876
0.011409 2876
0.011415 2876
0.011421 2876
0.011426 2876
0.011432 2876
0.011438 2876
0.011443 2876
0.011449 2876
0.011455 2876
0.01146 2876
0.011466 2876
0.011472 2876
0.011477 2876
0.011483 2876
0.011489 2876
0.011494 2876
0.0115 2876
0.011506 2876
0.011511 2876
0.011517 2876
0.011523 2876
0.011528 2876
0.011534 2876
0.011539 2876
0.011545 2876
0.011551 2876
0.011556 2876
0.011562 2876
0.011568 2876
0.011573 2876
0.011579 2876
0.011585 2876
0.01159 2876
0.011596 2876
0.011602 2876
0.011607 2876
0.011613 2876
0.011619 2876
0.011624 2876
0.01163 2876
0.011636 2876
0.011641 2876
0.011647 2876
0.011653 2876
0.011658 2876
0.011664 2876
0.01167 2876
0.011675 2876
0.011681 2876
0.011686 2876
0.011692 2876
0.011698 2876
0.011703 2876
0.011709 2876
0.011715 2876
0.01172 2876
0.011726 2876
0.011732 2876
0.011737 2876
0.011743 2876
0.011749 2876
0.011754 2876
0.01176 2876
0.011766 2876
0.011771 2876
0.011777 2876
0.011783 2876
0.011788 2876
0.011794 2876
0.0118 2876
0.011805 2876
0.011811 2876
0.011817 2876
0.011822 2876
0.011828 2876
0.011834 2876
0.011839 2876
0.011845 2876
0.01185 2876
0.011856 2876
0.011862 2876
0.011867 2876
0.011873 2876
0.011879 2876
0.011884 2876
0.01189 2876
0.011896 2876
0.011901 2876
0.011907 2876
0.011913 2876
0.011918 2876
0.011924 2876
0.01193 2876
0.011935 2876
0.011941 2876
0.011947 2876
0.011952 2876
0.011958 2876
0.011964 2876
0.011969 2876
0.011975 2876
0.01198 2876
0.011986 2876
0.011992 2876
0.011997 2876
0.012003 2876
0.012009 2876
0.012014 2876
0.01202 2876
0.012026 2876
0.012031 2876
0.012037 2876
0.012043 2876
0.012048 2876
0.012054 2876
0.01206 2876
0.012065 2876
0.012071 2876
0.012077 2876
0.012082 2876
0.012088 2876
0.012094 2876
0.012099 2876
0.012105 2876
0.012111 2876
0.012116 2876
0.012122 2876
0.012127 2876
0.012133 2876
0.012139 2876
0.012144 2876
0.01215 2876
0.012156 2876
0.012161 2876
0.012167 2876
0.012173 2876
0.012178 2876
0.012184 2876
0.01219 2876
0.012195 2876
0.012201 2876
0.012207 2876
0.012212 2876
0.012218 2876
0.012224 2876
0.012229 2876
0.012235 2876
0.012241 2876
0.012246 2876
0.012252 2876
0.012258 2876
0.012263 2876
0.012269 2876
0.012274 2876
0.01228 2876
0.012286 2876
0.012291 2876
0.012297 2876
0.012303 2876
0.012308 2876
0.012314 2876
0.01232 2876
0.012325 2876
0.012331 2876
0.012337 2876
0.012342 2876
0.012348 2876
0.012354 2876
0.012359 2876
0.012365 2876
0.012371 2876
0.012376 2876
0.012382 2876
0.012388 2876
0.012393 2876
0.012399 2876
0.012405 2876
0.01241 2876
0.012416 2876
0.012422 2876
0.012427 2876
0.012433 2876
0.012438 2876
0.012444 2876
0.01245 2876
0.012455 2876
0.012461 2876
0.012467 2876
0.012472 2876
0.012478 2876
0.012484 2876
0.012489 2876
0.012495 2876
0.012501 2876
0.012506 2876
0.012512 2876
0.012518 2876
0.012523 2876
0.012529 2876
0.012535 2876
0.01254 2876
0.012546 2876
0.012552 2876
0.012557 2876
0.012563 2876
0.012568 2876
0.012574 2876
0.01258 2876
0.012585 2876
0.012591 2876
0.012597 2876
0.012602 2876
0.012608 2876
0.012614 2876
0.012619 2876
0.012625 2876
0.012631 2876
0.012636 2876
0.012642 2876
0.012648 2876
0.012653 2876
0.012659 2876
0.012665 2876
0.01267 2876
0.012676 2876
0.012682 2876
0.012687 2876
0.012693 2876
0.012699 2876
0.012704 2876
0.01271 2876
0.012716 2876
0.012721 2876
0.012727 2876
0.012732 2876
0.012738 2876
0.012744 2876
0.012749 2876
0.012755 2876
0.012761 2876
0.012766 2876
0.012772 2876
0.012778 2876
0.012783 2876
0.012789 2876
0.012795 2876
0.0128 2876
0.012806 2876
0.012812 2876
0.012817 2876
0.012823 2876
0.012829 2876
0.012834 2876
0.01284 2876
0.012846 2876
0.012851 2876
0.012857 2876
0.012863 2876
0.012868 2876
0.012874 2876
0.012879 2876
0.012885 2876
0.012891 2876
0.012896 2876
0.012902 2876
0.012908 2876
0.012913 2876
0.012919 2876
0.012925 2876
0.01293 2876
0.012936 2876
0.012942 2876
0.012947 2876
0.012953 2876
0.012959 2876
0.012964 2876
0.01297 2876
0.012976 2876
0.012981 2876
0.012987 2876
0.012993 2876
0.012998 2876
0.013004 2876
0.01301 2876
0.013015 2876
0.013021 2876
0.013026 2876
0.013032 2876
0.013038 2876
0.013043 2876
0.013049 2876
0.013055 2876
0.01306 2876
0.013066 2876
0.013072 2876
0.013077 2876
0.013083 2876
0.013089 2876
0.013094 2876
0.0131 2876
0.013106 2876
0.013111 2876
0.013117 2876
0.013123 2876
0.013128 2876
0.013134 2876
0.01314 2876
0.013145 2876
0.013151 2876
0.013156 2876
0.013162 2876
0.013168 2876
0.013173 2876
0.013179 2876
0.013185 2876
0.01319 2876
0.013196 2876
0.013202 2876
0.013207 2876
0.013213 2876
0.013219 2876
0.013224 2876
0.01323 2876
0.013236 2876
0.013241 2876
0.013247 2876
0.013253 2876
0.013258 2876
0.013264 2876
0.01327 2876
0.013275 2876
0.013281 2876
0.013287 2876
0.013292 2876
0.013298 2876
0.013303 2876
0.013309 2876
0.013315 2876
0.01332 2876
0.013326 2876
0.013332 2876
0.013337 2876
0.013343 2876
0.013349 2876
0.013354 2876
0.01336 2876
0.013366 2876
0.013371 2876
0.013377 2876
0.013383 2876
0.013388 2876
0.013394 2876
0.0134 2876
0.013405 2876
0.013411 2876
0.013417 2876
0.013422 2876
0.013428 2876
0.013434 2876
0.013439 2876
0.013445 2876
0.013451 2876
0.013456 2876
0.013462 2876
0.013467 2876
0.013473 2876
0.013479 2876
0.013484 2876
0.01349 2876
0.013496 2876
0.013501 2876
0.013507 2876
0.013513 2876
0.013518 2876
0.013524 2876
0.01353 2876
0.013535 2876
0.013541 2876
0.013547 2876
0.013552 2876
0.013558 2876
0.013564 2876
0.013569 2876
0.013575 2876
0.013581 2876
0.013586 2876
0.013592 2876
0.013598 2876
0.013603 2876
0.013609 2876
0.013614 2876
0.01362 2876
0.013626 2876
0.013631 2876
0.013637 2876
0.013643 2876
0.013648 2876
0.013654 2876
0.01366 2876
0.013665 2876
0.013671 2876
0.013677 2876
0.013682 2876
0.013688 2876
0.013694 2876
0.013699 2876
0.013705 2876
0.013711 2876
0.013716 2876
0.013722 2876
0.013728 2876
0.013733 2876
0.013739 2876
0.013744 2876
0.01375 2876
0.013756 2876
0.013761 2876
0.013767 2876
0.013773 2876
0.013778 2876
0.013784 2876
0.01379 2876
0.013795 2876
0.013801 2876
0.013807 2876
0.013812 2876
0.013818 2876
0.013824 2876
0.013829 2876
0.013835 2876
0.013841 2876
0.013846 2876
0.013852 2876
0.013858 2876
0.013863 2876
0.013869 2876
0.013875 2876
0.01388 2876
0.013886 2876
0.013891 2876
0.013897 2876
0.013903 2876
0.013908 2876
0.013914 2876
0.01392 2876
0.013925 2876
0.013931 2876
0.013937 2876
0.013942 2876
0.013948 2876
0.013954 2876
0.013959 2876
0.013965 2876
0.013971 2876
0.013976 2876
0.013982 2876
0.013988 2876
0.013993 2876
0.013999 2876
0.014005 2876
0.01401 2876
0.014016 2876
0.014022 2876
0.014027 2876
0.014033 2876
0.014038 2876
0.014044 2876
0.01405 2876
0.014055 2876
0.014061 2876
0.014067 2876
0.014072 2876
0.014078 2876
0.014084 2876
0.014089 2876
0.014095 2876
0.014101 2876
0.014106 2876
0.014112 2876
0.014118 2876
0.014123 2876
0.014129 2876
0.014135 2876
0.01414 2876
0.014146 2876
0.014152 2876
0.014157 2876
0.014163 2876
0.014169 2876
0.014174 2876
0.01418 2876
0.014186 2876
0.014191 2876
0.014197 2876
0.014202 2876
0.014208 2876
0.014214 2876
0.014219 2876
0.014225 2876
0.014231 2876
0.014236 2876
0.014242 2876
0.014248 2876
0.014253 2876
0.014259 2876
0.014265 2876
0.01427 2876
0.014276 2876
0.014282 2876
0.014287 2876
0.014293 2876
0.014299 2876
0.014304 2876
0.01431 2876
0.014316 2876
0.014321 2876
0.014327 2876
0.014332 2876
0.014338 2876
0.014344 2876
0.014349 2876
0.014355 2876
0.014361 2876
0.014366 2876
0.014372 2876
0.014378 2876
0.014383 2876
0.014389 2876
0.014395 2876
0.0144 2876
0.014406 2876
0.014412 2876
0.014417 2876
0.014423 2876
0.014429 2876
0.014434 2876
0.01444 2876
0.014446 2876
0.014451 2876
0.014457 2876
0.014463 2876
0.014468 2876
0.014474 2876
0.014479 2876
0.014485 2876
0.014491 2876
0.014496 2876
0.014502 2876
0.014508 2876
0.014513 2876
0.014519 2876
0.014525 2876
0.01453 2876
0.014536 2876
0.014542 2876
0.014547 2876
0.014553 2876
0.014559 2876
0.014564 2876
0.01457 2876
0.014576 2876
0.014581 2876
0.014587 2876
0.014593 2876
0.014598 2876
0.014604 2876
0.01461 2876
0.014615 2876
0.014621 2876
0.014626 2876
0.014632 2876
0.014638 2876
0.014643 2876
0.014649 2876
0.014655 2876
0.01466 2876
0.014666 2876
0.014672 2876
0.014677 2876
0.014683 2876
0.014689 2876
0.014694 2876
0.0147 2876
0.014706 2876
0.014711 2876
0.014717 2876
0.014723 2876
0.014728 2876
0.014734 2876
0.01474 2876
0.014745 2876
0.014751 2876
0.014757 2876
0.014762 2876
0.014768 2876
0.014774 2876
0.014779 2876
0.014785 2876
0.01479 2876
0.014796 2876
0.014802 2876
0.014807 2876
0.014813 2876
0.014819 2876
0.014824 2876
0.01483 2876
0.014836 2876
0.014841 2876
0.014847 2876
0.014853 2876
0.014858 2876
0.014864 2876
0.01487 2876
0.014875 2876
0.014881 2876
0.014887 2876
0.014892 2876
0.014898 2876
0.014904 2876
0.014909 2876
0.014915 2876
0.01492 2876
0.014926 2876
0.014932 2876
0.014937 2876
0.014943 2876
0.014949 2876
0.014954 2876
0.01496 2876
0.014966 2876
0.014971 2876
0.014977 2876
0.014983 2876
0.014988 2876
0.014994 2876
0.015 2876
0.015005 2876
0.015011 2876
0.015017 2876
0.015022 2876
0.015028 2876
0.015034 2876
0.015039 2876
0.015045 2876
0.015051 2876
0.015056 2876
0.015062 2876
0.015068 2876
0.015073 2876
0.015079 2876
0.015084 2876
0.01509 2876
0.015096 2876
0.015101 2876
0.015107 2876
0.015113 2876
0.015118 2876
0.015124 2876
0.01513 2876
0.015135 2876
0.015141 2876
0.015147 2876
0.015152 2876
0.015158 2876
0.015164 2876
0.015169 2876
0.015175 2876
0.015181 2876
0.015186 2876
0.015192 2876
0.015198 2876
0.015203 2876
0.015209 2876
0.015215 2876
0.01522 2876
0.015226 2876
0.015231 2876
0.015237 2876
0.015243 2876
0.015248 2876
0.015254 2876
0.01526 2876
0.015265 2876
0.015271 2876
0.015277 2876
0.015282 2876
0.015288 2876
0.015294 2876
0.015299 2876
0.015305 2876
0.015311 2876
0.015316 2876
0.015322 2876
0.015328 2876
0.015333 2876
0.015339 2876
0.015345 2876
0.01535 2876
0.015356 2876
0.015362 2876
0.015367 2876
0.015373 2876
0.015378 2876
0.015384 2876
0.01539 2876
0.015395 2876
0.015401 2876
0.015407 2876
0.015412 2876
0.015418 2876
0.015424 2876
0.015429 2876
0.015435 2876
0.015441 2876
0.015446 2876
0.015452 2876
0.015458 2876
0.015463 2876
0.015469 2876
0.015475 2876
0.01548 2876
0.015486 2876
0.015492 2876
0.015497 2876
0.015503 2876
0.015508 2876
0.015514 2876
0.01552 2876
0.015525 2876
0.015531 2876
0.015537 2876
0.015542 2876
0.015548 2876
0.015554 2876
0.015559 2876
0.015565 2876
0.015571 2876
0.015576 2876
0.015582 2876
0.015588 2876
0.015593 2876
0.015599 2876
0.015605 2876
0.01561 2876
0.015616 2876
0.015622 2876
0.015627 2876
0.015633 2876
0.015639 2876
0.015644 2876
0.01565 2876
0.015655 2876
0.015661 2876
0.015667 2876
0.015672 2876
0.015678 2876
0.015684 2876
0.015689 2876
0.015695 2876
0.015701 2876
0.015706 2876
0.015712 2876
0.015718 2876
0.015723 2876
0.015729 2876
0.015735 2876
0.01574 2876
0.015746 2876
0.015752 2876
0.015757 2876
0.015763 2876
0.015769 2876
0.015774 2876
0.01578 2876
0.015786 2876
0.015791 2876
0.015797 2876
0.015803 2876
0.015808 2876
0.015814 2876
0.015819 2876
0.015825 2876
0.015831 2876
0.015836 2876
0.015842 2876
0.015848 2876
0.015853 2876
0.015859 2876
0.015865 2876
0.01587 2876
0.015876 2876
0.015882 2876
0.015887 2876
0.015893 2876
0.015899 2876
0.015904 2876
0.01591 2876
0.015916 2876
0.015921 2876
0.015927 2876
0.015933 2876
0.015938 2876
0.015944 2876
0.015949 2876
0.015955 2876
0.015961 2876
0.015966 2876
0.015972 2876
0.015978 2876
0.015983 2876
0.015989 2876
0.015995 2876
0.016 2876
0.016006 2876
0.016012 2876
0.016017 2876
0.016023 2876
0.016029 2876
0.016034 2876
0.01604 2876
0.016046 2876
0.016051 2876
0.016057 2876
0.016063 2876
0.016068 2876
0.016074 2876
0.01608 2876
0.016085 2876
0.016091 2876
0.016096 2876
0.016102 2876
0.016108 2876
0.016113 2876
0.016119 2876
0.016125 2876
0.01613 2876
0.016136 2876
0.016142 2876
0.016147 2876
0.016153 2876
0.016159 2876
0.016164 2876
0.01617 2876
0.016176 2876
0.016181 2876
0.016187 2876
0.016193 2876
0.016198 2876
0.016204 2876
0.01621 2876
0.016215 2876
0.016221 2876
0.016227 2876
0.016232 2876
0.016238 2876
0.016244 2876
0.016249 2876
0.016255 2876
0.01626 2876
0.016266 2876
0.016272 2876
0.016277 2876
0.016283 2876
0.016289 2876
0.016294 2876
0.0163 2876
0.016306 2876
0.016311 2876
0.016317 2876
0.016323 2876
0.016328 2876
0.016334 2876
0.01634 2876
0.016345 2876
0.016351 2876
0.016357 2876
0.016362 2876
0.016368 2876
0.016374 2876
0.016379 2876
0.016385 2876
0.01639 2876
0.016396 2876
0.016402 2876
0.016407 2876
0.016413 2876
0.016419 2876
0.016424 2876
0.01643 2876
0.016436 2876
0.016441 2876
0.016447 2876
0.016453 2876
0.016458 2876
0.016464 2876
0.01647 2876
0.016475 2876
0.016481 2876
0.016487 2876
0.016492 2876
0.016498 2876
0.016504 2876
0.016509 2876
0.016515 2876
0.016521 2876
0.016526 2876
0.016532 2876
0.016538 2876
0.016543 2876
0.016549 2876
0.016554 2876
0.01656 2876
0.016566 2876
0.016571 2876
0.016577 2876
0.016583 2876
0.016588 2876
0.016594 2876
0.0166 2876
0.016605 2876
0.016611 2876
0.016617 2876
0.016622 2876
0.016628 2876
0.016634 2876
0.016639 2876
0.016645 2876
0.016651 2876
0.016656 2876
0.016662 2876
0.016668 2876
0.016673 2876
0.016679 2876
0.016684 2876
0.01669 2876
0.016696 2876
0.016701 2876
0.016707 2876
0.016713 2876
0.016718 2876
0.016724 2876
0.01673 2876
0.016735 2876
0.016741 2876
0.016747 2876
0.016752 2876
0.016758 2876
0.016764 2876
0.016769 2876
0.016775 2876
0.016781 2876
0.016786 2876
0.016792 2876
0.016798 2876
0.016803 2876
0.016809 2876
0.016815 2876
0.01682 2876
0.016826 2876
0.016831 2876
0.016837 2876
0.016843 2876
0.016848 2876
0.016854 2876
0.01686 2876
0.016865 2876
0.016871 2876
0.016877 2876
0.016882 2876
0.016888 2876
0.016894 2876
0.016899 2876
0.016905 2876
0.016911 2876
0.016916 2876
0.016922 2876
0.016928 2876
0.016933 2876
0.016939 2876
0.016945 2876
0.01695 2876
0.016956 2876
0.016962 2876
0.016967 2876
0.016973 2876
0.016979 2876
0.016984 2876
0.01699 2876
0.016995 2876
0.017001 2876
0.017007 2876
0.017012 2876
0.017018 2876
0.017024 2876
0.017029 2876
0.017035 2876
0.017041 2876
0.017046 2876
0.017052 2876
0.017058 2876
0.017063 2876
0.017069 2876
0.017075 2876
0.01708 2876
0.017086 2876
0.017092 2876
0.017097 2876
0.017103 2876
0.017109 2876
0.017114 2876
0.01712 2876
0.017125 2876
0.017131 2876
0.017137 2876
0.017142 2876
0.017148 2876
0.017154 2876
0.017159 2876
0.017165 2876
0.017171 2876
0.017176 2876
0.017182 2876
0.017188 2876
0.017193 2876
0.017199 2876
0.017205 2876
0.01721 2876
0.017216 2876
0.017222 2876
0.017227 2876
0.017233 2876
0.017239 2876
0.017244 2876
0.01725 2876
0.017256 2876
0.017261 2876
0.017267 2876
0.017272 2876
0.017278 2876
0.017284 2876
0.017289 2876
0.017295 2876
0.017301 2876
0.017306 2876
0.017312 2876
0.017318 2876
0.017323 2876
0.017329 2876
0.017335 2876
0.01734 2876
0.017346 2876
0.017352 2876
0.017357 2876
0.017363 2876
0.017369 2876
0.017374 2876
0.01738 2876
0.017386 2876
0.017391 2876
0.017397 2876
0.017403 2876
0.017408 2876
0.017414 2876
0.01742 2876
0.017425 2876
0.017431 2876
0.017436 2876
0.017442 2876
0.017448 2876
0.017453 2876
0.017459 2876
0.017465 2876
0.01747 2876
0.017476 2876
0.017482 2876
0.017487 2876
0.017493 2876
0.017499 2876
0.017504 2876
0.01751 2876
0.017516 2876
0.017521 2876
0.017527 2876
0.017533 2876
0.017538 2876
0.017544 2876
0.01755 2876
0.017555 2876
0.017561 2876
0.017567 2876
0.017572 2876
0.017578 2876
0.017583 2876
0.017589 2876
0.017595 2876
0.0176 2876
0.017606 2876
0.017612 2876
0.017617 2876
0.017623 2876
0.017629 2876
0.017634 2876
0.01764 2876
0.017646 2876
0.017651 2876
0.017657 2876
0.017663 2876
0.017668 2876
0.017674 2876
0.01768 2876
0.017685 2876
0.017691 2876
0.017697 2876
0.017702 2876
0.017708 2876
0.017714 2876
0.017719 2876
0.017725 2876
0.01773 2876
0.017736 2876
0.017742 2876
0.017747 2876
0.017753 2876
0.017759 2876
0.017764 2876
0.01777 2876
0.017776 2876
0.017781 2876
0.017787 2876
0.017793 2876
0.017798 2876
0.017804 2876
0.01781 2876
0.017815 2876
0.017821 2876
0.017827 2876
0.017832 2876
0.017838 2876
0.017844 2876
0.017849 2876
0.017855 2876
0.01786 2876
0.017866 2876
0.017872 2876
0.017877 2876
0.017883 2876
0.017889 2876
0.017894 2876
0.0179 2876
0.017906 2876
0.017911 2876
0.017917 2876
0.017923 2876
0.017928 2876
0.017934 2876
0.01794 2876
0.017945 2876
0.017951 2876
0.017957 2876
0.017962 2876
0.017968 2876
0.017974 2876
0.017979 2876
0.017985 2876
0.017991 2876
0.017996 2876
0.018002 2876
0.018008 2876
0.018013 2876
0.018019 2876
0.018024 2876
0.01803 2876
0.018036 2876
0.018041 2876
0.018047 2876
0.018053 2876
0.018058 2876
0.018064 2876
0.01807 2876
0.018075 2876
0.018081 2876
0.018087 2876
0.018092 2876
0.018098 2876
0.018104 2876
0.018109 2876
0.018115 2876
0.018121 2876
0.018126 2876
0.018132 2876
0.018138 2876
0.018143 2876
0.018149 2876
0.018154 2876
0.01816 2876
0.018166 2876
0.018171 2876
0.018177 2876
0.018183 2876
0.018188 2876
0.018194 2876
0.0182 2876
0.018205 2876
0.018211 2876
0.018217 2876
0.018222 2876
0.018228 2876
0.018234 2876
0.018239 2876
0.018245 2876
0.018251 2876
0.018256 2876
0.018262 2876
0.018268 2876
0.018273 2876
0.018279 2876
0.018285 2876
0.01829 2876
0.018296 2876
0.018302 2876
0.018307 2876
0.018313 2876
0.018318 2876
0.018324 2876
0.01833 2876
0.018335 2876
0.018341 2876
0.018347 2876
0.018352 2876
0.018358 2876
0.018364 2876
0.018369 2876
0.018375 2876
0.018381 2876
0.018386 2876
0.018392 2876
0.018398 2876
0.018403 2876
0.018409 2876
0.018415 2876
0.01842 2876
0.018426 2876
0.018432 2876
0.018437 2876
0.018443 2876
0.018448 2876
0.018454 2876
0.01846 2876
0.018465 2876
0.018471 2876
0.018477 2876
0.018482 2876
0.018488 2876
0.018494 2876
0.018499 2876
0.018505 2876
0.018511 2876
0.018516 2876
0.018522 2876
0.018528 2876
0.018533 2876
0.018539 2876
0.018545 2876
0.01855 2876
0.018556 2876
0.018562 2876
0.018567 2876
0.018573 2876
0.018579 2876
0.018584 2876
0.01859 2876
0.018596 2876
0.018601 2876
0.018607 2876
0.018612 2876
0.018618 2876
0.018624 2876
0.018629 2876
0.018635 2876
0.018641 2876
0.018646 2876
0.018652 2876
0.018658 2876
0.018663 2876
0.018669 2876
0.018675 2876
0.01868 2876
0.018686 2876
0.018692 2876
0.018697 2876
0.018703 2876
0.018709 2876
0.018714 2876
0.01872 2876
0.018726 2876
0.018731 2876
0.018737 2876
0.018743 2876
0.018748 2876
0.018754 2876
0.018759 2876
0.018765 2876
0.018771 2876
0.018776 2876
0.018782 2876
0.018788 2876
0.018793 2876
0.018799 2876
0.018805 2876
0.01881 2876
0.018816 2876
0.018822 2876
0.018827 2876
0.018833 2876
0.018839 2876
0.018844 2876
0.01885 2876
0.018856 2876
0.018861 2876
0.018867 2876
0.018873 2876
0.018878 2876
0.018884 2876
0.01889 2876
0.018895 2876
0.018901 2876
0.018906 2876
0.018912 2876
0.018918 2876
0.018923 2876
0.018929 2876
0.018935 2876
0.01894 2876
0.018946 2876
0.018952 2876
0.018957 2876
0.018963 2876
0.018969 2876
0.018974 2876
0.01898 2876
0.018986 2876
0.018991 2876
0.018997 2876
0.019003 2876
0.019008 2876
0.019014 2876
0.01902 2876
0.019025 2876
0.019031 2876
0.019037 2876
0.019042 2876
0.019048 2876
0.019053 2876
0.019059 2876
0.019065 2876
0.01907 2876
0.019076 2876
0.019082 2876
0.019087 2876
0.019093 2876
0.019099 2876
0.019104 2876
0.01911 2876
0.019116 2876
0.019121 2876
0.019127 2876
0.019133 2876
0.019138 2876
0.019144 2876
0.01915 2876
0.019155 2876
0.019161 2876
0.019167 2876
0.019172 2876
0.019178 2876
0.019183 2876
0.019189 2876
0.019195 2876
0.0192 2876
0.019206 2876
0.019212 2876
0.019217 2876
0.019223 2876
0.019229 2876
0.019234 2876
0.01924 2876
0.019246 2876
0.019251 2876
0.019257 2876
0.019263 2876
0.019268 2876
0.019274 2876
0.01928 2876
0.019285 2876
0.019291 2876
0.019297 2876
0.019302 2876
0.019308 2876
0.019314 2876
0.019319 2876
0.019325 2876
0.019331 2876
0.019336 2876
0.019342 2876
0.019347 2876
0.019353 2876
0.019359 2876
0.019364 2876
0.01937 2876
0.019376 2876
0.019381 2876
0.019387 2876
0.019393 2876
0.019398 2876
0.019404 2876
0.01941 2876
0.019415 2876
0.019421 2876
0.019427 2876
0.019432 2876
0.019438 2876
0.019444 2876
0.019449 2876
0.019455 2876
0.019461 2876
0.019466 2876
0.019472 2876
0.019478 2876
0.019483 2876
0.019489 2876
0.019494 2876
0.0195 2876
0.019506 2876
0.019511 2876
0.019517 2876
0.019523 2876
0.019528 2876
0.019534 2876
0.01954 2876
0.019545 2876
0.019551 2876
0.019557 2876
0.019562 2876
0.019568 2876
0.019574 2876
0.019579 2876
0.019585 2876
0.019591 2876
0.019596 2876
0.019602 2876
0.019608 2876
0.019613 2876
0.019619 2876
0.019624 2876
0.01963 2876
0.019636 2876
0.019641 2876
0.019647 2876
0.019653 2876
0.019658 2876
0.019664 2876
0.01967 2876
0.019675 2876
0.019681 2876
0.019687 2876
0.019692 2876
0.019698 2876
0.019704 2876
0.019709 2876
0.019715 2876
0.019721 2876
0.019726 2876
0.019732 2876
0.019738 2876
0.019743 2876
0.019749 2876
0.019755 2876
0.01976 2876
0.019766 2876
0.019772 2876
0.019777 2876
0.019783 2876
0.019788 2876
1 2876
