5.6538e-06 1641.7
1.1308e-05 1641.7
1.6962e-05 1641.7
2.2615e-05 1641.7
2.8269e-05 1641.7
3.3923e-05 1641.7
3.9577e-05 1641.7
4.5231e-05 1641.7
5.0885e-05 1641.7
5.6538e-05 1641.7
6.2192e-05 1641.7
6.7846e-05 1641.7
7.35e-05 1641.8
7.9154e-05 1641.8
8.4808e-05 1641.9
9.0462e-05 1642
9.6115e-05 1642.2
0.00010177 1642.4
0.00010742 1642.8
0.00011308 1643.3
0.00011873 1644
0.00012438 1644.9
0.00013004 1646.2
0.00013569 1647.9
0.00014135 1650.3
0.000147 1653.3
0.00015265 1657.4
0.00015831 1662.6
0.00016396 1669.4
0.00016962 1678
0.00017527 1689
0.00018092 1702.7
0.00018658 1719.7
0.00019223 1740.8
0.00019788 1766.5
0.00020354 1797.8
0.00020919 1835.6
0.00021485 1880.9
0.0002205 1934.8
0.00022615 1998.6
0.00023181 2073.6
0.00023746 2161.3
0.00024312 2263.4
0.00024877 2381.5
0.00025442 2517.3
0.00026008 2672.6
0.00026573 2849
0.00027138 3048.2
0.00027704 3271.5
0.00028269 3519.7
0.00028835 3793.4
0.000294 4092.2
0.00029965 4415
0.00030531 4759.7
0.00031096 5123.2
0.00031662 5501.2
0.00032227 5888.3
0.00032792 6278.4
0.00033358 6664.5
0.00033923 7039.2
0.00034488 7395.4
0.00035054 7726.1
0.00035619 8025.2
0.00036185 8287.5
0.0003675 8509.3
0.00037315 8688.3
0.00037881 8823.5
0.00038446 8915.2
0.00039012 8965.2
0.00039577 8975.8
0.00040142 8950.5
0.00040708 8892.8
0.00041273 8806.9
0.00041838 8696.5
0.00042404 8565.7
0.00042969 8418.1
0.00043535 8257
0.000441 8085.4
0.00044665 7906
0.00045231 7720.9
0.00045796 7532.2
0.00046362 7341.5
0.00046927 7150.2
0.00047492 6959.3
0.00048058 6769.8
0.00048623 6582.4
0.00049188 6397.8
0.00049754 6216.5
0.00050319 6038.7
0.00050885 5865
0.0005145 5695.4
0.00052015 5530.2
0.00052581 5369.5
0.00053146 5213.4
0.00053712 5062
0.00054277 4915.3
0.00054842 4773.4
0.00055408 4636.2
0.00055973 4503.7
0.00056538 4375.9
0.00057104 4252.7
0.00057669 4134
0.00058235 4019.8
0.000588 3910
0.00059365 3804.4
0.00059931 3703
0.00060496 3605.7
0.00061062 3512.4
0.00061627 3422.9
0.00062192 3337.1
0.00062758 3254.9
0.00063323 3176.3
0.00063888 3101
0.00064454 3029
0.00065019 2960.2
0.00065585 2894.4
0.0006615 2831.5
0.00066715 2771.5
0.00067281 2714.2
0.00067846 2659.5
0.00068412 2607.2
0.00068977 2557.4
0.00069542 2509.9
0.00070108 2464.6
0.00070673 2421.5
0.00071238 2380.4
0.00071804 2341.2
0.00072369 2303.9
0.00072935 2268.4
0.000735 2234.5
0.00074065 2202.4
0.00074631 2171.8
0.00075196 2142.7
0.00075762 2115
0.00076327 2088.7
0.00076892 2063.7
0.00077458 2040
0.00078023 2017.4
0.00078588 1996
0.00079154 1975.7
0.00079719 1956.4
0.00080285 1938.1
0.0008085 1920.8
0.00081415 1904.4
0.00081981 1888.8
0.00082546 1874.1
0.00083112 1860.1
0.00083677 1846.9
0.00084242 1834.4
0.00084808 1822.6
0.00085373 1811.4
0.00085938 1800.9
0.00086504 1790.9
0.00087069 1781.5
0.00087635 1772.6
0.000882 1764.3
0.00088765 1756.4
0.00089331 1748.9
0.00089896 1741.9
0.00090462 1735.3
0.00091027 1729.1
0.00091592 1723.3
0.00092158 1717.8
0.00092723 1712.6
0.00093288 1707.8
0.00093854 1703.2
0.00094419 1699
0.00094985 1695
0.0009555 1691.2
0.00096115 1687.7
0.00096681 1684.4
0.00097246 1681.4
0.00097812 1678.5
0.00098377 1675.8
0.00098942 1673.3
0.00099508 1671
0.0010007 1668.8
0.0010064 1666.7
0.001012 1664.9
0.0010177 1663.1
0.0010233 1661.4
0.001029 1659.9
0.0010347 1658.5
0.0010403 1657.2
0.001046 1656
0.0010516 1654.8
0.0010573 1653.8
0.0010629 1652.8
0.0010686 1651.9
0.0010742 1651.1
0.0010799 1650.3
0.0010855 1649.6
0.0010912 1648.9
0.0010968 1648.3
0.0011025 1647.8
0.0011082 1647.2
0.0011138 1646.8
0.0011195 1646.3
0.0011251 1645.9
0.0011308 1645.5
0.0011364 1645.2
0.0011421 1644.9
0.0011477 1644.6
0.0011534 1644.3
0.001159 1644.1
0.0011647 1643.9
0.0011703 1643.7
0.001176 1643.5
0.0011817 1643.3
0.0011873 1643.2
0.001193 1643
0.0011986 1642.9
0.0012043 1642.8
0.0012099 1642.7
0.0012156 1642.6
0.0012212 1642.5
0.0012269 1642.4
0.0012325 1642.3
0.0012382 1642.3
0.0012438 1642.2
0.0012495 1642.2
0.0012552 1642.1
0.0012608 1642.1
0.0012665 1642
0.0012721 1642
0.0012778 1642
0.0012834 1641.9
0.0012891 1641.9
0.0012947 1641.9
0.0013004 1641.9
0.001306 1641.8
0.0013117 1641.8
0.0013173 1641.8
0.001323 1641.8
0.0013287 1641.8
0.0013343 1641.8
0.00134 1641.7
0.0013456 1641.7
0.0013513 1641.7
0.0013569 1641.7
0.0013626 1641.7
0.0013682 1641.7
0.0013739 1641.7
0.0013795 1641.7
0.0013852 1641.7
0.0013908 1641.7
0.0013965 1641.7
0.0014022 1641.7
0.0014078 1641.7
0.0014135 1641.7
0.0014191 1641.7
0.0014248 1641.7
0.0014304 1641.7
0.0014361 1641.7
0.0014417 1641.7
0.0014474 1641.7
0.001453 1641.7
0.0014587 1641.7
0.0014643 1641.7
0.00147 1641.7
0.0014757 1641.7
0.0014813 1641.7
0.001487 1641.7
0.0014926 1641.7
0.0014983 1641.7
0.0015039 1641.7
0.0015096 1641.7
0.0015152 1641.7
0.0015209 1641.7
0.0015265 1641.7
0.0015322 1641.7
0.0015378 1641.7
0.0015435 1641.7
0.0015492 1641.7
0.0015548 1641.7
0.0015605 1641.7
0.0015661 1641.7
0.0015718 1641.7
0.0015774 1641.7
0.0015831 1641.7
0.0015887 1641.7
0.0015944 1641.7
0.0016 1641.7
0.0016057 1641.7
0.0016113 1641.7
0.001617 1641.7
0.0016227 1641.7
0.0016283 1641.7
0.001634 1641.7
0.0016396 1641.7
0.0016453 1641.7
0.0016509 1641.7
0.0016566 1641.7
0.0016622 1641.7
0.0016679 1641.7
0.0016735 1641.7
0.0016792 1641.7
0.0016848 1641.7
0.0016905 1641.7
0.0016962 1641.7
0.0017018 1641.7
0.0017075 1641.7
0.0017131 1641.7
0.0017188 1641.7
0.0017244 1641.7
0.0017301 1641.7
0.0017357 1641.7
0.0017414 1641.7
0.001747 1641.7
0.0017527 1641.7
0.0017583 1641.7
0.001764 1641.7
0.0017697 1641.7
0.0017753 1641.7
0.001781 1641.7
0.0017866 1641.7
0.0017923 1641.7
0.0017979 1641.7
0.0018036 1641.7
0.0018092 1641.7
0.0018149 1641.7
0.0018205 1641.7
0.0018262 1641.7
0.0018318 1641.7
0.0018375 1641.7
0.0018432 1641.7
0.0018488 1641.7
0.0018545 1641.7
0.0018601 1641.7
0.0018658 1641.7
0.0018714 1641.7
0.0018771 1641.7
0.0018827 1641.7
0.0018884 1641.7
0.001894 1641.7
0.0018997 1641.7
0.0019053 1641.7
0.001911 1641.7
0.0019167 1641.7
0.0019223 1641.7
0.001928 1641.7
0.0019336 1641.7
0.0019393 1641.7
0.0019449 1641.7
0.0019506 1641.7
0.0019562 1641.7
0.0019619 1641.7
0.0019675 1641.7
0.0019732 1641.7
0.0019788 1641.7
0.0019845 1641.7
0.0019902 1641.7
0.0019958 1641.7
0.0020015 1641.7
0.0020071 1641.7
0.0020128 1641.7
0.0020184 1641.7
0.0020241 1641.7
0.0020297 1641.7
0.0020354 1641.7
0.002041 1641.7
0.0020467 1641.7
0.0020523 1641.7
0.002058 1641.7
0.0020637 1641.7
0.0020693 1641.7
0.002075 1641.7
0.0020806 1641.7
0.0020863 1641.7
0.0020919 1641.7
0.0020976 1641.7
0.0021032 1641.7
0.0021089 1641.7
0.0021145 1641.7
0.0021202 1641.7
0.0021258 1641.7
0.0021315 1641.7
0.0021372 1641.7
0.0021428 1641.7
0.0021485 1641.7
0.0021541 1641.7
0.0021598 1641.7
0.0021654 1641.7
0.0021711 1641.7
0.0021767 1641.7
0.0021824 1641.7
0.002188 1641.7
0.0021937 1641.7
0.0021993 1641.7
0.002205 1641.7
0.0022107 1641.7
0.0022163 1641.7
0.002222 1641.7
0.0022276 1641.7
0.0022333 1641.7
0.0022389 1641.7
0.0022446 1641.7
0.0022502 1641.7
0.0022559 1641.7
0.0022615 1641.7
0.0022672 1641.7
0.0022728 1641.7
0.0022785 1641.7
0.0022842 1641.7
0.0022898 1641.7
0.0022955 1641.7
0.0023011 1641.7
0.0023068 1641.7
0.0023124 1641.7
0.0023181 1641.7
0.0023237 1641.7
0.0023294 1641.7
0.002335 1641.7
0.0023407 1641.7
0.0023463 1641.7
0.002352 1641.7
0.0023577 1641.7
0.0023633 1641.7
0.002369 1641.7
0.0023746 1641.7
0.0023803 1641.7
0.0023859 1641.7
0.0023916 1641.7
0.0023972 1641.7
0.0024029 1641.7
0.0024085 1641.7
0.0024142 1641.7
0.0024198 1641.7
0.0024255 1641.7
0.0024312 1641.7
0.0024368 1641.7
0.0024425 1641.7
0.0024481 1641.7
0.0024538 1641.7
0.0024594 1641.7
0.0024651 1641.7
0.0024707 1641.7
0.0024764 1641.7
0.002482 1641.7
0.0024877 1641.7
0.0024933 1641.7
0.002499 1641.7
0.0025047 1641.7
0.0025103 1641.7
0.002516 1641.7
0.0025216 1641.7
0.0025273 1641.7
0.0025329 1641.7
0.0025386 1641.7
0.0025442 1641.7
0.0025499 1641.7
0.0025555 1641.7
0.0025612 1641.7
0.0025668 1641.7
0.0025725 1641.7
0.0025782 1641.7
0.0025838 1641.7
0.0025895 1641.7
0.0025951 1641.7
0.0026008 1641.7
0.0026064 1641.7
0.0026121 1641.7
0.0026177 1641.7
0.0026234 1641.7
0.002629 1641.7
0.0026347 1641.7
0.0026403 1641.7
0.002646 1641.7
0.0026517 1641.7
0.0026573 1641.7
0.002663 1641.7
0.0026686 1641.7
0.0026743 1641.7
0.0026799 1641.7
0.0026856 1641.7
0.0026912 1641.7
0.0026969 1641.7
0.0027025 1641.7
0.0027082 1641.7
0.0027138 1641.7
0.0027195 1641.7
0.0027252 1641.7
0.0027308 1641.7
0.0027365 1641.7
0.0027421 1641.7
0.0027478 1641.7
0.0027534 1641.7
0.0027591 1641.7
0.0027647 1641.7
0.0027704 1641.7
0.002776 1641.7
0.0027817 1641.7
0.0027873 1641.7
0.002793 1641.7
0.0027987 1641.7
0.0028043 1641.7
0.00281 1641.7
0.0028156 1641.7
0.0028213 1641.7
0.0028269 1641.7
0.0028326 1641.7
0.0028382 1641.7
0.0028439 1641.7
0.0028495 1641.7
0.0028552 1641.7
0.0028608 1641.7
0.0028665 1641.7
0.0028722 1641.7
0.0028778 1641.7
0.0028835 1641.7
0.0028891 1641.7
0.0028948 1641.7
0.0029004 1641.7
0.0029061 1641.7
0.0029117 1641.7
0.0029174 1641.7
0.002923 1641.7
0.0029287 1641.7
0.0029343 1641.7
0.00294 1641.7
0.0029457 1641.7
0.0029513 1641.7
0.002957 1641.7
0.0029626 1641.7
0.0029683 1641.7
0.0029739 1641.7
0.0029796 1641.7
0.0029852 1641.7
0.0029909 1641.7
0.0029965 1641.7
0.0030022 1641.7
0.0030078 1641.7
0.0030135 1641.7
0.0030192 1641.7
0.0030248 1641.7
0.0030305 1641.7
0.0030361 1641.7
0.0030418 1641.7
0.0030474 1641.7
0.0030531 1641.7
0.0030587 1641.7
0.0030644 1641.7
0.00307 1641.7
0.0030757 1641.7
0.0030813 1641.7
0.003087 1641.7
0.0030927 1641.7
0.0030983 1641.7
0.003104 1641.7
0.0031096 1641.7
0.0031153 1641.7
0.0031209 1641.7
0.0031266 1641.7
0.0031322 1641.7
0.0031379 1641.7
0.0031435 1641.7
0.0031492 1641.7
0.0031548 1641.7
0.0031605 1641.7
0.0031662 1641.7
0.0031718 1641.7
0.0031775 1641.7
0.0031831 1641.7
0.0031888 1641.7
0.0031944 1641.7
0.0032001 1641.7
0.0032057 1641.7
0.0032114 1641.7
0.003217 1641.7
0.0032227 1641.7
0.0032283 1641.7
0.003234 1641.7
0.0032397 1641.7
0.0032453 1641.7
0.003251 1641.7
0.0032566 1641.7
0.0032623 1641.7
0.0032679 1641.7
0.0032736 1641.7
0.0032792 1641.7
0.0032849 1641.7
0.0032905 1641.7
0.0032962 1641.7
0.0033018 1641.7
0.0033075 1641.7
0.0033132 1641.7
0.0033188 1641.7
0.0033245 1641.7
0.0033301 1641.7
0.0033358 1641.7
0.0033414 1641.7
0.0033471 1641.7
0.0033527 1641.7
0.0033584 1641.7
0.003364 1641.7
0.0033697 1641.7
0.0033753 1641.7
0.003381 1641.7
0.0033867 1641.7
0.0033923 1641.7
0.003398 1641.7
0.0034036 1641.7
0.0034093 1641.7
0.0034149 1641.7
0.0034206 1641.7
0.0034262 1641.7
0.0034319 1641.7
0.0034375 1641.7
0.0034432 1641.7
0.0034488 1641.7
0.0034545 1641.7
0.0034602 1641.7
0.0034658 1641.7
0.0034715 1641.7
0.0034771 1641.7
0.0034828 1641.7
0.0034884 1641.7
0.0034941 1641.7
0.0034997 1641.7
0.0035054 1641.7
0.003511 1641.7
0.0035167 1641.7
0.0035223 1641.7
0.003528 1641.7
0.0035337 1641.7
0.0035393 1641.7
0.003545 1641.7
0.0035506 1641.7
0.0035563 1641.7
0.0035619 1641.7
0.0035676 1641.7
0.0035732 1641.7
0.0035789 1641.7
0.0035845 1641.7
0.0035902 1641.7
0.0035958 1641.7
0.0036015 1641.7
0.0036072 1641.7
0.0036128 1641.7
0.0036185 1641.7
0.0036241 1641.7
0.0036298 1641.7
0.0036354 1641.7
0.0036411 1641.7
0.0036467 1641.7
0.0036524 1641.7
0.003658 1641.7
0.0036637 1641.7
0.0036693 1641.7
0.003675 1641.7
0.0036807 1641.7
0.0036863 1641.7
0.003692 1641.7
0.0036976 1641.7
0.0037033 1641.7
0.0037089 1641.7
0.0037146 1641.7
0.0037202 1641.7
0.0037259 1641.7
0.0037315 1641.7
0.0037372 1641.7
0.0037428 1641.7
0.0037485 1641.7
0.0037542 1641.7
0.0037598 1641.7
0.0037655 1641.7
0.0037711 1641.7
0.0037768 1641.7
0.0037824 1641.7
0.0037881 1641.7
0.0037937 1641.7
0.0037994 1641.7
0.003805 1641.7
0.0038107 1641.7
0.0038163 1641.7
0.003822 1641.7
0.0038277 1641.7
0.0038333 1641.7
0.003839 1641.7
0.0038446 1641.7
0.0038503 1641.7
0.0038559 1641.7
0.0038616 1641.7
0.0038672 1641.7
0.0038729 1641.7
0.0038785 1641.7
0.0038842 1641.7
0.0038898 1641.7
0.0038955 1641.7
0.0039012 1641.7
0.0039068 1641.7
0.0039125 1641.7
0.0039181 1641.7
0.0039238 1641.7
0.0039294 1641.7
0.0039351 1641.7
0.0039407 1641.7
0.0039464 1641.7
0.003952 1641.7
0.0039577 1641.7
0.0039633 1641.7
0.003969 1641.7
0.0039747 1641.7
0.0039803 1641.7
0.003986 1641.7
0.0039916 1641.7
0.0039973 1641.7
0.0040029 1641.7
0.0040086 1641.7
0.0040142 1641.7
0.0040199 1641.7
0.0040255 1641.7
0.0040312 1641.7
0.0040368 1641.7
0.0040425 1641.7
0.0040482 1641.7
0.0040538 1641.7
0.0040595 1641.7
0.0040651 1641.7
0.0040708 1641.7
0.0040764 1641.7
0.0040821 1641.7
0.0040877 1641.7
0.0040934 1641.7
0.004099 1641.7
0.0041047 1641.7
0.0041103 1641.7
0.004116 1641.7
0.0041217 1641.7
0.0041273 1641.7
0.004133 1641.7
0.0041386 1641.7
0.0041443 1641.7
0.0041499 1641.7
0.0041556 1641.7
0.0041612 1641.7
0.0041669 1641.7
0.0041725 1641.7
0.0041782 1641.7
0.0041838 1641.7
0.0041895 1641.7
0.0041952 1641.7
0.0042008 1641.7
0.0042065 1641.7
0.0042121 1641.7
0.0042178 1641.7
0.0042234 1641.7
0.0042291 1641.7
0.0042347 1641.7
0.0042404 1641.7
0.004246 1641.7
0.0042517 1641.7
0.0042573 1641.7
0.004263 1641.7
0.0042687 1641.7
0.0042743 1641.7
0.00428 1641.7
0.0042856 1641.7
0.0042913 1641.7
0.0042969 1641.7
0.0043026 1641.7
0.0043082 1641.7
0.0043139 1641.7
0.0043195 1641.7
0.0043252 1641.7
0.0043308 1641.7
0.0043365 1641.7
0.0043422 1641.7
0.0043478 1641.7
0.0043535 1641.7
0.0043591 1641.7
0.0043648 1641.7
0.0043704 1641.7
0.0043761 1641.7
0.0043817 1641.7
0.0043874 1641.7
0.004393 1641.7
0.0043987 1641.7
0.0044043 1641.7
0.00441 1641.7
0.0044157 1641.7
0.0044213 1641.7
0.004427 1641.7
0.0044326 1641.7
0.0044383 1641.7
0.0044439 1641.7
0.0044496 1641.7
0.0044552 1641.7
0.0044609 1641.7
0.0044665 1641.7
0.0044722 1641.7
0.0044778 1641.7
0.0044835 1641.7
0.0044892 1641.7
0.0044948 1641.7
0.0045005 1641.7
0.0045061 1641.7
0.0045118 1641.7
0.0045174 1641.7
0.0045231 1641.7
0.0045287 1641.7
0.0045344 1641.7
0.00454 1641.7
0.0045457 1641.7
0.0045513 1641.7
0.004557 1641.7
0.0045627 1641.7
0.0045683 1641.7
0.004574 1641.7
0.0045796 1641.7
0.0045853 1641.7
0.0045909 1641.7
0.0045966 1641.7
0.0046022 1641.7
0.0046079 1641.7
0.0046135 1641.7
0.0046192 1641.7
0.0046248 1641.7
0.0046305 1641.7
0.0046362 1641.7
0.0046418 1641.7
0.0046475 1641.7
0.0046531 1641.7
0.0046588 1641.7
0.0046644 1641.7
0.0046701 1641.7
0.0046757 1641.7
0.0046814 1641.7
0.004687 1641.7
0.0046927 1641.7
0.0046983 1641.7
0.004704 1641.7
0.0047097 1641.7
0.0047153 1641.7
0.004721 1641.7
0.0047266 1641.7
0.0047323 1641.7
0.0047379 1641.7
0.0047436 1641.7
0.0047492 1641.7
0.0047549 1641.7
0.0047605 1641.7
0.0047662 1641.7
0.0047718 1641.7
0.0047775 1641.7
0.0047832 1641.7
0.0047888 1641.7
0.0047945 1641.7
0.0048001 1641.7
0.0048058 1641.7
0.0048114 1641.7
0.0048171 1641.7
0.0048227 1641.7
0.0048284 1641.7
0.004834 1641.7
0.0048397 1641.7
0.0048453 1641.7
0.004851 1641.7
0.0048567 1641.7
0.0048623 1641.7
0.004868 1641.7
0.0048736 1641.7
0.0048793 1641.7
0.0048849 1641.7
0.0048906 1641.7
0.0048962 1641.7
0.0049019 1641.7
0.0049075 1641.7
0.0049132 1641.7
0.0049188 1641.7
0.0049245 1641.7
0.0049302 1641.7
0.0049358 1641.7
0.0049415 1641.7
0.0049471 1641.7
0.0049528 1641.7
0.0049584 1641.7
0.0049641 1641.7
0.0049697 1641.7
0.0049754 1641.7
0.004981 1641.7
0.0049867 1641.7
0.0049923 1641.7
0.004998 1641.7
0.0050037 1641.7
0.0050093 1641.7
0.005015 1641.7
0.0050206 1641.7
0.0050263 1641.7
0.0050319 1641.7
0.0050376 1641.7
0.0050432 1641.7
0.0050489 1641.7
0.0050545 1641.7
0.0050602 1641.7
0.0050658 1641.7
0.0050715 1641.7
0.0050772 1641.7
0.0050828 1641.7
0.0050885 1641.7
0.0050941 1641.7
0.0050998 1641.7
0.0051054 1641.7
0.0051111 1641.7
0.0051167 1641.7
0.0051224 1641.7
0.005128 1641.7
0.0051337 1641.7
0.0051393 1641.7
0.005145 1641.7
0.0051507 1641.7
0.0051563 1641.7
0.005162 1641.7
0.0051676 1641.7
0.0051733 1641.7
0.0051789 1641.7
0.0051846 1641.7
0.0051902 1641.7
0.0051959 1641.7
0.0052015 1641.7
0.0052072 1641.7
0.0052128 1641.7
0.0052185 1641.7
0.0052242 1641.7
0.0052298 1641.7
0.0052355 1641.7
0.0052411 1641.7
0.0052468 1641.7
0.0052524 1641.7
0.0052581 1641.7
0.0052637 1641.7
0.0052694 1641.7
0.005275 1641.7
0.0052807 1641.7
0.0052863 1641.7
0.005292 1641.7
0.0052977 1641.7
0.0053033 1641.7
0.005309 1641.7
0.0053146 1641.7
0.0053203 1641.7
0.0053259 1641.7
0.0053316 1641.7
0.0053372 1641.7
0.0053429 1641.7
0.0053485 1641.7
0.0053542 1641.7
0.0053598 1641.7
0.0053655 1641.7
0.0053712 1641.7
0.0053768 1641.7
0.0053825 1641.7
0.0053881 1641.7
0.0053938 1641.7
0.0053994 1641.7
0.0054051 1641.7
0.0054107 1641.7
0.0054164 1641.7
0.005422 1641.7
0.0054277 1641.7
0.0054333 1641.7
0.005439 1641.7
0.0054447 1641.7
0.0054503 1641.7
0.005456 1641.7
0.0054616 1641.7
0.0054673 1641.7
0.0054729 1641.7
0.0054786 1641.7
0.0054842 1641.7
0.0054899 1641.7
0.0054955 1641.7
0.0055012 1641.7
0.0055068 1641.7
0.0055125 1641.7
0.0055182 1641.7
0.0055238 1641.7
0.0055295 1641.7
0.0055351 1641.7
0.0055408 1641.7
0.0055464 1641.7
0.0055521 1641.7
0.0055577 1641.7
0.0055634 1641.7
0.005569 1641.7
0.0055747 1641.7
0.0055803 1641.7
0.005586 1641.7
0.0055917 1641.7
0.0055973 1641.7
0.005603 1641.7
0.0056086 1641.7
0.0056143 1641.7
0.0056199 1641.7
0.0056256 1641.7
0.0056312 1641.7
0.0056369 1641.7
0.0056425 1641.7
0.0056482 1641.7
0.0056538 1641.7
0.0056595 1641.7
0.0056652 1641.7
0.0056708 1641.7
0.0056765 1641.7
0.0056821 1641.7
0.0056878 1641.7
0.0056934 1641.7
0.0056991 1641.7
0.0057047 1641.7
0.0057104 1641.7
0.005716 1641.7
0.0057217 1641.7
0.0057273 1641.7
0.005733 1641.7
0.0057387 1641.7
0.0057443 1641.7
0.00575 1641.7
0.0057556 1641.7
0.0057613 1641.7
0.0057669 1641.7
0.0057726 1641.7
0.0057782 1641.7
0.0057839 1641.7
0.0057895 1641.7
0.0057952 1641.7
0.0058008 1641.7
0.0058065 1641.7
0.0058122 1641.7
0.0058178 1641.7
0.0058235 1641.7
0.0058291 1641.7
0.0058348 1641.7
0.0058404 1641.7
0.0058461 1641.7
0.0058517 1641.7
0.0058574 1641.7
0.005863 1641.7
0.0058687 1641.7
0.0058743 1641.7
0.00588 1641.7
0.0058857 1641.7
0.0058913 1641.7
0.005897 1641.7
0.0059026 1641.7
0.0059083 1641.7
0.0059139 1641.7
0.0059196 1641.7
0.0059252 1641.7
0.0059309 1641.7
0.0059365 1641.7
0.0059422 1641.7
0.0059478 1641.7
0.0059535 1641.7
0.0059592 1641.7
0.0059648 1641.7
0.0059705 1641.7
0.0059761 1641.7
0.0059818 1641.7
0.0059874 1641.7
0.0059931 1641.7
0.0059987 1641.7
0.0060044 1641.7
0.00601 1641.7
0.0060157 1641.7
0.0060213 1641.7
0.006027 1641.7
0.0060327 1641.7
0.0060383 1641.7
0.006044 1641.7
0.0060496 1641.7
0.0060553 1641.7
0.0060609 1641.7
0.0060666 1641.7
0.0060722 1641.7
0.0060779 1641.7
0.0060835 1641.7
0.0060892 1641.7
0.0060948 1641.7
0.0061005 1641.7
0.0061062 1641.7
0.0061118 1641.7
0.0061175 1641.7
0.0061231 1641.7
0.0061288 1641.7
0.0061344 1641.7
0.0061401 1641.7
0.0061457 1641.7
0.0061514 1641.7
0.006157 1641.7
0.0061627 1641.7
0.0061683 1641.7
0.006174 1641.7
0.0061797 1641.7
0.0061853 1641.7
0.006191 1641.7
0.0061966 1641.7
0.0062023 1641.7
0.0062079 1641.7
0.0062136 1641.7
0.0062192 1641.7
0.0062249 1641.7
0.0062305 1641.7
0.0062362 1641.7
0.0062418 1641.7
0.0062475 1641.7
0.0062532 1641.7
0.0062588 1641.7
0.0062645 1641.7
0.0062701 1641.7
0.0062758 1641.7
0.0062814 1641.7
0.0062871 1641.7
0.0062927 1641.7
0.0062984 1641.7
0.006304 1641.7
0.0063097 1641.7
0.0063153 1641.7
0.006321 1641.7
0.0063267 1641.7
0.0063323 1641.7
0.006338 1641.7
0.0063436 1641.7
0.0063493 1641.7
0.0063549 1641.7
0.0063606 1641.7
0.0063662 1641.7
0.0063719 1641.7
0.0063775 1641.7
0.0063832 1641.7
0.0063888 1641.7
0.0063945 1641.7
0.0064002 1641.7
0.0064058 1641.7
0.0064115 1641.7
0.0064171 1641.7
0.0064228 1641.7
0.0064284 1641.7
0.0064341 1641.7
0.0064397 1641.7
0.0064454 1641.7
0.006451 1641.7
0.0064567 1641.7
0.0064623 1641.7
0.006468 1641.7
0.0064737 1641.7
0.0064793 1641.7
0.006485 1641.7
0.0064906 1641.7
0.0064963 1641.7
0.0065019 1641.7
0.0065076 1641.7
0.0065132 1641.7
0.0065189 1641.7
0.0065245 1641.7
0.0065302 1641.7
0.0065358 1641.7
0.0065415 1641.7
0.0065472 1641.7
0.0065528 1641.7
0.0065585 1641.7
0.0065641 1641.7
0.0065698 1641.7
0.0065754 1641.7
0.0065811 1641.7
0.0065867 1641.7
0.0065924 1641.7
0.006598 1641.7
0.0066037 1641.7
0.0066093 1641.7
0.006615 1641.7
0.0066207 1641.7
0.0066263 1641.7
0.006632 1641.7
0.0066376 1641.7
0.0066433 1641.7
0.0066489 1641.7
0.0066546 1641.7
0.0066602 1641.7
0.0066659 1641.7
0.0066715 1641.7
0.0066772 1641.7
0.0066828 1641.7
0.0066885 1641.7
0.0066942 1641.7
0.0066998 1641.7
0.0067055 1641.7
0.0067111 1641.7
0.0067168 1641.7
0.0067224 1641.7
0.0067281 1641.7
0.0067337 1641.7
0.0067394 1641.7
0.006745 1641.7
0.0067507 1641.7
0.0067563 1641.7
0.006762 1641.7
0.0067677 1641.7
0.0067733 1641.7
0.006779 1641.7
0.0067846 1641.7
0.0067903 1641.7
0.0067959 1641.7
0.0068016 1641.7
0.0068072 1641.7
0.0068129 1641.7
0.0068185 1641.7
0.0068242 1641.7
0.0068298 1641.7
0.0068355 1641.7
0.0068412 1641.7
0.0068468 1641.7
0.0068525 1641.7
0.0068581 1641.7
0.0068638 1641.7
0.0068694 1641.7
0.0068751 1641.7
0.0068807 1641.7
0.0068864 1641.7
0.006892 1641.7
0.0068977 1641.7
0.0069033 1641.7
0.006909 1641.7
0.0069147 1641.7
0.0069203 1641.7
0.006926 1641.7
0.0069316 1641.7
0.0069373 1641.7
0.0069429 1641.7
0.0069486 1641.7
0.0069542 1641.7
0.0069599 1641.7
0.0069655 1641.7
0.0069712 1641.7
0.0069768 1641.7
0.0069825 1641.7
0.0069882 1641.7
0.0069938 1641.7
0.0069995 1641.7
0.0070051 1641.7
0.0070108 1641.7
0.0070164 1641.7
0.0070221 1641.7
0.0070277 1641.7
0.0070334 1641.7
0.007039 1641.7
0.0070447 1641.7
0.0070503 1641.7
0.007056 1641.7
0.0070617 1641.7
0.0070673 1641.7
0.007073 1641.7
0.0070786 1641.7
0.0070843 1641.7
0.0070899 1641.7
0.0070956 1641.7
0.0071012 1641.7
0.0071069 1641.7
0.0071125 1641.7
0.0071182 1641.7
0.0071238 1641.7
0.0071295 1641.7
0.0071352 1641.7
0.0071408 1641.7
0.0071465 1641.7
0.0071521 1641.7
0.0071578 1641.7
0.0071634 1641.7
0.0071691 1641.7
0.0071747 1641.7
0.0071804 1641.7
0.007186 1641.7
0.0071917 1641.7
0.0071973 1641.7
0.007203 1641.7
0.0072087 1641.7
0.0072143 1641.7
0.00722 1641.7
0.0072256 1641.7
0.0072313 1641.7
0.0072369 1641.7
0.0072426 1641.7
0.0072482 1641.7
0.0072539 1641.7
0.0072595 1641.7
0.0072652 1641.7
0.0072708 1641.7
0.0072765 1641.7
0.0072822 1641.7
0.0072878 1641.7
0.0072935 1641.7
0.0072991 1641.7
0.0073048 1641.7
0.0073104 1641.7
0.0073161 1641.7
0.0073217 1641.7
0.0073274 1641.7
0.007333 1641.7
0.0073387 1641.7
0.0073443 1641.7
0.00735 1641.7
0.0073557 1641.7
0.0073613 1641.7
0.007367 1641.7
0.0073726 1641.7
0.0073783 1641.7
0.0073839 1641.7
0.0073896 1641.7
0.0073952 1641.7
0.0074009 1641.7
0.0074065 1641.7
0.0074122 1641.7
0.0074178 1641.7
0.0074235 1641.7
0.0074292 1641.7
0.0074348 1641.7
0.0074405 1641.7
0.0074461 1641.7
0.0074518 1641.7
0.0074574 1641.7
0.0074631 1641.7
0.0074687 1641.7
0.0074744 1641.7
0.00748 1641.7
0.0074857 1641.7
0.0074913 1641.7
0.007497 1641.7
0.0075027 1641.7
0.0075083 1641.7
0.007514 1641.7
0.0075196 1641.7
0.0075253 1641.7
0.0075309 1641.7
0.0075366 1641.7
0.0075422 1641.7
0.0075479 1641.7
0.0075535 1641.7
0.0075592 1641.7
0.0075648 1641.7
0.0075705 1641.7
0.0075762 1641.7
0.0075818 1641.7
0.0075875 1641.7
0.0075931 1641.7
0.0075988 1641.7
0.0076044 1641.7
0.0076101 1641.7
0.0076157 1641.7
0.0076214 1641.7
0.007627 1641.7
0.0076327 1641.7
0.0076383 1641.7
0.007644 1641.7
0.0076497 1641.7
0.0076553 1641.7
0.007661 1641.7
0.0076666 1641.7
0.0076723 1641.7
0.0076779 1641.7
0.0076836 1641.7
0.0076892 1641.7
0.0076949 1641.7
0.0077005 1641.7
0.0077062 1641.7
0.0077118 1641.7
0.0077175 1641.7
0.0077232 1641.7
0.0077288 1641.7
0.0077345 1641.7
0.0077401 1641.7
0.0077458 1641.7
0.0077514 1641.7
0.0077571 1641.7
0.0077627 1641.7
0.0077684 1641.7
0.007774 1641.7
0.0077797 1641.7
0.0077853 1641.7
0.007791 1641.7
0.0077967 1641.7
0.0078023 1641.7
0.007808 1641.7
0.0078136 1641.7
0.0078193 1641.7
0.0078249 1641.7
0.0078306 1641.7
0.0078362 1641.7
0.0078419 1641.7
0.0078475 1641.7
0.0078532 1641.7
0.0078588 1641.7
0.0078645 1641.7
0.0078702 1641.7
0.0078758 1641.7
0.0078815 1641.7
0.0078871 1641.7
0.0078928 1641.7
0.0078984 1641.7
0.0079041 1641.7
0.0079097 1641.7
0.0079154 1641.7
0.007921 1641.7
0.0079267 1641.7
0.0079323 1641.7
0.007938 1641.7
0.0079437 1641.7
0.0079493 1641.7
0.007955 1641.7
0.0079606 1641.7
0.0079663 1641.7
0.0079719 1641.7
0.0079776 1641.7
0.0079832 1641.7
0.0079889 1641.7
0.0079945 1641.7
0.0080002 1641.7
0.0080058 1641.7
0.0080115 1641.7
0.0080172 1641.7
0.0080228 1641.7
0.0080285 1641.7
0.0080341 1641.7
0.0080398 1641.7
0.0080454 1641.7
0.0080511 1641.7
0.0080567 1641.7
0.0080624 1641.7
0.008068 1641.7
0.0080737 1641.7
0.0080793 1641.7
0.008085 1641.7
0.0080907 1641.7
0.0080963 1641.7
0.008102 1641.7
0.0081076 1641.7
0.0081133 1641.7
0.0081189 1641.7
0.0081246 1641.7
0.0081302 1641.7
0.0081359 1641.7
0.0081415 1641.7
0.0081472 1641.7
0.0081528 1641.7
0.0081585 1641.7
0.0081642 1641.7
0.0081698 1641.7
0.0081755 1641.7
0.0081811 1641.7
0.0081868 1641.7
0.0081924 1641.7
0.0081981 1641.7
0.0082037 1641.7
0.0082094 1641.7
0.008215 1641.7
0.0082207 1641.7
0.0082263 1641.7
0.008232 1641.7
0.0082377 1641.7
0.0082433 1641.7
0.008249 1641.7
0.0082546 1641.7
0.0082603 1641.7
0.0082659 1641.7
0.0082716 1641.7
0.0082772 1641.7
0.0082829 1641.7
0.0082885 1641.7
0.0082942 1641.7
0.0082998 1641.7
0.0083055 1641.7
0.0083112 1641.7
0.0083168 1641.7
0.0083225 1641.7
0.0083281 1641.7
0.0083338 1641.7
0.0083394 1641.7
0.0083451 1641.7
0.0083507 1641.7
0.0083564 1641.7
0.008362 1641.7
0.0083677 1641.7
0.0083733 1641.7
0.008379 1641.7
0.0083847 1641.7
0.0083903 1641.7
0.008396 1641.7
0.0084016 1641.7
0.0084073 1641.7
0.0084129 1641.7
0.0084186 1641.7
0.0084242 1641.7
0.0084299 1641.7
0.0084355 1641.7
0.0084412 1641.7
0.0084468 1641.7
0.0084525 1641.7
0.0084582 1641.7
0.0084638 1641.7
0.0084695 1641.7
0.0084751 1641.7
0.0084808 1641.7
0.0084864 1641.7
0.0084921 1641.7
0.0084977 1641.7
0.0085034 1641.7
0.008509 1641.7
0.0085147 1641.7
0.0085203 1641.7
0.008526 1641.7
0.0085317 1641.7
0.0085373 1641.7
0.008543 1641.7
0.0085486 1641.7
0.0085543 1641.7
0.0085599 1641.7
0.0085656 1641.7
0.0085712 1641.7
0.0085769 1641.7
0.0085825 1641.7
0.0085882 1641.7
0.0085938 1641.7
0.0085995 1641.7
0.0086052 1641.7
0.0086108 1641.7
0.0086165 1641.7
0.0086221 1641.7
0.0086278 1641.7
0.0086334 1641.7
0.0086391 1641.7
0.0086447 1641.7
0.0086504 1641.7
0.008656 1641.7
0.0086617 1641.7
0.0086673 1641.7
0.008673 1641.7
0.0086787 1641.7
0.0086843 1641.7
0.00869 1641.7
0.0086956 1641.7
0.0087013 1641.7
0.0087069 1641.7
0.0087126 1641.7
0.0087182 1641.7
0.0087239 1641.7
0.0087295 1641.7
0.0087352 1641.7
0.0087408 1641.7
0.0087465 1641.7
0.0087522 1641.7
0.0087578 1641.7
0.0087635 1641.7
0.0087691 1641.7
0.0087748 1641.7
0.0087804 1641.7
0.0087861 1641.7
0.0087917 1641.7
0.0087974 1641.7
0.008803 1641.7
0.0088087 1641.7
0.0088143 1641.7
0.00882 1641.7
0.0088257 1641.7
0.0088313 1641.7
0.008837 1641.7
0.0088426 1641.7
0.0088483 1641.7
0.0088539 1641.7
0.0088596 1641.7
0.0088652 1641.7
0.0088709 1641.7
0.0088765 1641.7
0.0088822 1641.7
0.0088878 1641.7
0.0088935 1641.7
0.0088992 1641.7
0.0089048 1641.7
0.0089105 1641.7
0.0089161 1641.7
0.0089218 1641.7
0.0089274 1641.7
0.0089331 1641.7
0.0089387 1641.7
0.0089444 1641.7
0.00895 1641.7
0.0089557 1641.7
0.0089613 1641.7
0.008967 1641.7
0.0089727 1641.7
0.0089783 1641.7
0.008984 1641.7
0.0089896 1641.7
0.0089953 1641.7
0.0090009 1641.7
0.0090066 1641.7
0.0090122 1641.7
0.0090179 1641.7
0.0090235 1641.7
0.0090292 1641.7
0.0090348 1641.7
0.0090405 1641.7
0.0090462 1641.7
0.0090518 1641.7
0.0090575 1641.7
0.0090631 1641.7
0.0090688 1641.7
0.0090744 1641.7
0.0090801 1641.7
0.0090857 1641.7
0.0090914 1641.7
0.009097 1641.7
0.0091027 1641.7
0.0091083 1641.7
0.009114 1641.7
0.0091197 1641.7
0.0091253 1641.7
0.009131 1641.7
0.0091366 1641.7
0.0091423 1641.7
0.0091479 1641.7
0.0091536 1641.7
0.0091592 1641.7
0.0091649 1641.7
0.0091705 1641.7
0.0091762 1641.7
0.0091818 1641.7
0.0091875 1641.7
0.0091932 1641.7
0.0091988 1641.7
0.0092045 1641.7
0.0092101 1641.7
0.0092158 1641.7
0.0092214 1641.7
0.0092271 1641.7
0.0092327 1641.7
0.0092384 1641.7
0.009244 1641.7
0.0092497 1641.7
0.0092553 1641.7
0.009261 1641.7
0.0092667 1641.7
0.0092723 1641.7
0.009278 1641.7
0.0092836 1641.7
0.0092893 1641.7
0.0092949 1641.7
0.0093006 1641.7
0.0093062 1641.7
0.0093119 1641.7
0.0093175 1641.7
0.0093232 1641.7
0.0093288 1641.7
0.0093345 1641.7
0.0093402 1641.7
0.0093458 1641.7
0.0093515 1641.7
0.0093571 1641.7
0.0093628 1641.7
0.0093684 1641.7
0.0093741 1641.7
0.0093797 1641.7
0.0093854 1641.7
0.009391 1641.7
0.0093967 1641.7
0.0094023 1641.7
0.009408 1641.7
0.0094137 1641.7
0.0094193 1641.7
0.009425 1641.7
0.0094306 1641.7
0.0094363 1641.7
0.0094419 1641.7
0.0094476 1641.7
0.0094532 1641.7
0.0094589 1641.7
0.0094645 1641.7
0.0094702 1641.7
0.0094758 1641.7
0.0094815 1641.7
0.0094872 1641.7
0.0094928 1641.7
0.0094985 1641.7
0.0095041 1641.7
0.0095098 1641.7
0.0095154 1641.7
0.0095211 1641.7
0.0095267 1641.7
0.0095324 1641.7
0.009538 1641.7
0.0095437 1641.7
0.0095493 1641.7
0.009555 1641.7
0.0095607 1641.7
0.0095663 1641.7
0.009572 1641.7
0.0095776 1641.7
0.0095833 1641.7
0.0095889 1641.7
0.0095946 1641.7
0.0096002 1641.7
0.0096059 1641.7
0.0096115 1641.7
0.0096172 1641.7
0.0096228 1641.7
0.0096285 1641.7
0.0096342 1641.7
0.0096398 1641.7
0.0096455 1641.7
0.0096511 1641.7
0.0096568 1641.7
0.0096624 1641.7
0.0096681 1641.7
0.0096737 1641.7
0.0096794 1641.7
0.009685 1641.7
0.0096907 1641.7
0.0096963 1641.7
0.009702 1641.7
0.0097077 1641.7
0.0097133 1641.7
0.009719 1641.7
0.0097246 1641.7
0.0097303 1641.7
0.0097359 1641.7
0.0097416 1641.7
0.0097472 1641.7
0.0097529 1641.7
0.0097585 1641.7
0.0097642 1641.7
0.0097698 1641.7
0.0097755 1641.7
0.0097812 1641.7
0.0097868 1641.7
0.0097925 1641.7
0.0097981 1641.7
0.0098038 1641.7
0.0098094 1641.7
0.0098151 1641.7
0.0098207 1641.7
0.0098264 1641.7
0.009832 1641.7
0.0098377 1641.7
0.0098433 1641.7
0.009849 1641.7
0.0098547 1641.7
0.0098603 1641.7
0.009866 1641.7
0.0098716 1641.7
0.0098773 1641.7
0.0098829 1641.7
0.0098886 1641.7
0.0098942 1641.7
0.0098999 1641.7
0.0099055 1641.7
0.0099112 1641.7
0.0099168 1641.7
0.0099225 1641.7
0.0099282 1641.7
0.0099338 1641.7
0.0099395 1641.7
0.0099451 1641.7
0.0099508 1641.7
0.0099564 1641.7
0.0099621 1641.7
0.0099677 1641.7
0.0099734 1641.7
0.009979 1641.7
0.0099847 1641.7
0.0099903 1641.7
0.009996 1641.7
0.010002 1641.7
0.010007 1641.7
0.010013 1641.7
0.010019 1641.7
0.010024 1641.7
0.01003 1641.7
0.010036 1641.7
0.010041 1641.7
0.010047 1641.7
0.010053 1641.7
0.010058 1641.7
0.010064 1641.7
0.01007 1641.7
0.010075 1641.7
0.010081 1641.7
0.010086 1641.7
0.010092 1641.7
0.010098 1641.7
0.010103 1641.7
0.010109 1641.7
0.010115 1641.7
0.01012 1641.7
0.010126 1641.7
0.010132 1641.7
0.010137 1641.7
0.010143 1641.7
0.010149 1641.7
0.010154 1641.7
0.01016 1641.7
0.010166 1641.7
0.010171 1641.7
0.010177 1641.7
0.010183 1641.7
0.010188 1641.7
0.010194 1641.7
0.0102 1641.7
0.010205 1641.7
0.010211 1641.7
0.010216 1641.7
0.010222 1641.7
0.010228 1641.7
0.010233 1641.7
0.010239 1641.7
0.010245 1641.7
0.01025 1641.7
0.010256 1641.7
0.010262 1641.7
0.010267 1641.7
0.010273 1641.7
0.010279 1641.7
0.010284 1641.7
0.01029 1641.7
0.010296 1641.7
0.010301 1641.7
0.010307 1641.7
0.010313 1641.7
0.010318 1641.7
0.010324 1641.7
0.01033 1641.7
0.010335 1641.7
0.010341 1641.7
0.010347 1641.7
0.010352 1641.7
0.010358 1641.7
0.010364 1641.7
0.010369 1641.7
0.010375 1641.7
0.01038 1641.7
0.010386 1641.7
0.010392 1641.7
0.010397 1641.7
0.010403 1641.7
0.010409 1641.7
0.010414 1641.7
0.01042 1641.7
0.010426 1641.7
0.010431 1641.7
0.010437 1641.7
0.010443 1641.7
0.010448 1641.7
0.010454 1641.7
0.01046 1641.7
0.010465 1641.7
0.010471 1641.7
0.010477 1641.7
0.010482 1641.7
0.010488 1641.7
0.010494 1641.7
0.010499 1641.7
0.010505 1641.7
0.010511 1641.7
0.010516 1641.7
0.010522 1641.7
0.010527 1641.7
0.010533 1641.7
0.010539 1641.7
0.010544 1641.7
0.01055 1641.7
0.010556 1641.7
0.010561 1641.7
0.010567 1641.7
0.010573 1641.7
0.010578 1641.7
0.010584 1641.7
0.01059 1641.7
0.010595 1641.7
0.010601 1641.7
0.010607 1641.7
0.010612 1641.7
0.010618 1641.7
0.010624 1641.7
0.010629 1641.7
0.010635 1641.7
0.010641 1641.7
0.010646 1641.7
0.010652 1641.7
0.010658 1641.7
0.010663 1641.7
0.010669 1641.7
0.010674 1641.7
0.01068 1641.7
0.010686 1641.7
0.010691 1641.7
0.010697 1641.7
0.010703 1641.7
0.010708 1641.7
0.010714 1641.7
0.01072 1641.7
0.010725 1641.7
0.010731 1641.7
0.010737 1641.7
0.010742 1641.7
0.010748 1641.7
0.010754 1641.7
0.010759 1641.7
0.010765 1641.7
0.010771 1641.7
0.010776 1641.7
0.010782 1641.7
0.010788 1641.7
0.010793 1641.7
0.010799 1641.7
0.010804 1641.7
0.01081 1641.7
0.010816 1641.7
0.010821 1641.7
0.010827 1641.7
0.010833 1641.7
0.010838 1641.7
0.010844 1641.7
0.01085 1641.7
0.010855 1641.7
0.010861 1641.7
0.010867 1641.7
0.010872 1641.7
0.010878 1641.7
0.010884 1641.7
0.010889 1641.7
0.010895 1641.7
0.010901 1641.7
0.010906 1641.7
0.010912 1641.7
0.010918 1641.7
0.010923 1641.7
0.010929 1641.7
0.010935 1641.7
0.01094 1641.7
0.010946 1641.7
0.010951 1641.7
0.010957 1641.7
0.010963 1641.7
0.010968 1641.7
0.010974 1641.7
0.01098 1641.7
0.010985 1641.7
0.010991 1641.7
0.010997 1641.7
0.011002 1641.7
0.011008 1641.7
0.011014 1641.7
0.011019 1641.7
0.011025 1641.7
0.011031 1641.7
0.011036 1641.7
0.011042 1641.7
0.011048 1641.7
0.011053 1641.7
0.011059 1641.7
0.011065 1641.7
0.01107 1641.7
0.011076 1641.7
0.011082 1641.7
0.011087 1641.7
0.011093 1641.7
0.011099 1641.7
0.011104 1641.7
0.01111 1641.7
0.011115 1641.7
0.011121 1641.7
0.011127 1641.7
0.011132 1641.7
0.011138 1641.7
0.011144 1641.7
0.011149 1641.7
0.011155 1641.7
0.011161 1641.7
0.011166 1641.7
0.011172 1641.7
0.011178 1641.7
0.011183 1641.7
0.011189 1641.7
0.011195 1641.7
0.0112 1641.7
0.011206 1641.7
0.011212 1641.7
0.011217 1641.7
0.011223 1641.7
0.011229 1641.7
0.011234 1641.7
0.01124 1641.7
0.011246 1641.7
0.011251 1641.7
0.011257 1641.7
0.011262 1641.7
0.011268 1641.7
0.011274 1641.7
0.011279 1641.7
0.011285 1641.7
0.011291 1641.7
0.011296 1641.7
0.011302 1641.7
0.011308 1641.7
0.011313 1641.7
0.011319 1641.7
0.011325 1641.7
0.01133 1641.7
0.011336 1641.7
0.011342 1641.7
0.011347 1641.7
0.011353 1641.7
0.011359 1641.7
0.011364 1641.7
0.01137 1641.7
0.011376 1641.7
0.011381 1641.7
0.011387 1641.7
0.011392 1641.7
0.011398 1641.7
0.011404 1641.7
0.011409 1641.7
0.011415 1641.7
0.011421 1641.7
0.011426 1641.7
0.011432 1641.7
0.011438 1641.7
0.011443 1641.7
0.011449 1641.7
0.011455 1641.7
0.01146 1641.7
0.011466 1641.7
0.011472 1641.7
0.011477 1641.7
0.011483 1641.7
0.011489 1641.7
0.011494 1641.7
0.0115 1641.7
0.011506 1641.7
0.011511 1641.7
0.011517 1641.7
0.011523 1641.7
0.011528 1641.7
0.011534 1641.7
0.011539 1641.7
0.011545 1641.7
0.011551 1641.7
0.011556 1641.7
0.011562 1641.7
0.011568 1641.7
0.011573 1641.7
0.011579 1641.7
0.011585 1641.7
0.01159 1641.7
0.011596 1641.7
0.011602 1641.7
0.011607 1641.7
0.011613 1641.7
0.011619 1641.7
0.011624 1641.7
0.01163 1641.7
0.011636 1641.7
0.011641 1641.7
0.011647 1641.7
0.011653 1641.7
0.011658 1641.7
0.011664 1641.7
0.01167 1641.7
0.011675 1641.7
0.011681 1641.7
0.011686 1641.7
0.011692 1641.7
0.011698 1641.7
0.011703 1641.7
0.011709 1641.7
0.011715 1641.7
0.01172 1641.7
0.011726 1641.7
0.011732 1641.7
0.011737 1641.7
0.011743 1641.7
0.011749 1641.7
0.011754 1641.7
0.01176 1641.7
0.011766 1641.7
0.011771 1641.7
0.011777 1641.7
0.011783 1641.7
0.011788 1641.7
0.011794 1641.7
0.0118 1641.7
0.011805 1641.7
0.011811 1641.7
0.011817 1641.7
0.011822 1641.7
0.011828 1641.7
0.011834 1641.7
0.011839 1641.7
0.011845 1641.7
0.01185 1641.7
0.011856 1641.7
0.011862 1641.7
0.011867 1641.7
0.011873 1641.7
0.011879 1641.7
0.011884 1641.7
0.01189 1641.7
0.011896 1641.7
0.011901 1641.7
0.011907 1641.7
0.011913 1641.7
0.011918 1641.7
0.011924 1641.7
0.01193 1641.7
0.011935 1641.7
0.011941 1641.7
0.011947 1641.7
0.011952 1641.7
0.011958 1641.7
0.011964 1641.7
0.011969 1641.7
0.011975 1641.7
0.01198 1641.7
0.011986 1641.7
0.011992 1641.7
0.011997 1641.7
0.012003 1641.7
0.012009 1641.7
0.012014 1641.7
0.01202 1641.7
0.012026 1641.7
0.012031 1641.7
0.012037 1641.7
0.012043 1641.7
0.012048 1641.7
0.012054 1641.7
0.01206 1641.7
0.012065 1641.7
0.012071 1641.7
0.012077 1641.7
0.012082 1641.7
0.012088 1641.7
0.012094 1641.7
0.012099 1641.7
0.012105 1641.7
0.012111 1641.7
0.012116 1641.7
0.012122 1641.7
0.012127 1641.7
0.012133 1641.7
0.012139 1641.7
0.012144 1641.7
0.01215 1641.7
0.012156 1641.7
0.012161 1641.7
0.012167 1641.7
0.012173 1641.7
0.012178 1641.7
0.012184 1641.7
0.01219 1641.7
0.012195 1641.7
0.012201 1641.7
0.012207 1641.7
0.012212 1641.7
0.012218 1641.7
0.012224 1641.7
0.012229 1641.7
0.012235 1641.7
0.012241 1641.7
0.012246 1641.7
0.012252 1641.7
0.012258 1641.7
0.012263 1641.7
0.012269 1641.7
0.012274 1641.7
0.01228 1641.7
0.012286 1641.7
0.012291 1641.7
0.012297 1641.7
0.012303 1641.7
0.012308 1641.7
0.012314 1641.7
0.01232 1641.7
0.012325 1641.7
0.012331 1641.7
0.012337 1641.7
0.012342 1641.7
0.012348 1641.7
0.012354 1641.7
0.012359 1641.7
0.012365 1641.7
0.012371 1641.7
0.012376 1641.7
0.012382 1641.7
0.012388 1641.7
0.012393 1641.7
0.012399 1641.7
0.012405 1641.7
0.01241 1641.7
0.012416 1641.7
0.012422 1641.7
0.012427 1641.7
0.012433 1641.7
0.012438 1641.7
0.012444 1641.7
0.01245 1641.7
0.012455 1641.7
0.012461 1641.7
0.012467 1641.7
0.012472 1641.7
0.012478 1641.7
0.012484 1641.7
0.012489 1641.7
0.012495 1641.7
0.012501 1641.7
0.012506 1641.7
0.012512 1641.7
0.012518 1641.7
0.012523 1641.7
0.012529 1641.7
0.012535 1641.7
0.01254 1641.7
0.012546 1641.7
0.012552 1641.7
0.012557 1641.7
0.012563 1641.7
0.012568 1641.7
0.012574 1641.7
0.01258 1641.7
0.012585 1641.7
0.012591 1641.7
0.012597 1641.7
0.012602 1641.7
0.012608 1641.7
0.012614 1641.7
0.012619 1641.7
0.012625 1641.7
0.012631 1641.7
0.012636 1641.7
0.012642 1641.7
0.012648 1641.7
0.012653 1641.7
0.012659 1641.7
0.012665 1641.7
0.01267 1641.7
0.012676 1641.7
0.012682 1641.7
0.012687 1641.7
0.012693 1641.7
0.012699 1641.7
0.012704 1641.7
0.01271 1641.7
0.012716 1641.7
0.012721 1641.7
0.012727 1641.7
0.012732 1641.7
0.012738 1641.7
0.012744 1641.7
0.012749 1641.7
0.012755 1641.7
0.012761 1641.7
0.012766 1641.7
0.012772 1641.7
0.012778 1641.7
0.012783 1641.7
0.012789 1641.7
0.012795 1641.7
0.0128 1641.7
0.012806 1641.7
0.012812 1641.7
0.012817 1641.7
0.012823 1641.7
0.012829 1641.7
0.012834 1641.7
0.01284 1641.7
0.012846 1641.7
0.012851 1641.7
0.012857 1641.7
0.012863 1641.7
0.012868 1641.7
0.012874 1641.7
0.012879 1641.7
0.012885 1641.7
0.012891 1641.7
0.012896 1641.7
0.012902 1641.7
0.012908 1641.7
0.012913 1641.7
0.012919 1641.7
0.012925 1641.7
0.01293 1641.7
0.012936 1641.7
0.012942 1641.7
0.012947 1641.7
0.012953 1641.7
0.012959 1641.7
0.012964 1641.7
0.01297 1641.7
0.012976 1641.7
0.012981 1641.7
0.012987 1641.7
0.012993 1641.7
0.012998 1641.7
0.013004 1641.7
0.01301 1641.7
0.013015 1641.7
0.013021 1641.7
0.013026 1641.7
0.013032 1641.7
0.013038 1641.7
0.013043 1641.7
0.013049 1641.7
0.013055 1641.7
0.01306 1641.7
0.013066 1641.7
0.013072 1641.7
0.013077 1641.7
0.013083 1641.7
0.013089 1641.7
0.013094 1641.7
0.0131 1641.7
0.013106 1641.7
0.013111 1641.7
0.013117 1641.7
0.013123 1641.7
0.013128 1641.7
0.013134 1641.7
0.01314 1641.7
0.013145 1641.7
0.013151 1641.7
0.013156 1641.7
0.013162 1641.7
0.013168 1641.7
0.013173 1641.7
0.013179 1641.7
0.013185 1641.7
0.01319 1641.7
0.013196 1641.7
0.013202 1641.7
0.013207 1641.7
0.013213 1641.7
0.013219 1641.7
0.013224 1641.7
0.01323 1641.7
0.013236 1641.7
0.013241 1641.7
0.013247 1641.7
0.013253 1641.7
0.013258 1641.7
0.013264 1641.7
0.01327 1641.7
0.013275 1641.7
0.013281 1641.7
0.013287 1641.7
0.013292 1641.7
0.013298 1641.7
0.013303 1641.7
0.013309 1641.7
0.013315 1641.7
0.01332 1641.7
0.013326 1641.7
0.013332 1641.7
0.013337 1641.7
0.013343 1641.7
0.013349 1641.7
0.013354 1641.7
0.01336 1641.7
0.013366 1641.7
0.013371 1641.7
0.013377 1641.7
0.013383 1641.7
0.013388 1641.7
0.013394 1641.7
0.0134 1641.7
0.013405 1641.7
0.013411 1641.7
0.013417 1641.7
0.013422 1641.7
0.013428 1641.7
0.013434 1641.7
0.013439 1641.7
0.013445 1641.7
0.013451 1641.7
0.013456 1641.7
0.013462 1641.7
0.013467 1641.7
0.013473 1641.7
0.013479 1641.7
0.013484 1641.7
0.01349 1641.7
0.013496 1641.7
0.013501 1641.7
0.013507 1641.7
0.013513 1641.7
0.013518 1641.7
0.013524 1641.7
0.01353 1641.7
0.013535 1641.7
0.013541 1641.7
0.013547 1641.7
0.013552 1641.7
0.013558 1641.7
0.013564 1641.7
0.013569 1641.7
0.013575 1641.7
0.013581 1641.7
0.013586 1641.7
0.013592 1641.7
0.013598 1641.7
0.013603 1641.7
0.013609 1641.7
0.013614 1641.7
0.01362 1641.7
0.013626 1641.7
0.013631 1641.7
0.013637 1641.7
0.013643 1641.7
0.013648 1641.7
0.013654 1641.7
0.01366 1641.7
0.013665 1641.7
0.013671 1641.7
0.013677 1641.7
0.013682 1641.7
0.013688 1641.7
0.013694 1641.7
0.013699 1641.7
0.013705 1641.7
0.013711 1641.7
0.013716 1641.7
0.013722 1641.7
0.013728 1641.7
0.013733 1641.7
0.013739 1641.7
0.013744 1641.7
0.01375 1641.7
0.013756 1641.7
0.013761 1641.7
0.013767 1641.7
0.013773 1641.7
0.013778 1641.7
0.013784 1641.7
0.01379 1641.7
0.013795 1641.7
0.013801 1641.7
0.013807 1641.7
0.013812 1641.7
0.013818 1641.7
0.013824 1641.7
0.013829 1641.7
0.013835 1641.7
0.013841 1641.7
0.013846 1641.7
0.013852 1641.7
0.013858 1641.7
0.013863 1641.7
0.013869 1641.7
0.013875 1641.7
0.01388 1641.7
0.013886 1641.7
0.013891 1641.7
0.013897 1641.7
0.013903 1641.7
0.013908 1641.7
0.013914 1641.7
0.01392 1641.7
0.013925 1641.7
0.013931 1641.7
0.013937 1641.7
0.013942 1641.7
0.013948 1641.7
0.013954 1641.7
0.013959 1641.7
0.013965 1641.7
0.013971 1641.7
0.013976 1641.7
0.013982 1641.7
0.013988 1641.7
0.013993 1641.7
0.013999 1641.7
0.014005 1641.7
0.01401 1641.7
0.014016 1641.7
0.014022 1641.7
0.014027 1641.7
0.014033 1641.7
0.014038 1641.7
0.014044 1641.7
0.01405 1641.7
0.014055 1641.7
0.014061 1641.7
0.014067 1641.7
0.014072 1641.7
0.014078 1641.7
0.014084 1641.7
0.014089 1641.7
0.014095 1641.7
0.014101 1641.7
0.014106 1641.7
0.014112 1641.7
0.014118 1641.7
0.014123 1641.7
0.014129 1641.7
0.014135 1641.7
0.01414 1641.7
0.014146 1641.7
0.014152 1641.7
0.014157 1641.7
0.014163 1641.7
0.014169 1641.7
0.014174 1641.7
0.01418 1641.7
0.014186 1641.7
0.014191 1641.7
0.014197 1641.7
0.014202 1641.7
0.014208 1641.7
0.014214 1641.7
0.014219 1641.7
0.014225 1641.7
0.014231 1641.7
0.014236 1641.7
0.014242 1641.7
0.014248 1641.7
0.014253 1641.7
0.014259 1641.7
0.014265 1641.7
0.01427 1641.7
0.014276 1641.7
0.014282 1641.7
0.014287 1641.7
0.014293 1641.7
0.014299 1641.7
0.014304 1641.7
0.01431 1641.7
0.014316 1641.7
0.014321 1641.7
0.014327 1641.7
0.014332 1641.7
0.014338 1641.7
0.014344 1641.7
0.014349 1641.7
0.014355 1641.7
0.014361 1641.7
0.014366 1641.7
0.014372 1641.7
0.014378 1641.7
0.014383 1641.7
0.014389 1641.7
0.014395 1641.7
0.0144 1641.7
0.014406 1641.7
0.014412 1641.7
0.014417 1641.7
0.014423 1641.7
0.014429 1641.7
0.014434 1641.7
0.01444 1641.7
0.014446 1641.7
0.014451 1641.7
0.014457 1641.7
0.014463 1641.7
0.014468 1641.7
0.014474 1641.7
0.014479 1641.7
0.014485 1641.7
0.014491 1641.7
0.014496 1641.7
0.014502 1641.7
0.014508 1641.7
0.014513 1641.7
0.014519 1641.7
0.014525 1641.7
0.01453 1641.7
0.014536 1641.7
0.014542 1641.7
0.014547 1641.7
0.014553 1641.7
0.014559 1641.7
0.014564 1641.7
0.01457 1641.7
0.014576 1641.7
0.014581 1641.7
0.014587 1641.7
0.014593 1641.7
0.014598 1641.7
0.014604 1641.7
0.01461 1641.7
0.014615 1641.7
0.014621 1641.7
0.014626 1641.7
0.014632 1641.7
0.014638 1641.7
0.014643 1641.7
0.014649 1641.7
0.014655 1641.7
0.01466 1641.7
0.014666 1641.7
0.014672 1641.7
0.014677 1641.7
0.014683 1641.7
0.014689 1641.7
0.014694 1641.7
0.0147 1641.7
0.014706 1641.7
0.014711 1641.7
0.014717 1641.7
0.014723 1641.7
0.014728 1641.7
0.014734 1641.7
0.01474 1641.7
0.014745 1641.7
0.014751 1641.7
0.014757 1641.7
0.014762 1641.7
0.014768 1641.7
0.014774 1641.7
0.014779 1641.7
0.014785 1641.7
0.01479 1641.7
0.014796 1641.7
0.014802 1641.7
0.014807 1641.7
0.014813 1641.7
0.014819 1641.7
0.014824 1641.7
0.01483 1641.7
0.014836 1641.7
0.014841 1641.7
0.014847 1641.7
0.014853 1641.7
0.014858 1641.7
0.014864 1641.7
0.01487 1641.7
0.014875 1641.7
0.014881 1641.7
0.014887 1641.7
0.014892 1641.7
0.014898 1641.7
0.014904 1641.7
0.014909 1641.7
0.014915 1641.7
0.01492 1641.7
0.014926 1641.7
0.014932 1641.7
0.014937 1641.7
0.014943 1641.7
0.014949 1641.7
0.014954 1641.7
0.01496 1641.7
0.014966 1641.7
0.014971 1641.7
0.014977 1641.7
0.014983 1641.7
0.014988 1641.7
0.014994 1641.7
0.015 1641.7
0.015005 1641.7
0.015011 1641.7
0.015017 1641.7
0.015022 1641.7
0.015028 1641.7
0.015034 1641.7
0.015039 1641.7
0.015045 1641.7
0.015051 1641.7
0.015056 1641.7
0.015062 1641.7
0.015068 1641.7
0.015073 1641.7
0.015079 1641.7
0.015084 1641.7
0.01509 1641.7
0.015096 1641.7
0.015101 1641.7
0.015107 1641.7
0.015113 1641.7
0.015118 1641.7
0.015124 1641.7
0.01513 1641.7
0.015135 1641.7
0.015141 1641.7
0.015147 1641.7
0.015152 1641.7
0.015158 1641.7
0.015164 1641.7
0.015169 1641.7
0.015175 1641.7
0.015181 1641.7
0.015186 1641.7
0.015192 1641.7
0.015198 1641.7
0.015203 1641.7
0.015209 1641.7
0.015215 1641.7
0.01522 1641.7
0.015226 1641.7
0.015231 1641.7
0.015237 1641.7
0.015243 1641.7
0.015248 1641.7
0.015254 1641.7
0.01526 1641.7
0.015265 1641.7
0.015271 1641.7
0.015277 1641.7
0.015282 1641.7
0.015288 1641.7
0.015294 1641.7
0.015299 1641.7
0.015305 1641.7
0.015311 1641.7
0.015316 1641.7
0.015322 1641.7
0.015328 1641.7
0.015333 1641.7
0.015339 1641.7
0.015345 1641.7
0.01535 1641.7
0.015356 1641.7
0.015362 1641.7
0.015367 1641.7
0.015373 1641.7
0.015378 1641.7
0.015384 1641.7
0.01539 1641.7
0.015395 1641.7
0.015401 1641.7
0.015407 1641.7
0.015412 1641.7
0.015418 1641.7
0.015424 1641.7
0.015429 1641.7
0.015435 1641.7
0.015441 1641.7
0.015446 1641.7
0.015452 1641.7
0.015458 1641.7
0.015463 1641.7
0.015469 1641.7
0.015475 1641.7
0.01548 1641.7
0.015486 1641.7
0.015492 1641.7
0.015497 1641.7
0.015503 1641.7
0.015508 1641.7
0.015514 1641.7
0.01552 1641.7
0.015525 1641.7
0.015531 1641.7
0.015537 1641.7
0.015542 1641.7
0.015548 1641.7
0.015554 1641.7
0.015559 1641.7
0.015565 1641.7
0.015571 1641.7
0.015576 1641.7
0.015582 1641.7
0.015588 1641.7
0.015593 1641.7
0.015599 1641.7
0.015605 1641.7
0.01561 1641.7
0.015616 1641.7
0.015622 1641.7
0.015627 1641.7
0.015633 1641.7
0.015639 1641.7
0.015644 1641.7
0.01565 1641.7
0.015655 1641.7
0.015661 1641.7
0.015667 1641.7
0.015672 1641.7
0.015678 1641.7
0.015684 1641.7
0.015689 1641.7
0.015695 1641.7
0.015701 1641.7
0.015706 1641.7
0.015712 1641.7
0.015718 1641.7
0.015723 1641.7
0.015729 1641.7
0.015735 1641.7
0.01574 1641.7
0.015746 1641.7
0.015752 1641.7
0.015757 1641.7
0.015763 1641.7
0.015769 1641.7
0.015774 1641.7
0.01578 1641.7
0.015786 1641.7
0.015791 1641.7
0.015797 1641.7
0.015803 1641.7
0.015808 1641.7
0.015814 1641.7
0.015819 1641.7
0.015825 1641.7
0.015831 1641.7
0.015836 1641.7
0.015842 1641.7
0.015848 1641.7
0.015853 1641.7
0.015859 1641.7
0.015865 1641.7
0.01587 1641.7
0.015876 1641.7
0.015882 1641.7
0.015887 1641.7
0.015893 1641.7
0.015899 1641.7
0.015904 1641.7
0.01591 1641.7
0.015916 1641.7
0.015921 1641.7
0.015927 1641.7
0.015933 1641.7
0.015938 1641.7
0.015944 1641.7
0.015949 1641.7
0.015955 1641.7
0.015961 1641.7
0.015966 1641.7
0.015972 1641.7
0.015978 1641.7
0.015983 1641.7
0.015989 1641.7
0.015995 1641.7
0.016 1641.7
0.016006 1641.7
0.016012 1641.7
0.016017 1641.7
0.016023 1641.7
0.016029 1641.7
0.016034 1641.7
0.01604 1641.7
0.016046 1641.7
0.016051 1641.7
0.016057 1641.7
0.016063 1641.7
0.016068 1641.7
0.016074 1641.7
0.01608 1641.7
0.016085 1641.7
0.016091 1641.7
0.016096 1641.7
0.016102 1641.7
0.016108 1641.7
0.016113 1641.7
0.016119 1641.7
0.016125 1641.7
0.01613 1641.7
0.016136 1641.7
0.016142 1641.7
0.016147 1641.7
0.016153 1641.7
0.016159 1641.7
0.016164 1641.7
0.01617 1641.7
0.016176 1641.7
0.016181 1641.7
0.016187 1641.7
0.016193 1641.7
0.016198 1641.7
0.016204 1641.7
0.01621 1641.7
0.016215 1641.7
0.016221 1641.7
0.016227 1641.7
0.016232 1641.7
0.016238 1641.7
0.016244 1641.7
0.016249 1641.7
0.016255 1641.7
0.01626 1641.7
0.016266 1641.7
0.016272 1641.7
0.016277 1641.7
0.016283 1641.7
0.016289 1641.7
0.016294 1641.7
0.0163 1641.7
0.016306 1641.7
0.016311 1641.7
0.016317 1641.7
0.016323 1641.7
0.016328 1641.7
0.016334 1641.7
0.01634 1641.7
0.016345 1641.7
0.016351 1641.7
0.016357 1641.7
0.016362 1641.7
0.016368 1641.7
0.016374 1641.7
0.016379 1641.7
0.016385 1641.7
0.01639 1641.7
0.016396 1641.7
0.016402 1641.7
0.016407 1641.7
0.016413 1641.7
0.016419 1641.7
0.016424 1641.7
0.01643 1641.7
0.016436 1641.7
0.016441 1641.7
0.016447 1641.7
0.016453 1641.7
0.016458 1641.7
0.016464 1641.7
0.01647 1641.7
0.016475 1641.7
0.016481 1641.7
0.016487 1641.7
0.016492 1641.7
0.016498 1641.7
0.016504 1641.7
0.016509 1641.7
0.016515 1641.7
0.016521 1641.7
0.016526 1641.7
0.016532 1641.7
0.016538 1641.7
0.016543 1641.7
0.016549 1641.7
0.016554 1641.7
0.01656 1641.7
0.016566 1641.7
0.016571 1641.7
0.016577 1641.7
0.016583 1641.7
0.016588 1641.7
0.016594 1641.7
0.0166 1641.7
0.016605 1641.7
0.016611 1641.7
0.016617 1641.7
0.016622 1641.7
0.016628 1641.7
0.016634 1641.7
0.016639 1641.7
0.016645 1641.7
0.016651 1641.7
0.016656 1641.7
0.016662 1641.7
0.016668 1641.7
0.016673 1641.7
0.016679 1641.7
0.016684 1641.7
0.01669 1641.7
0.016696 1641.7
0.016701 1641.7
0.016707 1641.7
0.016713 1641.7
0.016718 1641.7
0.016724 1641.7
0.01673 1641.7
0.016735 1641.7
0.016741 1641.7
0.016747 1641.7
0.016752 1641.7
0.016758 1641.7
0.016764 1641.7
0.016769 1641.7
0.016775 1641.7
0.016781 1641.7
0.016786 1641.7
0.016792 1641.7
0.016798 1641.7
0.016803 1641.7
0.016809 1641.7
0.016815 1641.7
0.01682 1641.7
0.016826 1641.7
0.016831 1641.7
0.016837 1641.7
0.016843 1641.7
0.016848 1641.7
0.016854 1641.7
0.01686 1641.7
0.016865 1641.7
0.016871 1641.7
0.016877 1641.7
0.016882 1641.7
0.016888 1641.7
0.016894 1641.7
0.016899 1641.7
0.016905 1641.7
0.016911 1641.7
0.016916 1641.7
0.016922 1641.7
0.016928 1641.7
0.016933 1641.7
0.016939 1641.7
0.016945 1641.7
0.01695 1641.7
0.016956 1641.7
0.016962 1641.7
0.016967 1641.7
0.016973 1641.7
0.016979 1641.7
0.016984 1641.7
0.01699 1641.7
0.016995 1641.7
0.017001 1641.7
0.017007 1641.7
0.017012 1641.7
0.017018 1641.7
0.017024 1641.7
0.017029 1641.7
0.017035 1641.7
0.017041 1641.7
0.017046 1641.7
0.017052 1641.7
0.017058 1641.7
0.017063 1641.7
0.017069 1641.7
0.017075 1641.7
0.01708 1641.7
0.017086 1641.7
0.017092 1641.7
0.017097 1641.7
0.017103 1641.7
0.017109 1641.7
0.017114 1641.7
0.01712 1641.7
0.017125 1641.7
0.017131 1641.7
0.017137 1641.7
0.017142 1641.7
0.017148 1641.7
0.017154 1641.7
0.017159 1641.7
0.017165 1641.7
0.017171 1641.7
0.017176 1641.7
0.017182 1641.7
0.017188 1641.7
0.017193 1641.7
0.017199 1641.7
0.017205 1641.7
0.01721 1641.7
0.017216 1641.7
0.017222 1641.7
0.017227 1641.7
0.017233 1641.7
0.017239 1641.7
0.017244 1641.7
0.01725 1641.7
0.017256 1641.7
0.017261 1641.7
0.017267 1641.7
0.017272 1641.7
0.017278 1641.7
0.017284 1641.7
0.017289 1641.7
0.017295 1641.7
0.017301 1641.7
0.017306 1641.7
0.017312 1641.7
0.017318 1641.7
0.017323 1641.7
0.017329 1641.7
0.017335 1641.7
0.01734 1641.7
0.017346 1641.7
0.017352 1641.7
0.017357 1641.7
0.017363 1641.7
0.017369 1641.7
0.017374 1641.7
0.01738 1641.7
0.017386 1641.7
0.017391 1641.7
0.017397 1641.7
0.017403 1641.7
0.017408 1641.7
0.017414 1641.7
0.01742 1641.7
0.017425 1641.7
0.017431 1641.7
0.017436 1641.7
0.017442 1641.7
0.017448 1641.7
0.017453 1641.7
0.017459 1641.7
0.017465 1641.7
0.01747 1641.7
0.017476 1641.7
0.017482 1641.7
0.017487 1641.7
0.017493 1641.7
0.017499 1641.7
0.017504 1641.7
0.01751 1641.7
0.017516 1641.7
0.017521 1641.7
0.017527 1641.7
0.017533 1641.7
0.017538 1641.7
0.017544 1641.7
0.01755 1641.7
0.017555 1641.7
0.017561 1641.7
0.017567 1641.7
0.017572 1641.7
0.017578 1641.7
0.017583 1641.7
0.017589 1641.7
0.017595 1641.7
0.0176 1641.7
0.017606 1641.7
0.017612 1641.7
0.017617 1641.7
0.017623 1641.7
0.017629 1641.7
0.017634 1641.7
0.01764 1641.7
0.017646 1641.7
0.017651 1641.7
0.017657 1641.7
0.017663 1641.7
0.017668 1641.7
0.017674 1641.7
0.01768 1641.7
0.017685 1641.7
0.017691 1641.7
0.017697 1641.7
0.017702 1641.7
0.017708 1641.7
0.017714 1641.7
0.017719 1641.7
0.017725 1641.7
0.01773 1641.7
0.017736 1641.7
0.017742 1641.7
0.017747 1641.7
0.017753 1641.7
0.017759 1641.7
0.017764 1641.7
0.01777 1641.7
0.017776 1641.7
0.017781 1641.7
0.017787 1641.7
0.017793 1641.7
0.017798 1641.7
0.017804 1641.7
0.01781 1641.7
0.017815 1641.7
0.017821 1641.7
0.017827 1641.7
0.017832 1641.7
0.017838 1641.7
0.017844 1641.7
0.017849 1641.7
0.017855 1641.7
0.01786 1641.7
0.017866 1641.7
0.017872 1641.7
0.017877 1641.7
0.017883 1641.7
0.017889 1641.7
0.017894 1641.7
0.0179 1641.7
0.017906 1641.7
0.017911 1641.7
0.017917 1641.7
0.017923 1641.7
0.017928 1641.7
0.017934 1641.7
0.01794 1641.7
0.017945 1641.7
0.017951 1641.7
0.017957 1641.7
0.017962 1641.7
0.017968 1641.7
0.017974 1641.7
0.017979 1641.7
0.017985 1641.7
0.017991 1641.7
0.017996 1641.7
0.018002 1641.7
0.018008 1641.7
0.018013 1641.7
0.018019 1641.7
0.018024 1641.7
0.01803 1641.7
0.018036 1641.7
0.018041 1641.7
0.018047 1641.7
0.018053 1641.7
0.018058 1641.7
0.018064 1641.7
0.01807 1641.7
0.018075 1641.7
0.018081 1641.7
0.018087 1641.7
0.018092 1641.7
0.018098 1641.7
0.018104 1641.7
0.018109 1641.7
0.018115 1641.7
0.018121 1641.7
0.018126 1641.7
0.018132 1641.7
0.018138 1641.7
0.018143 1641.7
0.018149 1641.7
0.018154 1641.7
0.01816 1641.7
0.018166 1641.7
0.018171 1641.7
0.018177 1641.7
0.018183 1641.7
0.018188 1641.7
0.018194 1641.7
0.0182 1641.7
0.018205 1641.7
0.018211 1641.7
0.018217 1641.7
0.018222 1641.7
0.018228 1641.7
0.018234 1641.7
0.018239 1641.7
0.018245 1641.7
0.018251 1641.7
0.018256 1641.7
0.018262 1641.7
0.018268 1641.7
0.018273 1641.7
0.018279 1641.7
0.018285 1641.7
0.01829 1641.7
0.018296 1641.7
0.018302 1641.7
0.018307 1641.7
0.018313 1641.7
0.018318 1641.7
0.018324 1641.7
0.01833 1641.7
0.018335 1641.7
0.018341 1641.7
0.018347 1641.7
0.018352 1641.7
0.018358 1641.7
0.018364 1641.7
0.018369 1641.7
0.018375 1641.7
0.018381 1641.7
0.018386 1641.7
0.018392 1641.7
0.018398 1641.7
0.018403 1641.7
0.018409 1641.7
0.018415 1641.7
0.01842 1641.7
0.018426 1641.7
0.018432 1641.7
0.018437 1641.7
0.018443 1641.7
0.018448 1641.7
0.018454 1641.7
0.01846 1641.7
0.018465 1641.7
0.018471 1641.7
0.018477 1641.7
0.018482 1641.7
0.018488 1641.7
0.018494 1641.7
0.018499 1641.7
0.018505 1641.7
0.018511 1641.7
0.018516 1641.7
0.018522 1641.7
0.018528 1641.7
0.018533 1641.7
0.018539 1641.7
0.018545 1641.7
0.01855 1641.7
0.018556 1641.7
0.018562 1641.7
0.018567 1641.7
0.018573 1641.7
0.018579 1641.7
0.018584 1641.7
0.01859 1641.7
0.018596 1641.7
0.018601 1641.7
0.018607 1641.7
0.018612 1641.7
0.018618 1641.7
0.018624 1641.7
0.018629 1641.7
0.018635 1641.7
0.018641 1641.7
0.018646 1641.7
0.018652 1641.7
0.018658 1641.7
0.018663 1641.7
0.018669 1641.7
0.018675 1641.7
0.01868 1641.7
0.018686 1641.7
0.018692 1641.7
0.018697 1641.7
0.018703 1641.7
0.018709 1641.7
0.018714 1641.7
0.01872 1641.7
0.018726 1641.7
0.018731 1641.7
0.018737 1641.7
0.018743 1641.7
0.018748 1641.7
0.018754 1641.7
0.018759 1641.7
0.018765 1641.7
0.018771 1641.7
0.018776 1641.7
0.018782 1641.7
0.018788 1641.7
0.018793 1641.7
0.018799 1641.7
0.018805 1641.7
0.01881 1641.7
0.018816 1641.7
0.018822 1641.7
0.018827 1641.7
0.018833 1641.7
0.018839 1641.7
0.018844 1641.7
0.01885 1641.7
0.018856 1641.7
0.018861 1641.7
0.018867 1641.7
0.018873 1641.7
0.018878 1641.7
0.018884 1641.7
0.01889 1641.7
0.018895 1641.7
0.018901 1641.7
0.018906 1641.7
0.018912 1641.7
0.018918 1641.7
0.018923 1641.7
0.018929 1641.7
0.018935 1641.7
0.01894 1641.7
0.018946 1641.7
0.018952 1641.7
0.018957 1641.7
0.018963 1641.7
0.018969 1641.7
0.018974 1641.7
0.01898 1641.7
0.018986 1641.7
0.018991 1641.7
0.018997 1641.7
0.019003 1641.7
0.019008 1641.7
0.019014 1641.7
0.01902 1641.7
0.019025 1641.7
0.019031 1641.7
0.019037 1641.7
0.019042 1641.7
0.019048 1641.7
0.019053 1641.7
0.019059 1641.7
0.019065 1641.7
0.01907 1641.7
0.019076 1641.7
0.019082 1641.7
0.019087 1641.7
0.019093 1641.7
0.019099 1641.7
0.019104 1641.7
0.01911 1641.7
0.019116 1641.7
0.019121 1641.7
0.019127 1641.7
0.019133 1641.7
0.019138 1641.7
0.019144 1641.7
0.01915 1641.7
0.019155 1641.7
0.019161 1641.7
0.019167 1641.7
0.019172 1641.7
0.019178 1641.7
0.019183 1641.7
0.019189 1641.7
0.019195 1641.7
0.0192 1641.7
0.019206 1641.7
0.019212 1641.7
0.019217 1641.7
0.019223 1641.7
0.019229 1641.7
0.019234 1641.7
0.01924 1641.7
0.019246 1641.7
0.019251 1641.7
0.019257 1641.7
0.019263 1641.7
0.019268 1641.7
0.019274 1641.7
0.01928 1641.7
0.019285 1641.7
0.019291 1641.7
0.019297 1641.7
0.019302 1641.7
0.019308 1641.7
0.019314 1641.7
0.019319 1641.7
0.019325 1641.7
0.019331 1641.7
0.019336 1641.7
0.019342 1641.7
0.019347 1641.7
0.019353 1641.7
0.019359 1641.7
0.019364 1641.7
0.01937 1641.7
0.019376 1641.7
0.019381 1641.7
0.019387 1641.7
0.019393 1641.7
0.019398 1641.7
0.019404 1641.7
0.01941 1641.7
0.019415 1641.7
0.019421 1641.7
0.019427 1641.7
0.019432 1641.7
0.019438 1641.7
0.019444 1641.7
0.019449 1641.7
0.019455 1641.7
0.019461 1641.7
0.019466 1641.7
0.019472 1641.7
0.019478 1641.7
0.019483 1641.7
0.019489 1641.7
0.019494 1641.7
0.0195 1641.7
0.019506 1641.7
0.019511 1641.7
0.019517 1641.7
0.019523 1641.7
0.019528 1641.7
0.019534 1641.7
0.01954 1641.7
0.019545 1641.7
0.019551 1641.7
0.019557 1641.7
0.019562 1641.7
0.019568 1641.7
0.019574 1641.7
0.019579 1641.7
0.019585 1641.7
0.019591 1641.7
0.019596 1641.7
0.019602 1641.7
0.019608 1641.7
0.019613 1641.7
0.019619 1641.7
0.019624 1641.7
0.01963 1641.7
0.019636 1641.7
0.019641 1641.7
0.019647 1641.7
0.019653 1641.7
0.019658 1641.7
0.019664 1641.7
0.01967 1641.7
0.019675 1641.7
0.019681 1641.7
0.019687 1641.7
0.019692 1641.7
0.019698 1641.7
0.019704 1641.7
0.019709 1641.7
0.019715 1641.7
0.019721 1641.7
0.019726 1641.7
0.019732 1641.7
0.019738 1641.7
0.019743 1641.7
0.019749 1641.7
0.019755 1641.7
0.01976 1641.7
0.019766 1641.7
0.019772 1641.7
0.019777 1641.7
0.019783 1641.7
0.019788 1641.7
1 1641.7
