5.6538e-06 2.4771e+05
1.1308e-05 2.4771e+05
1.6962e-05 2.4771e+05
2.2615e-05 2.4771e+05
2.8269e-05 2.4771e+05
3.3923e-05 2.4771e+05
3.9577e-05 2.4771e+05
4.5231e-05 2.4771e+05
5.0885e-05 2.4771e+05
5.6538e-05 2.4771e+05
6.2192e-05 2.4771e+05
6.7846e-05 2.4771e+05
7.35e-05 2.4771e+05
7.9154e-05 2.4771e+05
8.4808e-05 2.4771e+05
9.0462e-05 2.4771e+05
9.6115e-05 2.4771e+05
0.00010177 2.4771e+05
0.00010742 2.4771e+05
0.00011308 2.4771e+05
0.00011873 2.4771e+05
0.00012438 2.4771e+05
0.00013004 2.4771e+05
0.00013569 2.4771e+05
0.00014135 2.4771e+05
0.000147 2.4771e+05
0.00015265 2.4771e+05
0.00015831 2.4771e+05
0.00016396 2.4771e+05
0.00016962 2.4771e+05
0.00017527 2.4771e+05
0.00018092 2.4771e+05
0.00018658 2.4771e+05
0.00019223 2.4771e+05
0.00019788 2.4771e+05
0.00020354 2.4771e+05
0.00020919 2.4771e+05
0.00021485 2.4771e+05
0.0002205 2.4771e+05
0.00022615 2.4771e+05
0.00023181 2.4771e+05
0.00023746 2.4771e+05
0.00024312 2.4771e+05
0.00024877 2.4771e+05
0.00025442 2.4771e+05
0.00026008 2.4771e+05
0.00026573 2.4771e+05
0.00027138 2.4771e+05
0.00027704 2.4771e+05
0.00028269 2.4771e+05
0.00028835 2.4771e+05
0.000294 2.4771e+05
0.00029965 2.4771e+05
0.00030531 2.4771e+05
0.00031096 2.4771e+05
0.00031662 2.4771e+05
0.00032227 2.4771e+05
0.00032792 2.4771e+05
0.00033358 2.4771e+05
0.00033923 2.4771e+05
0.00034488 2.4771e+05
0.00035054 2.4771e+05
0.00035619 2.4771e+05
0.00036185 2.4771e+05
0.0003675 2.4771e+05
0.00037315 2.4771e+05
0.00037881 2.4771e+05
0.00038446 2.4771e+05
0.00039012 2.4771e+05
0.00039577 2.4771e+05
0.00040142 2.4771e+05
0.00040708 2.4771e+05
0.00041273 2.4771e+05
0.00041838 2.4771e+05
0.00042404 2.4771e+05
0.00042969 2.4771e+05
0.00043535 2.4771e+05
0.000441 2.4771e+05
0.00044665 2.4771e+05
0.00045231 2.4771e+05
0.00045796 2.4771e+05
0.00046362 2.4771e+05
0.00046927 2.4771e+05
0.00047492 2.4771e+05
0.00048058 2.4771e+05
0.00048623 2.4771e+05
0.00049188 2.4771e+05
0.00049754 2.4771e+05
0.00050319 2.4771e+05
0.00050885 2.4771e+05
0.0005145 2.4771e+05
0.00052015 2.4771e+05
0.00052581 2.4771e+05
0.00053146 2.4771e+05
0.00053712 2.4771e+05
0.00054277 2.4771e+05
0.00054842 2.4771e+05
0.00055408 2.4771e+05
0.00055973 2.4771e+05
0.00056538 2.4771e+05
0.00057104 2.4771e+05
0.00057669 2.4771e+05
0.00058235 2.4771e+05
0.000588 2.4771e+05
0.00059365 2.4771e+05
0.00059931 2.4771e+05
0.00060496 2.4771e+05
0.00061062 2.4771e+05
0.00061627 2.4771e+05
0.00062192 2.4771e+05
0.00062758 2.4771e+05
0.00063323 2.4771e+05
0.00063888 2.4771e+05
0.00064454 2.4771e+05
0.00065019 2.4771e+05
0.00065585 2.4771e+05
0.0006615 2.4771e+05
0.00066715 2.4771e+05
0.00067281 2.4771e+05
0.00067846 2.4771e+05
0.00068412 2.4771e+05
0.00068977 2.4771e+05
0.00069542 2.4771e+05
0.00070108 2.4771e+05
0.00070673 2.4771e+05
0.00071238 2.4771e+05
0.00071804 2.4771e+05
0.00072369 2.4771e+05
0.00072935 2.4771e+05
0.000735 2.4771e+05
0.00074065 2.4771e+05
0.00074631 2.4771e+05
0.00075196 2.4771e+05
0.00075762 2.4771e+05
0.00076327 2.4771e+05
0.00076892 2.4771e+05
0.00077458 2.4771e+05
0.00078023 2.4771e+05
0.00078588 2.4771e+05
0.00079154 2.4771e+05
0.00079719 2.4771e+05
0.00080285 2.4771e+05
0.0008085 2.4771e+05
0.00081415 2.4771e+05
0.00081981 2.4771e+05
0.00082546 2.4771e+05
0.00083112 2.4771e+05
0.00083677 2.4771e+05
0.00084242 2.4771e+05
0.00084808 2.4771e+05
0.00085373 2.4771e+05
0.00085938 2.4771e+05
0.00086504 2.4771e+05
0.00087069 2.4771e+05
0.00087635 2.4771e+05
0.000882 2.4771e+05
0.00088765 2.4771e+05
0.00089331 2.4771e+05
0.00089896 2.4771e+05
0.00090462 2.4771e+05
0.00091027 2.4771e+05
0.00091592 2.4771e+05
0.00092158 2.4771e+05
0.00092723 2.4771e+05
0.00093288 2.4771e+05
0.00093854 2.4771e+05
0.00094419 2.4771e+05
0.00094985 2.4771e+05
0.0009555 2.4771e+05
0.00096115 2.4771e+05
0.00096681 2.4771e+05
0.00097246 2.4771e+05
0.00097812 2.4771e+05
0.00098377 2.4771e+05
0.00098942 2.4771e+05
0.00099508 2.4771e+05
0.0010007 2.4771e+05
0.0010064 2.4771e+05
0.001012 2.4771e+05
0.0010177 2.4771e+05
0.0010233 2.4771e+05
0.001029 2.4771e+05
0.0010347 2.4771e+05
0.0010403 2.4771e+05
0.001046 2.4771e+05
0.0010516 2.4771e+05
0.0010573 2.4771e+05
0.0010629 2.4771e+05
0.0010686 2.4771e+05
0.0010742 2.4771e+05
0.0010799 2.4771e+05
0.0010855 2.4771e+05
0.0010912 2.4771e+05
0.0010968 2.4771e+05
0.0011025 2.4771e+05
0.0011082 2.4771e+05
0.0011138 2.4771e+05
0.0011195 2.4771e+05
0.0011251 2.4771e+05
0.0011308 2.4771e+05
0.0011364 2.4771e+05
0.0011421 2.4771e+05
0.0011477 2.4771e+05
0.0011534 2.4771e+05
0.001159 2.4771e+05
0.0011647 2.4771e+05
0.0011703 2.4771e+05
0.001176 2.4771e+05
0.0011817 2.4771e+05
0.0011873 2.4771e+05
0.001193 2.4771e+05
0.0011986 2.4771e+05
0.0012043 2.4771e+05
0.0012099 2.4771e+05
0.0012156 2.4771e+05
0.0012212 2.4771e+05
0.0012269 2.4771e+05
0.0012325 2.4771e+05
0.0012382 2.4771e+05
0.0012438 2.4771e+05
0.0012495 2.4771e+05
0.0012552 2.4771e+05
0.0012608 2.4771e+05
0.0012665 2.4771e+05
0.0012721 2.4771e+05
0.0012778 2.4771e+05
0.0012834 2.4771e+05
0.0012891 2.4771e+05
0.0012947 2.4771e+05
0.0013004 2.4771e+05
0.001306 2.4771e+05
0.0013117 2.4771e+05
0.0013173 2.4771e+05
0.001323 2.4771e+05
0.0013287 2.4771e+05
0.0013343 2.4771e+05
0.00134 2.4771e+05
0.0013456 2.4771e+05
0.0013513 2.4771e+05
0.0013569 2.4771e+05
0.0013626 2.4771e+05
0.0013682 2.4771e+05
0.0013739 2.4771e+05
0.0013795 2.4771e+05
0.0013852 2.4771e+05
0.0013908 2.4771e+05
0.0013965 2.4771e+05
0.0014022 2.4771e+05
0.0014078 2.4771e+05
0.0014135 2.4771e+05
0.0014191 2.4771e+05
0.0014248 2.4771e+05
0.0014304 2.4771e+05
0.0014361 2.4771e+05
0.0014417 2.4771e+05
0.0014474 2.4771e+05
0.001453 2.4771e+05
0.0014587 2.4771e+05
0.0014643 2.4771e+05
0.00147 2.4771e+05
0.0014757 2.4771e+05
0.0014813 2.4771e+05
0.001487 2.4771e+05
0.0014926 2.4771e+05
0.0014983 2.4771e+05
0.0015039 2.4771e+05
0.0015096 2.4771e+05
0.0015152 2.4771e+05
0.0015209 2.4771e+05
0.0015265 2.4771e+05
0.0015322 2.4771e+05
0.0015378 2.4771e+05
0.0015435 2.4771e+05
0.0015492 2.4771e+05
0.0015548 2.4771e+05
0.0015605 2.4771e+05
0.0015661 2.4771e+05
0.0015718 2.4771e+05
0.0015774 2.4771e+05
0.0015831 2.4771e+05
0.0015887 2.4771e+05
0.0015944 2.4771e+05
0.0016 2.4771e+05
0.0016057 2.4771e+05
0.0016113 2.4771e+05
0.001617 2.4771e+05
0.0016227 2.4771e+05
0.0016283 2.4771e+05
0.001634 2.4771e+05
0.0016396 2.4771e+05
0.0016453 2.4771e+05
0.0016509 2.4771e+05
0.0016566 2.4771e+05
0.0016622 2.4771e+05
0.0016679 2.4771e+05
0.0016735 2.4771e+05
0.0016792 2.4771e+05
0.0016848 2.4771e+05
0.0016905 2.4771e+05
0.0016962 2.4771e+05
0.0017018 2.4771e+05
0.0017075 2.4771e+05
0.0017131 2.4771e+05
0.0017188 2.4771e+05
0.0017244 2.4771e+05
0.0017301 2.4771e+05
0.0017357 2.4771e+05
0.0017414 2.4771e+05
0.001747 2.4771e+05
0.0017527 2.4771e+05
0.0017583 2.4771e+05
0.001764 2.4771e+05
0.0017697 2.4771e+05
0.0017753 2.4771e+05
0.001781 2.4771e+05
0.0017866 2.4771e+05
0.0017923 2.4771e+05
0.0017979 2.4771e+05
0.0018036 2.4771e+05
0.0018092 2.4771e+05
0.0018149 2.4771e+05
0.0018205 2.4771e+05
0.0018262 2.4771e+05
0.0018318 2.4771e+05
0.0018375 2.4771e+05
0.0018432 2.4771e+05
0.0018488 2.4771e+05
0.0018545 2.4771e+05
0.0018601 2.4771e+05
0.0018658 2.4771e+05
0.0018714 2.4771e+05
0.0018771 2.4771e+05
0.0018827 2.4771e+05
0.0018884 2.4771e+05
0.001894 2.4771e+05
0.0018997 2.4771e+05
0.0019053 2.4771e+05
0.001911 2.4771e+05
0.0019167 2.4771e+05
0.0019223 2.4771e+05
0.001928 2.4771e+05
0.0019336 2.4771e+05
0.0019393 2.4771e+05
0.0019449 2.4771e+05
0.0019506 2.4771e+05
0.0019562 2.4771e+05
0.0019619 2.4771e+05
0.0019675 2.4771e+05
0.0019732 2.4771e+05
0.0019788 2.4771e+05
0.0019845 2.4771e+05
0.0019902 2.4771e+05
0.0019958 2.4771e+05
0.0020015 2.4771e+05
0.0020071 2.4771e+05
0.0020128 2.4771e+05
0.0020184 2.4771e+05
0.0020241 2.4771e+05
0.0020297 2.4771e+05
0.0020354 2.4771e+05
0.002041 2.4771e+05
0.0020467 2.4771e+05
0.0020523 2.4771e+05
0.002058 2.4771e+05
0.0020637 2.4771e+05
0.0020693 2.4771e+05
0.002075 2.4771e+05
0.0020806 2.4771e+05
0.0020863 2.4771e+05
0.0020919 2.4771e+05
0.0020976 2.4771e+05
0.0021032 2.4771e+05
0.0021089 2.4771e+05
0.0021145 2.4771e+05
0.0021202 2.4771e+05
0.0021258 2.4771e+05
0.0021315 2.4771e+05
0.0021372 2.4771e+05
0.0021428 2.4771e+05
0.0021485 2.4771e+05
0.0021541 2.4771e+05
0.0021598 2.4771e+05
0.0021654 2.4771e+05
0.0021711 2.4771e+05
0.0021767 2.4771e+05
0.0021824 2.4771e+05
0.002188 2.4771e+05
0.0021937 2.4771e+05
0.0021993 2.4771e+05
0.002205 2.4771e+05
0.0022107 2.4771e+05
0.0022163 2.4771e+05
0.002222 2.4771e+05
0.0022276 2.4771e+05
0.0022333 2.4771e+05
0.0022389 2.4771e+05
0.0022446 2.4771e+05
0.0022502 2.4771e+05
0.0022559 2.4771e+05
0.0022615 2.4771e+05
0.0022672 2.4771e+05
0.0022728 2.4771e+05
0.0022785 2.4771e+05
0.0022842 2.4771e+05
0.0022898 2.4771e+05
0.0022955 2.4771e+05
0.0023011 2.4771e+05
0.0023068 2.4771e+05
0.0023124 2.4771e+05
0.0023181 2.4771e+05
0.0023237 2.4771e+05
0.0023294 2.4771e+05
0.002335 2.4771e+05
0.0023407 2.4771e+05
0.0023463 2.4771e+05
0.002352 2.4771e+05
0.0023577 2.4771e+05
0.0023633 2.4771e+05
0.002369 2.4771e+05
0.0023746 2.4771e+05
0.0023803 2.4771e+05
0.0023859 2.4771e+05
0.0023916 2.4771e+05
0.0023972 2.4771e+05
0.0024029 2.4771e+05
0.0024085 2.4771e+05
0.0024142 2.4771e+05
0.0024198 2.4771e+05
0.0024255 2.4771e+05
0.0024312 2.4771e+05
0.0024368 2.4771e+05
0.0024425 2.4771e+05
0.0024481 2.4771e+05
0.0024538 2.4771e+05
0.0024594 2.4771e+05
0.0024651 2.4771e+05
0.0024707 2.4771e+05
0.0024764 2.4771e+05
0.002482 2.4771e+05
0.0024877 2.4771e+05
0.0024933 2.4771e+05
0.002499 2.4771e+05
0.0025047 2.4771e+05
0.0025103 2.4771e+05
0.002516 2.4771e+05
0.0025216 2.4771e+05
0.0025273 2.4771e+05
0.0025329 2.4771e+05
0.0025386 2.4771e+05
0.0025442 2.4771e+05
0.0025499 2.4771e+05
0.0025555 2.4771e+05
0.0025612 2.4771e+05
0.0025668 2.4771e+05
0.0025725 2.4771e+05
0.0025782 2.4771e+05
0.0025838 2.4771e+05
0.0025895 2.4771e+05
0.0025951 2.4771e+05
0.0026008 2.4771e+05
0.0026064 2.4771e+05
0.0026121 2.4771e+05
0.0026177 2.4771e+05
0.0026234 2.4771e+05
0.002629 2.4771e+05
0.0026347 2.4771e+05
0.0026403 2.4771e+05
0.002646 2.4771e+05
0.0026517 2.4771e+05
0.0026573 2.4771e+05
0.002663 2.4771e+05
0.0026686 2.4771e+05
0.0026743 2.4771e+05
0.0026799 2.4771e+05
0.0026856 2.4771e+05
0.0026912 2.4771e+05
0.0026969 2.4771e+05
0.0027025 2.4771e+05
0.0027082 2.4771e+05
0.0027138 2.4771e+05
0.0027195 2.4771e+05
0.0027252 2.4771e+05
0.0027308 2.4771e+05
0.0027365 2.4771e+05
0.0027421 2.4771e+05
0.0027478 2.4771e+05
0.0027534 2.4771e+05
0.0027591 2.4771e+05
0.0027647 2.4771e+05
0.0027704 2.4771e+05
0.002776 2.4771e+05
0.0027817 2.4771e+05
0.0027873 2.4771e+05
0.002793 2.4771e+05
0.0027987 2.4771e+05
0.0028043 2.4771e+05
0.00281 2.4771e+05
0.0028156 2.4771e+05
0.0028213 2.4771e+05
0.0028269 2.4771e+05
0.0028326 2.4771e+05
0.0028382 2.4771e+05
0.0028439 2.4771e+05
0.0028495 2.4771e+05
0.0028552 2.4771e+05
0.0028608 2.4771e+05
0.0028665 2.4771e+05
0.0028722 2.4771e+05
0.0028778 2.4771e+05
0.0028835 2.4771e+05
0.0028891 2.4771e+05
0.0028948 2.4771e+05
0.0029004 2.4771e+05
0.0029061 2.4771e+05
0.0029117 2.4771e+05
0.0029174 2.4771e+05
0.002923 2.4771e+05
0.0029287 2.4771e+05
0.0029343 2.4771e+05
0.00294 2.4771e+05
0.0029457 2.4771e+05
0.0029513 2.4771e+05
0.002957 2.4771e+05
0.0029626 2.4771e+05
0.0029683 2.4771e+05
0.0029739 2.4771e+05
0.0029796 2.4771e+05
0.0029852 2.4771e+05
0.0029909 2.4771e+05
0.0029965 2.4771e+05
0.0030022 2.4771e+05
0.0030078 2.4771e+05
0.0030135 2.4771e+05
0.0030192 2.4771e+05
0.0030248 2.4771e+05
0.0030305 2.4771e+05
0.0030361 2.4771e+05
0.0030418 2.4771e+05
0.0030474 2.4771e+05
0.0030531 2.4771e+05
0.0030587 2.4771e+05
0.0030644 2.4771e+05
0.00307 2.4771e+05
0.0030757 2.4771e+05
0.0030813 2.4771e+05
0.003087 2.4771e+05
0.0030927 2.4771e+05
0.0030983 2.4771e+05
0.003104 2.4771e+05
0.0031096 2.4771e+05
0.0031153 2.4771e+05
0.0031209 2.4771e+05
0.0031266 2.4771e+05
0.0031322 2.4771e+05
0.0031379 2.4771e+05
0.0031435 2.4771e+05
0.0031492 2.4771e+05
0.0031548 2.4771e+05
0.0031605 2.4771e+05
0.0031662 2.4771e+05
0.0031718 2.4771e+05
0.0031775 2.4771e+05
0.0031831 2.4771e+05
0.0031888 2.4771e+05
0.0031944 2.4771e+05
0.0032001 2.4771e+05
0.0032057 2.4771e+05
0.0032114 2.4771e+05
0.003217 2.4771e+05
0.0032227 2.4771e+05
0.0032283 2.4771e+05
0.003234 2.4771e+05
0.0032397 2.4771e+05
0.0032453 2.4771e+05
0.003251 2.4771e+05
0.0032566 2.4771e+05
0.0032623 2.4771e+05
0.0032679 2.4771e+05
0.0032736 2.4771e+05
0.0032792 2.4771e+05
0.0032849 2.4771e+05
0.0032905 2.4771e+05
0.0032962 2.4771e+05
0.0033018 2.4771e+05
0.0033075 2.4771e+05
0.0033132 2.4771e+05
0.0033188 2.4771e+05
0.0033245 2.4771e+05
0.0033301 2.4771e+05
0.0033358 2.4771e+05
0.0033414 2.4771e+05
0.0033471 2.4771e+05
0.0033527 2.4771e+05
0.0033584 2.4771e+05
0.003364 2.4771e+05
0.0033697 2.4771e+05
0.0033753 2.4771e+05
0.003381 2.4771e+05
0.0033867 2.4771e+05
0.0033923 2.4771e+05
0.003398 2.4771e+05
0.0034036 2.4771e+05
0.0034093 2.4771e+05
0.0034149 2.4771e+05
0.0034206 2.4771e+05
0.0034262 2.4771e+05
0.0034319 2.4771e+05
0.0034375 2.4771e+05
0.0034432 2.4771e+05
0.0034488 2.4771e+05
0.0034545 2.4771e+05
0.0034602 2.4771e+05
0.0034658 2.4771e+05
0.0034715 2.4771e+05
0.0034771 2.4771e+05
0.0034828 2.4771e+05
0.0034884 2.4771e+05
0.0034941 2.4771e+05
0.0034997 2.4771e+05
0.0035054 2.4771e+05
0.003511 2.4771e+05
0.0035167 2.4771e+05
0.0035223 2.4771e+05
0.003528 2.4771e+05
0.0035337 2.4771e+05
0.0035393 2.4771e+05
0.003545 2.4771e+05
0.0035506 2.4771e+05
0.0035563 2.4771e+05
0.0035619 2.4771e+05
0.0035676 2.4771e+05
0.0035732 2.4771e+05
0.0035789 2.4771e+05
0.0035845 2.4771e+05
0.0035902 2.4771e+05
0.0035958 2.4771e+05
0.0036015 2.4771e+05
0.0036072 2.4771e+05
0.0036128 2.4771e+05
0.0036185 2.4771e+05
0.0036241 2.4771e+05
0.0036298 2.4771e+05
0.0036354 2.4771e+05
0.0036411 2.4771e+05
0.0036467 2.4771e+05
0.0036524 2.4771e+05
0.003658 2.4771e+05
0.0036637 2.4771e+05
0.0036693 2.4771e+05
0.003675 2.4771e+05
0.0036807 2.4771e+05
0.0036863 2.4771e+05
0.003692 2.4771e+05
0.0036976 2.4771e+05
0.0037033 2.4771e+05
0.0037089 2.4771e+05
0.0037146 2.4771e+05
0.0037202 2.4771e+05
0.0037259 2.4771e+05
0.0037315 2.4771e+05
0.0037372 2.4771e+05
0.0037428 2.4771e+05
0.0037485 2.4771e+05
0.0037542 2.4771e+05
0.0037598 2.4771e+05
0.0037655 2.4771e+05
0.0037711 2.4771e+05
0.0037768 2.4771e+05
0.0037824 2.4771e+05
0.0037881 2.4771e+05
0.0037937 2.4771e+05
0.0037994 2.4771e+05
0.003805 2.4771e+05
0.0038107 2.4771e+05
0.0038163 2.4771e+05
0.003822 2.4771e+05
0.0038277 2.4771e+05
0.0038333 2.4771e+05
0.003839 2.4771e+05
0.0038446 2.4771e+05
0.0038503 2.4771e+05
0.0038559 2.4771e+05
0.0038616 2.4771e+05
0.0038672 2.4771e+05
0.0038729 2.4771e+05
0.0038785 2.4771e+05
0.0038842 2.4771e+05
0.0038898 2.4771e+05
0.0038955 2.4771e+05
0.0039012 2.4771e+05
0.0039068 2.4771e+05
0.0039125 2.4771e+05
0.0039181 2.4771e+05
0.0039238 2.4771e+05
0.0039294 2.4771e+05
0.0039351 2.4771e+05
0.0039407 2.4771e+05
0.0039464 2.4771e+05
0.003952 2.4771e+05
0.0039577 2.4771e+05
0.0039633 2.4771e+05
0.003969 2.4771e+05
0.0039747 2.4771e+05
0.0039803 2.4771e+05
0.003986 2.4771e+05
0.0039916 2.4771e+05
0.0039973 2.4771e+05
0.0040029 2.4771e+05
0.0040086 2.4771e+05
0.0040142 2.4771e+05
0.0040199 2.4771e+05
0.0040255 2.4771e+05
0.0040312 2.4771e+05
0.0040368 2.4771e+05
0.0040425 2.4771e+05
0.0040482 2.4771e+05
0.0040538 2.4771e+05
0.0040595 2.4771e+05
0.0040651 2.4771e+05
0.0040708 2.4771e+05
0.0040764 2.4771e+05
0.0040821 2.4771e+05
0.0040877 2.4771e+05
0.0040934 2.4771e+05
0.004099 2.4771e+05
0.0041047 2.4771e+05
0.0041103 2.4771e+05
0.004116 2.4771e+05
0.0041217 2.4771e+05
0.0041273 2.4771e+05
0.004133 2.4771e+05
0.0041386 2.4771e+05
0.0041443 2.4771e+05
0.0041499 2.4771e+05
0.0041556 2.4771e+05
0.0041612 2.4771e+05
0.0041669 2.4771e+05
0.0041725 2.4771e+05
0.0041782 2.4771e+05
0.0041838 2.4771e+05
0.0041895 2.4771e+05
0.0041952 2.4771e+05
0.0042008 2.4771e+05
0.0042065 2.4771e+05
0.0042121 2.4771e+05
0.0042178 2.4771e+05
0.0042234 2.4771e+05
0.0042291 2.4771e+05
0.0042347 2.4771e+05
0.0042404 2.4771e+05
0.004246 2.4771e+05
0.0042517 2.4771e+05
0.0042573 2.4771e+05
0.004263 2.4771e+05
0.0042687 2.4771e+05
0.0042743 2.4771e+05
0.00428 2.4771e+05
0.0042856 2.4771e+05
0.0042913 2.4771e+05
0.0042969 2.4771e+05
0.0043026 2.4771e+05
0.0043082 2.4771e+05
0.0043139 2.4771e+05
0.0043195 2.4771e+05
0.0043252 2.4771e+05
0.0043308 2.4771e+05
0.0043365 2.4771e+05
0.0043422 2.4771e+05
0.0043478 2.4771e+05
0.0043535 2.4771e+05
0.0043591 2.4771e+05
0.0043648 2.4771e+05
0.0043704 2.4771e+05
0.0043761 2.4771e+05
0.0043817 2.4771e+05
0.0043874 2.4771e+05
0.004393 2.4771e+05
0.0043987 2.4771e+05
0.0044043 2.4771e+05
0.00441 2.4771e+05
0.0044157 2.4771e+05
0.0044213 2.4771e+05
0.004427 2.4771e+05
0.0044326 2.4771e+05
0.0044383 2.4771e+05
0.0044439 2.4771e+05
0.0044496 2.4771e+05
0.0044552 2.4771e+05
0.0044609 2.4771e+05
0.0044665 2.4771e+05
0.0044722 2.4771e+05
0.0044778 2.4771e+05
0.0044835 2.4771e+05
0.0044892 2.4771e+05
0.0044948 2.4771e+05
0.0045005 2.4771e+05
0.0045061 2.4771e+05
0.0045118 2.4771e+05
0.0045174 2.4771e+05
0.0045231 2.4771e+05
0.0045287 2.4771e+05
0.0045344 2.4771e+05
0.00454 2.4771e+05
0.0045457 2.4771e+05
0.0045513 2.4771e+05
0.004557 2.4771e+05
0.0045627 2.4771e+05
0.0045683 2.4771e+05
0.004574 2.4771e+05
0.0045796 2.4771e+05
0.0045853 2.4771e+05
0.0045909 2.4771e+05
0.0045966 2.4771e+05
0.0046022 2.4771e+05
0.0046079 2.4771e+05
0.0046135 2.4771e+05
0.0046192 2.4771e+05
0.0046248 2.4771e+05
0.0046305 2.4771e+05
0.0046362 2.4771e+05
0.0046418 2.4771e+05
0.0046475 2.4771e+05
0.0046531 2.4771e+05
0.0046588 2.4771e+05
0.0046644 2.4771e+05
0.0046701 2.4771e+05
0.0046757 2.4771e+05
0.0046814 2.4771e+05
0.004687 2.4771e+05
0.0046927 2.4771e+05
0.0046983 2.4771e+05
0.004704 2.4771e+05
0.0047097 2.4771e+05
0.0047153 2.4771e+05
0.004721 2.4771e+05
0.0047266 2.4771e+05
0.0047323 2.4771e+05
0.0047379 2.4771e+05
0.0047436 2.4771e+05
0.0047492 2.4771e+05
0.0047549 2.4771e+05
0.0047605 2.4771e+05
0.0047662 2.4771e+05
0.0047718 2.4771e+05
0.0047775 2.4771e+05
0.0047832 2.4771e+05
0.0047888 2.4771e+05
0.0047945 2.4771e+05
0.0048001 2.4771e+05
0.0048058 2.4771e+05
0.0048114 2.4771e+05
0.0048171 2.4771e+05
0.0048227 2.4771e+05
0.0048284 2.4771e+05
0.004834 2.4771e+05
0.0048397 2.4771e+05
0.0048453 2.4771e+05
0.004851 2.4771e+05
0.0048567 2.4771e+05
0.0048623 2.4771e+05
0.004868 2.4771e+05
0.0048736 2.4771e+05
0.0048793 2.4771e+05
0.0048849 2.4771e+05
0.0048906 2.4771e+05
0.0048962 2.4771e+05
0.0049019 2.4771e+05
0.0049075 2.4771e+05
0.0049132 2.4771e+05
0.0049188 2.4771e+05
0.0049245 2.4771e+05
0.0049302 2.4771e+05
0.0049358 2.4771e+05
0.0049415 2.4771e+05
0.0049471 2.4771e+05
0.0049528 2.4771e+05
0.0049584 2.4771e+05
0.0049641 2.4771e+05
0.0049697 2.4771e+05
0.0049754 2.4771e+05
0.004981 2.4771e+05
0.0049867 2.4771e+05
0.0049923 2.4771e+05
0.004998 2.4771e+05
0.0050037 2.4771e+05
0.0050093 2.4771e+05
0.005015 2.4771e+05
0.0050206 2.4771e+05
0.0050263 2.4771e+05
0.0050319 2.4771e+05
0.0050376 2.4771e+05
0.0050432 2.4771e+05
0.0050489 2.4771e+05
0.0050545 2.4771e+05
0.0050602 2.4771e+05
0.0050658 2.4771e+05
0.0050715 2.4771e+05
0.0050772 2.4771e+05
0.0050828 2.4771e+05
0.0050885 2.4771e+05
0.0050941 2.4771e+05
0.0050998 2.4771e+05
0.0051054 2.4771e+05
0.0051111 2.4771e+05
0.0051167 2.4771e+05
0.0051224 2.4771e+05
0.005128 2.4771e+05
0.0051337 2.4771e+05
0.0051393 2.4771e+05
0.005145 2.4771e+05
0.0051507 2.4771e+05
0.0051563 2.4771e+05
0.005162 2.4771e+05
0.0051676 2.4771e+05
0.0051733 2.4771e+05
0.0051789 2.4771e+05
0.0051846 2.4771e+05
0.0051902 2.4771e+05
0.0051959 2.4771e+05
0.0052015 2.4771e+05
0.0052072 2.4771e+05
0.0052128 2.4771e+05
0.0052185 2.4771e+05
0.0052242 2.4771e+05
0.0052298 2.4771e+05
0.0052355 2.4771e+05
0.0052411 2.4771e+05
0.0052468 2.4771e+05
0.0052524 2.4771e+05
0.0052581 2.4771e+05
0.0052637 2.4771e+05
0.0052694 2.4771e+05
0.005275 2.4771e+05
0.0052807 2.4771e+05
0.0052863 2.4771e+05
0.005292 2.4771e+05
0.0052977 2.4771e+05
0.0053033 2.4771e+05
0.005309 2.4771e+05
0.0053146 2.4771e+05
0.0053203 2.4771e+05
0.0053259 2.4771e+05
0.0053316 2.4771e+05
0.0053372 2.4771e+05
0.0053429 2.4771e+05
0.0053485 2.4771e+05
0.0053542 2.4771e+05
0.0053598 2.4771e+05
0.0053655 2.4771e+05
0.0053712 2.4771e+05
0.0053768 2.4771e+05
0.0053825 2.4771e+05
0.0053881 2.4771e+05
0.0053938 2.4771e+05
0.0053994 2.4771e+05
0.0054051 2.4771e+05
0.0054107 2.4771e+05
0.0054164 2.4771e+05
0.005422 2.4771e+05
0.0054277 2.4771e+05
0.0054333 2.4771e+05
0.005439 2.4771e+05
0.0054447 2.4771e+05
0.0054503 2.4771e+05
0.005456 2.4771e+05
0.0054616 2.4771e+05
0.0054673 2.4771e+05
0.0054729 2.4771e+05
0.0054786 2.4771e+05
0.0054842 2.4771e+05
0.0054899 2.4771e+05
0.0054955 2.4771e+05
0.0055012 2.4771e+05
0.0055068 2.4771e+05
0.0055125 2.4771e+05
0.0055182 2.4771e+05
0.0055238 2.4771e+05
0.0055295 2.4771e+05
0.0055351 2.4771e+05
0.0055408 2.4771e+05
0.0055464 2.4771e+05
0.0055521 2.4771e+05
0.0055577 2.4771e+05
0.0055634 2.4771e+05
0.005569 2.4771e+05
0.0055747 2.4771e+05
0.0055803 2.4771e+05
0.005586 2.4771e+05
0.0055917 2.4771e+05
0.0055973 2.4771e+05
0.005603 2.4771e+05
0.0056086 2.4771e+05
0.0056143 2.4771e+05
0.0056199 2.4771e+05
0.0056256 2.4771e+05
0.0056312 2.4771e+05
0.0056369 2.4771e+05
0.0056425 2.4771e+05
0.0056482 2.4771e+05
0.0056538 2.4771e+05
0.0056595 2.4771e+05
0.0056652 2.4771e+05
0.0056708 2.4771e+05
0.0056765 2.4771e+05
0.0056821 2.4771e+05
0.0056878 2.4771e+05
0.0056934 2.4771e+05
0.0056991 2.4771e+05
0.0057047 2.4771e+05
0.0057104 2.4771e+05
0.005716 2.4771e+05
0.0057217 2.4771e+05
0.0057273 2.4771e+05
0.005733 2.4771e+05
0.0057387 2.4771e+05
0.0057443 2.4771e+05
0.00575 2.4771e+05
0.0057556 2.4771e+05
0.0057613 2.4771e+05
0.0057669 2.4771e+05
0.0057726 2.4771e+05
0.0057782 2.4771e+05
0.0057839 2.4771e+05
0.0057895 2.4771e+05
0.0057952 2.4771e+05
0.0058008 2.4771e+05
0.0058065 2.4771e+05
0.0058122 2.4771e+05
0.0058178 2.4771e+05
0.0058235 2.4771e+05
0.0058291 2.4771e+05
0.0058348 2.4771e+05
0.0058404 2.4771e+05
0.0058461 2.4771e+05
0.0058517 2.4771e+05
0.0058574 2.4771e+05
0.005863 2.4771e+05
0.0058687 2.4771e+05
0.0058743 2.4771e+05
0.00588 2.4771e+05
0.0058857 2.4771e+05
0.0058913 2.4771e+05
0.005897 2.4771e+05
0.0059026 2.4771e+05
0.0059083 2.4771e+05
0.0059139 2.4771e+05
0.0059196 2.4771e+05
0.0059252 2.4771e+05
0.0059309 2.4771e+05
0.0059365 2.4771e+05
0.0059422 2.4771e+05
0.0059478 2.4771e+05
0.0059535 2.4771e+05
0.0059592 2.4771e+05
0.0059648 2.4771e+05
0.0059705 2.4771e+05
0.0059761 2.4771e+05
0.0059818 2.4771e+05
0.0059874 2.4771e+05
0.0059931 2.4771e+05
0.0059987 2.4771e+05
0.0060044 2.4771e+05
0.00601 2.4771e+05
0.0060157 2.4771e+05
0.0060213 2.4771e+05
0.006027 2.4771e+05
0.0060327 2.4771e+05
0.0060383 2.4771e+05
0.006044 2.4771e+05
0.0060496 2.4771e+05
0.0060553 2.4771e+05
0.0060609 2.4771e+05
0.0060666 2.4771e+05
0.0060722 2.4771e+05
0.0060779 2.4771e+05
0.0060835 2.4771e+05
0.0060892 2.4771e+05
0.0060948 2.4771e+05
0.0061005 2.4771e+05
0.0061062 2.4771e+05
0.0061118 2.4771e+05
0.0061175 2.4771e+05
0.0061231 2.4771e+05
0.0061288 2.4771e+05
0.0061344 2.4771e+05
0.0061401 2.4771e+05
0.0061457 2.4771e+05
0.0061514 2.4771e+05
0.006157 2.4771e+05
0.0061627 2.4771e+05
0.0061683 2.4771e+05
0.006174 2.4771e+05
0.0061797 2.4771e+05
0.0061853 2.4771e+05
0.006191 2.4771e+05
0.0061966 2.4771e+05
0.0062023 2.4771e+05
0.0062079 2.4771e+05
0.0062136 2.4771e+05
0.0062192 2.4771e+05
0.0062249 2.4771e+05
0.0062305 2.4771e+05
0.0062362 2.4771e+05
0.0062418 2.4771e+05
0.0062475 2.4771e+05
0.0062532 2.4771e+05
0.0062588 2.4771e+05
0.0062645 2.4771e+05
0.0062701 2.4771e+05
0.0062758 2.4771e+05
0.0062814 2.4771e+05
0.0062871 2.4771e+05
0.0062927 2.4771e+05
0.0062984 2.4771e+05
0.006304 2.4771e+05
0.0063097 2.4771e+05
0.0063153 2.4771e+05
0.006321 2.4771e+05
0.0063267 2.4771e+05
0.0063323 2.4771e+05
0.006338 2.4771e+05
0.0063436 2.4771e+05
0.0063493 2.4771e+05
0.0063549 2.4771e+05
0.0063606 2.4771e+05
0.0063662 2.4771e+05
0.0063719 2.4771e+05
0.0063775 2.4771e+05
0.0063832 2.4771e+05
0.0063888 2.4771e+05
0.0063945 2.4771e+05
0.0064002 2.4771e+05
0.0064058 2.4771e+05
0.0064115 2.4771e+05
0.0064171 2.4771e+05
0.0064228 2.4771e+05
0.0064284 2.4771e+05
0.0064341 2.4771e+05
0.0064397 2.4771e+05
0.0064454 2.4771e+05
0.006451 2.4771e+05
0.0064567 2.4771e+05
0.0064623 2.4771e+05
0.006468 2.4771e+05
0.0064737 2.4771e+05
0.0064793 2.4771e+05
0.006485 2.4771e+05
0.0064906 2.4771e+05
0.0064963 2.4771e+05
0.0065019 2.4771e+05
0.0065076 2.4771e+05
0.0065132 2.4771e+05
0.0065189 2.4771e+05
0.0065245 2.4771e+05
0.0065302 2.4771e+05
0.0065358 2.4771e+05
0.0065415 2.4771e+05
0.0065472 2.4771e+05
0.0065528 2.4771e+05
0.0065585 2.4771e+05
0.0065641 2.4771e+05
0.0065698 2.4771e+05
0.0065754 2.4771e+05
0.0065811 2.4771e+05
0.0065867 2.4771e+05
0.0065924 2.4771e+05
0.006598 2.4771e+05
0.0066037 2.4771e+05
0.0066093 2.4771e+05
0.006615 2.4771e+05
0.0066207 2.4771e+05
0.0066263 2.4771e+05
0.006632 2.4771e+05
0.0066376 2.4771e+05
0.0066433 2.4771e+05
0.0066489 2.4771e+05
0.0066546 2.4771e+05
0.0066602 2.4771e+05
0.0066659 2.4771e+05
0.0066715 2.4771e+05
0.0066772 2.4771e+05
0.0066828 2.4771e+05
0.0066885 2.4771e+05
0.0066942 2.4771e+05
0.0066998 2.4771e+05
0.0067055 2.4771e+05
0.0067111 2.4771e+05
0.0067168 2.4771e+05
0.0067224 2.4771e+05
0.0067281 2.4771e+05
0.0067337 2.4771e+05
0.0067394 2.4771e+05
0.006745 2.4771e+05
0.0067507 2.4771e+05
0.0067563 2.4771e+05
0.006762 2.4771e+05
0.0067677 2.4771e+05
0.0067733 2.4771e+05
0.006779 2.4771e+05
0.0067846 2.4771e+05
0.0067903 2.4771e+05
0.0067959 2.4771e+05
0.0068016 2.4771e+05
0.0068072 2.4771e+05
0.0068129 2.4771e+05
0.0068185 2.4771e+05
0.0068242 2.4771e+05
0.0068298 2.4771e+05
0.0068355 2.4771e+05
0.0068412 2.4771e+05
0.0068468 2.4771e+05
0.0068525 2.4771e+05
0.0068581 2.4771e+05
0.0068638 2.4771e+05
0.0068694 2.4771e+05
0.0068751 2.4771e+05
0.0068807 2.4771e+05
0.0068864 2.4771e+05
0.006892 2.4771e+05
0.0068977 2.4771e+05
0.0069033 2.4771e+05
0.006909 2.4771e+05
0.0069147 2.4771e+05
0.0069203 2.4771e+05
0.006926 2.4771e+05
0.0069316 2.4771e+05
0.0069373 2.4771e+05
0.0069429 2.4771e+05
0.0069486 2.4771e+05
0.0069542 2.4771e+05
0.0069599 2.4771e+05
0.0069655 2.4771e+05
0.0069712 2.4771e+05
0.0069768 2.4771e+05
0.0069825 2.4771e+05
0.0069882 2.4771e+05
0.0069938 2.4771e+05
0.0069995 2.4771e+05
0.0070051 2.4771e+05
0.0070108 2.4771e+05
0.0070164 2.4771e+05
0.0070221 2.4771e+05
0.0070277 2.4771e+05
0.0070334 2.4771e+05
0.007039 2.4771e+05
0.0070447 2.4771e+05
0.0070503 2.4771e+05
0.007056 2.4771e+05
0.0070617 2.4771e+05
0.0070673 2.4771e+05
0.007073 2.4771e+05
0.0070786 2.4771e+05
0.0070843 2.4771e+05
0.0070899 2.4771e+05
0.0070956 2.4771e+05
0.0071012 2.4771e+05
0.0071069 2.4771e+05
0.0071125 2.4771e+05
0.0071182 2.4771e+05
0.0071238 2.4771e+05
0.0071295 2.4771e+05
0.0071352 2.4771e+05
0.0071408 2.4771e+05
0.0071465 2.4771e+05
0.0071521 2.4771e+05
0.0071578 2.4771e+05
0.0071634 2.4771e+05
0.0071691 2.4771e+05
0.0071747 2.4771e+05
0.0071804 2.4771e+05
0.007186 2.4771e+05
0.0071917 2.4771e+05
0.0071973 2.4771e+05
0.007203 2.4771e+05
0.0072087 2.4771e+05
0.0072143 2.4771e+05
0.00722 2.4771e+05
0.0072256 2.4771e+05
0.0072313 2.4771e+05
0.0072369 2.4771e+05
0.0072426 2.4771e+05
0.0072482 2.4771e+05
0.0072539 2.4771e+05
0.0072595 2.4771e+05
0.0072652 2.4771e+05
0.0072708 2.4771e+05
0.0072765 2.4771e+05
0.0072822 2.4771e+05
0.0072878 2.4771e+05
0.0072935 2.4771e+05
0.0072991 2.4771e+05
0.0073048 2.4771e+05
0.0073104 2.4771e+05
0.0073161 2.4771e+05
0.0073217 2.4771e+05
0.0073274 2.4771e+05
0.007333 2.4771e+05
0.0073387 2.4771e+05
0.0073443 2.4771e+05
0.00735 2.4771e+05
0.0073557 2.4771e+05
0.0073613 2.4771e+05
0.007367 2.4771e+05
0.0073726 2.4771e+05
0.0073783 2.4771e+05
0.0073839 2.4771e+05
0.0073896 2.4771e+05
0.0073952 2.4771e+05
0.0074009 2.4771e+05
0.0074065 2.4771e+05
0.0074122 2.4771e+05
0.0074178 2.4771e+05
0.0074235 2.4771e+05
0.0074292 2.4771e+05
0.0074348 2.4771e+05
0.0074405 2.4771e+05
0.0074461 2.4771e+05
0.0074518 2.4771e+05
0.0074574 2.4771e+05
0.0074631 2.4771e+05
0.0074687 2.4771e+05
0.0074744 2.4771e+05
0.00748 2.4771e+05
0.0074857 2.4771e+05
0.0074913 2.4771e+05
0.007497 2.4771e+05
0.0075027 2.4771e+05
0.0075083 2.4771e+05
0.007514 2.4771e+05
0.0075196 2.4771e+05
0.0075253 2.4771e+05
0.0075309 2.4771e+05
0.0075366 2.4771e+05
0.0075422 2.4771e+05
0.0075479 2.4771e+05
0.0075535 2.4771e+05
0.0075592 2.4771e+05
0.0075648 2.4771e+05
0.0075705 2.4771e+05
0.0075762 2.4771e+05
0.0075818 2.4771e+05
0.0075875 2.4771e+05
0.0075931 2.4771e+05
0.0075988 2.4771e+05
0.0076044 2.4771e+05
0.0076101 2.4771e+05
0.0076157 2.4771e+05
0.0076214 2.4771e+05
0.007627 2.4771e+05
0.0076327 2.4771e+05
0.0076383 2.4771e+05
0.007644 2.4771e+05
0.0076497 2.4771e+05
0.0076553 2.4771e+05
0.007661 2.4771e+05
0.0076666 2.4771e+05
0.0076723 2.4771e+05
0.0076779 2.4771e+05
0.0076836 2.4771e+05
0.0076892 2.4771e+05
0.0076949 2.4771e+05
0.0077005 2.4771e+05
0.0077062 2.4771e+05
0.0077118 2.4771e+05
0.0077175 2.4771e+05
0.0077232 2.4771e+05
0.0077288 2.4771e+05
0.0077345 2.4771e+05
0.0077401 2.4771e+05
0.0077458 2.4771e+05
0.0077514 2.4771e+05
0.0077571 2.4771e+05
0.0077627 2.4771e+05
0.0077684 2.4771e+05
0.007774 2.4771e+05
0.0077797 2.4771e+05
0.0077853 2.4771e+05
0.007791 2.4771e+05
0.0077967 2.4771e+05
0.0078023 2.4771e+05
0.007808 2.4771e+05
0.0078136 2.4771e+05
0.0078193 2.4771e+05
0.0078249 2.4771e+05
0.0078306 2.4771e+05
0.0078362 2.4771e+05
0.0078419 2.4771e+05
0.0078475 2.4771e+05
0.0078532 2.4771e+05
0.0078588 2.4771e+05
0.0078645 2.4771e+05
0.0078702 2.4771e+05
0.0078758 2.4771e+05
0.0078815 2.4771e+05
0.0078871 2.4771e+05
0.0078928 2.4771e+05
0.0078984 2.4771e+05
0.0079041 2.4771e+05
0.0079097 2.4771e+05
0.0079154 2.4771e+05
0.007921 2.4771e+05
0.0079267 2.4771e+05
0.0079323 2.4771e+05
0.007938 2.4771e+05
0.0079437 2.4771e+05
0.0079493 2.4771e+05
0.007955 2.4771e+05
0.0079606 2.4771e+05
0.0079663 2.4771e+05
0.0079719 2.4771e+05
0.0079776 2.4771e+05
0.0079832 2.4771e+05
0.0079889 2.4771e+05
0.0079945 2.4771e+05
0.0080002 2.4771e+05
0.0080058 2.4771e+05
0.0080115 2.4771e+05
0.0080172 2.4771e+05
0.0080228 2.4771e+05
0.0080285 2.4771e+05
0.0080341 2.4771e+05
0.0080398 2.4771e+05
0.0080454 2.4771e+05
0.0080511 2.4771e+05
0.0080567 2.4771e+05
0.0080624 2.4771e+05
0.008068 2.4771e+05
0.0080737 2.4771e+05
0.0080793 2.4771e+05
0.008085 2.4771e+05
0.0080907 2.4771e+05
0.0080963 2.4771e+05
0.008102 2.4771e+05
0.0081076 2.4771e+05
0.0081133 2.4771e+05
0.0081189 2.4771e+05
0.0081246 2.4771e+05
0.0081302 2.4771e+05
0.0081359 2.4771e+05
0.0081415 2.4771e+05
0.0081472 2.4771e+05
0.0081528 2.4771e+05
0.0081585 2.4771e+05
0.0081642 2.4771e+05
0.0081698 2.4771e+05
0.0081755 2.4771e+05
0.0081811 2.4771e+05
0.0081868 2.4771e+05
0.0081924 2.4771e+05
0.0081981 2.4771e+05
0.0082037 2.4771e+05
0.0082094 2.4771e+05
0.008215 2.4771e+05
0.0082207 2.4771e+05
0.0082263 2.4771e+05
0.008232 2.4771e+05
0.0082377 2.4771e+05
0.0082433 2.4771e+05
0.008249 2.4771e+05
0.0082546 2.4771e+05
0.0082603 2.4771e+05
0.0082659 2.4771e+05
0.0082716 2.4771e+05
0.0082772 2.4771e+05
0.0082829 2.4771e+05
0.0082885 2.4771e+05
0.0082942 2.4771e+05
0.0082998 2.4771e+05
0.0083055 2.4771e+05
0.0083112 2.4771e+05
0.0083168 2.4771e+05
0.0083225 2.4771e+05
0.0083281 2.4771e+05
0.0083338 2.4771e+05
0.0083394 2.4771e+05
0.0083451 2.4771e+05
0.0083507 2.4771e+05
0.0083564 2.4771e+05
0.008362 2.4771e+05
0.0083677 2.4771e+05
0.0083733 2.4771e+05
0.008379 2.4771e+05
0.0083847 2.4771e+05
0.0083903 2.4771e+05
0.008396 2.4771e+05
0.0084016 2.4771e+05
0.0084073 2.4771e+05
0.0084129 2.4771e+05
0.0084186 2.4771e+05
0.0084242 2.4771e+05
0.0084299 2.4771e+05
0.0084355 2.4771e+05
0.0084412 2.4771e+05
0.0084468 2.4771e+05
0.0084525 2.4771e+05
0.0084582 2.4771e+05
0.0084638 2.4771e+05
0.0084695 2.4771e+05
0.0084751 2.4771e+05
0.0084808 2.4771e+05
0.0084864 2.4771e+05
0.0084921 2.4771e+05
0.0084977 2.4771e+05
0.0085034 2.4771e+05
0.008509 2.4771e+05
0.0085147 2.4771e+05
0.0085203 2.4771e+05
0.008526 2.4771e+05
0.0085317 2.4771e+05
0.0085373 2.4771e+05
0.008543 2.4771e+05
0.0085486 2.4771e+05
0.0085543 2.4771e+05
0.0085599 2.4771e+05
0.0085656 2.4771e+05
0.0085712 2.4771e+05
0.0085769 2.4771e+05
0.0085825 2.4771e+05
0.0085882 2.4771e+05
0.0085938 2.4771e+05
0.0085995 2.4771e+05
0.0086052 2.4771e+05
0.0086108 2.4771e+05
0.0086165 2.4771e+05
0.0086221 2.4771e+05
0.0086278 2.4771e+05
0.0086334 2.4771e+05
0.0086391 2.4771e+05
0.0086447 2.4771e+05
0.0086504 2.4771e+05
0.008656 2.4771e+05
0.0086617 2.4771e+05
0.0086673 2.4771e+05
0.008673 2.4771e+05
0.0086787 2.4771e+05
0.0086843 2.4771e+05
0.00869 2.4771e+05
0.0086956 2.4771e+05
0.0087013 2.4771e+05
0.0087069 2.4771e+05
0.0087126 2.4771e+05
0.0087182 2.4771e+05
0.0087239 2.4771e+05
0.0087295 2.4771e+05
0.0087352 2.4771e+05
0.0087408 2.4771e+05
0.0087465 2.4771e+05
0.0087522 2.4771e+05
0.0087578 2.4771e+05
0.0087635 2.4771e+05
0.0087691 2.4771e+05
0.0087748 2.4771e+05
0.0087804 2.4771e+05
0.0087861 2.4771e+05
0.0087917 2.4771e+05
0.0087974 2.4771e+05
0.008803 2.4771e+05
0.0088087 2.4771e+05
0.0088143 2.4771e+05
0.00882 2.4771e+05
0.0088257 2.4771e+05
0.0088313 2.4771e+05
0.008837 2.4771e+05
0.0088426 2.4771e+05
0.0088483 2.4771e+05
0.0088539 2.4771e+05
0.0088596 2.4771e+05
0.0088652 2.4771e+05
0.0088709 2.4771e+05
0.0088765 2.4771e+05
0.0088822 2.4771e+05
0.0088878 2.4771e+05
0.0088935 2.4771e+05
0.0088992 2.4771e+05
0.0089048 2.4771e+05
0.0089105 2.4771e+05
0.0089161 2.4771e+05
0.0089218 2.4771e+05
0.0089274 2.4771e+05
0.0089331 2.4771e+05
0.0089387 2.4771e+05
0.0089444 2.4771e+05
0.00895 2.4771e+05
0.0089557 2.4771e+05
0.0089613 2.4771e+05
0.008967 2.4771e+05
0.0089727 2.4771e+05
0.0089783 2.4771e+05
0.008984 2.4771e+05
0.0089896 2.4771e+05
0.0089953 2.4771e+05
0.0090009 2.4771e+05
0.0090066 2.4771e+05
0.0090122 2.4771e+05
0.0090179 2.4771e+05
0.0090235 2.4771e+05
0.0090292 2.4771e+05
0.0090348 2.4771e+05
0.0090405 2.4771e+05
0.0090462 2.4771e+05
0.0090518 2.4771e+05
0.0090575 2.4771e+05
0.0090631 2.4771e+05
0.0090688 2.4771e+05
0.0090744 2.4771e+05
0.0090801 2.4771e+05
0.0090857 2.4771e+05
0.0090914 2.4771e+05
0.009097 2.4771e+05
0.0091027 2.4771e+05
0.0091083 2.4771e+05
0.009114 2.4771e+05
0.0091197 2.4771e+05
0.0091253 2.4771e+05
0.009131 2.4771e+05
0.0091366 2.4771e+05
0.0091423 2.4771e+05
0.0091479 2.4771e+05
0.0091536 2.4771e+05
0.0091592 2.4771e+05
0.0091649 2.4771e+05
0.0091705 2.4771e+05
0.0091762 2.4771e+05
0.0091818 2.4771e+05
0.0091875 2.4771e+05
0.0091932 2.4771e+05
0.0091988 2.4771e+05
0.0092045 2.4771e+05
0.0092101 2.4771e+05
0.0092158 2.4771e+05
0.0092214 2.4771e+05
0.0092271 2.4771e+05
0.0092327 2.4771e+05
0.0092384 2.4771e+05
0.009244 2.4771e+05
0.0092497 2.4771e+05
0.0092553 2.4771e+05
0.009261 2.4771e+05
0.0092667 2.4771e+05
0.0092723 2.4771e+05
0.009278 2.4771e+05
0.0092836 2.4771e+05
0.0092893 2.4771e+05
0.0092949 2.4771e+05
0.0093006 2.4771e+05
0.0093062 2.4771e+05
0.0093119 2.4771e+05
0.0093175 2.4771e+05
0.0093232 2.4771e+05
0.0093288 2.4771e+05
0.0093345 2.4771e+05
0.0093402 2.4771e+05
0.0093458 2.4771e+05
0.0093515 2.4771e+05
0.0093571 2.4771e+05
0.0093628 2.4771e+05
0.0093684 2.4771e+05
0.0093741 2.4771e+05
0.0093797 2.4771e+05
0.0093854 2.4771e+05
0.009391 2.4771e+05
0.0093967 2.4771e+05
0.0094023 2.4771e+05
0.009408 2.4771e+05
0.0094137 2.4771e+05
0.0094193 2.4771e+05
0.009425 2.4771e+05
0.0094306 2.4771e+05
0.0094363 2.4771e+05
0.0094419 2.4771e+05
0.0094476 2.4771e+05
0.0094532 2.4771e+05
0.0094589 2.4771e+05
0.0094645 2.4771e+05
0.0094702 2.4771e+05
0.0094758 2.4771e+05
0.0094815 2.4771e+05
0.0094872 2.4771e+05
0.0094928 2.4771e+05
0.0094985 2.4771e+05
0.0095041 2.4771e+05
0.0095098 2.4771e+05
0.0095154 2.4771e+05
0.0095211 2.4771e+05
0.0095267 2.4771e+05
0.0095324 2.4771e+05
0.009538 2.4771e+05
0.0095437 2.4771e+05
0.0095493 2.4771e+05
0.009555 2.4771e+05
0.0095607 2.4771e+05
0.0095663 2.4771e+05
0.009572 2.4771e+05
0.0095776 2.4771e+05
0.0095833 2.4771e+05
0.0095889 2.4771e+05
0.0095946 2.4771e+05
0.0096002 2.4771e+05
0.0096059 2.4771e+05
0.0096115 2.4771e+05
0.0096172 2.4771e+05
0.0096228 2.4771e+05
0.0096285 2.4771e+05
0.0096342 2.4771e+05
0.0096398 2.4771e+05
0.0096455 2.4771e+05
0.0096511 2.4771e+05
0.0096568 2.4771e+05
0.0096624 2.4771e+05
0.0096681 2.4771e+05
0.0096737 2.4771e+05
0.0096794 2.4771e+05
0.009685 2.4771e+05
0.0096907 2.4771e+05
0.0096963 2.4771e+05
0.009702 2.4771e+05
0.0097077 2.4771e+05
0.0097133 2.4771e+05
0.009719 2.4771e+05
0.0097246 2.4771e+05
0.0097303 2.4771e+05
0.0097359 2.4771e+05
0.0097416 2.4771e+05
0.0097472 2.4771e+05
0.0097529 2.4771e+05
0.0097585 2.4771e+05
0.0097642 2.4771e+05
0.0097698 2.4771e+05
0.0097755 2.4771e+05
0.0097812 2.4771e+05
0.0097868 2.4771e+05
0.0097925 2.4771e+05
0.0097981 2.4771e+05
0.0098038 2.4771e+05
0.0098094 2.4771e+05
0.0098151 2.4771e+05
0.0098207 2.4771e+05
0.0098264 2.4771e+05
0.009832 2.4771e+05
0.0098377 2.4771e+05
0.0098433 2.4771e+05
0.009849 2.4771e+05
0.0098547 2.4771e+05
0.0098603 2.4771e+05
0.009866 2.4771e+05
0.0098716 2.4771e+05
0.0098773 2.4771e+05
0.0098829 2.4771e+05
0.0098886 2.4771e+05
0.0098942 2.4771e+05
0.0098999 2.4771e+05
0.0099055 2.4771e+05
0.0099112 2.4771e+05
0.0099168 2.4771e+05
0.0099225 2.4771e+05
0.0099282 2.4771e+05
0.0099338 2.4771e+05
0.0099395 2.4771e+05
0.0099451 2.4771e+05
0.0099508 2.4771e+05
0.0099564 2.4771e+05
0.0099621 2.4771e+05
0.0099677 2.4771e+05
0.0099734 2.4771e+05
0.009979 2.4771e+05
0.0099847 2.4771e+05
0.0099903 2.4771e+05
0.009996 2.4771e+05
0.010002 2.4771e+05
0.010007 2.4771e+05
0.010013 2.4771e+05
0.010019 2.4771e+05
0.010024 2.4771e+05
0.01003 2.4771e+05
0.010036 2.4771e+05
0.010041 2.4771e+05
0.010047 2.4771e+05
0.010053 2.4771e+05
0.010058 2.4771e+05
0.010064 2.4771e+05
0.01007 2.4771e+05
0.010075 2.4771e+05
0.010081 2.4771e+05
0.010086 2.4771e+05
0.010092 2.4771e+05
0.010098 2.4771e+05
0.010103 2.4771e+05
0.010109 2.4771e+05
0.010115 2.4771e+05
0.01012 2.4771e+05
0.010126 2.4771e+05
0.010132 2.4771e+05
0.010137 2.4771e+05
0.010143 2.4771e+05
0.010149 2.4771e+05
0.010154 2.4771e+05
0.01016 2.4771e+05
0.010166 2.4771e+05
0.010171 2.4771e+05
0.010177 2.4771e+05
0.010183 2.4771e+05
0.010188 2.4771e+05
0.010194 2.4771e+05
0.0102 2.4771e+05
0.010205 2.4771e+05
0.010211 2.4771e+05
0.010216 2.4771e+05
0.010222 2.4771e+05
0.010228 2.4771e+05
0.010233 2.4771e+05
0.010239 2.4771e+05
0.010245 2.4771e+05
0.01025 2.4771e+05
0.010256 2.4771e+05
0.010262 2.4771e+05
0.010267 2.4771e+05
0.010273 2.4771e+05
0.010279 2.4771e+05
0.010284 2.4771e+05
0.01029 2.4771e+05
0.010296 2.4771e+05
0.010301 2.4771e+05
0.010307 2.4771e+05
0.010313 2.4771e+05
0.010318 2.4771e+05
0.010324 2.4771e+05
0.01033 2.4771e+05
0.010335 2.4771e+05
0.010341 2.4771e+05
0.010347 2.4771e+05
0.010352 2.4771e+05
0.010358 2.4771e+05
0.010364 2.4771e+05
0.010369 2.4771e+05
0.010375 2.4771e+05
0.01038 2.4771e+05
0.010386 2.4771e+05
0.010392 2.4771e+05
0.010397 2.4771e+05
0.010403 2.4771e+05
0.010409 2.4771e+05
0.010414 2.4771e+05
0.01042 2.4771e+05
0.010426 2.4771e+05
0.010431 2.4771e+05
0.010437 2.4771e+05
0.010443 2.4771e+05
0.010448 2.4771e+05
0.010454 2.4771e+05
0.01046 2.4771e+05
0.010465 2.4771e+05
0.010471 2.4771e+05
0.010477 2.4771e+05
0.010482 2.4771e+05
0.010488 2.4771e+05
0.010494 2.4771e+05
0.010499 2.4771e+05
0.010505 2.4771e+05
0.010511 2.4771e+05
0.010516 2.4771e+05
0.010522 2.4771e+05
0.010527 2.4771e+05
0.010533 2.4771e+05
0.010539 2.4771e+05
0.010544 2.4771e+05
0.01055 2.4771e+05
0.010556 2.4771e+05
0.010561 2.4771e+05
0.010567 2.4771e+05
0.010573 2.4771e+05
0.010578 2.4771e+05
0.010584 2.4771e+05
0.01059 2.4771e+05
0.010595 2.4771e+05
0.010601 2.4771e+05
0.010607 2.4771e+05
0.010612 2.4771e+05
0.010618 2.4771e+05
0.010624 2.4771e+05
0.010629 2.4771e+05
0.010635 2.4771e+05
0.010641 2.4771e+05
0.010646 2.4771e+05
0.010652 2.4771e+05
0.010658 2.4771e+05
0.010663 2.4771e+05
0.010669 2.4771e+05
0.010674 2.4771e+05
0.01068 2.4771e+05
0.010686 2.4771e+05
0.010691 2.4771e+05
0.010697 2.4771e+05
0.010703 2.4771e+05
0.010708 2.4771e+05
0.010714 2.4771e+05
0.01072 2.4771e+05
0.010725 2.4771e+05
0.010731 2.4771e+05
0.010737 2.4771e+05
0.010742 2.4771e+05
0.010748 2.4771e+05
0.010754 2.4771e+05
0.010759 2.4771e+05
0.010765 2.4771e+05
0.010771 2.4771e+05
0.010776 2.4771e+05
0.010782 2.4771e+05
0.010788 2.4771e+05
0.010793 2.4771e+05
0.010799 2.4771e+05
0.010804 2.4771e+05
0.01081 2.4771e+05
0.010816 2.4771e+05
0.010821 2.4771e+05
0.010827 2.4771e+05
0.010833 2.4771e+05
0.010838 2.4771e+05
0.010844 2.4771e+05
0.01085 2.4771e+05
0.010855 2.4771e+05
0.010861 2.4771e+05
0.010867 2.4771e+05
0.010872 2.4771e+05
0.010878 2.4771e+05
0.010884 2.4771e+05
0.010889 2.4771e+05
0.010895 2.4771e+05
0.010901 2.4771e+05
0.010906 2.4771e+05
0.010912 2.4771e+05
0.010918 2.4771e+05
0.010923 2.4771e+05
0.010929 2.4771e+05
0.010935 2.4771e+05
0.01094 2.4771e+05
0.010946 2.4771e+05
0.010951 2.4771e+05
0.010957 2.4771e+05
0.010963 2.4771e+05
0.010968 2.4771e+05
0.010974 2.4771e+05
0.01098 2.4771e+05
0.010985 2.4771e+05
0.010991 2.4771e+05
0.010997 2.4771e+05
0.011002 2.4771e+05
0.011008 2.4771e+05
0.011014 2.4771e+05
0.011019 2.4771e+05
0.011025 2.4771e+05
0.011031 2.4771e+05
0.011036 2.4771e+05
0.011042 2.4771e+05
0.011048 2.4771e+05
0.011053 2.4771e+05
0.011059 2.4771e+05
0.011065 2.4771e+05
0.01107 2.4771e+05
0.011076 2.4771e+05
0.011082 2.4771e+05
0.011087 2.4771e+05
0.011093 2.4771e+05
0.011099 2.4771e+05
0.011104 2.4771e+05
0.01111 2.4771e+05
0.011115 2.4771e+05
0.011121 2.4771e+05
0.011127 2.4771e+05
0.011132 2.4771e+05
0.011138 2.4771e+05
0.011144 2.4771e+05
0.011149 2.4771e+05
0.011155 2.4771e+05
0.011161 2.4771e+05
0.011166 2.4771e+05
0.011172 2.4771e+05
0.011178 2.4771e+05
0.011183 2.4771e+05
0.011189 2.4771e+05
0.011195 2.4771e+05
0.0112 2.4771e+05
0.011206 2.4771e+05
0.011212 2.4771e+05
0.011217 2.4771e+05
0.011223 2.4771e+05
0.011229 2.4771e+05
0.011234 2.4771e+05
0.01124 2.4771e+05
0.011246 2.4771e+05
0.011251 2.4771e+05
0.011257 2.4771e+05
0.011262 2.4771e+05
0.011268 2.4771e+05
0.011274 2.4771e+05
0.011279 2.4771e+05
0.011285 2.4771e+05
0.011291 2.4771e+05
0.011296 2.4771e+05
0.011302 2.4771e+05
0.011308 2.4771e+05
0.011313 2.4771e+05
0.011319 2.4771e+05
0.011325 2.4771e+05
0.01133 2.4771e+05
0.011336 2.4771e+05
0.011342 2.4771e+05
0.011347 2.4771e+05
0.011353 2.4771e+05
0.011359 2.4771e+05
0.011364 2.4771e+05
0.01137 2.4771e+05
0.011376 2.4771e+05
0.011381 2.4771e+05
0.011387 2.4771e+05
0.011392 2.4771e+05
0.011398 2.4771e+05
0.011404 2.4771e+05
0.011409 2.4771e+05
0.011415 2.4771e+05
0.011421 2.4771e+05
0.011426 2.4771e+05
0.011432 2.4771e+05
0.011438 2.4771e+05
0.011443 2.4771e+05
0.011449 2.4771e+05
0.011455 2.4771e+05
0.01146 2.4771e+05
0.011466 2.4771e+05
0.011472 2.4771e+05
0.011477 2.4771e+05
0.011483 2.4771e+05
0.011489 2.4771e+05
0.011494 2.4771e+05
0.0115 2.4771e+05
0.011506 2.4771e+05
0.011511 2.4771e+05
0.011517 2.4771e+05
0.011523 2.4771e+05
0.011528 2.4771e+05
0.011534 2.4771e+05
0.011539 2.4771e+05
0.011545 2.4771e+05
0.011551 2.4771e+05
0.011556 2.4771e+05
0.011562 2.4771e+05
0.011568 2.4771e+05
0.011573 2.4771e+05
0.011579 2.4771e+05
0.011585 2.4771e+05
0.01159 2.4771e+05
0.011596 2.4771e+05
0.011602 2.4771e+05
0.011607 2.4771e+05
0.011613 2.4771e+05
0.011619 2.4771e+05
0.011624 2.4771e+05
0.01163 2.4771e+05
0.011636 2.4771e+05
0.011641 2.4771e+05
0.011647 2.4771e+05
0.011653 2.4771e+05
0.011658 2.4771e+05
0.011664 2.4771e+05
0.01167 2.4771e+05
0.011675 2.4771e+05
0.011681 2.4771e+05
0.011686 2.4771e+05
0.011692 2.4771e+05
0.011698 2.4771e+05
0.011703 2.4771e+05
0.011709 2.4771e+05
0.011715 2.4771e+05
0.01172 2.4771e+05
0.011726 2.4771e+05
0.011732 2.4771e+05
0.011737 2.4771e+05
0.011743 2.4771e+05
0.011749 2.4771e+05
0.011754 2.4771e+05
0.01176 2.4771e+05
0.011766 2.4771e+05
0.011771 2.4771e+05
0.011777 2.4771e+05
0.011783 2.4771e+05
0.011788 2.4771e+05
0.011794 2.4771e+05
0.0118 2.4771e+05
0.011805 2.4771e+05
0.011811 2.4771e+05
0.011817 2.4771e+05
0.011822 2.4771e+05
0.011828 2.4771e+05
0.011834 2.4771e+05
0.011839 2.4771e+05
0.011845 2.4771e+05
0.01185 2.4771e+05
0.011856 2.4771e+05
0.011862 2.4771e+05
0.011867 2.4771e+05
0.011873 2.4771e+05
0.011879 2.4771e+05
0.011884 2.4771e+05
0.01189 2.4771e+05
0.011896 2.4771e+05
0.011901 2.4771e+05
0.011907 2.4771e+05
0.011913 2.4771e+05
0.011918 2.4771e+05
0.011924 2.4771e+05
0.01193 2.4771e+05
0.011935 2.4771e+05
0.011941 2.4771e+05
0.011947 2.4771e+05
0.011952 2.4771e+05
0.011958 2.4771e+05
0.011964 2.4771e+05
0.011969 2.4771e+05
0.011975 2.4771e+05
0.01198 2.4771e+05
0.011986 2.4771e+05
0.011992 2.4771e+05
0.011997 2.4771e+05
0.012003 2.4771e+05
0.012009 2.4771e+05
0.012014 2.4771e+05
0.01202 2.4771e+05
0.012026 2.4771e+05
0.012031 2.4771e+05
0.012037 2.4771e+05
0.012043 2.4771e+05
0.012048 2.4771e+05
0.012054 2.4771e+05
0.01206 2.4771e+05
0.012065 2.4771e+05
0.012071 2.4771e+05
0.012077 2.4771e+05
0.012082 2.4771e+05
0.012088 2.4771e+05
0.012094 2.4771e+05
0.012099 2.4771e+05
0.012105 2.4771e+05
0.012111 2.4771e+05
0.012116 2.4771e+05
0.012122 2.4771e+05
0.012127 2.4771e+05
0.012133 2.4771e+05
0.012139 2.4771e+05
0.012144 2.4771e+05
0.01215 2.4771e+05
0.012156 2.4771e+05
0.012161 2.4771e+05
0.012167 2.4771e+05
0.012173 2.4771e+05
0.012178 2.4771e+05
0.012184 2.4771e+05
0.01219 2.4771e+05
0.012195 2.4771e+05
0.012201 2.4771e+05
0.012207 2.4771e+05
0.012212 2.4771e+05
0.012218 2.4771e+05
0.012224 2.4771e+05
0.012229 2.4771e+05
0.012235 2.4771e+05
0.012241 2.4771e+05
0.012246 2.4771e+05
0.012252 2.4771e+05
0.012258 2.4771e+05
0.012263 2.4771e+05
0.012269 2.4771e+05
0.012274 2.4771e+05
0.01228 2.4771e+05
0.012286 2.4771e+05
0.012291 2.4771e+05
0.012297 2.4771e+05
0.012303 2.4771e+05
0.012308 2.4771e+05
0.012314 2.4771e+05
0.01232 2.4771e+05
0.012325 2.4771e+05
0.012331 2.4771e+05
0.012337 2.4771e+05
0.012342 2.4771e+05
0.012348 2.4771e+05
0.012354 2.4771e+05
0.012359 2.4771e+05
0.012365 2.4771e+05
0.012371 2.4771e+05
0.012376 2.4771e+05
0.012382 2.4771e+05
0.012388 2.4771e+05
0.012393 2.4771e+05
0.012399 2.4771e+05
0.012405 2.4771e+05
0.01241 2.4771e+05
0.012416 2.4771e+05
0.012422 2.4771e+05
0.012427 2.4771e+05
0.012433 2.4771e+05
0.012438 2.4771e+05
0.012444 2.4771e+05
0.01245 2.4771e+05
0.012455 2.4771e+05
0.012461 2.4771e+05
0.012467 2.4771e+05
0.012472 2.4771e+05
0.012478 2.4771e+05
0.012484 2.4771e+05
0.012489 2.4771e+05
0.012495 2.4771e+05
0.012501 2.4771e+05
0.012506 2.4771e+05
0.012512 2.4771e+05
0.012518 2.4771e+05
0.012523 2.4771e+05
0.012529 2.4771e+05
0.012535 2.4771e+05
0.01254 2.4771e+05
0.012546 2.4771e+05
0.012552 2.4771e+05
0.012557 2.4771e+05
0.012563 2.4771e+05
0.012568 2.4771e+05
0.012574 2.4771e+05
0.01258 2.4771e+05
0.012585 2.4771e+05
0.012591 2.4771e+05
0.012597 2.4771e+05
0.012602 2.4771e+05
0.012608 2.4771e+05
0.012614 2.4771e+05
0.012619 2.4771e+05
0.012625 2.4771e+05
0.012631 2.4771e+05
0.012636 2.4771e+05
0.012642 2.4771e+05
0.012648 2.4771e+05
0.012653 2.4771e+05
0.012659 2.4771e+05
0.012665 2.4771e+05
0.01267 2.4771e+05
0.012676 2.4771e+05
0.012682 2.4771e+05
0.012687 2.4771e+05
0.012693 2.4771e+05
0.012699 2.4771e+05
0.012704 2.4771e+05
0.01271 2.4771e+05
0.012716 2.4771e+05
0.012721 2.4771e+05
0.012727 2.4771e+05
0.012732 2.4771e+05
0.012738 2.4771e+05
0.012744 2.4771e+05
0.012749 2.4771e+05
0.012755 2.4771e+05
0.012761 2.4771e+05
0.012766 2.4771e+05
0.012772 2.4771e+05
0.012778 2.4771e+05
0.012783 2.4771e+05
0.012789 2.4771e+05
0.012795 2.4771e+05
0.0128 2.4771e+05
0.012806 2.4771e+05
0.012812 2.4771e+05
0.012817 2.4771e+05
0.012823 2.4771e+05
0.012829 2.4771e+05
0.012834 2.4771e+05
0.01284 2.4771e+05
0.012846 2.4771e+05
0.012851 2.4771e+05
0.012857 2.4771e+05
0.012863 2.4771e+05
0.012868 2.4771e+05
0.012874 2.4771e+05
0.012879 2.4771e+05
0.012885 2.4771e+05
0.012891 2.4771e+05
0.012896 2.4771e+05
0.012902 2.4771e+05
0.012908 2.4771e+05
0.012913 2.4771e+05
0.012919 2.4771e+05
0.012925 2.4771e+05
0.01293 2.4771e+05
0.012936 2.4771e+05
0.012942 2.4771e+05
0.012947 2.4771e+05
0.012953 2.4771e+05
0.012959 2.4771e+05
0.012964 2.4771e+05
0.01297 2.4771e+05
0.012976 2.4771e+05
0.012981 2.4771e+05
0.012987 2.4771e+05
0.012993 2.4771e+05
0.012998 2.4771e+05
0.013004 2.4771e+05
0.01301 2.4771e+05
0.013015 2.4771e+05
0.013021 2.4771e+05
0.013026 2.4771e+05
0.013032 2.4771e+05
0.013038 2.4771e+05
0.013043 2.4771e+05
0.013049 2.4771e+05
0.013055 2.4771e+05
0.01306 2.4771e+05
0.013066 2.4771e+05
0.013072 2.4771e+05
0.013077 2.4771e+05
0.013083 2.4771e+05
0.013089 2.4771e+05
0.013094 2.4771e+05
0.0131 2.4771e+05
0.013106 2.4771e+05
0.013111 2.4771e+05
0.013117 2.4771e+05
0.013123 2.4771e+05
0.013128 2.4771e+05
0.013134 2.4771e+05
0.01314 2.4771e+05
0.013145 2.4771e+05
0.013151 2.4771e+05
0.013156 2.4771e+05
0.013162 2.4771e+05
0.013168 2.4771e+05
0.013173 2.4771e+05
0.013179 2.4771e+05
0.013185 2.4771e+05
0.01319 2.4771e+05
0.013196 2.4771e+05
0.013202 2.4771e+05
0.013207 2.4771e+05
0.013213 2.4771e+05
0.013219 2.4771e+05
0.013224 2.4771e+05
0.01323 2.4771e+05
0.013236 2.4771e+05
0.013241 2.4771e+05
0.013247 2.4771e+05
0.013253 2.4771e+05
0.013258 2.4771e+05
0.013264 2.4771e+05
0.01327 2.4771e+05
0.013275 2.4771e+05
0.013281 2.4771e+05
0.013287 2.4771e+05
0.013292 2.4771e+05
0.013298 2.4771e+05
0.013303 2.4771e+05
0.013309 2.4771e+05
0.013315 2.4771e+05
0.01332 2.4771e+05
0.013326 2.4771e+05
0.013332 2.4771e+05
0.013337 2.4771e+05
0.013343 2.4771e+05
0.013349 2.4771e+05
0.013354 2.4771e+05
0.01336 2.4771e+05
0.013366 2.4771e+05
0.013371 2.4771e+05
0.013377 2.4771e+05
0.013383 2.4771e+05
0.013388 2.4771e+05
0.013394 2.4771e+05
0.0134 2.4771e+05
0.013405 2.4771e+05
0.013411 2.4771e+05
0.013417 2.4771e+05
0.013422 2.4771e+05
0.013428 2.4771e+05
0.013434 2.4771e+05
0.013439 2.4771e+05
0.013445 2.4771e+05
0.013451 2.4771e+05
0.013456 2.4771e+05
0.013462 2.4771e+05
0.013467 2.4771e+05
0.013473 2.4771e+05
0.013479 2.4771e+05
0.013484 2.4771e+05
0.01349 2.4771e+05
0.013496 2.4771e+05
0.013501 2.4771e+05
0.013507 2.4771e+05
0.013513 2.4771e+05
0.013518 2.4771e+05
0.013524 2.4771e+05
0.01353 2.4771e+05
0.013535 2.4771e+05
0.013541 2.4771e+05
0.013547 2.4771e+05
0.013552 2.4771e+05
0.013558 2.4771e+05
0.013564 2.4771e+05
0.013569 2.4771e+05
0.013575 2.4771e+05
0.013581 2.4771e+05
0.013586 2.4771e+05
0.013592 2.4771e+05
0.013598 2.4771e+05
0.013603 2.4771e+05
0.013609 2.4771e+05
0.013614 2.4771e+05
0.01362 2.4771e+05
0.013626 2.4771e+05
0.013631 2.4771e+05
0.013637 2.4771e+05
0.013643 2.4771e+05
0.013648 2.4771e+05
0.013654 2.4771e+05
0.01366 2.4771e+05
0.013665 2.4771e+05
0.013671 2.4771e+05
0.013677 2.4771e+05
0.013682 2.4771e+05
0.013688 2.4771e+05
0.013694 2.4771e+05
0.013699 2.4771e+05
0.013705 2.4771e+05
0.013711 2.4771e+05
0.013716 2.4771e+05
0.013722 2.4771e+05
0.013728 2.4771e+05
0.013733 2.4771e+05
0.013739 2.4771e+05
0.013744 2.4771e+05
0.01375 2.4771e+05
0.013756 2.4771e+05
0.013761 2.4771e+05
0.013767 2.4771e+05
0.013773 2.4771e+05
0.013778 2.4771e+05
0.013784 2.4771e+05
0.01379 2.4771e+05
0.013795 2.4771e+05
0.013801 2.4771e+05
0.013807 2.4771e+05
0.013812 2.4771e+05
0.013818 2.4771e+05
0.013824 2.4771e+05
0.013829 2.4771e+05
0.013835 2.4771e+05
0.013841 2.4771e+05
0.013846 2.4771e+05
0.013852 2.4771e+05
0.013858 2.4771e+05
0.013863 2.4771e+05
0.013869 2.4771e+05
0.013875 2.4771e+05
0.01388 2.4771e+05
0.013886 2.4771e+05
0.013891 2.4771e+05
0.013897 2.4771e+05
0.013903 2.4771e+05
0.013908 2.4771e+05
0.013914 2.4771e+05
0.01392 2.4771e+05
0.013925 2.4771e+05
0.013931 2.4771e+05
0.013937 2.4771e+05
0.013942 2.4771e+05
0.013948 2.4771e+05
0.013954 2.4771e+05
0.013959 2.4771e+05
0.013965 2.4771e+05
0.013971 2.4771e+05
0.013976 2.4771e+05
0.013982 2.4771e+05
0.013988 2.4771e+05
0.013993 2.4771e+05
0.013999 2.4771e+05
0.014005 2.4771e+05
0.01401 2.4771e+05
0.014016 2.4771e+05
0.014022 2.4771e+05
0.014027 2.4771e+05
0.014033 2.4771e+05
0.014038 2.4771e+05
0.014044 2.4771e+05
0.01405 2.4771e+05
0.014055 2.4771e+05
0.014061 2.4771e+05
0.014067 2.4771e+05
0.014072 2.4771e+05
0.014078 2.4771e+05
0.014084 2.4771e+05
0.014089 2.4771e+05
0.014095 2.4771e+05
0.014101 2.4771e+05
0.014106 2.4771e+05
0.014112 2.4771e+05
0.014118 2.4771e+05
0.014123 2.4771e+05
0.014129 2.4771e+05
0.014135 2.4771e+05
0.01414 2.4771e+05
0.014146 2.4771e+05
0.014152 2.4771e+05
0.014157 2.4771e+05
0.014163 2.4771e+05
0.014169 2.4771e+05
0.014174 2.4771e+05
0.01418 2.4771e+05
0.014186 2.4771e+05
0.014191 2.4771e+05
0.014197 2.4771e+05
0.014202 2.4771e+05
0.014208 2.4771e+05
0.014214 2.4771e+05
0.014219 2.4771e+05
0.014225 2.4771e+05
0.014231 2.4771e+05
0.014236 2.4771e+05
0.014242 2.4771e+05
0.014248 2.4771e+05
0.014253 2.4771e+05
0.014259 2.4771e+05
0.014265 2.4771e+05
0.01427 2.4771e+05
0.014276 2.4771e+05
0.014282 2.4771e+05
0.014287 2.4771e+05
0.014293 2.4771e+05
0.014299 2.4771e+05
0.014304 2.4771e+05
0.01431 2.4771e+05
0.014316 2.4771e+05
0.014321 2.4771e+05
0.014327 2.4771e+05
0.014332 2.4771e+05
0.014338 2.4771e+05
0.014344 2.4771e+05
0.014349 2.4771e+05
0.014355 2.4771e+05
0.014361 2.4771e+05
0.014366 2.4771e+05
0.014372 2.4771e+05
0.014378 2.4771e+05
0.014383 2.4771e+05
0.014389 2.4771e+05
0.014395 2.4771e+05
0.0144 2.4771e+05
0.014406 2.4771e+05
0.014412 2.4771e+05
0.014417 2.4771e+05
0.014423 2.4771e+05
0.014429 2.4771e+05
0.014434 2.4771e+05
0.01444 2.4771e+05
0.014446 2.4771e+05
0.014451 2.4771e+05
0.014457 2.4771e+05
0.014463 2.4771e+05
0.014468 2.4771e+05
0.014474 2.4771e+05
0.014479 2.4771e+05
0.014485 2.4771e+05
0.014491 2.4771e+05
0.014496 2.4771e+05
0.014502 2.4771e+05
0.014508 2.4771e+05
0.014513 2.4771e+05
0.014519 2.4771e+05
0.014525 2.4771e+05
0.01453 2.4771e+05
0.014536 2.4771e+05
0.014542 2.4771e+05
0.014547 2.4771e+05
0.014553 2.4771e+05
0.014559 2.4771e+05
0.014564 2.4771e+05
0.01457 2.4771e+05
0.014576 2.4771e+05
0.014581 2.4771e+05
0.014587 2.4771e+05
0.014593 2.4771e+05
0.014598 2.4771e+05
0.014604 2.4771e+05
0.01461 2.4771e+05
0.014615 2.4771e+05
0.014621 2.4771e+05
0.014626 2.4771e+05
0.014632 2.4771e+05
0.014638 2.4771e+05
0.014643 2.4771e+05
0.014649 2.4771e+05
0.014655 2.4771e+05
0.01466 2.4771e+05
0.014666 2.4771e+05
0.014672 2.4771e+05
0.014677 2.4771e+05
0.014683 2.4771e+05
0.014689 2.4771e+05
0.014694 2.4771e+05
0.0147 2.4771e+05
0.014706 2.4771e+05
0.014711 2.4771e+05
0.014717 2.4771e+05
0.014723 2.4771e+05
0.014728 2.4771e+05
0.014734 2.4771e+05
0.01474 2.4771e+05
0.014745 2.4771e+05
0.014751 2.4771e+05
0.014757 2.4771e+05
0.014762 2.4771e+05
0.014768 2.4771e+05
0.014774 2.4771e+05
0.014779 2.4771e+05
0.014785 2.4771e+05
0.01479 2.4771e+05
0.014796 2.4771e+05
0.014802 2.4771e+05
0.014807 2.4771e+05
0.014813 2.4771e+05
0.014819 2.4771e+05
0.014824 2.4771e+05
0.01483 2.4771e+05
0.014836 2.4771e+05
0.014841 2.4771e+05
0.014847 2.4771e+05
0.014853 2.4771e+05
0.014858 2.4771e+05
0.014864 2.4771e+05
0.01487 2.4771e+05
0.014875 2.4771e+05
0.014881 2.4771e+05
0.014887 2.4771e+05
0.014892 2.4771e+05
0.014898 2.4771e+05
0.014904 2.4771e+05
0.014909 2.4771e+05
0.014915 2.4771e+05
0.01492 2.4771e+05
0.014926 2.4771e+05
0.014932 2.4771e+05
0.014937 2.4771e+05
0.014943 2.4771e+05
0.014949 2.4771e+05
0.014954 2.4771e+05
0.01496 2.4771e+05
0.014966 2.4771e+05
0.014971 2.4771e+05
0.014977 2.4771e+05
0.014983 2.4771e+05
0.014988 2.4771e+05
0.014994 2.4771e+05
0.015 2.4771e+05
0.015005 2.4771e+05
0.015011 2.4771e+05
0.015017 2.4771e+05
0.015022 2.4771e+05
0.015028 2.4771e+05
0.015034 2.4771e+05
0.015039 2.4771e+05
0.015045 2.4771e+05
0.015051 2.4771e+05
0.015056 2.4771e+05
0.015062 2.4771e+05
0.015068 2.4771e+05
0.015073 2.4771e+05
0.015079 2.4771e+05
0.015084 2.4771e+05
0.01509 2.4771e+05
0.015096 2.4771e+05
0.015101 2.4771e+05
0.015107 2.4771e+05
0.015113 2.4771e+05
0.015118 2.4771e+05
0.015124 2.4771e+05
0.01513 2.4771e+05
0.015135 2.4771e+05
0.015141 2.4771e+05
0.015147 2.4771e+05
0.015152 2.4771e+05
0.015158 2.4771e+05
0.015164 2.4771e+05
0.015169 2.4771e+05
0.015175 2.4771e+05
0.015181 2.4771e+05
0.015186 2.4771e+05
0.015192 2.4771e+05
0.015198 2.4771e+05
0.015203 2.4771e+05
0.015209 2.4771e+05
0.015215 2.4771e+05
0.01522 2.4771e+05
0.015226 2.4771e+05
0.015231 2.4771e+05
0.015237 2.4771e+05
0.015243 2.4771e+05
0.015248 2.4771e+05
0.015254 2.4771e+05
0.01526 2.4771e+05
0.015265 2.4771e+05
0.015271 2.4771e+05
0.015277 2.4771e+05
0.015282 2.4771e+05
0.015288 2.4771e+05
0.015294 2.4771e+05
0.015299 2.4771e+05
0.015305 2.4771e+05
0.015311 2.4771e+05
0.015316 2.4771e+05
0.015322 2.4771e+05
0.015328 2.4771e+05
0.015333 2.4771e+05
0.015339 2.4771e+05
0.015345 2.4771e+05
0.01535 2.4771e+05
0.015356 2.4771e+05
0.015362 2.4771e+05
0.015367 2.4771e+05
0.015373 2.4771e+05
0.015378 2.4771e+05
0.015384 2.4771e+05
0.01539 2.4771e+05
0.015395 2.4771e+05
0.015401 2.4771e+05
0.015407 2.4771e+05
0.015412 2.4771e+05
0.015418 2.4771e+05
0.015424 2.4771e+05
0.015429 2.4771e+05
0.015435 2.4771e+05
0.015441 2.4771e+05
0.015446 2.4771e+05
0.015452 2.4771e+05
0.015458 2.4771e+05
0.015463 2.4771e+05
0.015469 2.4771e+05
0.015475 2.4771e+05
0.01548 2.4771e+05
0.015486 2.4771e+05
0.015492 2.4771e+05
0.015497 2.4771e+05
0.015503 2.4771e+05
0.015508 2.4771e+05
0.015514 2.4771e+05
0.01552 2.4771e+05
0.015525 2.4771e+05
0.015531 2.4771e+05
0.015537 2.4771e+05
0.015542 2.4771e+05
0.015548 2.4771e+05
0.015554 2.4771e+05
0.015559 2.4771e+05
0.015565 2.4771e+05
0.015571 2.4771e+05
0.015576 2.4771e+05
0.015582 2.4771e+05
0.015588 2.4771e+05
0.015593 2.4771e+05
0.015599 2.4771e+05
0.015605 2.4771e+05
0.01561 2.4771e+05
0.015616 2.4771e+05
0.015622 2.4771e+05
0.015627 2.4771e+05
0.015633 2.4771e+05
0.015639 2.4771e+05
0.015644 2.4771e+05
0.01565 2.4771e+05
0.015655 2.4771e+05
0.015661 2.4771e+05
0.015667 2.4771e+05
0.015672 2.4771e+05
0.015678 2.4771e+05
0.015684 2.4771e+05
0.015689 2.4771e+05
0.015695 2.4771e+05
0.015701 2.4771e+05
0.015706 2.4771e+05
0.015712 2.4771e+05
0.015718 2.4771e+05
0.015723 2.4771e+05
0.015729 2.4771e+05
0.015735 2.4771e+05
0.01574 2.4771e+05
0.015746 2.4771e+05
0.015752 2.4771e+05
0.015757 2.4771e+05
0.015763 2.4771e+05
0.015769 2.4771e+05
0.015774 2.4771e+05
0.01578 2.4771e+05
0.015786 2.4771e+05
0.015791 2.4771e+05
0.015797 2.4771e+05
0.015803 2.4771e+05
0.015808 2.4771e+05
0.015814 2.4771e+05
0.015819 2.4771e+05
0.015825 2.4771e+05
0.015831 2.4771e+05
0.015836 2.4771e+05
0.015842 2.4771e+05
0.015848 2.4771e+05
0.015853 2.4771e+05
0.015859 2.4771e+05
0.015865 2.4771e+05
0.01587 2.4771e+05
0.015876 2.4771e+05
0.015882 2.4771e+05
0.015887 2.4771e+05
0.015893 2.4771e+05
0.015899 2.4771e+05
0.015904 2.4771e+05
0.01591 2.4771e+05
0.015916 2.4771e+05
0.015921 2.4771e+05
0.015927 2.4771e+05
0.015933 2.4771e+05
0.015938 2.4771e+05
0.015944 2.4771e+05
0.015949 2.4771e+05
0.015955 2.4771e+05
0.015961 2.4771e+05
0.015966 2.4771e+05
0.015972 2.4771e+05
0.015978 2.4771e+05
0.015983 2.4771e+05
0.015989 2.4771e+05
0.015995 2.4771e+05
0.016 2.4771e+05
0.016006 2.4771e+05
0.016012 2.4771e+05
0.016017 2.4771e+05
0.016023 2.4771e+05
0.016029 2.4771e+05
0.016034 2.4771e+05
0.01604 2.4771e+05
0.016046 2.4771e+05
0.016051 2.4771e+05
0.016057 2.4771e+05
0.016063 2.4771e+05
0.016068 2.4771e+05
0.016074 2.4771e+05
0.01608 2.4771e+05
0.016085 2.4771e+05
0.016091 2.4771e+05
0.016096 2.4771e+05
0.016102 2.4771e+05
0.016108 2.4771e+05
0.016113 2.4771e+05
0.016119 2.4771e+05
0.016125 2.4771e+05
0.01613 2.4771e+05
0.016136 2.4771e+05
0.016142 2.4771e+05
0.016147 2.4771e+05
0.016153 2.4771e+05
0.016159 2.4771e+05
0.016164 2.4771e+05
0.01617 2.4771e+05
0.016176 2.4771e+05
0.016181 2.4771e+05
0.016187 2.4771e+05
0.016193 2.4771e+05
0.016198 2.4771e+05
0.016204 2.4771e+05
0.01621 2.4771e+05
0.016215 2.4771e+05
0.016221 2.4771e+05
0.016227 2.4771e+05
0.016232 2.4771e+05
0.016238 2.4771e+05
0.016244 2.4771e+05
0.016249 2.4771e+05
0.016255 2.4771e+05
0.01626 2.4771e+05
0.016266 2.4771e+05
0.016272 2.4771e+05
0.016277 2.4771e+05
0.016283 2.4771e+05
0.016289 2.4771e+05
0.016294 2.4771e+05
0.0163 2.4771e+05
0.016306 2.4771e+05
0.016311 2.4771e+05
0.016317 2.4771e+05
0.016323 2.4771e+05
0.016328 2.4771e+05
0.016334 2.4771e+05
0.01634 2.4771e+05
0.016345 2.4771e+05
0.016351 2.4771e+05
0.016357 2.4771e+05
0.016362 2.4771e+05
0.016368 2.4771e+05
0.016374 2.4771e+05
0.016379 2.4771e+05
0.016385 2.4771e+05
0.01639 2.4771e+05
0.016396 2.4771e+05
0.016402 2.4771e+05
0.016407 2.4771e+05
0.016413 2.4771e+05
0.016419 2.4771e+05
0.016424 2.4771e+05
0.01643 2.4771e+05
0.016436 2.4771e+05
0.016441 2.4771e+05
0.016447 2.4771e+05
0.016453 2.4771e+05
0.016458 2.4771e+05
0.016464 2.4771e+05
0.01647 2.4771e+05
0.016475 2.4771e+05
0.016481 2.4771e+05
0.016487 2.4771e+05
0.016492 2.4771e+05
0.016498 2.4771e+05
0.016504 2.4771e+05
0.016509 2.4771e+05
0.016515 2.4771e+05
0.016521 2.4771e+05
0.016526 2.4771e+05
0.016532 2.4771e+05
0.016538 2.4771e+05
0.016543 2.4771e+05
0.016549 2.4771e+05
0.016554 2.4771e+05
0.01656 2.4771e+05
0.016566 2.4771e+05
0.016571 2.4771e+05
0.016577 2.4771e+05
0.016583 2.4771e+05
0.016588 2.4771e+05
0.016594 2.4771e+05
0.0166 2.4771e+05
0.016605 2.4771e+05
0.016611 2.4771e+05
0.016617 2.4771e+05
0.016622 2.4771e+05
0.016628 2.4771e+05
0.016634 2.4771e+05
0.016639 2.4771e+05
0.016645 2.4771e+05
0.016651 2.4771e+05
0.016656 2.4771e+05
0.016662 2.4771e+05
0.016668 2.4771e+05
0.016673 2.4771e+05
0.016679 2.4771e+05
0.016684 2.4771e+05
0.01669 2.4771e+05
0.016696 2.4771e+05
0.016701 2.4771e+05
0.016707 2.4771e+05
0.016713 2.4771e+05
0.016718 2.4771e+05
0.016724 2.4771e+05
0.01673 2.4771e+05
0.016735 2.4771e+05
0.016741 2.4771e+05
0.016747 2.4771e+05
0.016752 2.4771e+05
0.016758 2.4771e+05
0.016764 2.4771e+05
0.016769 2.4771e+05
0.016775 2.4771e+05
0.016781 2.4771e+05
0.016786 2.4771e+05
0.016792 2.4771e+05
0.016798 2.4771e+05
0.016803 2.4771e+05
0.016809 2.4771e+05
0.016815 2.4771e+05
0.01682 2.4771e+05
0.016826 2.4771e+05
0.016831 2.4771e+05
0.016837 2.4771e+05
0.016843 2.4771e+05
0.016848 2.4771e+05
0.016854 2.4771e+05
0.01686 2.4771e+05
0.016865 2.4771e+05
0.016871 2.4771e+05
0.016877 2.4771e+05
0.016882 2.4771e+05
0.016888 2.4771e+05
0.016894 2.4771e+05
0.016899 2.4771e+05
0.016905 2.4771e+05
0.016911 2.4771e+05
0.016916 2.4771e+05
0.016922 2.4771e+05
0.016928 2.4771e+05
0.016933 2.4771e+05
0.016939 2.4771e+05
0.016945 2.4771e+05
0.01695 2.4771e+05
0.016956 2.4771e+05
0.016962 2.4771e+05
0.016967 2.4771e+05
0.016973 2.4771e+05
0.016979 2.4771e+05
0.016984 2.4771e+05
0.01699 2.4771e+05
0.016995 2.4771e+05
0.017001 2.4771e+05
0.017007 2.4771e+05
0.017012 2.4771e+05
0.017018 2.4771e+05
0.017024 2.4771e+05
0.017029 2.4771e+05
0.017035 2.4771e+05
0.017041 2.4771e+05
0.017046 2.4771e+05
0.017052 2.4771e+05
0.017058 2.4771e+05
0.017063 2.4771e+05
0.017069 2.4771e+05
0.017075 2.4771e+05
0.01708 2.4771e+05
0.017086 2.4771e+05
0.017092 2.4771e+05
0.017097 2.4771e+05
0.017103 2.4771e+05
0.017109 2.4771e+05
0.017114 2.4771e+05
0.01712 2.4771e+05
0.017125 2.4771e+05
0.017131 2.4771e+05
0.017137 2.4771e+05
0.017142 2.4771e+05
0.017148 2.4771e+05
0.017154 2.4771e+05
0.017159 2.4771e+05
0.017165 2.4771e+05
0.017171 2.4771e+05
0.017176 2.4771e+05
0.017182 2.4771e+05
0.017188 2.4771e+05
0.017193 2.4771e+05
0.017199 2.4771e+05
0.017205 2.4771e+05
0.01721 2.4771e+05
0.017216 2.4771e+05
0.017222 2.4771e+05
0.017227 2.4771e+05
0.017233 2.4771e+05
0.017239 2.4771e+05
0.017244 2.4771e+05
0.01725 2.4771e+05
0.017256 2.4771e+05
0.017261 2.4771e+05
0.017267 2.4771e+05
0.017272 2.4771e+05
0.017278 2.4771e+05
0.017284 2.4771e+05
0.017289 2.4771e+05
0.017295 2.4771e+05
0.017301 2.4771e+05
0.017306 2.4771e+05
0.017312 2.4771e+05
0.017318 2.4771e+05
0.017323 2.4771e+05
0.017329 2.4771e+05
0.017335 2.4771e+05
0.01734 2.4771e+05
0.017346 2.4771e+05
0.017352 2.4771e+05
0.017357 2.4771e+05
0.017363 2.4771e+05
0.017369 2.4771e+05
0.017374 2.4771e+05
0.01738 2.4771e+05
0.017386 2.4771e+05
0.017391 2.4771e+05
0.017397 2.4771e+05
0.017403 2.4771e+05
0.017408 2.4771e+05
0.017414 2.4771e+05
0.01742 2.4771e+05
0.017425 2.4771e+05
0.017431 2.4771e+05
0.017436 2.4771e+05
0.017442 2.4771e+05
0.017448 2.4771e+05
0.017453 2.4771e+05
0.017459 2.4771e+05
0.017465 2.4771e+05
0.01747 2.4771e+05
0.017476 2.4771e+05
0.017482 2.4771e+05
0.017487 2.4771e+05
0.017493 2.4771e+05
0.017499 2.4771e+05
0.017504 2.4771e+05
0.01751 2.4771e+05
0.017516 2.4771e+05
0.017521 2.4771e+05
0.017527 2.4771e+05
0.017533 2.4771e+05
0.017538 2.4771e+05
0.017544 2.4771e+05
0.01755 2.4771e+05
0.017555 2.4771e+05
0.017561 2.4771e+05
0.017567 2.4771e+05
0.017572 2.4771e+05
0.017578 2.4771e+05
0.017583 2.4771e+05
0.017589 2.4771e+05
0.017595 2.4771e+05
0.0176 2.4771e+05
0.017606 2.4771e+05
0.017612 2.4771e+05
0.017617 2.4771e+05
0.017623 2.4771e+05
0.017629 2.4771e+05
0.017634 2.4771e+05
0.01764 2.4771e+05
0.017646 2.4771e+05
0.017651 2.4771e+05
0.017657 2.4771e+05
0.017663 2.4771e+05
0.017668 2.4771e+05
0.017674 2.4771e+05
0.01768 2.4771e+05
0.017685 2.4771e+05
0.017691 2.4771e+05
0.017697 2.4771e+05
0.017702 2.4771e+05
0.017708 2.4771e+05
0.017714 2.4771e+05
0.017719 2.4771e+05
0.017725 2.4771e+05
0.01773 2.4771e+05
0.017736 2.4771e+05
0.017742 2.4771e+05
0.017747 2.4771e+05
0.017753 2.4771e+05
0.017759 2.4771e+05
0.017764 2.4771e+05
0.01777 2.4771e+05
0.017776 2.4771e+05
0.017781 2.4771e+05
0.017787 2.4771e+05
0.017793 2.4771e+05
0.017798 2.4771e+05
0.017804 2.4771e+05
0.01781 2.4771e+05
0.017815 2.4771e+05
0.017821 2.4771e+05
0.017827 2.4771e+05
0.017832 2.4771e+05
0.017838 2.4771e+05
0.017844 2.4771e+05
0.017849 2.4771e+05
0.017855 2.4771e+05
0.01786 2.4771e+05
0.017866 2.4771e+05
0.017872 2.4771e+05
0.017877 2.4771e+05
0.017883 2.4771e+05
0.017889 2.4771e+05
0.017894 2.4771e+05
0.0179 2.4771e+05
0.017906 2.4771e+05
0.017911 2.4771e+05
0.017917 2.4771e+05
0.017923 2.4771e+05
0.017928 2.4771e+05
0.017934 2.4771e+05
0.01794 2.4771e+05
0.017945 2.4771e+05
0.017951 2.4771e+05
0.017957 2.4771e+05
0.017962 2.4771e+05
0.017968 2.4771e+05
0.017974 2.4771e+05
0.017979 2.4771e+05
0.017985 2.4771e+05
0.017991 2.4771e+05
0.017996 2.4771e+05
0.018002 2.4771e+05
0.018008 2.4771e+05
0.018013 2.4771e+05
0.018019 2.4771e+05
0.018024 2.4771e+05
0.01803 2.4771e+05
0.018036 2.4771e+05
0.018041 2.4771e+05
0.018047 2.4771e+05
0.018053 2.4771e+05
0.018058 2.4771e+05
0.018064 2.4771e+05
0.01807 2.4771e+05
0.018075 2.4771e+05
0.018081 2.4771e+05
0.018087 2.4771e+05
0.018092 2.4771e+05
0.018098 2.4771e+05
0.018104 2.4771e+05
0.018109 2.4771e+05
0.018115 2.4771e+05
0.018121 2.4771e+05
0.018126 2.4771e+05
0.018132 2.4771e+05
0.018138 2.4771e+05
0.018143 2.4771e+05
0.018149 2.4771e+05
0.018154 2.4771e+05
0.01816 2.4771e+05
0.018166 2.4771e+05
0.018171 2.4771e+05
0.018177 2.4771e+05
0.018183 2.4771e+05
0.018188 2.4771e+05
0.018194 2.4771e+05
0.0182 2.4771e+05
0.018205 2.4771e+05
0.018211 2.4771e+05
0.018217 2.4771e+05
0.018222 2.4771e+05
0.018228 2.4771e+05
0.018234 2.4771e+05
0.018239 2.4771e+05
0.018245 2.4771e+05
0.018251 2.4771e+05
0.018256 2.4771e+05
0.018262 2.4771e+05
0.018268 2.4771e+05
0.018273 2.4771e+05
0.018279 2.4771e+05
0.018285 2.4771e+05
0.01829 2.4771e+05
0.018296 2.4771e+05
0.018302 2.4771e+05
0.018307 2.4771e+05
0.018313 2.4771e+05
0.018318 2.4771e+05
0.018324 2.4771e+05
0.01833 2.4771e+05
0.018335 2.4771e+05
0.018341 2.4771e+05
0.018347 2.4771e+05
0.018352 2.4771e+05
0.018358 2.4771e+05
0.018364 2.4771e+05
0.018369 2.4771e+05
0.018375 2.4771e+05
0.018381 2.4771e+05
0.018386 2.4771e+05
0.018392 2.4771e+05
0.018398 2.4771e+05
0.018403 2.4771e+05
0.018409 2.4771e+05
0.018415 2.4771e+05
0.01842 2.4771e+05
0.018426 2.4771e+05
0.018432 2.4771e+05
0.018437 2.4771e+05
0.018443 2.4771e+05
0.018448 2.4771e+05
0.018454 2.4771e+05
0.01846 2.4771e+05
0.018465 2.4771e+05
0.018471 2.4771e+05
0.018477 2.4771e+05
0.018482 2.4771e+05
0.018488 2.4771e+05
0.018494 2.4771e+05
0.018499 2.4771e+05
0.018505 2.4771e+05
0.018511 2.4771e+05
0.018516 2.4771e+05
0.018522 2.4771e+05
0.018528 2.4771e+05
0.018533 2.4771e+05
0.018539 2.4771e+05
0.018545 2.4771e+05
0.01855 2.4771e+05
0.018556 2.4771e+05
0.018562 2.4771e+05
0.018567 2.4771e+05
0.018573 2.4771e+05
0.018579 2.4771e+05
0.018584 2.4771e+05
0.01859 2.4771e+05
0.018596 2.4771e+05
0.018601 2.4771e+05
0.018607 2.4771e+05
0.018612 2.4771e+05
0.018618 2.4771e+05
0.018624 2.4771e+05
0.018629 2.4771e+05
0.018635 2.4771e+05
0.018641 2.4771e+05
0.018646 2.4771e+05
0.018652 2.4771e+05
0.018658 2.4771e+05
0.018663 2.4771e+05
0.018669 2.4771e+05
0.018675 2.4771e+05
0.01868 2.4771e+05
0.018686 2.4771e+05
0.018692 2.4771e+05
0.018697 2.4771e+05
0.018703 2.4771e+05
0.018709 2.4771e+05
0.018714 2.4771e+05
0.01872 2.4771e+05
0.018726 2.4771e+05
0.018731 2.4771e+05
0.018737 2.4771e+05
0.018743 2.4771e+05
0.018748 2.4771e+05
0.018754 2.4771e+05
0.018759 2.4771e+05
0.018765 2.4771e+05
0.018771 2.4771e+05
0.018776 2.4771e+05
0.018782 2.4771e+05
0.018788 2.4771e+05
0.018793 2.4771e+05
0.018799 2.4771e+05
0.018805 2.4771e+05
0.01881 2.4771e+05
0.018816 2.4771e+05
0.018822 2.4771e+05
0.018827 2.4771e+05
0.018833 2.4771e+05
0.018839 2.4771e+05
0.018844 2.4771e+05
0.01885 2.4771e+05
0.018856 2.4771e+05
0.018861 2.4771e+05
0.018867 2.4771e+05
0.018873 2.4771e+05
0.018878 2.4771e+05
0.018884 2.4771e+05
0.01889 2.4771e+05
0.018895 2.4771e+05
0.018901 2.4771e+05
0.018906 2.4771e+05
0.018912 2.4771e+05
0.018918 2.4771e+05
0.018923 2.4771e+05
0.018929 2.4771e+05
0.018935 2.4771e+05
0.01894 2.4771e+05
0.018946 2.4771e+05
0.018952 2.4771e+05
0.018957 2.4771e+05
0.018963 2.4771e+05
0.018969 2.4771e+05
0.018974 2.4771e+05
0.01898 2.4771e+05
0.018986 2.4771e+05
0.018991 2.4771e+05
0.018997 2.4771e+05
0.019003 2.4771e+05
0.019008 2.4771e+05
0.019014 2.4771e+05
0.01902 2.4771e+05
0.019025 2.4771e+05
0.019031 2.4771e+05
0.019037 2.4771e+05
0.019042 2.4771e+05
0.019048 2.4771e+05
0.019053 2.4771e+05
0.019059 2.4771e+05
0.019065 2.4771e+05
0.01907 2.4771e+05
0.019076 2.4771e+05
0.019082 2.4771e+05
0.019087 2.4771e+05
0.019093 2.4771e+05
0.019099 2.4771e+05
0.019104 2.4771e+05
0.01911 2.4771e+05
0.019116 2.4771e+05
0.019121 2.4771e+05
0.019127 2.4771e+05
0.019133 2.4771e+05
0.019138 2.4771e+05
0.019144 2.4771e+05
0.01915 2.4771e+05
0.019155 2.4771e+05
0.019161 2.4771e+05
0.019167 2.4771e+05
0.019172 2.4771e+05
0.019178 2.4771e+05
0.019183 2.4771e+05
0.019189 2.4771e+05
0.019195 2.4771e+05
0.0192 2.4771e+05
0.019206 2.4771e+05
0.019212 2.4771e+05
0.019217 2.4771e+05
0.019223 2.4771e+05
0.019229 2.4771e+05
0.019234 2.4771e+05
0.01924 2.4771e+05
0.019246 2.4771e+05
0.019251 2.4771e+05
0.019257 2.4771e+05
0.019263 2.4771e+05
0.019268 2.4771e+05
0.019274 2.4771e+05
0.01928 2.4771e+05
0.019285 2.4771e+05
0.019291 2.4771e+05
0.019297 2.4771e+05
0.019302 2.4771e+05
0.019308 2.4771e+05
0.019314 2.4771e+05
0.019319 2.4771e+05
0.019325 2.4771e+05
0.019331 2.4771e+05
0.019336 2.4771e+05
0.019342 2.4771e+05
0.019347 2.4771e+05
0.019353 2.4771e+05
0.019359 2.4771e+05
0.019364 2.4771e+05
0.01937 2.4771e+05
0.019376 2.4771e+05
0.019381 2.4771e+05
0.019387 2.4771e+05
0.019393 2.4771e+05
0.019398 2.4771e+05
0.019404 2.4771e+05
0.01941 2.4771e+05
0.019415 2.4771e+05
0.019421 2.4771e+05
0.019427 2.4771e+05
0.019432 2.4771e+05
0.019438 2.4771e+05
0.019444 2.4771e+05
0.019449 2.4771e+05
0.019455 2.4771e+05
0.019461 2.4771e+05
0.019466 2.4771e+05
0.019472 2.4771e+05
0.019478 2.4771e+05
0.019483 2.4771e+05
0.019489 2.4771e+05
0.019494 2.4771e+05
0.0195 2.4771e+05
0.019506 2.4771e+05
0.019511 2.4771e+05
0.019517 2.4771e+05
0.019523 2.4771e+05
0.019528 2.4771e+05
0.019534 2.4771e+05
0.01954 2.4771e+05
0.019545 2.4771e+05
0.019551 2.4771e+05
0.019557 2.4771e+05
0.019562 2.4771e+05
0.019568 2.4771e+05
0.019574 2.4771e+05
0.019579 2.4771e+05
0.019585 2.4771e+05
0.019591 2.4771e+05
0.019596 2.4771e+05
0.019602 2.4771e+05
0.019608 2.4771e+05
0.019613 2.4771e+05
0.019619 2.4771e+05
0.019624 2.4771e+05
0.01963 2.4771e+05
0.019636 2.4771e+05
0.019641 2.4771e+05
0.019647 2.4771e+05
0.019653 2.4771e+05
0.019658 2.4771e+05
0.019664 2.4771e+05
0.01967 2.4771e+05
0.019675 2.4771e+05
0.019681 2.4771e+05
0.019687 2.4771e+05
0.019692 2.4771e+05
0.019698 2.4771e+05
0.019704 2.4771e+05
0.019709 2.4771e+05
0.019715 2.4771e+05
0.019721 2.4771e+05
0.019726 2.4771e+05
0.019732 2.4771e+05
0.019738 2.4771e+05
0.019743 2.4771e+05
0.019749 2.4771e+05
0.019755 2.4771e+05
0.01976 2.4771e+05
0.019766 2.4771e+05
0.019772 2.4771e+05
0.019777 2.4771e+05
0.019783 2.4771e+05
0.019788 2.4771e+05
1 2.4771e+05
