5.6538e-06 1.1509e+07
1.1308e-05 1.1509e+07
1.6962e-05 1.1509e+07
2.2615e-05 1.1509e+07
2.8269e-05 1.1509e+07
3.3923e-05 1.1509e+07
3.9577e-05 1.1509e+07
4.5231e-05 1.1508e+07
5.0885e-05 1.1508e+07
5.6538e-05 1.1508e+07
6.2192e-05 1.1508e+07
6.7846e-05 1.1507e+07
7.35e-05 1.1506e+07
7.9154e-05 1.1505e+07
8.4808e-05 1.1504e+07
9.0462e-05 1.1501e+07
9.6115e-05 1.1498e+07
0.00010177 1.1492e+07
0.00010742 1.1485e+07
0.00011308 1.1475e+07
0.00011873 1.146e+07
0.00012438 1.1441e+07
0.00013004 1.1414e+07
0.00013569 1.1378e+07
0.00014135 1.133e+07
0.000147 1.1267e+07
0.00015265 1.1184e+07
0.00015831 1.1078e+07
0.00016396 1.0944e+07
0.00016962 1.0776e+07
0.00017527 1.0568e+07
0.00018092 1.0314e+07
0.00018658 1.001e+07
0.00019223 9.6515e+06
0.00019788 9.2351e+06
0.00020354 8.7608e+06
0.00020919 8.2307e+06
0.00021485 7.6503e+06
0.0002205 7.0283e+06
0.00022615 6.3763e+06
0.00023181 5.7085e+06
0.00023746 5.0405e+06
0.00024312 4.3884e+06
0.00024877 3.7671e+06
0.00025442 3.1894e+06
0.00026008 2.6648e+06
0.00026573 2.1995e+06
0.00027138 1.7956e+06
0.00027704 1.4523e+06
0.00028269 1.166e+06
0.00028835 9.3133e+05
0.000294 7.4175e+05
0.00029965 5.9057e+05
0.00030531 4.7125e+05
0.00031096 3.7783e+05
0.00031662 3.0514e+05
0.00032227 2.4879e+05
0.00032792 2.0522e+05
0.00033358 1.7156e+05
0.00033923 1.4558e+05
0.00034488 1.2553e+05
0.00035054 1.1008e+05
0.00035619 98219
0.00036185 89178
0.0003675 82380
0.00037315 77390
0.00037881 73885
0.00038446 71626
0.00039012 70435
0.00039577 70184
0.00040142 70782
0.00040708 72168
0.00041273 74304
0.00041838 77170
0.00042404 80762
0.00042969 85089
0.00043535 90171
0.000441 96038
0.00044665 1.0273e+05
0.00045231 1.103e+05
0.00045796 1.1881e+05
0.00046362 1.2831e+05
0.00046927 1.389e+05
0.00047492 1.5065e+05
0.00048058 1.6367e+05
0.00048623 1.7806e+05
0.00049188 1.9393e+05
0.00049754 2.1142e+05
0.00050319 2.3065e+05
0.00050885 2.5178e+05
0.0005145 2.7496e+05
0.00052015 3.0037e+05
0.00052581 3.2817e+05
0.00053146 3.5855e+05
0.00053712 3.9172e+05
0.00054277 4.2786e+05
0.00054842 4.672e+05
0.00055408 5.0994e+05
0.00055973 5.5631e+05
0.00056538 6.0653e+05
0.00057104 6.6082e+05
0.00057669 7.1942e+05
0.00058235 7.8254e+05
0.000588 8.5041e+05
0.00059365 9.2323e+05
0.00059931 1.0012e+06
0.00060496 1.0845e+06
0.00061062 1.1734e+06
0.00061627 1.2679e+06
0.00062192 1.3683e+06
0.00062758 1.4746e+06
0.00063323 1.587e+06
0.00063888 1.7054e+06
0.00064454 1.83e+06
0.00065019 1.9607e+06
0.00065585 2.0976e+06
0.0006615 2.2405e+06
0.00066715 2.3894e+06
0.00067281 2.5441e+06
0.00067846 2.7045e+06
0.00068412 2.8704e+06
0.00068977 3.0415e+06
0.00069542 3.2176e+06
0.00070108 3.3984e+06
0.00070673 3.5835e+06
0.00071238 3.7726e+06
0.00071804 3.9653e+06
0.00072369 4.1612e+06
0.00072935 4.3599e+06
0.000735 4.5609e+06
0.00074065 4.7639e+06
0.00074631 4.9682e+06
0.00075196 5.1736e+06
0.00075762 5.3795e+06
0.00076327 5.5854e+06
0.00076892 5.7909e+06
0.00077458 5.9956e+06
0.00078023 6.199e+06
0.00078588 6.4007e+06
0.00079154 6.6003e+06
0.00079719 6.7974e+06
0.00080285 6.9917e+06
0.0008085 7.1827e+06
0.00081415 7.3703e+06
0.00081981 7.5541e+06
0.00082546 7.7339e+06
0.00083112 7.9094e+06
0.00083677 8.0804e+06
0.00084242 8.2467e+06
0.00084808 8.4082e+06
0.00085373 8.5648e+06
0.00085938 8.7164e+06
0.00086504 8.8628e+06
0.00087069 9.0041e+06
0.00087635 9.1401e+06
0.000882 9.271e+06
0.00088765 9.3967e+06
0.00089331 9.5172e+06
0.00089896 9.6326e+06
0.00090462 9.743e+06
0.00091027 9.8484e+06
0.00091592 9.9489e+06
0.00092158 1.0045e+07
0.00092723 1.0136e+07
0.00093288 1.0222e+07
0.00093854 1.0304e+07
0.00094419 1.0382e+07
0.00094985 1.0456e+07
0.0009555 1.0526e+07
0.00096115 1.0591e+07
0.00096681 1.0654e+07
0.00097246 1.0712e+07
0.00097812 1.0767e+07
0.00098377 1.0819e+07
0.00098942 1.0868e+07
0.00099508 1.0913e+07
0.0010007 1.0956e+07
0.0010064 1.0996e+07
0.001012 1.1034e+07
0.0010177 1.1069e+07
0.0010233 1.1102e+07
0.001029 1.1133e+07
0.0010347 1.1161e+07
0.0010403 1.1188e+07
0.001046 1.1213e+07
0.0010516 1.1236e+07
0.0010573 1.1257e+07
0.0010629 1.1277e+07
0.0010686 1.1296e+07
0.0010742 1.1313e+07
0.0010799 1.1329e+07
0.0010855 1.1344e+07
0.0010912 1.1357e+07
0.0010968 1.137e+07
0.0011025 1.1381e+07
0.0011082 1.1392e+07
0.0011138 1.1402e+07
0.0011195 1.1411e+07
0.0011251 1.142e+07
0.0011308 1.1427e+07
0.0011364 1.1434e+07
0.0011421 1.1441e+07
0.0011477 1.1447e+07
0.0011534 1.1452e+07
0.001159 1.1457e+07
0.0011647 1.1462e+07
0.0011703 1.1466e+07
0.001176 1.147e+07
0.0011817 1.1474e+07
0.0011873 1.1477e+07
0.001193 1.148e+07
0.0011986 1.1483e+07
0.0012043 1.1485e+07
0.0012099 1.1487e+07
0.0012156 1.1489e+07
0.0012212 1.1491e+07
0.0012269 1.1493e+07
0.0012325 1.1494e+07
0.0012382 1.1496e+07
0.0012438 1.1497e+07
0.0012495 1.1498e+07
0.0012552 1.1499e+07
0.0012608 1.15e+07
0.0012665 1.1501e+07
0.0012721 1.1502e+07
0.0012778 1.1502e+07
0.0012834 1.1503e+07
0.0012891 1.1504e+07
0.0012947 1.1504e+07
0.0013004 1.1505e+07
0.001306 1.1505e+07
0.0013117 1.1505e+07
0.0013173 1.1506e+07
0.001323 1.1506e+07
0.0013287 1.1506e+07
0.0013343 1.1507e+07
0.00134 1.1507e+07
0.0013456 1.1507e+07
0.0013513 1.1507e+07
0.0013569 1.1507e+07
0.0013626 1.1508e+07
0.0013682 1.1508e+07
0.0013739 1.1508e+07
0.0013795 1.1508e+07
0.0013852 1.1508e+07
0.0013908 1.1508e+07
0.0013965 1.1508e+07
0.0014022 1.1508e+07
0.0014078 1.1508e+07
0.0014135 1.1508e+07
0.0014191 1.1508e+07
0.0014248 1.1508e+07
0.0014304 1.1508e+07
0.0014361 1.1508e+07
0.0014417 1.1508e+07
0.0014474 1.1508e+07
0.001453 1.1509e+07
0.0014587 1.1509e+07
0.0014643 1.1509e+07
0.00147 1.1509e+07
0.0014757 1.1509e+07
0.0014813 1.1509e+07
0.001487 1.1509e+07
0.0014926 1.1509e+07
0.0014983 1.1509e+07
0.0015039 1.1509e+07
0.0015096 1.1509e+07
0.0015152 1.1509e+07
0.0015209 1.1509e+07
0.0015265 1.1509e+07
0.0015322 1.1509e+07
0.0015378 1.1509e+07
0.0015435 1.1509e+07
0.0015492 1.1509e+07
0.0015548 1.1509e+07
0.0015605 1.1509e+07
0.0015661 1.1509e+07
0.0015718 1.1509e+07
0.0015774 1.1509e+07
0.0015831 1.1509e+07
0.0015887 1.1509e+07
0.0015944 1.1509e+07
0.0016 1.1509e+07
0.0016057 1.1509e+07
0.0016113 1.1509e+07
0.001617 1.1509e+07
0.0016227 1.1509e+07
0.0016283 1.1509e+07
0.001634 1.1509e+07
0.0016396 1.1509e+07
0.0016453 1.1509e+07
0.0016509 1.1509e+07
0.0016566 1.1509e+07
0.0016622 1.1509e+07
0.0016679 1.1509e+07
0.0016735 1.1509e+07
0.0016792 1.1509e+07
0.0016848 1.1509e+07
0.0016905 1.1509e+07
0.0016962 1.1509e+07
0.0017018 1.1509e+07
0.0017075 1.1509e+07
0.0017131 1.1509e+07
0.0017188 1.1509e+07
0.0017244 1.1509e+07
0.0017301 1.1509e+07
0.0017357 1.1509e+07
0.0017414 1.1509e+07
0.001747 1.1509e+07
0.0017527 1.1509e+07
0.0017583 1.1509e+07
0.001764 1.1509e+07
0.0017697 1.1509e+07
0.0017753 1.1509e+07
0.001781 1.1509e+07
0.0017866 1.1509e+07
0.0017923 1.1509e+07
0.0017979 1.1509e+07
0.0018036 1.1509e+07
0.0018092 1.1509e+07
0.0018149 1.1509e+07
0.0018205 1.1509e+07
0.0018262 1.1509e+07
0.0018318 1.1509e+07
0.0018375 1.1509e+07
0.0018432 1.1509e+07
0.0018488 1.1509e+07
0.0018545 1.1509e+07
0.0018601 1.1509e+07
0.0018658 1.1509e+07
0.0018714 1.1509e+07
0.0018771 1.1509e+07
0.0018827 1.1509e+07
0.0018884 1.1509e+07
0.001894 1.1509e+07
0.0018997 1.1509e+07
0.0019053 1.1509e+07
0.001911 1.1509e+07
0.0019167 1.1509e+07
0.0019223 1.1509e+07
0.001928 1.1509e+07
0.0019336 1.1509e+07
0.0019393 1.1509e+07
0.0019449 1.1509e+07
0.0019506 1.1509e+07
0.0019562 1.1509e+07
0.0019619 1.1509e+07
0.0019675 1.1509e+07
0.0019732 1.1509e+07
0.0019788 1.1509e+07
0.0019845 1.1509e+07
0.0019902 1.1509e+07
0.0019958 1.1509e+07
0.0020015 1.1509e+07
0.0020071 1.1509e+07
0.0020128 1.1509e+07
0.0020184 1.1509e+07
0.0020241 1.1509e+07
0.0020297 1.1509e+07
0.0020354 1.1509e+07
0.002041 1.1509e+07
0.0020467 1.1509e+07
0.0020523 1.1509e+07
0.002058 1.1509e+07
0.0020637 1.1509e+07
0.0020693 1.1509e+07
0.002075 1.1509e+07
0.0020806 1.1509e+07
0.0020863 1.1509e+07
0.0020919 1.1509e+07
0.0020976 1.1509e+07
0.0021032 1.1509e+07
0.0021089 1.1509e+07
0.0021145 1.1509e+07
0.0021202 1.1509e+07
0.0021258 1.1509e+07
0.0021315 1.1509e+07
0.0021372 1.1509e+07
0.0021428 1.1509e+07
0.0021485 1.1509e+07
0.0021541 1.1509e+07
0.0021598 1.1509e+07
0.0021654 1.1509e+07
0.0021711 1.1509e+07
0.0021767 1.1509e+07
0.0021824 1.1509e+07
0.002188 1.1509e+07
0.0021937 1.1509e+07
0.0021993 1.1509e+07
0.002205 1.1509e+07
0.0022107 1.1509e+07
0.0022163 1.1509e+07
0.002222 1.1509e+07
0.0022276 1.1509e+07
0.0022333 1.1509e+07
0.0022389 1.1509e+07
0.0022446 1.1509e+07
0.0022502 1.1509e+07
0.0022559 1.1509e+07
0.0022615 1.1509e+07
0.0022672 1.1509e+07
0.0022728 1.1509e+07
0.0022785 1.1509e+07
0.0022842 1.1509e+07
0.0022898 1.1509e+07
0.0022955 1.1509e+07
0.0023011 1.1509e+07
0.0023068 1.1509e+07
0.0023124 1.1509e+07
0.0023181 1.1509e+07
0.0023237 1.1509e+07
0.0023294 1.1509e+07
0.002335 1.1509e+07
0.0023407 1.1509e+07
0.0023463 1.1509e+07
0.002352 1.1509e+07
0.0023577 1.1509e+07
0.0023633 1.1509e+07
0.002369 1.1509e+07
0.0023746 1.1509e+07
0.0023803 1.1509e+07
0.0023859 1.1509e+07
0.0023916 1.1509e+07
0.0023972 1.1509e+07
0.0024029 1.1509e+07
0.0024085 1.1509e+07
0.0024142 1.1509e+07
0.0024198 1.1509e+07
0.0024255 1.1509e+07
0.0024312 1.1509e+07
0.0024368 1.1509e+07
0.0024425 1.1509e+07
0.0024481 1.1509e+07
0.0024538 1.1509e+07
0.0024594 1.1509e+07
0.0024651 1.1509e+07
0.0024707 1.1509e+07
0.0024764 1.1509e+07
0.002482 1.1509e+07
0.0024877 1.1509e+07
0.0024933 1.1509e+07
0.002499 1.1509e+07
0.0025047 1.1509e+07
0.0025103 1.1509e+07
0.002516 1.1509e+07
0.0025216 1.1509e+07
0.0025273 1.1509e+07
0.0025329 1.1509e+07
0.0025386 1.1509e+07
0.0025442 1.1509e+07
0.0025499 1.1509e+07
0.0025555 1.1509e+07
0.0025612 1.1509e+07
0.0025668 1.1509e+07
0.0025725 1.1509e+07
0.0025782 1.1509e+07
0.0025838 1.1509e+07
0.0025895 1.1509e+07
0.0025951 1.1509e+07
0.0026008 1.1509e+07
0.0026064 1.1509e+07
0.0026121 1.1509e+07
0.0026177 1.1509e+07
0.0026234 1.1509e+07
0.002629 1.1509e+07
0.0026347 1.1509e+07
0.0026403 1.1509e+07
0.002646 1.1509e+07
0.0026517 1.1509e+07
0.0026573 1.1509e+07
0.002663 1.1509e+07
0.0026686 1.1509e+07
0.0026743 1.1509e+07
0.0026799 1.1509e+07
0.0026856 1.1509e+07
0.0026912 1.1509e+07
0.0026969 1.1509e+07
0.0027025 1.1509e+07
0.0027082 1.1509e+07
0.0027138 1.1509e+07
0.0027195 1.1509e+07
0.0027252 1.1509e+07
0.0027308 1.1509e+07
0.0027365 1.1509e+07
0.0027421 1.1509e+07
0.0027478 1.1509e+07
0.0027534 1.1509e+07
0.0027591 1.1509e+07
0.0027647 1.1509e+07
0.0027704 1.1509e+07
0.002776 1.1509e+07
0.0027817 1.1509e+07
0.0027873 1.1509e+07
0.002793 1.1509e+07
0.0027987 1.1509e+07
0.0028043 1.1509e+07
0.00281 1.1509e+07
0.0028156 1.1509e+07
0.0028213 1.1509e+07
0.0028269 1.1509e+07
0.0028326 1.1509e+07
0.0028382 1.1509e+07
0.0028439 1.1509e+07
0.0028495 1.1509e+07
0.0028552 1.1509e+07
0.0028608 1.1509e+07
0.0028665 1.1509e+07
0.0028722 1.1509e+07
0.0028778 1.1509e+07
0.0028835 1.1509e+07
0.0028891 1.1509e+07
0.0028948 1.1509e+07
0.0029004 1.1509e+07
0.0029061 1.1509e+07
0.0029117 1.1509e+07
0.0029174 1.1509e+07
0.002923 1.1509e+07
0.0029287 1.1509e+07
0.0029343 1.1509e+07
0.00294 1.1509e+07
0.0029457 1.1509e+07
0.0029513 1.1509e+07
0.002957 1.1509e+07
0.0029626 1.1509e+07
0.0029683 1.1509e+07
0.0029739 1.1509e+07
0.0029796 1.1509e+07
0.0029852 1.1509e+07
0.0029909 1.1509e+07
0.0029965 1.1509e+07
0.0030022 1.1509e+07
0.0030078 1.1509e+07
0.0030135 1.1509e+07
0.0030192 1.1509e+07
0.0030248 1.1509e+07
0.0030305 1.1509e+07
0.0030361 1.1509e+07
0.0030418 1.1509e+07
0.0030474 1.1509e+07
0.0030531 1.1509e+07
0.0030587 1.1509e+07
0.0030644 1.1509e+07
0.00307 1.1509e+07
0.0030757 1.1509e+07
0.0030813 1.1509e+07
0.003087 1.1509e+07
0.0030927 1.1509e+07
0.0030983 1.1509e+07
0.003104 1.1509e+07
0.0031096 1.1509e+07
0.0031153 1.1509e+07
0.0031209 1.1509e+07
0.0031266 1.1509e+07
0.0031322 1.1509e+07
0.0031379 1.1509e+07
0.0031435 1.1509e+07
0.0031492 1.1509e+07
0.0031548 1.1509e+07
0.0031605 1.1509e+07
0.0031662 1.1509e+07
0.0031718 1.1509e+07
0.0031775 1.1509e+07
0.0031831 1.1509e+07
0.0031888 1.1509e+07
0.0031944 1.1509e+07
0.0032001 1.1509e+07
0.0032057 1.1509e+07
0.0032114 1.1509e+07
0.003217 1.1509e+07
0.0032227 1.1509e+07
0.0032283 1.1509e+07
0.003234 1.1509e+07
0.0032397 1.1509e+07
0.0032453 1.1509e+07
0.003251 1.1509e+07
0.0032566 1.1509e+07
0.0032623 1.1509e+07
0.0032679 1.1509e+07
0.0032736 1.1509e+07
0.0032792 1.1509e+07
0.0032849 1.1509e+07
0.0032905 1.1509e+07
0.0032962 1.1509e+07
0.0033018 1.1509e+07
0.0033075 1.1509e+07
0.0033132 1.1509e+07
0.0033188 1.1509e+07
0.0033245 1.1509e+07
0.0033301 1.1509e+07
0.0033358 1.1509e+07
0.0033414 1.1509e+07
0.0033471 1.1509e+07
0.0033527 1.1509e+07
0.0033584 1.1509e+07
0.003364 1.1509e+07
0.0033697 1.1509e+07
0.0033753 1.1509e+07
0.003381 1.1509e+07
0.0033867 1.1509e+07
0.0033923 1.1509e+07
0.003398 1.1509e+07
0.0034036 1.1509e+07
0.0034093 1.1509e+07
0.0034149 1.1509e+07
0.0034206 1.1509e+07
0.0034262 1.1509e+07
0.0034319 1.1509e+07
0.0034375 1.1509e+07
0.0034432 1.1509e+07
0.0034488 1.1509e+07
0.0034545 1.1509e+07
0.0034602 1.1509e+07
0.0034658 1.1509e+07
0.0034715 1.1509e+07
0.0034771 1.1509e+07
0.0034828 1.1509e+07
0.0034884 1.1509e+07
0.0034941 1.1509e+07
0.0034997 1.1509e+07
0.0035054 1.1509e+07
0.003511 1.1509e+07
0.0035167 1.1509e+07
0.0035223 1.1509e+07
0.003528 1.1509e+07
0.0035337 1.1509e+07
0.0035393 1.1509e+07
0.003545 1.1509e+07
0.0035506 1.1509e+07
0.0035563 1.1509e+07
0.0035619 1.1509e+07
0.0035676 1.1509e+07
0.0035732 1.1509e+07
0.0035789 1.1509e+07
0.0035845 1.1509e+07
0.0035902 1.1509e+07
0.0035958 1.1509e+07
0.0036015 1.1509e+07
0.0036072 1.1509e+07
0.0036128 1.1509e+07
0.0036185 1.1509e+07
0.0036241 1.1509e+07
0.0036298 1.1509e+07
0.0036354 1.1509e+07
0.0036411 1.1509e+07
0.0036467 1.1509e+07
0.0036524 1.1509e+07
0.003658 1.1509e+07
0.0036637 1.1509e+07
0.0036693 1.1509e+07
0.003675 1.1509e+07
0.0036807 1.1509e+07
0.0036863 1.1509e+07
0.003692 1.1509e+07
0.0036976 1.1509e+07
0.0037033 1.1509e+07
0.0037089 1.1509e+07
0.0037146 1.1509e+07
0.0037202 1.1509e+07
0.0037259 1.1509e+07
0.0037315 1.1509e+07
0.0037372 1.1509e+07
0.0037428 1.1509e+07
0.0037485 1.1509e+07
0.0037542 1.1509e+07
0.0037598 1.1509e+07
0.0037655 1.1509e+07
0.0037711 1.1509e+07
0.0037768 1.1509e+07
0.0037824 1.1509e+07
0.0037881 1.1509e+07
0.0037937 1.1509e+07
0.0037994 1.1509e+07
0.003805 1.1509e+07
0.0038107 1.1509e+07
0.0038163 1.1509e+07
0.003822 1.1509e+07
0.0038277 1.1509e+07
0.0038333 1.1509e+07
0.003839 1.1509e+07
0.0038446 1.1509e+07
0.0038503 1.1509e+07
0.0038559 1.1509e+07
0.0038616 1.1509e+07
0.0038672 1.1509e+07
0.0038729 1.1509e+07
0.0038785 1.1509e+07
0.0038842 1.1509e+07
0.0038898 1.1509e+07
0.0038955 1.1509e+07
0.0039012 1.1509e+07
0.0039068 1.1509e+07
0.0039125 1.1509e+07
0.0039181 1.1509e+07
0.0039238 1.1509e+07
0.0039294 1.1509e+07
0.0039351 1.1509e+07
0.0039407 1.1509e+07
0.0039464 1.1509e+07
0.003952 1.1509e+07
0.0039577 1.1509e+07
0.0039633 1.1509e+07
0.003969 1.1509e+07
0.0039747 1.1509e+07
0.0039803 1.1509e+07
0.003986 1.1509e+07
0.0039916 1.1509e+07
0.0039973 1.1509e+07
0.0040029 1.1509e+07
0.0040086 1.1509e+07
0.0040142 1.1509e+07
0.0040199 1.1509e+07
0.0040255 1.1509e+07
0.0040312 1.1509e+07
0.0040368 1.1509e+07
0.0040425 1.1509e+07
0.0040482 1.1509e+07
0.0040538 1.1509e+07
0.0040595 1.1509e+07
0.0040651 1.1509e+07
0.0040708 1.1509e+07
0.0040764 1.1509e+07
0.0040821 1.1509e+07
0.0040877 1.1509e+07
0.0040934 1.1509e+07
0.004099 1.1509e+07
0.0041047 1.1509e+07
0.0041103 1.1509e+07
0.004116 1.1509e+07
0.0041217 1.1509e+07
0.0041273 1.1509e+07
0.004133 1.1509e+07
0.0041386 1.1509e+07
0.0041443 1.1509e+07
0.0041499 1.1509e+07
0.0041556 1.1509e+07
0.0041612 1.1509e+07
0.0041669 1.1509e+07
0.0041725 1.1509e+07
0.0041782 1.1509e+07
0.0041838 1.1509e+07
0.0041895 1.1509e+07
0.0041952 1.1509e+07
0.0042008 1.1509e+07
0.0042065 1.1509e+07
0.0042121 1.1509e+07
0.0042178 1.1509e+07
0.0042234 1.1509e+07
0.0042291 1.1509e+07
0.0042347 1.1509e+07
0.0042404 1.1509e+07
0.004246 1.1509e+07
0.0042517 1.1509e+07
0.0042573 1.1509e+07
0.004263 1.1509e+07
0.0042687 1.1509e+07
0.0042743 1.1509e+07
0.00428 1.1509e+07
0.0042856 1.1509e+07
0.0042913 1.1509e+07
0.0042969 1.1509e+07
0.0043026 1.1509e+07
0.0043082 1.1509e+07
0.0043139 1.1509e+07
0.0043195 1.1509e+07
0.0043252 1.1509e+07
0.0043308 1.1509e+07
0.0043365 1.1509e+07
0.0043422 1.1509e+07
0.0043478 1.1509e+07
0.0043535 1.1509e+07
0.0043591 1.1509e+07
0.0043648 1.1509e+07
0.0043704 1.1509e+07
0.0043761 1.1509e+07
0.0043817 1.1509e+07
0.0043874 1.1509e+07
0.004393 1.1509e+07
0.0043987 1.1509e+07
0.0044043 1.1509e+07
0.00441 1.1509e+07
0.0044157 1.1509e+07
0.0044213 1.1509e+07
0.004427 1.1509e+07
0.0044326 1.1509e+07
0.0044383 1.1509e+07
0.0044439 1.1509e+07
0.0044496 1.1509e+07
0.0044552 1.1509e+07
0.0044609 1.1509e+07
0.0044665 1.1509e+07
0.0044722 1.1509e+07
0.0044778 1.1509e+07
0.0044835 1.1509e+07
0.0044892 1.1509e+07
0.0044948 1.1509e+07
0.0045005 1.1509e+07
0.0045061 1.1509e+07
0.0045118 1.1509e+07
0.0045174 1.1509e+07
0.0045231 1.1509e+07
0.0045287 1.1509e+07
0.0045344 1.1509e+07
0.00454 1.1509e+07
0.0045457 1.1509e+07
0.0045513 1.1509e+07
0.004557 1.1509e+07
0.0045627 1.1509e+07
0.0045683 1.1509e+07
0.004574 1.1509e+07
0.0045796 1.1509e+07
0.0045853 1.1509e+07
0.0045909 1.1509e+07
0.0045966 1.1509e+07
0.0046022 1.1509e+07
0.0046079 1.1509e+07
0.0046135 1.1509e+07
0.0046192 1.1509e+07
0.0046248 1.1509e+07
0.0046305 1.1509e+07
0.0046362 1.1509e+07
0.0046418 1.1509e+07
0.0046475 1.1509e+07
0.0046531 1.1509e+07
0.0046588 1.1509e+07
0.0046644 1.1509e+07
0.0046701 1.1509e+07
0.0046757 1.1509e+07
0.0046814 1.1509e+07
0.004687 1.1509e+07
0.0046927 1.1509e+07
0.0046983 1.1509e+07
0.004704 1.1509e+07
0.0047097 1.1509e+07
0.0047153 1.1509e+07
0.004721 1.1509e+07
0.0047266 1.1509e+07
0.0047323 1.1509e+07
0.0047379 1.1509e+07
0.0047436 1.1509e+07
0.0047492 1.1509e+07
0.0047549 1.1509e+07
0.0047605 1.1509e+07
0.0047662 1.1509e+07
0.0047718 1.1509e+07
0.0047775 1.1509e+07
0.0047832 1.1509e+07
0.0047888 1.1509e+07
0.0047945 1.1509e+07
0.0048001 1.1509e+07
0.0048058 1.1509e+07
0.0048114 1.1509e+07
0.0048171 1.1509e+07
0.0048227 1.1509e+07
0.0048284 1.1509e+07
0.004834 1.1509e+07
0.0048397 1.1509e+07
0.0048453 1.1509e+07
0.004851 1.1509e+07
0.0048567 1.1509e+07
0.0048623 1.1509e+07
0.004868 1.1509e+07
0.0048736 1.1509e+07
0.0048793 1.1509e+07
0.0048849 1.1509e+07
0.0048906 1.1509e+07
0.0048962 1.1509e+07
0.0049019 1.1509e+07
0.0049075 1.1509e+07
0.0049132 1.1509e+07
0.0049188 1.1509e+07
0.0049245 1.1509e+07
0.0049302 1.1509e+07
0.0049358 1.1509e+07
0.0049415 1.1509e+07
0.0049471 1.1509e+07
0.0049528 1.1509e+07
0.0049584 1.1509e+07
0.0049641 1.1509e+07
0.0049697 1.1509e+07
0.0049754 1.1509e+07
0.004981 1.1509e+07
0.0049867 1.1509e+07
0.0049923 1.1509e+07
0.004998 1.1509e+07
0.0050037 1.1509e+07
0.0050093 1.1509e+07
0.005015 1.1509e+07
0.0050206 1.1509e+07
0.0050263 1.1509e+07
0.0050319 1.1509e+07
0.0050376 1.1509e+07
0.0050432 1.1509e+07
0.0050489 1.1509e+07
0.0050545 1.1509e+07
0.0050602 1.1509e+07
0.0050658 1.1509e+07
0.0050715 1.1509e+07
0.0050772 1.1509e+07
0.0050828 1.1509e+07
0.0050885 1.1509e+07
0.0050941 1.1509e+07
0.0050998 1.1509e+07
0.0051054 1.1509e+07
0.0051111 1.1509e+07
0.0051167 1.1509e+07
0.0051224 1.1509e+07
0.005128 1.1509e+07
0.0051337 1.1509e+07
0.0051393 1.1509e+07
0.005145 1.1509e+07
0.0051507 1.1509e+07
0.0051563 1.1509e+07
0.005162 1.1509e+07
0.0051676 1.1509e+07
0.0051733 1.1509e+07
0.0051789 1.1509e+07
0.0051846 1.1509e+07
0.0051902 1.1509e+07
0.0051959 1.1509e+07
0.0052015 1.1509e+07
0.0052072 1.1509e+07
0.0052128 1.1509e+07
0.0052185 1.1509e+07
0.0052242 1.1509e+07
0.0052298 1.1509e+07
0.0052355 1.1509e+07
0.0052411 1.1509e+07
0.0052468 1.1509e+07
0.0052524 1.1509e+07
0.0052581 1.1509e+07
0.0052637 1.1509e+07
0.0052694 1.1509e+07
0.005275 1.1509e+07
0.0052807 1.1509e+07
0.0052863 1.1509e+07
0.005292 1.1509e+07
0.0052977 1.1509e+07
0.0053033 1.1509e+07
0.005309 1.1509e+07
0.0053146 1.1509e+07
0.0053203 1.1509e+07
0.0053259 1.1509e+07
0.0053316 1.1509e+07
0.0053372 1.1509e+07
0.0053429 1.1509e+07
0.0053485 1.1509e+07
0.0053542 1.1509e+07
0.0053598 1.1509e+07
0.0053655 1.1509e+07
0.0053712 1.1509e+07
0.0053768 1.1509e+07
0.0053825 1.1509e+07
0.0053881 1.1509e+07
0.0053938 1.1509e+07
0.0053994 1.1509e+07
0.0054051 1.1509e+07
0.0054107 1.1509e+07
0.0054164 1.1509e+07
0.005422 1.1509e+07
0.0054277 1.1509e+07
0.0054333 1.1509e+07
0.005439 1.1509e+07
0.0054447 1.1509e+07
0.0054503 1.1509e+07
0.005456 1.1509e+07
0.0054616 1.1509e+07
0.0054673 1.1509e+07
0.0054729 1.1509e+07
0.0054786 1.1509e+07
0.0054842 1.1509e+07
0.0054899 1.1509e+07
0.0054955 1.1509e+07
0.0055012 1.1509e+07
0.0055068 1.1509e+07
0.0055125 1.1509e+07
0.0055182 1.1509e+07
0.0055238 1.1509e+07
0.0055295 1.1509e+07
0.0055351 1.1509e+07
0.0055408 1.1509e+07
0.0055464 1.1509e+07
0.0055521 1.1509e+07
0.0055577 1.1509e+07
0.0055634 1.1509e+07
0.005569 1.1509e+07
0.0055747 1.1509e+07
0.0055803 1.1509e+07
0.005586 1.1509e+07
0.0055917 1.1509e+07
0.0055973 1.1509e+07
0.005603 1.1509e+07
0.0056086 1.1509e+07
0.0056143 1.1509e+07
0.0056199 1.1509e+07
0.0056256 1.1509e+07
0.0056312 1.1509e+07
0.0056369 1.1509e+07
0.0056425 1.1509e+07
0.0056482 1.1509e+07
0.0056538 1.1509e+07
0.0056595 1.1509e+07
0.0056652 1.1509e+07
0.0056708 1.1509e+07
0.0056765 1.1509e+07
0.0056821 1.1509e+07
0.0056878 1.1509e+07
0.0056934 1.1509e+07
0.0056991 1.1509e+07
0.0057047 1.1509e+07
0.0057104 1.1509e+07
0.005716 1.1509e+07
0.0057217 1.1509e+07
0.0057273 1.1509e+07
0.005733 1.1509e+07
0.0057387 1.1509e+07
0.0057443 1.1509e+07
0.00575 1.1509e+07
0.0057556 1.1509e+07
0.0057613 1.1509e+07
0.0057669 1.1509e+07
0.0057726 1.1509e+07
0.0057782 1.1509e+07
0.0057839 1.1509e+07
0.0057895 1.1509e+07
0.0057952 1.1509e+07
0.0058008 1.1509e+07
0.0058065 1.1509e+07
0.0058122 1.1509e+07
0.0058178 1.1509e+07
0.0058235 1.1509e+07
0.0058291 1.1509e+07
0.0058348 1.1509e+07
0.0058404 1.1509e+07
0.0058461 1.1509e+07
0.0058517 1.1509e+07
0.0058574 1.1509e+07
0.005863 1.1509e+07
0.0058687 1.1509e+07
0.0058743 1.1509e+07
0.00588 1.1509e+07
0.0058857 1.1509e+07
0.0058913 1.1509e+07
0.005897 1.1509e+07
0.0059026 1.1509e+07
0.0059083 1.1509e+07
0.0059139 1.1509e+07
0.0059196 1.1509e+07
0.0059252 1.1509e+07
0.0059309 1.1509e+07
0.0059365 1.1509e+07
0.0059422 1.1509e+07
0.0059478 1.1509e+07
0.0059535 1.1509e+07
0.0059592 1.1509e+07
0.0059648 1.1509e+07
0.0059705 1.1509e+07
0.0059761 1.1509e+07
0.0059818 1.1509e+07
0.0059874 1.1509e+07
0.0059931 1.1509e+07
0.0059987 1.1509e+07
0.0060044 1.1509e+07
0.00601 1.1509e+07
0.0060157 1.1509e+07
0.0060213 1.1509e+07
0.006027 1.1509e+07
0.0060327 1.1509e+07
0.0060383 1.1509e+07
0.006044 1.1509e+07
0.0060496 1.1509e+07
0.0060553 1.1509e+07
0.0060609 1.1509e+07
0.0060666 1.1509e+07
0.0060722 1.1509e+07
0.0060779 1.1509e+07
0.0060835 1.1509e+07
0.0060892 1.1509e+07
0.0060948 1.1509e+07
0.0061005 1.1509e+07
0.0061062 1.1509e+07
0.0061118 1.1509e+07
0.0061175 1.1509e+07
0.0061231 1.1509e+07
0.0061288 1.1509e+07
0.0061344 1.1509e+07
0.0061401 1.1509e+07
0.0061457 1.1509e+07
0.0061514 1.1509e+07
0.006157 1.1509e+07
0.0061627 1.1509e+07
0.0061683 1.1509e+07
0.006174 1.1509e+07
0.0061797 1.1509e+07
0.0061853 1.1509e+07
0.006191 1.1509e+07
0.0061966 1.1509e+07
0.0062023 1.1509e+07
0.0062079 1.1509e+07
0.0062136 1.1509e+07
0.0062192 1.1509e+07
0.0062249 1.1509e+07
0.0062305 1.1509e+07
0.0062362 1.1509e+07
0.0062418 1.1509e+07
0.0062475 1.1509e+07
0.0062532 1.1509e+07
0.0062588 1.1509e+07
0.0062645 1.1509e+07
0.0062701 1.1509e+07
0.0062758 1.1509e+07
0.0062814 1.1509e+07
0.0062871 1.1509e+07
0.0062927 1.1509e+07
0.0062984 1.1509e+07
0.006304 1.1509e+07
0.0063097 1.1509e+07
0.0063153 1.1509e+07
0.006321 1.1509e+07
0.0063267 1.1509e+07
0.0063323 1.1509e+07
0.006338 1.1509e+07
0.0063436 1.1509e+07
0.0063493 1.1509e+07
0.0063549 1.1509e+07
0.0063606 1.1509e+07
0.0063662 1.1509e+07
0.0063719 1.1509e+07
0.0063775 1.1509e+07
0.0063832 1.1509e+07
0.0063888 1.1509e+07
0.0063945 1.1509e+07
0.0064002 1.1509e+07
0.0064058 1.1509e+07
0.0064115 1.1509e+07
0.0064171 1.1509e+07
0.0064228 1.1509e+07
0.0064284 1.1509e+07
0.0064341 1.1509e+07
0.0064397 1.1509e+07
0.0064454 1.1509e+07
0.006451 1.1509e+07
0.0064567 1.1509e+07
0.0064623 1.1509e+07
0.006468 1.1509e+07
0.0064737 1.1509e+07
0.0064793 1.1509e+07
0.006485 1.1509e+07
0.0064906 1.1509e+07
0.0064963 1.1509e+07
0.0065019 1.1509e+07
0.0065076 1.1509e+07
0.0065132 1.1509e+07
0.0065189 1.1509e+07
0.0065245 1.1509e+07
0.0065302 1.1509e+07
0.0065358 1.1509e+07
0.0065415 1.1509e+07
0.0065472 1.1509e+07
0.0065528 1.1509e+07
0.0065585 1.1509e+07
0.0065641 1.1509e+07
0.0065698 1.1509e+07
0.0065754 1.1509e+07
0.0065811 1.1509e+07
0.0065867 1.1509e+07
0.0065924 1.1509e+07
0.006598 1.1509e+07
0.0066037 1.1509e+07
0.0066093 1.1509e+07
0.006615 1.1509e+07
0.0066207 1.1509e+07
0.0066263 1.1509e+07
0.006632 1.1509e+07
0.0066376 1.1509e+07
0.0066433 1.1509e+07
0.0066489 1.1509e+07
0.0066546 1.1509e+07
0.0066602 1.1509e+07
0.0066659 1.1509e+07
0.0066715 1.1509e+07
0.0066772 1.1509e+07
0.0066828 1.1509e+07
0.0066885 1.1509e+07
0.0066942 1.1509e+07
0.0066998 1.1509e+07
0.0067055 1.1509e+07
0.0067111 1.1509e+07
0.0067168 1.1509e+07
0.0067224 1.1509e+07
0.0067281 1.1509e+07
0.0067337 1.1509e+07
0.0067394 1.1509e+07
0.006745 1.1509e+07
0.0067507 1.1509e+07
0.0067563 1.1509e+07
0.006762 1.1509e+07
0.0067677 1.1509e+07
0.0067733 1.1509e+07
0.006779 1.1509e+07
0.0067846 1.1509e+07
0.0067903 1.1509e+07
0.0067959 1.1509e+07
0.0068016 1.1509e+07
0.0068072 1.1509e+07
0.0068129 1.1509e+07
0.0068185 1.1509e+07
0.0068242 1.1509e+07
0.0068298 1.1509e+07
0.0068355 1.1509e+07
0.0068412 1.1509e+07
0.0068468 1.1509e+07
0.0068525 1.1509e+07
0.0068581 1.1509e+07
0.0068638 1.1509e+07
0.0068694 1.1509e+07
0.0068751 1.1509e+07
0.0068807 1.1509e+07
0.0068864 1.1509e+07
0.006892 1.1509e+07
0.0068977 1.1509e+07
0.0069033 1.1509e+07
0.006909 1.1509e+07
0.0069147 1.1509e+07
0.0069203 1.1509e+07
0.006926 1.1509e+07
0.0069316 1.1509e+07
0.0069373 1.1509e+07
0.0069429 1.1509e+07
0.0069486 1.1509e+07
0.0069542 1.1509e+07
0.0069599 1.1509e+07
0.0069655 1.1509e+07
0.0069712 1.1509e+07
0.0069768 1.1509e+07
0.0069825 1.1509e+07
0.0069882 1.1509e+07
0.0069938 1.1509e+07
0.0069995 1.1509e+07
0.0070051 1.1509e+07
0.0070108 1.1509e+07
0.0070164 1.1509e+07
0.0070221 1.1509e+07
0.0070277 1.1509e+07
0.0070334 1.1509e+07
0.007039 1.1509e+07
0.0070447 1.1509e+07
0.0070503 1.1509e+07
0.007056 1.1509e+07
0.0070617 1.1509e+07
0.0070673 1.1509e+07
0.007073 1.1509e+07
0.0070786 1.1509e+07
0.0070843 1.1509e+07
0.0070899 1.1509e+07
0.0070956 1.1509e+07
0.0071012 1.1509e+07
0.0071069 1.1509e+07
0.0071125 1.1509e+07
0.0071182 1.1509e+07
0.0071238 1.1509e+07
0.0071295 1.1509e+07
0.0071352 1.1509e+07
0.0071408 1.1509e+07
0.0071465 1.1509e+07
0.0071521 1.1509e+07
0.0071578 1.1509e+07
0.0071634 1.1509e+07
0.0071691 1.1509e+07
0.0071747 1.1509e+07
0.0071804 1.1509e+07
0.007186 1.1509e+07
0.0071917 1.1509e+07
0.0071973 1.1509e+07
0.007203 1.1509e+07
0.0072087 1.1509e+07
0.0072143 1.1509e+07
0.00722 1.1509e+07
0.0072256 1.1509e+07
0.0072313 1.1509e+07
0.0072369 1.1509e+07
0.0072426 1.1509e+07
0.0072482 1.1509e+07
0.0072539 1.1509e+07
0.0072595 1.1509e+07
0.0072652 1.1509e+07
0.0072708 1.1509e+07
0.0072765 1.1509e+07
0.0072822 1.1509e+07
0.0072878 1.1509e+07
0.0072935 1.1509e+07
0.0072991 1.1509e+07
0.0073048 1.1509e+07
0.0073104 1.1509e+07
0.0073161 1.1509e+07
0.0073217 1.1509e+07
0.0073274 1.1509e+07
0.007333 1.1509e+07
0.0073387 1.1509e+07
0.0073443 1.1509e+07
0.00735 1.1509e+07
0.0073557 1.1509e+07
0.0073613 1.1509e+07
0.007367 1.1509e+07
0.0073726 1.1509e+07
0.0073783 1.1509e+07
0.0073839 1.1509e+07
0.0073896 1.1509e+07
0.0073952 1.1509e+07
0.0074009 1.1509e+07
0.0074065 1.1509e+07
0.0074122 1.1509e+07
0.0074178 1.1509e+07
0.0074235 1.1509e+07
0.0074292 1.1509e+07
0.0074348 1.1509e+07
0.0074405 1.1509e+07
0.0074461 1.1509e+07
0.0074518 1.1509e+07
0.0074574 1.1509e+07
0.0074631 1.1509e+07
0.0074687 1.1509e+07
0.0074744 1.1509e+07
0.00748 1.1509e+07
0.0074857 1.1509e+07
0.0074913 1.1509e+07
0.007497 1.1509e+07
0.0075027 1.1509e+07
0.0075083 1.1509e+07
0.007514 1.1509e+07
0.0075196 1.1509e+07
0.0075253 1.1509e+07
0.0075309 1.1509e+07
0.0075366 1.1509e+07
0.0075422 1.1509e+07
0.0075479 1.1509e+07
0.0075535 1.1509e+07
0.0075592 1.1509e+07
0.0075648 1.1509e+07
0.0075705 1.1509e+07
0.0075762 1.1509e+07
0.0075818 1.1509e+07
0.0075875 1.1509e+07
0.0075931 1.1509e+07
0.0075988 1.1509e+07
0.0076044 1.1509e+07
0.0076101 1.1509e+07
0.0076157 1.1509e+07
0.0076214 1.1509e+07
0.007627 1.1509e+07
0.0076327 1.1509e+07
0.0076383 1.1509e+07
0.007644 1.1509e+07
0.0076497 1.1509e+07
0.0076553 1.1509e+07
0.007661 1.1509e+07
0.0076666 1.1509e+07
0.0076723 1.1509e+07
0.0076779 1.1509e+07
0.0076836 1.1509e+07
0.0076892 1.1509e+07
0.0076949 1.1509e+07
0.0077005 1.1509e+07
0.0077062 1.1509e+07
0.0077118 1.1509e+07
0.0077175 1.1509e+07
0.0077232 1.1509e+07
0.0077288 1.1509e+07
0.0077345 1.1509e+07
0.0077401 1.1509e+07
0.0077458 1.1509e+07
0.0077514 1.1509e+07
0.0077571 1.1509e+07
0.0077627 1.1509e+07
0.0077684 1.1509e+07
0.007774 1.1509e+07
0.0077797 1.1509e+07
0.0077853 1.1509e+07
0.007791 1.1509e+07
0.0077967 1.1509e+07
0.0078023 1.1509e+07
0.007808 1.1509e+07
0.0078136 1.1509e+07
0.0078193 1.1509e+07
0.0078249 1.1509e+07
0.0078306 1.1509e+07
0.0078362 1.1509e+07
0.0078419 1.1509e+07
0.0078475 1.1509e+07
0.0078532 1.1509e+07
0.0078588 1.1509e+07
0.0078645 1.1509e+07
0.0078702 1.1509e+07
0.0078758 1.1509e+07
0.0078815 1.1509e+07
0.0078871 1.1509e+07
0.0078928 1.1509e+07
0.0078984 1.1509e+07
0.0079041 1.1509e+07
0.0079097 1.1509e+07
0.0079154 1.1509e+07
0.007921 1.1509e+07
0.0079267 1.1509e+07
0.0079323 1.1509e+07
0.007938 1.1509e+07
0.0079437 1.1509e+07
0.0079493 1.1509e+07
0.007955 1.1509e+07
0.0079606 1.1509e+07
0.0079663 1.1509e+07
0.0079719 1.1509e+07
0.0079776 1.1509e+07
0.0079832 1.1509e+07
0.0079889 1.1509e+07
0.0079945 1.1509e+07
0.0080002 1.1509e+07
0.0080058 1.1509e+07
0.0080115 1.1509e+07
0.0080172 1.1509e+07
0.0080228 1.1509e+07
0.0080285 1.1509e+07
0.0080341 1.1509e+07
0.0080398 1.1509e+07
0.0080454 1.1509e+07
0.0080511 1.1509e+07
0.0080567 1.1509e+07
0.0080624 1.1509e+07
0.008068 1.1509e+07
0.0080737 1.1509e+07
0.0080793 1.1509e+07
0.008085 1.1509e+07
0.0080907 1.1509e+07
0.0080963 1.1509e+07
0.008102 1.1509e+07
0.0081076 1.1509e+07
0.0081133 1.1509e+07
0.0081189 1.1509e+07
0.0081246 1.1509e+07
0.0081302 1.1509e+07
0.0081359 1.1509e+07
0.0081415 1.1509e+07
0.0081472 1.1509e+07
0.0081528 1.1509e+07
0.0081585 1.1509e+07
0.0081642 1.1509e+07
0.0081698 1.1509e+07
0.0081755 1.1509e+07
0.0081811 1.1509e+07
0.0081868 1.1509e+07
0.0081924 1.1509e+07
0.0081981 1.1509e+07
0.0082037 1.1509e+07
0.0082094 1.1509e+07
0.008215 1.1509e+07
0.0082207 1.1509e+07
0.0082263 1.1509e+07
0.008232 1.1509e+07
0.0082377 1.1509e+07
0.0082433 1.1509e+07
0.008249 1.1509e+07
0.0082546 1.1509e+07
0.0082603 1.1509e+07
0.0082659 1.1509e+07
0.0082716 1.1509e+07
0.0082772 1.1509e+07
0.0082829 1.1509e+07
0.0082885 1.1509e+07
0.0082942 1.1509e+07
0.0082998 1.1509e+07
0.0083055 1.1509e+07
0.0083112 1.1509e+07
0.0083168 1.1509e+07
0.0083225 1.1509e+07
0.0083281 1.1509e+07
0.0083338 1.1509e+07
0.0083394 1.1509e+07
0.0083451 1.1509e+07
0.0083507 1.1509e+07
0.0083564 1.1509e+07
0.008362 1.1509e+07
0.0083677 1.1509e+07
0.0083733 1.1509e+07
0.008379 1.1509e+07
0.0083847 1.1509e+07
0.0083903 1.1509e+07
0.008396 1.1509e+07
0.0084016 1.1509e+07
0.0084073 1.1509e+07
0.0084129 1.1509e+07
0.0084186 1.1509e+07
0.0084242 1.1509e+07
0.0084299 1.1509e+07
0.0084355 1.1509e+07
0.0084412 1.1509e+07
0.0084468 1.1509e+07
0.0084525 1.1509e+07
0.0084582 1.1509e+07
0.0084638 1.1509e+07
0.0084695 1.1509e+07
0.0084751 1.1509e+07
0.0084808 1.1509e+07
0.0084864 1.1509e+07
0.0084921 1.1509e+07
0.0084977 1.1509e+07
0.0085034 1.1509e+07
0.008509 1.1509e+07
0.0085147 1.1509e+07
0.0085203 1.1509e+07
0.008526 1.1509e+07
0.0085317 1.1509e+07
0.0085373 1.1509e+07
0.008543 1.1509e+07
0.0085486 1.1509e+07
0.0085543 1.1509e+07
0.0085599 1.1509e+07
0.0085656 1.1509e+07
0.0085712 1.1509e+07
0.0085769 1.1509e+07
0.0085825 1.1509e+07
0.0085882 1.1509e+07
0.0085938 1.1509e+07
0.0085995 1.1509e+07
0.0086052 1.1509e+07
0.0086108 1.1509e+07
0.0086165 1.1509e+07
0.0086221 1.1509e+07
0.0086278 1.1509e+07
0.0086334 1.1509e+07
0.0086391 1.1509e+07
0.0086447 1.1509e+07
0.0086504 1.1509e+07
0.008656 1.1509e+07
0.0086617 1.1509e+07
0.0086673 1.1509e+07
0.008673 1.1509e+07
0.0086787 1.1509e+07
0.0086843 1.1509e+07
0.00869 1.1509e+07
0.0086956 1.1509e+07
0.0087013 1.1509e+07
0.0087069 1.1509e+07
0.0087126 1.1509e+07
0.0087182 1.1509e+07
0.0087239 1.1509e+07
0.0087295 1.1509e+07
0.0087352 1.1509e+07
0.0087408 1.1509e+07
0.0087465 1.1509e+07
0.0087522 1.1509e+07
0.0087578 1.1509e+07
0.0087635 1.1509e+07
0.0087691 1.1509e+07
0.0087748 1.1509e+07
0.0087804 1.1509e+07
0.0087861 1.1509e+07
0.0087917 1.1509e+07
0.0087974 1.1509e+07
0.008803 1.1509e+07
0.0088087 1.1509e+07
0.0088143 1.1509e+07
0.00882 1.1509e+07
0.0088257 1.1509e+07
0.0088313 1.1509e+07
0.008837 1.1509e+07
0.0088426 1.1509e+07
0.0088483 1.1509e+07
0.0088539 1.1509e+07
0.0088596 1.1509e+07
0.0088652 1.1509e+07
0.0088709 1.1509e+07
0.0088765 1.1509e+07
0.0088822 1.1509e+07
0.0088878 1.1509e+07
0.0088935 1.1509e+07
0.0088992 1.1509e+07
0.0089048 1.1509e+07
0.0089105 1.1509e+07
0.0089161 1.1509e+07
0.0089218 1.1509e+07
0.0089274 1.1509e+07
0.0089331 1.1509e+07
0.0089387 1.1509e+07
0.0089444 1.1509e+07
0.00895 1.1509e+07
0.0089557 1.1509e+07
0.0089613 1.1509e+07
0.008967 1.1509e+07
0.0089727 1.1509e+07
0.0089783 1.1509e+07
0.008984 1.1509e+07
0.0089896 1.1509e+07
0.0089953 1.1509e+07
0.0090009 1.1509e+07
0.0090066 1.1509e+07
0.0090122 1.1509e+07
0.0090179 1.1509e+07
0.0090235 1.1509e+07
0.0090292 1.1509e+07
0.0090348 1.1509e+07
0.0090405 1.1509e+07
0.0090462 1.1509e+07
0.0090518 1.1509e+07
0.0090575 1.1509e+07
0.0090631 1.1509e+07
0.0090688 1.1509e+07
0.0090744 1.1509e+07
0.0090801 1.1509e+07
0.0090857 1.1509e+07
0.0090914 1.1509e+07
0.009097 1.1509e+07
0.0091027 1.1509e+07
0.0091083 1.1509e+07
0.009114 1.1509e+07
0.0091197 1.1509e+07
0.0091253 1.1509e+07
0.009131 1.1509e+07
0.0091366 1.1509e+07
0.0091423 1.1509e+07
0.0091479 1.1509e+07
0.0091536 1.1509e+07
0.0091592 1.1509e+07
0.0091649 1.1509e+07
0.0091705 1.1509e+07
0.0091762 1.1509e+07
0.0091818 1.1509e+07
0.0091875 1.1509e+07
0.0091932 1.1509e+07
0.0091988 1.1509e+07
0.0092045 1.1509e+07
0.0092101 1.1509e+07
0.0092158 1.1509e+07
0.0092214 1.1509e+07
0.0092271 1.1509e+07
0.0092327 1.1509e+07
0.0092384 1.1509e+07
0.009244 1.1509e+07
0.0092497 1.1509e+07
0.0092553 1.1509e+07
0.009261 1.1509e+07
0.0092667 1.1509e+07
0.0092723 1.1509e+07
0.009278 1.1509e+07
0.0092836 1.1509e+07
0.0092893 1.1509e+07
0.0092949 1.1509e+07
0.0093006 1.1509e+07
0.0093062 1.1509e+07
0.0093119 1.1509e+07
0.0093175 1.1509e+07
0.0093232 1.1509e+07
0.0093288 1.1509e+07
0.0093345 1.1509e+07
0.0093402 1.1509e+07
0.0093458 1.1509e+07
0.0093515 1.1509e+07
0.0093571 1.1509e+07
0.0093628 1.1509e+07
0.0093684 1.1509e+07
0.0093741 1.1509e+07
0.0093797 1.1509e+07
0.0093854 1.1509e+07
0.009391 1.1509e+07
0.0093967 1.1509e+07
0.0094023 1.1509e+07
0.009408 1.1509e+07
0.0094137 1.1509e+07
0.0094193 1.1509e+07
0.009425 1.1509e+07
0.0094306 1.1509e+07
0.0094363 1.1509e+07
0.0094419 1.1509e+07
0.0094476 1.1509e+07
0.0094532 1.1509e+07
0.0094589 1.1509e+07
0.0094645 1.1509e+07
0.0094702 1.1509e+07
0.0094758 1.1509e+07
0.0094815 1.1509e+07
0.0094872 1.1509e+07
0.0094928 1.1509e+07
0.0094985 1.1509e+07
0.0095041 1.1509e+07
0.0095098 1.1509e+07
0.0095154 1.1509e+07
0.0095211 1.1509e+07
0.0095267 1.1509e+07
0.0095324 1.1509e+07
0.009538 1.1509e+07
0.0095437 1.1509e+07
0.0095493 1.1509e+07
0.009555 1.1509e+07
0.0095607 1.1509e+07
0.0095663 1.1509e+07
0.009572 1.1509e+07
0.0095776 1.1509e+07
0.0095833 1.1509e+07
0.0095889 1.1509e+07
0.0095946 1.1509e+07
0.0096002 1.1509e+07
0.0096059 1.1509e+07
0.0096115 1.1509e+07
0.0096172 1.1509e+07
0.0096228 1.1509e+07
0.0096285 1.1509e+07
0.0096342 1.1509e+07
0.0096398 1.1509e+07
0.0096455 1.1509e+07
0.0096511 1.1509e+07
0.0096568 1.1509e+07
0.0096624 1.1509e+07
0.0096681 1.1509e+07
0.0096737 1.1509e+07
0.0096794 1.1509e+07
0.009685 1.1509e+07
0.0096907 1.1509e+07
0.0096963 1.1509e+07
0.009702 1.1509e+07
0.0097077 1.1509e+07
0.0097133 1.1509e+07
0.009719 1.1509e+07
0.0097246 1.1509e+07
0.0097303 1.1509e+07
0.0097359 1.1509e+07
0.0097416 1.1509e+07
0.0097472 1.1509e+07
0.0097529 1.1509e+07
0.0097585 1.1509e+07
0.0097642 1.1509e+07
0.0097698 1.1509e+07
0.0097755 1.1509e+07
0.0097812 1.1509e+07
0.0097868 1.1509e+07
0.0097925 1.1509e+07
0.0097981 1.1509e+07
0.0098038 1.1509e+07
0.0098094 1.1509e+07
0.0098151 1.1509e+07
0.0098207 1.1509e+07
0.0098264 1.1509e+07
0.009832 1.1509e+07
0.0098377 1.1509e+07
0.0098433 1.1509e+07
0.009849 1.1509e+07
0.0098547 1.1509e+07
0.0098603 1.1509e+07
0.009866 1.1509e+07
0.0098716 1.1509e+07
0.0098773 1.1509e+07
0.0098829 1.1509e+07
0.0098886 1.1509e+07
0.0098942 1.1509e+07
0.0098999 1.1509e+07
0.0099055 1.1509e+07
0.0099112 1.1509e+07
0.0099168 1.1509e+07
0.0099225 1.1509e+07
0.0099282 1.1509e+07
0.0099338 1.1509e+07
0.0099395 1.1509e+07
0.0099451 1.1509e+07
0.0099508 1.1509e+07
0.0099564 1.1509e+07
0.0099621 1.1509e+07
0.0099677 1.1509e+07
0.0099734 1.1509e+07
0.009979 1.1509e+07
0.0099847 1.1509e+07
0.0099903 1.1509e+07
0.009996 1.1509e+07
0.010002 1.1509e+07
0.010007 1.1509e+07
0.010013 1.1509e+07
0.010019 1.1509e+07
0.010024 1.1509e+07
0.01003 1.1509e+07
0.010036 1.1509e+07
0.010041 1.1509e+07
0.010047 1.1509e+07
0.010053 1.1509e+07
0.010058 1.1509e+07
0.010064 1.1509e+07
0.01007 1.1509e+07
0.010075 1.1509e+07
0.010081 1.1509e+07
0.010086 1.1509e+07
0.010092 1.1509e+07
0.010098 1.1509e+07
0.010103 1.1509e+07
0.010109 1.1509e+07
0.010115 1.1509e+07
0.01012 1.1509e+07
0.010126 1.1509e+07
0.010132 1.1509e+07
0.010137 1.1509e+07
0.010143 1.1509e+07
0.010149 1.1509e+07
0.010154 1.1509e+07
0.01016 1.1509e+07
0.010166 1.1509e+07
0.010171 1.1509e+07
0.010177 1.1509e+07
0.010183 1.1509e+07
0.010188 1.1509e+07
0.010194 1.1509e+07
0.0102 1.1509e+07
0.010205 1.1509e+07
0.010211 1.1509e+07
0.010216 1.1509e+07
0.010222 1.1509e+07
0.010228 1.1509e+07
0.010233 1.1509e+07
0.010239 1.1509e+07
0.010245 1.1509e+07
0.01025 1.1509e+07
0.010256 1.1509e+07
0.010262 1.1509e+07
0.010267 1.1509e+07
0.010273 1.1509e+07
0.010279 1.1509e+07
0.010284 1.1509e+07
0.01029 1.1509e+07
0.010296 1.1509e+07
0.010301 1.1509e+07
0.010307 1.1509e+07
0.010313 1.1509e+07
0.010318 1.1509e+07
0.010324 1.1509e+07
0.01033 1.1509e+07
0.010335 1.1509e+07
0.010341 1.1509e+07
0.010347 1.1509e+07
0.010352 1.1509e+07
0.010358 1.1509e+07
0.010364 1.1509e+07
0.010369 1.1509e+07
0.010375 1.1509e+07
0.01038 1.1509e+07
0.010386 1.1509e+07
0.010392 1.1509e+07
0.010397 1.1509e+07
0.010403 1.1509e+07
0.010409 1.1509e+07
0.010414 1.1509e+07
0.01042 1.1509e+07
0.010426 1.1509e+07
0.010431 1.1509e+07
0.010437 1.1509e+07
0.010443 1.1509e+07
0.010448 1.1509e+07
0.010454 1.1509e+07
0.01046 1.1509e+07
0.010465 1.1509e+07
0.010471 1.1509e+07
0.010477 1.1509e+07
0.010482 1.1509e+07
0.010488 1.1509e+07
0.010494 1.1509e+07
0.010499 1.1509e+07
0.010505 1.1509e+07
0.010511 1.1509e+07
0.010516 1.1509e+07
0.010522 1.1509e+07
0.010527 1.1509e+07
0.010533 1.1509e+07
0.010539 1.1509e+07
0.010544 1.1509e+07
0.01055 1.1509e+07
0.010556 1.1509e+07
0.010561 1.1509e+07
0.010567 1.1509e+07
0.010573 1.1509e+07
0.010578 1.1509e+07
0.010584 1.1509e+07
0.01059 1.1509e+07
0.010595 1.1509e+07
0.010601 1.1509e+07
0.010607 1.1509e+07
0.010612 1.1509e+07
0.010618 1.1509e+07
0.010624 1.1509e+07
0.010629 1.1509e+07
0.010635 1.1509e+07
0.010641 1.1509e+07
0.010646 1.1509e+07
0.010652 1.1509e+07
0.010658 1.1509e+07
0.010663 1.1509e+07
0.010669 1.1509e+07
0.010674 1.1509e+07
0.01068 1.1509e+07
0.010686 1.1509e+07
0.010691 1.1509e+07
0.010697 1.1509e+07
0.010703 1.1509e+07
0.010708 1.1509e+07
0.010714 1.1509e+07
0.01072 1.1509e+07
0.010725 1.1509e+07
0.010731 1.1509e+07
0.010737 1.1509e+07
0.010742 1.1509e+07
0.010748 1.1509e+07
0.010754 1.1509e+07
0.010759 1.1509e+07
0.010765 1.1509e+07
0.010771 1.1509e+07
0.010776 1.1509e+07
0.010782 1.1509e+07
0.010788 1.1509e+07
0.010793 1.1509e+07
0.010799 1.1509e+07
0.010804 1.1509e+07
0.01081 1.1509e+07
0.010816 1.1509e+07
0.010821 1.1509e+07
0.010827 1.1509e+07
0.010833 1.1509e+07
0.010838 1.1509e+07
0.010844 1.1509e+07
0.01085 1.1509e+07
0.010855 1.1509e+07
0.010861 1.1509e+07
0.010867 1.1509e+07
0.010872 1.1509e+07
0.010878 1.1509e+07
0.010884 1.1509e+07
0.010889 1.1509e+07
0.010895 1.1509e+07
0.010901 1.1509e+07
0.010906 1.1509e+07
0.010912 1.1509e+07
0.010918 1.1509e+07
0.010923 1.1509e+07
0.010929 1.1509e+07
0.010935 1.1509e+07
0.01094 1.1509e+07
0.010946 1.1509e+07
0.010951 1.1509e+07
0.010957 1.1509e+07
0.010963 1.1509e+07
0.010968 1.1509e+07
0.010974 1.1509e+07
0.01098 1.1509e+07
0.010985 1.1509e+07
0.010991 1.1509e+07
0.010997 1.1509e+07
0.011002 1.1509e+07
0.011008 1.1509e+07
0.011014 1.1509e+07
0.011019 1.1509e+07
0.011025 1.1509e+07
0.011031 1.1509e+07
0.011036 1.1509e+07
0.011042 1.1509e+07
0.011048 1.1509e+07
0.011053 1.1509e+07
0.011059 1.1509e+07
0.011065 1.1509e+07
0.01107 1.1509e+07
0.011076 1.1509e+07
0.011082 1.1509e+07
0.011087 1.1509e+07
0.011093 1.1509e+07
0.011099 1.1509e+07
0.011104 1.1509e+07
0.01111 1.1509e+07
0.011115 1.1509e+07
0.011121 1.1509e+07
0.011127 1.1509e+07
0.011132 1.1509e+07
0.011138 1.1509e+07
0.011144 1.1509e+07
0.011149 1.1509e+07
0.011155 1.1509e+07
0.011161 1.1509e+07
0.011166 1.1509e+07
0.011172 1.1509e+07
0.011178 1.1509e+07
0.011183 1.1509e+07
0.011189 1.1509e+07
0.011195 1.1509e+07
0.0112 1.1509e+07
0.011206 1.1509e+07
0.011212 1.1509e+07
0.011217 1.1509e+07
0.011223 1.1509e+07
0.011229 1.1509e+07
0.011234 1.1509e+07
0.01124 1.1509e+07
0.011246 1.1509e+07
0.011251 1.1509e+07
0.011257 1.1509e+07
0.011262 1.1509e+07
0.011268 1.1509e+07
0.011274 1.1509e+07
0.011279 1.1509e+07
0.011285 1.1509e+07
0.011291 1.1509e+07
0.011296 1.1509e+07
0.011302 1.1509e+07
0.011308 1.1509e+07
0.011313 1.1509e+07
0.011319 1.1509e+07
0.011325 1.1509e+07
0.01133 1.1509e+07
0.011336 1.1509e+07
0.011342 1.1509e+07
0.011347 1.1509e+07
0.011353 1.1509e+07
0.011359 1.1509e+07
0.011364 1.1509e+07
0.01137 1.1509e+07
0.011376 1.1509e+07
0.011381 1.1509e+07
0.011387 1.1509e+07
0.011392 1.1509e+07
0.011398 1.1509e+07
0.011404 1.1509e+07
0.011409 1.1509e+07
0.011415 1.1509e+07
0.011421 1.1509e+07
0.011426 1.1509e+07
0.011432 1.1509e+07
0.011438 1.1509e+07
0.011443 1.1509e+07
0.011449 1.1509e+07
0.011455 1.1509e+07
0.01146 1.1509e+07
0.011466 1.1509e+07
0.011472 1.1509e+07
0.011477 1.1509e+07
0.011483 1.1509e+07
0.011489 1.1509e+07
0.011494 1.1509e+07
0.0115 1.1509e+07
0.011506 1.1509e+07
0.011511 1.1509e+07
0.011517 1.1509e+07
0.011523 1.1509e+07
0.011528 1.1509e+07
0.011534 1.1509e+07
0.011539 1.1509e+07
0.011545 1.1509e+07
0.011551 1.1509e+07
0.011556 1.1509e+07
0.011562 1.1509e+07
0.011568 1.1509e+07
0.011573 1.1509e+07
0.011579 1.1509e+07
0.011585 1.1509e+07
0.01159 1.1509e+07
0.011596 1.1509e+07
0.011602 1.1509e+07
0.011607 1.1509e+07
0.011613 1.1509e+07
0.011619 1.1509e+07
0.011624 1.1509e+07
0.01163 1.1509e+07
0.011636 1.1509e+07
0.011641 1.1509e+07
0.011647 1.1509e+07
0.011653 1.1509e+07
0.011658 1.1509e+07
0.011664 1.1509e+07
0.01167 1.1509e+07
0.011675 1.1509e+07
0.011681 1.1509e+07
0.011686 1.1509e+07
0.011692 1.1509e+07
0.011698 1.1509e+07
0.011703 1.1509e+07
0.011709 1.1509e+07
0.011715 1.1509e+07
0.01172 1.1509e+07
0.011726 1.1509e+07
0.011732 1.1509e+07
0.011737 1.1509e+07
0.011743 1.1509e+07
0.011749 1.1509e+07
0.011754 1.1509e+07
0.01176 1.1509e+07
0.011766 1.1509e+07
0.011771 1.1509e+07
0.011777 1.1509e+07
0.011783 1.1509e+07
0.011788 1.1509e+07
0.011794 1.1509e+07
0.0118 1.1509e+07
0.011805 1.1509e+07
0.011811 1.1509e+07
0.011817 1.1509e+07
0.011822 1.1509e+07
0.011828 1.1509e+07
0.011834 1.1509e+07
0.011839 1.1509e+07
0.011845 1.1509e+07
0.01185 1.1509e+07
0.011856 1.1509e+07
0.011862 1.1509e+07
0.011867 1.1509e+07
0.011873 1.1509e+07
0.011879 1.1509e+07
0.011884 1.1509e+07
0.01189 1.1509e+07
0.011896 1.1509e+07
0.011901 1.1509e+07
0.011907 1.1509e+07
0.011913 1.1509e+07
0.011918 1.1509e+07
0.011924 1.1509e+07
0.01193 1.1509e+07
0.011935 1.1509e+07
0.011941 1.1509e+07
0.011947 1.1509e+07
0.011952 1.1509e+07
0.011958 1.1509e+07
0.011964 1.1509e+07
0.011969 1.1509e+07
0.011975 1.1509e+07
0.01198 1.1509e+07
0.011986 1.1509e+07
0.011992 1.1509e+07
0.011997 1.1509e+07
0.012003 1.1509e+07
0.012009 1.1509e+07
0.012014 1.1509e+07
0.01202 1.1509e+07
0.012026 1.1509e+07
0.012031 1.1509e+07
0.012037 1.1509e+07
0.012043 1.1509e+07
0.012048 1.1509e+07
0.012054 1.1509e+07
0.01206 1.1509e+07
0.012065 1.1509e+07
0.012071 1.1509e+07
0.012077 1.1509e+07
0.012082 1.1509e+07
0.012088 1.1509e+07
0.012094 1.1509e+07
0.012099 1.1509e+07
0.012105 1.1509e+07
0.012111 1.1509e+07
0.012116 1.1509e+07
0.012122 1.1509e+07
0.012127 1.1509e+07
0.012133 1.1509e+07
0.012139 1.1509e+07
0.012144 1.1509e+07
0.01215 1.1509e+07
0.012156 1.1509e+07
0.012161 1.1509e+07
0.012167 1.1509e+07
0.012173 1.1509e+07
0.012178 1.1509e+07
0.012184 1.1509e+07
0.01219 1.1509e+07
0.012195 1.1509e+07
0.012201 1.1509e+07
0.012207 1.1509e+07
0.012212 1.1509e+07
0.012218 1.1509e+07
0.012224 1.1509e+07
0.012229 1.1509e+07
0.012235 1.1509e+07
0.012241 1.1509e+07
0.012246 1.1509e+07
0.012252 1.1509e+07
0.012258 1.1509e+07
0.012263 1.1509e+07
0.012269 1.1509e+07
0.012274 1.1509e+07
0.01228 1.1509e+07
0.012286 1.1509e+07
0.012291 1.1509e+07
0.012297 1.1509e+07
0.012303 1.1509e+07
0.012308 1.1509e+07
0.012314 1.1509e+07
0.01232 1.1509e+07
0.012325 1.1509e+07
0.012331 1.1509e+07
0.012337 1.1509e+07
0.012342 1.1509e+07
0.012348 1.1509e+07
0.012354 1.1509e+07
0.012359 1.1509e+07
0.012365 1.1509e+07
0.012371 1.1509e+07
0.012376 1.1509e+07
0.012382 1.1509e+07
0.012388 1.1509e+07
0.012393 1.1509e+07
0.012399 1.1509e+07
0.012405 1.1509e+07
0.01241 1.1509e+07
0.012416 1.1509e+07
0.012422 1.1509e+07
0.012427 1.1509e+07
0.012433 1.1509e+07
0.012438 1.1509e+07
0.012444 1.1509e+07
0.01245 1.1509e+07
0.012455 1.1509e+07
0.012461 1.1509e+07
0.012467 1.1509e+07
0.012472 1.1509e+07
0.012478 1.1509e+07
0.012484 1.1509e+07
0.012489 1.1509e+07
0.012495 1.1509e+07
0.012501 1.1509e+07
0.012506 1.1509e+07
0.012512 1.1509e+07
0.012518 1.1509e+07
0.012523 1.1509e+07
0.012529 1.1509e+07
0.012535 1.1509e+07
0.01254 1.1509e+07
0.012546 1.1509e+07
0.012552 1.1509e+07
0.012557 1.1509e+07
0.012563 1.1509e+07
0.012568 1.1509e+07
0.012574 1.1509e+07
0.01258 1.1509e+07
0.012585 1.1509e+07
0.012591 1.1509e+07
0.012597 1.1509e+07
0.012602 1.1509e+07
0.012608 1.1509e+07
0.012614 1.1509e+07
0.012619 1.1509e+07
0.012625 1.1509e+07
0.012631 1.1509e+07
0.012636 1.1509e+07
0.012642 1.1509e+07
0.012648 1.1509e+07
0.012653 1.1509e+07
0.012659 1.1509e+07
0.012665 1.1509e+07
0.01267 1.1509e+07
0.012676 1.1509e+07
0.012682 1.1509e+07
0.012687 1.1509e+07
0.012693 1.1509e+07
0.012699 1.1509e+07
0.012704 1.1509e+07
0.01271 1.1509e+07
0.012716 1.1509e+07
0.012721 1.1509e+07
0.012727 1.1509e+07
0.012732 1.1509e+07
0.012738 1.1509e+07
0.012744 1.1509e+07
0.012749 1.1509e+07
0.012755 1.1509e+07
0.012761 1.1509e+07
0.012766 1.1509e+07
0.012772 1.1509e+07
0.012778 1.1509e+07
0.012783 1.1509e+07
0.012789 1.1509e+07
0.012795 1.1509e+07
0.0128 1.1509e+07
0.012806 1.1509e+07
0.012812 1.1509e+07
0.012817 1.1509e+07
0.012823 1.1509e+07
0.012829 1.1509e+07
0.012834 1.1509e+07
0.01284 1.1509e+07
0.012846 1.1509e+07
0.012851 1.1509e+07
0.012857 1.1509e+07
0.012863 1.1509e+07
0.012868 1.1509e+07
0.012874 1.1509e+07
0.012879 1.1509e+07
0.012885 1.1509e+07
0.012891 1.1509e+07
0.012896 1.1509e+07
0.012902 1.1509e+07
0.012908 1.1509e+07
0.012913 1.1509e+07
0.012919 1.1509e+07
0.012925 1.1509e+07
0.01293 1.1509e+07
0.012936 1.1509e+07
0.012942 1.1509e+07
0.012947 1.1509e+07
0.012953 1.1509e+07
0.012959 1.1509e+07
0.012964 1.1509e+07
0.01297 1.1509e+07
0.012976 1.1509e+07
0.012981 1.1509e+07
0.012987 1.1509e+07
0.012993 1.1509e+07
0.012998 1.1509e+07
0.013004 1.1509e+07
0.01301 1.1509e+07
0.013015 1.1509e+07
0.013021 1.1509e+07
0.013026 1.1509e+07
0.013032 1.1509e+07
0.013038 1.1509e+07
0.013043 1.1509e+07
0.013049 1.1509e+07
0.013055 1.1509e+07
0.01306 1.1509e+07
0.013066 1.1509e+07
0.013072 1.1509e+07
0.013077 1.1509e+07
0.013083 1.1509e+07
0.013089 1.1509e+07
0.013094 1.1509e+07
0.0131 1.1509e+07
0.013106 1.1509e+07
0.013111 1.1509e+07
0.013117 1.1509e+07
0.013123 1.1509e+07
0.013128 1.1509e+07
0.013134 1.1509e+07
0.01314 1.1509e+07
0.013145 1.1509e+07
0.013151 1.1509e+07
0.013156 1.1509e+07
0.013162 1.1509e+07
0.013168 1.1509e+07
0.013173 1.1509e+07
0.013179 1.1509e+07
0.013185 1.1509e+07
0.01319 1.1509e+07
0.013196 1.1509e+07
0.013202 1.1509e+07
0.013207 1.1509e+07
0.013213 1.1509e+07
0.013219 1.1509e+07
0.013224 1.1509e+07
0.01323 1.1509e+07
0.013236 1.1509e+07
0.013241 1.1509e+07
0.013247 1.1509e+07
0.013253 1.1509e+07
0.013258 1.1509e+07
0.013264 1.1509e+07
0.01327 1.1509e+07
0.013275 1.1509e+07
0.013281 1.1509e+07
0.013287 1.1509e+07
0.013292 1.1509e+07
0.013298 1.1509e+07
0.013303 1.1509e+07
0.013309 1.1509e+07
0.013315 1.1509e+07
0.01332 1.1509e+07
0.013326 1.1509e+07
0.013332 1.1509e+07
0.013337 1.1509e+07
0.013343 1.1509e+07
0.013349 1.1509e+07
0.013354 1.1509e+07
0.01336 1.1509e+07
0.013366 1.1509e+07
0.013371 1.1509e+07
0.013377 1.1509e+07
0.013383 1.1509e+07
0.013388 1.1509e+07
0.013394 1.1509e+07
0.0134 1.1509e+07
0.013405 1.1509e+07
0.013411 1.1509e+07
0.013417 1.1509e+07
0.013422 1.1509e+07
0.013428 1.1509e+07
0.013434 1.1509e+07
0.013439 1.1509e+07
0.013445 1.1509e+07
0.013451 1.1509e+07
0.013456 1.1509e+07
0.013462 1.1509e+07
0.013467 1.1509e+07
0.013473 1.1509e+07
0.013479 1.1509e+07
0.013484 1.1509e+07
0.01349 1.1509e+07
0.013496 1.1509e+07
0.013501 1.1509e+07
0.013507 1.1509e+07
0.013513 1.1509e+07
0.013518 1.1509e+07
0.013524 1.1509e+07
0.01353 1.1509e+07
0.013535 1.1509e+07
0.013541 1.1509e+07
0.013547 1.1509e+07
0.013552 1.1509e+07
0.013558 1.1509e+07
0.013564 1.1509e+07
0.013569 1.1509e+07
0.013575 1.1509e+07
0.013581 1.1509e+07
0.013586 1.1509e+07
0.013592 1.1509e+07
0.013598 1.1509e+07
0.013603 1.1509e+07
0.013609 1.1509e+07
0.013614 1.1509e+07
0.01362 1.1509e+07
0.013626 1.1509e+07
0.013631 1.1509e+07
0.013637 1.1509e+07
0.013643 1.1509e+07
0.013648 1.1509e+07
0.013654 1.1509e+07
0.01366 1.1509e+07
0.013665 1.1509e+07
0.013671 1.1509e+07
0.013677 1.1509e+07
0.013682 1.1509e+07
0.013688 1.1509e+07
0.013694 1.1509e+07
0.013699 1.1509e+07
0.013705 1.1509e+07
0.013711 1.1509e+07
0.013716 1.1509e+07
0.013722 1.1509e+07
0.013728 1.1509e+07
0.013733 1.1509e+07
0.013739 1.1509e+07
0.013744 1.1509e+07
0.01375 1.1509e+07
0.013756 1.1509e+07
0.013761 1.1509e+07
0.013767 1.1509e+07
0.013773 1.1509e+07
0.013778 1.1509e+07
0.013784 1.1509e+07
0.01379 1.1509e+07
0.013795 1.1509e+07
0.013801 1.1509e+07
0.013807 1.1509e+07
0.013812 1.1509e+07
0.013818 1.1509e+07
0.013824 1.1509e+07
0.013829 1.1509e+07
0.013835 1.1509e+07
0.013841 1.1509e+07
0.013846 1.1509e+07
0.013852 1.1509e+07
0.013858 1.1509e+07
0.013863 1.1509e+07
0.013869 1.1509e+07
0.013875 1.1509e+07
0.01388 1.1509e+07
0.013886 1.1509e+07
0.013891 1.1509e+07
0.013897 1.1509e+07
0.013903 1.1509e+07
0.013908 1.1509e+07
0.013914 1.1509e+07
0.01392 1.1509e+07
0.013925 1.1509e+07
0.013931 1.1509e+07
0.013937 1.1509e+07
0.013942 1.1509e+07
0.013948 1.1509e+07
0.013954 1.1509e+07
0.013959 1.1509e+07
0.013965 1.1509e+07
0.013971 1.1509e+07
0.013976 1.1509e+07
0.013982 1.1509e+07
0.013988 1.1509e+07
0.013993 1.1509e+07
0.013999 1.1509e+07
0.014005 1.1509e+07
0.01401 1.1509e+07
0.014016 1.1509e+07
0.014022 1.1509e+07
0.014027 1.1509e+07
0.014033 1.1509e+07
0.014038 1.1509e+07
0.014044 1.1509e+07
0.01405 1.1509e+07
0.014055 1.1509e+07
0.014061 1.1509e+07
0.014067 1.1509e+07
0.014072 1.1509e+07
0.014078 1.1509e+07
0.014084 1.1509e+07
0.014089 1.1509e+07
0.014095 1.1509e+07
0.014101 1.1509e+07
0.014106 1.1509e+07
0.014112 1.1509e+07
0.014118 1.1509e+07
0.014123 1.1509e+07
0.014129 1.1509e+07
0.014135 1.1509e+07
0.01414 1.1509e+07
0.014146 1.1509e+07
0.014152 1.1509e+07
0.014157 1.1509e+07
0.014163 1.1509e+07
0.014169 1.1509e+07
0.014174 1.1509e+07
0.01418 1.1509e+07
0.014186 1.1509e+07
0.014191 1.1509e+07
0.014197 1.1509e+07
0.014202 1.1509e+07
0.014208 1.1509e+07
0.014214 1.1509e+07
0.014219 1.1509e+07
0.014225 1.1509e+07
0.014231 1.1509e+07
0.014236 1.1509e+07
0.014242 1.1509e+07
0.014248 1.1509e+07
0.014253 1.1509e+07
0.014259 1.1509e+07
0.014265 1.1509e+07
0.01427 1.1509e+07
0.014276 1.1509e+07
0.014282 1.1509e+07
0.014287 1.1509e+07
0.014293 1.1509e+07
0.014299 1.1509e+07
0.014304 1.1509e+07
0.01431 1.1509e+07
0.014316 1.1509e+07
0.014321 1.1509e+07
0.014327 1.1509e+07
0.014332 1.1509e+07
0.014338 1.1509e+07
0.014344 1.1509e+07
0.014349 1.1509e+07
0.014355 1.1509e+07
0.014361 1.1509e+07
0.014366 1.1509e+07
0.014372 1.1509e+07
0.014378 1.1509e+07
0.014383 1.1509e+07
0.014389 1.1509e+07
0.014395 1.1509e+07
0.0144 1.1509e+07
0.014406 1.1509e+07
0.014412 1.1509e+07
0.014417 1.1509e+07
0.014423 1.1509e+07
0.014429 1.1509e+07
0.014434 1.1509e+07
0.01444 1.1509e+07
0.014446 1.1509e+07
0.014451 1.1509e+07
0.014457 1.1509e+07
0.014463 1.1509e+07
0.014468 1.1509e+07
0.014474 1.1509e+07
0.014479 1.1509e+07
0.014485 1.1509e+07
0.014491 1.1509e+07
0.014496 1.1509e+07
0.014502 1.1509e+07
0.014508 1.1509e+07
0.014513 1.1509e+07
0.014519 1.1509e+07
0.014525 1.1509e+07
0.01453 1.1509e+07
0.014536 1.1509e+07
0.014542 1.1509e+07
0.014547 1.1509e+07
0.014553 1.1509e+07
0.014559 1.1509e+07
0.014564 1.1509e+07
0.01457 1.1509e+07
0.014576 1.1509e+07
0.014581 1.1509e+07
0.014587 1.1509e+07
0.014593 1.1509e+07
0.014598 1.1509e+07
0.014604 1.1509e+07
0.01461 1.1509e+07
0.014615 1.1509e+07
0.014621 1.1509e+07
0.014626 1.1509e+07
0.014632 1.1509e+07
0.014638 1.1509e+07
0.014643 1.1509e+07
0.014649 1.1509e+07
0.014655 1.1509e+07
0.01466 1.1509e+07
0.014666 1.1509e+07
0.014672 1.1509e+07
0.014677 1.1509e+07
0.014683 1.1509e+07
0.014689 1.1509e+07
0.014694 1.1509e+07
0.0147 1.1509e+07
0.014706 1.1509e+07
0.014711 1.1509e+07
0.014717 1.1509e+07
0.014723 1.1509e+07
0.014728 1.1509e+07
0.014734 1.1509e+07
0.01474 1.1509e+07
0.014745 1.1509e+07
0.014751 1.1509e+07
0.014757 1.1509e+07
0.014762 1.1509e+07
0.014768 1.1509e+07
0.014774 1.1509e+07
0.014779 1.1509e+07
0.014785 1.1509e+07
0.01479 1.1509e+07
0.014796 1.1509e+07
0.014802 1.1509e+07
0.014807 1.1509e+07
0.014813 1.1509e+07
0.014819 1.1509e+07
0.014824 1.1509e+07
0.01483 1.1509e+07
0.014836 1.1509e+07
0.014841 1.1509e+07
0.014847 1.1509e+07
0.014853 1.1509e+07
0.014858 1.1509e+07
0.014864 1.1509e+07
0.01487 1.1509e+07
0.014875 1.1509e+07
0.014881 1.1509e+07
0.014887 1.1509e+07
0.014892 1.1509e+07
0.014898 1.1509e+07
0.014904 1.1509e+07
0.014909 1.1509e+07
0.014915 1.1509e+07
0.01492 1.1509e+07
0.014926 1.1509e+07
0.014932 1.1509e+07
0.014937 1.1509e+07
0.014943 1.1509e+07
0.014949 1.1509e+07
0.014954 1.1509e+07
0.01496 1.1509e+07
0.014966 1.1509e+07
0.014971 1.1509e+07
0.014977 1.1509e+07
0.014983 1.1509e+07
0.014988 1.1509e+07
0.014994 1.1509e+07
0.015 1.1509e+07
0.015005 1.1509e+07
0.015011 1.1509e+07
0.015017 1.1509e+07
0.015022 1.1509e+07
0.015028 1.1509e+07
0.015034 1.1509e+07
0.015039 1.1509e+07
0.015045 1.1509e+07
0.015051 1.1509e+07
0.015056 1.1509e+07
0.015062 1.1509e+07
0.015068 1.1509e+07
0.015073 1.1509e+07
0.015079 1.1509e+07
0.015084 1.1509e+07
0.01509 1.1509e+07
0.015096 1.1509e+07
0.015101 1.1509e+07
0.015107 1.1509e+07
0.015113 1.1509e+07
0.015118 1.1509e+07
0.015124 1.1509e+07
0.01513 1.1509e+07
0.015135 1.1509e+07
0.015141 1.1509e+07
0.015147 1.1509e+07
0.015152 1.1509e+07
0.015158 1.1509e+07
0.015164 1.1509e+07
0.015169 1.1509e+07
0.015175 1.1509e+07
0.015181 1.1509e+07
0.015186 1.1509e+07
0.015192 1.1509e+07
0.015198 1.1509e+07
0.015203 1.1509e+07
0.015209 1.1509e+07
0.015215 1.1509e+07
0.01522 1.1509e+07
0.015226 1.1509e+07
0.015231 1.1509e+07
0.015237 1.1509e+07
0.015243 1.1509e+07
0.015248 1.1509e+07
0.015254 1.1509e+07
0.01526 1.1509e+07
0.015265 1.1509e+07
0.015271 1.1509e+07
0.015277 1.1509e+07
0.015282 1.1509e+07
0.015288 1.1509e+07
0.015294 1.1509e+07
0.015299 1.1509e+07
0.015305 1.1509e+07
0.015311 1.1509e+07
0.015316 1.1509e+07
0.015322 1.1509e+07
0.015328 1.1509e+07
0.015333 1.1509e+07
0.015339 1.1509e+07
0.015345 1.1509e+07
0.01535 1.1509e+07
0.015356 1.1509e+07
0.015362 1.1509e+07
0.015367 1.1509e+07
0.015373 1.1509e+07
0.015378 1.1509e+07
0.015384 1.1509e+07
0.01539 1.1509e+07
0.015395 1.1509e+07
0.015401 1.1509e+07
0.015407 1.1509e+07
0.015412 1.1509e+07
0.015418 1.1509e+07
0.015424 1.1509e+07
0.015429 1.1509e+07
0.015435 1.1509e+07
0.015441 1.1509e+07
0.015446 1.1509e+07
0.015452 1.1509e+07
0.015458 1.1509e+07
0.015463 1.1509e+07
0.015469 1.1509e+07
0.015475 1.1509e+07
0.01548 1.1509e+07
0.015486 1.1509e+07
0.015492 1.1509e+07
0.015497 1.1509e+07
0.015503 1.1509e+07
0.015508 1.1509e+07
0.015514 1.1509e+07
0.01552 1.1509e+07
0.015525 1.1509e+07
0.015531 1.1509e+07
0.015537 1.1509e+07
0.015542 1.1509e+07
0.015548 1.1509e+07
0.015554 1.1509e+07
0.015559 1.1509e+07
0.015565 1.1509e+07
0.015571 1.1509e+07
0.015576 1.1509e+07
0.015582 1.1509e+07
0.015588 1.1509e+07
0.015593 1.1509e+07
0.015599 1.1509e+07
0.015605 1.1509e+07
0.01561 1.1509e+07
0.015616 1.1509e+07
0.015622 1.1509e+07
0.015627 1.1509e+07
0.015633 1.1509e+07
0.015639 1.1509e+07
0.015644 1.1509e+07
0.01565 1.1509e+07
0.015655 1.1509e+07
0.015661 1.1509e+07
0.015667 1.1509e+07
0.015672 1.1509e+07
0.015678 1.1509e+07
0.015684 1.1509e+07
0.015689 1.1509e+07
0.015695 1.1509e+07
0.015701 1.1509e+07
0.015706 1.1509e+07
0.015712 1.1509e+07
0.015718 1.1509e+07
0.015723 1.1509e+07
0.015729 1.1509e+07
0.015735 1.1509e+07
0.01574 1.1509e+07
0.015746 1.1509e+07
0.015752 1.1509e+07
0.015757 1.1509e+07
0.015763 1.1509e+07
0.015769 1.1509e+07
0.015774 1.1509e+07
0.01578 1.1509e+07
0.015786 1.1509e+07
0.015791 1.1509e+07
0.015797 1.1509e+07
0.015803 1.1509e+07
0.015808 1.1509e+07
0.015814 1.1509e+07
0.015819 1.1509e+07
0.015825 1.1509e+07
0.015831 1.1509e+07
0.015836 1.1509e+07
0.015842 1.1509e+07
0.015848 1.1509e+07
0.015853 1.1509e+07
0.015859 1.1509e+07
0.015865 1.1509e+07
0.01587 1.1509e+07
0.015876 1.1509e+07
0.015882 1.1509e+07
0.015887 1.1509e+07
0.015893 1.1509e+07
0.015899 1.1509e+07
0.015904 1.1509e+07
0.01591 1.1509e+07
0.015916 1.1509e+07
0.015921 1.1509e+07
0.015927 1.1509e+07
0.015933 1.1509e+07
0.015938 1.1509e+07
0.015944 1.1509e+07
0.015949 1.1509e+07
0.015955 1.1509e+07
0.015961 1.1509e+07
0.015966 1.1509e+07
0.015972 1.1509e+07
0.015978 1.1509e+07
0.015983 1.1509e+07
0.015989 1.1509e+07
0.015995 1.1509e+07
0.016 1.1509e+07
0.016006 1.1509e+07
0.016012 1.1509e+07
0.016017 1.1509e+07
0.016023 1.1509e+07
0.016029 1.1509e+07
0.016034 1.1509e+07
0.01604 1.1509e+07
0.016046 1.1509e+07
0.016051 1.1509e+07
0.016057 1.1509e+07
0.016063 1.1509e+07
0.016068 1.1509e+07
0.016074 1.1509e+07
0.01608 1.1509e+07
0.016085 1.1509e+07
0.016091 1.1509e+07
0.016096 1.1509e+07
0.016102 1.1509e+07
0.016108 1.1509e+07
0.016113 1.1509e+07
0.016119 1.1509e+07
0.016125 1.1509e+07
0.01613 1.1509e+07
0.016136 1.1509e+07
0.016142 1.1509e+07
0.016147 1.1509e+07
0.016153 1.1509e+07
0.016159 1.1509e+07
0.016164 1.1509e+07
0.01617 1.1509e+07
0.016176 1.1509e+07
0.016181 1.1509e+07
0.016187 1.1509e+07
0.016193 1.1509e+07
0.016198 1.1509e+07
0.016204 1.1509e+07
0.01621 1.1509e+07
0.016215 1.1509e+07
0.016221 1.1509e+07
0.016227 1.1509e+07
0.016232 1.1509e+07
0.016238 1.1509e+07
0.016244 1.1509e+07
0.016249 1.1509e+07
0.016255 1.1509e+07
0.01626 1.1509e+07
0.016266 1.1509e+07
0.016272 1.1509e+07
0.016277 1.1509e+07
0.016283 1.1509e+07
0.016289 1.1509e+07
0.016294 1.1509e+07
0.0163 1.1509e+07
0.016306 1.1509e+07
0.016311 1.1509e+07
0.016317 1.1509e+07
0.016323 1.1509e+07
0.016328 1.1509e+07
0.016334 1.1509e+07
0.01634 1.1509e+07
0.016345 1.1509e+07
0.016351 1.1509e+07
0.016357 1.1509e+07
0.016362 1.1509e+07
0.016368 1.1509e+07
0.016374 1.1509e+07
0.016379 1.1509e+07
0.016385 1.1509e+07
0.01639 1.1509e+07
0.016396 1.1509e+07
0.016402 1.1509e+07
0.016407 1.1509e+07
0.016413 1.1509e+07
0.016419 1.1509e+07
0.016424 1.1509e+07
0.01643 1.1509e+07
0.016436 1.1509e+07
0.016441 1.1509e+07
0.016447 1.1509e+07
0.016453 1.1509e+07
0.016458 1.1509e+07
0.016464 1.1509e+07
0.01647 1.1509e+07
0.016475 1.1509e+07
0.016481 1.1509e+07
0.016487 1.1509e+07
0.016492 1.1509e+07
0.016498 1.1509e+07
0.016504 1.1509e+07
0.016509 1.1509e+07
0.016515 1.1509e+07
0.016521 1.1509e+07
0.016526 1.1509e+07
0.016532 1.1509e+07
0.016538 1.1509e+07
0.016543 1.1509e+07
0.016549 1.1509e+07
0.016554 1.1509e+07
0.01656 1.1509e+07
0.016566 1.1509e+07
0.016571 1.1509e+07
0.016577 1.1509e+07
0.016583 1.1509e+07
0.016588 1.1509e+07
0.016594 1.1509e+07
0.0166 1.1509e+07
0.016605 1.1509e+07
0.016611 1.1509e+07
0.016617 1.1509e+07
0.016622 1.1509e+07
0.016628 1.1509e+07
0.016634 1.1509e+07
0.016639 1.1509e+07
0.016645 1.1509e+07
0.016651 1.1509e+07
0.016656 1.1509e+07
0.016662 1.1509e+07
0.016668 1.1509e+07
0.016673 1.1509e+07
0.016679 1.1509e+07
0.016684 1.1509e+07
0.01669 1.1509e+07
0.016696 1.1509e+07
0.016701 1.1509e+07
0.016707 1.1509e+07
0.016713 1.1509e+07
0.016718 1.1509e+07
0.016724 1.1509e+07
0.01673 1.1509e+07
0.016735 1.1509e+07
0.016741 1.1509e+07
0.016747 1.1509e+07
0.016752 1.1509e+07
0.016758 1.1509e+07
0.016764 1.1509e+07
0.016769 1.1509e+07
0.016775 1.1509e+07
0.016781 1.1509e+07
0.016786 1.1509e+07
0.016792 1.1509e+07
0.016798 1.1509e+07
0.016803 1.1509e+07
0.016809 1.1509e+07
0.016815 1.1509e+07
0.01682 1.1509e+07
0.016826 1.1509e+07
0.016831 1.1509e+07
0.016837 1.1509e+07
0.016843 1.1509e+07
0.016848 1.1509e+07
0.016854 1.1509e+07
0.01686 1.1509e+07
0.016865 1.1509e+07
0.016871 1.1509e+07
0.016877 1.1509e+07
0.016882 1.1509e+07
0.016888 1.1509e+07
0.016894 1.1509e+07
0.016899 1.1509e+07
0.016905 1.1509e+07
0.016911 1.1509e+07
0.016916 1.1509e+07
0.016922 1.1509e+07
0.016928 1.1509e+07
0.016933 1.1509e+07
0.016939 1.1509e+07
0.016945 1.1509e+07
0.01695 1.1509e+07
0.016956 1.1509e+07
0.016962 1.1509e+07
0.016967 1.1509e+07
0.016973 1.1509e+07
0.016979 1.1509e+07
0.016984 1.1509e+07
0.01699 1.1509e+07
0.016995 1.1509e+07
0.017001 1.1509e+07
0.017007 1.1509e+07
0.017012 1.1509e+07
0.017018 1.1509e+07
0.017024 1.1509e+07
0.017029 1.1509e+07
0.017035 1.1509e+07
0.017041 1.1509e+07
0.017046 1.1509e+07
0.017052 1.1509e+07
0.017058 1.1509e+07
0.017063 1.1509e+07
0.017069 1.1509e+07
0.017075 1.1509e+07
0.01708 1.1509e+07
0.017086 1.1509e+07
0.017092 1.1509e+07
0.017097 1.1509e+07
0.017103 1.1509e+07
0.017109 1.1509e+07
0.017114 1.1509e+07
0.01712 1.1509e+07
0.017125 1.1509e+07
0.017131 1.1509e+07
0.017137 1.1509e+07
0.017142 1.1509e+07
0.017148 1.1509e+07
0.017154 1.1509e+07
0.017159 1.1509e+07
0.017165 1.1509e+07
0.017171 1.1509e+07
0.017176 1.1509e+07
0.017182 1.1509e+07
0.017188 1.1509e+07
0.017193 1.1509e+07
0.017199 1.1509e+07
0.017205 1.1509e+07
0.01721 1.1509e+07
0.017216 1.1509e+07
0.017222 1.1509e+07
0.017227 1.1509e+07
0.017233 1.1509e+07
0.017239 1.1509e+07
0.017244 1.1509e+07
0.01725 1.1509e+07
0.017256 1.1509e+07
0.017261 1.1509e+07
0.017267 1.1509e+07
0.017272 1.1509e+07
0.017278 1.1509e+07
0.017284 1.1509e+07
0.017289 1.1509e+07
0.017295 1.1509e+07
0.017301 1.1509e+07
0.017306 1.1509e+07
0.017312 1.1509e+07
0.017318 1.1509e+07
0.017323 1.1509e+07
0.017329 1.1509e+07
0.017335 1.1509e+07
0.01734 1.1509e+07
0.017346 1.1509e+07
0.017352 1.1509e+07
0.017357 1.1509e+07
0.017363 1.1509e+07
0.017369 1.1509e+07
0.017374 1.1509e+07
0.01738 1.1509e+07
0.017386 1.1509e+07
0.017391 1.1509e+07
0.017397 1.1509e+07
0.017403 1.1509e+07
0.017408 1.1509e+07
0.017414 1.1509e+07
0.01742 1.1509e+07
0.017425 1.1509e+07
0.017431 1.1509e+07
0.017436 1.1509e+07
0.017442 1.1509e+07
0.017448 1.1509e+07
0.017453 1.1509e+07
0.017459 1.1509e+07
0.017465 1.1509e+07
0.01747 1.1509e+07
0.017476 1.1509e+07
0.017482 1.1509e+07
0.017487 1.1509e+07
0.017493 1.1509e+07
0.017499 1.1509e+07
0.017504 1.1509e+07
0.01751 1.1509e+07
0.017516 1.1509e+07
0.017521 1.1509e+07
0.017527 1.1509e+07
0.017533 1.1509e+07
0.017538 1.1509e+07
0.017544 1.1509e+07
0.01755 1.1509e+07
0.017555 1.1509e+07
0.017561 1.1509e+07
0.017567 1.1509e+07
0.017572 1.1509e+07
0.017578 1.1509e+07
0.017583 1.1509e+07
0.017589 1.1509e+07
0.017595 1.1509e+07
0.0176 1.1509e+07
0.017606 1.1509e+07
0.017612 1.1509e+07
0.017617 1.1509e+07
0.017623 1.1509e+07
0.017629 1.1509e+07
0.017634 1.1509e+07
0.01764 1.1509e+07
0.017646 1.1509e+07
0.017651 1.1509e+07
0.017657 1.1509e+07
0.017663 1.1509e+07
0.017668 1.1509e+07
0.017674 1.1509e+07
0.01768 1.1509e+07
0.017685 1.1509e+07
0.017691 1.1509e+07
0.017697 1.1509e+07
0.017702 1.1509e+07
0.017708 1.1509e+07
0.017714 1.1509e+07
0.017719 1.1509e+07
0.017725 1.1509e+07
0.01773 1.1509e+07
0.017736 1.1509e+07
0.017742 1.1509e+07
0.017747 1.1509e+07
0.017753 1.1509e+07
0.017759 1.1509e+07
0.017764 1.1509e+07
0.01777 1.1509e+07
0.017776 1.1509e+07
0.017781 1.1509e+07
0.017787 1.1509e+07
0.017793 1.1509e+07
0.017798 1.1509e+07
0.017804 1.1509e+07
0.01781 1.1509e+07
0.017815 1.1509e+07
0.017821 1.1509e+07
0.017827 1.1509e+07
0.017832 1.1509e+07
0.017838 1.1509e+07
0.017844 1.1509e+07
0.017849 1.1509e+07
0.017855 1.1509e+07
0.01786 1.1509e+07
0.017866 1.1509e+07
0.017872 1.1509e+07
0.017877 1.1509e+07
0.017883 1.1509e+07
0.017889 1.1509e+07
0.017894 1.1509e+07
0.0179 1.1509e+07
0.017906 1.1509e+07
0.017911 1.1509e+07
0.017917 1.1509e+07
0.017923 1.1509e+07
0.017928 1.1509e+07
0.017934 1.1509e+07
0.01794 1.1509e+07
0.017945 1.1509e+07
0.017951 1.1509e+07
0.017957 1.1509e+07
0.017962 1.1509e+07
0.017968 1.1509e+07
0.017974 1.1509e+07
0.017979 1.1509e+07
0.017985 1.1509e+07
0.017991 1.1509e+07
0.017996 1.1509e+07
0.018002 1.1509e+07
0.018008 1.1509e+07
0.018013 1.1509e+07
0.018019 1.1509e+07
0.018024 1.1509e+07
0.01803 1.1509e+07
0.018036 1.1509e+07
0.018041 1.1509e+07
0.018047 1.1509e+07
0.018053 1.1509e+07
0.018058 1.1509e+07
0.018064 1.1509e+07
0.01807 1.1509e+07
0.018075 1.1509e+07
0.018081 1.1509e+07
0.018087 1.1509e+07
0.018092 1.1509e+07
0.018098 1.1509e+07
0.018104 1.1509e+07
0.018109 1.1509e+07
0.018115 1.1509e+07
0.018121 1.1509e+07
0.018126 1.1509e+07
0.018132 1.1509e+07
0.018138 1.1509e+07
0.018143 1.1509e+07
0.018149 1.1509e+07
0.018154 1.1509e+07
0.01816 1.1509e+07
0.018166 1.1509e+07
0.018171 1.1509e+07
0.018177 1.1509e+07
0.018183 1.1509e+07
0.018188 1.1509e+07
0.018194 1.1509e+07
0.0182 1.1509e+07
0.018205 1.1509e+07
0.018211 1.1509e+07
0.018217 1.1509e+07
0.018222 1.1509e+07
0.018228 1.1509e+07
0.018234 1.1509e+07
0.018239 1.1509e+07
0.018245 1.1509e+07
0.018251 1.1509e+07
0.018256 1.1509e+07
0.018262 1.1509e+07
0.018268 1.1509e+07
0.018273 1.1509e+07
0.018279 1.1509e+07
0.018285 1.1509e+07
0.01829 1.1509e+07
0.018296 1.1509e+07
0.018302 1.1509e+07
0.018307 1.1509e+07
0.018313 1.1509e+07
0.018318 1.1509e+07
0.018324 1.1509e+07
0.01833 1.1509e+07
0.018335 1.1509e+07
0.018341 1.1509e+07
0.018347 1.1509e+07
0.018352 1.1509e+07
0.018358 1.1509e+07
0.018364 1.1509e+07
0.018369 1.1509e+07
0.018375 1.1509e+07
0.018381 1.1509e+07
0.018386 1.1509e+07
0.018392 1.1509e+07
0.018398 1.1509e+07
0.018403 1.1509e+07
0.018409 1.1509e+07
0.018415 1.1509e+07
0.01842 1.1509e+07
0.018426 1.1509e+07
0.018432 1.1509e+07
0.018437 1.1509e+07
0.018443 1.1509e+07
0.018448 1.1509e+07
0.018454 1.1509e+07
0.01846 1.1509e+07
0.018465 1.1509e+07
0.018471 1.1509e+07
0.018477 1.1509e+07
0.018482 1.1509e+07
0.018488 1.1509e+07
0.018494 1.1509e+07
0.018499 1.1509e+07
0.018505 1.1509e+07
0.018511 1.1509e+07
0.018516 1.1509e+07
0.018522 1.1509e+07
0.018528 1.1509e+07
0.018533 1.1509e+07
0.018539 1.1509e+07
0.018545 1.1509e+07
0.01855 1.1509e+07
0.018556 1.1509e+07
0.018562 1.1509e+07
0.018567 1.1509e+07
0.018573 1.1509e+07
0.018579 1.1509e+07
0.018584 1.1509e+07
0.01859 1.1509e+07
0.018596 1.1509e+07
0.018601 1.1509e+07
0.018607 1.1509e+07
0.018612 1.1509e+07
0.018618 1.1509e+07
0.018624 1.1509e+07
0.018629 1.1509e+07
0.018635 1.1509e+07
0.018641 1.1509e+07
0.018646 1.1509e+07
0.018652 1.1509e+07
0.018658 1.1509e+07
0.018663 1.1509e+07
0.018669 1.1509e+07
0.018675 1.1509e+07
0.01868 1.1509e+07
0.018686 1.1509e+07
0.018692 1.1509e+07
0.018697 1.1509e+07
0.018703 1.1509e+07
0.018709 1.1509e+07
0.018714 1.1509e+07
0.01872 1.1509e+07
0.018726 1.1509e+07
0.018731 1.1509e+07
0.018737 1.1509e+07
0.018743 1.1509e+07
0.018748 1.1509e+07
0.018754 1.1509e+07
0.018759 1.1509e+07
0.018765 1.1509e+07
0.018771 1.1509e+07
0.018776 1.1509e+07
0.018782 1.1509e+07
0.018788 1.1509e+07
0.018793 1.1509e+07
0.018799 1.1509e+07
0.018805 1.1509e+07
0.01881 1.1509e+07
0.018816 1.1509e+07
0.018822 1.1509e+07
0.018827 1.1509e+07
0.018833 1.1509e+07
0.018839 1.1509e+07
0.018844 1.1509e+07
0.01885 1.1509e+07
0.018856 1.1509e+07
0.018861 1.1509e+07
0.018867 1.1509e+07
0.018873 1.1509e+07
0.018878 1.1509e+07
0.018884 1.1509e+07
0.01889 1.1509e+07
0.018895 1.1509e+07
0.018901 1.1509e+07
0.018906 1.1509e+07
0.018912 1.1509e+07
0.018918 1.1509e+07
0.018923 1.1509e+07
0.018929 1.1509e+07
0.018935 1.1509e+07
0.01894 1.1509e+07
0.018946 1.1509e+07
0.018952 1.1509e+07
0.018957 1.1509e+07
0.018963 1.1509e+07
0.018969 1.1509e+07
0.018974 1.1509e+07
0.01898 1.1509e+07
0.018986 1.1509e+07
0.018991 1.1509e+07
0.018997 1.1509e+07
0.019003 1.1509e+07
0.019008 1.1509e+07
0.019014 1.1509e+07
0.01902 1.1509e+07
0.019025 1.1509e+07
0.019031 1.1509e+07
0.019037 1.1509e+07
0.019042 1.1509e+07
0.019048 1.1509e+07
0.019053 1.1509e+07
0.019059 1.1509e+07
0.019065 1.1509e+07
0.01907 1.1509e+07
0.019076 1.1509e+07
0.019082 1.1509e+07
0.019087 1.1509e+07
0.019093 1.1509e+07
0.019099 1.1509e+07
0.019104 1.1509e+07
0.01911 1.1509e+07
0.019116 1.1509e+07
0.019121 1.1509e+07
0.019127 1.1509e+07
0.019133 1.1509e+07
0.019138 1.1509e+07
0.019144 1.1509e+07
0.01915 1.1509e+07
0.019155 1.1509e+07
0.019161 1.1509e+07
0.019167 1.1509e+07
0.019172 1.1509e+07
0.019178 1.1509e+07
0.019183 1.1509e+07
0.019189 1.1509e+07
0.019195 1.1509e+07
0.0192 1.1509e+07
0.019206 1.1509e+07
0.019212 1.1509e+07
0.019217 1.1509e+07
0.019223 1.1509e+07
0.019229 1.1509e+07
0.019234 1.1509e+07
0.01924 1.1509e+07
0.019246 1.1509e+07
0.019251 1.1509e+07
0.019257 1.1509e+07
0.019263 1.1509e+07
0.019268 1.1509e+07
0.019274 1.1509e+07
0.01928 1.1509e+07
0.019285 1.1509e+07
0.019291 1.1509e+07
0.019297 1.1509e+07
0.019302 1.1509e+07
0.019308 1.1509e+07
0.019314 1.1509e+07
0.019319 1.1509e+07
0.019325 1.1509e+07
0.019331 1.1509e+07
0.019336 1.1509e+07
0.019342 1.1509e+07
0.019347 1.1509e+07
0.019353 1.1509e+07
0.019359 1.1509e+07
0.019364 1.1509e+07
0.01937 1.1509e+07
0.019376 1.1509e+07
0.019381 1.1509e+07
0.019387 1.1509e+07
0.019393 1.1509e+07
0.019398 1.1509e+07
0.019404 1.1509e+07
0.01941 1.1509e+07
0.019415 1.1509e+07
0.019421 1.1509e+07
0.019427 1.1509e+07
0.019432 1.1509e+07
0.019438 1.1509e+07
0.019444 1.1509e+07
0.019449 1.1509e+07
0.019455 1.1509e+07
0.019461 1.1509e+07
0.019466 1.1509e+07
0.019472 1.1509e+07
0.019478 1.1509e+07
0.019483 1.1509e+07
0.019489 1.1509e+07
0.019494 1.1509e+07
0.0195 1.1509e+07
0.019506 1.1509e+07
0.019511 1.1509e+07
0.019517 1.1509e+07
0.019523 1.1509e+07
0.019528 1.1509e+07
0.019534 1.1509e+07
0.01954 1.1509e+07
0.019545 1.1509e+07
0.019551 1.1509e+07
0.019557 1.1509e+07
0.019562 1.1509e+07
0.019568 1.1509e+07
0.019574 1.1509e+07
0.019579 1.1509e+07
0.019585 1.1509e+07
0.019591 1.1509e+07
0.019596 1.1509e+07
0.019602 1.1509e+07
0.019608 1.1509e+07
0.019613 1.1509e+07
0.019619 1.1509e+07
0.019624 1.1509e+07
0.01963 1.1509e+07
0.019636 1.1509e+07
0.019641 1.1509e+07
0.019647 1.1509e+07
0.019653 1.1509e+07
0.019658 1.1509e+07
0.019664 1.1509e+07
0.01967 1.1509e+07
0.019675 1.1509e+07
0.019681 1.1509e+07
0.019687 1.1509e+07
0.019692 1.1509e+07
0.019698 1.1509e+07
0.019704 1.1509e+07
0.019709 1.1509e+07
0.019715 1.1509e+07
0.019721 1.1509e+07
0.019726 1.1509e+07
0.019732 1.1509e+07
0.019738 1.1509e+07
0.019743 1.1509e+07
0.019749 1.1509e+07
0.019755 1.1509e+07
0.01976 1.1509e+07
0.019766 1.1509e+07
0.019772 1.1509e+07
0.019777 1.1509e+07
0.019783 1.1509e+07
0.019788 1.1509e+07
1 1.1509e+07
