5.6538e-06 9.176e+05
1.1308e-05 9.176e+05
1.6962e-05 9.176e+05
2.2615e-05 9.176e+05
2.8269e-05 9.176e+05
3.3923e-05 9.176e+05
3.9577e-05 9.176e+05
4.5231e-05 9.176e+05
5.0885e-05 9.176e+05
5.6538e-05 9.1759e+05
6.2192e-05 9.1759e+05
6.7846e-05 9.1758e+05
7.35e-05 9.1757e+05
7.9154e-05 9.1756e+05
8.4808e-05 9.1754e+05
9.0462e-05 9.1751e+05
9.6115e-05 9.1746e+05
0.00010177 9.174e+05
0.00010742 9.1731e+05
0.00011308 9.1718e+05
0.00011873 9.17e+05
0.00012438 9.1676e+05
0.00013004 9.1642e+05
0.00013569 9.1597e+05
0.00014135 9.1537e+05
0.000147 9.1458e+05
0.00015265 9.1353e+05
0.00015831 9.1218e+05
0.00016396 9.1044e+05
0.00016962 9.0824e+05
0.00017527 9.0547e+05
0.00018092 9.0201e+05
0.00018658 8.9776e+05
0.00019223 8.9256e+05
0.00019788 8.8629e+05
0.00020354 8.7879e+05
0.00020919 8.6991e+05
0.00021485 8.5951e+05
0.0002205 8.4744e+05
0.00022615 8.3359e+05
0.00023181 8.1785e+05
0.00023746 8.0015e+05
0.00024312 7.8044e+05
0.00024877 7.5872e+05
0.00025442 7.3504e+05
0.00026008 7.0947e+05
0.00026573 6.8217e+05
0.00027138 6.5331e+05
0.00027704 6.2312e+05
0.00028269 5.9189e+05
0.00028835 5.5991e+05
0.000294 5.2753e+05
0.00029965 4.951e+05
0.00030531 4.6299e+05
0.00031096 4.3157e+05
0.00031662 4.0116e+05
0.00032227 3.7212e+05
0.00032792 3.4473e+05
0.00033358 3.1924e+05
0.00033923 2.9588e+05
0.00034488 2.748e+05
0.00035054 2.5612e+05
0.00035619 2.399e+05
0.00036185 2.2616e+05
0.0003675 2.1488e+05
0.00037315 2.0599e+05
0.00037881 1.994e+05
0.00038446 1.9498e+05
0.00039012 1.9259e+05
0.00039577 1.9208e+05
0.00040142 1.9329e+05
0.00040708 1.9605e+05
0.00041273 2.002e+05
0.00041838 2.0559e+05
0.00042404 2.1206e+05
0.00042969 2.1948e+05
0.00043535 2.2773e+05
0.000441 2.367e+05
0.00044665 2.4629e+05
0.00045231 2.564e+05
0.00045796 2.6697e+05
0.00046362 2.7792e+05
0.00046927 2.892e+05
0.00047492 3.0076e+05
0.00048058 3.1255e+05
0.00048623 3.2453e+05
0.00049188 3.3668e+05
0.00049754 3.4896e+05
0.00050319 3.6135e+05
0.00050885 3.7382e+05
0.0005145 3.8635e+05
0.00052015 3.9892e+05
0.00052581 4.1152e+05
0.00053146 4.2411e+05
0.00053712 4.367e+05
0.00054277 4.4925e+05
0.00054842 4.6177e+05
0.00055408 4.7422e+05
0.00055973 4.866e+05
0.00056538 4.989e+05
0.00057104 5.111e+05
0.00057669 5.2318e+05
0.00058235 5.3515e+05
0.000588 5.4698e+05
0.00059365 5.5867e+05
0.00059931 5.702e+05
0.00060496 5.8158e+05
0.00061062 5.9278e+05
0.00061627 6.038e+05
0.00062192 6.1464e+05
0.00062758 6.2529e+05
0.00063323 6.3573e+05
0.00063888 6.4597e+05
0.00064454 6.5601e+05
0.00065019 6.6582e+05
0.00065585 6.7542e+05
0.0006615 6.848e+05
0.00066715 6.9395e+05
0.00067281 7.0288e+05
0.00067846 7.1158e+05
0.00068412 7.2004e+05
0.00068977 7.2828e+05
0.00069542 7.3629e+05
0.00070108 7.4406e+05
0.00070673 7.5161e+05
0.00071238 7.5893e+05
0.00071804 7.6601e+05
0.00072369 7.7287e+05
0.00072935 7.7951e+05
0.000735 7.8592e+05
0.00074065 7.9212e+05
0.00074631 7.9809e+05
0.00075196 8.0385e+05
0.00075762 8.0941e+05
0.00076327 8.1475e+05
0.00076892 8.1989e+05
0.00077458 8.2483e+05
0.00078023 8.2958e+05
0.00078588 8.3413e+05
0.00079154 8.385e+05
0.00079719 8.4269e+05
0.00080285 8.467e+05
0.0008085 8.5053e+05
0.00081415 8.542e+05
0.00081981 8.5771e+05
0.00082546 8.6105e+05
0.00083112 8.6424e+05
0.00083677 8.6729e+05
0.00084242 8.7018e+05
0.00084808 8.7294e+05
0.00085373 8.7557e+05
0.00085938 8.7806e+05
0.00086504 8.8043e+05
0.00087069 8.8268e+05
0.00087635 8.8482e+05
0.000882 8.8684e+05
0.00088765 8.8876e+05
0.00089331 8.9057e+05
0.00089896 8.9228e+05
0.00090462 8.9391e+05
0.00091027 8.9544e+05
0.00091592 8.9688e+05
0.00092158 8.9824e+05
0.00092723 8.9953e+05
0.00093288 9.0074e+05
0.00093854 9.0188e+05
0.00094419 9.0295e+05
0.00094985 9.0395e+05
0.0009555 9.049e+05
0.00096115 9.0578e+05
0.00096681 9.0662e+05
0.00097246 9.074e+05
0.00097812 9.0813e+05
0.00098377 9.0881e+05
0.00098942 9.0945e+05
0.00099508 9.1004e+05
0.0010007 9.106e+05
0.0010064 9.1112e+05
0.001012 9.1161e+05
0.0010177 9.1206e+05
0.0010233 9.1248e+05
0.001029 9.1288e+05
0.0010347 9.1324e+05
0.0010403 9.1358e+05
0.001046 9.139e+05
0.0010516 9.1419e+05
0.0010573 9.1446e+05
0.0010629 9.1471e+05
0.0010686 9.1494e+05
0.0010742 9.1516e+05
0.0010799 9.1536e+05
0.0010855 9.1554e+05
0.0010912 9.1572e+05
0.0010968 9.1587e+05
0.0011025 9.1602e+05
0.0011082 9.1615e+05
0.0011138 9.1628e+05
0.0011195 9.1639e+05
0.0011251 9.1649e+05
0.0011308 9.1659e+05
0.0011364 9.1668e+05
0.0011421 9.1676e+05
0.0011477 9.1683e+05
0.0011534 9.169e+05
0.001159 9.1697e+05
0.0011647 9.1702e+05
0.0011703 9.1707e+05
0.001176 9.1712e+05
0.0011817 9.1717e+05
0.0011873 9.1721e+05
0.001193 9.1724e+05
0.0011986 9.1728e+05
0.0012043 9.1731e+05
0.0012099 9.1734e+05
0.0012156 9.1736e+05
0.0012212 9.1738e+05
0.0012269 9.174e+05
0.0012325 9.1742e+05
0.0012382 9.1744e+05
0.0012438 9.1746e+05
0.0012495 9.1747e+05
0.0012552 9.1748e+05
0.0012608 9.1749e+05
0.0012665 9.1751e+05
0.0012721 9.1752e+05
0.0012778 9.1752e+05
0.0012834 9.1753e+05
0.0012891 9.1754e+05
0.0012947 9.1754e+05
0.0013004 9.1755e+05
0.001306 9.1756e+05
0.0013117 9.1756e+05
0.0013173 9.1756e+05
0.001323 9.1757e+05
0.0013287 9.1757e+05
0.0013343 9.1757e+05
0.00134 9.1758e+05
0.0013456 9.1758e+05
0.0013513 9.1758e+05
0.0013569 9.1758e+05
0.0013626 9.1759e+05
0.0013682 9.1759e+05
0.0013739 9.1759e+05
0.0013795 9.1759e+05
0.0013852 9.1759e+05
0.0013908 9.1759e+05
0.0013965 9.1759e+05
0.0014022 9.1759e+05
0.0014078 9.1759e+05
0.0014135 9.176e+05
0.0014191 9.176e+05
0.0014248 9.176e+05
0.0014304 9.176e+05
0.0014361 9.176e+05
0.0014417 9.176e+05
0.0014474 9.176e+05
0.001453 9.176e+05
0.0014587 9.176e+05
0.0014643 9.176e+05
0.00147 9.176e+05
0.0014757 9.176e+05
0.0014813 9.176e+05
0.001487 9.176e+05
0.0014926 9.176e+05
0.0014983 9.176e+05
0.0015039 9.176e+05
0.0015096 9.176e+05
0.0015152 9.176e+05
0.0015209 9.176e+05
0.0015265 9.176e+05
0.0015322 9.176e+05
0.0015378 9.176e+05
0.0015435 9.176e+05
0.0015492 9.176e+05
0.0015548 9.176e+05
0.0015605 9.176e+05
0.0015661 9.176e+05
0.0015718 9.176e+05
0.0015774 9.176e+05
0.0015831 9.176e+05
0.0015887 9.176e+05
0.0015944 9.176e+05
0.0016 9.176e+05
0.0016057 9.176e+05
0.0016113 9.176e+05
0.001617 9.176e+05
0.0016227 9.176e+05
0.0016283 9.176e+05
0.001634 9.176e+05
0.0016396 9.176e+05
0.0016453 9.176e+05
0.0016509 9.176e+05
0.0016566 9.176e+05
0.0016622 9.176e+05
0.0016679 9.176e+05
0.0016735 9.176e+05
0.0016792 9.176e+05
0.0016848 9.176e+05
0.0016905 9.176e+05
0.0016962 9.176e+05
0.0017018 9.176e+05
0.0017075 9.176e+05
0.0017131 9.176e+05
0.0017188 9.176e+05
0.0017244 9.176e+05
0.0017301 9.176e+05
0.0017357 9.176e+05
0.0017414 9.176e+05
0.001747 9.176e+05
0.0017527 9.176e+05
0.0017583 9.176e+05
0.001764 9.176e+05
0.0017697 9.176e+05
0.0017753 9.176e+05
0.001781 9.176e+05
0.0017866 9.176e+05
0.0017923 9.176e+05
0.0017979 9.176e+05
0.0018036 9.176e+05
0.0018092 9.176e+05
0.0018149 9.176e+05
0.0018205 9.176e+05
0.0018262 9.176e+05
0.0018318 9.176e+05
0.0018375 9.176e+05
0.0018432 9.176e+05
0.0018488 9.176e+05
0.0018545 9.176e+05
0.0018601 9.176e+05
0.0018658 9.176e+05
0.0018714 9.176e+05
0.0018771 9.176e+05
0.0018827 9.176e+05
0.0018884 9.176e+05
0.001894 9.176e+05
0.0018997 9.176e+05
0.0019053 9.176e+05
0.001911 9.176e+05
0.0019167 9.176e+05
0.0019223 9.176e+05
0.001928 9.176e+05
0.0019336 9.176e+05
0.0019393 9.176e+05
0.0019449 9.176e+05
0.0019506 9.176e+05
0.0019562 9.176e+05
0.0019619 9.176e+05
0.0019675 9.176e+05
0.0019732 9.176e+05
0.0019788 9.176e+05
0.0019845 9.176e+05
0.0019902 9.176e+05
0.0019958 9.176e+05
0.0020015 9.176e+05
0.0020071 9.176e+05
0.0020128 9.176e+05
0.0020184 9.176e+05
0.0020241 9.176e+05
0.0020297 9.176e+05
0.0020354 9.176e+05
0.002041 9.176e+05
0.0020467 9.176e+05
0.0020523 9.176e+05
0.002058 9.176e+05
0.0020637 9.176e+05
0.0020693 9.176e+05
0.002075 9.176e+05
0.0020806 9.176e+05
0.0020863 9.176e+05
0.0020919 9.176e+05
0.0020976 9.176e+05
0.0021032 9.176e+05
0.0021089 9.176e+05
0.0021145 9.176e+05
0.0021202 9.176e+05
0.0021258 9.176e+05
0.0021315 9.176e+05
0.0021372 9.176e+05
0.0021428 9.176e+05
0.0021485 9.176e+05
0.0021541 9.176e+05
0.0021598 9.176e+05
0.0021654 9.176e+05
0.0021711 9.176e+05
0.0021767 9.176e+05
0.0021824 9.176e+05
0.002188 9.176e+05
0.0021937 9.176e+05
0.0021993 9.176e+05
0.002205 9.176e+05
0.0022107 9.176e+05
0.0022163 9.176e+05
0.002222 9.176e+05
0.0022276 9.176e+05
0.0022333 9.176e+05
0.0022389 9.176e+05
0.0022446 9.176e+05
0.0022502 9.176e+05
0.0022559 9.176e+05
0.0022615 9.176e+05
0.0022672 9.176e+05
0.0022728 9.176e+05
0.0022785 9.176e+05
0.0022842 9.176e+05
0.0022898 9.176e+05
0.0022955 9.176e+05
0.0023011 9.176e+05
0.0023068 9.176e+05
0.0023124 9.176e+05
0.0023181 9.176e+05
0.0023237 9.176e+05
0.0023294 9.176e+05
0.002335 9.176e+05
0.0023407 9.176e+05
0.0023463 9.176e+05
0.002352 9.176e+05
0.0023577 9.176e+05
0.0023633 9.176e+05
0.002369 9.176e+05
0.0023746 9.176e+05
0.0023803 9.176e+05
0.0023859 9.176e+05
0.0023916 9.176e+05
0.0023972 9.176e+05
0.0024029 9.176e+05
0.0024085 9.176e+05
0.0024142 9.176e+05
0.0024198 9.176e+05
0.0024255 9.176e+05
0.0024312 9.176e+05
0.0024368 9.176e+05
0.0024425 9.176e+05
0.0024481 9.176e+05
0.0024538 9.176e+05
0.0024594 9.176e+05
0.0024651 9.176e+05
0.0024707 9.176e+05
0.0024764 9.176e+05
0.002482 9.176e+05
0.0024877 9.176e+05
0.0024933 9.176e+05
0.002499 9.176e+05
0.0025047 9.176e+05
0.0025103 9.176e+05
0.002516 9.176e+05
0.0025216 9.176e+05
0.0025273 9.176e+05
0.0025329 9.176e+05
0.0025386 9.176e+05
0.0025442 9.176e+05
0.0025499 9.176e+05
0.0025555 9.176e+05
0.0025612 9.176e+05
0.0025668 9.176e+05
0.0025725 9.176e+05
0.0025782 9.176e+05
0.0025838 9.176e+05
0.0025895 9.176e+05
0.0025951 9.176e+05
0.0026008 9.176e+05
0.0026064 9.176e+05
0.0026121 9.176e+05
0.0026177 9.176e+05
0.0026234 9.176e+05
0.002629 9.176e+05
0.0026347 9.176e+05
0.0026403 9.176e+05
0.002646 9.176e+05
0.0026517 9.176e+05
0.0026573 9.176e+05
0.002663 9.176e+05
0.0026686 9.176e+05
0.0026743 9.176e+05
0.0026799 9.176e+05
0.0026856 9.176e+05
0.0026912 9.176e+05
0.0026969 9.176e+05
0.0027025 9.176e+05
0.0027082 9.176e+05
0.0027138 9.176e+05
0.0027195 9.176e+05
0.0027252 9.176e+05
0.0027308 9.176e+05
0.0027365 9.176e+05
0.0027421 9.176e+05
0.0027478 9.176e+05
0.0027534 9.176e+05
0.0027591 9.176e+05
0.0027647 9.176e+05
0.0027704 9.176e+05
0.002776 9.176e+05
0.0027817 9.176e+05
0.0027873 9.176e+05
0.002793 9.176e+05
0.0027987 9.176e+05
0.0028043 9.176e+05
0.00281 9.176e+05
0.0028156 9.176e+05
0.0028213 9.176e+05
0.0028269 9.176e+05
0.0028326 9.176e+05
0.0028382 9.176e+05
0.0028439 9.176e+05
0.0028495 9.176e+05
0.0028552 9.176e+05
0.0028608 9.176e+05
0.0028665 9.176e+05
0.0028722 9.176e+05
0.0028778 9.176e+05
0.0028835 9.176e+05
0.0028891 9.176e+05
0.0028948 9.176e+05
0.0029004 9.176e+05
0.0029061 9.176e+05
0.0029117 9.176e+05
0.0029174 9.176e+05
0.002923 9.176e+05
0.0029287 9.176e+05
0.0029343 9.176e+05
0.00294 9.176e+05
0.0029457 9.176e+05
0.0029513 9.176e+05
0.002957 9.176e+05
0.0029626 9.176e+05
0.0029683 9.176e+05
0.0029739 9.176e+05
0.0029796 9.176e+05
0.0029852 9.176e+05
0.0029909 9.176e+05
0.0029965 9.176e+05
0.0030022 9.176e+05
0.0030078 9.176e+05
0.0030135 9.176e+05
0.0030192 9.176e+05
0.0030248 9.176e+05
0.0030305 9.176e+05
0.0030361 9.176e+05
0.0030418 9.176e+05
0.0030474 9.176e+05
0.0030531 9.176e+05
0.0030587 9.176e+05
0.0030644 9.176e+05
0.00307 9.176e+05
0.0030757 9.176e+05
0.0030813 9.176e+05
0.003087 9.176e+05
0.0030927 9.176e+05
0.0030983 9.176e+05
0.003104 9.176e+05
0.0031096 9.176e+05
0.0031153 9.176e+05
0.0031209 9.176e+05
0.0031266 9.176e+05
0.0031322 9.176e+05
0.0031379 9.176e+05
0.0031435 9.176e+05
0.0031492 9.176e+05
0.0031548 9.176e+05
0.0031605 9.176e+05
0.0031662 9.176e+05
0.0031718 9.176e+05
0.0031775 9.176e+05
0.0031831 9.176e+05
0.0031888 9.176e+05
0.0031944 9.176e+05
0.0032001 9.176e+05
0.0032057 9.176e+05
0.0032114 9.176e+05
0.003217 9.176e+05
0.0032227 9.176e+05
0.0032283 9.176e+05
0.003234 9.176e+05
0.0032397 9.176e+05
0.0032453 9.176e+05
0.003251 9.176e+05
0.0032566 9.176e+05
0.0032623 9.176e+05
0.0032679 9.176e+05
0.0032736 9.176e+05
0.0032792 9.176e+05
0.0032849 9.176e+05
0.0032905 9.176e+05
0.0032962 9.176e+05
0.0033018 9.176e+05
0.0033075 9.176e+05
0.0033132 9.176e+05
0.0033188 9.176e+05
0.0033245 9.176e+05
0.0033301 9.176e+05
0.0033358 9.176e+05
0.0033414 9.176e+05
0.0033471 9.176e+05
0.0033527 9.176e+05
0.0033584 9.176e+05
0.003364 9.176e+05
0.0033697 9.176e+05
0.0033753 9.176e+05
0.003381 9.176e+05
0.0033867 9.176e+05
0.0033923 9.176e+05
0.003398 9.176e+05
0.0034036 9.176e+05
0.0034093 9.176e+05
0.0034149 9.176e+05
0.0034206 9.176e+05
0.0034262 9.176e+05
0.0034319 9.176e+05
0.0034375 9.176e+05
0.0034432 9.176e+05
0.0034488 9.176e+05
0.0034545 9.176e+05
0.0034602 9.176e+05
0.0034658 9.176e+05
0.0034715 9.176e+05
0.0034771 9.176e+05
0.0034828 9.176e+05
0.0034884 9.176e+05
0.0034941 9.176e+05
0.0034997 9.176e+05
0.0035054 9.176e+05
0.003511 9.176e+05
0.0035167 9.176e+05
0.0035223 9.176e+05
0.003528 9.176e+05
0.0035337 9.176e+05
0.0035393 9.176e+05
0.003545 9.176e+05
0.0035506 9.176e+05
0.0035563 9.176e+05
0.0035619 9.176e+05
0.0035676 9.176e+05
0.0035732 9.176e+05
0.0035789 9.176e+05
0.0035845 9.176e+05
0.0035902 9.176e+05
0.0035958 9.176e+05
0.0036015 9.176e+05
0.0036072 9.176e+05
0.0036128 9.176e+05
0.0036185 9.176e+05
0.0036241 9.176e+05
0.0036298 9.176e+05
0.0036354 9.176e+05
0.0036411 9.176e+05
0.0036467 9.176e+05
0.0036524 9.176e+05
0.003658 9.176e+05
0.0036637 9.176e+05
0.0036693 9.176e+05
0.003675 9.176e+05
0.0036807 9.176e+05
0.0036863 9.176e+05
0.003692 9.176e+05
0.0036976 9.176e+05
0.0037033 9.176e+05
0.0037089 9.176e+05
0.0037146 9.176e+05
0.0037202 9.176e+05
0.0037259 9.176e+05
0.0037315 9.176e+05
0.0037372 9.176e+05
0.0037428 9.176e+05
0.0037485 9.176e+05
0.0037542 9.176e+05
0.0037598 9.176e+05
0.0037655 9.176e+05
0.0037711 9.176e+05
0.0037768 9.176e+05
0.0037824 9.176e+05
0.0037881 9.176e+05
0.0037937 9.176e+05
0.0037994 9.176e+05
0.003805 9.176e+05
0.0038107 9.176e+05
0.0038163 9.176e+05
0.003822 9.176e+05
0.0038277 9.176e+05
0.0038333 9.176e+05
0.003839 9.176e+05
0.0038446 9.176e+05
0.0038503 9.176e+05
0.0038559 9.176e+05
0.0038616 9.176e+05
0.0038672 9.176e+05
0.0038729 9.176e+05
0.0038785 9.176e+05
0.0038842 9.176e+05
0.0038898 9.176e+05
0.0038955 9.176e+05
0.0039012 9.176e+05
0.0039068 9.176e+05
0.0039125 9.176e+05
0.0039181 9.176e+05
0.0039238 9.176e+05
0.0039294 9.176e+05
0.0039351 9.176e+05
0.0039407 9.176e+05
0.0039464 9.176e+05
0.003952 9.176e+05
0.0039577 9.176e+05
0.0039633 9.176e+05
0.003969 9.176e+05
0.0039747 9.176e+05
0.0039803 9.176e+05
0.003986 9.176e+05
0.0039916 9.176e+05
0.0039973 9.176e+05
0.0040029 9.176e+05
0.0040086 9.176e+05
0.0040142 9.176e+05
0.0040199 9.176e+05
0.0040255 9.176e+05
0.0040312 9.176e+05
0.0040368 9.176e+05
0.0040425 9.176e+05
0.0040482 9.176e+05
0.0040538 9.176e+05
0.0040595 9.176e+05
0.0040651 9.176e+05
0.0040708 9.176e+05
0.0040764 9.176e+05
0.0040821 9.176e+05
0.0040877 9.176e+05
0.0040934 9.176e+05
0.004099 9.176e+05
0.0041047 9.176e+05
0.0041103 9.176e+05
0.004116 9.176e+05
0.0041217 9.176e+05
0.0041273 9.176e+05
0.004133 9.176e+05
0.0041386 9.176e+05
0.0041443 9.176e+05
0.0041499 9.176e+05
0.0041556 9.176e+05
0.0041612 9.176e+05
0.0041669 9.176e+05
0.0041725 9.176e+05
0.0041782 9.176e+05
0.0041838 9.176e+05
0.0041895 9.176e+05
0.0041952 9.176e+05
0.0042008 9.176e+05
0.0042065 9.176e+05
0.0042121 9.176e+05
0.0042178 9.176e+05
0.0042234 9.176e+05
0.0042291 9.176e+05
0.0042347 9.176e+05
0.0042404 9.176e+05
0.004246 9.176e+05
0.0042517 9.176e+05
0.0042573 9.176e+05
0.004263 9.176e+05
0.0042687 9.176e+05
0.0042743 9.176e+05
0.00428 9.176e+05
0.0042856 9.176e+05
0.0042913 9.176e+05
0.0042969 9.176e+05
0.0043026 9.176e+05
0.0043082 9.176e+05
0.0043139 9.176e+05
0.0043195 9.176e+05
0.0043252 9.176e+05
0.0043308 9.176e+05
0.0043365 9.176e+05
0.0043422 9.176e+05
0.0043478 9.176e+05
0.0043535 9.176e+05
0.0043591 9.176e+05
0.0043648 9.176e+05
0.0043704 9.176e+05
0.0043761 9.176e+05
0.0043817 9.176e+05
0.0043874 9.176e+05
0.004393 9.176e+05
0.0043987 9.176e+05
0.0044043 9.176e+05
0.00441 9.176e+05
0.0044157 9.176e+05
0.0044213 9.176e+05
0.004427 9.176e+05
0.0044326 9.176e+05
0.0044383 9.176e+05
0.0044439 9.176e+05
0.0044496 9.176e+05
0.0044552 9.176e+05
0.0044609 9.176e+05
0.0044665 9.176e+05
0.0044722 9.176e+05
0.0044778 9.176e+05
0.0044835 9.176e+05
0.0044892 9.176e+05
0.0044948 9.176e+05
0.0045005 9.176e+05
0.0045061 9.176e+05
0.0045118 9.176e+05
0.0045174 9.176e+05
0.0045231 9.176e+05
0.0045287 9.176e+05
0.0045344 9.176e+05
0.00454 9.176e+05
0.0045457 9.176e+05
0.0045513 9.176e+05
0.004557 9.176e+05
0.0045627 9.176e+05
0.0045683 9.176e+05
0.004574 9.176e+05
0.0045796 9.176e+05
0.0045853 9.176e+05
0.0045909 9.176e+05
0.0045966 9.176e+05
0.0046022 9.176e+05
0.0046079 9.176e+05
0.0046135 9.176e+05
0.0046192 9.176e+05
0.0046248 9.176e+05
0.0046305 9.176e+05
0.0046362 9.176e+05
0.0046418 9.176e+05
0.0046475 9.176e+05
0.0046531 9.176e+05
0.0046588 9.176e+05
0.0046644 9.176e+05
0.0046701 9.176e+05
0.0046757 9.176e+05
0.0046814 9.176e+05
0.004687 9.176e+05
0.0046927 9.176e+05
0.0046983 9.176e+05
0.004704 9.176e+05
0.0047097 9.176e+05
0.0047153 9.176e+05
0.004721 9.176e+05
0.0047266 9.176e+05
0.0047323 9.176e+05
0.0047379 9.176e+05
0.0047436 9.176e+05
0.0047492 9.176e+05
0.0047549 9.176e+05
0.0047605 9.176e+05
0.0047662 9.176e+05
0.0047718 9.176e+05
0.0047775 9.176e+05
0.0047832 9.176e+05
0.0047888 9.176e+05
0.0047945 9.176e+05
0.0048001 9.176e+05
0.0048058 9.176e+05
0.0048114 9.176e+05
0.0048171 9.176e+05
0.0048227 9.176e+05
0.0048284 9.176e+05
0.004834 9.176e+05
0.0048397 9.176e+05
0.0048453 9.176e+05
0.004851 9.176e+05
0.0048567 9.176e+05
0.0048623 9.176e+05
0.004868 9.176e+05
0.0048736 9.176e+05
0.0048793 9.176e+05
0.0048849 9.176e+05
0.0048906 9.176e+05
0.0048962 9.176e+05
0.0049019 9.176e+05
0.0049075 9.176e+05
0.0049132 9.176e+05
0.0049188 9.176e+05
0.0049245 9.176e+05
0.0049302 9.176e+05
0.0049358 9.176e+05
0.0049415 9.176e+05
0.0049471 9.176e+05
0.0049528 9.176e+05
0.0049584 9.176e+05
0.0049641 9.176e+05
0.0049697 9.176e+05
0.0049754 9.176e+05
0.004981 9.176e+05
0.0049867 9.176e+05
0.0049923 9.176e+05
0.004998 9.176e+05
0.0050037 9.176e+05
0.0050093 9.176e+05
0.005015 9.176e+05
0.0050206 9.176e+05
0.0050263 9.176e+05
0.0050319 9.176e+05
0.0050376 9.176e+05
0.0050432 9.176e+05
0.0050489 9.176e+05
0.0050545 9.176e+05
0.0050602 9.176e+05
0.0050658 9.176e+05
0.0050715 9.176e+05
0.0050772 9.176e+05
0.0050828 9.176e+05
0.0050885 9.176e+05
0.0050941 9.176e+05
0.0050998 9.176e+05
0.0051054 9.176e+05
0.0051111 9.176e+05
0.0051167 9.176e+05
0.0051224 9.176e+05
0.005128 9.176e+05
0.0051337 9.176e+05
0.0051393 9.176e+05
0.005145 9.176e+05
0.0051507 9.176e+05
0.0051563 9.176e+05
0.005162 9.176e+05
0.0051676 9.176e+05
0.0051733 9.176e+05
0.0051789 9.176e+05
0.0051846 9.176e+05
0.0051902 9.176e+05
0.0051959 9.176e+05
0.0052015 9.176e+05
0.0052072 9.176e+05
0.0052128 9.176e+05
0.0052185 9.176e+05
0.0052242 9.176e+05
0.0052298 9.176e+05
0.0052355 9.176e+05
0.0052411 9.176e+05
0.0052468 9.176e+05
0.0052524 9.176e+05
0.0052581 9.176e+05
0.0052637 9.176e+05
0.0052694 9.176e+05
0.005275 9.176e+05
0.0052807 9.176e+05
0.0052863 9.176e+05
0.005292 9.176e+05
0.0052977 9.176e+05
0.0053033 9.176e+05
0.005309 9.176e+05
0.0053146 9.176e+05
0.0053203 9.176e+05
0.0053259 9.176e+05
0.0053316 9.176e+05
0.0053372 9.176e+05
0.0053429 9.176e+05
0.0053485 9.176e+05
0.0053542 9.176e+05
0.0053598 9.176e+05
0.0053655 9.176e+05
0.0053712 9.176e+05
0.0053768 9.176e+05
0.0053825 9.176e+05
0.0053881 9.176e+05
0.0053938 9.176e+05
0.0053994 9.176e+05
0.0054051 9.176e+05
0.0054107 9.176e+05
0.0054164 9.176e+05
0.005422 9.176e+05
0.0054277 9.176e+05
0.0054333 9.176e+05
0.005439 9.176e+05
0.0054447 9.176e+05
0.0054503 9.176e+05
0.005456 9.176e+05
0.0054616 9.176e+05
0.0054673 9.176e+05
0.0054729 9.176e+05
0.0054786 9.176e+05
0.0054842 9.176e+05
0.0054899 9.176e+05
0.0054955 9.176e+05
0.0055012 9.176e+05
0.0055068 9.176e+05
0.0055125 9.176e+05
0.0055182 9.176e+05
0.0055238 9.176e+05
0.0055295 9.176e+05
0.0055351 9.176e+05
0.0055408 9.176e+05
0.0055464 9.176e+05
0.0055521 9.176e+05
0.0055577 9.176e+05
0.0055634 9.176e+05
0.005569 9.176e+05
0.0055747 9.176e+05
0.0055803 9.176e+05
0.005586 9.176e+05
0.0055917 9.176e+05
0.0055973 9.176e+05
0.005603 9.176e+05
0.0056086 9.176e+05
0.0056143 9.176e+05
0.0056199 9.176e+05
0.0056256 9.176e+05
0.0056312 9.176e+05
0.0056369 9.176e+05
0.0056425 9.176e+05
0.0056482 9.176e+05
0.0056538 9.176e+05
0.0056595 9.176e+05
0.0056652 9.176e+05
0.0056708 9.176e+05
0.0056765 9.176e+05
0.0056821 9.176e+05
0.0056878 9.176e+05
0.0056934 9.176e+05
0.0056991 9.176e+05
0.0057047 9.176e+05
0.0057104 9.176e+05
0.005716 9.176e+05
0.0057217 9.176e+05
0.0057273 9.176e+05
0.005733 9.176e+05
0.0057387 9.176e+05
0.0057443 9.176e+05
0.00575 9.176e+05
0.0057556 9.176e+05
0.0057613 9.176e+05
0.0057669 9.176e+05
0.0057726 9.176e+05
0.0057782 9.176e+05
0.0057839 9.176e+05
0.0057895 9.176e+05
0.0057952 9.176e+05
0.0058008 9.176e+05
0.0058065 9.176e+05
0.0058122 9.176e+05
0.0058178 9.176e+05
0.0058235 9.176e+05
0.0058291 9.176e+05
0.0058348 9.176e+05
0.0058404 9.176e+05
0.0058461 9.176e+05
0.0058517 9.176e+05
0.0058574 9.176e+05
0.005863 9.176e+05
0.0058687 9.176e+05
0.0058743 9.176e+05
0.00588 9.176e+05
0.0058857 9.176e+05
0.0058913 9.176e+05
0.005897 9.176e+05
0.0059026 9.176e+05
0.0059083 9.176e+05
0.0059139 9.176e+05
0.0059196 9.176e+05
0.0059252 9.176e+05
0.0059309 9.176e+05
0.0059365 9.176e+05
0.0059422 9.176e+05
0.0059478 9.176e+05
0.0059535 9.176e+05
0.0059592 9.176e+05
0.0059648 9.176e+05
0.0059705 9.176e+05
0.0059761 9.176e+05
0.0059818 9.176e+05
0.0059874 9.176e+05
0.0059931 9.176e+05
0.0059987 9.176e+05
0.0060044 9.176e+05
0.00601 9.176e+05
0.0060157 9.176e+05
0.0060213 9.176e+05
0.006027 9.176e+05
0.0060327 9.176e+05
0.0060383 9.176e+05
0.006044 9.176e+05
0.0060496 9.176e+05
0.0060553 9.176e+05
0.0060609 9.176e+05
0.0060666 9.176e+05
0.0060722 9.176e+05
0.0060779 9.176e+05
0.0060835 9.176e+05
0.0060892 9.176e+05
0.0060948 9.176e+05
0.0061005 9.176e+05
0.0061062 9.176e+05
0.0061118 9.176e+05
0.0061175 9.176e+05
0.0061231 9.176e+05
0.0061288 9.176e+05
0.0061344 9.176e+05
0.0061401 9.176e+05
0.0061457 9.176e+05
0.0061514 9.176e+05
0.006157 9.176e+05
0.0061627 9.176e+05
0.0061683 9.176e+05
0.006174 9.176e+05
0.0061797 9.176e+05
0.0061853 9.176e+05
0.006191 9.176e+05
0.0061966 9.176e+05
0.0062023 9.176e+05
0.0062079 9.176e+05
0.0062136 9.176e+05
0.0062192 9.176e+05
0.0062249 9.176e+05
0.0062305 9.176e+05
0.0062362 9.176e+05
0.0062418 9.176e+05
0.0062475 9.176e+05
0.0062532 9.176e+05
0.0062588 9.176e+05
0.0062645 9.176e+05
0.0062701 9.176e+05
0.0062758 9.176e+05
0.0062814 9.176e+05
0.0062871 9.176e+05
0.0062927 9.176e+05
0.0062984 9.176e+05
0.006304 9.176e+05
0.0063097 9.176e+05
0.0063153 9.176e+05
0.006321 9.176e+05
0.0063267 9.176e+05
0.0063323 9.176e+05
0.006338 9.176e+05
0.0063436 9.176e+05
0.0063493 9.176e+05
0.0063549 9.176e+05
0.0063606 9.176e+05
0.0063662 9.176e+05
0.0063719 9.176e+05
0.0063775 9.176e+05
0.0063832 9.176e+05
0.0063888 9.176e+05
0.0063945 9.176e+05
0.0064002 9.176e+05
0.0064058 9.176e+05
0.0064115 9.176e+05
0.0064171 9.176e+05
0.0064228 9.176e+05
0.0064284 9.176e+05
0.0064341 9.176e+05
0.0064397 9.176e+05
0.0064454 9.176e+05
0.006451 9.176e+05
0.0064567 9.176e+05
0.0064623 9.176e+05
0.006468 9.176e+05
0.0064737 9.176e+05
0.0064793 9.176e+05
0.006485 9.176e+05
0.0064906 9.176e+05
0.0064963 9.176e+05
0.0065019 9.176e+05
0.0065076 9.176e+05
0.0065132 9.176e+05
0.0065189 9.176e+05
0.0065245 9.176e+05
0.0065302 9.176e+05
0.0065358 9.176e+05
0.0065415 9.176e+05
0.0065472 9.176e+05
0.0065528 9.176e+05
0.0065585 9.176e+05
0.0065641 9.176e+05
0.0065698 9.176e+05
0.0065754 9.176e+05
0.0065811 9.176e+05
0.0065867 9.176e+05
0.0065924 9.176e+05
0.006598 9.176e+05
0.0066037 9.176e+05
0.0066093 9.176e+05
0.006615 9.176e+05
0.0066207 9.176e+05
0.0066263 9.176e+05
0.006632 9.176e+05
0.0066376 9.176e+05
0.0066433 9.176e+05
0.0066489 9.176e+05
0.0066546 9.176e+05
0.0066602 9.176e+05
0.0066659 9.176e+05
0.0066715 9.176e+05
0.0066772 9.176e+05
0.0066828 9.176e+05
0.0066885 9.176e+05
0.0066942 9.176e+05
0.0066998 9.176e+05
0.0067055 9.176e+05
0.0067111 9.176e+05
0.0067168 9.176e+05
0.0067224 9.176e+05
0.0067281 9.176e+05
0.0067337 9.176e+05
0.0067394 9.176e+05
0.006745 9.176e+05
0.0067507 9.176e+05
0.0067563 9.176e+05
0.006762 9.176e+05
0.0067677 9.176e+05
0.0067733 9.176e+05
0.006779 9.176e+05
0.0067846 9.176e+05
0.0067903 9.176e+05
0.0067959 9.176e+05
0.0068016 9.176e+05
0.0068072 9.176e+05
0.0068129 9.176e+05
0.0068185 9.176e+05
0.0068242 9.176e+05
0.0068298 9.176e+05
0.0068355 9.176e+05
0.0068412 9.176e+05
0.0068468 9.176e+05
0.0068525 9.176e+05
0.0068581 9.176e+05
0.0068638 9.176e+05
0.0068694 9.176e+05
0.0068751 9.176e+05
0.0068807 9.176e+05
0.0068864 9.176e+05
0.006892 9.176e+05
0.0068977 9.176e+05
0.0069033 9.176e+05
0.006909 9.176e+05
0.0069147 9.176e+05
0.0069203 9.176e+05
0.006926 9.176e+05
0.0069316 9.176e+05
0.0069373 9.176e+05
0.0069429 9.176e+05
0.0069486 9.176e+05
0.0069542 9.176e+05
0.0069599 9.176e+05
0.0069655 9.176e+05
0.0069712 9.176e+05
0.0069768 9.176e+05
0.0069825 9.176e+05
0.0069882 9.176e+05
0.0069938 9.176e+05
0.0069995 9.176e+05
0.0070051 9.176e+05
0.0070108 9.176e+05
0.0070164 9.176e+05
0.0070221 9.176e+05
0.0070277 9.176e+05
0.0070334 9.176e+05
0.007039 9.176e+05
0.0070447 9.176e+05
0.0070503 9.176e+05
0.007056 9.176e+05
0.0070617 9.176e+05
0.0070673 9.176e+05
0.007073 9.176e+05
0.0070786 9.176e+05
0.0070843 9.176e+05
0.0070899 9.176e+05
0.0070956 9.176e+05
0.0071012 9.176e+05
0.0071069 9.176e+05
0.0071125 9.176e+05
0.0071182 9.176e+05
0.0071238 9.176e+05
0.0071295 9.176e+05
0.0071352 9.176e+05
0.0071408 9.176e+05
0.0071465 9.176e+05
0.0071521 9.176e+05
0.0071578 9.176e+05
0.0071634 9.176e+05
0.0071691 9.176e+05
0.0071747 9.176e+05
0.0071804 9.176e+05
0.007186 9.176e+05
0.0071917 9.176e+05
0.0071973 9.176e+05
0.007203 9.176e+05
0.0072087 9.176e+05
0.0072143 9.176e+05
0.00722 9.176e+05
0.0072256 9.176e+05
0.0072313 9.176e+05
0.0072369 9.176e+05
0.0072426 9.176e+05
0.0072482 9.176e+05
0.0072539 9.176e+05
0.0072595 9.176e+05
0.0072652 9.176e+05
0.0072708 9.176e+05
0.0072765 9.176e+05
0.0072822 9.176e+05
0.0072878 9.176e+05
0.0072935 9.176e+05
0.0072991 9.176e+05
0.0073048 9.176e+05
0.0073104 9.176e+05
0.0073161 9.176e+05
0.0073217 9.176e+05
0.0073274 9.176e+05
0.007333 9.176e+05
0.0073387 9.176e+05
0.0073443 9.176e+05
0.00735 9.176e+05
0.0073557 9.176e+05
0.0073613 9.176e+05
0.007367 9.176e+05
0.0073726 9.176e+05
0.0073783 9.176e+05
0.0073839 9.176e+05
0.0073896 9.176e+05
0.0073952 9.176e+05
0.0074009 9.176e+05
0.0074065 9.176e+05
0.0074122 9.176e+05
0.0074178 9.176e+05
0.0074235 9.176e+05
0.0074292 9.176e+05
0.0074348 9.176e+05
0.0074405 9.176e+05
0.0074461 9.176e+05
0.0074518 9.176e+05
0.0074574 9.176e+05
0.0074631 9.176e+05
0.0074687 9.176e+05
0.0074744 9.176e+05
0.00748 9.176e+05
0.0074857 9.176e+05
0.0074913 9.176e+05
0.007497 9.176e+05
0.0075027 9.176e+05
0.0075083 9.176e+05
0.007514 9.176e+05
0.0075196 9.176e+05
0.0075253 9.176e+05
0.0075309 9.176e+05
0.0075366 9.176e+05
0.0075422 9.176e+05
0.0075479 9.176e+05
0.0075535 9.176e+05
0.0075592 9.176e+05
0.0075648 9.176e+05
0.0075705 9.176e+05
0.0075762 9.176e+05
0.0075818 9.176e+05
0.0075875 9.176e+05
0.0075931 9.176e+05
0.0075988 9.176e+05
0.0076044 9.176e+05
0.0076101 9.176e+05
0.0076157 9.176e+05
0.0076214 9.176e+05
0.007627 9.176e+05
0.0076327 9.176e+05
0.0076383 9.176e+05
0.007644 9.176e+05
0.0076497 9.176e+05
0.0076553 9.176e+05
0.007661 9.176e+05
0.0076666 9.176e+05
0.0076723 9.176e+05
0.0076779 9.176e+05
0.0076836 9.176e+05
0.0076892 9.176e+05
0.0076949 9.176e+05
0.0077005 9.176e+05
0.0077062 9.176e+05
0.0077118 9.176e+05
0.0077175 9.176e+05
0.0077232 9.176e+05
0.0077288 9.176e+05
0.0077345 9.176e+05
0.0077401 9.176e+05
0.0077458 9.176e+05
0.0077514 9.176e+05
0.0077571 9.176e+05
0.0077627 9.176e+05
0.0077684 9.176e+05
0.007774 9.176e+05
0.0077797 9.176e+05
0.0077853 9.176e+05
0.007791 9.176e+05
0.0077967 9.176e+05
0.0078023 9.176e+05
0.007808 9.176e+05
0.0078136 9.176e+05
0.0078193 9.176e+05
0.0078249 9.176e+05
0.0078306 9.176e+05
0.0078362 9.176e+05
0.0078419 9.176e+05
0.0078475 9.176e+05
0.0078532 9.176e+05
0.0078588 9.176e+05
0.0078645 9.176e+05
0.0078702 9.176e+05
0.0078758 9.176e+05
0.0078815 9.176e+05
0.0078871 9.176e+05
0.0078928 9.176e+05
0.0078984 9.176e+05
0.0079041 9.176e+05
0.0079097 9.176e+05
0.0079154 9.176e+05
0.007921 9.176e+05
0.0079267 9.176e+05
0.0079323 9.176e+05
0.007938 9.176e+05
0.0079437 9.176e+05
0.0079493 9.176e+05
0.007955 9.176e+05
0.0079606 9.176e+05
0.0079663 9.176e+05
0.0079719 9.176e+05
0.0079776 9.176e+05
0.0079832 9.176e+05
0.0079889 9.176e+05
0.0079945 9.176e+05
0.0080002 9.176e+05
0.0080058 9.176e+05
0.0080115 9.176e+05
0.0080172 9.176e+05
0.0080228 9.176e+05
0.0080285 9.176e+05
0.0080341 9.176e+05
0.0080398 9.176e+05
0.0080454 9.176e+05
0.0080511 9.176e+05
0.0080567 9.176e+05
0.0080624 9.176e+05
0.008068 9.176e+05
0.0080737 9.176e+05
0.0080793 9.176e+05
0.008085 9.176e+05
0.0080907 9.176e+05
0.0080963 9.176e+05
0.008102 9.176e+05
0.0081076 9.176e+05
0.0081133 9.176e+05
0.0081189 9.176e+05
0.0081246 9.176e+05
0.0081302 9.176e+05
0.0081359 9.176e+05
0.0081415 9.176e+05
0.0081472 9.176e+05
0.0081528 9.176e+05
0.0081585 9.176e+05
0.0081642 9.176e+05
0.0081698 9.176e+05
0.0081755 9.176e+05
0.0081811 9.176e+05
0.0081868 9.176e+05
0.0081924 9.176e+05
0.0081981 9.176e+05
0.0082037 9.176e+05
0.0082094 9.176e+05
0.008215 9.176e+05
0.0082207 9.176e+05
0.0082263 9.176e+05
0.008232 9.176e+05
0.0082377 9.176e+05
0.0082433 9.176e+05
0.008249 9.176e+05
0.0082546 9.176e+05
0.0082603 9.176e+05
0.0082659 9.176e+05
0.0082716 9.176e+05
0.0082772 9.176e+05
0.0082829 9.176e+05
0.0082885 9.176e+05
0.0082942 9.176e+05
0.0082998 9.176e+05
0.0083055 9.176e+05
0.0083112 9.176e+05
0.0083168 9.176e+05
0.0083225 9.176e+05
0.0083281 9.176e+05
0.0083338 9.176e+05
0.0083394 9.176e+05
0.0083451 9.176e+05
0.0083507 9.176e+05
0.0083564 9.176e+05
0.008362 9.176e+05
0.0083677 9.176e+05
0.0083733 9.176e+05
0.008379 9.176e+05
0.0083847 9.176e+05
0.0083903 9.176e+05
0.008396 9.176e+05
0.0084016 9.176e+05
0.0084073 9.176e+05
0.0084129 9.176e+05
0.0084186 9.176e+05
0.0084242 9.176e+05
0.0084299 9.176e+05
0.0084355 9.176e+05
0.0084412 9.176e+05
0.0084468 9.176e+05
0.0084525 9.176e+05
0.0084582 9.176e+05
0.0084638 9.176e+05
0.0084695 9.176e+05
0.0084751 9.176e+05
0.0084808 9.176e+05
0.0084864 9.176e+05
0.0084921 9.176e+05
0.0084977 9.176e+05
0.0085034 9.176e+05
0.008509 9.176e+05
0.0085147 9.176e+05
0.0085203 9.176e+05
0.008526 9.176e+05
0.0085317 9.176e+05
0.0085373 9.176e+05
0.008543 9.176e+05
0.0085486 9.176e+05
0.0085543 9.176e+05
0.0085599 9.176e+05
0.0085656 9.176e+05
0.0085712 9.176e+05
0.0085769 9.176e+05
0.0085825 9.176e+05
0.0085882 9.176e+05
0.0085938 9.176e+05
0.0085995 9.176e+05
0.0086052 9.176e+05
0.0086108 9.176e+05
0.0086165 9.176e+05
0.0086221 9.176e+05
0.0086278 9.176e+05
0.0086334 9.176e+05
0.0086391 9.176e+05
0.0086447 9.176e+05
0.0086504 9.176e+05
0.008656 9.176e+05
0.0086617 9.176e+05
0.0086673 9.176e+05
0.008673 9.176e+05
0.0086787 9.176e+05
0.0086843 9.176e+05
0.00869 9.176e+05
0.0086956 9.176e+05
0.0087013 9.176e+05
0.0087069 9.176e+05
0.0087126 9.176e+05
0.0087182 9.176e+05
0.0087239 9.176e+05
0.0087295 9.176e+05
0.0087352 9.176e+05
0.0087408 9.176e+05
0.0087465 9.176e+05
0.0087522 9.176e+05
0.0087578 9.176e+05
0.0087635 9.176e+05
0.0087691 9.176e+05
0.0087748 9.176e+05
0.0087804 9.176e+05
0.0087861 9.176e+05
0.0087917 9.176e+05
0.0087974 9.176e+05
0.008803 9.176e+05
0.0088087 9.176e+05
0.0088143 9.176e+05
0.00882 9.176e+05
0.0088257 9.176e+05
0.0088313 9.176e+05
0.008837 9.176e+05
0.0088426 9.176e+05
0.0088483 9.176e+05
0.0088539 9.176e+05
0.0088596 9.176e+05
0.0088652 9.176e+05
0.0088709 9.176e+05
0.0088765 9.176e+05
0.0088822 9.176e+05
0.0088878 9.176e+05
0.0088935 9.176e+05
0.0088992 9.176e+05
0.0089048 9.176e+05
0.0089105 9.176e+05
0.0089161 9.176e+05
0.0089218 9.176e+05
0.0089274 9.176e+05
0.0089331 9.176e+05
0.0089387 9.176e+05
0.0089444 9.176e+05
0.00895 9.176e+05
0.0089557 9.176e+05
0.0089613 9.176e+05
0.008967 9.176e+05
0.0089727 9.176e+05
0.0089783 9.176e+05
0.008984 9.176e+05
0.0089896 9.176e+05
0.0089953 9.176e+05
0.0090009 9.176e+05
0.0090066 9.176e+05
0.0090122 9.176e+05
0.0090179 9.176e+05
0.0090235 9.176e+05
0.0090292 9.176e+05
0.0090348 9.176e+05
0.0090405 9.176e+05
0.0090462 9.176e+05
0.0090518 9.176e+05
0.0090575 9.176e+05
0.0090631 9.176e+05
0.0090688 9.176e+05
0.0090744 9.176e+05
0.0090801 9.176e+05
0.0090857 9.176e+05
0.0090914 9.176e+05
0.009097 9.176e+05
0.0091027 9.176e+05
0.0091083 9.176e+05
0.009114 9.176e+05
0.0091197 9.176e+05
0.0091253 9.176e+05
0.009131 9.176e+05
0.0091366 9.176e+05
0.0091423 9.176e+05
0.0091479 9.176e+05
0.0091536 9.176e+05
0.0091592 9.176e+05
0.0091649 9.176e+05
0.0091705 9.176e+05
0.0091762 9.176e+05
0.0091818 9.176e+05
0.0091875 9.176e+05
0.0091932 9.176e+05
0.0091988 9.176e+05
0.0092045 9.176e+05
0.0092101 9.176e+05
0.0092158 9.176e+05
0.0092214 9.176e+05
0.0092271 9.176e+05
0.0092327 9.176e+05
0.0092384 9.176e+05
0.009244 9.176e+05
0.0092497 9.176e+05
0.0092553 9.176e+05
0.009261 9.176e+05
0.0092667 9.176e+05
0.0092723 9.176e+05
0.009278 9.176e+05
0.0092836 9.176e+05
0.0092893 9.176e+05
0.0092949 9.176e+05
0.0093006 9.176e+05
0.0093062 9.176e+05
0.0093119 9.176e+05
0.0093175 9.176e+05
0.0093232 9.176e+05
0.0093288 9.176e+05
0.0093345 9.176e+05
0.0093402 9.176e+05
0.0093458 9.176e+05
0.0093515 9.176e+05
0.0093571 9.176e+05
0.0093628 9.176e+05
0.0093684 9.176e+05
0.0093741 9.176e+05
0.0093797 9.176e+05
0.0093854 9.176e+05
0.009391 9.176e+05
0.0093967 9.176e+05
0.0094023 9.176e+05
0.009408 9.176e+05
0.0094137 9.176e+05
0.0094193 9.176e+05
0.009425 9.176e+05
0.0094306 9.176e+05
0.0094363 9.176e+05
0.0094419 9.176e+05
0.0094476 9.176e+05
0.0094532 9.176e+05
0.0094589 9.176e+05
0.0094645 9.176e+05
0.0094702 9.176e+05
0.0094758 9.176e+05
0.0094815 9.176e+05
0.0094872 9.176e+05
0.0094928 9.176e+05
0.0094985 9.176e+05
0.0095041 9.176e+05
0.0095098 9.176e+05
0.0095154 9.176e+05
0.0095211 9.176e+05
0.0095267 9.176e+05
0.0095324 9.176e+05
0.009538 9.176e+05
0.0095437 9.176e+05
0.0095493 9.176e+05
0.009555 9.176e+05
0.0095607 9.176e+05
0.0095663 9.176e+05
0.009572 9.176e+05
0.0095776 9.176e+05
0.0095833 9.176e+05
0.0095889 9.176e+05
0.0095946 9.176e+05
0.0096002 9.176e+05
0.0096059 9.176e+05
0.0096115 9.176e+05
0.0096172 9.176e+05
0.0096228 9.176e+05
0.0096285 9.176e+05
0.0096342 9.176e+05
0.0096398 9.176e+05
0.0096455 9.176e+05
0.0096511 9.176e+05
0.0096568 9.176e+05
0.0096624 9.176e+05
0.0096681 9.176e+05
0.0096737 9.176e+05
0.0096794 9.176e+05
0.009685 9.176e+05
0.0096907 9.176e+05
0.0096963 9.176e+05
0.009702 9.176e+05
0.0097077 9.176e+05
0.0097133 9.176e+05
0.009719 9.176e+05
0.0097246 9.176e+05
0.0097303 9.176e+05
0.0097359 9.176e+05
0.0097416 9.176e+05
0.0097472 9.176e+05
0.0097529 9.176e+05
0.0097585 9.176e+05
0.0097642 9.176e+05
0.0097698 9.176e+05
0.0097755 9.176e+05
0.0097812 9.176e+05
0.0097868 9.176e+05
0.0097925 9.176e+05
0.0097981 9.176e+05
0.0098038 9.176e+05
0.0098094 9.176e+05
0.0098151 9.176e+05
0.0098207 9.176e+05
0.0098264 9.176e+05
0.009832 9.176e+05
0.0098377 9.176e+05
0.0098433 9.176e+05
0.009849 9.176e+05
0.0098547 9.176e+05
0.0098603 9.176e+05
0.009866 9.176e+05
0.0098716 9.176e+05
0.0098773 9.176e+05
0.0098829 9.176e+05
0.0098886 9.176e+05
0.0098942 9.176e+05
0.0098999 9.176e+05
0.0099055 9.176e+05
0.0099112 9.176e+05
0.0099168 9.176e+05
0.0099225 9.176e+05
0.0099282 9.176e+05
0.0099338 9.176e+05
0.0099395 9.176e+05
0.0099451 9.176e+05
0.0099508 9.176e+05
0.0099564 9.176e+05
0.0099621 9.176e+05
0.0099677 9.176e+05
0.0099734 9.176e+05
0.009979 9.176e+05
0.0099847 9.176e+05
0.0099903 9.176e+05
0.009996 9.176e+05
0.010002 9.176e+05
0.010007 9.176e+05
0.010013 9.176e+05
0.010019 9.176e+05
0.010024 9.176e+05
0.01003 9.176e+05
0.010036 9.176e+05
0.010041 9.176e+05
0.010047 9.176e+05
0.010053 9.176e+05
0.010058 9.176e+05
0.010064 9.176e+05
0.01007 9.176e+05
0.010075 9.176e+05
0.010081 9.176e+05
0.010086 9.176e+05
0.010092 9.176e+05
0.010098 9.176e+05
0.010103 9.176e+05
0.010109 9.176e+05
0.010115 9.176e+05
0.01012 9.176e+05
0.010126 9.176e+05
0.010132 9.176e+05
0.010137 9.176e+05
0.010143 9.176e+05
0.010149 9.176e+05
0.010154 9.176e+05
0.01016 9.176e+05
0.010166 9.176e+05
0.010171 9.176e+05
0.010177 9.176e+05
0.010183 9.176e+05
0.010188 9.176e+05
0.010194 9.176e+05
0.0102 9.176e+05
0.010205 9.176e+05
0.010211 9.176e+05
0.010216 9.176e+05
0.010222 9.176e+05
0.010228 9.176e+05
0.010233 9.176e+05
0.010239 9.176e+05
0.010245 9.176e+05
0.01025 9.176e+05
0.010256 9.176e+05
0.010262 9.176e+05
0.010267 9.176e+05
0.010273 9.176e+05
0.010279 9.176e+05
0.010284 9.176e+05
0.01029 9.176e+05
0.010296 9.176e+05
0.010301 9.176e+05
0.010307 9.176e+05
0.010313 9.176e+05
0.010318 9.176e+05
0.010324 9.176e+05
0.01033 9.176e+05
0.010335 9.176e+05
0.010341 9.176e+05
0.010347 9.176e+05
0.010352 9.176e+05
0.010358 9.176e+05
0.010364 9.176e+05
0.010369 9.176e+05
0.010375 9.176e+05
0.01038 9.176e+05
0.010386 9.176e+05
0.010392 9.176e+05
0.010397 9.176e+05
0.010403 9.176e+05
0.010409 9.176e+05
0.010414 9.176e+05
0.01042 9.176e+05
0.010426 9.176e+05
0.010431 9.176e+05
0.010437 9.176e+05
0.010443 9.176e+05
0.010448 9.176e+05
0.010454 9.176e+05
0.01046 9.176e+05
0.010465 9.176e+05
0.010471 9.176e+05
0.010477 9.176e+05
0.010482 9.176e+05
0.010488 9.176e+05
0.010494 9.176e+05
0.010499 9.176e+05
0.010505 9.176e+05
0.010511 9.176e+05
0.010516 9.176e+05
0.010522 9.176e+05
0.010527 9.176e+05
0.010533 9.176e+05
0.010539 9.176e+05
0.010544 9.176e+05
0.01055 9.176e+05
0.010556 9.176e+05
0.010561 9.176e+05
0.010567 9.176e+05
0.010573 9.176e+05
0.010578 9.176e+05
0.010584 9.176e+05
0.01059 9.176e+05
0.010595 9.176e+05
0.010601 9.176e+05
0.010607 9.176e+05
0.010612 9.176e+05
0.010618 9.176e+05
0.010624 9.176e+05
0.010629 9.176e+05
0.010635 9.176e+05
0.010641 9.176e+05
0.010646 9.176e+05
0.010652 9.176e+05
0.010658 9.176e+05
0.010663 9.176e+05
0.010669 9.176e+05
0.010674 9.176e+05
0.01068 9.176e+05
0.010686 9.176e+05
0.010691 9.176e+05
0.010697 9.176e+05
0.010703 9.176e+05
0.010708 9.176e+05
0.010714 9.176e+05
0.01072 9.176e+05
0.010725 9.176e+05
0.010731 9.176e+05
0.010737 9.176e+05
0.010742 9.176e+05
0.010748 9.176e+05
0.010754 9.176e+05
0.010759 9.176e+05
0.010765 9.176e+05
0.010771 9.176e+05
0.010776 9.176e+05
0.010782 9.176e+05
0.010788 9.176e+05
0.010793 9.176e+05
0.010799 9.176e+05
0.010804 9.176e+05
0.01081 9.176e+05
0.010816 9.176e+05
0.010821 9.176e+05
0.010827 9.176e+05
0.010833 9.176e+05
0.010838 9.176e+05
0.010844 9.176e+05
0.01085 9.176e+05
0.010855 9.176e+05
0.010861 9.176e+05
0.010867 9.176e+05
0.010872 9.176e+05
0.010878 9.176e+05
0.010884 9.176e+05
0.010889 9.176e+05
0.010895 9.176e+05
0.010901 9.176e+05
0.010906 9.176e+05
0.010912 9.176e+05
0.010918 9.176e+05
0.010923 9.176e+05
0.010929 9.176e+05
0.010935 9.176e+05
0.01094 9.176e+05
0.010946 9.176e+05
0.010951 9.176e+05
0.010957 9.176e+05
0.010963 9.176e+05
0.010968 9.176e+05
0.010974 9.176e+05
0.01098 9.176e+05
0.010985 9.176e+05
0.010991 9.176e+05
0.010997 9.176e+05
0.011002 9.176e+05
0.011008 9.176e+05
0.011014 9.176e+05
0.011019 9.176e+05
0.011025 9.176e+05
0.011031 9.176e+05
0.011036 9.176e+05
0.011042 9.176e+05
0.011048 9.176e+05
0.011053 9.176e+05
0.011059 9.176e+05
0.011065 9.176e+05
0.01107 9.176e+05
0.011076 9.176e+05
0.011082 9.176e+05
0.011087 9.176e+05
0.011093 9.176e+05
0.011099 9.176e+05
0.011104 9.176e+05
0.01111 9.176e+05
0.011115 9.176e+05
0.011121 9.176e+05
0.011127 9.176e+05
0.011132 9.176e+05
0.011138 9.176e+05
0.011144 9.176e+05
0.011149 9.176e+05
0.011155 9.176e+05
0.011161 9.176e+05
0.011166 9.176e+05
0.011172 9.176e+05
0.011178 9.176e+05
0.011183 9.176e+05
0.011189 9.176e+05
0.011195 9.176e+05
0.0112 9.176e+05
0.011206 9.176e+05
0.011212 9.176e+05
0.011217 9.176e+05
0.011223 9.176e+05
0.011229 9.176e+05
0.011234 9.176e+05
0.01124 9.176e+05
0.011246 9.176e+05
0.011251 9.176e+05
0.011257 9.176e+05
0.011262 9.176e+05
0.011268 9.176e+05
0.011274 9.176e+05
0.011279 9.176e+05
0.011285 9.176e+05
0.011291 9.176e+05
0.011296 9.176e+05
0.011302 9.176e+05
0.011308 9.176e+05
0.011313 9.176e+05
0.011319 9.176e+05
0.011325 9.176e+05
0.01133 9.176e+05
0.011336 9.176e+05
0.011342 9.176e+05
0.011347 9.176e+05
0.011353 9.176e+05
0.011359 9.176e+05
0.011364 9.176e+05
0.01137 9.176e+05
0.011376 9.176e+05
0.011381 9.176e+05
0.011387 9.176e+05
0.011392 9.176e+05
0.011398 9.176e+05
0.011404 9.176e+05
0.011409 9.176e+05
0.011415 9.176e+05
0.011421 9.176e+05
0.011426 9.176e+05
0.011432 9.176e+05
0.011438 9.176e+05
0.011443 9.176e+05
0.011449 9.176e+05
0.011455 9.176e+05
0.01146 9.176e+05
0.011466 9.176e+05
0.011472 9.176e+05
0.011477 9.176e+05
0.011483 9.176e+05
0.011489 9.176e+05
0.011494 9.176e+05
0.0115 9.176e+05
0.011506 9.176e+05
0.011511 9.176e+05
0.011517 9.176e+05
0.011523 9.176e+05
0.011528 9.176e+05
0.011534 9.176e+05
0.011539 9.176e+05
0.011545 9.176e+05
0.011551 9.176e+05
0.011556 9.176e+05
0.011562 9.176e+05
0.011568 9.176e+05
0.011573 9.176e+05
0.011579 9.176e+05
0.011585 9.176e+05
0.01159 9.176e+05
0.011596 9.176e+05
0.011602 9.176e+05
0.011607 9.176e+05
0.011613 9.176e+05
0.011619 9.176e+05
0.011624 9.176e+05
0.01163 9.176e+05
0.011636 9.176e+05
0.011641 9.176e+05
0.011647 9.176e+05
0.011653 9.176e+05
0.011658 9.176e+05
0.011664 9.176e+05
0.01167 9.176e+05
0.011675 9.176e+05
0.011681 9.176e+05
0.011686 9.176e+05
0.011692 9.176e+05
0.011698 9.176e+05
0.011703 9.176e+05
0.011709 9.176e+05
0.011715 9.176e+05
0.01172 9.176e+05
0.011726 9.176e+05
0.011732 9.176e+05
0.011737 9.176e+05
0.011743 9.176e+05
0.011749 9.176e+05
0.011754 9.176e+05
0.01176 9.176e+05
0.011766 9.176e+05
0.011771 9.176e+05
0.011777 9.176e+05
0.011783 9.176e+05
0.011788 9.176e+05
0.011794 9.176e+05
0.0118 9.176e+05
0.011805 9.176e+05
0.011811 9.176e+05
0.011817 9.176e+05
0.011822 9.176e+05
0.011828 9.176e+05
0.011834 9.176e+05
0.011839 9.176e+05
0.011845 9.176e+05
0.01185 9.176e+05
0.011856 9.176e+05
0.011862 9.176e+05
0.011867 9.176e+05
0.011873 9.176e+05
0.011879 9.176e+05
0.011884 9.176e+05
0.01189 9.176e+05
0.011896 9.176e+05
0.011901 9.176e+05
0.011907 9.176e+05
0.011913 9.176e+05
0.011918 9.176e+05
0.011924 9.176e+05
0.01193 9.176e+05
0.011935 9.176e+05
0.011941 9.176e+05
0.011947 9.176e+05
0.011952 9.176e+05
0.011958 9.176e+05
0.011964 9.176e+05
0.011969 9.176e+05
0.011975 9.176e+05
0.01198 9.176e+05
0.011986 9.176e+05
0.011992 9.176e+05
0.011997 9.176e+05
0.012003 9.176e+05
0.012009 9.176e+05
0.012014 9.176e+05
0.01202 9.176e+05
0.012026 9.176e+05
0.012031 9.176e+05
0.012037 9.176e+05
0.012043 9.176e+05
0.012048 9.176e+05
0.012054 9.176e+05
0.01206 9.176e+05
0.012065 9.176e+05
0.012071 9.176e+05
0.012077 9.176e+05
0.012082 9.176e+05
0.012088 9.176e+05
0.012094 9.176e+05
0.012099 9.176e+05
0.012105 9.176e+05
0.012111 9.176e+05
0.012116 9.176e+05
0.012122 9.176e+05
0.012127 9.176e+05
0.012133 9.176e+05
0.012139 9.176e+05
0.012144 9.176e+05
0.01215 9.176e+05
0.012156 9.176e+05
0.012161 9.176e+05
0.012167 9.176e+05
0.012173 9.176e+05
0.012178 9.176e+05
0.012184 9.176e+05
0.01219 9.176e+05
0.012195 9.176e+05
0.012201 9.176e+05
0.012207 9.176e+05
0.012212 9.176e+05
0.012218 9.176e+05
0.012224 9.176e+05
0.012229 9.176e+05
0.012235 9.176e+05
0.012241 9.176e+05
0.012246 9.176e+05
0.012252 9.176e+05
0.012258 9.176e+05
0.012263 9.176e+05
0.012269 9.176e+05
0.012274 9.176e+05
0.01228 9.176e+05
0.012286 9.176e+05
0.012291 9.176e+05
0.012297 9.176e+05
0.012303 9.176e+05
0.012308 9.176e+05
0.012314 9.176e+05
0.01232 9.176e+05
0.012325 9.176e+05
0.012331 9.176e+05
0.012337 9.176e+05
0.012342 9.176e+05
0.012348 9.176e+05
0.012354 9.176e+05
0.012359 9.176e+05
0.012365 9.176e+05
0.012371 9.176e+05
0.012376 9.176e+05
0.012382 9.176e+05
0.012388 9.176e+05
0.012393 9.176e+05
0.012399 9.176e+05
0.012405 9.176e+05
0.01241 9.176e+05
0.012416 9.176e+05
0.012422 9.176e+05
0.012427 9.176e+05
0.012433 9.176e+05
0.012438 9.176e+05
0.012444 9.176e+05
0.01245 9.176e+05
0.012455 9.176e+05
0.012461 9.176e+05
0.012467 9.176e+05
0.012472 9.176e+05
0.012478 9.176e+05
0.012484 9.176e+05
0.012489 9.176e+05
0.012495 9.176e+05
0.012501 9.176e+05
0.012506 9.176e+05
0.012512 9.176e+05
0.012518 9.176e+05
0.012523 9.176e+05
0.012529 9.176e+05
0.012535 9.176e+05
0.01254 9.176e+05
0.012546 9.176e+05
0.012552 9.176e+05
0.012557 9.176e+05
0.012563 9.176e+05
0.012568 9.176e+05
0.012574 9.176e+05
0.01258 9.176e+05
0.012585 9.176e+05
0.012591 9.176e+05
0.012597 9.176e+05
0.012602 9.176e+05
0.012608 9.176e+05
0.012614 9.176e+05
0.012619 9.176e+05
0.012625 9.176e+05
0.012631 9.176e+05
0.012636 9.176e+05
0.012642 9.176e+05
0.012648 9.176e+05
0.012653 9.176e+05
0.012659 9.176e+05
0.012665 9.176e+05
0.01267 9.176e+05
0.012676 9.176e+05
0.012682 9.176e+05
0.012687 9.176e+05
0.012693 9.176e+05
0.012699 9.176e+05
0.012704 9.176e+05
0.01271 9.176e+05
0.012716 9.176e+05
0.012721 9.176e+05
0.012727 9.176e+05
0.012732 9.176e+05
0.012738 9.176e+05
0.012744 9.176e+05
0.012749 9.176e+05
0.012755 9.176e+05
0.012761 9.176e+05
0.012766 9.176e+05
0.012772 9.176e+05
0.012778 9.176e+05
0.012783 9.176e+05
0.012789 9.176e+05
0.012795 9.176e+05
0.0128 9.176e+05
0.012806 9.176e+05
0.012812 9.176e+05
0.012817 9.176e+05
0.012823 9.176e+05
0.012829 9.176e+05
0.012834 9.176e+05
0.01284 9.176e+05
0.012846 9.176e+05
0.012851 9.176e+05
0.012857 9.176e+05
0.012863 9.176e+05
0.012868 9.176e+05
0.012874 9.176e+05
0.012879 9.176e+05
0.012885 9.176e+05
0.012891 9.176e+05
0.012896 9.176e+05
0.012902 9.176e+05
0.012908 9.176e+05
0.012913 9.176e+05
0.012919 9.176e+05
0.012925 9.176e+05
0.01293 9.176e+05
0.012936 9.176e+05
0.012942 9.176e+05
0.012947 9.176e+05
0.012953 9.176e+05
0.012959 9.176e+05
0.012964 9.176e+05
0.01297 9.176e+05
0.012976 9.176e+05
0.012981 9.176e+05
0.012987 9.176e+05
0.012993 9.176e+05
0.012998 9.176e+05
0.013004 9.176e+05
0.01301 9.176e+05
0.013015 9.176e+05
0.013021 9.176e+05
0.013026 9.176e+05
0.013032 9.176e+05
0.013038 9.176e+05
0.013043 9.176e+05
0.013049 9.176e+05
0.013055 9.176e+05
0.01306 9.176e+05
0.013066 9.176e+05
0.013072 9.176e+05
0.013077 9.176e+05
0.013083 9.176e+05
0.013089 9.176e+05
0.013094 9.176e+05
0.0131 9.176e+05
0.013106 9.176e+05
0.013111 9.176e+05
0.013117 9.176e+05
0.013123 9.176e+05
0.013128 9.176e+05
0.013134 9.176e+05
0.01314 9.176e+05
0.013145 9.176e+05
0.013151 9.176e+05
0.013156 9.176e+05
0.013162 9.176e+05
0.013168 9.176e+05
0.013173 9.176e+05
0.013179 9.176e+05
0.013185 9.176e+05
0.01319 9.176e+05
0.013196 9.176e+05
0.013202 9.176e+05
0.013207 9.176e+05
0.013213 9.176e+05
0.013219 9.176e+05
0.013224 9.176e+05
0.01323 9.176e+05
0.013236 9.176e+05
0.013241 9.176e+05
0.013247 9.176e+05
0.013253 9.176e+05
0.013258 9.176e+05
0.013264 9.176e+05
0.01327 9.176e+05
0.013275 9.176e+05
0.013281 9.176e+05
0.013287 9.176e+05
0.013292 9.176e+05
0.013298 9.176e+05
0.013303 9.176e+05
0.013309 9.176e+05
0.013315 9.176e+05
0.01332 9.176e+05
0.013326 9.176e+05
0.013332 9.176e+05
0.013337 9.176e+05
0.013343 9.176e+05
0.013349 9.176e+05
0.013354 9.176e+05
0.01336 9.176e+05
0.013366 9.176e+05
0.013371 9.176e+05
0.013377 9.176e+05
0.013383 9.176e+05
0.013388 9.176e+05
0.013394 9.176e+05
0.0134 9.176e+05
0.013405 9.176e+05
0.013411 9.176e+05
0.013417 9.176e+05
0.013422 9.176e+05
0.013428 9.176e+05
0.013434 9.176e+05
0.013439 9.176e+05
0.013445 9.176e+05
0.013451 9.176e+05
0.013456 9.176e+05
0.013462 9.176e+05
0.013467 9.176e+05
0.013473 9.176e+05
0.013479 9.176e+05
0.013484 9.176e+05
0.01349 9.176e+05
0.013496 9.176e+05
0.013501 9.176e+05
0.013507 9.176e+05
0.013513 9.176e+05
0.013518 9.176e+05
0.013524 9.176e+05
0.01353 9.176e+05
0.013535 9.176e+05
0.013541 9.176e+05
0.013547 9.176e+05
0.013552 9.176e+05
0.013558 9.176e+05
0.013564 9.176e+05
0.013569 9.176e+05
0.013575 9.176e+05
0.013581 9.176e+05
0.013586 9.176e+05
0.013592 9.176e+05
0.013598 9.176e+05
0.013603 9.176e+05
0.013609 9.176e+05
0.013614 9.176e+05
0.01362 9.176e+05
0.013626 9.176e+05
0.013631 9.176e+05
0.013637 9.176e+05
0.013643 9.176e+05
0.013648 9.176e+05
0.013654 9.176e+05
0.01366 9.176e+05
0.013665 9.176e+05
0.013671 9.176e+05
0.013677 9.176e+05
0.013682 9.176e+05
0.013688 9.176e+05
0.013694 9.176e+05
0.013699 9.176e+05
0.013705 9.176e+05
0.013711 9.176e+05
0.013716 9.176e+05
0.013722 9.176e+05
0.013728 9.176e+05
0.013733 9.176e+05
0.013739 9.176e+05
0.013744 9.176e+05
0.01375 9.176e+05
0.013756 9.176e+05
0.013761 9.176e+05
0.013767 9.176e+05
0.013773 9.176e+05
0.013778 9.176e+05
0.013784 9.176e+05
0.01379 9.176e+05
0.013795 9.176e+05
0.013801 9.176e+05
0.013807 9.176e+05
0.013812 9.176e+05
0.013818 9.176e+05
0.013824 9.176e+05
0.013829 9.176e+05
0.013835 9.176e+05
0.013841 9.176e+05
0.013846 9.176e+05
0.013852 9.176e+05
0.013858 9.176e+05
0.013863 9.176e+05
0.013869 9.176e+05
0.013875 9.176e+05
0.01388 9.176e+05
0.013886 9.176e+05
0.013891 9.176e+05
0.013897 9.176e+05
0.013903 9.176e+05
0.013908 9.176e+05
0.013914 9.176e+05
0.01392 9.176e+05
0.013925 9.176e+05
0.013931 9.176e+05
0.013937 9.176e+05
0.013942 9.176e+05
0.013948 9.176e+05
0.013954 9.176e+05
0.013959 9.176e+05
0.013965 9.176e+05
0.013971 9.176e+05
0.013976 9.176e+05
0.013982 9.176e+05
0.013988 9.176e+05
0.013993 9.176e+05
0.013999 9.176e+05
0.014005 9.176e+05
0.01401 9.176e+05
0.014016 9.176e+05
0.014022 9.176e+05
0.014027 9.176e+05
0.014033 9.176e+05
0.014038 9.176e+05
0.014044 9.176e+05
0.01405 9.176e+05
0.014055 9.176e+05
0.014061 9.176e+05
0.014067 9.176e+05
0.014072 9.176e+05
0.014078 9.176e+05
0.014084 9.176e+05
0.014089 9.176e+05
0.014095 9.176e+05
0.014101 9.176e+05
0.014106 9.176e+05
0.014112 9.176e+05
0.014118 9.176e+05
0.014123 9.176e+05
0.014129 9.176e+05
0.014135 9.176e+05
0.01414 9.176e+05
0.014146 9.176e+05
0.014152 9.176e+05
0.014157 9.176e+05
0.014163 9.176e+05
0.014169 9.176e+05
0.014174 9.176e+05
0.01418 9.176e+05
0.014186 9.176e+05
0.014191 9.176e+05
0.014197 9.176e+05
0.014202 9.176e+05
0.014208 9.176e+05
0.014214 9.176e+05
0.014219 9.176e+05
0.014225 9.176e+05
0.014231 9.176e+05
0.014236 9.176e+05
0.014242 9.176e+05
0.014248 9.176e+05
0.014253 9.176e+05
0.014259 9.176e+05
0.014265 9.176e+05
0.01427 9.176e+05
0.014276 9.176e+05
0.014282 9.176e+05
0.014287 9.176e+05
0.014293 9.176e+05
0.014299 9.176e+05
0.014304 9.176e+05
0.01431 9.176e+05
0.014316 9.176e+05
0.014321 9.176e+05
0.014327 9.176e+05
0.014332 9.176e+05
0.014338 9.176e+05
0.014344 9.176e+05
0.014349 9.176e+05
0.014355 9.176e+05
0.014361 9.176e+05
0.014366 9.176e+05
0.014372 9.176e+05
0.014378 9.176e+05
0.014383 9.176e+05
0.014389 9.176e+05
0.014395 9.176e+05
0.0144 9.176e+05
0.014406 9.176e+05
0.014412 9.176e+05
0.014417 9.176e+05
0.014423 9.176e+05
0.014429 9.176e+05
0.014434 9.176e+05
0.01444 9.176e+05
0.014446 9.176e+05
0.014451 9.176e+05
0.014457 9.176e+05
0.014463 9.176e+05
0.014468 9.176e+05
0.014474 9.176e+05
0.014479 9.176e+05
0.014485 9.176e+05
0.014491 9.176e+05
0.014496 9.176e+05
0.014502 9.176e+05
0.014508 9.176e+05
0.014513 9.176e+05
0.014519 9.176e+05
0.014525 9.176e+05
0.01453 9.176e+05
0.014536 9.176e+05
0.014542 9.176e+05
0.014547 9.176e+05
0.014553 9.176e+05
0.014559 9.176e+05
0.014564 9.176e+05
0.01457 9.176e+05
0.014576 9.176e+05
0.014581 9.176e+05
0.014587 9.176e+05
0.014593 9.176e+05
0.014598 9.176e+05
0.014604 9.176e+05
0.01461 9.176e+05
0.014615 9.176e+05
0.014621 9.176e+05
0.014626 9.176e+05
0.014632 9.176e+05
0.014638 9.176e+05
0.014643 9.176e+05
0.014649 9.176e+05
0.014655 9.176e+05
0.01466 9.176e+05
0.014666 9.176e+05
0.014672 9.176e+05
0.014677 9.176e+05
0.014683 9.176e+05
0.014689 9.176e+05
0.014694 9.176e+05
0.0147 9.176e+05
0.014706 9.176e+05
0.014711 9.176e+05
0.014717 9.176e+05
0.014723 9.176e+05
0.014728 9.176e+05
0.014734 9.176e+05
0.01474 9.176e+05
0.014745 9.176e+05
0.014751 9.176e+05
0.014757 9.176e+05
0.014762 9.176e+05
0.014768 9.176e+05
0.014774 9.176e+05
0.014779 9.176e+05
0.014785 9.176e+05
0.01479 9.176e+05
0.014796 9.176e+05
0.014802 9.176e+05
0.014807 9.176e+05
0.014813 9.176e+05
0.014819 9.176e+05
0.014824 9.176e+05
0.01483 9.176e+05
0.014836 9.176e+05
0.014841 9.176e+05
0.014847 9.176e+05
0.014853 9.176e+05
0.014858 9.176e+05
0.014864 9.176e+05
0.01487 9.176e+05
0.014875 9.176e+05
0.014881 9.176e+05
0.014887 9.176e+05
0.014892 9.176e+05
0.014898 9.176e+05
0.014904 9.176e+05
0.014909 9.176e+05
0.014915 9.176e+05
0.01492 9.176e+05
0.014926 9.176e+05
0.014932 9.176e+05
0.014937 9.176e+05
0.014943 9.176e+05
0.014949 9.176e+05
0.014954 9.176e+05
0.01496 9.176e+05
0.014966 9.176e+05
0.014971 9.176e+05
0.014977 9.176e+05
0.014983 9.176e+05
0.014988 9.176e+05
0.014994 9.176e+05
0.015 9.176e+05
0.015005 9.176e+05
0.015011 9.176e+05
0.015017 9.176e+05
0.015022 9.176e+05
0.015028 9.176e+05
0.015034 9.176e+05
0.015039 9.176e+05
0.015045 9.176e+05
0.015051 9.176e+05
0.015056 9.176e+05
0.015062 9.176e+05
0.015068 9.176e+05
0.015073 9.176e+05
0.015079 9.176e+05
0.015084 9.176e+05
0.01509 9.176e+05
0.015096 9.176e+05
0.015101 9.176e+05
0.015107 9.176e+05
0.015113 9.176e+05
0.015118 9.176e+05
0.015124 9.176e+05
0.01513 9.176e+05
0.015135 9.176e+05
0.015141 9.176e+05
0.015147 9.176e+05
0.015152 9.176e+05
0.015158 9.176e+05
0.015164 9.176e+05
0.015169 9.176e+05
0.015175 9.176e+05
0.015181 9.176e+05
0.015186 9.176e+05
0.015192 9.176e+05
0.015198 9.176e+05
0.015203 9.176e+05
0.015209 9.176e+05
0.015215 9.176e+05
0.01522 9.176e+05
0.015226 9.176e+05
0.015231 9.176e+05
0.015237 9.176e+05
0.015243 9.176e+05
0.015248 9.176e+05
0.015254 9.176e+05
0.01526 9.176e+05
0.015265 9.176e+05
0.015271 9.176e+05
0.015277 9.176e+05
0.015282 9.176e+05
0.015288 9.176e+05
0.015294 9.176e+05
0.015299 9.176e+05
0.015305 9.176e+05
0.015311 9.176e+05
0.015316 9.176e+05
0.015322 9.176e+05
0.015328 9.176e+05
0.015333 9.176e+05
0.015339 9.176e+05
0.015345 9.176e+05
0.01535 9.176e+05
0.015356 9.176e+05
0.015362 9.176e+05
0.015367 9.176e+05
0.015373 9.176e+05
0.015378 9.176e+05
0.015384 9.176e+05
0.01539 9.176e+05
0.015395 9.176e+05
0.015401 9.176e+05
0.015407 9.176e+05
0.015412 9.176e+05
0.015418 9.176e+05
0.015424 9.176e+05
0.015429 9.176e+05
0.015435 9.176e+05
0.015441 9.176e+05
0.015446 9.176e+05
0.015452 9.176e+05
0.015458 9.176e+05
0.015463 9.176e+05
0.015469 9.176e+05
0.015475 9.176e+05
0.01548 9.176e+05
0.015486 9.176e+05
0.015492 9.176e+05
0.015497 9.176e+05
0.015503 9.176e+05
0.015508 9.176e+05
0.015514 9.176e+05
0.01552 9.176e+05
0.015525 9.176e+05
0.015531 9.176e+05
0.015537 9.176e+05
0.015542 9.176e+05
0.015548 9.176e+05
0.015554 9.176e+05
0.015559 9.176e+05
0.015565 9.176e+05
0.015571 9.176e+05
0.015576 9.176e+05
0.015582 9.176e+05
0.015588 9.176e+05
0.015593 9.176e+05
0.015599 9.176e+05
0.015605 9.176e+05
0.01561 9.176e+05
0.015616 9.176e+05
0.015622 9.176e+05
0.015627 9.176e+05
0.015633 9.176e+05
0.015639 9.176e+05
0.015644 9.176e+05
0.01565 9.176e+05
0.015655 9.176e+05
0.015661 9.176e+05
0.015667 9.176e+05
0.015672 9.176e+05
0.015678 9.176e+05
0.015684 9.176e+05
0.015689 9.176e+05
0.015695 9.176e+05
0.015701 9.176e+05
0.015706 9.176e+05
0.015712 9.176e+05
0.015718 9.176e+05
0.015723 9.176e+05
0.015729 9.176e+05
0.015735 9.176e+05
0.01574 9.176e+05
0.015746 9.176e+05
0.015752 9.176e+05
0.015757 9.176e+05
0.015763 9.176e+05
0.015769 9.176e+05
0.015774 9.176e+05
0.01578 9.176e+05
0.015786 9.176e+05
0.015791 9.176e+05
0.015797 9.176e+05
0.015803 9.176e+05
0.015808 9.176e+05
0.015814 9.176e+05
0.015819 9.176e+05
0.015825 9.176e+05
0.015831 9.176e+05
0.015836 9.176e+05
0.015842 9.176e+05
0.015848 9.176e+05
0.015853 9.176e+05
0.015859 9.176e+05
0.015865 9.176e+05
0.01587 9.176e+05
0.015876 9.176e+05
0.015882 9.176e+05
0.015887 9.176e+05
0.015893 9.176e+05
0.015899 9.176e+05
0.015904 9.176e+05
0.01591 9.176e+05
0.015916 9.176e+05
0.015921 9.176e+05
0.015927 9.176e+05
0.015933 9.176e+05
0.015938 9.176e+05
0.015944 9.176e+05
0.015949 9.176e+05
0.015955 9.176e+05
0.015961 9.176e+05
0.015966 9.176e+05
0.015972 9.176e+05
0.015978 9.176e+05
0.015983 9.176e+05
0.015989 9.176e+05
0.015995 9.176e+05
0.016 9.176e+05
0.016006 9.176e+05
0.016012 9.176e+05
0.016017 9.176e+05
0.016023 9.176e+05
0.016029 9.176e+05
0.016034 9.176e+05
0.01604 9.176e+05
0.016046 9.176e+05
0.016051 9.176e+05
0.016057 9.176e+05
0.016063 9.176e+05
0.016068 9.176e+05
0.016074 9.176e+05
0.01608 9.176e+05
0.016085 9.176e+05
0.016091 9.176e+05
0.016096 9.176e+05
0.016102 9.176e+05
0.016108 9.176e+05
0.016113 9.176e+05
0.016119 9.176e+05
0.016125 9.176e+05
0.01613 9.176e+05
0.016136 9.176e+05
0.016142 9.176e+05
0.016147 9.176e+05
0.016153 9.176e+05
0.016159 9.176e+05
0.016164 9.176e+05
0.01617 9.176e+05
0.016176 9.176e+05
0.016181 9.176e+05
0.016187 9.176e+05
0.016193 9.176e+05
0.016198 9.176e+05
0.016204 9.176e+05
0.01621 9.176e+05
0.016215 9.176e+05
0.016221 9.176e+05
0.016227 9.176e+05
0.016232 9.176e+05
0.016238 9.176e+05
0.016244 9.176e+05
0.016249 9.176e+05
0.016255 9.176e+05
0.01626 9.176e+05
0.016266 9.176e+05
0.016272 9.176e+05
0.016277 9.176e+05
0.016283 9.176e+05
0.016289 9.176e+05
0.016294 9.176e+05
0.0163 9.176e+05
0.016306 9.176e+05
0.016311 9.176e+05
0.016317 9.176e+05
0.016323 9.176e+05
0.016328 9.176e+05
0.016334 9.176e+05
0.01634 9.176e+05
0.016345 9.176e+05
0.016351 9.176e+05
0.016357 9.176e+05
0.016362 9.176e+05
0.016368 9.176e+05
0.016374 9.176e+05
0.016379 9.176e+05
0.016385 9.176e+05
0.01639 9.176e+05
0.016396 9.176e+05
0.016402 9.176e+05
0.016407 9.176e+05
0.016413 9.176e+05
0.016419 9.176e+05
0.016424 9.176e+05
0.01643 9.176e+05
0.016436 9.176e+05
0.016441 9.176e+05
0.016447 9.176e+05
0.016453 9.176e+05
0.016458 9.176e+05
0.016464 9.176e+05
0.01647 9.176e+05
0.016475 9.176e+05
0.016481 9.176e+05
0.016487 9.176e+05
0.016492 9.176e+05
0.016498 9.176e+05
0.016504 9.176e+05
0.016509 9.176e+05
0.016515 9.176e+05
0.016521 9.176e+05
0.016526 9.176e+05
0.016532 9.176e+05
0.016538 9.176e+05
0.016543 9.176e+05
0.016549 9.176e+05
0.016554 9.176e+05
0.01656 9.176e+05
0.016566 9.176e+05
0.016571 9.176e+05
0.016577 9.176e+05
0.016583 9.176e+05
0.016588 9.176e+05
0.016594 9.176e+05
0.0166 9.176e+05
0.016605 9.176e+05
0.016611 9.176e+05
0.016617 9.176e+05
0.016622 9.176e+05
0.016628 9.176e+05
0.016634 9.176e+05
0.016639 9.176e+05
0.016645 9.176e+05
0.016651 9.176e+05
0.016656 9.176e+05
0.016662 9.176e+05
0.016668 9.176e+05
0.016673 9.176e+05
0.016679 9.176e+05
0.016684 9.176e+05
0.01669 9.176e+05
0.016696 9.176e+05
0.016701 9.176e+05
0.016707 9.176e+05
0.016713 9.176e+05
0.016718 9.176e+05
0.016724 9.176e+05
0.01673 9.176e+05
0.016735 9.176e+05
0.016741 9.176e+05
0.016747 9.176e+05
0.016752 9.176e+05
0.016758 9.176e+05
0.016764 9.176e+05
0.016769 9.176e+05
0.016775 9.176e+05
0.016781 9.176e+05
0.016786 9.176e+05
0.016792 9.176e+05
0.016798 9.176e+05
0.016803 9.176e+05
0.016809 9.176e+05
0.016815 9.176e+05
0.01682 9.176e+05
0.016826 9.176e+05
0.016831 9.176e+05
0.016837 9.176e+05
0.016843 9.176e+05
0.016848 9.176e+05
0.016854 9.176e+05
0.01686 9.176e+05
0.016865 9.176e+05
0.016871 9.176e+05
0.016877 9.176e+05
0.016882 9.176e+05
0.016888 9.176e+05
0.016894 9.176e+05
0.016899 9.176e+05
0.016905 9.176e+05
0.016911 9.176e+05
0.016916 9.176e+05
0.016922 9.176e+05
0.016928 9.176e+05
0.016933 9.176e+05
0.016939 9.176e+05
0.016945 9.176e+05
0.01695 9.176e+05
0.016956 9.176e+05
0.016962 9.176e+05
0.016967 9.176e+05
0.016973 9.176e+05
0.016979 9.176e+05
0.016984 9.176e+05
0.01699 9.176e+05
0.016995 9.176e+05
0.017001 9.176e+05
0.017007 9.176e+05
0.017012 9.176e+05
0.017018 9.176e+05
0.017024 9.176e+05
0.017029 9.176e+05
0.017035 9.176e+05
0.017041 9.176e+05
0.017046 9.176e+05
0.017052 9.176e+05
0.017058 9.176e+05
0.017063 9.176e+05
0.017069 9.176e+05
0.017075 9.176e+05
0.01708 9.176e+05
0.017086 9.176e+05
0.017092 9.176e+05
0.017097 9.176e+05
0.017103 9.176e+05
0.017109 9.176e+05
0.017114 9.176e+05
0.01712 9.176e+05
0.017125 9.176e+05
0.017131 9.176e+05
0.017137 9.176e+05
0.017142 9.176e+05
0.017148 9.176e+05
0.017154 9.176e+05
0.017159 9.176e+05
0.017165 9.176e+05
0.017171 9.176e+05
0.017176 9.176e+05
0.017182 9.176e+05
0.017188 9.176e+05
0.017193 9.176e+05
0.017199 9.176e+05
0.017205 9.176e+05
0.01721 9.176e+05
0.017216 9.176e+05
0.017222 9.176e+05
0.017227 9.176e+05
0.017233 9.176e+05
0.017239 9.176e+05
0.017244 9.176e+05
0.01725 9.176e+05
0.017256 9.176e+05
0.017261 9.176e+05
0.017267 9.176e+05
0.017272 9.176e+05
0.017278 9.176e+05
0.017284 9.176e+05
0.017289 9.176e+05
0.017295 9.176e+05
0.017301 9.176e+05
0.017306 9.176e+05
0.017312 9.176e+05
0.017318 9.176e+05
0.017323 9.176e+05
0.017329 9.176e+05
0.017335 9.176e+05
0.01734 9.176e+05
0.017346 9.176e+05
0.017352 9.176e+05
0.017357 9.176e+05
0.017363 9.176e+05
0.017369 9.176e+05
0.017374 9.176e+05
0.01738 9.176e+05
0.017386 9.176e+05
0.017391 9.176e+05
0.017397 9.176e+05
0.017403 9.176e+05
0.017408 9.176e+05
0.017414 9.176e+05
0.01742 9.176e+05
0.017425 9.176e+05
0.017431 9.176e+05
0.017436 9.176e+05
0.017442 9.176e+05
0.017448 9.176e+05
0.017453 9.176e+05
0.017459 9.176e+05
0.017465 9.176e+05
0.01747 9.176e+05
0.017476 9.176e+05
0.017482 9.176e+05
0.017487 9.176e+05
0.017493 9.176e+05
0.017499 9.176e+05
0.017504 9.176e+05
0.01751 9.176e+05
0.017516 9.176e+05
0.017521 9.176e+05
0.017527 9.176e+05
0.017533 9.176e+05
0.017538 9.176e+05
0.017544 9.176e+05
0.01755 9.176e+05
0.017555 9.176e+05
0.017561 9.176e+05
0.017567 9.176e+05
0.017572 9.176e+05
0.017578 9.176e+05
0.017583 9.176e+05
0.017589 9.176e+05
0.017595 9.176e+05
0.0176 9.176e+05
0.017606 9.176e+05
0.017612 9.176e+05
0.017617 9.176e+05
0.017623 9.176e+05
0.017629 9.176e+05
0.017634 9.176e+05
0.01764 9.176e+05
0.017646 9.176e+05
0.017651 9.176e+05
0.017657 9.176e+05
0.017663 9.176e+05
0.017668 9.176e+05
0.017674 9.176e+05
0.01768 9.176e+05
0.017685 9.176e+05
0.017691 9.176e+05
0.017697 9.176e+05
0.017702 9.176e+05
0.017708 9.176e+05
0.017714 9.176e+05
0.017719 9.176e+05
0.017725 9.176e+05
0.01773 9.176e+05
0.017736 9.176e+05
0.017742 9.176e+05
0.017747 9.176e+05
0.017753 9.176e+05
0.017759 9.176e+05
0.017764 9.176e+05
0.01777 9.176e+05
0.017776 9.176e+05
0.017781 9.176e+05
0.017787 9.176e+05
0.017793 9.176e+05
0.017798 9.176e+05
0.017804 9.176e+05
0.01781 9.176e+05
0.017815 9.176e+05
0.017821 9.176e+05
0.017827 9.176e+05
0.017832 9.176e+05
0.017838 9.176e+05
0.017844 9.176e+05
0.017849 9.176e+05
0.017855 9.176e+05
0.01786 9.176e+05
0.017866 9.176e+05
0.017872 9.176e+05
0.017877 9.176e+05
0.017883 9.176e+05
0.017889 9.176e+05
0.017894 9.176e+05
0.0179 9.176e+05
0.017906 9.176e+05
0.017911 9.176e+05
0.017917 9.176e+05
0.017923 9.176e+05
0.017928 9.176e+05
0.017934 9.176e+05
0.01794 9.176e+05
0.017945 9.176e+05
0.017951 9.176e+05
0.017957 9.176e+05
0.017962 9.176e+05
0.017968 9.176e+05
0.017974 9.176e+05
0.017979 9.176e+05
0.017985 9.176e+05
0.017991 9.176e+05
0.017996 9.176e+05
0.018002 9.176e+05
0.018008 9.176e+05
0.018013 9.176e+05
0.018019 9.176e+05
0.018024 9.176e+05
0.01803 9.176e+05
0.018036 9.176e+05
0.018041 9.176e+05
0.018047 9.176e+05
0.018053 9.176e+05
0.018058 9.176e+05
0.018064 9.176e+05
0.01807 9.176e+05
0.018075 9.176e+05
0.018081 9.176e+05
0.018087 9.176e+05
0.018092 9.176e+05
0.018098 9.176e+05
0.018104 9.176e+05
0.018109 9.176e+05
0.018115 9.176e+05
0.018121 9.176e+05
0.018126 9.176e+05
0.018132 9.176e+05
0.018138 9.176e+05
0.018143 9.176e+05
0.018149 9.176e+05
0.018154 9.176e+05
0.01816 9.176e+05
0.018166 9.176e+05
0.018171 9.176e+05
0.018177 9.176e+05
0.018183 9.176e+05
0.018188 9.176e+05
0.018194 9.176e+05
0.0182 9.176e+05
0.018205 9.176e+05
0.018211 9.176e+05
0.018217 9.176e+05
0.018222 9.176e+05
0.018228 9.176e+05
0.018234 9.176e+05
0.018239 9.176e+05
0.018245 9.176e+05
0.018251 9.176e+05
0.018256 9.176e+05
0.018262 9.176e+05
0.018268 9.176e+05
0.018273 9.176e+05
0.018279 9.176e+05
0.018285 9.176e+05
0.01829 9.176e+05
0.018296 9.176e+05
0.018302 9.176e+05
0.018307 9.176e+05
0.018313 9.176e+05
0.018318 9.176e+05
0.018324 9.176e+05
0.01833 9.176e+05
0.018335 9.176e+05
0.018341 9.176e+05
0.018347 9.176e+05
0.018352 9.176e+05
0.018358 9.176e+05
0.018364 9.176e+05
0.018369 9.176e+05
0.018375 9.176e+05
0.018381 9.176e+05
0.018386 9.176e+05
0.018392 9.176e+05
0.018398 9.176e+05
0.018403 9.176e+05
0.018409 9.176e+05
0.018415 9.176e+05
0.01842 9.176e+05
0.018426 9.176e+05
0.018432 9.176e+05
0.018437 9.176e+05
0.018443 9.176e+05
0.018448 9.176e+05
0.018454 9.176e+05
0.01846 9.176e+05
0.018465 9.176e+05
0.018471 9.176e+05
0.018477 9.176e+05
0.018482 9.176e+05
0.018488 9.176e+05
0.018494 9.176e+05
0.018499 9.176e+05
0.018505 9.176e+05
0.018511 9.176e+05
0.018516 9.176e+05
0.018522 9.176e+05
0.018528 9.176e+05
0.018533 9.176e+05
0.018539 9.176e+05
0.018545 9.176e+05
0.01855 9.176e+05
0.018556 9.176e+05
0.018562 9.176e+05
0.018567 9.176e+05
0.018573 9.176e+05
0.018579 9.176e+05
0.018584 9.176e+05
0.01859 9.176e+05
0.018596 9.176e+05
0.018601 9.176e+05
0.018607 9.176e+05
0.018612 9.176e+05
0.018618 9.176e+05
0.018624 9.176e+05
0.018629 9.176e+05
0.018635 9.176e+05
0.018641 9.176e+05
0.018646 9.176e+05
0.018652 9.176e+05
0.018658 9.176e+05
0.018663 9.176e+05
0.018669 9.176e+05
0.018675 9.176e+05
0.01868 9.176e+05
0.018686 9.176e+05
0.018692 9.176e+05
0.018697 9.176e+05
0.018703 9.176e+05
0.018709 9.176e+05
0.018714 9.176e+05
0.01872 9.176e+05
0.018726 9.176e+05
0.018731 9.176e+05
0.018737 9.176e+05
0.018743 9.176e+05
0.018748 9.176e+05
0.018754 9.176e+05
0.018759 9.176e+05
0.018765 9.176e+05
0.018771 9.176e+05
0.018776 9.176e+05
0.018782 9.176e+05
0.018788 9.176e+05
0.018793 9.176e+05
0.018799 9.176e+05
0.018805 9.176e+05
0.01881 9.176e+05
0.018816 9.176e+05
0.018822 9.176e+05
0.018827 9.176e+05
0.018833 9.176e+05
0.018839 9.176e+05
0.018844 9.176e+05
0.01885 9.176e+05
0.018856 9.176e+05
0.018861 9.176e+05
0.018867 9.176e+05
0.018873 9.176e+05
0.018878 9.176e+05
0.018884 9.176e+05
0.01889 9.176e+05
0.018895 9.176e+05
0.018901 9.176e+05
0.018906 9.176e+05
0.018912 9.176e+05
0.018918 9.176e+05
0.018923 9.176e+05
0.018929 9.176e+05
0.018935 9.176e+05
0.01894 9.176e+05
0.018946 9.176e+05
0.018952 9.176e+05
0.018957 9.176e+05
0.018963 9.176e+05
0.018969 9.176e+05
0.018974 9.176e+05
0.01898 9.176e+05
0.018986 9.176e+05
0.018991 9.176e+05
0.018997 9.176e+05
0.019003 9.176e+05
0.019008 9.176e+05
0.019014 9.176e+05
0.01902 9.176e+05
0.019025 9.176e+05
0.019031 9.176e+05
0.019037 9.176e+05
0.019042 9.176e+05
0.019048 9.176e+05
0.019053 9.176e+05
0.019059 9.176e+05
0.019065 9.176e+05
0.01907 9.176e+05
0.019076 9.176e+05
0.019082 9.176e+05
0.019087 9.176e+05
0.019093 9.176e+05
0.019099 9.176e+05
0.019104 9.176e+05
0.01911 9.176e+05
0.019116 9.176e+05
0.019121 9.176e+05
0.019127 9.176e+05
0.019133 9.176e+05
0.019138 9.176e+05
0.019144 9.176e+05
0.01915 9.176e+05
0.019155 9.176e+05
0.019161 9.176e+05
0.019167 9.176e+05
0.019172 9.176e+05
0.019178 9.176e+05
0.019183 9.176e+05
0.019189 9.176e+05
0.019195 9.176e+05
0.0192 9.176e+05
0.019206 9.176e+05
0.019212 9.176e+05
0.019217 9.176e+05
0.019223 9.176e+05
0.019229 9.176e+05
0.019234 9.176e+05
0.01924 9.176e+05
0.019246 9.176e+05
0.019251 9.176e+05
0.019257 9.176e+05
0.019263 9.176e+05
0.019268 9.176e+05
0.019274 9.176e+05
0.01928 9.176e+05
0.019285 9.176e+05
0.019291 9.176e+05
0.019297 9.176e+05
0.019302 9.176e+05
0.019308 9.176e+05
0.019314 9.176e+05
0.019319 9.176e+05
0.019325 9.176e+05
0.019331 9.176e+05
0.019336 9.176e+05
0.019342 9.176e+05
0.019347 9.176e+05
0.019353 9.176e+05
0.019359 9.176e+05
0.019364 9.176e+05
0.01937 9.176e+05
0.019376 9.176e+05
0.019381 9.176e+05
0.019387 9.176e+05
0.019393 9.176e+05
0.019398 9.176e+05
0.019404 9.176e+05
0.01941 9.176e+05
0.019415 9.176e+05
0.019421 9.176e+05
0.019427 9.176e+05
0.019432 9.176e+05
0.019438 9.176e+05
0.019444 9.176e+05
0.019449 9.176e+05
0.019455 9.176e+05
0.019461 9.176e+05
0.019466 9.176e+05
0.019472 9.176e+05
0.019478 9.176e+05
0.019483 9.176e+05
0.019489 9.176e+05
0.019494 9.176e+05
0.0195 9.176e+05
0.019506 9.176e+05
0.019511 9.176e+05
0.019517 9.176e+05
0.019523 9.176e+05
0.019528 9.176e+05
0.019534 9.176e+05
0.01954 9.176e+05
0.019545 9.176e+05
0.019551 9.176e+05
0.019557 9.176e+05
0.019562 9.176e+05
0.019568 9.176e+05
0.019574 9.176e+05
0.019579 9.176e+05
0.019585 9.176e+05
0.019591 9.176e+05
0.019596 9.176e+05
0.019602 9.176e+05
0.019608 9.176e+05
0.019613 9.176e+05
0.019619 9.176e+05
0.019624 9.176e+05
0.01963 9.176e+05
0.019636 9.176e+05
0.019641 9.176e+05
0.019647 9.176e+05
0.019653 9.176e+05
0.019658 9.176e+05
0.019664 9.176e+05
0.01967 9.176e+05
0.019675 9.176e+05
0.019681 9.176e+05
0.019687 9.176e+05
0.019692 9.176e+05
0.019698 9.176e+05
0.019704 9.176e+05
0.019709 9.176e+05
0.019715 9.176e+05
0.019721 9.176e+05
0.019726 9.176e+05
0.019732 9.176e+05
0.019738 9.176e+05
0.019743 9.176e+05
0.019749 9.176e+05
0.019755 9.176e+05
0.01976 9.176e+05
0.019766 9.176e+05
0.019772 9.176e+05
0.019777 9.176e+05
0.019783 9.176e+05
0.019788 9.176e+05
1 9.176e+05
