5.6538e-06 8280
1.1308e-05 8280
1.6962e-05 8280
2.2615e-05 8280
2.8269e-05 8280
3.3923e-05 8280
3.9577e-05 8280
4.5231e-05 8280
5.0885e-05 8280
5.6538e-05 8280
6.2192e-05 8280
6.7846e-05 8280
7.35e-05 8280
7.9154e-05 8280
8.4808e-05 8280
9.0462e-05 8280
9.6115e-05 8280
0.00010177 8280
0.00010742 8280
0.00011308 8280
0.00011873 8280
0.00012438 8280
0.00013004 8280
0.00013569 8280
0.00014135 8280
0.000147 8280
0.00015265 8280
0.00015831 8280
0.00016396 8280
0.00016962 8280
0.00017527 8280
0.00018092 8280
0.00018658 8280
0.00019223 8280
0.00019788 8280
0.00020354 8280
0.00020919 8280
0.00021485 8280
0.0002205 8280
0.00022615 8280
0.00023181 8280
0.00023746 8280
0.00024312 8280
0.00024877 8280
0.00025442 8280
0.00026008 8280
0.00026573 8280
0.00027138 8280
0.00027704 8280
0.00028269 8280
0.00028835 8280
0.000294 8280
0.00029965 8280
0.00030531 8280
0.00031096 8280
0.00031662 8280
0.00032227 8280
0.00032792 8280
0.00033358 8280
0.00033923 8280
0.00034488 8280
0.00035054 8280
0.00035619 8280
0.00036185 8280
0.0003675 8280
0.00037315 8280
0.00037881 8280
0.00038446 8280
0.00039012 8280
0.00039577 8280
0.00040142 8280
0.00040708 8280
0.00041273 8280
0.00041838 8280
0.00042404 8280
0.00042969 8280
0.00043535 8280
0.000441 8280
0.00044665 8280
0.00045231 8280
0.00045796 8280
0.00046362 8280
0.00046927 8280
0.00047492 8280
0.00048058 8280
0.00048623 8280
0.00049188 8280
0.00049754 8280
0.00050319 8280
0.00050885 8280
0.0005145 8280
0.00052015 8280
0.00052581 8280
0.00053146 8280
0.00053712 8280
0.00054277 8280
0.00054842 8280
0.00055408 8280
0.00055973 8280
0.00056538 8280
0.00057104 8280
0.00057669 8280
0.00058235 8280
0.000588 8280
0.00059365 8280
0.00059931 8280
0.00060496 8280
0.00061062 8280
0.00061627 8280
0.00062192 8280
0.00062758 8280
0.00063323 8280
0.00063888 8280
0.00064454 8280
0.00065019 8280
0.00065585 8280
0.0006615 8280
0.00066715 8280
0.00067281 8280
0.00067846 8280
0.00068412 8280
0.00068977 8280
0.00069542 8280
0.00070108 8280
0.00070673 8280
0.00071238 8280
0.00071804 8280
0.00072369 8280
0.00072935 8280
0.000735 8280
0.00074065 8280
0.00074631 8280
0.00075196 8280
0.00075762 8280
0.00076327 8280
0.00076892 8280
0.00077458 8280
0.00078023 8280
0.00078588 8280
0.00079154 8280
0.00079719 8280
0.00080285 8280
0.0008085 8280
0.00081415 8280
0.00081981 8280
0.00082546 8280
0.00083112 8280
0.00083677 8280
0.00084242 8280
0.00084808 8280
0.00085373 8280
0.00085938 8280
0.00086504 8280
0.00087069 8280
0.00087635 8280
0.000882 8280
0.00088765 8280
0.00089331 8280
0.00089896 8280
0.00090462 8280
0.00091027 8280
0.00091592 8280
0.00092158 8280
0.00092723 8280
0.00093288 8280
0.00093854 8280
0.00094419 8280
0.00094985 8280
0.0009555 8280
0.00096115 8280
0.00096681 8280
0.00097246 8280
0.00097812 8280
0.00098377 8280
0.00098942 8280
0.00099508 8280
0.0010007 8280
0.0010064 8280
0.001012 8280
0.0010177 8280
0.0010233 8280
0.001029 8280
0.0010347 8280
0.0010403 8280
0.001046 8280
0.0010516 8280
0.0010573 8280
0.0010629 8280
0.0010686 8280
0.0010742 8280
0.0010799 8280
0.0010855 8280
0.0010912 8280
0.0010968 8280
0.0011025 8280
0.0011082 8280
0.0011138 8280
0.0011195 8280
0.0011251 8280
0.0011308 8280
0.0011364 8280
0.0011421 8280
0.0011477 8280
0.0011534 8280
0.001159 8280
0.0011647 8280
0.0011703 8280
0.001176 8280
0.0011817 8280
0.0011873 8280
0.001193 8280
0.0011986 8280
0.0012043 8280
0.0012099 8280
0.0012156 8280
0.0012212 8280
0.0012269 8280
0.0012325 8280
0.0012382 8280
0.0012438 8280
0.0012495 8280
0.0012552 8280
0.0012608 8280
0.0012665 8280
0.0012721 8280
0.0012778 8280
0.0012834 8280
0.0012891 8280
0.0012947 8280
0.0013004 8280
0.001306 8280
0.0013117 8280
0.0013173 8280
0.001323 8280
0.0013287 8280
0.0013343 8280
0.00134 8280
0.0013456 8280
0.0013513 8280
0.0013569 8280
0.0013626 8280
0.0013682 8280
0.0013739 8280
0.0013795 8280
0.0013852 8280
0.0013908 8280
0.0013965 8280
0.0014022 8280
0.0014078 8280
0.0014135 8280
0.0014191 8280
0.0014248 8280
0.0014304 8280
0.0014361 8280
0.0014417 8280
0.0014474 8280
0.001453 8280
0.0014587 8280
0.0014643 8280
0.00147 8280
0.0014757 8280
0.0014813 8280
0.001487 8280
0.0014926 8280
0.0014983 8280
0.0015039 8280
0.0015096 8280
0.0015152 8280
0.0015209 8280
0.0015265 8280
0.0015322 8280
0.0015378 8280
0.0015435 8280
0.0015492 8280
0.0015548 8280
0.0015605 8280
0.0015661 8280
0.0015718 8280
0.0015774 8280
0.0015831 8280
0.0015887 8280
0.0015944 8280
0.0016 8280
0.0016057 8280
0.0016113 8280
0.001617 8280
0.0016227 8280
0.0016283 8280
0.001634 8280
0.0016396 8280
0.0016453 8280
0.0016509 8280
0.0016566 8280
0.0016622 8280
0.0016679 8280
0.0016735 8280
0.0016792 8280
0.0016848 8280
0.0016905 8280
0.0016962 8280
0.0017018 8280
0.0017075 8280
0.0017131 8280
0.0017188 8280
0.0017244 8280
0.0017301 8280
0.0017357 8280
0.0017414 8280
0.001747 8280
0.0017527 8280
0.0017583 8280
0.001764 8280
0.0017697 8280
0.0017753 8280
0.001781 8280
0.0017866 8280
0.0017923 8280
0.0017979 8280
0.0018036 8280
0.0018092 8280
0.0018149 8280
0.0018205 8280
0.0018262 8280
0.0018318 8280
0.0018375 8280
0.0018432 8280
0.0018488 8280
0.0018545 8280
0.0018601 8280
0.0018658 8280
0.0018714 8280
0.0018771 8280
0.0018827 8280
0.0018884 8280
0.001894 8280
0.0018997 8280
0.0019053 8280
0.001911 8280
0.0019167 8280
0.0019223 8280
0.001928 8280
0.0019336 8280
0.0019393 8280
0.0019449 8280
0.0019506 8280
0.0019562 8280
0.0019619 8280
0.0019675 8280
0.0019732 8280
0.0019788 8280
0.0019845 8280
0.0019902 8280
0.0019958 8280
0.0020015 8280
0.0020071 8280
0.0020128 8280
0.0020184 8280
0.0020241 8280
0.0020297 8280
0.0020354 8280
0.002041 8280
0.0020467 8280
0.0020523 8280
0.002058 8280
0.0020637 8280
0.0020693 8280
0.002075 8280
0.0020806 8280
0.0020863 8280
0.0020919 8280
0.0020976 8280
0.0021032 8280
0.0021089 8280
0.0021145 8280
0.0021202 8280
0.0021258 8280
0.0021315 8280
0.0021372 8280
0.0021428 8280
0.0021485 8280
0.0021541 8280
0.0021598 8280
0.0021654 8280
0.0021711 8280
0.0021767 8280
0.0021824 8280
0.002188 8280
0.0021937 8280
0.0021993 8280
0.002205 8280
0.0022107 8280
0.0022163 8280
0.002222 8280
0.0022276 8280
0.0022333 8280
0.0022389 8280
0.0022446 8280
0.0022502 8280
0.0022559 8280
0.0022615 8280
0.0022672 8280
0.0022728 8280
0.0022785 8280
0.0022842 8280
0.0022898 8280
0.0022955 8280
0.0023011 8280
0.0023068 8280
0.0023124 8280
0.0023181 8280
0.0023237 8280
0.0023294 8280
0.002335 8280
0.0023407 8280
0.0023463 8280
0.002352 8280
0.0023577 8280
0.0023633 8280
0.002369 8280
0.0023746 8280
0.0023803 8280
0.0023859 8280
0.0023916 8280
0.0023972 8280
0.0024029 8280
0.0024085 8280
0.0024142 8280
0.0024198 8280
0.0024255 8280
0.0024312 8280
0.0024368 8280
0.0024425 8280
0.0024481 8280
0.0024538 8280
0.0024594 8280
0.0024651 8280
0.0024707 8280
0.0024764 8280
0.002482 8280
0.0024877 8280
0.0024933 8280
0.002499 8280
0.0025047 8280
0.0025103 8280
0.002516 8280
0.0025216 8280
0.0025273 8280
0.0025329 8280
0.0025386 8280
0.0025442 8280
0.0025499 8280
0.0025555 8280
0.0025612 8280
0.0025668 8280
0.0025725 8280
0.0025782 8280
0.0025838 8280
0.0025895 8280
0.0025951 8280
0.0026008 8280
0.0026064 8280
0.0026121 8280
0.0026177 8280
0.0026234 8280
0.002629 8280
0.0026347 8280
0.0026403 8280
0.002646 8280
0.0026517 8280
0.0026573 8280
0.002663 8280
0.0026686 8280
0.0026743 8280
0.0026799 8280
0.0026856 8280
0.0026912 8280
0.0026969 8280
0.0027025 8280
0.0027082 8280
0.0027138 8280
0.0027195 8280
0.0027252 8280
0.0027308 8280
0.0027365 8280
0.0027421 8280
0.0027478 8280
0.0027534 8280
0.0027591 8280
0.0027647 8280
0.0027704 8280
0.002776 8280
0.0027817 8280
0.0027873 8280
0.002793 8280
0.0027987 8280
0.0028043 8280
0.00281 8280
0.0028156 8280
0.0028213 8280
0.0028269 8280
0.0028326 8280
0.0028382 8280
0.0028439 8280
0.0028495 8280
0.0028552 8280
0.0028608 8280
0.0028665 8280
0.0028722 8280
0.0028778 8280
0.0028835 8280
0.0028891 8280
0.0028948 8280
0.0029004 8280
0.0029061 8280
0.0029117 8280
0.0029174 8280
0.002923 8280
0.0029287 8280
0.0029343 8280
0.00294 8280
0.0029457 8280
0.0029513 8280
0.002957 8280
0.0029626 8280
0.0029683 8280
0.0029739 8280
0.0029796 8280
0.0029852 8280
0.0029909 8280
0.0029965 8280
0.0030022 8280
0.0030078 8280
0.0030135 8280
0.0030192 8280
0.0030248 8280
0.0030305 8280
0.0030361 8280
0.0030418 8280
0.0030474 8280
0.0030531 8280
0.0030587 8280
0.0030644 8280
0.00307 8280
0.0030757 8280
0.0030813 8280
0.003087 8280
0.0030927 8280
0.0030983 8280
0.003104 8280
0.0031096 8280
0.0031153 8280
0.0031209 8280
0.0031266 8280
0.0031322 8280
0.0031379 8280
0.0031435 8280
0.0031492 8280
0.0031548 8280
0.0031605 8280
0.0031662 8280
0.0031718 8280
0.0031775 8280
0.0031831 8280
0.0031888 8280
0.0031944 8280
0.0032001 8280
0.0032057 8280
0.0032114 8280
0.003217 8280
0.0032227 8280
0.0032283 8280
0.003234 8280
0.0032397 8280
0.0032453 8280
0.003251 8280
0.0032566 8280
0.0032623 8280
0.0032679 8280
0.0032736 8280
0.0032792 8280
0.0032849 8280
0.0032905 8280
0.0032962 8280
0.0033018 8280
0.0033075 8280
0.0033132 8280
0.0033188 8280
0.0033245 8280
0.0033301 8280
0.0033358 8280
0.0033414 8280
0.0033471 8280
0.0033527 8280
0.0033584 8280
0.003364 8280
0.0033697 8280
0.0033753 8280
0.003381 8280
0.0033867 8280
0.0033923 8280
0.003398 8280
0.0034036 8280
0.0034093 8280
0.0034149 8280
0.0034206 8280
0.0034262 8280
0.0034319 8280
0.0034375 8280
0.0034432 8280
0.0034488 8280
0.0034545 8280
0.0034602 8280
0.0034658 8280
0.0034715 8280
0.0034771 8280
0.0034828 8280
0.0034884 8280
0.0034941 8280
0.0034997 8280
0.0035054 8280
0.003511 8280
0.0035167 8280
0.0035223 8280
0.003528 8280
0.0035337 8280
0.0035393 8280
0.003545 8280
0.0035506 8280
0.0035563 8280
0.0035619 8280
0.0035676 8280
0.0035732 8280
0.0035789 8280
0.0035845 8280
0.0035902 8280
0.0035958 8280
0.0036015 8280
0.0036072 8280
0.0036128 8280
0.0036185 8280
0.0036241 8280
0.0036298 8280
0.0036354 8280
0.0036411 8280
0.0036467 8280
0.0036524 8280
0.003658 8280
0.0036637 8280
0.0036693 8280
0.003675 8280
0.0036807 8280
0.0036863 8280
0.003692 8280
0.0036976 8280
0.0037033 8280
0.0037089 8280
0.0037146 8280
0.0037202 8280
0.0037259 8280
0.0037315 8280
0.0037372 8280
0.0037428 8280
0.0037485 8280
0.0037542 8280
0.0037598 8280
0.0037655 8280
0.0037711 8280
0.0037768 8280
0.0037824 8280
0.0037881 8280
0.0037937 8280
0.0037994 8280
0.003805 8280
0.0038107 8280
0.0038163 8280
0.003822 8280
0.0038277 8280
0.0038333 8280
0.003839 8280
0.0038446 8280
0.0038503 8280
0.0038559 8280
0.0038616 8280
0.0038672 8280
0.0038729 8280
0.0038785 8280
0.0038842 8280
0.0038898 8280
0.0038955 8280
0.0039012 8280
0.0039068 8280
0.0039125 8280
0.0039181 8280
0.0039238 8280
0.0039294 8280
0.0039351 8280
0.0039407 8280
0.0039464 8280
0.003952 8280
0.0039577 8280
0.0039633 8280
0.003969 8280
0.0039747 8280
0.0039803 8280
0.003986 8280
0.0039916 8280
0.0039973 8280
0.0040029 8280
0.0040086 8280
0.0040142 8280
0.0040199 8280
0.0040255 8280
0.0040312 8280
0.0040368 8280
0.0040425 8280
0.0040482 8280
0.0040538 8280
0.0040595 8280
0.0040651 8280
0.0040708 8280
0.0040764 8280
0.0040821 8280
0.0040877 8280
0.0040934 8280
0.004099 8280
0.0041047 8280
0.0041103 8280
0.004116 8280
0.0041217 8280
0.0041273 8280
0.004133 8280
0.0041386 8280
0.0041443 8280
0.0041499 8280
0.0041556 8280
0.0041612 8280
0.0041669 8280
0.0041725 8280
0.0041782 8280
0.0041838 8280
0.0041895 8280
0.0041952 8280
0.0042008 8280
0.0042065 8280
0.0042121 8280
0.0042178 8280
0.0042234 8280
0.0042291 8280
0.0042347 8280
0.0042404 8280
0.004246 8280
0.0042517 8280
0.0042573 8280
0.004263 8280
0.0042687 8280
0.0042743 8280
0.00428 8280
0.0042856 8280
0.0042913 8280
0.0042969 8280
0.0043026 8280
0.0043082 8280
0.0043139 8280
0.0043195 8280
0.0043252 8280
0.0043308 8280
0.0043365 8280
0.0043422 8280
0.0043478 8280
0.0043535 8280
0.0043591 8280
0.0043648 8280
0.0043704 8280
0.0043761 8280
0.0043817 8280
0.0043874 8280
0.004393 8280
0.0043987 8280
0.0044043 8280
0.00441 8280
0.0044157 8280
0.0044213 8280
0.004427 8280
0.0044326 8280
0.0044383 8280
0.0044439 8280
0.0044496 8280
0.0044552 8280
0.0044609 8280
0.0044665 8280
0.0044722 8280
0.0044778 8280
0.0044835 8280
0.0044892 8280
0.0044948 8280
0.0045005 8280
0.0045061 8280
0.0045118 8280
0.0045174 8280
0.0045231 8280
0.0045287 8280
0.0045344 8280
0.00454 8280
0.0045457 8280
0.0045513 8280
0.004557 8280
0.0045627 8280
0.0045683 8280
0.004574 8280
0.0045796 8280
0.0045853 8280
0.0045909 8280
0.0045966 8280
0.0046022 8280
0.0046079 8280
0.0046135 8280
0.0046192 8280
0.0046248 8280
0.0046305 8280
0.0046362 8280
0.0046418 8280
0.0046475 8280
0.0046531 8280
0.0046588 8280
0.0046644 8280
0.0046701 8280
0.0046757 8280
0.0046814 8280
0.004687 8280
0.0046927 8280
0.0046983 8280
0.004704 8280
0.0047097 8280
0.0047153 8280
0.004721 8280
0.0047266 8280
0.0047323 8280
0.0047379 8280
0.0047436 8280
0.0047492 8280
0.0047549 8280
0.0047605 8280
0.0047662 8280
0.0047718 8280
0.0047775 8280
0.0047832 8280
0.0047888 8280
0.0047945 8280
0.0048001 8280
0.0048058 8280
0.0048114 8280
0.0048171 8280
0.0048227 8280
0.0048284 8280
0.004834 8280
0.0048397 8280
0.0048453 8280
0.004851 8280
0.0048567 8280
0.0048623 8280
0.004868 8280
0.0048736 8280
0.0048793 8280
0.0048849 8280
0.0048906 8280
0.0048962 8280
0.0049019 8280
0.0049075 8280
0.0049132 8280
0.0049188 8280
0.0049245 8280
0.0049302 8280
0.0049358 8280
0.0049415 8280
0.0049471 8280
0.0049528 8280
0.0049584 8280
0.0049641 8280
0.0049697 8280
0.0049754 8280
0.004981 8280
0.0049867 8280
0.0049923 8280
0.004998 8280
0.0050037 8280
0.0050093 8280
0.005015 8280
0.0050206 8280
0.0050263 8280
0.0050319 8280
0.0050376 8280
0.0050432 8280
0.0050489 8280
0.0050545 8280
0.0050602 8280
0.0050658 8280
0.0050715 8280
0.0050772 8280
0.0050828 8280
0.0050885 8280
0.0050941 8280
0.0050998 8280
0.0051054 8280
0.0051111 8280
0.0051167 8280
0.0051224 8280
0.005128 8280
0.0051337 8280
0.0051393 8280
0.005145 8280
0.0051507 8280
0.0051563 8280
0.005162 8280
0.0051676 8280
0.0051733 8280
0.0051789 8280
0.0051846 8280
0.0051902 8280
0.0051959 8280
0.0052015 8280
0.0052072 8280
0.0052128 8280
0.0052185 8280
0.0052242 8280
0.0052298 8280
0.0052355 8280
0.0052411 8280
0.0052468 8280
0.0052524 8280
0.0052581 8280
0.0052637 8280
0.0052694 8280
0.005275 8280
0.0052807 8280
0.0052863 8280
0.005292 8280
0.0052977 8280
0.0053033 8280
0.005309 8280
0.0053146 8280
0.0053203 8280
0.0053259 8280
0.0053316 8280
0.0053372 8280
0.0053429 8280
0.0053485 8280
0.0053542 8280
0.0053598 8280
0.0053655 8280
0.0053712 8280
0.0053768 8280
0.0053825 8280
0.0053881 8280
0.0053938 8280
0.0053994 8280
0.0054051 8280
0.0054107 8280
0.0054164 8280
0.005422 8280
0.0054277 8280
0.0054333 8280
0.005439 8280
0.0054447 8280
0.0054503 8280
0.005456 8280
0.0054616 8280
0.0054673 8280
0.0054729 8280
0.0054786 8280
0.0054842 8280
0.0054899 8280
0.0054955 8280
0.0055012 8280
0.0055068 8280
0.0055125 8280
0.0055182 8280
0.0055238 8280
0.0055295 8280
0.0055351 8280
0.0055408 8280
0.0055464 8280
0.0055521 8280
0.0055577 8280
0.0055634 8280
0.005569 8280
0.0055747 8280
0.0055803 8280
0.005586 8280
0.0055917 8280
0.0055973 8280
0.005603 8280
0.0056086 8280
0.0056143 8280
0.0056199 8280
0.0056256 8280
0.0056312 8280
0.0056369 8280
0.0056425 8280
0.0056482 8280
0.0056538 8280
0.0056595 8280
0.0056652 8280
0.0056708 8280
0.0056765 8280
0.0056821 8280
0.0056878 8280
0.0056934 8280
0.0056991 8280
0.0057047 8280
0.0057104 8280
0.005716 8280
0.0057217 8280
0.0057273 8280
0.005733 8280
0.0057387 8280
0.0057443 8280
0.00575 8280
0.0057556 8280
0.0057613 8280
0.0057669 8280
0.0057726 8280
0.0057782 8280
0.0057839 8280
0.0057895 8280
0.0057952 8280
0.0058008 8280
0.0058065 8280
0.0058122 8280
0.0058178 8280
0.0058235 8280
0.0058291 8280
0.0058348 8280
0.0058404 8280
0.0058461 8280
0.0058517 8280
0.0058574 8280
0.005863 8280
0.0058687 8280
0.0058743 8280
0.00588 8280
0.0058857 8280
0.0058913 8280
0.005897 8280
0.0059026 8280
0.0059083 8280
0.0059139 8280
0.0059196 8280
0.0059252 8280
0.0059309 8280
0.0059365 8280
0.0059422 8280
0.0059478 8280
0.0059535 8280
0.0059592 8280
0.0059648 8280
0.0059705 8280
0.0059761 8280
0.0059818 8280
0.0059874 8280
0.0059931 8280
0.0059987 8280
0.0060044 8280
0.00601 8280
0.0060157 8280
0.0060213 8280
0.006027 8280
0.0060327 8280
0.0060383 8280
0.006044 8280
0.0060496 8280
0.0060553 8280
0.0060609 8280
0.0060666 8280
0.0060722 8280
0.0060779 8280
0.0060835 8280
0.0060892 8280
0.0060948 8280
0.0061005 8280
0.0061062 8280
0.0061118 8280
0.0061175 8280
0.0061231 8280
0.0061288 8280
0.0061344 8280
0.0061401 8280
0.0061457 8280
0.0061514 8280
0.006157 8280
0.0061627 8280
0.0061683 8280
0.006174 8280
0.0061797 8280
0.0061853 8280
0.006191 8280
0.0061966 8280
0.0062023 8280
0.0062079 8280
0.0062136 8280
0.0062192 8280
0.0062249 8280
0.0062305 8280
0.0062362 8280
0.0062418 8280
0.0062475 8280
0.0062532 8280
0.0062588 8280
0.0062645 8280
0.0062701 8280
0.0062758 8280
0.0062814 8280
0.0062871 8280
0.0062927 8280
0.0062984 8280
0.006304 8280
0.0063097 8280
0.0063153 8280
0.006321 8280
0.0063267 8280
0.0063323 8280
0.006338 8280
0.0063436 8280
0.0063493 8280
0.0063549 8280
0.0063606 8280
0.0063662 8280
0.0063719 8280
0.0063775 8280
0.0063832 8280
0.0063888 8280
0.0063945 8280
0.0064002 8280
0.0064058 8280
0.0064115 8280
0.0064171 8280
0.0064228 8280
0.0064284 8280
0.0064341 8280
0.0064397 8280
0.0064454 8280
0.006451 8280
0.0064567 8280
0.0064623 8280
0.006468 8280
0.0064737 8280
0.0064793 8280
0.006485 8280
0.0064906 8280
0.0064963 8280
0.0065019 8280
0.0065076 8280
0.0065132 8280
0.0065189 8280
0.0065245 8280
0.0065302 8280
0.0065358 8280
0.0065415 8280
0.0065472 8280
0.0065528 8280
0.0065585 8280
0.0065641 8280
0.0065698 8280
0.0065754 8280
0.0065811 8280
0.0065867 8280
0.0065924 8280
0.006598 8280
0.0066037 8280
0.0066093 8280
0.006615 8280
0.0066207 8280
0.0066263 8280
0.006632 8280
0.0066376 8280
0.0066433 8280
0.0066489 8280
0.0066546 8280
0.0066602 8280
0.0066659 8280
0.0066715 8280
0.0066772 8280
0.0066828 8280
0.0066885 8280
0.0066942 8280
0.0066998 8280
0.0067055 8280
0.0067111 8280
0.0067168 8280
0.0067224 8280
0.0067281 8280
0.0067337 8280
0.0067394 8280
0.006745 8280
0.0067507 8280
0.0067563 8280
0.006762 8280
0.0067677 8280
0.0067733 8280
0.006779 8280
0.0067846 8280
0.0067903 8280
0.0067959 8280
0.0068016 8280
0.0068072 8280
0.0068129 8280
0.0068185 8280
0.0068242 8280
0.0068298 8280
0.0068355 8280
0.0068412 8280
0.0068468 8280
0.0068525 8280
0.0068581 8280
0.0068638 8280
0.0068694 8280
0.0068751 8280
0.0068807 8280
0.0068864 8280
0.006892 8280
0.0068977 8280
0.0069033 8280
0.006909 8280
0.0069147 8280
0.0069203 8280
0.006926 8280
0.0069316 8280
0.0069373 8280
0.0069429 8280
0.0069486 8280
0.0069542 8280
0.0069599 8280
0.0069655 8280
0.0069712 8280
0.0069768 8280
0.0069825 8280
0.0069882 8280
0.0069938 8280
0.0069995 8280
0.0070051 8280
0.0070108 8280
0.0070164 8280
0.0070221 8280
0.0070277 8280
0.0070334 8280
0.007039 8280
0.0070447 8280
0.0070503 8280
0.007056 8280
0.0070617 8280
0.0070673 8280
0.007073 8280
0.0070786 8280
0.0070843 8280
0.0070899 8280
0.0070956 8280
0.0071012 8280
0.0071069 8280
0.0071125 8280
0.0071182 8280
0.0071238 8280
0.0071295 8280
0.0071352 8280
0.0071408 8280
0.0071465 8280
0.0071521 8280
0.0071578 8280
0.0071634 8280
0.0071691 8280
0.0071747 8280
0.0071804 8280
0.007186 8280
0.0071917 8280
0.0071973 8280
0.007203 8280
0.0072087 8280
0.0072143 8280
0.00722 8280
0.0072256 8280
0.0072313 8280
0.0072369 8280
0.0072426 8280
0.0072482 8280
0.0072539 8280
0.0072595 8280
0.0072652 8280
0.0072708 8280
0.0072765 8280
0.0072822 8280
0.0072878 8280
0.0072935 8280
0.0072991 8280
0.0073048 8280
0.0073104 8280
0.0073161 8280
0.0073217 8280
0.0073274 8280
0.007333 8280
0.0073387 8280
0.0073443 8280
0.00735 8280
0.0073557 8280
0.0073613 8280
0.007367 8280
0.0073726 8280
0.0073783 8280
0.0073839 8280
0.0073896 8280
0.0073952 8280
0.0074009 8280
0.0074065 8280
0.0074122 8280
0.0074178 8280
0.0074235 8280
0.0074292 8280
0.0074348 8280
0.0074405 8280
0.0074461 8280
0.0074518 8280
0.0074574 8280
0.0074631 8280
0.0074687 8280
0.0074744 8280
0.00748 8280
0.0074857 8280
0.0074913 8280
0.007497 8280
0.0075027 8280
0.0075083 8280
0.007514 8280
0.0075196 8280
0.0075253 8280
0.0075309 8280
0.0075366 8280
0.0075422 8280
0.0075479 8280
0.0075535 8280
0.0075592 8280
0.0075648 8280
0.0075705 8280
0.0075762 8280
0.0075818 8280
0.0075875 8280
0.0075931 8280
0.0075988 8280
0.0076044 8280
0.0076101 8280
0.0076157 8280
0.0076214 8280
0.007627 8280
0.0076327 8280
0.0076383 8280
0.007644 8280
0.0076497 8280
0.0076553 8280
0.007661 8280
0.0076666 8280
0.0076723 8280
0.0076779 8280
0.0076836 8280
0.0076892 8280
0.0076949 8280
0.0077005 8280
0.0077062 8280
0.0077118 8280
0.0077175 8280
0.0077232 8280
0.0077288 8280
0.0077345 8280
0.0077401 8280
0.0077458 8280
0.0077514 8280
0.0077571 8280
0.0077627 8280
0.0077684 8280
0.007774 8280
0.0077797 8280
0.0077853 8280
0.007791 8280
0.0077967 8280
0.0078023 8280
0.007808 8280
0.0078136 8280
0.0078193 8280
0.0078249 8280
0.0078306 8280
0.0078362 8280
0.0078419 8280
0.0078475 8280
0.0078532 8280
0.0078588 8280
0.0078645 8280
0.0078702 8280
0.0078758 8280
0.0078815 8280
0.0078871 8280
0.0078928 8280
0.0078984 8280
0.0079041 8280
0.0079097 8280
0.0079154 8280
0.007921 8280
0.0079267 8280
0.0079323 8280
0.007938 8280
0.0079437 8280
0.0079493 8280
0.007955 8280
0.0079606 8280
0.0079663 8280
0.0079719 8280
0.0079776 8280
0.0079832 8280
0.0079889 8280
0.0079945 8280
0.0080002 8280
0.0080058 8280
0.0080115 8280
0.0080172 8280
0.0080228 8280
0.0080285 8280
0.0080341 8280
0.0080398 8280
0.0080454 8280
0.0080511 8280
0.0080567 8280
0.0080624 8280
0.008068 8280
0.0080737 8280
0.0080793 8280
0.008085 8280
0.0080907 8280
0.0080963 8280
0.008102 8280
0.0081076 8280
0.0081133 8280
0.0081189 8280
0.0081246 8280
0.0081302 8280
0.0081359 8280
0.0081415 8280
0.0081472 8280
0.0081528 8280
0.0081585 8280
0.0081642 8280
0.0081698 8280
0.0081755 8280
0.0081811 8280
0.0081868 8280
0.0081924 8280
0.0081981 8280
0.0082037 8280
0.0082094 8280
0.008215 8280
0.0082207 8280
0.0082263 8280
0.008232 8280
0.0082377 8280
0.0082433 8280
0.008249 8280
0.0082546 8280
0.0082603 8280
0.0082659 8280
0.0082716 8280
0.0082772 8280
0.0082829 8280
0.0082885 8280
0.0082942 8280
0.0082998 8280
0.0083055 8280
0.0083112 8280
0.0083168 8280
0.0083225 8280
0.0083281 8280
0.0083338 8280
0.0083394 8280
0.0083451 8280
0.0083507 8280
0.0083564 8280
0.008362 8280
0.0083677 8280
0.0083733 8280
0.008379 8280
0.0083847 8280
0.0083903 8280
0.008396 8280
0.0084016 8280
0.0084073 8280
0.0084129 8280
0.0084186 8280
0.0084242 8280
0.0084299 8280
0.0084355 8280
0.0084412 8280
0.0084468 8280
0.0084525 8280
0.0084582 8280
0.0084638 8280
0.0084695 8280
0.0084751 8280
0.0084808 8280
0.0084864 8280
0.0084921 8280
0.0084977 8280
0.0085034 8280
0.008509 8280
0.0085147 8280
0.0085203 8280
0.008526 8280
0.0085317 8280
0.0085373 8280
0.008543 8280
0.0085486 8280
0.0085543 8280
0.0085599 8280
0.0085656 8280
0.0085712 8280
0.0085769 8280
0.0085825 8280
0.0085882 8280
0.0085938 8280
0.0085995 8280
0.0086052 8280
0.0086108 8280
0.0086165 8280
0.0086221 8280
0.0086278 8280
0.0086334 8280
0.0086391 8280
0.0086447 8280
0.0086504 8280
0.008656 8280
0.0086617 8280
0.0086673 8280
0.008673 8280
0.0086787 8280
0.0086843 8280
0.00869 8280
0.0086956 8280
0.0087013 8280
0.0087069 8280
0.0087126 8280
0.0087182 8280
0.0087239 8280
0.0087295 8280
0.0087352 8280
0.0087408 8280
0.0087465 8280
0.0087522 8280
0.0087578 8280
0.0087635 8280
0.0087691 8280
0.0087748 8280
0.0087804 8280
0.0087861 8280
0.0087917 8280
0.0087974 8280
0.008803 8280
0.0088087 8280
0.0088143 8280
0.00882 8280
0.0088257 8280
0.0088313 8280
0.008837 8280
0.0088426 8280
0.0088483 8280
0.0088539 8280
0.0088596 8280
0.0088652 8280
0.0088709 8280
0.0088765 8280
0.0088822 8280
0.0088878 8280
0.0088935 8280
0.0088992 8280
0.0089048 8280
0.0089105 8280
0.0089161 8280
0.0089218 8280
0.0089274 8280
0.0089331 8280
0.0089387 8280
0.0089444 8280
0.00895 8280
0.0089557 8280
0.0089613 8280
0.008967 8280
0.0089727 8280
0.0089783 8280
0.008984 8280
0.0089896 8280
0.0089953 8280
0.0090009 8280
0.0090066 8280
0.0090122 8280
0.0090179 8280
0.0090235 8280
0.0090292 8280
0.0090348 8280
0.0090405 8280
0.0090462 8280
0.0090518 8280
0.0090575 8280
0.0090631 8280
0.0090688 8280
0.0090744 8280
0.0090801 8280
0.0090857 8280
0.0090914 8280
0.009097 8280
0.0091027 8280
0.0091083 8280
0.009114 8280
0.0091197 8280
0.0091253 8280
0.009131 8280
0.0091366 8280
0.0091423 8280
0.0091479 8280
0.0091536 8280
0.0091592 8280
0.0091649 8280
0.0091705 8280
0.0091762 8280
0.0091818 8280
0.0091875 8280
0.0091932 8280
0.0091988 8280
0.0092045 8280
0.0092101 8280
0.0092158 8280
0.0092214 8280
0.0092271 8280
0.0092327 8280
0.0092384 8280
0.009244 8280
0.0092497 8280
0.0092553 8280
0.009261 8280
0.0092667 8280
0.0092723 8280
0.009278 8280
0.0092836 8280
0.0092893 8280
0.0092949 8280
0.0093006 8280
0.0093062 8280
0.0093119 8280
0.0093175 8280
0.0093232 8280
0.0093288 8280
0.0093345 8280
0.0093402 8280
0.0093458 8280
0.0093515 8280
0.0093571 8280
0.0093628 8280
0.0093684 8280
0.0093741 8280
0.0093797 8280
0.0093854 8280
0.009391 8280
0.0093967 8280
0.0094023 8280
0.009408 8280
0.0094137 8280
0.0094193 8280
0.009425 8280
0.0094306 8280
0.0094363 8280
0.0094419 8280
0.0094476 8280
0.0094532 8280
0.0094589 8280
0.0094645 8280
0.0094702 8280
0.0094758 8280
0.0094815 8280
0.0094872 8280
0.0094928 8280
0.0094985 8280
0.0095041 8280
0.0095098 8280
0.0095154 8280
0.0095211 8280
0.0095267 8280
0.0095324 8280
0.009538 8280
0.0095437 8280
0.0095493 8280
0.009555 8280
0.0095607 8280
0.0095663 8280
0.009572 8280
0.0095776 8280
0.0095833 8280
0.0095889 8280
0.0095946 8280
0.0096002 8280
0.0096059 8280
0.0096115 8280
0.0096172 8280
0.0096228 8280
0.0096285 8280
0.0096342 8280
0.0096398 8280
0.0096455 8280
0.0096511 8280
0.0096568 8280
0.0096624 8280
0.0096681 8280
0.0096737 8280
0.0096794 8280
0.009685 8280
0.0096907 8280
0.0096963 8280
0.009702 8280
0.0097077 8280
0.0097133 8280
0.009719 8280
0.0097246 8280
0.0097303 8280
0.0097359 8280
0.0097416 8280
0.0097472 8280
0.0097529 8280
0.0097585 8280
0.0097642 8280
0.0097698 8280
0.0097755 8280
0.0097812 8280
0.0097868 8280
0.0097925 8280
0.0097981 8280
0.0098038 8280
0.0098094 8280
0.0098151 8280
0.0098207 8280
0.0098264 8280
0.009832 8280
0.0098377 8280
0.0098433 8280
0.009849 8280
0.0098547 8280
0.0098603 8280
0.009866 8280
0.0098716 8280
0.0098773 8280
0.0098829 8280
0.0098886 8280
0.0098942 8280
0.0098999 8280
0.0099055 8280
0.0099112 8280
0.0099168 8280
0.0099225 8280
0.0099282 8280
0.0099338 8280
0.0099395 8280
0.0099451 8280
0.0099508 8280
0.0099564 8280
0.0099621 8280
0.0099677 8280
0.0099734 8280
0.009979 8280
0.0099847 8280
0.0099903 8280
0.009996 8280
0.010002 8280
0.010007 8280
0.010013 8280
0.010019 8280
0.010024 8280
0.01003 8280
0.010036 8280
0.010041 8280
0.010047 8280
0.010053 8280
0.010058 8280
0.010064 8280
0.01007 8280
0.010075 8280
0.010081 8280
0.010086 8280
0.010092 8280
0.010098 8280
0.010103 8280
0.010109 8280
0.010115 8280
0.01012 8280
0.010126 8280
0.010132 8280
0.010137 8280
0.010143 8280
0.010149 8280
0.010154 8280
0.01016 8280
0.010166 8280
0.010171 8280
0.010177 8280
0.010183 8280
0.010188 8280
0.010194 8280
0.0102 8280
0.010205 8280
0.010211 8280
0.010216 8280
0.010222 8280
0.010228 8280
0.010233 8280
0.010239 8280
0.010245 8280
0.01025 8280
0.010256 8280
0.010262 8280
0.010267 8280
0.010273 8280
0.010279 8280
0.010284 8280
0.01029 8280
0.010296 8280
0.010301 8280
0.010307 8280
0.010313 8280
0.010318 8280
0.010324 8280
0.01033 8280
0.010335 8280
0.010341 8280
0.010347 8280
0.010352 8280
0.010358 8280
0.010364 8280
0.010369 8280
0.010375 8280
0.01038 8280
0.010386 8280
0.010392 8280
0.010397 8280
0.010403 8280
0.010409 8280
0.010414 8280
0.01042 8280
0.010426 8280
0.010431 8280
0.010437 8280
0.010443 8280
0.010448 8280
0.010454 8280
0.01046 8280
0.010465 8280
0.010471 8280
0.010477 8280
0.010482 8280
0.010488 8280
0.010494 8280
0.010499 8280
0.010505 8280
0.010511 8280
0.010516 8280
0.010522 8280
0.010527 8280
0.010533 8280
0.010539 8280
0.010544 8280
0.01055 8280
0.010556 8280
0.010561 8280
0.010567 8280
0.010573 8280
0.010578 8280
0.010584 8280
0.01059 8280
0.010595 8280
0.010601 8280
0.010607 8280
0.010612 8280
0.010618 8280
0.010624 8280
0.010629 8280
0.010635 8280
0.010641 8280
0.010646 8280
0.010652 8280
0.010658 8280
0.010663 8280
0.010669 8280
0.010674 8280
0.01068 8280
0.010686 8280
0.010691 8280
0.010697 8280
0.010703 8280
0.010708 8280
0.010714 8280
0.01072 8280
0.010725 8280
0.010731 8280
0.010737 8280
0.010742 8280
0.010748 8280
0.010754 8280
0.010759 8280
0.010765 8280
0.010771 8280
0.010776 8280
0.010782 8280
0.010788 8280
0.010793 8280
0.010799 8280
0.010804 8280
0.01081 8280
0.010816 8280
0.010821 8280
0.010827 8280
0.010833 8280
0.010838 8280
0.010844 8280
0.01085 8280
0.010855 8280
0.010861 8280
0.010867 8280
0.010872 8280
0.010878 8280
0.010884 8280
0.010889 8280
0.010895 8280
0.010901 8280
0.010906 8280
0.010912 8280
0.010918 8280
0.010923 8280
0.010929 8280
0.010935 8280
0.01094 8280
0.010946 8280
0.010951 8280
0.010957 8280
0.010963 8280
0.010968 8280
0.010974 8280
0.01098 8280
0.010985 8280
0.010991 8280
0.010997 8280
0.011002 8280
0.011008 8280
0.011014 8280
0.011019 8280
0.011025 8280
0.011031 8280
0.011036 8280
0.011042 8280
0.011048 8280
0.011053 8280
0.011059 8280
0.011065 8280
0.01107 8280
0.011076 8280
0.011082 8280
0.011087 8280
0.011093 8280
0.011099 8280
0.011104 8280
0.01111 8280
0.011115 8280
0.011121 8280
0.011127 8280
0.011132 8280
0.011138 8280
0.011144 8280
0.011149 8280
0.011155 8280
0.011161 8280
0.011166 8280
0.011172 8280
0.011178 8280
0.011183 8280
0.011189 8280
0.011195 8280
0.0112 8280
0.011206 8280
0.011212 8280
0.011217 8280
0.011223 8280
0.011229 8280
0.011234 8280
0.01124 8280
0.011246 8280
0.011251 8280
0.011257 8280
0.011262 8280
0.011268 8280
0.011274 8280
0.011279 8280
0.011285 8280
0.011291 8280
0.011296 8280
0.011302 8280
0.011308 8280
0.011313 8280
0.011319 8280
0.011325 8280
0.01133 8280
0.011336 8280
0.011342 8280
0.011347 8280
0.011353 8280
0.011359 8280
0.011364 8280
0.01137 8280
0.011376 8280
0.011381 8280
0.011387 8280
0.011392 8280
0.011398 8280
0.011404 8280
0.011409 8280
0.011415 8280
0.011421 8280
0.011426 8280
0.011432 8280
0.011438 8280
0.011443 8280
0.011449 8280
0.011455 8280
0.01146 8280
0.011466 8280
0.011472 8280
0.011477 8280
0.011483 8280
0.011489 8280
0.011494 8280
0.0115 8280
0.011506 8280
0.011511 8280
0.011517 8280
0.011523 8280
0.011528 8280
0.011534 8280
0.011539 8280
0.011545 8280
0.011551 8280
0.011556 8280
0.011562 8280
0.011568 8280
0.011573 8280
0.011579 8280
0.011585 8280
0.01159 8280
0.011596 8280
0.011602 8280
0.011607 8280
0.011613 8280
0.011619 8280
0.011624 8280
0.01163 8280
0.011636 8280
0.011641 8280
0.011647 8280
0.011653 8280
0.011658 8280
0.011664 8280
0.01167 8280
0.011675 8280
0.011681 8280
0.011686 8280
0.011692 8280
0.011698 8280
0.011703 8280
0.011709 8280
0.011715 8280
0.01172 8280
0.011726 8280
0.011732 8280
0.011737 8280
0.011743 8280
0.011749 8280
0.011754 8280
0.01176 8280
0.011766 8280
0.011771 8280
0.011777 8280
0.011783 8280
0.011788 8280
0.011794 8280
0.0118 8280
0.011805 8280
0.011811 8280
0.011817 8280
0.011822 8280
0.011828 8280
0.011834 8280
0.011839 8280
0.011845 8280
0.01185 8280
0.011856 8280
0.011862 8280
0.011867 8280
0.011873 8280
0.011879 8280
0.011884 8280
0.01189 8280
0.011896 8280
0.011901 8280
0.011907 8280
0.011913 8280
0.011918 8280
0.011924 8280
0.01193 8280
0.011935 8280
0.011941 8280
0.011947 8280
0.011952 8280
0.011958 8280
0.011964 8280
0.011969 8280
0.011975 8280
0.01198 8280
0.011986 8280
0.011992 8280
0.011997 8280
0.012003 8280
0.012009 8280
0.012014 8280
0.01202 8280
0.012026 8280
0.012031 8280
0.012037 8280
0.012043 8280
0.012048 8280
0.012054 8280
0.01206 8280
0.012065 8280
0.012071 8280
0.012077 8280
0.012082 8280
0.012088 8280
0.012094 8280
0.012099 8280
0.012105 8280
0.012111 8280
0.012116 8280
0.012122 8280
0.012127 8280
0.012133 8280
0.012139 8280
0.012144 8280
0.01215 8280
0.012156 8280
0.012161 8280
0.012167 8280
0.012173 8280
0.012178 8280
0.012184 8280
0.01219 8280
0.012195 8280
0.012201 8280
0.012207 8280
0.012212 8280
0.012218 8280
0.012224 8280
0.012229 8280
0.012235 8280
0.012241 8280
0.012246 8280
0.012252 8280
0.012258 8280
0.012263 8280
0.012269 8280
0.012274 8280
0.01228 8280
0.012286 8280
0.012291 8280
0.012297 8280
0.012303 8280
0.012308 8280
0.012314 8280
0.01232 8280
0.012325 8280
0.012331 8280
0.012337 8280
0.012342 8280
0.012348 8280
0.012354 8280
0.012359 8280
0.012365 8280
0.012371 8280
0.012376 8280
0.012382 8280
0.012388 8280
0.012393 8280
0.012399 8280
0.012405 8280
0.01241 8280
0.012416 8280
0.012422 8280
0.012427 8280
0.012433 8280
0.012438 8280
0.012444 8280
0.01245 8280
0.012455 8280
0.012461 8280
0.012467 8280
0.012472 8280
0.012478 8280
0.012484 8280
0.012489 8280
0.012495 8280
0.012501 8280
0.012506 8280
0.012512 8280
0.012518 8280
0.012523 8280
0.012529 8280
0.012535 8280
0.01254 8280
0.012546 8280
0.012552 8280
0.012557 8280
0.012563 8280
0.012568 8280
0.012574 8280
0.01258 8280
0.012585 8280
0.012591 8280
0.012597 8280
0.012602 8280
0.012608 8280
0.012614 8280
0.012619 8280
0.012625 8280
0.012631 8280
0.012636 8280
0.012642 8280
0.012648 8280
0.012653 8280
0.012659 8280
0.012665 8280
0.01267 8280
0.012676 8280
0.012682 8280
0.012687 8280
0.012693 8280
0.012699 8280
0.012704 8280
0.01271 8280
0.012716 8280
0.012721 8280
0.012727 8280
0.012732 8280
0.012738 8280
0.012744 8280
0.012749 8280
0.012755 8280
0.012761 8280
0.012766 8280
0.012772 8280
0.012778 8280
0.012783 8280
0.012789 8280
0.012795 8280
0.0128 8280
0.012806 8280
0.012812 8280
0.012817 8280
0.012823 8280
0.012829 8280
0.012834 8280
0.01284 8280
0.012846 8280
0.012851 8280
0.012857 8280
0.012863 8280
0.012868 8280
0.012874 8280
0.012879 8280
0.012885 8280
0.012891 8280
0.012896 8280
0.012902 8280
0.012908 8280
0.012913 8280
0.012919 8280
0.012925 8280
0.01293 8280
0.012936 8280
0.012942 8280
0.012947 8280
0.012953 8280
0.012959 8280
0.012964 8280
0.01297 8280
0.012976 8280
0.012981 8280
0.012987 8280
0.012993 8280
0.012998 8280
0.013004 8280
0.01301 8280
0.013015 8280
0.013021 8280
0.013026 8280
0.013032 8280
0.013038 8280
0.013043 8280
0.013049 8280
0.013055 8280
0.01306 8280
0.013066 8280
0.013072 8280
0.013077 8280
0.013083 8280
0.013089 8280
0.013094 8280
0.0131 8280
0.013106 8280
0.013111 8280
0.013117 8280
0.013123 8280
0.013128 8280
0.013134 8280
0.01314 8280
0.013145 8280
0.013151 8280
0.013156 8280
0.013162 8280
0.013168 8280
0.013173 8280
0.013179 8280
0.013185 8280
0.01319 8280
0.013196 8280
0.013202 8280
0.013207 8280
0.013213 8280
0.013219 8280
0.013224 8280
0.01323 8280
0.013236 8280
0.013241 8280
0.013247 8280
0.013253 8280
0.013258 8280
0.013264 8280
0.01327 8280
0.013275 8280
0.013281 8280
0.013287 8280
0.013292 8280
0.013298 8280
0.013303 8280
0.013309 8280
0.013315 8280
0.01332 8280
0.013326 8280
0.013332 8280
0.013337 8280
0.013343 8280
0.013349 8280
0.013354 8280
0.01336 8280
0.013366 8280
0.013371 8280
0.013377 8280
0.013383 8280
0.013388 8280
0.013394 8280
0.0134 8280
0.013405 8280
0.013411 8280
0.013417 8280
0.013422 8280
0.013428 8280
0.013434 8280
0.013439 8280
0.013445 8280
0.013451 8280
0.013456 8280
0.013462 8280
0.013467 8280
0.013473 8280
0.013479 8280
0.013484 8280
0.01349 8280
0.013496 8280
0.013501 8280
0.013507 8280
0.013513 8280
0.013518 8280
0.013524 8280
0.01353 8280
0.013535 8280
0.013541 8280
0.013547 8280
0.013552 8280
0.013558 8280
0.013564 8280
0.013569 8280
0.013575 8280
0.013581 8280
0.013586 8280
0.013592 8280
0.013598 8280
0.013603 8280
0.013609 8280
0.013614 8280
0.01362 8280
0.013626 8280
0.013631 8280
0.013637 8280
0.013643 8280
0.013648 8280
0.013654 8280
0.01366 8280
0.013665 8280
0.013671 8280
0.013677 8280
0.013682 8280
0.013688 8280
0.013694 8280
0.013699 8280
0.013705 8280
0.013711 8280
0.013716 8280
0.013722 8280
0.013728 8280
0.013733 8280
0.013739 8280
0.013744 8280
0.01375 8280
0.013756 8280
0.013761 8280
0.013767 8280
0.013773 8280
0.013778 8280
0.013784 8280
0.01379 8280
0.013795 8280
0.013801 8280
0.013807 8280
0.013812 8280
0.013818 8280
0.013824 8280
0.013829 8280
0.013835 8280
0.013841 8280
0.013846 8280
0.013852 8280
0.013858 8280
0.013863 8280
0.013869 8280
0.013875 8280
0.01388 8280
0.013886 8280
0.013891 8280
0.013897 8280
0.013903 8280
0.013908 8280
0.013914 8280
0.01392 8280
0.013925 8280
0.013931 8280
0.013937 8280
0.013942 8280
0.013948 8280
0.013954 8280
0.013959 8280
0.013965 8280
0.013971 8280
0.013976 8280
0.013982 8280
0.013988 8280
0.013993 8280
0.013999 8280
0.014005 8280
0.01401 8280
0.014016 8280
0.014022 8280
0.014027 8280
0.014033 8280
0.014038 8280
0.014044 8280
0.01405 8280
0.014055 8280
0.014061 8280
0.014067 8280
0.014072 8280
0.014078 8280
0.014084 8280
0.014089 8280
0.014095 8280
0.014101 8280
0.014106 8280
0.014112 8280
0.014118 8280
0.014123 8280
0.014129 8280
0.014135 8280
0.01414 8280
0.014146 8280
0.014152 8280
0.014157 8280
0.014163 8280
0.014169 8280
0.014174 8280
0.01418 8280
0.014186 8280
0.014191 8280
0.014197 8280
0.014202 8280
0.014208 8280
0.014214 8280
0.014219 8280
0.014225 8280
0.014231 8280
0.014236 8280
0.014242 8280
0.014248 8280
0.014253 8280
0.014259 8280
0.014265 8280
0.01427 8280
0.014276 8280
0.014282 8280
0.014287 8280
0.014293 8280
0.014299 8280
0.014304 8280
0.01431 8280
0.014316 8280
0.014321 8280
0.014327 8280
0.014332 8280
0.014338 8280
0.014344 8280
0.014349 8280
0.014355 8280
0.014361 8280
0.014366 8280
0.014372 8280
0.014378 8280
0.014383 8280
0.014389 8280
0.014395 8280
0.0144 8280
0.014406 8280
0.014412 8280
0.014417 8280
0.014423 8280
0.014429 8280
0.014434 8280
0.01444 8280
0.014446 8280
0.014451 8280
0.014457 8280
0.014463 8280
0.014468 8280
0.014474 8280
0.014479 8280
0.014485 8280
0.014491 8280
0.014496 8280
0.014502 8280
0.014508 8280
0.014513 8280
0.014519 8280
0.014525 8280
0.01453 8280
0.014536 8280
0.014542 8280
0.014547 8280
0.014553 8280
0.014559 8280
0.014564 8280
0.01457 8280
0.014576 8280
0.014581 8280
0.014587 8280
0.014593 8280
0.014598 8280
0.014604 8280
0.01461 8280
0.014615 8280
0.014621 8280
0.014626 8280
0.014632 8280
0.014638 8280
0.014643 8280
0.014649 8280
0.014655 8280
0.01466 8280
0.014666 8280
0.014672 8280
0.014677 8280
0.014683 8280
0.014689 8280
0.014694 8280
0.0147 8280
0.014706 8280
0.014711 8280
0.014717 8280
0.014723 8280
0.014728 8280
0.014734 8280
0.01474 8280
0.014745 8280
0.014751 8280
0.014757 8280
0.014762 8280
0.014768 8280
0.014774 8280
0.014779 8280
0.014785 8280
0.01479 8280
0.014796 8280
0.014802 8280
0.014807 8280
0.014813 8280
0.014819 8280
0.014824 8280
0.01483 8280
0.014836 8280
0.014841 8280
0.014847 8280
0.014853 8280
0.014858 8280
0.014864 8280
0.01487 8280
0.014875 8280
0.014881 8280
0.014887 8280
0.014892 8280
0.014898 8280
0.014904 8280
0.014909 8280
0.014915 8280
0.01492 8280
0.014926 8280
0.014932 8280
0.014937 8280
0.014943 8280
0.014949 8280
0.014954 8280
0.01496 8280
0.014966 8280
0.014971 8280
0.014977 8280
0.014983 8280
0.014988 8280
0.014994 8280
0.015 8280
0.015005 8280
0.015011 8280
0.015017 8280
0.015022 8280
0.015028 8280
0.015034 8280
0.015039 8280
0.015045 8280
0.015051 8280
0.015056 8280
0.015062 8280
0.015068 8280
0.015073 8280
0.015079 8280
0.015084 8280
0.01509 8280
0.015096 8280
0.015101 8280
0.015107 8280
0.015113 8280
0.015118 8280
0.015124 8280
0.01513 8280
0.015135 8280
0.015141 8280
0.015147 8280
0.015152 8280
0.015158 8280
0.015164 8280
0.015169 8280
0.015175 8280
0.015181 8280
0.015186 8280
0.015192 8280
0.015198 8280
0.015203 8280
0.015209 8280
0.015215 8280
0.01522 8280
0.015226 8280
0.015231 8280
0.015237 8280
0.015243 8280
0.015248 8280
0.015254 8280
0.01526 8280
0.015265 8280
0.015271 8280
0.015277 8280
0.015282 8280
0.015288 8280
0.015294 8280
0.015299 8280
0.015305 8280
0.015311 8280
0.015316 8280
0.015322 8280
0.015328 8280
0.015333 8280
0.015339 8280
0.015345 8280
0.01535 8280
0.015356 8280
0.015362 8280
0.015367 8280
0.015373 8280
0.015378 8280
0.015384 8280
0.01539 8280
0.015395 8280
0.015401 8280
0.015407 8280
0.015412 8280
0.015418 8280
0.015424 8280
0.015429 8280
0.015435 8280
0.015441 8280
0.015446 8280
0.015452 8280
0.015458 8280
0.015463 8280
0.015469 8280
0.015475 8280
0.01548 8280
0.015486 8280
0.015492 8280
0.015497 8280
0.015503 8280
0.015508 8280
0.015514 8280
0.01552 8280
0.015525 8280
0.015531 8280
0.015537 8280
0.015542 8280
0.015548 8280
0.015554 8280
0.015559 8280
0.015565 8280
0.015571 8280
0.015576 8280
0.015582 8280
0.015588 8280
0.015593 8280
0.015599 8280
0.015605 8280
0.01561 8280
0.015616 8280
0.015622 8280
0.015627 8280
0.015633 8280
0.015639 8280
0.015644 8280
0.01565 8280
0.015655 8280
0.015661 8280
0.015667 8280
0.015672 8280
0.015678 8280
0.015684 8280
0.015689 8280
0.015695 8280
0.015701 8280
0.015706 8280
0.015712 8280
0.015718 8280
0.015723 8280
0.015729 8280
0.015735 8280
0.01574 8280
0.015746 8280
0.015752 8280
0.015757 8280
0.015763 8280
0.015769 8280
0.015774 8280
0.01578 8280
0.015786 8280
0.015791 8280
0.015797 8280
0.015803 8280
0.015808 8280
0.015814 8280
0.015819 8280
0.015825 8280
0.015831 8280
0.015836 8280
0.015842 8280
0.015848 8280
0.015853 8280
0.015859 8280
0.015865 8280
0.01587 8280
0.015876 8280
0.015882 8280
0.015887 8280
0.015893 8280
0.015899 8280
0.015904 8280
0.01591 8280
0.015916 8280
0.015921 8280
0.015927 8280
0.015933 8280
0.015938 8280
0.015944 8280
0.015949 8280
0.015955 8280
0.015961 8280
0.015966 8280
0.015972 8280
0.015978 8280
0.015983 8280
0.015989 8280
0.015995 8280
0.016 8280
0.016006 8280
0.016012 8280
0.016017 8280
0.016023 8280
0.016029 8280
0.016034 8280
0.01604 8280
0.016046 8280
0.016051 8280
0.016057 8280
0.016063 8280
0.016068 8280
0.016074 8280
0.01608 8280
0.016085 8280
0.016091 8280
0.016096 8280
0.016102 8280
0.016108 8280
0.016113 8280
0.016119 8280
0.016125 8280
0.01613 8280
0.016136 8280
0.016142 8280
0.016147 8280
0.016153 8280
0.016159 8280
0.016164 8280
0.01617 8280
0.016176 8280
0.016181 8280
0.016187 8280
0.016193 8280
0.016198 8280
0.016204 8280
0.01621 8280
0.016215 8280
0.016221 8280
0.016227 8280
0.016232 8280
0.016238 8280
0.016244 8280
0.016249 8280
0.016255 8280
0.01626 8280
0.016266 8280
0.016272 8280
0.016277 8280
0.016283 8280
0.016289 8280
0.016294 8280
0.0163 8280
0.016306 8280
0.016311 8280
0.016317 8280
0.016323 8280
0.016328 8280
0.016334 8280
0.01634 8280
0.016345 8280
0.016351 8280
0.016357 8280
0.016362 8280
0.016368 8280
0.016374 8280
0.016379 8280
0.016385 8280
0.01639 8280
0.016396 8280
0.016402 8280
0.016407 8280
0.016413 8280
0.016419 8280
0.016424 8280
0.01643 8280
0.016436 8280
0.016441 8280
0.016447 8280
0.016453 8280
0.016458 8280
0.016464 8280
0.01647 8280
0.016475 8280
0.016481 8280
0.016487 8280
0.016492 8280
0.016498 8280
0.016504 8280
0.016509 8280
0.016515 8280
0.016521 8280
0.016526 8280
0.016532 8280
0.016538 8280
0.016543 8280
0.016549 8280
0.016554 8280
0.01656 8280
0.016566 8280
0.016571 8280
0.016577 8280
0.016583 8280
0.016588 8280
0.016594 8280
0.0166 8280
0.016605 8280
0.016611 8280
0.016617 8280
0.016622 8280
0.016628 8280
0.016634 8280
0.016639 8280
0.016645 8280
0.016651 8280
0.016656 8280
0.016662 8280
0.016668 8280
0.016673 8280
0.016679 8280
0.016684 8280
0.01669 8280
0.016696 8280
0.016701 8280
0.016707 8280
0.016713 8280
0.016718 8280
0.016724 8280
0.01673 8280
0.016735 8280
0.016741 8280
0.016747 8280
0.016752 8280
0.016758 8280
0.016764 8280
0.016769 8280
0.016775 8280
0.016781 8280
0.016786 8280
0.016792 8280
0.016798 8280
0.016803 8280
0.016809 8280
0.016815 8280
0.01682 8280
0.016826 8280
0.016831 8280
0.016837 8280
0.016843 8280
0.016848 8280
0.016854 8280
0.01686 8280
0.016865 8280
0.016871 8280
0.016877 8280
0.016882 8280
0.016888 8280
0.016894 8280
0.016899 8280
0.016905 8280
0.016911 8280
0.016916 8280
0.016922 8280
0.016928 8280
0.016933 8280
0.016939 8280
0.016945 8280
0.01695 8280
0.016956 8280
0.016962 8280
0.016967 8280
0.016973 8280
0.016979 8280
0.016984 8280
0.01699 8280
0.016995 8280
0.017001 8280
0.017007 8280
0.017012 8280
0.017018 8280
0.017024 8280
0.017029 8280
0.017035 8280
0.017041 8280
0.017046 8280
0.017052 8280
0.017058 8280
0.017063 8280
0.017069 8280
0.017075 8280
0.01708 8280
0.017086 8280
0.017092 8280
0.017097 8280
0.017103 8280
0.017109 8280
0.017114 8280
0.01712 8280
0.017125 8280
0.017131 8280
0.017137 8280
0.017142 8280
0.017148 8280
0.017154 8280
0.017159 8280
0.017165 8280
0.017171 8280
0.017176 8280
0.017182 8280
0.017188 8280
0.017193 8280
0.017199 8280
0.017205 8280
0.01721 8280
0.017216 8280
0.017222 8280
0.017227 8280
0.017233 8280
0.017239 8280
0.017244 8280
0.01725 8280
0.017256 8280
0.017261 8280
0.017267 8280
0.017272 8280
0.017278 8280
0.017284 8280
0.017289 8280
0.017295 8280
0.017301 8280
0.017306 8280
0.017312 8280
0.017318 8280
0.017323 8280
0.017329 8280
0.017335 8280
0.01734 8280
0.017346 8280
0.017352 8280
0.017357 8280
0.017363 8280
0.017369 8280
0.017374 8280
0.01738 8280
0.017386 8280
0.017391 8280
0.017397 8280
0.017403 8280
0.017408 8280
0.017414 8280
0.01742 8280
0.017425 8280
0.017431 8280
0.017436 8280
0.017442 8280
0.017448 8280
0.017453 8280
0.017459 8280
0.017465 8280
0.01747 8280
0.017476 8280
0.017482 8280
0.017487 8280
0.017493 8280
0.017499 8280
0.017504 8280
0.01751 8280
0.017516 8280
0.017521 8280
0.017527 8280
0.017533 8280
0.017538 8280
0.017544 8280
0.01755 8280
0.017555 8280
0.017561 8280
0.017567 8280
0.017572 8280
0.017578 8280
0.017583 8280
0.017589 8280
0.017595 8280
0.0176 8280
0.017606 8280
0.017612 8280
0.017617 8280
0.017623 8280
0.017629 8280
0.017634 8280
0.01764 8280
0.017646 8280
0.017651 8280
0.017657 8280
0.017663 8280
0.017668 8280
0.017674 8280
0.01768 8280
0.017685 8280
0.017691 8280
0.017697 8280
0.017702 8280
0.017708 8280
0.017714 8280
0.017719 8280
0.017725 8280
0.01773 8280
0.017736 8280
0.017742 8280
0.017747 8280
0.017753 8280
0.017759 8280
0.017764 8280
0.01777 8280
0.017776 8280
0.017781 8280
0.017787 8280
0.017793 8280
0.017798 8280
0.017804 8280
0.01781 8280
0.017815 8280
0.017821 8280
0.017827 8280
0.017832 8280
0.017838 8280
0.017844 8280
0.017849 8280
0.017855 8280
0.01786 8280
0.017866 8280
0.017872 8280
0.017877 8280
0.017883 8280
0.017889 8280
0.017894 8280
0.0179 8280
0.017906 8280
0.017911 8280
0.017917 8280
0.017923 8280
0.017928 8280
0.017934 8280
0.01794 8280
0.017945 8280
0.017951 8280
0.017957 8280
0.017962 8280
0.017968 8280
0.017974 8280
0.017979 8280
0.017985 8280
0.017991 8280
0.017996 8280
0.018002 8280
0.018008 8280
0.018013 8280
0.018019 8280
0.018024 8280
0.01803 8280
0.018036 8280
0.018041 8280
0.018047 8280
0.018053 8280
0.018058 8280
0.018064 8280
0.01807 8280
0.018075 8280
0.018081 8280
0.018087 8280
0.018092 8280
0.018098 8280
0.018104 8280
0.018109 8280
0.018115 8280
0.018121 8280
0.018126 8280
0.018132 8280
0.018138 8280
0.018143 8280
0.018149 8280
0.018154 8280
0.01816 8280
0.018166 8280
0.018171 8280
0.018177 8280
0.018183 8280
0.018188 8280
0.018194 8280
0.0182 8280
0.018205 8280
0.018211 8280
0.018217 8280
0.018222 8280
0.018228 8280
0.018234 8280
0.018239 8280
0.018245 8280
0.018251 8280
0.018256 8280
0.018262 8280
0.018268 8280
0.018273 8280
0.018279 8280
0.018285 8280
0.01829 8280
0.018296 8280
0.018302 8280
0.018307 8280
0.018313 8280
0.018318 8280
0.018324 8280
0.01833 8280
0.018335 8280
0.018341 8280
0.018347 8280
0.018352 8280
0.018358 8280
0.018364 8280
0.018369 8280
0.018375 8280
0.018381 8280
0.018386 8280
0.018392 8280
0.018398 8280
0.018403 8280
0.018409 8280
0.018415 8280
0.01842 8280
0.018426 8280
0.018432 8280
0.018437 8280
0.018443 8280
0.018448 8280
0.018454 8280
0.01846 8280
0.018465 8280
0.018471 8280
0.018477 8280
0.018482 8280
0.018488 8280
0.018494 8280
0.018499 8280
0.018505 8280
0.018511 8280
0.018516 8280
0.018522 8280
0.018528 8280
0.018533 8280
0.018539 8280
0.018545 8280
0.01855 8280
0.018556 8280
0.018562 8280
0.018567 8280
0.018573 8280
0.018579 8280
0.018584 8280
0.01859 8280
0.018596 8280
0.018601 8280
0.018607 8280
0.018612 8280
0.018618 8280
0.018624 8280
0.018629 8280
0.018635 8280
0.018641 8280
0.018646 8280
0.018652 8280
0.018658 8280
0.018663 8280
0.018669 8280
0.018675 8280
0.01868 8280
0.018686 8280
0.018692 8280
0.018697 8280
0.018703 8280
0.018709 8280
0.018714 8280
0.01872 8280
0.018726 8280
0.018731 8280
0.018737 8280
0.018743 8280
0.018748 8280
0.018754 8280
0.018759 8280
0.018765 8280
0.018771 8280
0.018776 8280
0.018782 8280
0.018788 8280
0.018793 8280
0.018799 8280
0.018805 8280
0.01881 8280
0.018816 8280
0.018822 8280
0.018827 8280
0.018833 8280
0.018839 8280
0.018844 8280
0.01885 8280
0.018856 8280
0.018861 8280
0.018867 8280
0.018873 8280
0.018878 8280
0.018884 8280
0.01889 8280
0.018895 8280
0.018901 8280
0.018906 8280
0.018912 8280
0.018918 8280
0.018923 8280
0.018929 8280
0.018935 8280
0.01894 8280
0.018946 8280
0.018952 8280
0.018957 8280
0.018963 8280
0.018969 8280
0.018974 8280
0.01898 8280
0.018986 8280
0.018991 8280
0.018997 8280
0.019003 8280
0.019008 8280
0.019014 8280
0.01902 8280
0.019025 8280
0.019031 8280
0.019037 8280
0.019042 8280
0.019048 8280
0.019053 8280
0.019059 8280
0.019065 8280
0.01907 8280
0.019076 8280
0.019082 8280
0.019087 8280
0.019093 8280
0.019099 8280
0.019104 8280
0.01911 8280
0.019116 8280
0.019121 8280
0.019127 8280
0.019133 8280
0.019138 8280
0.019144 8280
0.01915 8280
0.019155 8280
0.019161 8280
0.019167 8280
0.019172 8280
0.019178 8280
0.019183 8280
0.019189 8280
0.019195 8280
0.0192 8280
0.019206 8280
0.019212 8280
0.019217 8280
0.019223 8280
0.019229 8280
0.019234 8280
0.01924 8280
0.019246 8280
0.019251 8280
0.019257 8280
0.019263 8280
0.019268 8280
0.019274 8280
0.01928 8280
0.019285 8280
0.019291 8280
0.019297 8280
0.019302 8280
0.019308 8280
0.019314 8280
0.019319 8280
0.019325 8280
0.019331 8280
0.019336 8280
0.019342 8280
0.019347 8280
0.019353 8280
0.019359 8280
0.019364 8280
0.01937 8280
0.019376 8280
0.019381 8280
0.019387 8280
0.019393 8280
0.019398 8280
0.019404 8280
0.01941 8280
0.019415 8280
0.019421 8280
0.019427 8280
0.019432 8280
0.019438 8280
0.019444 8280
0.019449 8280
0.019455 8280
0.019461 8280
0.019466 8280
0.019472 8280
0.019478 8280
0.019483 8280
0.019489 8280
0.019494 8280
0.0195 8280
0.019506 8280
0.019511 8280
0.019517 8280
0.019523 8280
0.019528 8280
0.019534 8280
0.01954 8280
0.019545 8280
0.019551 8280
0.019557 8280
0.019562 8280
0.019568 8280
0.019574 8280
0.019579 8280
0.019585 8280
0.019591 8280
0.019596 8280
0.019602 8280
0.019608 8280
0.019613 8280
0.019619 8280
0.019624 8280
0.01963 8280
0.019636 8280
0.019641 8280
0.019647 8280
0.019653 8280
0.019658 8280
0.019664 8280
0.01967 8280
0.019675 8280
0.019681 8280
0.019687 8280
0.019692 8280
0.019698 8280
0.019704 8280
0.019709 8280
0.019715 8280
0.019721 8280
0.019726 8280
0.019732 8280
0.019738 8280
0.019743 8280
0.019749 8280
0.019755 8280
0.01976 8280
0.019766 8280
0.019772 8280
0.019777 8280
0.019783 8280
0.019788 8280
1 8280
