5.6538e-06 53782
1.1308e-05 53782
1.6962e-05 53782
2.2615e-05 53781
2.8269e-05 53781
3.3923e-05 53781
3.9577e-05 53781
4.5231e-05 53781
5.0885e-05 53781
5.6538e-05 53781
6.2192e-05 53780
6.7846e-05 53779
7.35e-05 53778
7.9154e-05 53776
8.4808e-05 53774
9.0462e-05 53770
9.6115e-05 53764
0.00010177 53756
0.00010742 53745
0.00011308 53729
0.00011873 53706
0.00012438 53676
0.00013004 53634
0.00013569 53577
0.00014135 53502
0.000147 53402
0.00015265 53272
0.00015831 53103
0.00016396 52888
0.00016962 52616
0.00017527 52275
0.00018092 51854
0.00018658 51340
0.00019223 50719
0.00019788 49980
0.00020354 49109
0.00020919 48099
0.00021485 46941
0.0002205 45634
0.00022615 44178
0.00023181 42579
0.00023746 40850
0.00024312 39008
0.00024877 37074
0.00025442 35074
0.00026008 33036
0.00026573 30990
0.00027138 28965
0.00027704 26988
0.00028269 25085
0.00028835 23275
0.000294 21576
0.00029965 19998
0.00030531 18550
0.00031096 17234
0.00031662 16049
0.00032227 14994
0.00032792 14063
0.00033358 13248
0.00033923 12543
0.00034488 11939
0.00035054 11428
0.00035619 11002
0.00036185 10654
0.0003675 10376
0.00037315 10162
0.00037881 10006
0.00038446 9903.4
0.00039012 9848.2
0.00039577 9836.5
0.00040142 9864.4
0.00040708 9928.3
0.00041273 10025
0.00041838 10152
0.00042404 10307
0.00042969 10488
0.00043535 10693
0.000441 10920
0.00044665 11168
0.00045231 11435
0.00045796 11722
0.00046362 12026
0.00046927 12348
0.00047492 12687
0.00048058 13042
0.00048623 13413
0.00049188 13800
0.00049754 14203
0.00050319 14621
0.00050885 15054
0.0005145 15502
0.00052015 15965
0.00052581 16443
0.00053146 16935
0.00053712 17442
0.00054277 17962
0.00054842 18496
0.00055408 19044
0.00055973 19604
0.00056538 20177
0.00057104 20761
0.00057669 21357
0.00058235 21964
0.000588 22581
0.00059365 23208
0.00059931 23843
0.00060496 24486
0.00061062 25137
0.00061627 25795
0.00062192 26458
0.00062758 27125
0.00063323 27797
0.00063888 28472
0.00064454 29148
0.00065019 29826
0.00065585 30504
0.0006615 31181
0.00066715 31857
0.00067281 32530
0.00067846 33199
0.00068412 33864
0.00068977 34523
0.00069542 35177
0.00070108 35823
0.00070673 36462
0.00071238 37091
0.00071804 37712
0.00072369 38323
0.00072935 38923
0.000735 39512
0.00074065 40089
0.00074631 40654
0.00075196 41206
0.00075762 41745
0.00076327 42271
0.00076892 42783
0.00077458 43281
0.00078023 43765
0.00078588 44234
0.00079154 44689
0.00079719 45129
0.00080285 45554
0.0008085 45965
0.00081415 46362
0.00081981 46744
0.00082546 47112
0.00083112 47465
0.00083677 47804
0.00084242 48130
0.00084808 48442
0.00085373 48741
0.00085938 49026
0.00086504 49299
0.00087069 49560
0.00087635 49808
0.000882 50044
0.00088765 50269
0.00089331 50483
0.00089896 50686
0.00090462 50879
0.00091027 51062
0.00091592 51235
0.00092158 51398
0.00092723 51553
0.00093288 51699
0.00093854 51837
0.00094419 51967
0.00094985 52090
0.0009555 52205
0.00096115 52314
0.00096681 52416
0.00097246 52512
0.00097812 52601
0.00098377 52686
0.00098942 52765
0.00099508 52838
0.0010007 52908
0.0010064 52972
0.001012 53032
0.0010177 53089
0.0010233 53141
0.001029 53190
0.0010347 53235
0.0010403 53278
0.001046 53317
0.0010516 53354
0.0010573 53388
0.0010629 53419
0.0010686 53448
0.0010742 53475
0.0010799 53500
0.0010855 53523
0.0010912 53545
0.0010968 53564
0.0011025 53583
0.0011082 53600
0.0011138 53615
0.0011195 53629
0.0011251 53642
0.0011308 53655
0.0011364 53666
0.0011421 53676
0.0011477 53685
0.0011534 53694
0.001159 53702
0.0011647 53709
0.0011703 53715
0.001176 53722
0.0011817 53727
0.0011873 53732
0.001193 53737
0.0011986 53741
0.0012043 53745
0.0012099 53748
0.0012156 53751
0.0012212 53754
0.0012269 53757
0.0012325 53759
0.0012382 53761
0.0012438 53763
0.0012495 53765
0.0012552 53767
0.0012608 53768
0.0012665 53770
0.0012721 53771
0.0012778 53772
0.0012834 53773
0.0012891 53774
0.0012947 53775
0.0013004 53775
0.001306 53776
0.0013117 53777
0.0013173 53777
0.001323 53778
0.0013287 53778
0.0013343 53778
0.00134 53779
0.0013456 53779
0.0013513 53779
0.0013569 53780
0.0013626 53780
0.0013682 53780
0.0013739 53780
0.0013795 53780
0.0013852 53780
0.0013908 53781
0.0013965 53781
0.0014022 53781
0.0014078 53781
0.0014135 53781
0.0014191 53781
0.0014248 53781
0.0014304 53781
0.0014361 53781
0.0014417 53781
0.0014474 53781
0.001453 53781
0.0014587 53781
0.0014643 53781
0.00147 53781
0.0014757 53781
0.0014813 53781
0.001487 53781
0.0014926 53781
0.0014983 53781
0.0015039 53781
0.0015096 53781
0.0015152 53781
0.0015209 53781
0.0015265 53782
0.0015322 53782
0.0015378 53782
0.0015435 53782
0.0015492 53782
0.0015548 53782
0.0015605 53782
0.0015661 53782
0.0015718 53782
0.0015774 53782
0.0015831 53782
0.0015887 53782
0.0015944 53782
0.0016 53782
0.0016057 53782
0.0016113 53782
0.001617 53782
0.0016227 53782
0.0016283 53782
0.001634 53782
0.0016396 53782
0.0016453 53782
0.0016509 53782
0.0016566 53782
0.0016622 53782
0.0016679 53782
0.0016735 53782
0.0016792 53782
0.0016848 53782
0.0016905 53782
0.0016962 53782
0.0017018 53782
0.0017075 53782
0.0017131 53782
0.0017188 53782
0.0017244 53782
0.0017301 53782
0.0017357 53782
0.0017414 53782
0.001747 53782
0.0017527 53782
0.0017583 53782
0.001764 53782
0.0017697 53782
0.0017753 53782
0.001781 53782
0.0017866 53782
0.0017923 53782
0.0017979 53782
0.0018036 53782
0.0018092 53782
0.0018149 53782
0.0018205 53782
0.0018262 53782
0.0018318 53782
0.0018375 53782
0.0018432 53782
0.0018488 53782
0.0018545 53782
0.0018601 53782
0.0018658 53782
0.0018714 53782
0.0018771 53782
0.0018827 53782
0.0018884 53782
0.001894 53782
0.0018997 53782
0.0019053 53782
0.001911 53782
0.0019167 53782
0.0019223 53782
0.001928 53782
0.0019336 53782
0.0019393 53782
0.0019449 53782
0.0019506 53782
0.0019562 53782
0.0019619 53782
0.0019675 53782
0.0019732 53782
0.0019788 53782
0.0019845 53782
0.0019902 53782
0.0019958 53782
0.0020015 53782
0.0020071 53782
0.0020128 53782
0.0020184 53782
0.0020241 53782
0.0020297 53782
0.0020354 53782
0.002041 53782
0.0020467 53782
0.0020523 53782
0.002058 53782
0.0020637 53782
0.0020693 53782
0.002075 53782
0.0020806 53782
0.0020863 53782
0.0020919 53782
0.0020976 53782
0.0021032 53782
0.0021089 53782
0.0021145 53782
0.0021202 53782
0.0021258 53782
0.0021315 53782
0.0021372 53782
0.0021428 53782
0.0021485 53782
0.0021541 53782
0.0021598 53782
0.0021654 53782
0.0021711 53782
0.0021767 53782
0.0021824 53782
0.002188 53782
0.0021937 53782
0.0021993 53782
0.002205 53782
0.0022107 53782
0.0022163 53782
0.002222 53782
0.0022276 53782
0.0022333 53782
0.0022389 53782
0.0022446 53782
0.0022502 53782
0.0022559 53782
0.0022615 53782
0.0022672 53782
0.0022728 53782
0.0022785 53782
0.0022842 53782
0.0022898 53782
0.0022955 53782
0.0023011 53782
0.0023068 53782
0.0023124 53782
0.0023181 53782
0.0023237 53782
0.0023294 53782
0.002335 53782
0.0023407 53782
0.0023463 53782
0.002352 53782
0.0023577 53782
0.0023633 53782
0.002369 53782
0.0023746 53782
0.0023803 53782
0.0023859 53782
0.0023916 53782
0.0023972 53782
0.0024029 53782
0.0024085 53782
0.0024142 53782
0.0024198 53782
0.0024255 53782
0.0024312 53782
0.0024368 53782
0.0024425 53782
0.0024481 53782
0.0024538 53782
0.0024594 53782
0.0024651 53782
0.0024707 53782
0.0024764 53782
0.002482 53782
0.0024877 53782
0.0024933 53782
0.002499 53782
0.0025047 53782
0.0025103 53782
0.002516 53782
0.0025216 53782
0.0025273 53782
0.0025329 53782
0.0025386 53782
0.0025442 53782
0.0025499 53782
0.0025555 53782
0.0025612 53782
0.0025668 53782
0.0025725 53782
0.0025782 53782
0.0025838 53782
0.0025895 53782
0.0025951 53782
0.0026008 53782
0.0026064 53782
0.0026121 53782
0.0026177 53782
0.0026234 53782
0.002629 53782
0.0026347 53782
0.0026403 53782
0.002646 53782
0.0026517 53782
0.0026573 53782
0.002663 53782
0.0026686 53782
0.0026743 53782
0.0026799 53782
0.0026856 53782
0.0026912 53782
0.0026969 53782
0.0027025 53782
0.0027082 53782
0.0027138 53782
0.0027195 53782
0.0027252 53782
0.0027308 53782
0.0027365 53782
0.0027421 53782
0.0027478 53782
0.0027534 53782
0.0027591 53782
0.0027647 53782
0.0027704 53782
0.002776 53782
0.0027817 53782
0.0027873 53782
0.002793 53782
0.0027987 53782
0.0028043 53782
0.00281 53782
0.0028156 53782
0.0028213 53782
0.0028269 53782
0.0028326 53782
0.0028382 53782
0.0028439 53782
0.0028495 53782
0.0028552 53782
0.0028608 53782
0.0028665 53782
0.0028722 53782
0.0028778 53782
0.0028835 53782
0.0028891 53782
0.0028948 53782
0.0029004 53782
0.0029061 53782
0.0029117 53782
0.0029174 53782
0.002923 53782
0.0029287 53782
0.0029343 53782
0.00294 53782
0.0029457 53782
0.0029513 53782
0.002957 53782
0.0029626 53782
0.0029683 53782
0.0029739 53782
0.0029796 53782
0.0029852 53782
0.0029909 53782
0.0029965 53782
0.0030022 53782
0.0030078 53782
0.0030135 53782
0.0030192 53782
0.0030248 53782
0.0030305 53782
0.0030361 53782
0.0030418 53782
0.0030474 53782
0.0030531 53782
0.0030587 53782
0.0030644 53782
0.00307 53782
0.0030757 53782
0.0030813 53782
0.003087 53782
0.0030927 53782
0.0030983 53782
0.003104 53782
0.0031096 53782
0.0031153 53782
0.0031209 53782
0.0031266 53782
0.0031322 53782
0.0031379 53782
0.0031435 53782
0.0031492 53782
0.0031548 53782
0.0031605 53782
0.0031662 53782
0.0031718 53782
0.0031775 53782
0.0031831 53782
0.0031888 53782
0.0031944 53782
0.0032001 53782
0.0032057 53782
0.0032114 53782
0.003217 53782
0.0032227 53782
0.0032283 53782
0.003234 53782
0.0032397 53782
0.0032453 53782
0.003251 53782
0.0032566 53782
0.0032623 53782
0.0032679 53782
0.0032736 53782
0.0032792 53782
0.0032849 53782
0.0032905 53782
0.0032962 53782
0.0033018 53782
0.0033075 53782
0.0033132 53782
0.0033188 53782
0.0033245 53782
0.0033301 53782
0.0033358 53782
0.0033414 53782
0.0033471 53782
0.0033527 53782
0.0033584 53782
0.003364 53782
0.0033697 53782
0.0033753 53782
0.003381 53782
0.0033867 53782
0.0033923 53782
0.003398 53782
0.0034036 53782
0.0034093 53782
0.0034149 53782
0.0034206 53782
0.0034262 53782
0.0034319 53782
0.0034375 53782
0.0034432 53782
0.0034488 53782
0.0034545 53782
0.0034602 53782
0.0034658 53782
0.0034715 53782
0.0034771 53782
0.0034828 53782
0.0034884 53782
0.0034941 53782
0.0034997 53782
0.0035054 53782
0.003511 53782
0.0035167 53782
0.0035223 53782
0.003528 53782
0.0035337 53782
0.0035393 53782
0.003545 53782
0.0035506 53782
0.0035563 53782
0.0035619 53782
0.0035676 53782
0.0035732 53782
0.0035789 53782
0.0035845 53782
0.0035902 53782
0.0035958 53782
0.0036015 53782
0.0036072 53782
0.0036128 53782
0.0036185 53782
0.0036241 53782
0.0036298 53782
0.0036354 53782
0.0036411 53782
0.0036467 53782
0.0036524 53782
0.003658 53782
0.0036637 53782
0.0036693 53782
0.003675 53782
0.0036807 53782
0.0036863 53782
0.003692 53782
0.0036976 53782
0.0037033 53782
0.0037089 53782
0.0037146 53782
0.0037202 53782
0.0037259 53782
0.0037315 53782
0.0037372 53782
0.0037428 53782
0.0037485 53782
0.0037542 53782
0.0037598 53782
0.0037655 53782
0.0037711 53782
0.0037768 53782
0.0037824 53782
0.0037881 53782
0.0037937 53782
0.0037994 53782
0.003805 53782
0.0038107 53782
0.0038163 53782
0.003822 53782
0.0038277 53782
0.0038333 53782
0.003839 53782
0.0038446 53782
0.0038503 53782
0.0038559 53782
0.0038616 53782
0.0038672 53782
0.0038729 53782
0.0038785 53782
0.0038842 53782
0.0038898 53782
0.0038955 53782
0.0039012 53782
0.0039068 53782
0.0039125 53782
0.0039181 53782
0.0039238 53782
0.0039294 53782
0.0039351 53782
0.0039407 53782
0.0039464 53782
0.003952 53782
0.0039577 53782
0.0039633 53782
0.003969 53782
0.0039747 53782
0.0039803 53782
0.003986 53782
0.0039916 53782
0.0039973 53782
0.0040029 53782
0.0040086 53782
0.0040142 53782
0.0040199 53782
0.0040255 53782
0.0040312 53782
0.0040368 53782
0.0040425 53782
0.0040482 53782
0.0040538 53782
0.0040595 53782
0.0040651 53782
0.0040708 53782
0.0040764 53782
0.0040821 53782
0.0040877 53782
0.0040934 53782
0.004099 53782
0.0041047 53782
0.0041103 53782
0.004116 53782
0.0041217 53782
0.0041273 53782
0.004133 53782
0.0041386 53782
0.0041443 53782
0.0041499 53782
0.0041556 53782
0.0041612 53782
0.0041669 53782
0.0041725 53782
0.0041782 53782
0.0041838 53782
0.0041895 53782
0.0041952 53782
0.0042008 53782
0.0042065 53782
0.0042121 53782
0.0042178 53782
0.0042234 53782
0.0042291 53782
0.0042347 53782
0.0042404 53782
0.004246 53782
0.0042517 53782
0.0042573 53782
0.004263 53782
0.0042687 53782
0.0042743 53782
0.00428 53782
0.0042856 53782
0.0042913 53782
0.0042969 53782
0.0043026 53782
0.0043082 53782
0.0043139 53782
0.0043195 53782
0.0043252 53782
0.0043308 53782
0.0043365 53782
0.0043422 53782
0.0043478 53782
0.0043535 53782
0.0043591 53782
0.0043648 53782
0.0043704 53782
0.0043761 53782
0.0043817 53782
0.0043874 53782
0.004393 53782
0.0043987 53782
0.0044043 53782
0.00441 53782
0.0044157 53782
0.0044213 53782
0.004427 53782
0.0044326 53782
0.0044383 53782
0.0044439 53782
0.0044496 53782
0.0044552 53782
0.0044609 53782
0.0044665 53782
0.0044722 53782
0.0044778 53782
0.0044835 53782
0.0044892 53782
0.0044948 53782
0.0045005 53782
0.0045061 53782
0.0045118 53782
0.0045174 53782
0.0045231 53782
0.0045287 53782
0.0045344 53782
0.00454 53782
0.0045457 53782
0.0045513 53782
0.004557 53782
0.0045627 53782
0.0045683 53782
0.004574 53782
0.0045796 53782
0.0045853 53782
0.0045909 53782
0.0045966 53782
0.0046022 53782
0.0046079 53782
0.0046135 53782
0.0046192 53782
0.0046248 53782
0.0046305 53782
0.0046362 53782
0.0046418 53782
0.0046475 53782
0.0046531 53782
0.0046588 53782
0.0046644 53782
0.0046701 53782
0.0046757 53782
0.0046814 53782
0.004687 53782
0.0046927 53782
0.0046983 53782
0.004704 53782
0.0047097 53782
0.0047153 53782
0.004721 53782
0.0047266 53782
0.0047323 53782
0.0047379 53782
0.0047436 53782
0.0047492 53782
0.0047549 53782
0.0047605 53782
0.0047662 53782
0.0047718 53782
0.0047775 53782
0.0047832 53782
0.0047888 53782
0.0047945 53782
0.0048001 53782
0.0048058 53782
0.0048114 53782
0.0048171 53782
0.0048227 53782
0.0048284 53782
0.004834 53782
0.0048397 53782
0.0048453 53782
0.004851 53782
0.0048567 53782
0.0048623 53782
0.004868 53782
0.0048736 53782
0.0048793 53782
0.0048849 53782
0.0048906 53782
0.0048962 53782
0.0049019 53782
0.0049075 53782
0.0049132 53782
0.0049188 53782
0.0049245 53782
0.0049302 53782
0.0049358 53782
0.0049415 53782
0.0049471 53782
0.0049528 53782
0.0049584 53782
0.0049641 53782
0.0049697 53782
0.0049754 53782
0.004981 53782
0.0049867 53782
0.0049923 53782
0.004998 53782
0.0050037 53782
0.0050093 53782
0.005015 53782
0.0050206 53782
0.0050263 53782
0.0050319 53782
0.0050376 53782
0.0050432 53782
0.0050489 53782
0.0050545 53782
0.0050602 53782
0.0050658 53782
0.0050715 53782
0.0050772 53782
0.0050828 53782
0.0050885 53782
0.0050941 53782
0.0050998 53782
0.0051054 53782
0.0051111 53782
0.0051167 53782
0.0051224 53782
0.005128 53782
0.0051337 53782
0.0051393 53782
0.005145 53782
0.0051507 53782
0.0051563 53782
0.005162 53782
0.0051676 53782
0.0051733 53782
0.0051789 53782
0.0051846 53782
0.0051902 53782
0.0051959 53782
0.0052015 53782
0.0052072 53782
0.0052128 53782
0.0052185 53782
0.0052242 53782
0.0052298 53782
0.0052355 53782
0.0052411 53782
0.0052468 53782
0.0052524 53782
0.0052581 53782
0.0052637 53782
0.0052694 53782
0.005275 53782
0.0052807 53782
0.0052863 53782
0.005292 53782
0.0052977 53782
0.0053033 53782
0.005309 53782
0.0053146 53782
0.0053203 53782
0.0053259 53782
0.0053316 53782
0.0053372 53782
0.0053429 53782
0.0053485 53782
0.0053542 53782
0.0053598 53782
0.0053655 53782
0.0053712 53782
0.0053768 53782
0.0053825 53782
0.0053881 53782
0.0053938 53782
0.0053994 53782
0.0054051 53782
0.0054107 53782
0.0054164 53782
0.005422 53782
0.0054277 53782
0.0054333 53782
0.005439 53782
0.0054447 53782
0.0054503 53782
0.005456 53782
0.0054616 53782
0.0054673 53782
0.0054729 53782
0.0054786 53782
0.0054842 53782
0.0054899 53782
0.0054955 53782
0.0055012 53782
0.0055068 53782
0.0055125 53782
0.0055182 53782
0.0055238 53782
0.0055295 53782
0.0055351 53782
0.0055408 53782
0.0055464 53782
0.0055521 53782
0.0055577 53782
0.0055634 53782
0.005569 53782
0.0055747 53782
0.0055803 53782
0.005586 53782
0.0055917 53782
0.0055973 53782
0.005603 53782
0.0056086 53782
0.0056143 53782
0.0056199 53782
0.0056256 53782
0.0056312 53782
0.0056369 53782
0.0056425 53782
0.0056482 53782
0.0056538 53782
0.0056595 53782
0.0056652 53782
0.0056708 53782
0.0056765 53782
0.0056821 53782
0.0056878 53782
0.0056934 53782
0.0056991 53782
0.0057047 53782
0.0057104 53782
0.005716 53782
0.0057217 53782
0.0057273 53782
0.005733 53782
0.0057387 53782
0.0057443 53782
0.00575 53782
0.0057556 53782
0.0057613 53782
0.0057669 53782
0.0057726 53782
0.0057782 53782
0.0057839 53782
0.0057895 53782
0.0057952 53782
0.0058008 53782
0.0058065 53782
0.0058122 53782
0.0058178 53782
0.0058235 53782
0.0058291 53782
0.0058348 53782
0.0058404 53782
0.0058461 53782
0.0058517 53782
0.0058574 53782
0.005863 53782
0.0058687 53782
0.0058743 53782
0.00588 53782
0.0058857 53782
0.0058913 53782
0.005897 53782
0.0059026 53782
0.0059083 53782
0.0059139 53782
0.0059196 53782
0.0059252 53782
0.0059309 53782
0.0059365 53782
0.0059422 53782
0.0059478 53782
0.0059535 53782
0.0059592 53782
0.0059648 53782
0.0059705 53782
0.0059761 53782
0.0059818 53782
0.0059874 53782
0.0059931 53782
0.0059987 53782
0.0060044 53782
0.00601 53782
0.0060157 53782
0.0060213 53782
0.006027 53782
0.0060327 53782
0.0060383 53782
0.006044 53782
0.0060496 53782
0.0060553 53782
0.0060609 53782
0.0060666 53782
0.0060722 53782
0.0060779 53782
0.0060835 53782
0.0060892 53782
0.0060948 53782
0.0061005 53782
0.0061062 53782
0.0061118 53782
0.0061175 53782
0.0061231 53782
0.0061288 53782
0.0061344 53782
0.0061401 53782
0.0061457 53782
0.0061514 53782
0.006157 53782
0.0061627 53782
0.0061683 53782
0.006174 53782
0.0061797 53782
0.0061853 53782
0.006191 53782
0.0061966 53782
0.0062023 53782
0.0062079 53782
0.0062136 53782
0.0062192 53782
0.0062249 53782
0.0062305 53782
0.0062362 53782
0.0062418 53782
0.0062475 53782
0.0062532 53782
0.0062588 53782
0.0062645 53782
0.0062701 53782
0.0062758 53782
0.0062814 53782
0.0062871 53782
0.0062927 53782
0.0062984 53782
0.006304 53782
0.0063097 53782
0.0063153 53782
0.006321 53782
0.0063267 53782
0.0063323 53782
0.006338 53782
0.0063436 53782
0.0063493 53782
0.0063549 53782
0.0063606 53782
0.0063662 53782
0.0063719 53782
0.0063775 53782
0.0063832 53782
0.0063888 53782
0.0063945 53782
0.0064002 53782
0.0064058 53782
0.0064115 53782
0.0064171 53782
0.0064228 53782
0.0064284 53782
0.0064341 53782
0.0064397 53782
0.0064454 53782
0.006451 53782
0.0064567 53782
0.0064623 53782
0.006468 53782
0.0064737 53782
0.0064793 53782
0.006485 53782
0.0064906 53782
0.0064963 53782
0.0065019 53782
0.0065076 53782
0.0065132 53782
0.0065189 53782
0.0065245 53782
0.0065302 53782
0.0065358 53782
0.0065415 53782
0.0065472 53782
0.0065528 53782
0.0065585 53782
0.0065641 53782
0.0065698 53782
0.0065754 53782
0.0065811 53782
0.0065867 53782
0.0065924 53782
0.006598 53782
0.0066037 53782
0.0066093 53782
0.006615 53782
0.0066207 53782
0.0066263 53782
0.006632 53782
0.0066376 53782
0.0066433 53782
0.0066489 53782
0.0066546 53782
0.0066602 53782
0.0066659 53782
0.0066715 53782
0.0066772 53782
0.0066828 53782
0.0066885 53782
0.0066942 53782
0.0066998 53782
0.0067055 53782
0.0067111 53782
0.0067168 53782
0.0067224 53782
0.0067281 53782
0.0067337 53782
0.0067394 53782
0.006745 53782
0.0067507 53782
0.0067563 53782
0.006762 53782
0.0067677 53782
0.0067733 53782
0.006779 53782
0.0067846 53782
0.0067903 53782
0.0067959 53782
0.0068016 53782
0.0068072 53782
0.0068129 53782
0.0068185 53782
0.0068242 53782
0.0068298 53782
0.0068355 53782
0.0068412 53782
0.0068468 53782
0.0068525 53782
0.0068581 53782
0.0068638 53782
0.0068694 53782
0.0068751 53782
0.0068807 53782
0.0068864 53782
0.006892 53782
0.0068977 53782
0.0069033 53782
0.006909 53782
0.0069147 53782
0.0069203 53782
0.006926 53782
0.0069316 53782
0.0069373 53782
0.0069429 53782
0.0069486 53782
0.0069542 53782
0.0069599 53782
0.0069655 53782
0.0069712 53782
0.0069768 53782
0.0069825 53782
0.0069882 53782
0.0069938 53782
0.0069995 53782
0.0070051 53782
0.0070108 53782
0.0070164 53782
0.0070221 53782
0.0070277 53782
0.0070334 53782
0.007039 53782
0.0070447 53782
0.0070503 53782
0.007056 53782
0.0070617 53782
0.0070673 53782
0.007073 53782
0.0070786 53782
0.0070843 53782
0.0070899 53782
0.0070956 53782
0.0071012 53782
0.0071069 53782
0.0071125 53782
0.0071182 53782
0.0071238 53782
0.0071295 53782
0.0071352 53782
0.0071408 53782
0.0071465 53782
0.0071521 53782
0.0071578 53782
0.0071634 53782
0.0071691 53782
0.0071747 53782
0.0071804 53782
0.007186 53782
0.0071917 53782
0.0071973 53782
0.007203 53782
0.0072087 53782
0.0072143 53782
0.00722 53782
0.0072256 53782
0.0072313 53782
0.0072369 53782
0.0072426 53782
0.0072482 53782
0.0072539 53782
0.0072595 53782
0.0072652 53782
0.0072708 53782
0.0072765 53782
0.0072822 53782
0.0072878 53782
0.0072935 53782
0.0072991 53782
0.0073048 53782
0.0073104 53782
0.0073161 53782
0.0073217 53782
0.0073274 53782
0.007333 53782
0.0073387 53782
0.0073443 53782
0.00735 53782
0.0073557 53782
0.0073613 53782
0.007367 53782
0.0073726 53782
0.0073783 53782
0.0073839 53782
0.0073896 53782
0.0073952 53782
0.0074009 53782
0.0074065 53782
0.0074122 53782
0.0074178 53782
0.0074235 53782
0.0074292 53782
0.0074348 53782
0.0074405 53782
0.0074461 53782
0.0074518 53782
0.0074574 53782
0.0074631 53782
0.0074687 53782
0.0074744 53782
0.00748 53782
0.0074857 53782
0.0074913 53782
0.007497 53782
0.0075027 53782
0.0075083 53782
0.007514 53782
0.0075196 53782
0.0075253 53782
0.0075309 53782
0.0075366 53782
0.0075422 53782
0.0075479 53782
0.0075535 53782
0.0075592 53782
0.0075648 53782
0.0075705 53782
0.0075762 53782
0.0075818 53782
0.0075875 53782
0.0075931 53782
0.0075988 53782
0.0076044 53782
0.0076101 53782
0.0076157 53782
0.0076214 53782
0.007627 53782
0.0076327 53782
0.0076383 53782
0.007644 53782
0.0076497 53782
0.0076553 53782
0.007661 53782
0.0076666 53782
0.0076723 53782
0.0076779 53782
0.0076836 53782
0.0076892 53782
0.0076949 53782
0.0077005 53782
0.0077062 53782
0.0077118 53782
0.0077175 53782
0.0077232 53782
0.0077288 53782
0.0077345 53782
0.0077401 53782
0.0077458 53782
0.0077514 53782
0.0077571 53782
0.0077627 53782
0.0077684 53782
0.007774 53782
0.0077797 53782
0.0077853 53782
0.007791 53782
0.0077967 53782
0.0078023 53782
0.007808 53782
0.0078136 53782
0.0078193 53782
0.0078249 53782
0.0078306 53782
0.0078362 53782
0.0078419 53782
0.0078475 53782
0.0078532 53782
0.0078588 53782
0.0078645 53782
0.0078702 53782
0.0078758 53782
0.0078815 53782
0.0078871 53782
0.0078928 53782
0.0078984 53782
0.0079041 53782
0.0079097 53782
0.0079154 53782
0.007921 53782
0.0079267 53782
0.0079323 53782
0.007938 53782
0.0079437 53782
0.0079493 53782
0.007955 53782
0.0079606 53782
0.0079663 53782
0.0079719 53782
0.0079776 53782
0.0079832 53782
0.0079889 53782
0.0079945 53782
0.0080002 53782
0.0080058 53782
0.0080115 53782
0.0080172 53782
0.0080228 53782
0.0080285 53782
0.0080341 53782
0.0080398 53782
0.0080454 53782
0.0080511 53782
0.0080567 53782
0.0080624 53782
0.008068 53782
0.0080737 53782
0.0080793 53782
0.008085 53782
0.0080907 53782
0.0080963 53782
0.008102 53782
0.0081076 53782
0.0081133 53782
0.0081189 53782
0.0081246 53782
0.0081302 53782
0.0081359 53782
0.0081415 53782
0.0081472 53782
0.0081528 53782
0.0081585 53782
0.0081642 53782
0.0081698 53782
0.0081755 53782
0.0081811 53782
0.0081868 53782
0.0081924 53782
0.0081981 53782
0.0082037 53782
0.0082094 53782
0.008215 53782
0.0082207 53782
0.0082263 53782
0.008232 53782
0.0082377 53782
0.0082433 53782
0.008249 53782
0.0082546 53782
0.0082603 53782
0.0082659 53782
0.0082716 53782
0.0082772 53782
0.0082829 53782
0.0082885 53782
0.0082942 53782
0.0082998 53782
0.0083055 53782
0.0083112 53782
0.0083168 53782
0.0083225 53782
0.0083281 53782
0.0083338 53782
0.0083394 53782
0.0083451 53782
0.0083507 53782
0.0083564 53782
0.008362 53782
0.0083677 53782
0.0083733 53782
0.008379 53782
0.0083847 53782
0.0083903 53782
0.008396 53782
0.0084016 53782
0.0084073 53782
0.0084129 53782
0.0084186 53782
0.0084242 53782
0.0084299 53782
0.0084355 53782
0.0084412 53782
0.0084468 53782
0.0084525 53782
0.0084582 53782
0.0084638 53782
0.0084695 53782
0.0084751 53782
0.0084808 53782
0.0084864 53782
0.0084921 53782
0.0084977 53782
0.0085034 53782
0.008509 53782
0.0085147 53782
0.0085203 53782
0.008526 53782
0.0085317 53782
0.0085373 53782
0.008543 53782
0.0085486 53782
0.0085543 53782
0.0085599 53782
0.0085656 53782
0.0085712 53782
0.0085769 53782
0.0085825 53782
0.0085882 53782
0.0085938 53782
0.0085995 53782
0.0086052 53782
0.0086108 53782
0.0086165 53782
0.0086221 53782
0.0086278 53782
0.0086334 53782
0.0086391 53782
0.0086447 53782
0.0086504 53782
0.008656 53782
0.0086617 53782
0.0086673 53782
0.008673 53782
0.0086787 53782
0.0086843 53782
0.00869 53782
0.0086956 53782
0.0087013 53782
0.0087069 53782
0.0087126 53782
0.0087182 53782
0.0087239 53782
0.0087295 53782
0.0087352 53782
0.0087408 53782
0.0087465 53782
0.0087522 53782
0.0087578 53782
0.0087635 53782
0.0087691 53782
0.0087748 53782
0.0087804 53782
0.0087861 53782
0.0087917 53782
0.0087974 53782
0.008803 53782
0.0088087 53782
0.0088143 53782
0.00882 53782
0.0088257 53782
0.0088313 53782
0.008837 53782
0.0088426 53782
0.0088483 53782
0.0088539 53782
0.0088596 53782
0.0088652 53782
0.0088709 53782
0.0088765 53782
0.0088822 53782
0.0088878 53782
0.0088935 53782
0.0088992 53782
0.0089048 53782
0.0089105 53782
0.0089161 53782
0.0089218 53782
0.0089274 53782
0.0089331 53782
0.0089387 53782
0.0089444 53782
0.00895 53782
0.0089557 53782
0.0089613 53782
0.008967 53782
0.0089727 53782
0.0089783 53782
0.008984 53782
0.0089896 53782
0.0089953 53782
0.0090009 53782
0.0090066 53782
0.0090122 53782
0.0090179 53782
0.0090235 53782
0.0090292 53782
0.0090348 53782
0.0090405 53782
0.0090462 53782
0.0090518 53782
0.0090575 53782
0.0090631 53782
0.0090688 53782
0.0090744 53782
0.0090801 53782
0.0090857 53782
0.0090914 53782
0.009097 53782
0.0091027 53782
0.0091083 53782
0.009114 53782
0.0091197 53782
0.0091253 53782
0.009131 53782
0.0091366 53782
0.0091423 53782
0.0091479 53782
0.0091536 53782
0.0091592 53782
0.0091649 53782
0.0091705 53782
0.0091762 53782
0.0091818 53782
0.0091875 53782
0.0091932 53782
0.0091988 53782
0.0092045 53782
0.0092101 53782
0.0092158 53782
0.0092214 53782
0.0092271 53782
0.0092327 53782
0.0092384 53782
0.009244 53782
0.0092497 53782
0.0092553 53782
0.009261 53782
0.0092667 53782
0.0092723 53782
0.009278 53782
0.0092836 53782
0.0092893 53782
0.0092949 53782
0.0093006 53782
0.0093062 53782
0.0093119 53782
0.0093175 53782
0.0093232 53782
0.0093288 53782
0.0093345 53782
0.0093402 53782
0.0093458 53782
0.0093515 53782
0.0093571 53782
0.0093628 53782
0.0093684 53782
0.0093741 53782
0.0093797 53782
0.0093854 53782
0.009391 53782
0.0093967 53782
0.0094023 53782
0.009408 53782
0.0094137 53782
0.0094193 53782
0.009425 53782
0.0094306 53782
0.0094363 53782
0.0094419 53782
0.0094476 53782
0.0094532 53782
0.0094589 53782
0.0094645 53782
0.0094702 53782
0.0094758 53782
0.0094815 53782
0.0094872 53782
0.0094928 53782
0.0094985 53782
0.0095041 53782
0.0095098 53782
0.0095154 53782
0.0095211 53782
0.0095267 53782
0.0095324 53782
0.009538 53782
0.0095437 53782
0.0095493 53782
0.009555 53782
0.0095607 53782
0.0095663 53782
0.009572 53782
0.0095776 53782
0.0095833 53782
0.0095889 53782
0.0095946 53782
0.0096002 53782
0.0096059 53782
0.0096115 53782
0.0096172 53782
0.0096228 53782
0.0096285 53782
0.0096342 53782
0.0096398 53782
0.0096455 53782
0.0096511 53782
0.0096568 53782
0.0096624 53782
0.0096681 53782
0.0096737 53782
0.0096794 53782
0.009685 53782
0.0096907 53782
0.0096963 53782
0.009702 53782
0.0097077 53782
0.0097133 53782
0.009719 53782
0.0097246 53782
0.0097303 53782
0.0097359 53782
0.0097416 53782
0.0097472 53782
0.0097529 53782
0.0097585 53782
0.0097642 53782
0.0097698 53782
0.0097755 53782
0.0097812 53782
0.0097868 53782
0.0097925 53782
0.0097981 53782
0.0098038 53782
0.0098094 53782
0.0098151 53782
0.0098207 53782
0.0098264 53782
0.009832 53782
0.0098377 53782
0.0098433 53782
0.009849 53782
0.0098547 53782
0.0098603 53782
0.009866 53782
0.0098716 53782
0.0098773 53782
0.0098829 53782
0.0098886 53782
0.0098942 53782
0.0098999 53782
0.0099055 53782
0.0099112 53782
0.0099168 53782
0.0099225 53782
0.0099282 53782
0.0099338 53782
0.0099395 53782
0.0099451 53782
0.0099508 53782
0.0099564 53782
0.0099621 53782
0.0099677 53782
0.0099734 53782
0.009979 53782
0.0099847 53782
0.0099903 53782
0.009996 53782
0.010002 53782
0.010007 53782
0.010013 53782
0.010019 53782
0.010024 53782
0.01003 53782
0.010036 53782
0.010041 53782
0.010047 53782
0.010053 53782
0.010058 53782
0.010064 53782
0.01007 53782
0.010075 53782
0.010081 53782
0.010086 53782
0.010092 53782
0.010098 53782
0.010103 53782
0.010109 53782
0.010115 53782
0.01012 53782
0.010126 53782
0.010132 53782
0.010137 53782
0.010143 53782
0.010149 53782
0.010154 53782
0.01016 53782
0.010166 53782
0.010171 53782
0.010177 53782
0.010183 53782
0.010188 53782
0.010194 53782
0.0102 53782
0.010205 53782
0.010211 53782
0.010216 53782
0.010222 53782
0.010228 53782
0.010233 53782
0.010239 53782
0.010245 53782
0.01025 53782
0.010256 53782
0.010262 53782
0.010267 53782
0.010273 53782
0.010279 53782
0.010284 53782
0.01029 53782
0.010296 53782
0.010301 53782
0.010307 53782
0.010313 53782
0.010318 53782
0.010324 53782
0.01033 53782
0.010335 53782
0.010341 53782
0.010347 53782
0.010352 53782
0.010358 53782
0.010364 53782
0.010369 53782
0.010375 53782
0.01038 53782
0.010386 53782
0.010392 53782
0.010397 53782
0.010403 53782
0.010409 53782
0.010414 53782
0.01042 53782
0.010426 53782
0.010431 53782
0.010437 53782
0.010443 53782
0.010448 53782
0.010454 53782
0.01046 53782
0.010465 53782
0.010471 53782
0.010477 53782
0.010482 53782
0.010488 53782
0.010494 53782
0.010499 53782
0.010505 53782
0.010511 53782
0.010516 53782
0.010522 53782
0.010527 53782
0.010533 53782
0.010539 53782
0.010544 53782
0.01055 53782
0.010556 53782
0.010561 53782
0.010567 53782
0.010573 53782
0.010578 53782
0.010584 53782
0.01059 53782
0.010595 53782
0.010601 53782
0.010607 53782
0.010612 53782
0.010618 53782
0.010624 53782
0.010629 53782
0.010635 53782
0.010641 53782
0.010646 53782
0.010652 53782
0.010658 53782
0.010663 53782
0.010669 53782
0.010674 53782
0.01068 53782
0.010686 53782
0.010691 53782
0.010697 53782
0.010703 53782
0.010708 53782
0.010714 53782
0.01072 53782
0.010725 53782
0.010731 53782
0.010737 53782
0.010742 53782
0.010748 53782
0.010754 53782
0.010759 53782
0.010765 53782
0.010771 53782
0.010776 53782
0.010782 53782
0.010788 53782
0.010793 53782
0.010799 53782
0.010804 53782
0.01081 53782
0.010816 53782
0.010821 53782
0.010827 53782
0.010833 53782
0.010838 53782
0.010844 53782
0.01085 53782
0.010855 53782
0.010861 53782
0.010867 53782
0.010872 53782
0.010878 53782
0.010884 53782
0.010889 53782
0.010895 53782
0.010901 53782
0.010906 53782
0.010912 53782
0.010918 53782
0.010923 53782
0.010929 53782
0.010935 53782
0.01094 53782
0.010946 53782
0.010951 53782
0.010957 53782
0.010963 53782
0.010968 53782
0.010974 53782
0.01098 53782
0.010985 53782
0.010991 53782
0.010997 53782
0.011002 53782
0.011008 53782
0.011014 53782
0.011019 53782
0.011025 53782
0.011031 53782
0.011036 53782
0.011042 53782
0.011048 53782
0.011053 53782
0.011059 53782
0.011065 53782
0.01107 53782
0.011076 53782
0.011082 53782
0.011087 53782
0.011093 53782
0.011099 53782
0.011104 53782
0.01111 53782
0.011115 53782
0.011121 53782
0.011127 53782
0.011132 53782
0.011138 53782
0.011144 53782
0.011149 53782
0.011155 53782
0.011161 53782
0.011166 53782
0.011172 53782
0.011178 53782
0.011183 53782
0.011189 53782
0.011195 53782
0.0112 53782
0.011206 53782
0.011212 53782
0.011217 53782
0.011223 53782
0.011229 53782
0.011234 53782
0.01124 53782
0.011246 53782
0.011251 53782
0.011257 53782
0.011262 53782
0.011268 53782
0.011274 53782
0.011279 53782
0.011285 53782
0.011291 53782
0.011296 53782
0.011302 53782
0.011308 53782
0.011313 53782
0.011319 53782
0.011325 53782
0.01133 53782
0.011336 53782
0.011342 53782
0.011347 53782
0.011353 53782
0.011359 53782
0.011364 53782
0.01137 53782
0.011376 53782
0.011381 53782
0.011387 53782
0.011392 53782
0.011398 53782
0.011404 53782
0.011409 53782
0.011415 53782
0.011421 53782
0.011426 53782
0.011432 53782
0.011438 53782
0.011443 53782
0.011449 53782
0.011455 53782
0.01146 53782
0.011466 53782
0.011472 53782
0.011477 53782
0.011483 53782
0.011489 53782
0.011494 53782
0.0115 53782
0.011506 53782
0.011511 53782
0.011517 53782
0.011523 53782
0.011528 53782
0.011534 53782
0.011539 53782
0.011545 53782
0.011551 53782
0.011556 53782
0.011562 53782
0.011568 53782
0.011573 53782
0.011579 53782
0.011585 53782
0.01159 53782
0.011596 53782
0.011602 53782
0.011607 53782
0.011613 53782
0.011619 53782
0.011624 53782
0.01163 53782
0.011636 53782
0.011641 53782
0.011647 53782
0.011653 53782
0.011658 53782
0.011664 53782
0.01167 53782
0.011675 53782
0.011681 53782
0.011686 53782
0.011692 53782
0.011698 53782
0.011703 53782
0.011709 53782
0.011715 53782
0.01172 53782
0.011726 53782
0.011732 53782
0.011737 53782
0.011743 53782
0.011749 53782
0.011754 53782
0.01176 53782
0.011766 53782
0.011771 53782
0.011777 53782
0.011783 53782
0.011788 53782
0.011794 53782
0.0118 53782
0.011805 53782
0.011811 53782
0.011817 53782
0.011822 53782
0.011828 53782
0.011834 53782
0.011839 53782
0.011845 53782
0.01185 53782
0.011856 53782
0.011862 53782
0.011867 53782
0.011873 53782
0.011879 53782
0.011884 53782
0.01189 53782
0.011896 53782
0.011901 53782
0.011907 53782
0.011913 53782
0.011918 53782
0.011924 53782
0.01193 53782
0.011935 53782
0.011941 53782
0.011947 53782
0.011952 53782
0.011958 53782
0.011964 53782
0.011969 53782
0.011975 53782
0.01198 53782
0.011986 53782
0.011992 53782
0.011997 53782
0.012003 53782
0.012009 53782
0.012014 53782
0.01202 53782
0.012026 53782
0.012031 53782
0.012037 53782
0.012043 53782
0.012048 53782
0.012054 53782
0.01206 53782
0.012065 53782
0.012071 53782
0.012077 53782
0.012082 53782
0.012088 53782
0.012094 53782
0.012099 53782
0.012105 53782
0.012111 53782
0.012116 53782
0.012122 53782
0.012127 53782
0.012133 53782
0.012139 53782
0.012144 53782
0.01215 53782
0.012156 53782
0.012161 53782
0.012167 53782
0.012173 53782
0.012178 53782
0.012184 53782
0.01219 53782
0.012195 53782
0.012201 53782
0.012207 53782
0.012212 53782
0.012218 53782
0.012224 53782
0.012229 53782
0.012235 53782
0.012241 53782
0.012246 53782
0.012252 53782
0.012258 53782
0.012263 53782
0.012269 53782
0.012274 53782
0.01228 53782
0.012286 53782
0.012291 53782
0.012297 53782
0.012303 53782
0.012308 53782
0.012314 53782
0.01232 53782
0.012325 53782
0.012331 53782
0.012337 53782
0.012342 53782
0.012348 53782
0.012354 53782
0.012359 53782
0.012365 53782
0.012371 53782
0.012376 53782
0.012382 53782
0.012388 53782
0.012393 53782
0.012399 53782
0.012405 53782
0.01241 53782
0.012416 53782
0.012422 53782
0.012427 53782
0.012433 53782
0.012438 53782
0.012444 53782
0.01245 53782
0.012455 53782
0.012461 53782
0.012467 53782
0.012472 53782
0.012478 53782
0.012484 53782
0.012489 53782
0.012495 53782
0.012501 53782
0.012506 53782
0.012512 53782
0.012518 53782
0.012523 53782
0.012529 53782
0.012535 53782
0.01254 53782
0.012546 53782
0.012552 53782
0.012557 53782
0.012563 53782
0.012568 53782
0.012574 53782
0.01258 53782
0.012585 53782
0.012591 53782
0.012597 53782
0.012602 53782
0.012608 53782
0.012614 53782
0.012619 53782
0.012625 53782
0.012631 53782
0.012636 53782
0.012642 53782
0.012648 53782
0.012653 53782
0.012659 53782
0.012665 53782
0.01267 53782
0.012676 53782
0.012682 53782
0.012687 53782
0.012693 53782
0.012699 53782
0.012704 53782
0.01271 53782
0.012716 53782
0.012721 53782
0.012727 53782
0.012732 53782
0.012738 53782
0.012744 53782
0.012749 53782
0.012755 53782
0.012761 53782
0.012766 53782
0.012772 53782
0.012778 53782
0.012783 53782
0.012789 53782
0.012795 53782
0.0128 53782
0.012806 53782
0.012812 53782
0.012817 53782
0.012823 53782
0.012829 53782
0.012834 53782
0.01284 53782
0.012846 53782
0.012851 53782
0.012857 53782
0.012863 53782
0.012868 53782
0.012874 53782
0.012879 53782
0.012885 53782
0.012891 53782
0.012896 53782
0.012902 53782
0.012908 53782
0.012913 53782
0.012919 53782
0.012925 53782
0.01293 53782
0.012936 53782
0.012942 53782
0.012947 53782
0.012953 53782
0.012959 53782
0.012964 53782
0.01297 53782
0.012976 53782
0.012981 53782
0.012987 53782
0.012993 53782
0.012998 53782
0.013004 53782
0.01301 53782
0.013015 53782
0.013021 53782
0.013026 53782
0.013032 53782
0.013038 53782
0.013043 53782
0.013049 53782
0.013055 53782
0.01306 53782
0.013066 53782
0.013072 53782
0.013077 53782
0.013083 53782
0.013089 53782
0.013094 53782
0.0131 53782
0.013106 53782
0.013111 53782
0.013117 53782
0.013123 53782
0.013128 53782
0.013134 53782
0.01314 53782
0.013145 53782
0.013151 53782
0.013156 53782
0.013162 53782
0.013168 53782
0.013173 53782
0.013179 53782
0.013185 53782
0.01319 53782
0.013196 53782
0.013202 53782
0.013207 53782
0.013213 53782
0.013219 53782
0.013224 53782
0.01323 53782
0.013236 53782
0.013241 53782
0.013247 53782
0.013253 53782
0.013258 53782
0.013264 53782
0.01327 53782
0.013275 53782
0.013281 53782
0.013287 53782
0.013292 53782
0.013298 53782
0.013303 53782
0.013309 53782
0.013315 53782
0.01332 53782
0.013326 53782
0.013332 53782
0.013337 53782
0.013343 53782
0.013349 53782
0.013354 53782
0.01336 53782
0.013366 53782
0.013371 53782
0.013377 53782
0.013383 53782
0.013388 53782
0.013394 53782
0.0134 53782
0.013405 53782
0.013411 53782
0.013417 53782
0.013422 53782
0.013428 53782
0.013434 53782
0.013439 53782
0.013445 53782
0.013451 53782
0.013456 53782
0.013462 53782
0.013467 53782
0.013473 53782
0.013479 53782
0.013484 53782
0.01349 53782
0.013496 53782
0.013501 53782
0.013507 53782
0.013513 53782
0.013518 53782
0.013524 53782
0.01353 53782
0.013535 53782
0.013541 53782
0.013547 53782
0.013552 53782
0.013558 53782
0.013564 53782
0.013569 53782
0.013575 53782
0.013581 53782
0.013586 53782
0.013592 53782
0.013598 53782
0.013603 53782
0.013609 53782
0.013614 53782
0.01362 53782
0.013626 53782
0.013631 53782
0.013637 53782
0.013643 53782
0.013648 53782
0.013654 53782
0.01366 53782
0.013665 53782
0.013671 53782
0.013677 53782
0.013682 53782
0.013688 53782
0.013694 53782
0.013699 53782
0.013705 53782
0.013711 53782
0.013716 53782
0.013722 53782
0.013728 53782
0.013733 53782
0.013739 53782
0.013744 53782
0.01375 53782
0.013756 53782
0.013761 53782
0.013767 53782
0.013773 53782
0.013778 53782
0.013784 53782
0.01379 53782
0.013795 53782
0.013801 53782
0.013807 53782
0.013812 53782
0.013818 53782
0.013824 53782
0.013829 53782
0.013835 53782
0.013841 53782
0.013846 53782
0.013852 53782
0.013858 53782
0.013863 53782
0.013869 53782
0.013875 53782
0.01388 53782
0.013886 53782
0.013891 53782
0.013897 53782
0.013903 53782
0.013908 53782
0.013914 53782
0.01392 53782
0.013925 53782
0.013931 53782
0.013937 53782
0.013942 53782
0.013948 53782
0.013954 53782
0.013959 53782
0.013965 53782
0.013971 53782
0.013976 53782
0.013982 53782
0.013988 53782
0.013993 53782
0.013999 53782
0.014005 53782
0.01401 53782
0.014016 53782
0.014022 53782
0.014027 53782
0.014033 53782
0.014038 53782
0.014044 53782
0.01405 53782
0.014055 53782
0.014061 53782
0.014067 53782
0.014072 53782
0.014078 53782
0.014084 53782
0.014089 53782
0.014095 53782
0.014101 53782
0.014106 53782
0.014112 53782
0.014118 53782
0.014123 53782
0.014129 53782
0.014135 53782
0.01414 53782
0.014146 53782
0.014152 53782
0.014157 53782
0.014163 53782
0.014169 53782
0.014174 53782
0.01418 53782
0.014186 53782
0.014191 53782
0.014197 53782
0.014202 53782
0.014208 53782
0.014214 53782
0.014219 53782
0.014225 53782
0.014231 53782
0.014236 53782
0.014242 53782
0.014248 53782
0.014253 53782
0.014259 53782
0.014265 53782
0.01427 53782
0.014276 53782
0.014282 53782
0.014287 53782
0.014293 53782
0.014299 53782
0.014304 53782
0.01431 53782
0.014316 53782
0.014321 53782
0.014327 53782
0.014332 53782
0.014338 53782
0.014344 53782
0.014349 53782
0.014355 53782
0.014361 53782
0.014366 53782
0.014372 53782
0.014378 53782
0.014383 53782
0.014389 53782
0.014395 53782
0.0144 53782
0.014406 53782
0.014412 53782
0.014417 53782
0.014423 53782
0.014429 53782
0.014434 53782
0.01444 53782
0.014446 53782
0.014451 53782
0.014457 53782
0.014463 53782
0.014468 53782
0.014474 53782
0.014479 53782
0.014485 53782
0.014491 53782
0.014496 53782
0.014502 53782
0.014508 53782
0.014513 53782
0.014519 53782
0.014525 53782
0.01453 53782
0.014536 53782
0.014542 53782
0.014547 53782
0.014553 53782
0.014559 53782
0.014564 53782
0.01457 53782
0.014576 53782
0.014581 53782
0.014587 53782
0.014593 53782
0.014598 53782
0.014604 53782
0.01461 53782
0.014615 53782
0.014621 53782
0.014626 53782
0.014632 53782
0.014638 53782
0.014643 53782
0.014649 53782
0.014655 53782
0.01466 53782
0.014666 53782
0.014672 53782
0.014677 53782
0.014683 53782
0.014689 53782
0.014694 53782
0.0147 53782
0.014706 53782
0.014711 53782
0.014717 53782
0.014723 53782
0.014728 53782
0.014734 53782
0.01474 53782
0.014745 53782
0.014751 53782
0.014757 53782
0.014762 53782
0.014768 53782
0.014774 53782
0.014779 53782
0.014785 53782
0.01479 53782
0.014796 53782
0.014802 53782
0.014807 53782
0.014813 53782
0.014819 53782
0.014824 53782
0.01483 53782
0.014836 53782
0.014841 53782
0.014847 53782
0.014853 53782
0.014858 53782
0.014864 53782
0.01487 53782
0.014875 53782
0.014881 53782
0.014887 53782
0.014892 53782
0.014898 53782
0.014904 53782
0.014909 53782
0.014915 53782
0.01492 53782
0.014926 53782
0.014932 53782
0.014937 53782
0.014943 53782
0.014949 53782
0.014954 53782
0.01496 53782
0.014966 53782
0.014971 53782
0.014977 53782
0.014983 53782
0.014988 53782
0.014994 53782
0.015 53782
0.015005 53782
0.015011 53782
0.015017 53782
0.015022 53782
0.015028 53782
0.015034 53782
0.015039 53782
0.015045 53782
0.015051 53782
0.015056 53782
0.015062 53782
0.015068 53782
0.015073 53782
0.015079 53782
0.015084 53782
0.01509 53782
0.015096 53782
0.015101 53782
0.015107 53782
0.015113 53782
0.015118 53782
0.015124 53782
0.01513 53782
0.015135 53782
0.015141 53782
0.015147 53782
0.015152 53782
0.015158 53782
0.015164 53782
0.015169 53782
0.015175 53782
0.015181 53782
0.015186 53782
0.015192 53782
0.015198 53782
0.015203 53782
0.015209 53782
0.015215 53782
0.01522 53782
0.015226 53782
0.015231 53782
0.015237 53782
0.015243 53782
0.015248 53782
0.015254 53782
0.01526 53782
0.015265 53782
0.015271 53782
0.015277 53782
0.015282 53782
0.015288 53782
0.015294 53782
0.015299 53782
0.015305 53782
0.015311 53782
0.015316 53782
0.015322 53782
0.015328 53782
0.015333 53782
0.015339 53782
0.015345 53782
0.01535 53782
0.015356 53782
0.015362 53782
0.015367 53782
0.015373 53782
0.015378 53782
0.015384 53782
0.01539 53782
0.015395 53782
0.015401 53782
0.015407 53782
0.015412 53782
0.015418 53782
0.015424 53782
0.015429 53782
0.015435 53782
0.015441 53782
0.015446 53782
0.015452 53782
0.015458 53782
0.015463 53782
0.015469 53782
0.015475 53782
0.01548 53782
0.015486 53782
0.015492 53782
0.015497 53782
0.015503 53782
0.015508 53782
0.015514 53782
0.01552 53782
0.015525 53782
0.015531 53782
0.015537 53782
0.015542 53782
0.015548 53782
0.015554 53782
0.015559 53782
0.015565 53782
0.015571 53782
0.015576 53782
0.015582 53782
0.015588 53782
0.015593 53782
0.015599 53782
0.015605 53782
0.01561 53782
0.015616 53782
0.015622 53782
0.015627 53782
0.015633 53782
0.015639 53782
0.015644 53782
0.01565 53782
0.015655 53782
0.015661 53782
0.015667 53782
0.015672 53782
0.015678 53782
0.015684 53782
0.015689 53782
0.015695 53782
0.015701 53782
0.015706 53782
0.015712 53782
0.015718 53782
0.015723 53782
0.015729 53782
0.015735 53782
0.01574 53782
0.015746 53782
0.015752 53782
0.015757 53782
0.015763 53782
0.015769 53782
0.015774 53782
0.01578 53782
0.015786 53782
0.015791 53782
0.015797 53782
0.015803 53782
0.015808 53782
0.015814 53782
0.015819 53782
0.015825 53782
0.015831 53782
0.015836 53782
0.015842 53782
0.015848 53782
0.015853 53782
0.015859 53782
0.015865 53782
0.01587 53782
0.015876 53782
0.015882 53782
0.015887 53782
0.015893 53782
0.015899 53782
0.015904 53782
0.01591 53782
0.015916 53782
0.015921 53782
0.015927 53782
0.015933 53782
0.015938 53782
0.015944 53782
0.015949 53782
0.015955 53782
0.015961 53782
0.015966 53782
0.015972 53782
0.015978 53782
0.015983 53782
0.015989 53782
0.015995 53782
0.016 53782
0.016006 53782
0.016012 53782
0.016017 53782
0.016023 53782
0.016029 53782
0.016034 53782
0.01604 53782
0.016046 53782
0.016051 53782
0.016057 53782
0.016063 53782
0.016068 53782
0.016074 53782
0.01608 53782
0.016085 53782
0.016091 53782
0.016096 53782
0.016102 53782
0.016108 53782
0.016113 53782
0.016119 53782
0.016125 53782
0.01613 53782
0.016136 53782
0.016142 53782
0.016147 53782
0.016153 53782
0.016159 53782
0.016164 53782
0.01617 53782
0.016176 53782
0.016181 53782
0.016187 53782
0.016193 53782
0.016198 53782
0.016204 53782
0.01621 53782
0.016215 53782
0.016221 53782
0.016227 53782
0.016232 53782
0.016238 53782
0.016244 53782
0.016249 53782
0.016255 53782
0.01626 53782
0.016266 53782
0.016272 53782
0.016277 53782
0.016283 53782
0.016289 53782
0.016294 53782
0.0163 53782
0.016306 53782
0.016311 53782
0.016317 53782
0.016323 53782
0.016328 53782
0.016334 53782
0.01634 53782
0.016345 53782
0.016351 53782
0.016357 53782
0.016362 53782
0.016368 53782
0.016374 53782
0.016379 53782
0.016385 53782
0.01639 53782
0.016396 53782
0.016402 53782
0.016407 53782
0.016413 53782
0.016419 53782
0.016424 53782
0.01643 53782
0.016436 53782
0.016441 53782
0.016447 53782
0.016453 53782
0.016458 53782
0.016464 53782
0.01647 53782
0.016475 53782
0.016481 53782
0.016487 53782
0.016492 53782
0.016498 53782
0.016504 53782
0.016509 53782
0.016515 53782
0.016521 53782
0.016526 53782
0.016532 53782
0.016538 53782
0.016543 53782
0.016549 53782
0.016554 53782
0.01656 53782
0.016566 53782
0.016571 53782
0.016577 53782
0.016583 53782
0.016588 53782
0.016594 53782
0.0166 53782
0.016605 53782
0.016611 53782
0.016617 53782
0.016622 53782
0.016628 53782
0.016634 53782
0.016639 53782
0.016645 53782
0.016651 53782
0.016656 53782
0.016662 53782
0.016668 53782
0.016673 53782
0.016679 53782
0.016684 53782
0.01669 53782
0.016696 53782
0.016701 53782
0.016707 53782
0.016713 53782
0.016718 53782
0.016724 53782
0.01673 53782
0.016735 53782
0.016741 53782
0.016747 53782
0.016752 53782
0.016758 53782
0.016764 53782
0.016769 53782
0.016775 53782
0.016781 53782
0.016786 53782
0.016792 53782
0.016798 53782
0.016803 53782
0.016809 53782
0.016815 53782
0.01682 53782
0.016826 53782
0.016831 53782
0.016837 53782
0.016843 53782
0.016848 53782
0.016854 53782
0.01686 53782
0.016865 53782
0.016871 53782
0.016877 53782
0.016882 53782
0.016888 53782
0.016894 53782
0.016899 53782
0.016905 53782
0.016911 53782
0.016916 53782
0.016922 53782
0.016928 53782
0.016933 53782
0.016939 53782
0.016945 53782
0.01695 53782
0.016956 53782
0.016962 53782
0.016967 53782
0.016973 53782
0.016979 53782
0.016984 53782
0.01699 53782
0.016995 53782
0.017001 53782
0.017007 53782
0.017012 53782
0.017018 53782
0.017024 53782
0.017029 53782
0.017035 53782
0.017041 53782
0.017046 53782
0.017052 53782
0.017058 53782
0.017063 53782
0.017069 53782
0.017075 53782
0.01708 53782
0.017086 53782
0.017092 53782
0.017097 53782
0.017103 53782
0.017109 53782
0.017114 53782
0.01712 53782
0.017125 53782
0.017131 53782
0.017137 53782
0.017142 53782
0.017148 53782
0.017154 53782
0.017159 53782
0.017165 53782
0.017171 53782
0.017176 53782
0.017182 53782
0.017188 53782
0.017193 53782
0.017199 53782
0.017205 53782
0.01721 53782
0.017216 53782
0.017222 53782
0.017227 53782
0.017233 53782
0.017239 53782
0.017244 53782
0.01725 53782
0.017256 53782
0.017261 53782
0.017267 53782
0.017272 53782
0.017278 53782
0.017284 53782
0.017289 53782
0.017295 53782
0.017301 53782
0.017306 53782
0.017312 53782
0.017318 53782
0.017323 53782
0.017329 53782
0.017335 53782
0.01734 53782
0.017346 53782
0.017352 53782
0.017357 53782
0.017363 53782
0.017369 53782
0.017374 53782
0.01738 53782
0.017386 53782
0.017391 53782
0.017397 53782
0.017403 53782
0.017408 53782
0.017414 53782
0.01742 53782
0.017425 53782
0.017431 53782
0.017436 53782
0.017442 53782
0.017448 53782
0.017453 53782
0.017459 53782
0.017465 53782
0.01747 53782
0.017476 53782
0.017482 53782
0.017487 53782
0.017493 53782
0.017499 53782
0.017504 53782
0.01751 53782
0.017516 53782
0.017521 53782
0.017527 53782
0.017533 53782
0.017538 53782
0.017544 53782
0.01755 53782
0.017555 53782
0.017561 53782
0.017567 53782
0.017572 53782
0.017578 53782
0.017583 53782
0.017589 53782
0.017595 53782
0.0176 53782
0.017606 53782
0.017612 53782
0.017617 53782
0.017623 53782
0.017629 53782
0.017634 53782
0.01764 53782
0.017646 53782
0.017651 53782
0.017657 53782
0.017663 53782
0.017668 53782
0.017674 53782
0.01768 53782
0.017685 53782
0.017691 53782
0.017697 53782
0.017702 53782
0.017708 53782
0.017714 53782
0.017719 53782
0.017725 53782
0.01773 53782
0.017736 53782
0.017742 53782
0.017747 53782
0.017753 53782
0.017759 53782
0.017764 53782
0.01777 53782
0.017776 53782
0.017781 53782
0.017787 53782
0.017793 53782
0.017798 53782
0.017804 53782
0.01781 53782
0.017815 53782
0.017821 53782
0.017827 53782
0.017832 53782
0.017838 53782
0.017844 53782
0.017849 53782
0.017855 53782
0.01786 53782
0.017866 53782
0.017872 53782
0.017877 53782
0.017883 53782
0.017889 53782
0.017894 53782
0.0179 53782
0.017906 53782
0.017911 53782
0.017917 53782
0.017923 53782
0.017928 53782
0.017934 53782
0.01794 53782
0.017945 53782
0.017951 53782
0.017957 53782
0.017962 53782
0.017968 53782
0.017974 53782
0.017979 53782
0.017985 53782
0.017991 53782
0.017996 53782
0.018002 53782
0.018008 53782
0.018013 53782
0.018019 53782
0.018024 53782
0.01803 53782
0.018036 53782
0.018041 53782
0.018047 53782
0.018053 53782
0.018058 53782
0.018064 53782
0.01807 53782
0.018075 53782
0.018081 53782
0.018087 53782
0.018092 53782
0.018098 53782
0.018104 53782
0.018109 53782
0.018115 53782
0.018121 53782
0.018126 53782
0.018132 53782
0.018138 53782
0.018143 53782
0.018149 53782
0.018154 53782
0.01816 53782
0.018166 53782
0.018171 53782
0.018177 53782
0.018183 53782
0.018188 53782
0.018194 53782
0.0182 53782
0.018205 53782
0.018211 53782
0.018217 53782
0.018222 53782
0.018228 53782
0.018234 53782
0.018239 53782
0.018245 53782
0.018251 53782
0.018256 53782
0.018262 53782
0.018268 53782
0.018273 53782
0.018279 53782
0.018285 53782
0.01829 53782
0.018296 53782
0.018302 53782
0.018307 53782
0.018313 53782
0.018318 53782
0.018324 53782
0.01833 53782
0.018335 53782
0.018341 53782
0.018347 53782
0.018352 53782
0.018358 53782
0.018364 53782
0.018369 53782
0.018375 53782
0.018381 53782
0.018386 53782
0.018392 53782
0.018398 53782
0.018403 53782
0.018409 53782
0.018415 53782
0.01842 53782
0.018426 53782
0.018432 53782
0.018437 53782
0.018443 53782
0.018448 53782
0.018454 53782
0.01846 53782
0.018465 53782
0.018471 53782
0.018477 53782
0.018482 53782
0.018488 53782
0.018494 53782
0.018499 53782
0.018505 53782
0.018511 53782
0.018516 53782
0.018522 53782
0.018528 53782
0.018533 53782
0.018539 53782
0.018545 53782
0.01855 53782
0.018556 53782
0.018562 53782
0.018567 53782
0.018573 53782
0.018579 53782
0.018584 53782
0.01859 53782
0.018596 53782
0.018601 53782
0.018607 53782
0.018612 53782
0.018618 53782
0.018624 53782
0.018629 53782
0.018635 53782
0.018641 53782
0.018646 53782
0.018652 53782
0.018658 53782
0.018663 53782
0.018669 53782
0.018675 53782
0.01868 53782
0.018686 53782
0.018692 53782
0.018697 53782
0.018703 53782
0.018709 53782
0.018714 53782
0.01872 53782
0.018726 53782
0.018731 53782
0.018737 53782
0.018743 53782
0.018748 53782
0.018754 53782
0.018759 53782
0.018765 53782
0.018771 53782
0.018776 53782
0.018782 53782
0.018788 53782
0.018793 53782
0.018799 53782
0.018805 53782
0.01881 53782
0.018816 53782
0.018822 53782
0.018827 53782
0.018833 53782
0.018839 53782
0.018844 53782
0.01885 53782
0.018856 53782
0.018861 53782
0.018867 53782
0.018873 53782
0.018878 53782
0.018884 53782
0.01889 53782
0.018895 53782
0.018901 53782
0.018906 53782
0.018912 53782
0.018918 53782
0.018923 53782
0.018929 53782
0.018935 53782
0.01894 53782
0.018946 53782
0.018952 53782
0.018957 53782
0.018963 53782
0.018969 53782
0.018974 53782
0.01898 53782
0.018986 53782
0.018991 53782
0.018997 53782
0.019003 53782
0.019008 53782
0.019014 53782
0.01902 53782
0.019025 53782
0.019031 53782
0.019037 53782
0.019042 53782
0.019048 53782
0.019053 53782
0.019059 53782
0.019065 53782
0.01907 53782
0.019076 53782
0.019082 53782
0.019087 53782
0.019093 53782
0.019099 53782
0.019104 53782
0.01911 53782
0.019116 53782
0.019121 53782
0.019127 53782
0.019133 53782
0.019138 53782
0.019144 53782
0.01915 53782
0.019155 53782
0.019161 53782
0.019167 53782
0.019172 53782
0.019178 53782
0.019183 53782
0.019189 53782
0.019195 53782
0.0192 53782
0.019206 53782
0.019212 53782
0.019217 53782
0.019223 53782
0.019229 53782
0.019234 53782
0.01924 53782
0.019246 53782
0.019251 53782
0.019257 53782
0.019263 53782
0.019268 53782
0.019274 53782
0.01928 53782
0.019285 53782
0.019291 53782
0.019297 53782
0.019302 53782
0.019308 53782
0.019314 53782
0.019319 53782
0.019325 53782
0.019331 53782
0.019336 53782
0.019342 53782
0.019347 53782
0.019353 53782
0.019359 53782
0.019364 53782
0.01937 53782
0.019376 53782
0.019381 53782
0.019387 53782
0.019393 53782
0.019398 53782
0.019404 53782
0.01941 53782
0.019415 53782
0.019421 53782
0.019427 53782
0.019432 53782
0.019438 53782
0.019444 53782
0.019449 53782
0.019455 53782
0.019461 53782
0.019466 53782
0.019472 53782
0.019478 53782
0.019483 53782
0.019489 53782
0.019494 53782
0.0195 53782
0.019506 53782
0.019511 53782
0.019517 53782
0.019523 53782
0.019528 53782
0.019534 53782
0.01954 53782
0.019545 53782
0.019551 53782
0.019557 53782
0.019562 53782
0.019568 53782
0.019574 53782
0.019579 53782
0.019585 53782
0.019591 53782
0.019596 53782
0.019602 53782
0.019608 53782
0.019613 53782
0.019619 53782
0.019624 53782
0.01963 53782
0.019636 53782
0.019641 53782
0.019647 53782
0.019653 53782
0.019658 53782
0.019664 53782
0.01967 53782
0.019675 53782
0.019681 53782
0.019687 53782
0.019692 53782
0.019698 53782
0.019704 53782
0.019709 53782
0.019715 53782
0.019721 53782
0.019726 53782
0.019732 53782
0.019738 53782
0.019743 53782
0.019749 53782
0.019755 53782
0.01976 53782
0.019766 53782
0.019772 53782
0.019777 53782
0.019783 53782
0.019788 53782
1 53782
