6e-06 114.9
1.2e-05 114.9
1.8e-05 114.9
2.4e-05 114.9
3e-05 114.9
3.6e-05 114.9
4.2e-05 114.9
4.8e-05 114.9
5.4e-05 114.9
6e-05 114.9
6.6e-05 114.91
7.2e-05 114.91
7.8e-05 114.92
8.4e-05 114.93
9e-05 114.94
9.6e-05 114.96
0.000102 115
0.000108 115.04
0.000114 115.11
0.00012 115.2
0.000126 115.33
0.000132 115.51
0.000138 115.75
0.000144 116.08
0.00015 116.52
0.000156 117.11
0.000162 117.88
0.000168 118.88
0.000174 120.19
0.00018 121.87
0.000186 124.01
0.000192 126.74
0.000198 130.18
0.000204 134.5
0.00021 139.92
0.000216 146.68
0.000222 155.11
0.000228 165.61
0.000234 178.67
0.00024 194.94
0.000246 215.24
0.000252 240.61
0.000258 272.38
0.000264 312.27
0.00027 362.46
0.000276 425.72
0.000282 505.54
0.000288 606.22
0.000294 733.04
0.0003 892.27
0.000306 1091.2
0.000312 1337.8
0.000318 1640.6
0.000324 2008
0.00033 2447.1
0.000336 2963.1
0.000342 3557.3
0.000348 4226.6
0.000354 4961.8
0.00036 5747.7
0.000366 6563.1
0.000372 7381.8
0.000378 8175.1
0.000384 8913.2
0.00039 9569
0.000396 10120
0.000402 10548
0.000408 10846
0.000414 11010
0.00042 11045
0.000426 10961
0.000432 10773
0.000438 10495
0.000444 10145
0.00045 9740.4
0.000456 9295.8
0.000462 8825.3
0.000468 8341
0.000474 7852.8
0.00048 7368.5
0.000486 6894.5
0.000492 6435.4
0.000498 5994.4
0.000504 5573.9
0.00051 5175.3
0.000516 4799.3
0.000522 4446.1
0.000528 4115.4
0.000534 3806.8
0.00054 3519.5
0.000546 3252.6
0.000552 3005.2
0.000558 2776.2
0.000564 2564.6
0.00057 2369.3
0.000576 2189.3
0.000582 2023.6
0.000588 1871
0.000594 1730.8
0.0006 1601.9
0.000606 1483.5
0.000612 1374.9
0.000618 1275.2
0.000624 1183.7
0.00063 1099.7
0.000636 1022.7
0.000642 952.07
0.000648 887.26
0.000654 827.79
0.00066 773.22
0.000666 723.12
0.000672 677.11
0.000678 634.85
0.000684 596.01
0.00069 560.31
0.000696 527.46
0.000702 497.24
0.000708 469.4
0.000714 443.76
0.00072 420.12
0.000726 398.32
0.000732 378.2
0.000738 359.61
0.000744 342.44
0.00075 326.56
0.000756 311.87
0.000762 298.26
0.000768 285.66
0.000774 273.98
0.00078 263.14
0.000786 253.08
0.000792 243.74
0.000798 235.06
0.000804 226.99
0.00081 219.48
0.000816 212.5
0.000822 205.99
0.000828 199.93
0.000834 194.28
0.00084 189.01
0.000846 184.1
0.000852 179.51
0.000858 175.23
0.000864 171.23
0.00087 167.5
0.000876 164.01
0.000882 160.74
0.000888 157.7
0.000894 154.84
0.0009 152.18
0.000906 149.69
0.000912 147.35
0.000918 145.17
0.000924 143.13
0.00093 141.22
0.000936 139.44
0.000942 137.77
0.000948 136.2
0.000954 134.74
0.00096 133.37
0.000966 132.09
0.000972 130.9
0.000978 129.78
0.000984 128.74
0.00099 127.76
0.000996 126.85
0.001002 126
0.001008 125.2
0.001014 124.46
0.00102 123.77
0.001026 123.12
0.001032 122.52
0.001038 121.96
0.001044 121.43
0.00105 120.95
0.001056 120.49
0.001062 120.07
0.001068 119.68
0.001074 119.31
0.00108 118.97
0.001086 118.66
0.001092 118.36
0.001098 118.09
0.001104 117.84
0.00111 117.61
0.001116 117.39
0.001122 117.19
0.001128 117.01
0.001134 116.83
0.00114 116.67
0.001146 116.53
0.001152 116.39
0.001158 116.27
0.001164 116.15
0.00117 116.05
0.001176 115.95
0.001182 115.86
0.001188 115.78
0.001194 115.7
0.0012 115.63
0.001206 115.57
0.001212 115.51
0.001218 115.45
0.001224 115.4
0.00123 115.36
0.001236 115.32
0.001242 115.28
0.001248 115.24
0.001254 115.21
0.00126 115.18
0.001266 115.16
0.001272 115.13
0.001278 115.11
0.001284 115.09
0.00129 115.07
0.001296 115.05
0.001302 115.04
0.001308 115.03
0.001314 115.01
0.00132 115
0.001326 114.99
0.001332 114.98
0.001338 114.97
0.001344 114.97
0.00135 114.96
0.001356 114.95
0.001362 114.95
0.001368 114.94
0.001374 114.94
0.00138 114.93
0.001386 114.93
0.001392 114.93
0.001398 114.92
0.001404 114.92
0.00141 114.92
0.001416 114.92
0.001422 114.91
0.001428 114.91
0.001434 114.91
0.00144 114.91
0.001446 114.91
0.001452 114.91
0.001458 114.91
0.001464 114.9
0.00147 114.9
0.001476 114.9
0.001482 114.9
0.001488 114.9
0.001494 114.9
0.0015 114.9
0.001506 114.9
0.001512 114.9
0.001518 114.9
0.001524 114.9
0.00153 114.9
0.001536 114.9
0.001542 114.9
0.001548 114.9
0.001554 114.9
0.00156 114.9
0.001566 114.9
0.001572 114.9
0.001578 114.9
0.001584 114.9
0.00159 114.9
0.001596 114.9
0.001602 114.9
0.001608 114.9
0.001614 114.9
0.00162 114.9
0.001626 114.9
0.001632 114.9
0.001638 114.9
0.001644 114.9
0.00165 114.9
0.001656 114.9
0.001662 114.9
0.001668 114.9
0.001674 114.9
0.00168 114.9
0.001686 114.9
0.001692 114.9
0.001698 114.9
0.001704 114.9
0.00171 114.9
0.001716 114.9
0.001722 114.9
0.001728 114.9
0.001734 114.9
0.00174 114.9
0.001746 114.9
0.001752 114.9
0.001758 114.9
0.001764 114.9
0.00177 114.9
0.001776 114.9
0.001782 114.9
0.001788 114.9
0.001794 114.9
0.0018 114.9
0.001806 114.9
0.001812 114.9
0.001818 114.9
0.001824 114.9
0.00183 114.9
0.001836 114.9
0.001842 114.9
0.001848 114.9
0.001854 114.9
0.00186 114.9
0.001866 114.9
0.001872 114.9
0.001878 114.9
0.001884 114.9
0.00189 114.9
0.001896 114.9
0.001902 114.9
0.001908 114.9
0.001914 114.9
0.00192 114.9
0.001926 114.9
0.001932 114.9
0.001938 114.9
0.001944 114.9
0.00195 114.9
0.001956 114.9
0.001962 114.9
0.001968 114.9
0.001974 114.9
0.00198 114.9
0.001986 114.9
0.001992 114.9
0.001998 114.9
0.002004 114.9
0.00201 114.9
0.002016 114.9
0.002022 114.9
0.002028 114.9
0.002034 114.9
0.00204 114.9
0.002046 114.9
0.002052 114.9
0.002058 114.9
0.002064 114.9
0.00207 114.9
0.002076 114.9
0.002082 114.9
0.002088 114.9
0.002094 114.9
0.0021 114.9
0.002106 114.9
0.002112 114.9
0.002118 114.9
0.002124 114.9
0.00213 114.9
0.002136 114.9
0.002142 114.9
0.002148 114.9
0.002154 114.9
0.00216 114.9
0.002166 114.9
0.002172 114.9
0.002178 114.9
0.002184 114.9
0.00219 114.9
0.002196 114.9
0.002202 114.9
0.002208 114.9
0.002214 114.9
0.00222 114.9
0.002226 114.9
0.002232 114.9
0.002238 114.9
0.002244 114.9
0.00225 114.9
0.002256 114.9
0.002262 114.9
0.002268 114.9
0.002274 114.9
0.00228 114.9
0.002286 114.9
0.002292 114.9
0.002298 114.9
0.002304 114.9
0.00231 114.9
0.002316 114.9
0.002322 114.9
0.002328 114.9
0.002334 114.9
0.00234 114.9
0.002346 114.9
0.002352 114.9
0.002358 114.9
0.002364 114.9
0.00237 114.9
0.002376 114.9
0.002382 114.9
0.002388 114.9
0.002394 114.9
0.0024 114.9
0.002406 114.9
0.002412 114.9
0.002418 114.9
0.002424 114.9
0.00243 114.9
0.002436 114.9
0.002442 114.9
0.002448 114.9
0.002454 114.9
0.00246 114.9
0.002466 114.9
0.002472 114.9
0.002478 114.9
0.002484 114.9
0.00249 114.9
0.002496 114.9
0.002502 114.9
0.002508 114.9
0.002514 114.9
0.00252 114.9
0.002526 114.9
0.002532 114.9
0.002538 114.9
0.002544 114.9
0.00255 114.9
0.002556 114.9
0.002562 114.9
0.002568 114.9
0.002574 114.9
0.00258 114.9
0.002586 114.9
0.002592 114.9
0.002598 114.9
0.002604 114.9
0.00261 114.9
0.002616 114.9
0.002622 114.9
0.002628 114.9
0.002634 114.9
0.00264 114.9
0.002646 114.9
0.002652 114.9
0.002658 114.9
0.002664 114.9
0.00267 114.9
0.002676 114.9
0.002682 114.9
0.002688 114.9
0.002694 114.9
0.0027 114.9
0.002706 114.9
0.002712 114.9
0.002718 114.9
0.002724 114.9
0.00273 114.9
0.002736 114.9
0.002742 114.9
0.002748 114.9
0.002754 114.9
0.00276 114.9
0.002766 114.9
0.002772 114.9
0.002778 114.9
0.002784 114.9
0.00279 114.9
0.002796 114.9
0.002802 114.9
0.002808 114.9
0.002814 114.9
0.00282 114.9
0.002826 114.9
0.002832 114.9
0.002838 114.9
0.002844 114.9
0.00285 114.9
0.002856 114.9
0.002862 114.9
0.002868 114.9
0.002874 114.9
0.00288 114.9
0.002886 114.9
0.002892 114.9
0.002898 114.9
0.002904 114.9
0.00291 114.9
0.002916 114.9
0.002922 114.9
0.002928 114.9
0.002934 114.9
0.00294 114.9
0.002946 114.9
0.002952 114.9
0.002958 114.9
0.002964 114.9
0.00297 114.9
0.002976 114.9
0.002982 114.9
0.002988 114.9
0.002994 114.9
0.003 114.9
0.003006 114.9
0.003012 114.9
0.003018 114.9
0.003024 114.9
0.00303 114.9
0.003036 114.9
0.003042 114.9
0.003048 114.9
0.003054 114.9
0.00306 114.9
0.003066 114.9
0.003072 114.9
0.003078 114.9
0.003084 114.9
0.00309 114.9
0.003096 114.9
0.003102 114.9
0.003108 114.9
0.003114 114.9
0.00312 114.9
0.003126 114.9
0.003132 114.9
0.003138 114.9
0.003144 114.9
0.00315 114.9
0.003156 114.9
0.003162 114.9
0.003168 114.9
0.003174 114.9
0.00318 114.9
0.003186 114.9
0.003192 114.9
0.003198 114.9
0.003204 114.9
0.00321 114.9
0.003216 114.9
0.003222 114.9
0.003228 114.9
0.003234 114.9
0.00324 114.9
0.003246 114.9
0.003252 114.9
0.003258 114.9
0.003264 114.9
0.00327 114.9
0.003276 114.9
0.003282 114.9
0.003288 114.9
0.003294 114.9
0.0033 114.9
0.003306 114.9
0.003312 114.9
0.003318 114.9
0.003324 114.9
0.00333 114.9
0.003336 114.9
0.003342 114.9
0.003348 114.9
0.003354 114.9
0.00336 114.9
0.003366 114.9
0.003372 114.9
0.003378 114.9
0.003384 114.9
0.00339 114.9
0.003396 114.9
0.003402 114.9
0.003408 114.9
0.003414 114.9
0.00342 114.9
0.003426 114.9
0.003432 114.9
0.003438 114.9
0.003444 114.9
0.00345 114.9
0.003456 114.9
0.003462 114.9
0.003468 114.9
0.003474 114.9
0.00348 114.9
0.003486 114.9
0.003492 114.9
0.003498 114.9
0.003504 114.9
0.00351 114.9
0.003516 114.9
0.003522 114.9
0.003528 114.9
0.003534 114.9
0.00354 114.9
0.003546 114.9
0.003552 114.9
0.003558 114.9
0.003564 114.9
0.00357 114.9
0.003576 114.9
0.003582 114.9
0.003588 114.9
0.003594 114.9
0.0036 114.9
0.003606 114.9
0.003612 114.9
0.003618 114.9
0.003624 114.9
0.00363 114.9
0.003636 114.9
0.003642 114.9
0.003648 114.9
0.003654 114.9
0.00366 114.9
0.003666 114.9
0.003672 114.9
0.003678 114.9
0.003684 114.9
0.00369 114.9
0.003696 114.9
0.003702 114.9
0.003708 114.9
0.003714 114.9
0.00372 114.9
0.003726 114.9
0.003732 114.9
0.003738 114.9
0.003744 114.9
0.00375 114.9
0.003756 114.9
0.003762 114.9
0.003768 114.9
0.003774 114.9
0.00378 114.9
0.003786 114.9
0.003792 114.9
0.003798 114.9
0.003804 114.9
0.00381 114.9
0.003816 114.9
0.003822 114.9
0.003828 114.9
0.003834 114.9
0.00384 114.9
0.003846 114.9
0.003852 114.9
0.003858 114.9
0.003864 114.9
0.00387 114.9
0.003876 114.9
0.003882 114.9
0.003888 114.9
0.003894 114.9
0.0039 114.9
0.003906 114.9
0.003912 114.9
0.003918 114.9
0.003924 114.9
0.00393 114.9
0.003936 114.9
0.003942 114.9
0.003948 114.9
0.003954 114.9
0.00396 114.9
0.003966 114.9
0.003972 114.9
0.003978 114.9
0.003984 114.9
0.00399 114.9
0.003996 114.9
0.004002 114.9
0.004008 114.9
0.004014 114.9
0.00402 114.9
0.004026 114.9
0.004032 114.9
0.004038 114.9
0.004044 114.9
0.00405 114.9
0.004056 114.9
0.004062 114.9
0.004068 114.9
0.004074 114.9
0.00408 114.9
0.004086 114.9
0.004092 114.9
0.004098 114.9
0.004104 114.9
0.00411 114.9
0.004116 114.9
0.004122 114.9
0.004128 114.9
0.004134 114.9
0.00414 114.9
0.004146 114.9
0.004152 114.9
0.004158 114.9
0.004164 114.9
0.00417 114.9
0.004176 114.9
0.004182 114.9
0.004188 114.9
0.004194 114.9
0.0042 114.9
0.004206 114.9
0.004212 114.9
0.004218 114.9
0.004224 114.9
0.00423 114.9
0.004236 114.9
0.004242 114.9
0.004248 114.9
0.004254 114.9
0.00426 114.9
0.004266 114.9
0.004272 114.9
0.004278 114.9
0.004284 114.9
0.00429 114.9
0.004296 114.9
0.004302 114.9
0.004308 114.9
0.004314 114.9
0.00432 114.9
0.004326 114.9
0.004332 114.9
0.004338 114.9
0.004344 114.9
0.00435 114.9
0.004356 114.9
0.004362 114.9
0.004368 114.9
0.004374 114.9
0.00438 114.9
0.004386 114.9
0.004392 114.9
0.004398 114.9
0.004404 114.9
0.00441 114.9
0.004416 114.9
0.004422 114.9
0.004428 114.9
0.004434 114.9
0.00444 114.9
0.004446 114.9
0.004452 114.9
0.004458 114.9
0.004464 114.9
0.00447 114.9
0.004476 114.9
0.004482 114.9
0.004488 114.9
0.004494 114.9
0.0045 114.9
0.004506 114.9
0.004512 114.9
0.004518 114.9
0.004524 114.9
0.00453 114.9
0.004536 114.9
0.004542 114.9
0.004548 114.9
0.004554 114.9
0.00456 114.9
0.004566 114.9
0.004572 114.9
0.004578 114.9
0.004584 114.9
0.00459 114.9
0.004596 114.9
0.004602 114.9
0.004608 114.9
0.004614 114.9
0.00462 114.9
0.004626 114.9
0.004632 114.9
0.004638 114.9
0.004644 114.9
0.00465 114.9
0.004656 114.9
0.004662 114.9
0.004668 114.9
0.004674 114.9
0.00468 114.9
0.004686 114.9
0.004692 114.9
0.004698 114.9
0.004704 114.9
0.00471 114.9
0.004716 114.9
0.004722 114.9
0.004728 114.9
0.004734 114.9
0.00474 114.9
0.004746 114.9
0.004752 114.9
0.004758 114.9
0.004764 114.9
0.00477 114.9
0.004776 114.9
0.004782 114.9
0.004788 114.9
0.004794 114.9
0.0048 114.9
0.004806 114.9
0.004812 114.9
0.004818 114.9
0.004824 114.9
0.00483 114.9
0.004836 114.9
0.004842 114.9
0.004848 114.9
0.004854 114.9
0.00486 114.9
0.004866 114.9
0.004872 114.9
0.004878 114.9
0.004884 114.9
0.00489 114.9
0.004896 114.9
0.004902 114.9
0.004908 114.9
0.004914 114.9
0.00492 114.9
0.004926 114.9
0.004932 114.9
0.004938 114.9
0.004944 114.9
0.00495 114.9
0.004956 114.9
0.004962 114.9
0.004968 114.9
0.004974 114.9
0.00498 114.9
0.004986 114.9
0.004992 114.9
0.004998 114.9
0.005004 114.9
0.00501 114.9
0.005016 114.9
0.005022 114.9
0.005028 114.9
0.005034 114.9
0.00504 114.9
0.005046 114.9
0.005052 114.9
0.005058 114.9
0.005064 114.9
0.00507 114.9
0.005076 114.9
0.005082 114.9
0.005088 114.9
0.005094 114.9
0.0051 114.9
0.005106 114.9
0.005112 114.9
0.005118 114.9
0.005124 114.9
0.00513 114.9
0.005136 114.9
0.005142 114.9
0.005148 114.9
0.005154 114.9
0.00516 114.9
0.005166 114.9
0.005172 114.9
0.005178 114.9
0.005184 114.9
0.00519 114.9
0.005196 114.9
0.005202 114.9
0.005208 114.9
0.005214 114.9
0.00522 114.9
0.005226 114.9
0.005232 114.9
0.005238 114.9
0.005244 114.9
0.00525 114.9
0.005256 114.9
0.005262 114.9
0.005268 114.9
0.005274 114.9
0.00528 114.9
0.005286 114.9
0.005292 114.9
0.005298 114.9
0.005304 114.9
0.00531 114.9
0.005316 114.9
0.005322 114.9
0.005328 114.9
0.005334 114.9
0.00534 114.9
0.005346 114.9
0.005352 114.9
0.005358 114.9
0.005364 114.9
0.00537 114.9
0.005376 114.9
0.005382 114.9
0.005388 114.9
0.005394 114.9
0.0054 114.9
0.005406 114.9
0.005412 114.9
0.005418 114.9
0.005424 114.9
0.00543 114.9
0.005436 114.9
0.005442 114.9
0.005448 114.9
0.005454 114.9
0.00546 114.9
0.005466 114.9
0.005472 114.9
0.005478 114.9
0.005484 114.9
0.00549 114.9
0.005496 114.9
0.005502 114.9
0.005508 114.9
0.005514 114.9
0.00552 114.9
0.005526 114.9
0.005532 114.9
0.005538 114.9
0.005544 114.9
0.00555 114.9
0.005556 114.9
0.005562 114.9
0.005568 114.9
0.005574 114.9
0.00558 114.9
0.005586 114.9
0.005592 114.9
0.005598 114.9
0.005604 114.9
0.00561 114.9
0.005616 114.9
0.005622 114.9
0.005628 114.9
0.005634 114.9
0.00564 114.9
0.005646 114.9
0.005652 114.9
0.005658 114.9
0.005664 114.9
0.00567 114.9
0.005676 114.9
0.005682 114.9
0.005688 114.9
0.005694 114.9
0.0057 114.9
0.005706 114.9
0.005712 114.9
0.005718 114.9
0.005724 114.9
0.00573 114.9
0.005736 114.9
0.005742 114.9
0.005748 114.9
0.005754 114.9
0.00576 114.9
0.005766 114.9
0.005772 114.9
0.005778 114.9
0.005784 114.9
0.00579 114.9
0.005796 114.9
0.005802 114.9
0.005808 114.9
0.005814 114.9
0.00582 114.9
0.005826 114.9
0.005832 114.9
0.005838 114.9
0.005844 114.9
0.00585 114.9
0.005856 114.9
0.005862 114.9
0.005868 114.9
0.005874 114.9
0.00588 114.9
0.005886 114.9
0.005892 114.9
0.005898 114.9
0.005904 114.9
0.00591 114.9
0.005916 114.9
0.005922 114.9
0.005928 114.9
0.005934 114.9
0.00594 114.9
0.005946 114.9
0.005952 114.9
0.005958 114.9
0.005964 114.9
0.00597 114.9
0.005976 114.9
0.005982 114.9
0.005988 114.9
0.005994 114.9
0.006 114.9
0.006006 114.9
0.006012 114.9
0.006018 114.9
0.006024 114.9
0.00603 114.9
0.006036 114.9
0.006042 114.9
0.006048 114.9
0.006054 114.9
0.00606 114.9
0.006066 114.9
0.006072 114.9
0.006078 114.9
0.006084 114.9
0.00609 114.9
0.006096 114.9
0.006102 114.9
0.006108 114.9
0.006114 114.9
0.00612 114.9
0.006126 114.9
0.006132 114.9
0.006138 114.9
0.006144 114.9
0.00615 114.9
0.006156 114.9
0.006162 114.9
0.006168 114.9
0.006174 114.9
0.00618 114.9
0.006186 114.9
0.006192 114.9
0.006198 114.9
0.006204 114.9
0.00621 114.9
0.006216 114.9
0.006222 114.9
0.006228 114.9
0.006234 114.9
0.00624 114.9
0.006246 114.9
0.006252 114.9
0.006258 114.9
0.006264 114.9
0.00627 114.9
0.006276 114.9
0.006282 114.9
0.006288 114.9
0.006294 114.9
0.0063 114.9
0.006306 114.9
0.006312 114.9
0.006318 114.9
0.006324 114.9
0.00633 114.9
0.006336 114.9
0.006342 114.9
0.006348 114.9
0.006354 114.9
0.00636 114.9
0.006366 114.9
0.006372 114.9
0.006378 114.9
0.006384 114.9
0.00639 114.9
0.006396 114.9
0.006402 114.9
0.006408 114.9
0.006414 114.9
0.00642 114.9
0.006426 114.9
0.006432 114.9
0.006438 114.9
0.006444 114.9
0.00645 114.9
0.006456 114.9
0.006462 114.9
0.006468 114.9
0.006474 114.9
0.00648 114.9
0.006486 114.9
0.006492 114.9
0.006498 114.9
0.006504 114.9
0.00651 114.9
0.006516 114.9
0.006522 114.9
0.006528 114.9
0.006534 114.9
0.00654 114.9
0.006546 114.9
0.006552 114.9
0.006558 114.9
0.006564 114.9
0.00657 114.9
0.006576 114.9
0.006582 114.9
0.006588 114.9
0.006594 114.9
0.0066 114.9
0.006606 114.9
0.006612 114.9
0.006618 114.9
0.006624 114.9
0.00663 114.9
0.006636 114.9
0.006642 114.9
0.006648 114.9
0.006654 114.9
0.00666 114.9
0.006666 114.9
0.006672 114.9
0.006678 114.9
0.006684 114.9
0.00669 114.9
0.006696 114.9
0.006702 114.9
0.006708 114.9
0.006714 114.9
0.00672 114.9
0.006726 114.9
0.006732 114.9
0.006738 114.9
0.006744 114.9
0.00675 114.9
0.006756 114.9
0.006762 114.9
0.006768 114.9
0.006774 114.9
0.00678 114.9
0.006786 114.9
0.006792 114.9
0.006798 114.9
0.006804 114.9
0.00681 114.9
0.006816 114.9
0.006822 114.9
0.006828 114.9
0.006834 114.9
0.00684 114.9
0.006846 114.9
0.006852 114.9
0.006858 114.9
0.006864 114.9
0.00687 114.9
0.006876 114.9
0.006882 114.9
0.006888 114.9
0.006894 114.9
0.0069 114.9
0.006906 114.9
0.006912 114.9
0.006918 114.9
0.006924 114.9
0.00693 114.9
0.006936 114.9
0.006942 114.9
0.006948 114.9
0.006954 114.9
0.00696 114.9
0.006966 114.9
0.006972 114.9
0.006978 114.9
0.006984 114.9
0.00699 114.9
0.006996 114.9
0.007002 114.9
0.007008 114.9
0.007014 114.9
0.00702 114.9
0.007026 114.9
0.007032 114.9
0.007038 114.9
0.007044 114.9
0.00705 114.9
0.007056 114.9
0.007062 114.9
0.007068 114.9
0.007074 114.9
0.00708 114.9
0.007086 114.9
0.007092 114.9
0.007098 114.9
0.007104 114.9
0.00711 114.9
0.007116 114.9
0.007122 114.9
0.007128 114.9
0.007134 114.9
0.00714 114.9
0.007146 114.9
0.007152 114.9
0.007158 114.9
0.007164 114.9
0.00717 114.9
0.007176 114.9
0.007182 114.9
0.007188 114.9
0.007194 114.9
0.0072 114.9
0.007206 114.9
0.007212 114.9
0.007218 114.9
0.007224 114.9
0.00723 114.9
0.007236 114.9
0.007242 114.9
0.007248 114.9
0.007254 114.9
0.00726 114.9
0.007266 114.9
0.007272 114.9
0.007278 114.9
0.007284 114.9
0.00729 114.9
0.007296 114.9
0.007302 114.9
0.007308 114.9
0.007314 114.9
0.00732 114.9
0.007326 114.9
0.007332 114.9
0.007338 114.9
0.007344 114.9
0.00735 114.9
0.007356 114.9
0.007362 114.9
0.007368 114.9
0.007374 114.9
0.00738 114.9
0.007386 114.9
0.007392 114.9
0.007398 114.9
0.007404 114.9
0.00741 114.9
0.007416 114.9
0.007422 114.9
0.007428 114.9
0.007434 114.9
0.00744 114.9
0.007446 114.9
0.007452 114.9
0.007458 114.9
0.007464 114.9
0.00747 114.9
0.007476 114.9
0.007482 114.9
0.007488 114.9
0.007494 114.9
0.0075 114.9
0.007506 114.9
0.007512 114.9
0.007518 114.9
0.007524 114.9
0.00753 114.9
0.007536 114.9
0.007542 114.9
0.007548 114.9
0.007554 114.9
0.00756 114.9
0.007566 114.9
0.007572 114.9
0.007578 114.9
0.007584 114.9
0.00759 114.9
0.007596 114.9
0.007602 114.9
0.007608 114.9
0.007614 114.9
0.00762 114.9
0.007626 114.9
0.007632 114.9
0.007638 114.9
0.007644 114.9
0.00765 114.9
0.007656 114.9
0.007662 114.9
0.007668 114.9
0.007674 114.9
0.00768 114.9
0.007686 114.9
0.007692 114.9
0.007698 114.9
0.007704 114.9
0.00771 114.9
0.007716 114.9
0.007722 114.9
0.007728 114.9
0.007734 114.9
0.00774 114.9
0.007746 114.9
0.007752 114.9
0.007758 114.9
0.007764 114.9
0.00777 114.9
0.007776 114.9
0.007782 114.9
0.007788 114.9
0.007794 114.9
0.0078 114.9
0.007806 114.9
0.007812 114.9
0.007818 114.9
0.007824 114.9
0.00783 114.9
0.007836 114.9
0.007842 114.9
0.007848 114.9
0.007854 114.9
0.00786 114.9
0.007866 114.9
0.007872 114.9
0.007878 114.9
0.007884 114.9
0.00789 114.9
0.007896 114.9
0.007902 114.9
0.007908 114.9
0.007914 114.9
0.00792 114.9
0.007926 114.9
0.007932 114.9
0.007938 114.9
0.007944 114.9
0.00795 114.9
0.007956 114.9
0.007962 114.9
0.007968 114.9
0.007974 114.9
0.00798 114.9
0.007986 114.9
0.007992 114.9
0.007998 114.9
0.008004 114.9
0.00801 114.9
0.008016 114.9
0.008022 114.9
0.008028 114.9
0.008034 114.9
0.00804 114.9
0.008046 114.9
0.008052 114.9
0.008058 114.9
0.008064 114.9
0.00807 114.9
0.008076 114.9
0.008082 114.9
0.008088 114.9
0.008094 114.9
0.0081 114.9
0.008106 114.9
0.008112 114.9
0.008118 114.9
0.008124 114.9
0.00813 114.9
0.008136 114.9
0.008142 114.9
0.008148 114.9
0.008154 114.9
0.00816 114.9
0.008166 114.9
0.008172 114.9
0.008178 114.9
0.008184 114.9
0.00819 114.9
0.008196 114.9
0.008202 114.9
0.008208 114.9
0.008214 114.9
0.00822 114.9
0.008226 114.9
0.008232 114.9
0.008238 114.9
0.008244 114.9
0.00825 114.9
0.008256 114.9
0.008262 114.9
0.008268 114.9
0.008274 114.9
0.00828 114.9
0.008286 114.9
0.008292 114.9
0.008298 114.9
0.008304 114.9
0.00831 114.9
0.008316 114.9
0.008322 114.9
0.008328 114.9
0.008334 114.9
0.00834 114.9
0.008346 114.9
0.008352 114.9
0.008358 114.9
0.008364 114.9
0.00837 114.9
0.008376 114.9
0.008382 114.9
0.008388 114.9
0.008394 114.9
0.0084 114.9
0.008406 114.9
0.008412 114.9
0.008418 114.9
0.008424 114.9
0.00843 114.9
0.008436 114.9
0.008442 114.9
0.008448 114.9
0.008454 114.9
0.00846 114.9
0.008466 114.9
0.008472 114.9
0.008478 114.9
0.008484 114.9
0.00849 114.9
0.008496 114.9
0.008502 114.9
0.008508 114.9
0.008514 114.9
0.00852 114.9
0.008526 114.9
0.008532 114.9
0.008538 114.9
0.008544 114.9
0.00855 114.9
0.008556 114.9
0.008562 114.9
0.008568 114.9
0.008574 114.9
0.00858 114.9
0.008586 114.9
0.008592 114.9
0.008598 114.9
0.008604 114.9
0.00861 114.9
0.008616 114.9
0.008622 114.9
0.008628 114.9
0.008634 114.9
0.00864 114.9
0.008646 114.9
0.008652 114.9
0.008658 114.9
0.008664 114.9
0.00867 114.9
0.008676 114.9
0.008682 114.9
0.008688 114.9
0.008694 114.9
0.0087 114.9
0.008706 114.9
0.008712 114.9
0.008718 114.9
0.008724 114.9
0.00873 114.9
0.008736 114.9
0.008742 114.9
0.008748 114.9
0.008754 114.9
0.00876 114.9
0.008766 114.9
0.008772 114.9
0.008778 114.9
0.008784 114.9
0.00879 114.9
0.008796 114.9
0.008802 114.9
0.008808 114.9
0.008814 114.9
0.00882 114.9
0.008826 114.9
0.008832 114.9
0.008838 114.9
0.008844 114.9
0.00885 114.9
0.008856 114.9
0.008862 114.9
0.008868 114.9
0.008874 114.9
0.00888 114.9
0.008886 114.9
0.008892 114.9
0.008898 114.9
0.008904 114.9
0.00891 114.9
0.008916 114.9
0.008922 114.9
0.008928 114.9
0.008934 114.9
0.00894 114.9
0.008946 114.9
0.008952 114.9
0.008958 114.9
0.008964 114.9
0.00897 114.9
0.008976 114.9
0.008982 114.9
0.008988 114.9
0.008994 114.9
0.009 114.9
0.009006 114.9
0.009012 114.9
0.009018 114.9
0.009024 114.9
0.00903 114.9
0.009036 114.9
0.009042 114.9
0.009048 114.9
0.009054 114.9
0.00906 114.9
0.009066 114.9
0.009072 114.9
0.009078 114.9
0.009084 114.9
0.00909 114.9
0.009096 114.9
0.009102 114.9
0.009108 114.9
0.009114 114.9
0.00912 114.9
0.009126 114.9
0.009132 114.9
0.009138 114.9
0.009144 114.9
0.00915 114.9
0.009156 114.9
0.009162 114.9
0.009168 114.9
0.009174 114.9
0.00918 114.9
0.009186 114.9
0.009192 114.9
0.009198 114.9
0.009204 114.9
0.00921 114.9
0.009216 114.9
0.009222 114.9
0.009228 114.9
0.009234 114.9
0.00924 114.9
0.009246 114.9
0.009252 114.9
0.009258 114.9
0.009264 114.9
0.00927 114.9
0.009276 114.9
0.009282 114.9
0.009288 114.9
0.009294 114.9
0.0093 114.9
0.009306 114.9
0.009312 114.9
0.009318 114.9
0.009324 114.9
0.00933 114.9
0.009336 114.9
0.009342 114.9
0.009348 114.9
0.009354 114.9
0.00936 114.9
0.009366 114.9
0.009372 114.9
0.009378 114.9
0.009384 114.9
0.00939 114.9
0.009396 114.9
0.009402 114.9
0.009408 114.9
0.009414 114.9
0.00942 114.9
0.009426 114.9
0.009432 114.9
0.009438 114.9
0.009444 114.9
0.00945 114.9
0.009456 114.9
0.009462 114.9
0.009468 114.9
0.009474 114.9
0.00948 114.9
0.009486 114.9
0.009492 114.9
0.009498 114.9
0.009504 114.9
0.00951 114.9
0.009516 114.9
0.009522 114.9
0.009528 114.9
0.009534 114.9
0.00954 114.9
0.009546 114.9
0.009552 114.9
0.009558 114.9
0.009564 114.9
0.00957 114.9
0.009576 114.9
0.009582 114.9
0.009588 114.9
0.009594 114.9
0.0096 114.9
0.009606 114.9
0.009612 114.9
0.009618 114.9
0.009624 114.9
0.00963 114.9
0.009636 114.9
0.009642 114.9
0.009648 114.9
0.009654 114.9
0.00966 114.9
0.009666 114.9
0.009672 114.9
0.009678 114.9
0.009684 114.9
0.00969 114.9
0.009696 114.9
0.009702 114.9
0.009708 114.9
0.009714 114.9
0.00972 114.9
0.009726 114.9
0.009732 114.9
0.009738 114.9
0.009744 114.9
0.00975 114.9
0.009756 114.9
0.009762 114.9
0.009768 114.9
0.009774 114.9
0.00978 114.9
0.009786 114.9
0.009792 114.9
0.009798 114.9
0.009804 114.9
0.00981 114.9
0.009816 114.9
0.009822 114.9
0.009828 114.9
0.009834 114.9
0.00984 114.9
0.009846 114.9
0.009852 114.9
0.009858 114.9
0.009864 114.9
0.00987 114.9
0.009876 114.9
0.009882 114.9
0.009888 114.9
0.009894 114.9
0.0099 114.9
0.009906 114.9
0.009912 114.9
0.009918 114.9
0.009924 114.9
0.00993 114.9
0.009936 114.9
0.009942 114.9
0.009948 114.9
0.009954 114.9
0.00996 114.9
0.009966 114.9
0.009972 114.9
0.009978 114.9
0.009984 114.9
0.00999 114.9
0.009996 114.9
0.010002 114.9
0.010008 114.9
0.010014 114.9
0.01002 114.9
0.010026 114.9
0.010032 114.9
0.010038 114.9
0.010044 114.9
0.01005 114.9
0.010056 114.9
0.010062 114.9
0.010068 114.9
0.010074 114.9
0.01008 114.9
0.010086 114.9
0.010092 114.9
0.010098 114.9
0.010104 114.9
0.01011 114.9
0.010116 114.9
0.010122 114.9
0.010128 114.9
0.010134 114.9
0.01014 114.9
0.010146 114.9
0.010152 114.9
0.010158 114.9
0.010164 114.9
0.01017 114.9
0.010176 114.9
0.010182 114.9
0.010188 114.9
0.010194 114.9
0.0102 114.9
0.010206 114.9
0.010212 114.9
0.010218 114.9
0.010224 114.9
0.01023 114.9
0.010236 114.9
0.010242 114.9
0.010248 114.9
0.010254 114.9
0.01026 114.9
0.010266 114.9
0.010272 114.9
0.010278 114.9
0.010284 114.9
0.01029 114.9
0.010296 114.9
0.010302 114.9
0.010308 114.9
0.010314 114.9
0.01032 114.9
0.010326 114.9
0.010332 114.9
0.010338 114.9
0.010344 114.9
0.01035 114.9
0.010356 114.9
0.010362 114.9
0.010368 114.9
0.010374 114.9
0.01038 114.9
0.010386 114.9
0.010392 114.9
0.010398 114.9
0.010404 114.9
0.01041 114.9
0.010416 114.9
0.010422 114.9
0.010428 114.9
0.010434 114.9
0.01044 114.9
0.010446 114.9
0.010452 114.9
0.010458 114.9
0.010464 114.9
0.01047 114.9
0.010476 114.9
0.010482 114.9
0.010488 114.9
0.010494 114.9
0.0105 114.9
0.010506 114.9
0.010512 114.9
0.010518 114.9
0.010524 114.9
0.01053 114.9
0.010536 114.9
0.010542 114.9
0.010548 114.9
0.010554 114.9
0.01056 114.9
0.010566 114.9
0.010572 114.9
0.010578 114.9
0.010584 114.9
0.01059 114.9
0.010596 114.9
0.010602 114.9
0.010608 114.9
0.010614 114.9
0.01062 114.9
0.010626 114.9
0.010632 114.9
0.010638 114.9
0.010644 114.9
0.01065 114.9
0.010656 114.9
0.010662 114.9
0.010668 114.9
0.010674 114.9
0.01068 114.9
0.010686 114.9
0.010692 114.9
0.010698 114.9
0.010704 114.9
0.01071 114.9
0.010716 114.9
0.010722 114.9
0.010728 114.9
0.010734 114.9
0.01074 114.9
0.010746 114.9
0.010752 114.9
0.010758 114.9
0.010764 114.9
0.01077 114.9
0.010776 114.9
0.010782 114.9
0.010788 114.9
0.010794 114.9
0.0108 114.9
0.010806 114.9
0.010812 114.9
0.010818 114.9
0.010824 114.9
0.01083 114.9
0.010836 114.9
0.010842 114.9
0.010848 114.9
0.010854 114.9
0.01086 114.9
0.010866 114.9
0.010872 114.9
0.010878 114.9
0.010884 114.9
0.01089 114.9
0.010896 114.9
0.010902 114.9
0.010908 114.9
0.010914 114.9
0.01092 114.9
0.010926 114.9
0.010932 114.9
0.010938 114.9
0.010944 114.9
0.01095 114.9
0.010956 114.9
0.010962 114.9
0.010968 114.9
0.010974 114.9
0.01098 114.9
0.010986 114.9
0.010992 114.9
0.010998 114.9
0.011004 114.9
0.01101 114.9
0.011016 114.9
0.011022 114.9
0.011028 114.9
0.011034 114.9
0.01104 114.9
0.011046 114.9
0.011052 114.9
0.011058 114.9
0.011064 114.9
0.01107 114.9
0.011076 114.9
0.011082 114.9
0.011088 114.9
0.011094 114.9
0.0111 114.9
0.011106 114.9
0.011112 114.9
0.011118 114.9
0.011124 114.9
0.01113 114.9
0.011136 114.9
0.011142 114.9
0.011148 114.9
0.011154 114.9
0.01116 114.9
0.011166 114.9
0.011172 114.9
0.011178 114.9
0.011184 114.9
0.01119 114.9
0.011196 114.9
0.011202 114.9
0.011208 114.9
0.011214 114.9
0.01122 114.9
0.011226 114.9
0.011232 114.9
0.011238 114.9
0.011244 114.9
0.01125 114.9
0.011256 114.9
0.011262 114.9
0.011268 114.9
0.011274 114.9
0.01128 114.9
0.011286 114.9
0.011292 114.9
0.011298 114.9
0.011304 114.9
0.01131 114.9
0.011316 114.9
0.011322 114.9
0.011328 114.9
0.011334 114.9
0.01134 114.9
0.011346 114.9
0.011352 114.9
0.011358 114.9
0.011364 114.9
0.01137 114.9
0.011376 114.9
0.011382 114.9
0.011388 114.9
0.011394 114.9
0.0114 114.9
0.011406 114.9
0.011412 114.9
0.011418 114.9
0.011424 114.9
0.01143 114.9
0.011436 114.9
0.011442 114.9
0.011448 114.9
0.011454 114.9
0.01146 114.9
0.011466 114.9
0.011472 114.9
0.011478 114.9
0.011484 114.9
0.01149 114.9
0.011496 114.9
0.011502 114.9
0.011508 114.9
0.011514 114.9
0.01152 114.9
0.011526 114.9
0.011532 114.9
0.011538 114.9
0.011544 114.9
0.01155 114.9
0.011556 114.9
0.011562 114.9
0.011568 114.9
0.011574 114.9
0.01158 114.9
0.011586 114.9
0.011592 114.9
0.011598 114.9
0.011604 114.9
0.01161 114.9
0.011616 114.9
0.011622 114.9
0.011628 114.9
0.011634 114.9
0.01164 114.9
0.011646 114.9
0.011652 114.9
0.011658 114.9
0.011664 114.9
0.01167 114.9
0.011676 114.9
0.011682 114.9
0.011688 114.9
0.011694 114.9
0.0117 114.9
0.011706 114.9
0.011712 114.9
0.011718 114.9
0.011724 114.9
0.01173 114.9
0.011736 114.9
0.011742 114.9
0.011748 114.9
0.011754 114.9
0.01176 114.9
0.011766 114.9
0.011772 114.9
0.011778 114.9
0.011784 114.9
0.01179 114.9
0.011796 114.9
0.011802 114.9
0.011808 114.9
0.011814 114.9
0.01182 114.9
0.011826 114.9
0.011832 114.9
0.011838 114.9
0.011844 114.9
0.01185 114.9
0.011856 114.9
0.011862 114.9
0.011868 114.9
0.011874 114.9
0.01188 114.9
0.011886 114.9
0.011892 114.9
0.011898 114.9
0.011904 114.9
0.01191 114.9
0.011916 114.9
0.011922 114.9
0.011928 114.9
0.011934 114.9
0.01194 114.9
0.011946 114.9
0.011952 114.9
0.011958 114.9
0.011964 114.9
0.01197 114.9
0.011976 114.9
0.011982 114.9
0.011988 114.9
0.011994 114.9
0.012 114.9
0.012006 114.9
0.012012 114.9
0.012018 114.9
0.012024 114.9
0.01203 114.9
0.012036 114.9
0.012042 114.9
0.012048 114.9
0.012054 114.9
0.01206 114.9
0.012066 114.9
0.012072 114.9
0.012078 114.9
0.012084 114.9
0.01209 114.9
0.012096 114.9
0.012102 114.9
0.012108 114.9
0.012114 114.9
0.01212 114.9
0.012126 114.9
0.012132 114.9
0.012138 114.9
0.012144 114.9
0.01215 114.9
0.012156 114.9
0.012162 114.9
0.012168 114.9
0.012174 114.9
0.01218 114.9
0.012186 114.9
0.012192 114.9
0.012198 114.9
0.012204 114.9
0.01221 114.9
0.012216 114.9
0.012222 114.9
0.012228 114.9
0.012234 114.9
0.01224 114.9
0.012246 114.9
0.012252 114.9
0.012258 114.9
0.012264 114.9
0.01227 114.9
0.012276 114.9
0.012282 114.9
0.012288 114.9
0.012294 114.9
0.0123 114.9
0.012306 114.9
0.012312 114.9
0.012318 114.9
0.012324 114.9
0.01233 114.9
0.012336 114.9
0.012342 114.9
0.012348 114.9
0.012354 114.9
0.01236 114.9
0.012366 114.9
0.012372 114.9
0.012378 114.9
0.012384 114.9
0.01239 114.9
0.012396 114.9
0.012402 114.9
0.012408 114.9
0.012414 114.9
0.01242 114.9
0.012426 114.9
0.012432 114.9
0.012438 114.9
0.012444 114.9
0.01245 114.9
0.012456 114.9
0.012462 114.9
0.012468 114.9
0.012474 114.9
0.01248 114.9
0.012486 114.9
0.012492 114.9
0.012498 114.9
0.012504 114.9
0.01251 114.9
0.012516 114.9
0.012522 114.9
0.012528 114.9
0.012534 114.9
0.01254 114.9
0.012546 114.9
0.012552 114.9
0.012558 114.9
0.012564 114.9
0.01257 114.9
0.012576 114.9
0.012582 114.9
0.012588 114.9
0.012594 114.9
0.0126 114.9
0.012606 114.9
0.012612 114.9
0.012618 114.9
0.012624 114.9
0.01263 114.9
0.012636 114.9
0.012642 114.9
0.012648 114.9
0.012654 114.9
0.01266 114.9
0.012666 114.9
0.012672 114.9
0.012678 114.9
0.012684 114.9
0.01269 114.9
0.012696 114.9
0.012702 114.9
0.012708 114.9
0.012714 114.9
0.01272 114.9
0.012726 114.9
0.012732 114.9
0.012738 114.9
0.012744 114.9
0.01275 114.9
0.012756 114.9
0.012762 114.9
0.012768 114.9
0.012774 114.9
0.01278 114.9
0.012786 114.9
0.012792 114.9
0.012798 114.9
0.012804 114.9
0.01281 114.9
0.012816 114.9
0.012822 114.9
0.012828 114.9
0.012834 114.9
0.01284 114.9
0.012846 114.9
0.012852 114.9
0.012858 114.9
0.012864 114.9
0.01287 114.9
0.012876 114.9
0.012882 114.9
0.012888 114.9
0.012894 114.9
0.0129 114.9
0.012906 114.9
0.012912 114.9
0.012918 114.9
0.012924 114.9
0.01293 114.9
0.012936 114.9
0.012942 114.9
0.012948 114.9
0.012954 114.9
0.01296 114.9
0.012966 114.9
0.012972 114.9
0.012978 114.9
0.012984 114.9
0.01299 114.9
0.012996 114.9
0.013002 114.9
0.013008 114.9
0.013014 114.9
0.01302 114.9
0.013026 114.9
0.013032 114.9
0.013038 114.9
0.013044 114.9
0.01305 114.9
0.013056 114.9
0.013062 114.9
0.013068 114.9
0.013074 114.9
0.01308 114.9
0.013086 114.9
0.013092 114.9
0.013098 114.9
0.013104 114.9
0.01311 114.9
0.013116 114.9
0.013122 114.9
0.013128 114.9
0.013134 114.9
0.01314 114.9
0.013146 114.9
0.013152 114.9
0.013158 114.9
0.013164 114.9
0.01317 114.9
0.013176 114.9
0.013182 114.9
0.013188 114.9
0.013194 114.9
0.0132 114.9
0.013206 114.9
0.013212 114.9
0.013218 114.9
0.013224 114.9
0.01323 114.9
0.013236 114.9
0.013242 114.9
0.013248 114.9
0.013254 114.9
0.01326 114.9
0.013266 114.9
0.013272 114.9
0.013278 114.9
0.013284 114.9
0.01329 114.9
0.013296 114.9
0.013302 114.9
0.013308 114.9
0.013314 114.9
0.01332 114.9
0.013326 114.9
0.013332 114.9
0.013338 114.9
0.013344 114.9
0.01335 114.9
0.013356 114.9
0.013362 114.9
0.013368 114.9
0.013374 114.9
0.01338 114.9
0.013386 114.9
0.013392 114.9
0.013398 114.9
0.013404 114.9
0.01341 114.9
0.013416 114.9
0.013422 114.9
0.013428 114.9
0.013434 114.9
0.01344 114.9
0.013446 114.9
0.013452 114.9
0.013458 114.9
0.013464 114.9
0.01347 114.9
0.013476 114.9
0.013482 114.9
0.013488 114.9
0.013494 114.9
0.0135 114.9
0.013506 114.9
0.013512 114.9
0.013518 114.9
0.013524 114.9
0.01353 114.9
0.013536 114.9
0.013542 114.9
0.013548 114.9
0.013554 114.9
0.01356 114.9
0.013566 114.9
0.013572 114.9
0.013578 114.9
0.013584 114.9
0.01359 114.9
0.013596 114.9
0.013602 114.9
0.013608 114.9
0.013614 114.9
0.01362 114.9
0.013626 114.9
0.013632 114.9
0.013638 114.9
0.013644 114.9
0.01365 114.9
0.013656 114.9
0.013662 114.9
0.013668 114.9
0.013674 114.9
0.01368 114.9
0.013686 114.9
0.013692 114.9
0.013698 114.9
0.013704 114.9
0.01371 114.9
0.013716 114.9
0.013722 114.9
0.013728 114.9
0.013734 114.9
0.01374 114.9
0.013746 114.9
0.013752 114.9
0.013758 114.9
0.013764 114.9
0.01377 114.9
0.013776 114.9
0.013782 114.9
0.013788 114.9
0.013794 114.9
0.0138 114.9
0.013806 114.9
0.013812 114.9
0.013818 114.9
0.013824 114.9
0.01383 114.9
0.013836 114.9
0.013842 114.9
0.013848 114.9
0.013854 114.9
0.01386 114.9
0.013866 114.9
0.013872 114.9
0.013878 114.9
0.013884 114.9
0.01389 114.9
0.013896 114.9
0.013902 114.9
0.013908 114.9
0.013914 114.9
0.01392 114.9
0.013926 114.9
0.013932 114.9
0.013938 114.9
0.013944 114.9
0.01395 114.9
0.013956 114.9
0.013962 114.9
0.013968 114.9
0.013974 114.9
0.01398 114.9
0.013986 114.9
0.013992 114.9
0.013998 114.9
0.014004 114.9
0.01401 114.9
0.014016 114.9
0.014022 114.9
0.014028 114.9
0.014034 114.9
0.01404 114.9
0.014046 114.9
0.014052 114.9
0.014058 114.9
0.014064 114.9
0.01407 114.9
0.014076 114.9
0.014082 114.9
0.014088 114.9
0.014094 114.9
0.0141 114.9
0.014106 114.9
0.014112 114.9
0.014118 114.9
0.014124 114.9
0.01413 114.9
0.014136 114.9
0.014142 114.9
0.014148 114.9
0.014154 114.9
0.01416 114.9
0.014166 114.9
0.014172 114.9
0.014178 114.9
0.014184 114.9
0.01419 114.9
0.014196 114.9
0.014202 114.9
0.014208 114.9
0.014214 114.9
0.01422 114.9
0.014226 114.9
0.014232 114.9
0.014238 114.9
0.014244 114.9
0.01425 114.9
0.014256 114.9
0.014262 114.9
0.014268 114.9
0.014274 114.9
0.01428 114.9
0.014286 114.9
0.014292 114.9
0.014298 114.9
0.014304 114.9
0.01431 114.9
0.014316 114.9
0.014322 114.9
0.014328 114.9
0.014334 114.9
0.01434 114.9
0.014346 114.9
0.014352 114.9
0.014358 114.9
0.014364 114.9
0.01437 114.9
0.014376 114.9
0.014382 114.9
0.014388 114.9
0.014394 114.9
0.0144 114.9
0.014406 114.9
0.014412 114.9
0.014418 114.9
0.014424 114.9
0.01443 114.9
0.014436 114.9
0.014442 114.9
0.014448 114.9
0.014454 114.9
0.01446 114.9
0.014466 114.9
0.014472 114.9
0.014478 114.9
0.014484 114.9
0.01449 114.9
0.014496 114.9
0.014502 114.9
0.014508 114.9
0.014514 114.9
0.01452 114.9
0.014526 114.9
0.014532 114.9
0.014538 114.9
0.014544 114.9
0.01455 114.9
0.014556 114.9
0.014562 114.9
0.014568 114.9
0.014574 114.9
0.01458 114.9
0.014586 114.9
0.014592 114.9
0.014598 114.9
0.014604 114.9
0.01461 114.9
0.014616 114.9
0.014622 114.9
0.014628 114.9
0.014634 114.9
0.01464 114.9
0.014646 114.9
0.014652 114.9
0.014658 114.9
0.014664 114.9
0.01467 114.9
0.014676 114.9
0.014682 114.9
0.014688 114.9
0.014694 114.9
0.0147 114.9
0.014706 114.9
0.014712 114.9
0.014718 114.9
0.014724 114.9
0.01473 114.9
0.014736 114.9
0.014742 114.9
0.014748 114.9
0.014754 114.9
0.01476 114.9
0.014766 114.9
0.014772 114.9
0.014778 114.9
0.014784 114.9
0.01479 114.9
0.014796 114.9
0.014802 114.9
0.014808 114.9
0.014814 114.9
0.01482 114.9
0.014826 114.9
0.014832 114.9
0.014838 114.9
0.014844 114.9
0.01485 114.9
0.014856 114.9
0.014862 114.9
0.014868 114.9
0.014874 114.9
0.01488 114.9
0.014886 114.9
0.014892 114.9
0.014898 114.9
0.014904 114.9
0.01491 114.9
0.014916 114.9
0.014922 114.9
0.014928 114.9
0.014934 114.9
0.01494 114.9
0.014946 114.9
0.014952 114.9
0.014958 114.9
0.014964 114.9
0.01497 114.9
0.014976 114.9
0.014982 114.9
0.014988 114.9
0.014994 114.9
0.015 114.9
0.015006 114.9
0.015012 114.9
0.015018 114.9
0.015024 114.9
0.01503 114.9
0.015036 114.9
0.015042 114.9
0.015048 114.9
0.015054 114.9
0.01506 114.9
0.015066 114.9
0.015072 114.9
0.015078 114.9
0.015084 114.9
0.01509 114.9
0.015096 114.9
0.015102 114.9
0.015108 114.9
0.015114 114.9
0.01512 114.9
0.015126 114.9
0.015132 114.9
0.015138 114.9
0.015144 114.9
0.01515 114.9
0.015156 114.9
0.015162 114.9
0.015168 114.9
0.015174 114.9
0.01518 114.9
0.015186 114.9
0.015192 114.9
0.015198 114.9
0.015204 114.9
0.01521 114.9
0.015216 114.9
0.015222 114.9
0.015228 114.9
0.015234 114.9
0.01524 114.9
0.015246 114.9
0.015252 114.9
0.015258 114.9
0.015264 114.9
0.01527 114.9
0.015276 114.9
0.015282 114.9
0.015288 114.9
0.015294 114.9
0.0153 114.9
0.015306 114.9
0.015312 114.9
0.015318 114.9
0.015324 114.9
0.01533 114.9
0.015336 114.9
0.015342 114.9
0.015348 114.9
0.015354 114.9
0.01536 114.9
0.015366 114.9
0.015372 114.9
0.015378 114.9
0.015384 114.9
0.01539 114.9
0.015396 114.9
0.015402 114.9
0.015408 114.9
0.015414 114.9
0.01542 114.9
0.015426 114.9
0.015432 114.9
0.015438 114.9
0.015444 114.9
0.01545 114.9
0.015456 114.9
0.015462 114.9
0.015468 114.9
0.015474 114.9
0.01548 114.9
0.015486 114.9
0.015492 114.9
0.015498 114.9
0.015504 114.9
0.01551 114.9
0.015516 114.9
0.015522 114.9
0.015528 114.9
0.015534 114.9
0.01554 114.9
0.015546 114.9
0.015552 114.9
0.015558 114.9
0.015564 114.9
0.01557 114.9
0.015576 114.9
0.015582 114.9
0.015588 114.9
0.015594 114.9
0.0156 114.9
0.015606 114.9
0.015612 114.9
0.015618 114.9
0.015624 114.9
0.01563 114.9
0.015636 114.9
0.015642 114.9
0.015648 114.9
0.015654 114.9
0.01566 114.9
0.015666 114.9
0.015672 114.9
0.015678 114.9
0.015684 114.9
0.01569 114.9
0.015696 114.9
0.015702 114.9
0.015708 114.9
0.015714 114.9
0.01572 114.9
0.015726 114.9
0.015732 114.9
0.015738 114.9
0.015744 114.9
0.01575 114.9
0.015756 114.9
0.015762 114.9
0.015768 114.9
0.015774 114.9
0.01578 114.9
0.015786 114.9
0.015792 114.9
0.015798 114.9
0.015804 114.9
0.01581 114.9
0.015816 114.9
0.015822 114.9
0.015828 114.9
0.015834 114.9
0.01584 114.9
0.015846 114.9
0.015852 114.9
0.015858 114.9
0.015864 114.9
0.01587 114.9
0.015876 114.9
0.015882 114.9
0.015888 114.9
0.015894 114.9
0.0159 114.9
0.015906 114.9
0.015912 114.9
0.015918 114.9
0.015924 114.9
0.01593 114.9
0.015936 114.9
0.015942 114.9
0.015948 114.9
0.015954 114.9
0.01596 114.9
0.015966 114.9
0.015972 114.9
0.015978 114.9
0.015984 114.9
0.01599 114.9
0.015996 114.9
0.016002 114.9
0.016008 114.9
0.016014 114.9
0.01602 114.9
0.016026 114.9
0.016032 114.9
0.016038 114.9
0.016044 114.9
0.01605 114.9
0.016056 114.9
0.016062 114.9
0.016068 114.9
0.016074 114.9
0.01608 114.9
0.016086 114.9
0.016092 114.9
0.016098 114.9
0.016104 114.9
0.01611 114.9
0.016116 114.9
0.016122 114.9
0.016128 114.9
0.016134 114.9
0.01614 114.9
0.016146 114.9
0.016152 114.9
0.016158 114.9
0.016164 114.9
0.01617 114.9
0.016176 114.9
0.016182 114.9
0.016188 114.9
0.016194 114.9
0.0162 114.9
0.016206 114.9
0.016212 114.9
0.016218 114.9
0.016224 114.9
0.01623 114.9
0.016236 114.9
0.016242 114.9
0.016248 114.9
0.016254 114.9
0.01626 114.9
0.016266 114.9
0.016272 114.9
0.016278 114.9
0.016284 114.9
0.01629 114.9
0.016296 114.9
0.016302 114.9
0.016308 114.9
0.016314 114.9
0.01632 114.9
0.016326 114.9
0.016332 114.9
0.016338 114.9
0.016344 114.9
0.01635 114.9
0.016356 114.9
0.016362 114.9
0.016368 114.9
0.016374 114.9
0.01638 114.9
0.016386 114.9
0.016392 114.9
0.016398 114.9
0.016404 114.9
0.01641 114.9
0.016416 114.9
0.016422 114.9
0.016428 114.9
0.016434 114.9
0.01644 114.9
0.016446 114.9
0.016452 114.9
0.016458 114.9
0.016464 114.9
0.01647 114.9
0.016476 114.9
0.016482 114.9
0.016488 114.9
0.016494 114.9
0.0165 114.9
0.016506 114.9
0.016512 114.9
0.016518 114.9
0.016524 114.9
0.01653 114.9
0.016536 114.9
0.016542 114.9
0.016548 114.9
0.016554 114.9
0.01656 114.9
0.016566 114.9
0.016572 114.9
0.016578 114.9
0.016584 114.9
0.01659 114.9
0.016596 114.9
0.016602 114.9
0.016608 114.9
0.016614 114.9
0.01662 114.9
0.016626 114.9
0.016632 114.9
0.016638 114.9
0.016644 114.9
0.01665 114.9
0.016656 114.9
0.016662 114.9
0.016668 114.9
0.016674 114.9
0.01668 114.9
0.016686 114.9
0.016692 114.9
0.016698 114.9
0.016704 114.9
0.01671 114.9
0.016716 114.9
0.016722 114.9
0.016728 114.9
0.016734 114.9
0.01674 114.9
0.016746 114.9
0.016752 114.9
0.016758 114.9
0.016764 114.9
0.01677 114.9
0.016776 114.9
0.016782 114.9
0.016788 114.9
0.016794 114.9
0.0168 114.9
0.016806 114.9
0.016812 114.9
0.016818 114.9
0.016824 114.9
0.01683 114.9
0.016836 114.9
0.016842 114.9
0.016848 114.9
0.016854 114.9
0.01686 114.9
0.016866 114.9
0.016872 114.9
0.016878 114.9
0.016884 114.9
0.01689 114.9
0.016896 114.9
0.016902 114.9
0.016908 114.9
0.016914 114.9
0.01692 114.9
0.016926 114.9
0.016932 114.9
0.016938 114.9
0.016944 114.9
0.01695 114.9
0.016956 114.9
0.016962 114.9
0.016968 114.9
0.016974 114.9
0.01698 114.9
0.016986 114.9
0.016992 114.9
0.016998 114.9
0.017004 114.9
0.01701 114.9
0.017016 114.9
0.017022 114.9
0.017028 114.9
0.017034 114.9
0.01704 114.9
0.017046 114.9
0.017052 114.9
0.017058 114.9
0.017064 114.9
0.01707 114.9
0.017076 114.9
0.017082 114.9
0.017088 114.9
0.017094 114.9
0.0171 114.9
0.017106 114.9
0.017112 114.9
0.017118 114.9
0.017124 114.9
0.01713 114.9
0.017136 114.9
0.017142 114.9
0.017148 114.9
0.017154 114.9
0.01716 114.9
0.017166 114.9
0.017172 114.9
0.017178 114.9
0.017184 114.9
0.01719 114.9
0.017196 114.9
0.017202 114.9
0.017208 114.9
0.017214 114.9
0.01722 114.9
0.017226 114.9
0.017232 114.9
0.017238 114.9
0.017244 114.9
0.01725 114.9
0.017256 114.9
0.017262 114.9
0.017268 114.9
0.017274 114.9
0.01728 114.9
0.017286 114.9
0.017292 114.9
0.017298 114.9
0.017304 114.9
0.01731 114.9
0.017316 114.9
0.017322 114.9
0.017328 114.9
0.017334 114.9
0.01734 114.9
0.017346 114.9
0.017352 114.9
0.017358 114.9
0.017364 114.9
0.01737 114.9
0.017376 114.9
0.017382 114.9
0.017388 114.9
0.017394 114.9
0.0174 114.9
0.017406 114.9
0.017412 114.9
0.017418 114.9
0.017424 114.9
0.01743 114.9
0.017436 114.9
0.017442 114.9
0.017448 114.9
0.017454 114.9
0.01746 114.9
0.017466 114.9
0.017472 114.9
0.017478 114.9
0.017484 114.9
0.01749 114.9
0.017496 114.9
0.017502 114.9
0.017508 114.9
0.017514 114.9
0.01752 114.9
0.017526 114.9
0.017532 114.9
0.017538 114.9
0.017544 114.9
0.01755 114.9
0.017556 114.9
0.017562 114.9
0.017568 114.9
0.017574 114.9
0.01758 114.9
0.017586 114.9
0.017592 114.9
0.017598 114.9
0.017604 114.9
0.01761 114.9
0.017616 114.9
0.017622 114.9
0.017628 114.9
0.017634 114.9
0.01764 114.9
0.017646 114.9
0.017652 114.9
0.017658 114.9
0.017664 114.9
0.01767 114.9
0.017676 114.9
0.017682 114.9
0.017688 114.9
0.017694 114.9
0.0177 114.9
0.017706 114.9
0.017712 114.9
0.017718 114.9
0.017724 114.9
0.01773 114.9
0.017736 114.9
0.017742 114.9
0.017748 114.9
0.017754 114.9
0.01776 114.9
0.017766 114.9
0.017772 114.9
0.017778 114.9
0.017784 114.9
0.01779 114.9
0.017796 114.9
0.017802 114.9
0.017808 114.9
0.017814 114.9
0.01782 114.9
0.017826 114.9
0.017832 114.9
0.017838 114.9
0.017844 114.9
0.01785 114.9
0.017856 114.9
0.017862 114.9
0.017868 114.9
0.017874 114.9
0.01788 114.9
0.017886 114.9
0.017892 114.9
0.017898 114.9
0.017904 114.9
0.01791 114.9
0.017916 114.9
0.017922 114.9
0.017928 114.9
0.017934 114.9
0.01794 114.9
0.017946 114.9
0.017952 114.9
0.017958 114.9
0.017964 114.9
0.01797 114.9
0.017976 114.9
0.017982 114.9
0.017988 114.9
0.017994 114.9
0.018 114.9
0.018006 114.9
0.018012 114.9
0.018018 114.9
0.018024 114.9
0.01803 114.9
0.018036 114.9
0.018042 114.9
0.018048 114.9
0.018054 114.9
0.01806 114.9
0.018066 114.9
0.018072 114.9
0.018078 114.9
0.018084 114.9
0.01809 114.9
0.018096 114.9
0.018102 114.9
0.018108 114.9
0.018114 114.9
0.01812 114.9
0.018126 114.9
0.018132 114.9
0.018138 114.9
0.018144 114.9
0.01815 114.9
0.018156 114.9
0.018162 114.9
0.018168 114.9
0.018174 114.9
0.01818 114.9
0.018186 114.9
0.018192 114.9
0.018198 114.9
0.018204 114.9
0.01821 114.9
0.018216 114.9
0.018222 114.9
0.018228 114.9
0.018234 114.9
0.01824 114.9
0.018246 114.9
0.018252 114.9
0.018258 114.9
0.018264 114.9
0.01827 114.9
0.018276 114.9
0.018282 114.9
0.018288 114.9
0.018294 114.9
0.0183 114.9
0.018306 114.9
0.018312 114.9
0.018318 114.9
0.018324 114.9
0.01833 114.9
0.018336 114.9
0.018342 114.9
0.018348 114.9
0.018354 114.9
0.01836 114.9
0.018366 114.9
0.018372 114.9
0.018378 114.9
0.018384 114.9
0.01839 114.9
0.018396 114.9
0.018402 114.9
0.018408 114.9
0.018414 114.9
0.01842 114.9
0.018426 114.9
0.018432 114.9
0.018438 114.9
0.018444 114.9
0.01845 114.9
0.018456 114.9
0.018462 114.9
0.018468 114.9
0.018474 114.9
0.01848 114.9
0.018486 114.9
0.018492 114.9
0.018498 114.9
0.018504 114.9
0.01851 114.9
0.018516 114.9
0.018522 114.9
0.018528 114.9
0.018534 114.9
0.01854 114.9
0.018546 114.9
0.018552 114.9
0.018558 114.9
0.018564 114.9
0.01857 114.9
0.018576 114.9
0.018582 114.9
0.018588 114.9
0.018594 114.9
0.0186 114.9
0.018606 114.9
0.018612 114.9
0.018618 114.9
0.018624 114.9
0.01863 114.9
0.018636 114.9
0.018642 114.9
0.018648 114.9
0.018654 114.9
0.01866 114.9
0.018666 114.9
0.018672 114.9
0.018678 114.9
0.018684 114.9
0.01869 114.9
0.018696 114.9
0.018702 114.9
0.018708 114.9
0.018714 114.9
0.01872 114.9
0.018726 114.9
0.018732 114.9
0.018738 114.9
0.018744 114.9
0.01875 114.9
0.018756 114.9
0.018762 114.9
0.018768 114.9
0.018774 114.9
0.01878 114.9
0.018786 114.9
0.018792 114.9
0.018798 114.9
0.018804 114.9
0.01881 114.9
0.018816 114.9
0.018822 114.9
0.018828 114.9
0.018834 114.9
0.01884 114.9
0.018846 114.9
0.018852 114.9
0.018858 114.9
0.018864 114.9
0.01887 114.9
0.018876 114.9
0.018882 114.9
0.018888 114.9
0.018894 114.9
0.0189 114.9
0.018906 114.9
0.018912 114.9
0.018918 114.9
0.018924 114.9
0.01893 114.9
0.018936 114.9
0.018942 114.9
0.018948 114.9
0.018954 114.9
0.01896 114.9
0.018966 114.9
0.018972 114.9
0.018978 114.9
0.018984 114.9
0.01899 114.9
0.018996 114.9
0.019002 114.9
0.019008 114.9
0.019014 114.9
0.01902 114.9
0.019026 114.9
0.019032 114.9
0.019038 114.9
0.019044 114.9
0.01905 114.9
0.019056 114.9
0.019062 114.9
0.019068 114.9
0.019074 114.9
0.01908 114.9
0.019086 114.9
0.019092 114.9
0.019098 114.9
0.019104 114.9
0.01911 114.9
0.019116 114.9
0.019122 114.9
0.019128 114.9
0.019134 114.9
0.01914 114.9
0.019146 114.9
0.019152 114.9
0.019158 114.9
0.019164 114.9
0.01917 114.9
0.019176 114.9
0.019182 114.9
0.019188 114.9
0.019194 114.9
0.0192 114.9
0.019206 114.9
0.019212 114.9
0.019218 114.9
0.019224 114.9
0.01923 114.9
0.019236 114.9
0.019242 114.9
0.019248 114.9
0.019254 114.9
0.01926 114.9
0.019266 114.9
0.019272 114.9
0.019278 114.9
0.019284 114.9
0.01929 114.9
0.019296 114.9
0.019302 114.9
0.019308 114.9
0.019314 114.9
0.01932 114.9
0.019326 114.9
0.019332 114.9
0.019338 114.9
0.019344 114.9
0.01935 114.9
0.019356 114.9
0.019362 114.9
0.019368 114.9
0.019374 114.9
0.01938 114.9
0.019386 114.9
0.019392 114.9
0.019398 114.9
0.019404 114.9
0.01941 114.9
0.019416 114.9
0.019422 114.9
0.019428 114.9
0.019434 114.9
0.01944 114.9
0.019446 114.9
0.019452 114.9
0.019458 114.9
0.019464 114.9
0.01947 114.9
0.019476 114.9
0.019482 114.9
0.019488 114.9
0.019494 114.9
0.0195 114.9
0.019506 114.9
0.019512 114.9
0.019518 114.9
0.019524 114.9
0.01953 114.9
0.019536 114.9
0.019542 114.9
0.019548 114.9
0.019554 114.9
0.01956 114.9
0.019566 114.9
0.019572 114.9
0.019578 114.9
0.019584 114.9
0.01959 114.9
0.019596 114.9
0.019602 114.9
0.019608 114.9
0.019614 114.9
0.01962 114.9
0.019626 114.9
0.019632 114.9
0.019638 114.9
0.019644 114.9
0.01965 114.9
0.019656 114.9
0.019662 114.9
0.019668 114.9
0.019674 114.9
0.01968 114.9
0.019686 114.9
0.019692 114.9
0.019698 114.9
0.019704 114.9
0.01971 114.9
0.019716 114.9
0.019722 114.9
0.019728 114.9
0.019734 114.9
0.01974 114.9
0.019746 114.9
0.019752 114.9
0.019758 114.9
0.019764 114.9
0.01977 114.9
0.019776 114.9
0.019782 114.9
0.019788 114.9
0.019794 114.9
0.0198 114.9
0.019806 114.9
0.019812 114.9
0.019818 114.9
0.019824 114.9
0.01983 114.9
0.019836 114.9
0.019842 114.9
0.019848 114.9
0.019854 114.9
0.01986 114.9
0.019866 114.9
0.019872 114.9
0.019878 114.9
0.019884 114.9
0.01989 114.9
0.019896 114.9
0.019902 114.9
0.019908 114.9
0.019914 114.9
0.01992 114.9
0.019926 114.9
0.019932 114.9
0.019938 114.9
0.019944 114.9
0.01995 114.9
0.019956 114.9
0.019962 114.9
0.019968 114.9
0.019974 114.9
0.01998 114.9
0.019986 114.9
0.019992 114.9
0.019998 114.9
0.020004 114.9
0.02001 114.9
0.020016 114.9
0.020022 114.9
0.020028 114.9
0.020034 114.9
0.02004 114.9
0.020046 114.9
0.020052 114.9
0.020058 114.9
0.020064 114.9
0.02007 114.9
0.020076 114.9
0.020082 114.9
0.020088 114.9
0.020094 114.9
0.0201 114.9
0.020106 114.9
0.020112 114.9
0.020118 114.9
0.020124 114.9
0.02013 114.9
0.020136 114.9
0.020142 114.9
0.020148 114.9
0.020154 114.9
0.02016 114.9
0.020166 114.9
0.020172 114.9
0.020178 114.9
0.020184 114.9
0.02019 114.9
0.020196 114.9
0.020202 114.9
0.020208 114.9
0.020214 114.9
0.02022 114.9
0.020226 114.9
0.020232 114.9
0.020238 114.9
0.020244 114.9
0.02025 114.9
0.020256 114.9
0.020262 114.9
0.020268 114.9
0.020274 114.9
0.02028 114.9
0.020286 114.9
0.020292 114.9
0.020298 114.9
0.020304 114.9
0.02031 114.9
0.020316 114.9
0.020322 114.9
0.020328 114.9
0.020334 114.9
0.02034 114.9
0.020346 114.9
0.020352 114.9
0.020358 114.9
0.020364 114.9
0.02037 114.9
0.020376 114.9
0.020382 114.9
0.020388 114.9
0.020394 114.9
0.0204 114.9
0.020406 114.9
0.020412 114.9
0.020418 114.9
0.020424 114.9
0.02043 114.9
0.020436 114.9
0.020442 114.9
0.020448 114.9
0.020454 114.9
0.02046 114.9
0.020466 114.9
0.020472 114.9
0.020478 114.9
0.020484 114.9
0.02049 114.9
0.020496 114.9
0.020502 114.9
0.020508 114.9
0.020514 114.9
0.02052 114.9
0.020526 114.9
0.020532 114.9
0.020538 114.9
0.020544 114.9
0.02055 114.9
0.020556 114.9
0.020562 114.9
0.020568 114.9
0.020574 114.9
0.02058 114.9
0.020586 114.9
0.020592 114.9
0.020598 114.9
0.020604 114.9
0.02061 114.9
0.020616 114.9
0.020622 114.9
0.020628 114.9
0.020634 114.9
0.02064 114.9
0.020646 114.9
0.020652 114.9
0.020658 114.9
0.020664 114.9
0.02067 114.9
0.020676 114.9
0.020682 114.9
0.020688 114.9
0.020694 114.9
0.0207 114.9
0.020706 114.9
0.020712 114.9
0.020718 114.9
0.020724 114.9
0.02073 114.9
0.020736 114.9
0.020742 114.9
0.020748 114.9
0.020754 114.9
0.02076 114.9
0.020766 114.9
0.020772 114.9
0.020778 114.9
0.020784 114.9
0.02079 114.9
0.020796 114.9
0.020802 114.9
0.020808 114.9
0.020814 114.9
0.02082 114.9
0.020826 114.9
0.020832 114.9
0.020838 114.9
0.020844 114.9
0.02085 114.9
0.020856 114.9
0.020862 114.9
0.020868 114.9
0.020874 114.9
0.02088 114.9
0.020886 114.9
0.020892 114.9
0.020898 114.9
0.020904 114.9
0.02091 114.9
0.020916 114.9
0.020922 114.9
0.020928 114.9
0.020934 114.9
0.02094 114.9
0.020946 114.9
0.020952 114.9
0.020958 114.9
0.020964 114.9
0.02097 114.9
0.020976 114.9
0.020982 114.9
0.020988 114.9
0.020994 114.9
0.021 114.9
1 114.9
