6e-06 57996
1.2e-05 57996
1.8e-05 57995
2.4e-05 57995
3e-05 57995
3.6e-05 57995
4.2e-05 57995
4.8e-05 57994
5.4e-05 57993
6e-05 57991
6.6e-05 57989
7.2e-05 57986
7.8e-05 57980
8.4e-05 57972
9e-05 57960
9.6e-05 57943
0.000102 57917
0.000108 57881
0.000114 57830
0.00012 57758
0.000126 57658
0.000132 57520
0.000138 57333
0.000144 57081
0.00015 56746
0.000156 56306
0.000162 55735
0.000168 55003
0.000174 54078
0.00018 52925
0.000186 51509
0.000192 49799
0.000198 47770
0.000204 45405
0.00021 42704
0.000216 39685
0.000222 36386
0.000228 32868
0.000234 29211
0.00024 25512
0.000246 21874
0.000252 18398
0.000258 15174
0.000264 12272
0.00027 9735.4
0.000276 7582.8
0.000282 5806.5
0.000288 4379.2
0.000294 3260.2
0.0003 2402.4
0.000306 1757.5
0.000312 1280.7
0.000318 932.77
0.000324 681.49
0.00033 501.22
0.000336 372.37
0.000342 280.33
0.000348 214.48
0.000354 167.18
0.00036 133.05
0.000366 108.27
0.000372 90.198
0.000378 76.974
0.000384 67.301
0.00039 60.274
0.000396 55.258
0.000402 51.809
0.000408 49.619
0.000414 48.475
0.00042 48.235
0.000426 48.808
0.000432 50.142
0.000438 52.218
0.000444 55.04
0.00045 58.635
0.000456 63.048
0.000462 68.345
0.000468 74.607
0.000474 81.936
0.00048 90.45
0.000486 100.29
0.000492 111.62
0.000498 124.64
0.000504 139.54
0.00051 156.59
0.000516 176.05
0.000522 198.25
0.000528 223.54
0.000534 252.32
0.00054 285.03
0.000546 322.17
0.000552 364.29
0.000558 412.02
0.000564 466.01
0.00057 527.01
0.000576 595.84
0.000582 673.36
0.000588 760.53
0.000594 858.38
0.0006 968.01
0.000606 1090.6
0.000612 1227.4
0.000618 1379.7
0.000624 1548.8
0.00063 1736.3
0.000636 1943.5
0.000642 2172.1
0.000648 2423.5
0.000654 2699.2
0.00066 3000.9
0.000666 3330
0.000672 3687.9
0.000678 4076.3
0.000684 4496.2
0.00069 4949.1
0.000696 5435.9
0.000702 5957.8
0.000708 6515.4
0.000714 7109.5
0.00072 7740.4
0.000726 8408.4
0.000732 9113.5
0.000738 9855.4
0.000744 10634
0.00075 11448
0.000756 12296
0.000762 13178
0.000768 14093
0.000774 15037
0.00078 16010
0.000786 17009
0.000792 18032
0.000798 19077
0.000804 20141
0.00081 21221
0.000816 22315
0.000822 23419
0.000828 24531
0.000834 25648
0.00084 26767
0.000846 27885
0.000852 29000
0.000858 30108
0.000864 31207
0.00087 32294
0.000876 33368
0.000882 34425
0.000888 35465
0.000894 36484
0.0009 37482
0.000906 38456
0.000912 39405
0.000918 40329
0.000924 41226
0.00093 42095
0.000936 42935
0.000942 43747
0.000948 44529
0.000954 45282
0.00096 46005
0.000966 46699
0.000972 47363
0.000978 47998
0.000984 48604
0.00099 49182
0.000996 49732
0.001002 50256
0.001008 50752
0.001014 51223
0.00102 51669
0.001026 52091
0.001032 52489
0.001038 52865
0.001044 53220
0.00105 53553
0.001056 53867
0.001062 54161
0.001068 54438
0.001074 54697
0.00108 54939
0.001086 55166
0.001092 55378
0.001098 55576
0.001104 55761
0.00111 55933
0.001116 56093
0.001122 56242
0.001128 56381
0.001134 56510
0.00114 56629
0.001146 56740
0.001152 56842
0.001158 56937
0.001164 57025
0.00117 57106
0.001176 57181
0.001182 57250
0.001188 57313
0.001194 57372
0.0012 57426
0.001206 57476
0.001212 57521
0.001218 57563
0.001224 57602
0.00123 57637
0.001236 57669
0.001242 57699
0.001248 57726
0.001254 57751
0.00126 57773
0.001266 57794
0.001272 57813
0.001278 57830
0.001284 57846
0.00129 57860
0.001296 57873
0.001302 57885
0.001308 57896
0.001314 57905
0.00132 57914
0.001326 57922
0.001332 57930
0.001338 57936
0.001344 57942
0.00135 57948
0.001356 57952
0.001362 57957
0.001368 57961
0.001374 57964
0.00138 57968
0.001386 57971
0.001392 57973
0.001398 57976
0.001404 57978
0.00141 57980
0.001416 57981
0.001422 57983
0.001428 57984
0.001434 57985
0.00144 57987
0.001446 57988
0.001452 57988
0.001458 57989
0.001464 57990
0.00147 57991
0.001476 57991
0.001482 57992
0.001488 57992
0.001494 57993
0.0015 57993
0.001506 57993
0.001512 57993
0.001518 57994
0.001524 57994
0.00153 57994
0.001536 57994
0.001542 57994
0.001548 57995
0.001554 57995
0.00156 57995
0.001566 57995
0.001572 57995
0.001578 57995
0.001584 57995
0.00159 57995
0.001596 57995
0.001602 57995
0.001608 57995
0.001614 57995
0.00162 57995
0.001626 57995
0.001632 57995
0.001638 57995
0.001644 57996
0.00165 57996
0.001656 57996
0.001662 57996
0.001668 57996
0.001674 57996
0.00168 57996
0.001686 57996
0.001692 57996
0.001698 57996
0.001704 57996
0.00171 57996
0.001716 57996
0.001722 57996
0.001728 57996
0.001734 57996
0.00174 57996
0.001746 57996
0.001752 57996
0.001758 57996
0.001764 57996
0.00177 57996
0.001776 57996
0.001782 57996
0.001788 57996
0.001794 57996
0.0018 57996
0.001806 57996
0.001812 57996
0.001818 57996
0.001824 57996
0.00183 57996
0.001836 57996
0.001842 57996
0.001848 57996
0.001854 57996
0.00186 57996
0.001866 57996
0.001872 57996
0.001878 57996
0.001884 57996
0.00189 57996
0.001896 57996
0.001902 57996
0.001908 57996
0.001914 57996
0.00192 57996
0.001926 57996
0.001932 57996
0.001938 57996
0.001944 57996
0.00195 57996
0.001956 57996
0.001962 57996
0.001968 57996
0.001974 57996
0.00198 57996
0.001986 57996
0.001992 57996
0.001998 57996
0.002004 57996
0.00201 57996
0.002016 57996
0.002022 57996
0.002028 57996
0.002034 57996
0.00204 57996
0.002046 57996
0.002052 57996
0.002058 57996
0.002064 57996
0.00207 57996
0.002076 57996
0.002082 57996
0.002088 57996
0.002094 57996
0.0021 57996
0.002106 57996
0.002112 57996
0.002118 57996
0.002124 57996
0.00213 57996
0.002136 57996
0.002142 57996
0.002148 57996
0.002154 57996
0.00216 57996
0.002166 57996
0.002172 57996
0.002178 57996
0.002184 57996
0.00219 57996
0.002196 57996
0.002202 57996
0.002208 57996
0.002214 57996
0.00222 57996
0.002226 57996
0.002232 57996
0.002238 57996
0.002244 57996
0.00225 57996
0.002256 57996
0.002262 57996
0.002268 57996
0.002274 57996
0.00228 57996
0.002286 57996
0.002292 57996
0.002298 57996
0.002304 57996
0.00231 57996
0.002316 57996
0.002322 57996
0.002328 57996
0.002334 57996
0.00234 57996
0.002346 57996
0.002352 57996
0.002358 57996
0.002364 57996
0.00237 57996
0.002376 57996
0.002382 57996
0.002388 57996
0.002394 57996
0.0024 57996
0.002406 57996
0.002412 57996
0.002418 57996
0.002424 57996
0.00243 57996
0.002436 57996
0.002442 57996
0.002448 57996
0.002454 57996
0.00246 57996
0.002466 57996
0.002472 57996
0.002478 57996
0.002484 57996
0.00249 57996
0.002496 57996
0.002502 57996
0.002508 57996
0.002514 57996
0.00252 57996
0.002526 57996
0.002532 57996
0.002538 57996
0.002544 57996
0.00255 57996
0.002556 57996
0.002562 57996
0.002568 57996
0.002574 57996
0.00258 57996
0.002586 57996
0.002592 57996
0.002598 57996
0.002604 57996
0.00261 57996
0.002616 57996
0.002622 57996
0.002628 57996
0.002634 57996
0.00264 57996
0.002646 57996
0.002652 57996
0.002658 57996
0.002664 57996
0.00267 57996
0.002676 57996
0.002682 57996
0.002688 57996
0.002694 57996
0.0027 57996
0.002706 57996
0.002712 57996
0.002718 57996
0.002724 57996
0.00273 57996
0.002736 57996
0.002742 57996
0.002748 57996
0.002754 57996
0.00276 57996
0.002766 57996
0.002772 57996
0.002778 57996
0.002784 57996
0.00279 57996
0.002796 57996
0.002802 57996
0.002808 57996
0.002814 57996
0.00282 57996
0.002826 57996
0.002832 57996
0.002838 57996
0.002844 57996
0.00285 57996
0.002856 57996
0.002862 57996
0.002868 57996
0.002874 57996
0.00288 57996
0.002886 57996
0.002892 57996
0.002898 57996
0.002904 57996
0.00291 57996
0.002916 57996
0.002922 57996
0.002928 57996
0.002934 57996
0.00294 57996
0.002946 57996
0.002952 57996
0.002958 57996
0.002964 57996
0.00297 57996
0.002976 57996
0.002982 57996
0.002988 57996
0.002994 57996
0.003 57996
0.003006 57996
0.003012 57996
0.003018 57996
0.003024 57996
0.00303 57996
0.003036 57996
0.003042 57996
0.003048 57996
0.003054 57996
0.00306 57996
0.003066 57996
0.003072 57996
0.003078 57996
0.003084 57996
0.00309 57996
0.003096 57996
0.003102 57996
0.003108 57996
0.003114 57996
0.00312 57996
0.003126 57996
0.003132 57996
0.003138 57996
0.003144 57996
0.00315 57996
0.003156 57996
0.003162 57996
0.003168 57996
0.003174 57996
0.00318 57996
0.003186 57996
0.003192 57996
0.003198 57996
0.003204 57996
0.00321 57996
0.003216 57996
0.003222 57996
0.003228 57996
0.003234 57996
0.00324 57996
0.003246 57996
0.003252 57996
0.003258 57996
0.003264 57996
0.00327 57996
0.003276 57996
0.003282 57996
0.003288 57996
0.003294 57996
0.0033 57996
0.003306 57996
0.003312 57996
0.003318 57996
0.003324 57996
0.00333 57996
0.003336 57996
0.003342 57996
0.003348 57996
0.003354 57996
0.00336 57996
0.003366 57996
0.003372 57996
0.003378 57996
0.003384 57996
0.00339 57996
0.003396 57996
0.003402 57996
0.003408 57996
0.003414 57996
0.00342 57996
0.003426 57996
0.003432 57996
0.003438 57996
0.003444 57996
0.00345 57996
0.003456 57996
0.003462 57996
0.003468 57996
0.003474 57996
0.00348 57996
0.003486 57996
0.003492 57996
0.003498 57996
0.003504 57996
0.00351 57996
0.003516 57996
0.003522 57996
0.003528 57996
0.003534 57996
0.00354 57996
0.003546 57996
0.003552 57996
0.003558 57996
0.003564 57996
0.00357 57996
0.003576 57996
0.003582 57996
0.003588 57996
0.003594 57996
0.0036 57996
0.003606 57996
0.003612 57996
0.003618 57996
0.003624 57996
0.00363 57996
0.003636 57996
0.003642 57996
0.003648 57996
0.003654 57996
0.00366 57996
0.003666 57996
0.003672 57996
0.003678 57996
0.003684 57996
0.00369 57996
0.003696 57996
0.003702 57996
0.003708 57996
0.003714 57996
0.00372 57996
0.003726 57996
0.003732 57996
0.003738 57996
0.003744 57996
0.00375 57996
0.003756 57996
0.003762 57996
0.003768 57996
0.003774 57996
0.00378 57996
0.003786 57996
0.003792 57996
0.003798 57996
0.003804 57996
0.00381 57996
0.003816 57996
0.003822 57996
0.003828 57996
0.003834 57996
0.00384 57996
0.003846 57996
0.003852 57996
0.003858 57996
0.003864 57996
0.00387 57996
0.003876 57996
0.003882 57996
0.003888 57996
0.003894 57996
0.0039 57996
0.003906 57996
0.003912 57996
0.003918 57996
0.003924 57996
0.00393 57996
0.003936 57996
0.003942 57996
0.003948 57996
0.003954 57996
0.00396 57996
0.003966 57996
0.003972 57996
0.003978 57996
0.003984 57996
0.00399 57996
0.003996 57996
0.004002 57996
0.004008 57996
0.004014 57996
0.00402 57996
0.004026 57996
0.004032 57996
0.004038 57996
0.004044 57996
0.00405 57996
0.004056 57996
0.004062 57996
0.004068 57996
0.004074 57996
0.00408 57996
0.004086 57996
0.004092 57996
0.004098 57996
0.004104 57996
0.00411 57996
0.004116 57996
0.004122 57996
0.004128 57996
0.004134 57996
0.00414 57996
0.004146 57996
0.004152 57996
0.004158 57996
0.004164 57996
0.00417 57996
0.004176 57996
0.004182 57996
0.004188 57996
0.004194 57996
0.0042 57996
0.004206 57996
0.004212 57996
0.004218 57996
0.004224 57996
0.00423 57996
0.004236 57996
0.004242 57996
0.004248 57996
0.004254 57996
0.00426 57996
0.004266 57996
0.004272 57996
0.004278 57996
0.004284 57996
0.00429 57996
0.004296 57996
0.004302 57996
0.004308 57996
0.004314 57996
0.00432 57996
0.004326 57996
0.004332 57996
0.004338 57996
0.004344 57996
0.00435 57996
0.004356 57996
0.004362 57996
0.004368 57996
0.004374 57996
0.00438 57996
0.004386 57996
0.004392 57996
0.004398 57996
0.004404 57996
0.00441 57996
0.004416 57996
0.004422 57996
0.004428 57996
0.004434 57996
0.00444 57996
0.004446 57996
0.004452 57996
0.004458 57996
0.004464 57996
0.00447 57996
0.004476 57996
0.004482 57996
0.004488 57996
0.004494 57996
0.0045 57996
0.004506 57996
0.004512 57996
0.004518 57996
0.004524 57996
0.00453 57996
0.004536 57996
0.004542 57996
0.004548 57996
0.004554 57996
0.00456 57996
0.004566 57996
0.004572 57996
0.004578 57996
0.004584 57996
0.00459 57996
0.004596 57996
0.004602 57996
0.004608 57996
0.004614 57996
0.00462 57996
0.004626 57996
0.004632 57996
0.004638 57996
0.004644 57996
0.00465 57996
0.004656 57996
0.004662 57996
0.004668 57996
0.004674 57996
0.00468 57996
0.004686 57996
0.004692 57996
0.004698 57996
0.004704 57996
0.00471 57996
0.004716 57996
0.004722 57996
0.004728 57996
0.004734 57996
0.00474 57996
0.004746 57996
0.004752 57996
0.004758 57996
0.004764 57996
0.00477 57996
0.004776 57996
0.004782 57996
0.004788 57996
0.004794 57996
0.0048 57996
0.004806 57996
0.004812 57996
0.004818 57996
0.004824 57996
0.00483 57996
0.004836 57996
0.004842 57996
0.004848 57996
0.004854 57996
0.00486 57996
0.004866 57996
0.004872 57996
0.004878 57996
0.004884 57996
0.00489 57996
0.004896 57996
0.004902 57996
0.004908 57996
0.004914 57996
0.00492 57996
0.004926 57996
0.004932 57996
0.004938 57996
0.004944 57996
0.00495 57996
0.004956 57996
0.004962 57996
0.004968 57996
0.004974 57996
0.00498 57996
0.004986 57996
0.004992 57996
0.004998 57996
0.005004 57996
0.00501 57996
0.005016 57996
0.005022 57996
0.005028 57996
0.005034 57996
0.00504 57996
0.005046 57996
0.005052 57996
0.005058 57996
0.005064 57996
0.00507 57996
0.005076 57996
0.005082 57996
0.005088 57996
0.005094 57996
0.0051 57996
0.005106 57996
0.005112 57996
0.005118 57996
0.005124 57996
0.00513 57996
0.005136 57996
0.005142 57996
0.005148 57996
0.005154 57996
0.00516 57996
0.005166 57996
0.005172 57996
0.005178 57996
0.005184 57996
0.00519 57996
0.005196 57996
0.005202 57996
0.005208 57996
0.005214 57996
0.00522 57996
0.005226 57996
0.005232 57996
0.005238 57996
0.005244 57996
0.00525 57996
0.005256 57996
0.005262 57996
0.005268 57996
0.005274 57996
0.00528 57996
0.005286 57996
0.005292 57996
0.005298 57996
0.005304 57996
0.00531 57996
0.005316 57996
0.005322 57996
0.005328 57996
0.005334 57996
0.00534 57996
0.005346 57996
0.005352 57996
0.005358 57996
0.005364 57996
0.00537 57996
0.005376 57996
0.005382 57996
0.005388 57996
0.005394 57996
0.0054 57996
0.005406 57996
0.005412 57996
0.005418 57996
0.005424 57996
0.00543 57996
0.005436 57996
0.005442 57996
0.005448 57996
0.005454 57996
0.00546 57996
0.005466 57996
0.005472 57996
0.005478 57996
0.005484 57996
0.00549 57996
0.005496 57996
0.005502 57996
0.005508 57996
0.005514 57996
0.00552 57996
0.005526 57996
0.005532 57996
0.005538 57996
0.005544 57996
0.00555 57996
0.005556 57996
0.005562 57996
0.005568 57996
0.005574 57996
0.00558 57996
0.005586 57996
0.005592 57996
0.005598 57996
0.005604 57996
0.00561 57996
0.005616 57996
0.005622 57996
0.005628 57996
0.005634 57996
0.00564 57996
0.005646 57996
0.005652 57996
0.005658 57996
0.005664 57996
0.00567 57996
0.005676 57996
0.005682 57996
0.005688 57996
0.005694 57996
0.0057 57996
0.005706 57996
0.005712 57996
0.005718 57996
0.005724 57996
0.00573 57996
0.005736 57996
0.005742 57996
0.005748 57996
0.005754 57996
0.00576 57996
0.005766 57996
0.005772 57996
0.005778 57996
0.005784 57996
0.00579 57996
0.005796 57996
0.005802 57996
0.005808 57996
0.005814 57996
0.00582 57996
0.005826 57996
0.005832 57996
0.005838 57996
0.005844 57996
0.00585 57996
0.005856 57996
0.005862 57996
0.005868 57996
0.005874 57996
0.00588 57996
0.005886 57996
0.005892 57996
0.005898 57996
0.005904 57996
0.00591 57996
0.005916 57996
0.005922 57996
0.005928 57996
0.005934 57996
0.00594 57996
0.005946 57996
0.005952 57996
0.005958 57996
0.005964 57996
0.00597 57996
0.005976 57996
0.005982 57996
0.005988 57996
0.005994 57996
0.006 57996
0.006006 57996
0.006012 57996
0.006018 57996
0.006024 57996
0.00603 57996
0.006036 57996
0.006042 57996
0.006048 57996
0.006054 57996
0.00606 57996
0.006066 57996
0.006072 57996
0.006078 57996
0.006084 57996
0.00609 57996
0.006096 57996
0.006102 57996
0.006108 57996
0.006114 57996
0.00612 57996
0.006126 57996
0.006132 57996
0.006138 57996
0.006144 57996
0.00615 57996
0.006156 57996
0.006162 57996
0.006168 57996
0.006174 57996
0.00618 57996
0.006186 57996
0.006192 57996
0.006198 57996
0.006204 57996
0.00621 57996
0.006216 57996
0.006222 57996
0.006228 57996
0.006234 57996
0.00624 57996
0.006246 57996
0.006252 57996
0.006258 57996
0.006264 57996
0.00627 57996
0.006276 57996
0.006282 57996
0.006288 57996
0.006294 57996
0.0063 57996
0.006306 57996
0.006312 57996
0.006318 57996
0.006324 57996
0.00633 57996
0.006336 57996
0.006342 57996
0.006348 57996
0.006354 57996
0.00636 57996
0.006366 57996
0.006372 57996
0.006378 57996
0.006384 57996
0.00639 57996
0.006396 57996
0.006402 57996
0.006408 57996
0.006414 57996
0.00642 57996
0.006426 57996
0.006432 57996
0.006438 57996
0.006444 57996
0.00645 57996
0.006456 57996
0.006462 57996
0.006468 57996
0.006474 57996
0.00648 57996
0.006486 57996
0.006492 57996
0.006498 57996
0.006504 57996
0.00651 57996
0.006516 57996
0.006522 57996
0.006528 57996
0.006534 57996
0.00654 57996
0.006546 57996
0.006552 57996
0.006558 57996
0.006564 57996
0.00657 57996
0.006576 57996
0.006582 57996
0.006588 57996
0.006594 57996
0.0066 57996
0.006606 57996
0.006612 57996
0.006618 57996
0.006624 57996
0.00663 57996
0.006636 57996
0.006642 57996
0.006648 57996
0.006654 57996
0.00666 57996
0.006666 57996
0.006672 57996
0.006678 57996
0.006684 57996
0.00669 57996
0.006696 57996
0.006702 57996
0.006708 57996
0.006714 57996
0.00672 57996
0.006726 57996
0.006732 57996
0.006738 57996
0.006744 57996
0.00675 57996
0.006756 57996
0.006762 57996
0.006768 57996
0.006774 57996
0.00678 57996
0.006786 57996
0.006792 57996
0.006798 57996
0.006804 57996
0.00681 57996
0.006816 57996
0.006822 57996
0.006828 57996
0.006834 57996
0.00684 57996
0.006846 57996
0.006852 57996
0.006858 57996
0.006864 57996
0.00687 57996
0.006876 57996
0.006882 57996
0.006888 57996
0.006894 57996
0.0069 57996
0.006906 57996
0.006912 57996
0.006918 57996
0.006924 57996
0.00693 57996
0.006936 57996
0.006942 57996
0.006948 57996
0.006954 57996
0.00696 57996
0.006966 57996
0.006972 57996
0.006978 57996
0.006984 57996
0.00699 57996
0.006996 57996
0.007002 57996
0.007008 57996
0.007014 57996
0.00702 57996
0.007026 57996
0.007032 57996
0.007038 57996
0.007044 57996
0.00705 57996
0.007056 57996
0.007062 57996
0.007068 57996
0.007074 57996
0.00708 57996
0.007086 57996
0.007092 57996
0.007098 57996
0.007104 57996
0.00711 57996
0.007116 57996
0.007122 57996
0.007128 57996
0.007134 57996
0.00714 57996
0.007146 57996
0.007152 57996
0.007158 57996
0.007164 57996
0.00717 57996
0.007176 57996
0.007182 57996
0.007188 57996
0.007194 57996
0.0072 57996
0.007206 57996
0.007212 57996
0.007218 57996
0.007224 57996
0.00723 57996
0.007236 57996
0.007242 57996
0.007248 57996
0.007254 57996
0.00726 57996
0.007266 57996
0.007272 57996
0.007278 57996
0.007284 57996
0.00729 57996
0.007296 57996
0.007302 57996
0.007308 57996
0.007314 57996
0.00732 57996
0.007326 57996
0.007332 57996
0.007338 57996
0.007344 57996
0.00735 57996
0.007356 57996
0.007362 57996
0.007368 57996
0.007374 57996
0.00738 57996
0.007386 57996
0.007392 57996
0.007398 57996
0.007404 57996
0.00741 57996
0.007416 57996
0.007422 57996
0.007428 57996
0.007434 57996
0.00744 57996
0.007446 57996
0.007452 57996
0.007458 57996
0.007464 57996
0.00747 57996
0.007476 57996
0.007482 57996
0.007488 57996
0.007494 57996
0.0075 57996
0.007506 57996
0.007512 57996
0.007518 57996
0.007524 57996
0.00753 57996
0.007536 57996
0.007542 57996
0.007548 57996
0.007554 57996
0.00756 57996
0.007566 57996
0.007572 57996
0.007578 57996
0.007584 57996
0.00759 57996
0.007596 57996
0.007602 57996
0.007608 57996
0.007614 57996
0.00762 57996
0.007626 57996
0.007632 57996
0.007638 57996
0.007644 57996
0.00765 57996
0.007656 57996
0.007662 57996
0.007668 57996
0.007674 57996
0.00768 57996
0.007686 57996
0.007692 57996
0.007698 57996
0.007704 57996
0.00771 57996
0.007716 57996
0.007722 57996
0.007728 57996
0.007734 57996
0.00774 57996
0.007746 57996
0.007752 57996
0.007758 57996
0.007764 57996
0.00777 57996
0.007776 57996
0.007782 57996
0.007788 57996
0.007794 57996
0.0078 57996
0.007806 57996
0.007812 57996
0.007818 57996
0.007824 57996
0.00783 57996
0.007836 57996
0.007842 57996
0.007848 57996
0.007854 57996
0.00786 57996
0.007866 57996
0.007872 57996
0.007878 57996
0.007884 57996
0.00789 57996
0.007896 57996
0.007902 57996
0.007908 57996
0.007914 57996
0.00792 57996
0.007926 57996
0.007932 57996
0.007938 57996
0.007944 57996
0.00795 57996
0.007956 57996
0.007962 57996
0.007968 57996
0.007974 57996
0.00798 57996
0.007986 57996
0.007992 57996
0.007998 57996
0.008004 57996
0.00801 57996
0.008016 57996
0.008022 57996
0.008028 57996
0.008034 57996
0.00804 57996
0.008046 57996
0.008052 57996
0.008058 57996
0.008064 57996
0.00807 57996
0.008076 57996
0.008082 57996
0.008088 57996
0.008094 57996
0.0081 57996
0.008106 57996
0.008112 57996
0.008118 57996
0.008124 57996
0.00813 57996
0.008136 57996
0.008142 57996
0.008148 57996
0.008154 57996
0.00816 57996
0.008166 57996
0.008172 57996
0.008178 57996
0.008184 57996
0.00819 57996
0.008196 57996
0.008202 57996
0.008208 57996
0.008214 57996
0.00822 57996
0.008226 57996
0.008232 57996
0.008238 57996
0.008244 57996
0.00825 57996
0.008256 57996
0.008262 57996
0.008268 57996
0.008274 57996
0.00828 57996
0.008286 57996
0.008292 57996
0.008298 57996
0.008304 57996
0.00831 57996
0.008316 57996
0.008322 57996
0.008328 57996
0.008334 57996
0.00834 57996
0.008346 57996
0.008352 57996
0.008358 57996
0.008364 57996
0.00837 57996
0.008376 57996
0.008382 57996
0.008388 57996
0.008394 57996
0.0084 57996
0.008406 57996
0.008412 57996
0.008418 57996
0.008424 57996
0.00843 57996
0.008436 57996
0.008442 57996
0.008448 57996
0.008454 57996
0.00846 57996
0.008466 57996
0.008472 57996
0.008478 57996
0.008484 57996
0.00849 57996
0.008496 57996
0.008502 57996
0.008508 57996
0.008514 57996
0.00852 57996
0.008526 57996
0.008532 57996
0.008538 57996
0.008544 57996
0.00855 57996
0.008556 57996
0.008562 57996
0.008568 57996
0.008574 57996
0.00858 57996
0.008586 57996
0.008592 57996
0.008598 57996
0.008604 57996
0.00861 57996
0.008616 57996
0.008622 57996
0.008628 57996
0.008634 57996
0.00864 57996
0.008646 57996
0.008652 57996
0.008658 57996
0.008664 57996
0.00867 57996
0.008676 57996
0.008682 57996
0.008688 57996
0.008694 57996
0.0087 57996
0.008706 57996
0.008712 57996
0.008718 57996
0.008724 57996
0.00873 57996
0.008736 57996
0.008742 57996
0.008748 57996
0.008754 57996
0.00876 57996
0.008766 57996
0.008772 57996
0.008778 57996
0.008784 57996
0.00879 57996
0.008796 57996
0.008802 57996
0.008808 57996
0.008814 57996
0.00882 57996
0.008826 57996
0.008832 57996
0.008838 57996
0.008844 57996
0.00885 57996
0.008856 57996
0.008862 57996
0.008868 57996
0.008874 57996
0.00888 57996
0.008886 57996
0.008892 57996
0.008898 57996
0.008904 57996
0.00891 57996
0.008916 57996
0.008922 57996
0.008928 57996
0.008934 57996
0.00894 57996
0.008946 57996
0.008952 57996
0.008958 57996
0.008964 57996
0.00897 57996
0.008976 57996
0.008982 57996
0.008988 57996
0.008994 57996
0.009 57996
0.009006 57996
0.009012 57996
0.009018 57996
0.009024 57996
0.00903 57996
0.009036 57996
0.009042 57996
0.009048 57996
0.009054 57996
0.00906 57996
0.009066 57996
0.009072 57996
0.009078 57996
0.009084 57996
0.00909 57996
0.009096 57996
0.009102 57996
0.009108 57996
0.009114 57996
0.00912 57996
0.009126 57996
0.009132 57996
0.009138 57996
0.009144 57996
0.00915 57996
0.009156 57996
0.009162 57996
0.009168 57996
0.009174 57996
0.00918 57996
0.009186 57996
0.009192 57996
0.009198 57996
0.009204 57996
0.00921 57996
0.009216 57996
0.009222 57996
0.009228 57996
0.009234 57996
0.00924 57996
0.009246 57996
0.009252 57996
0.009258 57996
0.009264 57996
0.00927 57996
0.009276 57996
0.009282 57996
0.009288 57996
0.009294 57996
0.0093 57996
0.009306 57996
0.009312 57996
0.009318 57996
0.009324 57996
0.00933 57996
0.009336 57996
0.009342 57996
0.009348 57996
0.009354 57996
0.00936 57996
0.009366 57996
0.009372 57996
0.009378 57996
0.009384 57996
0.00939 57996
0.009396 57996
0.009402 57996
0.009408 57996
0.009414 57996
0.00942 57996
0.009426 57996
0.009432 57996
0.009438 57996
0.009444 57996
0.00945 57996
0.009456 57996
0.009462 57996
0.009468 57996
0.009474 57996
0.00948 57996
0.009486 57996
0.009492 57996
0.009498 57996
0.009504 57996
0.00951 57996
0.009516 57996
0.009522 57996
0.009528 57996
0.009534 57996
0.00954 57996
0.009546 57996
0.009552 57996
0.009558 57996
0.009564 57996
0.00957 57996
0.009576 57996
0.009582 57996
0.009588 57996
0.009594 57996
0.0096 57996
0.009606 57996
0.009612 57996
0.009618 57996
0.009624 57996
0.00963 57996
0.009636 57996
0.009642 57996
0.009648 57996
0.009654 57996
0.00966 57996
0.009666 57996
0.009672 57996
0.009678 57996
0.009684 57996
0.00969 57996
0.009696 57996
0.009702 57996
0.009708 57996
0.009714 57996
0.00972 57996
0.009726 57996
0.009732 57996
0.009738 57996
0.009744 57996
0.00975 57996
0.009756 57996
0.009762 57996
0.009768 57996
0.009774 57996
0.00978 57996
0.009786 57996
0.009792 57996
0.009798 57996
0.009804 57996
0.00981 57996
0.009816 57996
0.009822 57996
0.009828 57996
0.009834 57996
0.00984 57996
0.009846 57996
0.009852 57996
0.009858 57996
0.009864 57996
0.00987 57996
0.009876 57996
0.009882 57996
0.009888 57996
0.009894 57996
0.0099 57996
0.009906 57996
0.009912 57996
0.009918 57996
0.009924 57996
0.00993 57996
0.009936 57996
0.009942 57996
0.009948 57996
0.009954 57996
0.00996 57996
0.009966 57996
0.009972 57996
0.009978 57996
0.009984 57996
0.00999 57996
0.009996 57996
0.010002 57996
0.010008 57996
0.010014 57996
0.01002 57996
0.010026 57996
0.010032 57996
0.010038 57996
0.010044 57996
0.01005 57996
0.010056 57996
0.010062 57996
0.010068 57996
0.010074 57996
0.01008 57996
0.010086 57996
0.010092 57996
0.010098 57996
0.010104 57996
0.01011 57996
0.010116 57996
0.010122 57996
0.010128 57996
0.010134 57996
0.01014 57996
0.010146 57996
0.010152 57996
0.010158 57996
0.010164 57996
0.01017 57996
0.010176 57996
0.010182 57996
0.010188 57996
0.010194 57996
0.0102 57996
0.010206 57996
0.010212 57996
0.010218 57996
0.010224 57996
0.01023 57996
0.010236 57996
0.010242 57996
0.010248 57996
0.010254 57996
0.01026 57996
0.010266 57996
0.010272 57996
0.010278 57996
0.010284 57996
0.01029 57996
0.010296 57996
0.010302 57996
0.010308 57996
0.010314 57996
0.01032 57996
0.010326 57996
0.010332 57996
0.010338 57996
0.010344 57996
0.01035 57996
0.010356 57996
0.010362 57996
0.010368 57996
0.010374 57996
0.01038 57996
0.010386 57996
0.010392 57996
0.010398 57996
0.010404 57996
0.01041 57996
0.010416 57996
0.010422 57996
0.010428 57996
0.010434 57996
0.01044 57996
0.010446 57996
0.010452 57996
0.010458 57996
0.010464 57996
0.01047 57996
0.010476 57996
0.010482 57996
0.010488 57996
0.010494 57996
0.0105 57996
0.010506 57996
0.010512 57996
0.010518 57996
0.010524 57996
0.01053 57996
0.010536 57996
0.010542 57996
0.010548 57996
0.010554 57996
0.01056 57996
0.010566 57996
0.010572 57996
0.010578 57996
0.010584 57996
0.01059 57996
0.010596 57996
0.010602 57996
0.010608 57996
0.010614 57996
0.01062 57996
0.010626 57996
0.010632 57996
0.010638 57996
0.010644 57996
0.01065 57996
0.010656 57996
0.010662 57996
0.010668 57996
0.010674 57996
0.01068 57996
0.010686 57996
0.010692 57996
0.010698 57996
0.010704 57996
0.01071 57996
0.010716 57996
0.010722 57996
0.010728 57996
0.010734 57996
0.01074 57996
0.010746 57996
0.010752 57996
0.010758 57996
0.010764 57996
0.01077 57996
0.010776 57996
0.010782 57996
0.010788 57996
0.010794 57996
0.0108 57996
0.010806 57996
0.010812 57996
0.010818 57996
0.010824 57996
0.01083 57996
0.010836 57996
0.010842 57996
0.010848 57996
0.010854 57996
0.01086 57996
0.010866 57996
0.010872 57996
0.010878 57996
0.010884 57996
0.01089 57996
0.010896 57996
0.010902 57996
0.010908 57996
0.010914 57996
0.01092 57996
0.010926 57996
0.010932 57996
0.010938 57996
0.010944 57996
0.01095 57996
0.010956 57996
0.010962 57996
0.010968 57996
0.010974 57996
0.01098 57996
0.010986 57996
0.010992 57996
0.010998 57996
0.011004 57996
0.01101 57996
0.011016 57996
0.011022 57996
0.011028 57996
0.011034 57996
0.01104 57996
0.011046 57996
0.011052 57996
0.011058 57996
0.011064 57996
0.01107 57996
0.011076 57996
0.011082 57996
0.011088 57996
0.011094 57996
0.0111 57996
0.011106 57996
0.011112 57996
0.011118 57996
0.011124 57996
0.01113 57996
0.011136 57996
0.011142 57996
0.011148 57996
0.011154 57996
0.01116 57996
0.011166 57996
0.011172 57996
0.011178 57996
0.011184 57996
0.01119 57996
0.011196 57996
0.011202 57996
0.011208 57996
0.011214 57996
0.01122 57996
0.011226 57996
0.011232 57996
0.011238 57996
0.011244 57996
0.01125 57996
0.011256 57996
0.011262 57996
0.011268 57996
0.011274 57996
0.01128 57996
0.011286 57996
0.011292 57996
0.011298 57996
0.011304 57996
0.01131 57996
0.011316 57996
0.011322 57996
0.011328 57996
0.011334 57996
0.01134 57996
0.011346 57996
0.011352 57996
0.011358 57996
0.011364 57996
0.01137 57996
0.011376 57996
0.011382 57996
0.011388 57996
0.011394 57996
0.0114 57996
0.011406 57996
0.011412 57996
0.011418 57996
0.011424 57996
0.01143 57996
0.011436 57996
0.011442 57996
0.011448 57996
0.011454 57996
0.01146 57996
0.011466 57996
0.011472 57996
0.011478 57996
0.011484 57996
0.01149 57996
0.011496 57996
0.011502 57996
0.011508 57996
0.011514 57996
0.01152 57996
0.011526 57996
0.011532 57996
0.011538 57996
0.011544 57996
0.01155 57996
0.011556 57996
0.011562 57996
0.011568 57996
0.011574 57996
0.01158 57996
0.011586 57996
0.011592 57996
0.011598 57996
0.011604 57996
0.01161 57996
0.011616 57996
0.011622 57996
0.011628 57996
0.011634 57996
0.01164 57996
0.011646 57996
0.011652 57996
0.011658 57996
0.011664 57996
0.01167 57996
0.011676 57996
0.011682 57996
0.011688 57996
0.011694 57996
0.0117 57996
0.011706 57996
0.011712 57996
0.011718 57996
0.011724 57996
0.01173 57996
0.011736 57996
0.011742 57996
0.011748 57996
0.011754 57996
0.01176 57996
0.011766 57996
0.011772 57996
0.011778 57996
0.011784 57996
0.01179 57996
0.011796 57996
0.011802 57996
0.011808 57996
0.011814 57996
0.01182 57996
0.011826 57996
0.011832 57996
0.011838 57996
0.011844 57996
0.01185 57996
0.011856 57996
0.011862 57996
0.011868 57996
0.011874 57996
0.01188 57996
0.011886 57996
0.011892 57996
0.011898 57996
0.011904 57996
0.01191 57996
0.011916 57996
0.011922 57996
0.011928 57996
0.011934 57996
0.01194 57996
0.011946 57996
0.011952 57996
0.011958 57996
0.011964 57996
0.01197 57996
0.011976 57996
0.011982 57996
0.011988 57996
0.011994 57996
0.012 57996
0.012006 57996
0.012012 57996
0.012018 57996
0.012024 57996
0.01203 57996
0.012036 57996
0.012042 57996
0.012048 57996
0.012054 57996
0.01206 57996
0.012066 57996
0.012072 57996
0.012078 57996
0.012084 57996
0.01209 57996
0.012096 57996
0.012102 57996
0.012108 57996
0.012114 57996
0.01212 57996
0.012126 57996
0.012132 57996
0.012138 57996
0.012144 57996
0.01215 57996
0.012156 57996
0.012162 57996
0.012168 57996
0.012174 57996
0.01218 57996
0.012186 57996
0.012192 57996
0.012198 57996
0.012204 57996
0.01221 57996
0.012216 57996
0.012222 57996
0.012228 57996
0.012234 57996
0.01224 57996
0.012246 57996
0.012252 57996
0.012258 57996
0.012264 57996
0.01227 57996
0.012276 57996
0.012282 57996
0.012288 57996
0.012294 57996
0.0123 57996
0.012306 57996
0.012312 57996
0.012318 57996
0.012324 57996
0.01233 57996
0.012336 57996
0.012342 57996
0.012348 57996
0.012354 57996
0.01236 57996
0.012366 57996
0.012372 57996
0.012378 57996
0.012384 57996
0.01239 57996
0.012396 57996
0.012402 57996
0.012408 57996
0.012414 57996
0.01242 57996
0.012426 57996
0.012432 57996
0.012438 57996
0.012444 57996
0.01245 57996
0.012456 57996
0.012462 57996
0.012468 57996
0.012474 57996
0.01248 57996
0.012486 57996
0.012492 57996
0.012498 57996
0.012504 57996
0.01251 57996
0.012516 57996
0.012522 57996
0.012528 57996
0.012534 57996
0.01254 57996
0.012546 57996
0.012552 57996
0.012558 57996
0.012564 57996
0.01257 57996
0.012576 57996
0.012582 57996
0.012588 57996
0.012594 57996
0.0126 57996
0.012606 57996
0.012612 57996
0.012618 57996
0.012624 57996
0.01263 57996
0.012636 57996
0.012642 57996
0.012648 57996
0.012654 57996
0.01266 57996
0.012666 57996
0.012672 57996
0.012678 57996
0.012684 57996
0.01269 57996
0.012696 57996
0.012702 57996
0.012708 57996
0.012714 57996
0.01272 57996
0.012726 57996
0.012732 57996
0.012738 57996
0.012744 57996
0.01275 57996
0.012756 57996
0.012762 57996
0.012768 57996
0.012774 57996
0.01278 57996
0.012786 57996
0.012792 57996
0.012798 57996
0.012804 57996
0.01281 57996
0.012816 57996
0.012822 57996
0.012828 57996
0.012834 57996
0.01284 57996
0.012846 57996
0.012852 57996
0.012858 57996
0.012864 57996
0.01287 57996
0.012876 57996
0.012882 57996
0.012888 57996
0.012894 57996
0.0129 57996
0.012906 57996
0.012912 57996
0.012918 57996
0.012924 57996
0.01293 57996
0.012936 57996
0.012942 57996
0.012948 57996
0.012954 57996
0.01296 57996
0.012966 57996
0.012972 57996
0.012978 57996
0.012984 57996
0.01299 57996
0.012996 57996
0.013002 57996
0.013008 57996
0.013014 57996
0.01302 57996
0.013026 57996
0.013032 57996
0.013038 57996
0.013044 57996
0.01305 57996
0.013056 57996
0.013062 57996
0.013068 57996
0.013074 57996
0.01308 57996
0.013086 57996
0.013092 57996
0.013098 57996
0.013104 57996
0.01311 57996
0.013116 57996
0.013122 57996
0.013128 57996
0.013134 57996
0.01314 57996
0.013146 57996
0.013152 57996
0.013158 57996
0.013164 57996
0.01317 57996
0.013176 57996
0.013182 57996
0.013188 57996
0.013194 57996
0.0132 57996
0.013206 57996
0.013212 57996
0.013218 57996
0.013224 57996
0.01323 57996
0.013236 57996
0.013242 57996
0.013248 57996
0.013254 57996
0.01326 57996
0.013266 57996
0.013272 57996
0.013278 57996
0.013284 57996
0.01329 57996
0.013296 57996
0.013302 57996
0.013308 57996
0.013314 57996
0.01332 57996
0.013326 57996
0.013332 57996
0.013338 57996
0.013344 57996
0.01335 57996
0.013356 57996
0.013362 57996
0.013368 57996
0.013374 57996
0.01338 57996
0.013386 57996
0.013392 57996
0.013398 57996
0.013404 57996
0.01341 57996
0.013416 57996
0.013422 57996
0.013428 57996
0.013434 57996
0.01344 57996
0.013446 57996
0.013452 57996
0.013458 57996
0.013464 57996
0.01347 57996
0.013476 57996
0.013482 57996
0.013488 57996
0.013494 57996
0.0135 57996
0.013506 57996
0.013512 57996
0.013518 57996
0.013524 57996
0.01353 57996
0.013536 57996
0.013542 57996
0.013548 57996
0.013554 57996
0.01356 57996
0.013566 57996
0.013572 57996
0.013578 57996
0.013584 57996
0.01359 57996
0.013596 57996
0.013602 57996
0.013608 57996
0.013614 57996
0.01362 57996
0.013626 57996
0.013632 57996
0.013638 57996
0.013644 57996
0.01365 57996
0.013656 57996
0.013662 57996
0.013668 57996
0.013674 57996
0.01368 57996
0.013686 57996
0.013692 57996
0.013698 57996
0.013704 57996
0.01371 57996
0.013716 57996
0.013722 57996
0.013728 57996
0.013734 57996
0.01374 57996
0.013746 57996
0.013752 57996
0.013758 57996
0.013764 57996
0.01377 57996
0.013776 57996
0.013782 57996
0.013788 57996
0.013794 57996
0.0138 57996
0.013806 57996
0.013812 57996
0.013818 57996
0.013824 57996
0.01383 57996
0.013836 57996
0.013842 57996
0.013848 57996
0.013854 57996
0.01386 57996
0.013866 57996
0.013872 57996
0.013878 57996
0.013884 57996
0.01389 57996
0.013896 57996
0.013902 57996
0.013908 57996
0.013914 57996
0.01392 57996
0.013926 57996
0.013932 57996
0.013938 57996
0.013944 57996
0.01395 57996
0.013956 57996
0.013962 57996
0.013968 57996
0.013974 57996
0.01398 57996
0.013986 57996
0.013992 57996
0.013998 57996
0.014004 57996
0.01401 57996
0.014016 57996
0.014022 57996
0.014028 57996
0.014034 57996
0.01404 57996
0.014046 57996
0.014052 57996
0.014058 57996
0.014064 57996
0.01407 57996
0.014076 57996
0.014082 57996
0.014088 57996
0.014094 57996
0.0141 57996
0.014106 57996
0.014112 57996
0.014118 57996
0.014124 57996
0.01413 57996
0.014136 57996
0.014142 57996
0.014148 57996
0.014154 57996
0.01416 57996
0.014166 57996
0.014172 57996
0.014178 57996
0.014184 57996
0.01419 57996
0.014196 57996
0.014202 57996
0.014208 57996
0.014214 57996
0.01422 57996
0.014226 57996
0.014232 57996
0.014238 57996
0.014244 57996
0.01425 57996
0.014256 57996
0.014262 57996
0.014268 57996
0.014274 57996
0.01428 57996
0.014286 57996
0.014292 57996
0.014298 57996
0.014304 57996
0.01431 57996
0.014316 57996
0.014322 57996
0.014328 57996
0.014334 57996
0.01434 57996
0.014346 57996
0.014352 57996
0.014358 57996
0.014364 57996
0.01437 57996
0.014376 57996
0.014382 57996
0.014388 57996
0.014394 57996
0.0144 57996
0.014406 57996
0.014412 57996
0.014418 57996
0.014424 57996
0.01443 57996
0.014436 57996
0.014442 57996
0.014448 57996
0.014454 57996
0.01446 57996
0.014466 57996
0.014472 57996
0.014478 57996
0.014484 57996
0.01449 57996
0.014496 57996
0.014502 57996
0.014508 57996
0.014514 57996
0.01452 57996
0.014526 57996
0.014532 57996
0.014538 57996
0.014544 57996
0.01455 57996
0.014556 57996
0.014562 57996
0.014568 57996
0.014574 57996
0.01458 57996
0.014586 57996
0.014592 57996
0.014598 57996
0.014604 57996
0.01461 57996
0.014616 57996
0.014622 57996
0.014628 57996
0.014634 57996
0.01464 57996
0.014646 57996
0.014652 57996
0.014658 57996
0.014664 57996
0.01467 57996
0.014676 57996
0.014682 57996
0.014688 57996
0.014694 57996
0.0147 57996
0.014706 57996
0.014712 57996
0.014718 57996
0.014724 57996
0.01473 57996
0.014736 57996
0.014742 57996
0.014748 57996
0.014754 57996
0.01476 57996
0.014766 57996
0.014772 57996
0.014778 57996
0.014784 57996
0.01479 57996
0.014796 57996
0.014802 57996
0.014808 57996
0.014814 57996
0.01482 57996
0.014826 57996
0.014832 57996
0.014838 57996
0.014844 57996
0.01485 57996
0.014856 57996
0.014862 57996
0.014868 57996
0.014874 57996
0.01488 57996
0.014886 57996
0.014892 57996
0.014898 57996
0.014904 57996
0.01491 57996
0.014916 57996
0.014922 57996
0.014928 57996
0.014934 57996
0.01494 57996
0.014946 57996
0.014952 57996
0.014958 57996
0.014964 57996
0.01497 57996
0.014976 57996
0.014982 57996
0.014988 57996
0.014994 57996
0.015 57996
0.015006 57996
0.015012 57996
0.015018 57996
0.015024 57996
0.01503 57996
0.015036 57996
0.015042 57996
0.015048 57996
0.015054 57996
0.01506 57996
0.015066 57996
0.015072 57996
0.015078 57996
0.015084 57996
0.01509 57996
0.015096 57996
0.015102 57996
0.015108 57996
0.015114 57996
0.01512 57996
0.015126 57996
0.015132 57996
0.015138 57996
0.015144 57996
0.01515 57996
0.015156 57996
0.015162 57996
0.015168 57996
0.015174 57996
0.01518 57996
0.015186 57996
0.015192 57996
0.015198 57996
0.015204 57996
0.01521 57996
0.015216 57996
0.015222 57996
0.015228 57996
0.015234 57996
0.01524 57996
0.015246 57996
0.015252 57996
0.015258 57996
0.015264 57996
0.01527 57996
0.015276 57996
0.015282 57996
0.015288 57996
0.015294 57996
0.0153 57996
0.015306 57996
0.015312 57996
0.015318 57996
0.015324 57996
0.01533 57996
0.015336 57996
0.015342 57996
0.015348 57996
0.015354 57996
0.01536 57996
0.015366 57996
0.015372 57996
0.015378 57996
0.015384 57996
0.01539 57996
0.015396 57996
0.015402 57996
0.015408 57996
0.015414 57996
0.01542 57996
0.015426 57996
0.015432 57996
0.015438 57996
0.015444 57996
0.01545 57996
0.015456 57996
0.015462 57996
0.015468 57996
0.015474 57996
0.01548 57996
0.015486 57996
0.015492 57996
0.015498 57996
0.015504 57996
0.01551 57996
0.015516 57996
0.015522 57996
0.015528 57996
0.015534 57996
0.01554 57996
0.015546 57996
0.015552 57996
0.015558 57996
0.015564 57996
0.01557 57996
0.015576 57996
0.015582 57996
0.015588 57996
0.015594 57996
0.0156 57996
0.015606 57996
0.015612 57996
0.015618 57996
0.015624 57996
0.01563 57996
0.015636 57996
0.015642 57996
0.015648 57996
0.015654 57996
0.01566 57996
0.015666 57996
0.015672 57996
0.015678 57996
0.015684 57996
0.01569 57996
0.015696 57996
0.015702 57996
0.015708 57996
0.015714 57996
0.01572 57996
0.015726 57996
0.015732 57996
0.015738 57996
0.015744 57996
0.01575 57996
0.015756 57996
0.015762 57996
0.015768 57996
0.015774 57996
0.01578 57996
0.015786 57996
0.015792 57996
0.015798 57996
0.015804 57996
0.01581 57996
0.015816 57996
0.015822 57996
0.015828 57996
0.015834 57996
0.01584 57996
0.015846 57996
0.015852 57996
0.015858 57996
0.015864 57996
0.01587 57996
0.015876 57996
0.015882 57996
0.015888 57996
0.015894 57996
0.0159 57996
0.015906 57996
0.015912 57996
0.015918 57996
0.015924 57996
0.01593 57996
0.015936 57996
0.015942 57996
0.015948 57996
0.015954 57996
0.01596 57996
0.015966 57996
0.015972 57996
0.015978 57996
0.015984 57996
0.01599 57996
0.015996 57996
0.016002 57996
0.016008 57996
0.016014 57996
0.01602 57996
0.016026 57996
0.016032 57996
0.016038 57996
0.016044 57996
0.01605 57996
0.016056 57996
0.016062 57996
0.016068 57996
0.016074 57996
0.01608 57996
0.016086 57996
0.016092 57996
0.016098 57996
0.016104 57996
0.01611 57996
0.016116 57996
0.016122 57996
0.016128 57996
0.016134 57996
0.01614 57996
0.016146 57996
0.016152 57996
0.016158 57996
0.016164 57996
0.01617 57996
0.016176 57996
0.016182 57996
0.016188 57996
0.016194 57996
0.0162 57996
0.016206 57996
0.016212 57996
0.016218 57996
0.016224 57996
0.01623 57996
0.016236 57996
0.016242 57996
0.016248 57996
0.016254 57996
0.01626 57996
0.016266 57996
0.016272 57996
0.016278 57996
0.016284 57996
0.01629 57996
0.016296 57996
0.016302 57996
0.016308 57996
0.016314 57996
0.01632 57996
0.016326 57996
0.016332 57996
0.016338 57996
0.016344 57996
0.01635 57996
0.016356 57996
0.016362 57996
0.016368 57996
0.016374 57996
0.01638 57996
0.016386 57996
0.016392 57996
0.016398 57996
0.016404 57996
0.01641 57996
0.016416 57996
0.016422 57996
0.016428 57996
0.016434 57996
0.01644 57996
0.016446 57996
0.016452 57996
0.016458 57996
0.016464 57996
0.01647 57996
0.016476 57996
0.016482 57996
0.016488 57996
0.016494 57996
0.0165 57996
0.016506 57996
0.016512 57996
0.016518 57996
0.016524 57996
0.01653 57996
0.016536 57996
0.016542 57996
0.016548 57996
0.016554 57996
0.01656 57996
0.016566 57996
0.016572 57996
0.016578 57996
0.016584 57996
0.01659 57996
0.016596 57996
0.016602 57996
0.016608 57996
0.016614 57996
0.01662 57996
0.016626 57996
0.016632 57996
0.016638 57996
0.016644 57996
0.01665 57996
0.016656 57996
0.016662 57996
0.016668 57996
0.016674 57996
0.01668 57996
0.016686 57996
0.016692 57996
0.016698 57996
0.016704 57996
0.01671 57996
0.016716 57996
0.016722 57996
0.016728 57996
0.016734 57996
0.01674 57996
0.016746 57996
0.016752 57996
0.016758 57996
0.016764 57996
0.01677 57996
0.016776 57996
0.016782 57996
0.016788 57996
0.016794 57996
0.0168 57996
0.016806 57996
0.016812 57996
0.016818 57996
0.016824 57996
0.01683 57996
0.016836 57996
0.016842 57996
0.016848 57996
0.016854 57996
0.01686 57996
0.016866 57996
0.016872 57996
0.016878 57996
0.016884 57996
0.01689 57996
0.016896 57996
0.016902 57996
0.016908 57996
0.016914 57996
0.01692 57996
0.016926 57996
0.016932 57996
0.016938 57996
0.016944 57996
0.01695 57996
0.016956 57996
0.016962 57996
0.016968 57996
0.016974 57996
0.01698 57996
0.016986 57996
0.016992 57996
0.016998 57996
0.017004 57996
0.01701 57996
0.017016 57996
0.017022 57996
0.017028 57996
0.017034 57996
0.01704 57996
0.017046 57996
0.017052 57996
0.017058 57996
0.017064 57996
0.01707 57996
0.017076 57996
0.017082 57996
0.017088 57996
0.017094 57996
0.0171 57996
0.017106 57996
0.017112 57996
0.017118 57996
0.017124 57996
0.01713 57996
0.017136 57996
0.017142 57996
0.017148 57996
0.017154 57996
0.01716 57996
0.017166 57996
0.017172 57996
0.017178 57996
0.017184 57996
0.01719 57996
0.017196 57996
0.017202 57996
0.017208 57996
0.017214 57996
0.01722 57996
0.017226 57996
0.017232 57996
0.017238 57996
0.017244 57996
0.01725 57996
0.017256 57996
0.017262 57996
0.017268 57996
0.017274 57996
0.01728 57996
0.017286 57996
0.017292 57996
0.017298 57996
0.017304 57996
0.01731 57996
0.017316 57996
0.017322 57996
0.017328 57996
0.017334 57996
0.01734 57996
0.017346 57996
0.017352 57996
0.017358 57996
0.017364 57996
0.01737 57996
0.017376 57996
0.017382 57996
0.017388 57996
0.017394 57996
0.0174 57996
0.017406 57996
0.017412 57996
0.017418 57996
0.017424 57996
0.01743 57996
0.017436 57996
0.017442 57996
0.017448 57996
0.017454 57996
0.01746 57996
0.017466 57996
0.017472 57996
0.017478 57996
0.017484 57996
0.01749 57996
0.017496 57996
0.017502 57996
0.017508 57996
0.017514 57996
0.01752 57996
0.017526 57996
0.017532 57996
0.017538 57996
0.017544 57996
0.01755 57996
0.017556 57996
0.017562 57996
0.017568 57996
0.017574 57996
0.01758 57996
0.017586 57996
0.017592 57996
0.017598 57996
0.017604 57996
0.01761 57996
0.017616 57996
0.017622 57996
0.017628 57996
0.017634 57996
0.01764 57996
0.017646 57996
0.017652 57996
0.017658 57996
0.017664 57996
0.01767 57996
0.017676 57996
0.017682 57996
0.017688 57996
0.017694 57996
0.0177 57996
0.017706 57996
0.017712 57996
0.017718 57996
0.017724 57996
0.01773 57996
0.017736 57996
0.017742 57996
0.017748 57996
0.017754 57996
0.01776 57996
0.017766 57996
0.017772 57996
0.017778 57996
0.017784 57996
0.01779 57996
0.017796 57996
0.017802 57996
0.017808 57996
0.017814 57996
0.01782 57996
0.017826 57996
0.017832 57996
0.017838 57996
0.017844 57996
0.01785 57996
0.017856 57996
0.017862 57996
0.017868 57996
0.017874 57996
0.01788 57996
0.017886 57996
0.017892 57996
0.017898 57996
0.017904 57996
0.01791 57996
0.017916 57996
0.017922 57996
0.017928 57996
0.017934 57996
0.01794 57996
0.017946 57996
0.017952 57996
0.017958 57996
0.017964 57996
0.01797 57996
0.017976 57996
0.017982 57996
0.017988 57996
0.017994 57996
0.018 57996
0.018006 57996
0.018012 57996
0.018018 57996
0.018024 57996
0.01803 57996
0.018036 57996
0.018042 57996
0.018048 57996
0.018054 57996
0.01806 57996
0.018066 57996
0.018072 57996
0.018078 57996
0.018084 57996
0.01809 57996
0.018096 57996
0.018102 57996
0.018108 57996
0.018114 57996
0.01812 57996
0.018126 57996
0.018132 57996
0.018138 57996
0.018144 57996
0.01815 57996
0.018156 57996
0.018162 57996
0.018168 57996
0.018174 57996
0.01818 57996
0.018186 57996
0.018192 57996
0.018198 57996
0.018204 57996
0.01821 57996
0.018216 57996
0.018222 57996
0.018228 57996
0.018234 57996
0.01824 57996
0.018246 57996
0.018252 57996
0.018258 57996
0.018264 57996
0.01827 57996
0.018276 57996
0.018282 57996
0.018288 57996
0.018294 57996
0.0183 57996
0.018306 57996
0.018312 57996
0.018318 57996
0.018324 57996
0.01833 57996
0.018336 57996
0.018342 57996
0.018348 57996
0.018354 57996
0.01836 57996
0.018366 57996
0.018372 57996
0.018378 57996
0.018384 57996
0.01839 57996
0.018396 57996
0.018402 57996
0.018408 57996
0.018414 57996
0.01842 57996
0.018426 57996
0.018432 57996
0.018438 57996
0.018444 57996
0.01845 57996
0.018456 57996
0.018462 57996
0.018468 57996
0.018474 57996
0.01848 57996
0.018486 57996
0.018492 57996
0.018498 57996
0.018504 57996
0.01851 57996
0.018516 57996
0.018522 57996
0.018528 57996
0.018534 57996
0.01854 57996
0.018546 57996
0.018552 57996
0.018558 57996
0.018564 57996
0.01857 57996
0.018576 57996
0.018582 57996
0.018588 57996
0.018594 57996
0.0186 57996
0.018606 57996
0.018612 57996
0.018618 57996
0.018624 57996
0.01863 57996
0.018636 57996
0.018642 57996
0.018648 57996
0.018654 57996
0.01866 57996
0.018666 57996
0.018672 57996
0.018678 57996
0.018684 57996
0.01869 57996
0.018696 57996
0.018702 57996
0.018708 57996
0.018714 57996
0.01872 57996
0.018726 57996
0.018732 57996
0.018738 57996
0.018744 57996
0.01875 57996
0.018756 57996
0.018762 57996
0.018768 57996
0.018774 57996
0.01878 57996
0.018786 57996
0.018792 57996
0.018798 57996
0.018804 57996
0.01881 57996
0.018816 57996
0.018822 57996
0.018828 57996
0.018834 57996
0.01884 57996
0.018846 57996
0.018852 57996
0.018858 57996
0.018864 57996
0.01887 57996
0.018876 57996
0.018882 57996
0.018888 57996
0.018894 57996
0.0189 57996
0.018906 57996
0.018912 57996
0.018918 57996
0.018924 57996
0.01893 57996
0.018936 57996
0.018942 57996
0.018948 57996
0.018954 57996
0.01896 57996
0.018966 57996
0.018972 57996
0.018978 57996
0.018984 57996
0.01899 57996
0.018996 57996
0.019002 57996
0.019008 57996
0.019014 57996
0.01902 57996
0.019026 57996
0.019032 57996
0.019038 57996
0.019044 57996
0.01905 57996
0.019056 57996
0.019062 57996
0.019068 57996
0.019074 57996
0.01908 57996
0.019086 57996
0.019092 57996
0.019098 57996
0.019104 57996
0.01911 57996
0.019116 57996
0.019122 57996
0.019128 57996
0.019134 57996
0.01914 57996
0.019146 57996
0.019152 57996
0.019158 57996
0.019164 57996
0.01917 57996
0.019176 57996
0.019182 57996
0.019188 57996
0.019194 57996
0.0192 57996
0.019206 57996
0.019212 57996
0.019218 57996
0.019224 57996
0.01923 57996
0.019236 57996
0.019242 57996
0.019248 57996
0.019254 57996
0.01926 57996
0.019266 57996
0.019272 57996
0.019278 57996
0.019284 57996
0.01929 57996
0.019296 57996
0.019302 57996
0.019308 57996
0.019314 57996
0.01932 57996
0.019326 57996
0.019332 57996
0.019338 57996
0.019344 57996
0.01935 57996
0.019356 57996
0.019362 57996
0.019368 57996
0.019374 57996
0.01938 57996
0.019386 57996
0.019392 57996
0.019398 57996
0.019404 57996
0.01941 57996
0.019416 57996
0.019422 57996
0.019428 57996
0.019434 57996
0.01944 57996
0.019446 57996
0.019452 57996
0.019458 57996
0.019464 57996
0.01947 57996
0.019476 57996
0.019482 57996
0.019488 57996
0.019494 57996
0.0195 57996
0.019506 57996
0.019512 57996
0.019518 57996
0.019524 57996
0.01953 57996
0.019536 57996
0.019542 57996
0.019548 57996
0.019554 57996
0.01956 57996
0.019566 57996
0.019572 57996
0.019578 57996
0.019584 57996
0.01959 57996
0.019596 57996
0.019602 57996
0.019608 57996
0.019614 57996
0.01962 57996
0.019626 57996
0.019632 57996
0.019638 57996
0.019644 57996
0.01965 57996
0.019656 57996
0.019662 57996
0.019668 57996
0.019674 57996
0.01968 57996
0.019686 57996
0.019692 57996
0.019698 57996
0.019704 57996
0.01971 57996
0.019716 57996
0.019722 57996
0.019728 57996
0.019734 57996
0.01974 57996
0.019746 57996
0.019752 57996
0.019758 57996
0.019764 57996
0.01977 57996
0.019776 57996
0.019782 57996
0.019788 57996
0.019794 57996
0.0198 57996
0.019806 57996
0.019812 57996
0.019818 57996
0.019824 57996
0.01983 57996
0.019836 57996
0.019842 57996
0.019848 57996
0.019854 57996
0.01986 57996
0.019866 57996
0.019872 57996
0.019878 57996
0.019884 57996
0.01989 57996
0.019896 57996
0.019902 57996
0.019908 57996
0.019914 57996
0.01992 57996
0.019926 57996
0.019932 57996
0.019938 57996
0.019944 57996
0.01995 57996
0.019956 57996
0.019962 57996
0.019968 57996
0.019974 57996
0.01998 57996
0.019986 57996
0.019992 57996
0.019998 57996
0.020004 57996
0.02001 57996
0.020016 57996
0.020022 57996
0.020028 57996
0.020034 57996
0.02004 57996
0.020046 57996
0.020052 57996
0.020058 57996
0.020064 57996
0.02007 57996
0.020076 57996
0.020082 57996
0.020088 57996
0.020094 57996
0.0201 57996
0.020106 57996
0.020112 57996
0.020118 57996
0.020124 57996
0.02013 57996
0.020136 57996
0.020142 57996
0.020148 57996
0.020154 57996
0.02016 57996
0.020166 57996
0.020172 57996
0.020178 57996
0.020184 57996
0.02019 57996
0.020196 57996
0.020202 57996
0.020208 57996
0.020214 57996
0.02022 57996
0.020226 57996
0.020232 57996
0.020238 57996
0.020244 57996
0.02025 57996
0.020256 57996
0.020262 57996
0.020268 57996
0.020274 57996
0.02028 57996
0.020286 57996
0.020292 57996
0.020298 57996
0.020304 57996
0.02031 57996
0.020316 57996
0.020322 57996
0.020328 57996
0.020334 57996
0.02034 57996
0.020346 57996
0.020352 57996
0.020358 57996
0.020364 57996
0.02037 57996
0.020376 57996
0.020382 57996
0.020388 57996
0.020394 57996
0.0204 57996
0.020406 57996
0.020412 57996
0.020418 57996
0.020424 57996
0.02043 57996
0.020436 57996
0.020442 57996
0.020448 57996
0.020454 57996
0.02046 57996
0.020466 57996
0.020472 57996
0.020478 57996
0.020484 57996
0.02049 57996
0.020496 57996
0.020502 57996
0.020508 57996
0.020514 57996
0.02052 57996
0.020526 57996
0.020532 57996
0.020538 57996
0.020544 57996
0.02055 57996
0.020556 57996
0.020562 57996
0.020568 57996
0.020574 57996
0.02058 57996
0.020586 57996
0.020592 57996
0.020598 57996
0.020604 57996
0.02061 57996
0.020616 57996
0.020622 57996
0.020628 57996
0.020634 57996
0.02064 57996
0.020646 57996
0.020652 57996
0.020658 57996
0.020664 57996
0.02067 57996
0.020676 57996
0.020682 57996
0.020688 57996
0.020694 57996
0.0207 57996
0.020706 57996
0.020712 57996
0.020718 57996
0.020724 57996
0.02073 57996
0.020736 57996
0.020742 57996
0.020748 57996
0.020754 57996
0.02076 57996
0.020766 57996
0.020772 57996
0.020778 57996
0.020784 57996
0.02079 57996
0.020796 57996
0.020802 57996
0.020808 57996
0.020814 57996
0.02082 57996
0.020826 57996
0.020832 57996
0.020838 57996
0.020844 57996
0.02085 57996
0.020856 57996
0.020862 57996
0.020868 57996
0.020874 57996
0.02088 57996
0.020886 57996
0.020892 57996
0.020898 57996
0.020904 57996
0.02091 57996
0.020916 57996
0.020922 57996
0.020928 57996
0.020934 57996
0.02094 57996
0.020946 57996
0.020952 57996
0.020958 57996
0.020964 57996
0.02097 57996
0.020976 57996
0.020982 57996
0.020988 57996
0.020994 57996
0.021 57996
1 57996
