1.8846e-06 1641.7
3.7692e-06 1641.7
5.6538e-06 1641.7
7.5385e-06 1641.7
9.4231e-06 1641.7
1.1308e-05 1641.7
1.3192e-05 1641.7
1.5077e-05 1641.7
1.6962e-05 1641.7
1.8846e-05 1641.7
2.0731e-05 1641.7
2.2615e-05 1641.7
2.45e-05 1641.8
2.6385e-05 1641.8
2.8269e-05 1641.9
3.0154e-05 1642
3.2038e-05 1642.2
3.3923e-05 1642.4
3.5808e-05 1642.8
3.7692e-05 1643.3
3.9577e-05 1644
4.1462e-05 1644.9
4.3346e-05 1646.2
4.5231e-05 1647.9
4.7115e-05 1650.3
4.9e-05 1653.3
5.0885e-05 1657.4
5.2769e-05 1662.6
5.4654e-05 1669.4
5.6538e-05 1678
5.8423e-05 1689
6.0308e-05 1702.7
6.2192e-05 1719.7
6.4077e-05 1740.8
6.5962e-05 1766.5
6.7846e-05 1797.8
6.9731e-05 1835.6
7.1615e-05 1880.9
7.35e-05 1934.8
7.5385e-05 1998.6
7.7269e-05 2073.6
7.9154e-05 2161.3
8.1038e-05 2263.4
8.2923e-05 2381.5
8.4808e-05 2517.3
8.6692e-05 2672.6
8.8577e-05 2849
9.0462e-05 3048.2
9.2346e-05 3271.5
9.4231e-05 3519.7
9.6115e-05 3793.4
9.8e-05 4092.2
9.9885e-05 4415
0.00010177 4759.7
0.00010365 5123.2
0.00010554 5501.2
0.00010742 5888.3
0.00010931 6278.4
0.00011119 6664.5
0.00011308 7039.2
0.00011496 7395.4
0.00011685 7726.1
0.00011873 8025.2
0.00012062 8287.5
0.0001225 8509.3
0.00012438 8688.3
0.00012627 8823.5
0.00012815 8915.2
0.00013004 8965.2
0.00013192 8975.8
0.00013381 8950.5
0.00013569 8892.8
0.00013758 8806.9
0.00013946 8696.5
0.00014135 8565.7
0.00014323 8418.1
0.00014512 8257
0.000147 8085.4
0.00014888 7906
0.00015077 7720.9
0.00015265 7532.2
0.00015454 7341.5
0.00015642 7150.2
0.00015831 6959.3
0.00016019 6769.8
0.00016208 6582.4
0.00016396 6397.8
0.00016585 6216.5
0.00016773 6038.7
0.00016962 5865
0.0001715 5695.4
0.00017338 5530.2
0.00017527 5369.5
0.00017715 5213.4
0.00017904 5062
0.00018092 4915.3
0.00018281 4773.4
0.00018469 4636.2
0.00018658 4503.7
0.00018846 4375.9
0.00019035 4252.7
0.00019223 4134
0.00019412 4019.8
0.000196 3910
0.00019788 3804.4
0.00019977 3703
0.00020165 3605.7
0.00020354 3512.4
0.00020542 3422.9
0.00020731 3337.1
0.00020919 3254.9
0.00021108 3176.3
0.00021296 3101
0.00021485 3029
0.00021673 2960.2
0.00021862 2894.4
0.0002205 2831.5
0.00022238 2771.5
0.00022427 2714.2
0.00022615 2659.5
0.00022804 2607.2
0.00022992 2557.4
0.00023181 2509.9
0.00023369 2464.6
0.00023558 2421.5
0.00023746 2380.4
0.00023935 2341.2
0.00024123 2303.9
0.00024312 2268.4
0.000245 2234.5
0.00024688 2202.4
0.00024877 2171.8
0.00025065 2142.7
0.00025254 2115
0.00025442 2088.7
0.00025631 2063.7
0.00025819 2040
0.00026008 2017.4
0.00026196 1996
0.00026385 1975.7
0.00026573 1956.4
0.00026762 1938.1
0.0002695 1920.8
0.00027138 1904.4
0.00027327 1888.8
0.00027515 1874.1
0.00027704 1860.1
0.00027892 1846.9
0.00028081 1834.4
0.00028269 1822.6
0.00028458 1811.4
0.00028646 1800.9
0.00028835 1790.9
0.00029023 1781.5
0.00029212 1772.6
0.000294 1764.3
0.00029588 1756.4
0.00029777 1748.9
0.00029965 1741.9
0.00030154 1735.3
0.00030342 1729.1
0.00030531 1723.3
0.00030719 1717.8
0.00030908 1712.6
0.00031096 1707.8
0.00031285 1703.2
0.00031473 1699
0.00031662 1695
0.0003185 1691.2
0.00032038 1687.7
0.00032227 1684.4
0.00032415 1681.4
0.00032604 1678.5
0.00032792 1675.8
0.00032981 1673.3
0.00033169 1671
0.00033358 1668.8
0.00033546 1666.7
0.00033735 1664.9
0.00033923 1663.1
0.00034112 1661.4
0.000343 1659.9
0.00034488 1658.5
0.00034677 1657.2
0.00034865 1656
0.00035054 1654.8
0.00035242 1653.8
0.00035431 1652.8
0.00035619 1651.9
0.00035808 1651.1
0.00035996 1650.3
0.00036185 1649.6
0.00036373 1648.9
0.00036562 1648.3
0.0003675 1647.8
0.00036938 1647.2
0.00037127 1646.8
0.00037315 1646.3
0.00037504 1645.9
0.00037692 1645.5
0.00037881 1645.2
0.00038069 1644.9
0.00038258 1644.6
0.00038446 1644.3
0.00038635 1644.1
0.00038823 1643.9
0.00039012 1643.7
0.000392 1643.5
0.00039388 1643.3
0.00039577 1643.2
0.00039765 1643
0.00039954 1642.9
0.00040142 1642.8
0.00040331 1642.7
0.00040519 1642.6
0.00040708 1642.5
0.00040896 1642.4
0.00041085 1642.3
0.00041273 1642.3
0.00041462 1642.2
0.0004165 1642.2
0.00041838 1642.1
0.00042027 1642.1
0.00042215 1642
0.00042404 1642
0.00042592 1642
0.00042781 1641.9
0.00042969 1641.9
0.00043158 1641.9
0.00043346 1641.9
0.00043535 1641.8
0.00043723 1641.8
0.00043912 1641.8
0.000441 1641.8
0.00044288 1641.8
0.00044477 1641.8
0.00044665 1641.7
0.00044854 1641.7
0.00045042 1641.7
0.00045231 1641.7
0.00045419 1641.7
0.00045608 1641.7
0.00045796 1641.7
0.00045985 1641.7
0.00046173 1641.7
0.00046362 1641.7
0.0004655 1641.7
0.00046738 1641.7
0.00046927 1641.7
0.00047115 1641.7
0.00047304 1641.7
0.00047492 1641.7
0.00047681 1641.7
0.00047869 1641.7
0.00048058 1641.7
0.00048246 1641.7
0.00048435 1641.7
0.00048623 1641.7
0.00048812 1641.7
0.00049 1641.7
0.00049188 1641.7
0.00049377 1641.7
0.00049565 1641.7
0.00049754 1641.7
0.00049942 1641.7
0.00050131 1641.7
0.00050319 1641.7
0.00050508 1641.7
0.00050696 1641.7
0.00050885 1641.7
0.00051073 1641.7
0.00051262 1641.7
0.0005145 1641.7
0.00051638 1641.7
0.00051827 1641.7
0.00052015 1641.7
0.00052204 1641.7
0.00052392 1641.7
0.00052581 1641.7
0.00052769 1641.7
0.00052958 1641.7
0.00053146 1641.7
0.00053335 1641.7
0.00053523 1641.7
0.00053712 1641.7
0.000539 1641.7
0.00054088 1641.7
0.00054277 1641.7
0.00054465 1641.7
0.00054654 1641.7
0.00054842 1641.7
0.00055031 1641.7
0.00055219 1641.7
0.00055408 1641.7
0.00055596 1641.7
0.00055785 1641.7
0.00055973 1641.7
0.00056162 1641.7
0.0005635 1641.7
0.00056538 1641.7
0.00056727 1641.7
0.00056915 1641.7
0.00057104 1641.7
0.00057292 1641.7
0.00057481 1641.7
0.00057669 1641.7
0.00057858 1641.7
0.00058046 1641.7
0.00058235 1641.7
0.00058423 1641.7
0.00058612 1641.7
0.000588 1641.7
0.00058988 1641.7
0.00059177 1641.7
0.00059365 1641.7
0.00059554 1641.7
0.00059742 1641.7
0.00059931 1641.7
0.00060119 1641.7
0.00060308 1641.7
0.00060496 1641.7
0.00060685 1641.7
0.00060873 1641.7
0.00061062 1641.7
0.0006125 1641.7
0.00061438 1641.7
0.00061627 1641.7
0.00061815 1641.7
0.00062004 1641.7
0.00062192 1641.7
0.00062381 1641.7
0.00062569 1641.7
0.00062758 1641.7
0.00062946 1641.7
0.00063135 1641.7
0.00063323 1641.7
0.00063512 1641.7
0.000637 1641.7
0.00063888 1641.7
0.00064077 1641.7
0.00064265 1641.7
0.00064454 1641.7
0.00064642 1641.7
0.00064831 1641.7
0.00065019 1641.7
0.00065208 1641.7
0.00065396 1641.7
0.00065585 1641.7
0.00065773 1641.7
0.00065962 1641.7
0.0006615 1641.7
0.00066338 1641.7
0.00066527 1641.7
0.00066715 1641.7
0.00066904 1641.7
0.00067092 1641.7
0.00067281 1641.7
0.00067469 1641.7
0.00067658 1641.7
0.00067846 1641.7
0.00068035 1641.7
0.00068223 1641.7
0.00068412 1641.7
0.000686 1641.7
0.00068788 1641.7
0.00068977 1641.7
0.00069165 1641.7
0.00069354 1641.7
0.00069542 1641.7
0.00069731 1641.7
0.00069919 1641.7
0.00070108 1641.7
0.00070296 1641.7
0.00070485 1641.7
0.00070673 1641.7
0.00070862 1641.7
0.0007105 1641.7
0.00071238 1641.7
0.00071427 1641.7
0.00071615 1641.7
0.00071804 1641.7
0.00071992 1641.7
0.00072181 1641.7
0.00072369 1641.7
0.00072558 1641.7
0.00072746 1641.7
0.00072935 1641.7
0.00073123 1641.7
0.00073312 1641.7
0.000735 1641.7
0.00073688 1641.7
0.00073877 1641.7
0.00074065 1641.7
0.00074254 1641.7
0.00074442 1641.7
0.00074631 1641.7
0.00074819 1641.7
0.00075008 1641.7
0.00075196 1641.7
0.00075385 1641.7
0.00075573 1641.7
0.00075762 1641.7
0.0007595 1641.7
0.00076138 1641.7
0.00076327 1641.7
0.00076515 1641.7
0.00076704 1641.7
0.00076892 1641.7
0.00077081 1641.7
0.00077269 1641.7
0.00077458 1641.7
0.00077646 1641.7
0.00077835 1641.7
0.00078023 1641.7
0.00078212 1641.7
0.000784 1641.7
0.00078588 1641.7
0.00078777 1641.7
0.00078965 1641.7
0.00079154 1641.7
0.00079342 1641.7
0.00079531 1641.7
0.00079719 1641.7
0.00079908 1641.7
0.00080096 1641.7
0.00080285 1641.7
0.00080473 1641.7
0.00080662 1641.7
0.0008085 1641.7
0.00081038 1641.7
0.00081227 1641.7
0.00081415 1641.7
0.00081604 1641.7
0.00081792 1641.7
0.00081981 1641.7
0.00082169 1641.7
0.00082358 1641.7
0.00082546 1641.7
0.00082735 1641.7
0.00082923 1641.7
0.00083112 1641.7
0.000833 1641.7
0.00083488 1641.7
0.00083677 1641.7
0.00083865 1641.7
0.00084054 1641.7
0.00084242 1641.7
0.00084431 1641.7
0.00084619 1641.7
0.00084808 1641.7
0.00084996 1641.7
0.00085185 1641.7
0.00085373 1641.7
0.00085562 1641.7
0.0008575 1641.7
0.00085938 1641.7
0.00086127 1641.7
0.00086315 1641.7
0.00086504 1641.7
0.00086692 1641.7
0.00086881 1641.7
0.00087069 1641.7
0.00087258 1641.7
0.00087446 1641.7
0.00087635 1641.7
0.00087823 1641.7
0.00088012 1641.7
0.000882 1641.7
0.00088388 1641.7
0.00088577 1641.7
0.00088765 1641.7
0.00088954 1641.7
0.00089142 1641.7
0.00089331 1641.7
0.00089519 1641.7
0.00089708 1641.7
0.00089896 1641.7
0.00090085 1641.7
0.00090273 1641.7
0.00090462 1641.7
0.0009065 1641.7
0.00090838 1641.7
0.00091027 1641.7
0.00091215 1641.7
0.00091404 1641.7
0.00091592 1641.7
0.00091781 1641.7
0.00091969 1641.7
0.00092158 1641.7
0.00092346 1641.7
0.00092535 1641.7
0.00092723 1641.7
0.00092912 1641.7
0.000931 1641.7
0.00093288 1641.7
0.00093477 1641.7
0.00093665 1641.7
0.00093854 1641.7
0.00094042 1641.7
0.00094231 1641.7
0.00094419 1641.7
0.00094608 1641.7
0.00094796 1641.7
0.00094985 1641.7
0.00095173 1641.7
0.00095362 1641.7
0.0009555 1641.7
0.00095738 1641.7
0.00095927 1641.7
0.00096115 1641.7
0.00096304 1641.7
0.00096492 1641.7
0.00096681 1641.7
0.00096869 1641.7
0.00097058 1641.7
0.00097246 1641.7
0.00097435 1641.7
0.00097623 1641.7
0.00097812 1641.7
0.00098 1641.7
0.00098188 1641.7
0.00098377 1641.7
0.00098565 1641.7
0.00098754 1641.7
0.00098942 1641.7
0.00099131 1641.7
0.00099319 1641.7
0.00099508 1641.7
0.00099696 1641.7
0.00099885 1641.7
0.0010007 1641.7
0.0010026 1641.7
0.0010045 1641.7
0.0010064 1641.7
0.0010083 1641.7
0.0010102 1641.7
0.001012 1641.7
0.0010139 1641.7
0.0010158 1641.7
0.0010177 1641.7
0.0010196 1641.7
0.0010215 1641.7
0.0010233 1641.7
0.0010252 1641.7
0.0010271 1641.7
0.001029 1641.7
0.0010309 1641.7
0.0010328 1641.7
0.0010347 1641.7
0.0010365 1641.7
0.0010384 1641.7
0.0010403 1641.7
0.0010422 1641.7
0.0010441 1641.7
0.001046 1641.7
0.0010478 1641.7
0.0010497 1641.7
0.0010516 1641.7
0.0010535 1641.7
0.0010554 1641.7
0.0010573 1641.7
0.0010592 1641.7
0.001061 1641.7
0.0010629 1641.7
0.0010648 1641.7
0.0010667 1641.7
0.0010686 1641.7
0.0010705 1641.7
0.0010723 1641.7
0.0010742 1641.7
0.0010761 1641.7
0.001078 1641.7
0.0010799 1641.7
0.0010818 1641.7
0.0010837 1641.7
0.0010855 1641.7
0.0010874 1641.7
0.0010893 1641.7
0.0010912 1641.7
0.0010931 1641.7
0.001095 1641.7
0.0010968 1641.7
0.0010987 1641.7
0.0011006 1641.7
0.0011025 1641.7
0.0011044 1641.7
0.0011063 1641.7
0.0011082 1641.7
0.00111 1641.7
0.0011119 1641.7
0.0011138 1641.7
0.0011157 1641.7
0.0011176 1641.7
0.0011195 1641.7
0.0011213 1641.7
0.0011232 1641.7
0.0011251 1641.7
0.001127 1641.7
0.0011289 1641.7
0.0011308 1641.7
0.0011327 1641.7
0.0011345 1641.7
0.0011364 1641.7
0.0011383 1641.7
0.0011402 1641.7
0.0011421 1641.7
0.001144 1641.7
0.0011458 1641.7
0.0011477 1641.7
0.0011496 1641.7
0.0011515 1641.7
0.0011534 1641.7
0.0011553 1641.7
0.0011572 1641.7
0.001159 1641.7
0.0011609 1641.7
0.0011628 1641.7
0.0011647 1641.7
0.0011666 1641.7
0.0011685 1641.7
0.0011703 1641.7
0.0011722 1641.7
0.0011741 1641.7
0.001176 1641.7
0.0011779 1641.7
0.0011798 1641.7
0.0011817 1641.7
0.0011835 1641.7
0.0011854 1641.7
0.0011873 1641.7
0.0011892 1641.7
0.0011911 1641.7
0.001193 1641.7
0.0011948 1641.7
0.0011967 1641.7
0.0011986 1641.7
0.0012005 1641.7
0.0012024 1641.7
0.0012043 1641.7
0.0012062 1641.7
0.001208 1641.7
0.0012099 1641.7
0.0012118 1641.7
0.0012137 1641.7
0.0012156 1641.7
0.0012175 1641.7
0.0012193 1641.7
0.0012212 1641.7
0.0012231 1641.7
0.001225 1641.7
0.0012269 1641.7
0.0012288 1641.7
0.0012307 1641.7
0.0012325 1641.7
0.0012344 1641.7
0.0012363 1641.7
0.0012382 1641.7
0.0012401 1641.7
0.001242 1641.7
0.0012438 1641.7
0.0012457 1641.7
0.0012476 1641.7
0.0012495 1641.7
0.0012514 1641.7
0.0012533 1641.7
0.0012552 1641.7
0.001257 1641.7
0.0012589 1641.7
0.0012608 1641.7
0.0012627 1641.7
0.0012646 1641.7
0.0012665 1641.7
0.0012683 1641.7
0.0012702 1641.7
0.0012721 1641.7
0.001274 1641.7
0.0012759 1641.7
0.0012778 1641.7
0.0012797 1641.7
0.0012815 1641.7
0.0012834 1641.7
0.0012853 1641.7
0.0012872 1641.7
0.0012891 1641.7
0.001291 1641.7
0.0012928 1641.7
0.0012947 1641.7
0.0012966 1641.7
0.0012985 1641.7
0.0013004 1641.7
0.0013023 1641.7
0.0013042 1641.7
0.001306 1641.7
0.0013079 1641.7
0.0013098 1641.7
0.0013117 1641.7
0.0013136 1641.7
0.0013155 1641.7
0.0013173 1641.7
0.0013192 1641.7
0.0013211 1641.7
0.001323 1641.7
0.0013249 1641.7
0.0013268 1641.7
0.0013287 1641.7
0.0013305 1641.7
0.0013324 1641.7
0.0013343 1641.7
0.0013362 1641.7
0.0013381 1641.7
0.00134 1641.7
0.0013418 1641.7
0.0013437 1641.7
0.0013456 1641.7
0.0013475 1641.7
0.0013494 1641.7
0.0013513 1641.7
0.0013532 1641.7
0.001355 1641.7
0.0013569 1641.7
0.0013588 1641.7
0.0013607 1641.7
0.0013626 1641.7
0.0013645 1641.7
0.0013663 1641.7
0.0013682 1641.7
0.0013701 1641.7
0.001372 1641.7
0.0013739 1641.7
0.0013758 1641.7
0.0013777 1641.7
0.0013795 1641.7
0.0013814 1641.7
0.0013833 1641.7
0.0013852 1641.7
0.0013871 1641.7
0.001389 1641.7
0.0013908 1641.7
0.0013927 1641.7
0.0013946 1641.7
0.0013965 1641.7
0.0013984 1641.7
0.0014003 1641.7
0.0014022 1641.7
0.001404 1641.7
0.0014059 1641.7
0.0014078 1641.7
0.0014097 1641.7
0.0014116 1641.7
0.0014135 1641.7
0.0014153 1641.7
0.0014172 1641.7
0.0014191 1641.7
0.001421 1641.7
0.0014229 1641.7
0.0014248 1641.7
0.0014267 1641.7
0.0014285 1641.7
0.0014304 1641.7
0.0014323 1641.7
0.0014342 1641.7
0.0014361 1641.7
0.001438 1641.7
0.0014398 1641.7
0.0014417 1641.7
0.0014436 1641.7
0.0014455 1641.7
0.0014474 1641.7
0.0014493 1641.7
0.0014512 1641.7
0.001453 1641.7
0.0014549 1641.7
0.0014568 1641.7
0.0014587 1641.7
0.0014606 1641.7
0.0014625 1641.7
0.0014643 1641.7
0.0014662 1641.7
0.0014681 1641.7
0.00147 1641.7
0.0014719 1641.7
0.0014738 1641.7
0.0014757 1641.7
0.0014775 1641.7
0.0014794 1641.7
0.0014813 1641.7
0.0014832 1641.7
0.0014851 1641.7
0.001487 1641.7
0.0014888 1641.7
0.0014907 1641.7
0.0014926 1641.7
0.0014945 1641.7
0.0014964 1641.7
0.0014983 1641.7
0.0015002 1641.7
0.001502 1641.7
0.0015039 1641.7
0.0015058 1641.7
0.0015077 1641.7
0.0015096 1641.7
0.0015115 1641.7
0.0015133 1641.7
0.0015152 1641.7
0.0015171 1641.7
0.001519 1641.7
0.0015209 1641.7
0.0015228 1641.7
0.0015247 1641.7
0.0015265 1641.7
0.0015284 1641.7
0.0015303 1641.7
0.0015322 1641.7
0.0015341 1641.7
0.001536 1641.7
0.0015378 1641.7
0.0015397 1641.7
0.0015416 1641.7
0.0015435 1641.7
0.0015454 1641.7
0.0015473 1641.7
0.0015492 1641.7
0.001551 1641.7
0.0015529 1641.7
0.0015548 1641.7
0.0015567 1641.7
0.0015586 1641.7
0.0015605 1641.7
0.0015623 1641.7
0.0015642 1641.7
0.0015661 1641.7
0.001568 1641.7
0.0015699 1641.7
0.0015718 1641.7
0.0015737 1641.7
0.0015755 1641.7
0.0015774 1641.7
0.0015793 1641.7
0.0015812 1641.7
0.0015831 1641.7
0.001585 1641.7
0.0015868 1641.7
0.0015887 1641.7
0.0015906 1641.7
0.0015925 1641.7
0.0015944 1641.7
0.0015963 1641.7
0.0015982 1641.7
0.0016 1641.7
0.0016019 1641.7
0.0016038 1641.7
0.0016057 1641.7
0.0016076 1641.7
0.0016095 1641.7
0.0016113 1641.7
0.0016132 1641.7
0.0016151 1641.7
0.001617 1641.7
0.0016189 1641.7
0.0016208 1641.7
0.0016227 1641.7
0.0016245 1641.7
0.0016264 1641.7
0.0016283 1641.7
0.0016302 1641.7
0.0016321 1641.7
0.001634 1641.7
0.0016358 1641.7
0.0016377 1641.7
0.0016396 1641.7
0.0016415 1641.7
0.0016434 1641.7
0.0016453 1641.7
0.0016472 1641.7
0.001649 1641.7
0.0016509 1641.7
0.0016528 1641.7
0.0016547 1641.7
0.0016566 1641.7
0.0016585 1641.7
0.0016603 1641.7
0.0016622 1641.7
0.0016641 1641.7
0.001666 1641.7
0.0016679 1641.7
0.0016698 1641.7
0.0016717 1641.7
0.0016735 1641.7
0.0016754 1641.7
0.0016773 1641.7
0.0016792 1641.7
0.0016811 1641.7
0.001683 1641.7
0.0016848 1641.7
0.0016867 1641.7
0.0016886 1641.7
0.0016905 1641.7
0.0016924 1641.7
0.0016943 1641.7
0.0016962 1641.7
0.001698 1641.7
0.0016999 1641.7
0.0017018 1641.7
0.0017037 1641.7
0.0017056 1641.7
0.0017075 1641.7
0.0017093 1641.7
0.0017112 1641.7
0.0017131 1641.7
0.001715 1641.7
0.0017169 1641.7
0.0017188 1641.7
0.0017207 1641.7
0.0017225 1641.7
0.0017244 1641.7
0.0017263 1641.7
0.0017282 1641.7
0.0017301 1641.7
0.001732 1641.7
0.0017338 1641.7
0.0017357 1641.7
0.0017376 1641.7
0.0017395 1641.7
0.0017414 1641.7
0.0017433 1641.7
0.0017452 1641.7
0.001747 1641.7
0.0017489 1641.7
0.0017508 1641.7
0.0017527 1641.7
0.0017546 1641.7
0.0017565 1641.7
0.0017583 1641.7
0.0017602 1641.7
0.0017621 1641.7
0.001764 1641.7
0.0017659 1641.7
0.0017678 1641.7
0.0017697 1641.7
0.0017715 1641.7
0.0017734 1641.7
0.0017753 1641.7
0.0017772 1641.7
0.0017791 1641.7
0.001781 1641.7
0.0017828 1641.7
0.0017847 1641.7
0.0017866 1641.7
0.0017885 1641.7
0.0017904 1641.7
0.0017923 1641.7
0.0017942 1641.7
0.001796 1641.7
0.0017979 1641.7
0.0017998 1641.7
0.0018017 1641.7
0.0018036 1641.7
0.0018055 1641.7
0.0018073 1641.7
0.0018092 1641.7
0.0018111 1641.7
0.001813 1641.7
0.0018149 1641.7
0.0018168 1641.7
0.0018187 1641.7
0.0018205 1641.7
0.0018224 1641.7
0.0018243 1641.7
0.0018262 1641.7
0.0018281 1641.7
0.00183 1641.7
0.0018318 1641.7
0.0018337 1641.7
0.0018356 1641.7
0.0018375 1641.7
0.0018394 1641.7
0.0018413 1641.7
0.0018432 1641.7
0.001845 1641.7
0.0018469 1641.7
0.0018488 1641.7
0.0018507 1641.7
0.0018526 1641.7
0.0018545 1641.7
0.0018563 1641.7
0.0018582 1641.7
0.0018601 1641.7
0.001862 1641.7
0.0018639 1641.7
0.0018658 1641.7
0.0018677 1641.7
0.0018695 1641.7
0.0018714 1641.7
0.0018733 1641.7
0.0018752 1641.7
0.0018771 1641.7
0.001879 1641.7
0.0018808 1641.7
0.0018827 1641.7
0.0018846 1641.7
0.0018865 1641.7
0.0018884 1641.7
0.0018903 1641.7
0.0018922 1641.7
0.001894 1641.7
0.0018959 1641.7
0.0018978 1641.7
0.0018997 1641.7
0.0019016 1641.7
0.0019035 1641.7
0.0019053 1641.7
0.0019072 1641.7
0.0019091 1641.7
0.001911 1641.7
0.0019129 1641.7
0.0019148 1641.7
0.0019167 1641.7
0.0019185 1641.7
0.0019204 1641.7
0.0019223 1641.7
0.0019242 1641.7
0.0019261 1641.7
0.001928 1641.7
0.0019298 1641.7
0.0019317 1641.7
0.0019336 1641.7
0.0019355 1641.7
0.0019374 1641.7
0.0019393 1641.7
0.0019412 1641.7
0.001943 1641.7
0.0019449 1641.7
0.0019468 1641.7
0.0019487 1641.7
0.0019506 1641.7
0.0019525 1641.7
0.0019543 1641.7
0.0019562 1641.7
0.0019581 1641.7
0.00196 1641.7
0.0019619 1641.7
0.0019638 1641.7
0.0019657 1641.7
0.0019675 1641.7
0.0019694 1641.7
0.0019713 1641.7
0.0019732 1641.7
0.0019751 1641.7
0.001977 1641.7
0.0019788 1641.7
0.0019807 1641.7
0.0019826 1641.7
0.0019845 1641.7
0.0019864 1641.7
0.0019883 1641.7
0.0019902 1641.7
0.001992 1641.7
0.0019939 1641.7
0.0019958 1641.7
0.0019977 1641.7
0.0019996 1641.7
0.0020015 1641.7
0.0020033 1641.7
0.0020052 1641.7
0.0020071 1641.7
0.002009 1641.7
0.0020109 1641.7
0.0020128 1641.7
0.0020147 1641.7
0.0020165 1641.7
0.0020184 1641.7
0.0020203 1641.7
0.0020222 1641.7
0.0020241 1641.7
0.002026 1641.7
0.0020278 1641.7
0.0020297 1641.7
0.0020316 1641.7
0.0020335 1641.7
0.0020354 1641.7
0.0020373 1641.7
0.0020392 1641.7
0.002041 1641.7
0.0020429 1641.7
0.0020448 1641.7
0.0020467 1641.7
0.0020486 1641.7
0.0020505 1641.7
0.0020523 1641.7
0.0020542 1641.7
0.0020561 1641.7
0.002058 1641.7
0.0020599 1641.7
0.0020618 1641.7
0.0020637 1641.7
0.0020655 1641.7
0.0020674 1641.7
0.0020693 1641.7
0.0020712 1641.7
0.0020731 1641.7
0.002075 1641.7
0.0020768 1641.7
0.0020787 1641.7
0.0020806 1641.7
0.0020825 1641.7
0.0020844 1641.7
0.0020863 1641.7
0.0020882 1641.7
0.00209 1641.7
0.0020919 1641.7
0.0020938 1641.7
0.0020957 1641.7
0.0020976 1641.7
0.0020995 1641.7
0.0021013 1641.7
0.0021032 1641.7
0.0021051 1641.7
0.002107 1641.7
0.0021089 1641.7
0.0021108 1641.7
0.0021127 1641.7
0.0021145 1641.7
0.0021164 1641.7
0.0021183 1641.7
0.0021202 1641.7
0.0021221 1641.7
0.002124 1641.7
0.0021258 1641.7
0.0021277 1641.7
0.0021296 1641.7
0.0021315 1641.7
0.0021334 1641.7
0.0021353 1641.7
0.0021372 1641.7
0.002139 1641.7
0.0021409 1641.7
0.0021428 1641.7
0.0021447 1641.7
0.0021466 1641.7
0.0021485 1641.7
0.0021503 1641.7
0.0021522 1641.7
0.0021541 1641.7
0.002156 1641.7
0.0021579 1641.7
0.0021598 1641.7
0.0021617 1641.7
0.0021635 1641.7
0.0021654 1641.7
0.0021673 1641.7
0.0021692 1641.7
0.0021711 1641.7
0.002173 1641.7
0.0021748 1641.7
0.0021767 1641.7
0.0021786 1641.7
0.0021805 1641.7
0.0021824 1641.7
0.0021843 1641.7
0.0021862 1641.7
0.002188 1641.7
0.0021899 1641.7
0.0021918 1641.7
0.0021937 1641.7
0.0021956 1641.7
0.0021975 1641.7
0.0021993 1641.7
0.0022012 1641.7
0.0022031 1641.7
0.002205 1641.7
0.0022069 1641.7
0.0022088 1641.7
0.0022107 1641.7
0.0022125 1641.7
0.0022144 1641.7
0.0022163 1641.7
0.0022182 1641.7
0.0022201 1641.7
0.002222 1641.7
0.0022238 1641.7
0.0022257 1641.7
0.0022276 1641.7
0.0022295 1641.7
0.0022314 1641.7
0.0022333 1641.7
0.0022352 1641.7
0.002237 1641.7
0.0022389 1641.7
0.0022408 1641.7
0.0022427 1641.7
0.0022446 1641.7
0.0022465 1641.7
0.0022483 1641.7
0.0022502 1641.7
0.0022521 1641.7
0.002254 1641.7
0.0022559 1641.7
0.0022578 1641.7
0.0022597 1641.7
0.0022615 1641.7
0.0022634 1641.7
0.0022653 1641.7
0.0022672 1641.7
0.0022691 1641.7
0.002271 1641.7
0.0022728 1641.7
0.0022747 1641.7
0.0022766 1641.7
0.0022785 1641.7
0.0022804 1641.7
0.0022823 1641.7
0.0022842 1641.7
0.002286 1641.7
0.0022879 1641.7
0.0022898 1641.7
0.0022917 1641.7
0.0022936 1641.7
0.0022955 1641.7
0.0022973 1641.7
0.0022992 1641.7
0.0023011 1641.7
0.002303 1641.7
0.0023049 1641.7
0.0023068 1641.7
0.0023087 1641.7
0.0023105 1641.7
0.0023124 1641.7
0.0023143 1641.7
0.0023162 1641.7
0.0023181 1641.7
0.00232 1641.7
0.0023218 1641.7
0.0023237 1641.7
0.0023256 1641.7
0.0023275 1641.7
0.0023294 1641.7
0.0023313 1641.7
0.0023332 1641.7
0.002335 1641.7
0.0023369 1641.7
0.0023388 1641.7
0.0023407 1641.7
0.0023426 1641.7
0.0023445 1641.7
0.0023463 1641.7
0.0023482 1641.7
0.0023501 1641.7
0.002352 1641.7
0.0023539 1641.7
0.0023558 1641.7
0.0023577 1641.7
0.0023595 1641.7
0.0023614 1641.7
0.0023633 1641.7
0.0023652 1641.7
0.0023671 1641.7
0.002369 1641.7
0.0023708 1641.7
0.0023727 1641.7
0.0023746 1641.7
0.0023765 1641.7
0.0023784 1641.7
0.0023803 1641.7
0.0023822 1641.7
0.002384 1641.7
0.0023859 1641.7
0.0023878 1641.7
0.0023897 1641.7
0.0023916 1641.7
0.0023935 1641.7
0.0023953 1641.7
0.0023972 1641.7
0.0023991 1641.7
0.002401 1641.7
0.0024029 1641.7
0.0024048 1641.7
0.0024067 1641.7
0.0024085 1641.7
0.0024104 1641.7
0.0024123 1641.7
0.0024142 1641.7
0.0024161 1641.7
0.002418 1641.7
0.0024198 1641.7
0.0024217 1641.7
0.0024236 1641.7
0.0024255 1641.7
0.0024274 1641.7
0.0024293 1641.7
0.0024312 1641.7
0.002433 1641.7
0.0024349 1641.7
0.0024368 1641.7
0.0024387 1641.7
0.0024406 1641.7
0.0024425 1641.7
0.0024443 1641.7
0.0024462 1641.7
0.0024481 1641.7
0.00245 1641.7
0.0024519 1641.7
0.0024538 1641.7
0.0024557 1641.7
0.0024575 1641.7
0.0024594 1641.7
0.0024613 1641.7
0.0024632 1641.7
0.0024651 1641.7
0.002467 1641.7
0.0024688 1641.7
0.0024707 1641.7
0.0024726 1641.7
0.0024745 1641.7
0.0024764 1641.7
0.0024783 1641.7
0.0024802 1641.7
0.002482 1641.7
0.0024839 1641.7
0.0024858 1641.7
0.0024877 1641.7
0.0024896 1641.7
0.0024915 1641.7
0.0024933 1641.7
0.0024952 1641.7
0.0024971 1641.7
0.002499 1641.7
0.0025009 1641.7
0.0025028 1641.7
0.0025047 1641.7
0.0025065 1641.7
0.0025084 1641.7
0.0025103 1641.7
0.0025122 1641.7
0.0025141 1641.7
0.002516 1641.7
0.0025178 1641.7
0.0025197 1641.7
0.0025216 1641.7
0.0025235 1641.7
0.0025254 1641.7
0.0025273 1641.7
0.0025292 1641.7
0.002531 1641.7
0.0025329 1641.7
0.0025348 1641.7
0.0025367 1641.7
0.0025386 1641.7
0.0025405 1641.7
0.0025423 1641.7
0.0025442 1641.7
0.0025461 1641.7
0.002548 1641.7
0.0025499 1641.7
0.0025518 1641.7
0.0025537 1641.7
0.0025555 1641.7
0.0025574 1641.7
0.0025593 1641.7
0.0025612 1641.7
0.0025631 1641.7
0.002565 1641.7
0.0025668 1641.7
0.0025687 1641.7
0.0025706 1641.7
0.0025725 1641.7
0.0025744 1641.7
0.0025763 1641.7
0.0025782 1641.7
0.00258 1641.7
0.0025819 1641.7
0.0025838 1641.7
0.0025857 1641.7
0.0025876 1641.7
0.0025895 1641.7
0.0025913 1641.7
0.0025932 1641.7
0.0025951 1641.7
0.002597 1641.7
0.0025989 1641.7
0.0026008 1641.7
0.0026027 1641.7
0.0026045 1641.7
0.0026064 1641.7
0.0026083 1641.7
0.0026102 1641.7
0.0026121 1641.7
0.002614 1641.7
0.0026158 1641.7
0.0026177 1641.7
0.0026196 1641.7
0.0026215 1641.7
0.0026234 1641.7
0.0026253 1641.7
0.0026272 1641.7
0.002629 1641.7
0.0026309 1641.7
0.0026328 1641.7
0.0026347 1641.7
0.0026366 1641.7
0.0026385 1641.7
0.0026403 1641.7
0.0026422 1641.7
0.0026441 1641.7
0.002646 1641.7
0.0026479 1641.7
0.0026498 1641.7
0.0026517 1641.7
0.0026535 1641.7
0.0026554 1641.7
0.0026573 1641.7
0.0026592 1641.7
0.0026611 1641.7
0.002663 1641.7
0.0026648 1641.7
0.0026667 1641.7
0.0026686 1641.7
0.0026705 1641.7
0.0026724 1641.7
0.0026743 1641.7
0.0026762 1641.7
0.002678 1641.7
0.0026799 1641.7
0.0026818 1641.7
0.0026837 1641.7
0.0026856 1641.7
0.0026875 1641.7
0.0026893 1641.7
0.0026912 1641.7
0.0026931 1641.7
0.002695 1641.7
0.0026969 1641.7
0.0026988 1641.7
0.0027007 1641.7
0.0027025 1641.7
0.0027044 1641.7
0.0027063 1641.7
0.0027082 1641.7
0.0027101 1641.7
0.002712 1641.7
0.0027138 1641.7
0.0027157 1641.7
0.0027176 1641.7
0.0027195 1641.7
0.0027214 1641.7
0.0027233 1641.7
0.0027252 1641.7
0.002727 1641.7
0.0027289 1641.7
0.0027308 1641.7
0.0027327 1641.7
0.0027346 1641.7
0.0027365 1641.7
0.0027383 1641.7
0.0027402 1641.7
0.0027421 1641.7
0.002744 1641.7
0.0027459 1641.7
0.0027478 1641.7
0.0027497 1641.7
0.0027515 1641.7
0.0027534 1641.7
0.0027553 1641.7
0.0027572 1641.7
0.0027591 1641.7
0.002761 1641.7
0.0027628 1641.7
0.0027647 1641.7
0.0027666 1641.7
0.0027685 1641.7
0.0027704 1641.7
0.0027723 1641.7
0.0027742 1641.7
0.002776 1641.7
0.0027779 1641.7
0.0027798 1641.7
0.0027817 1641.7
0.0027836 1641.7
0.0027855 1641.7
0.0027873 1641.7
0.0027892 1641.7
0.0027911 1641.7
0.002793 1641.7
0.0027949 1641.7
0.0027968 1641.7
0.0027987 1641.7
0.0028005 1641.7
0.0028024 1641.7
0.0028043 1641.7
0.0028062 1641.7
0.0028081 1641.7
0.00281 1641.7
0.0028118 1641.7
0.0028137 1641.7
0.0028156 1641.7
0.0028175 1641.7
0.0028194 1641.7
0.0028213 1641.7
0.0028232 1641.7
0.002825 1641.7
0.0028269 1641.7
0.0028288 1641.7
0.0028307 1641.7
0.0028326 1641.7
0.0028345 1641.7
0.0028363 1641.7
0.0028382 1641.7
0.0028401 1641.7
0.002842 1641.7
0.0028439 1641.7
0.0028458 1641.7
0.0028477 1641.7
0.0028495 1641.7
0.0028514 1641.7
0.0028533 1641.7
0.0028552 1641.7
0.0028571 1641.7
0.002859 1641.7
0.0028608 1641.7
0.0028627 1641.7
0.0028646 1641.7
0.0028665 1641.7
0.0028684 1641.7
0.0028703 1641.7
0.0028722 1641.7
0.002874 1641.7
0.0028759 1641.7
0.0028778 1641.7
0.0028797 1641.7
0.0028816 1641.7
0.0028835 1641.7
0.0028853 1641.7
0.0028872 1641.7
0.0028891 1641.7
0.002891 1641.7
0.0028929 1641.7
0.0028948 1641.7
0.0028967 1641.7
0.0028985 1641.7
0.0029004 1641.7
0.0029023 1641.7
0.0029042 1641.7
0.0029061 1641.7
0.002908 1641.7
0.0029098 1641.7
0.0029117 1641.7
0.0029136 1641.7
0.0029155 1641.7
0.0029174 1641.7
0.0029193 1641.7
0.0029212 1641.7
0.002923 1641.7
0.0029249 1641.7
0.0029268 1641.7
0.0029287 1641.7
0.0029306 1641.7
0.0029325 1641.7
0.0029343 1641.7
0.0029362 1641.7
0.0029381 1641.7
0.00294 1641.7
0.0029419 1641.7
0.0029438 1641.7
0.0029457 1641.7
0.0029475 1641.7
0.0029494 1641.7
0.0029513 1641.7
0.0029532 1641.7
0.0029551 1641.7
0.002957 1641.7
0.0029588 1641.7
0.0029607 1641.7
0.0029626 1641.7
0.0029645 1641.7
0.0029664 1641.7
0.0029683 1641.7
0.0029702 1641.7
0.002972 1641.7
0.0029739 1641.7
0.0029758 1641.7
0.0029777 1641.7
0.0029796 1641.7
0.0029815 1641.7
0.0029833 1641.7
0.0029852 1641.7
0.0029871 1641.7
0.002989 1641.7
0.0029909 1641.7
0.0029928 1641.7
0.0029947 1641.7
0.0029965 1641.7
0.0029984 1641.7
0.0030003 1641.7
0.0030022 1641.7
0.0030041 1641.7
0.003006 1641.7
0.0030078 1641.7
0.0030097 1641.7
0.0030116 1641.7
0.0030135 1641.7
0.0030154 1641.7
0.0030173 1641.7
0.0030192 1641.7
0.003021 1641.7
0.0030229 1641.7
0.0030248 1641.7
0.0030267 1641.7
0.0030286 1641.7
0.0030305 1641.7
0.0030323 1641.7
0.0030342 1641.7
0.0030361 1641.7
0.003038 1641.7
0.0030399 1641.7
0.0030418 1641.7
0.0030437 1641.7
0.0030455 1641.7
0.0030474 1641.7
0.0030493 1641.7
0.0030512 1641.7
0.0030531 1641.7
0.003055 1641.7
0.0030568 1641.7
0.0030587 1641.7
0.0030606 1641.7
0.0030625 1641.7
0.0030644 1641.7
0.0030663 1641.7
0.0030682 1641.7
0.00307 1641.7
0.0030719 1641.7
0.0030738 1641.7
0.0030757 1641.7
0.0030776 1641.7
0.0030795 1641.7
0.0030813 1641.7
0.0030832 1641.7
0.0030851 1641.7
0.003087 1641.7
0.0030889 1641.7
0.0030908 1641.7
0.0030927 1641.7
0.0030945 1641.7
0.0030964 1641.7
0.0030983 1641.7
0.0031002 1641.7
0.0031021 1641.7
0.003104 1641.7
0.0031058 1641.7
0.0031077 1641.7
0.0031096 1641.7
0.0031115 1641.7
0.0031134 1641.7
0.0031153 1641.7
0.0031172 1641.7
0.003119 1641.7
0.0031209 1641.7
0.0031228 1641.7
0.0031247 1641.7
0.0031266 1641.7
0.0031285 1641.7
0.0031303 1641.7
0.0031322 1641.7
0.0031341 1641.7
0.003136 1641.7
0.0031379 1641.7
0.0031398 1641.7
0.0031417 1641.7
0.0031435 1641.7
0.0031454 1641.7
0.0031473 1641.7
0.0031492 1641.7
0.0031511 1641.7
0.003153 1641.7
0.0031548 1641.7
0.0031567 1641.7
0.0031586 1641.7
0.0031605 1641.7
0.0031624 1641.7
0.0031643 1641.7
0.0031662 1641.7
0.003168 1641.7
0.0031699 1641.7
0.0031718 1641.7
0.0031737 1641.7
0.0031756 1641.7
0.0031775 1641.7
0.0031793 1641.7
0.0031812 1641.7
0.0031831 1641.7
0.003185 1641.7
0.0031869 1641.7
0.0031888 1641.7
0.0031907 1641.7
0.0031925 1641.7
0.0031944 1641.7
0.0031963 1641.7
0.0031982 1641.7
0.0032001 1641.7
0.003202 1641.7
0.0032038 1641.7
0.0032057 1641.7
0.0032076 1641.7
0.0032095 1641.7
0.0032114 1641.7
0.0032133 1641.7
0.0032152 1641.7
0.003217 1641.7
0.0032189 1641.7
0.0032208 1641.7
0.0032227 1641.7
0.0032246 1641.7
0.0032265 1641.7
0.0032283 1641.7
0.0032302 1641.7
0.0032321 1641.7
0.003234 1641.7
0.0032359 1641.7
0.0032378 1641.7
0.0032397 1641.7
0.0032415 1641.7
0.0032434 1641.7
0.0032453 1641.7
0.0032472 1641.7
0.0032491 1641.7
0.003251 1641.7
0.0032528 1641.7
0.0032547 1641.7
0.0032566 1641.7
0.0032585 1641.7
0.0032604 1641.7
0.0032623 1641.7
0.0032642 1641.7
0.003266 1641.7
0.0032679 1641.7
0.0032698 1641.7
0.0032717 1641.7
0.0032736 1641.7
0.0032755 1641.7
0.0032773 1641.7
0.0032792 1641.7
0.0032811 1641.7
0.003283 1641.7
0.0032849 1641.7
0.0032868 1641.7
0.0032887 1641.7
0.0032905 1641.7
0.0032924 1641.7
0.0032943 1641.7
0.0032962 1641.7
0.0032981 1641.7
0.0033 1641.7
0.0033018 1641.7
0.0033037 1641.7
0.0033056 1641.7
0.0033075 1641.7
0.0033094 1641.7
0.0033113 1641.7
0.0033132 1641.7
0.003315 1641.7
0.0033169 1641.7
0.0033188 1641.7
0.0033207 1641.7
0.0033226 1641.7
0.0033245 1641.7
0.0033263 1641.7
0.0033282 1641.7
0.0033301 1641.7
0.003332 1641.7
0.0033339 1641.7
0.0033358 1641.7
0.0033377 1641.7
0.0033395 1641.7
0.0033414 1641.7
0.0033433 1641.7
0.0033452 1641.7
0.0033471 1641.7
0.003349 1641.7
0.0033508 1641.7
0.0033527 1641.7
0.0033546 1641.7
0.0033565 1641.7
0.0033584 1641.7
0.0033603 1641.7
0.0033622 1641.7
0.003364 1641.7
0.0033659 1641.7
0.0033678 1641.7
0.0033697 1641.7
0.0033716 1641.7
0.0033735 1641.7
0.0033753 1641.7
0.0033772 1641.7
0.0033791 1641.7
0.003381 1641.7
0.0033829 1641.7
0.0033848 1641.7
0.0033867 1641.7
0.0033885 1641.7
0.0033904 1641.7
0.0033923 1641.7
0.0033942 1641.7
0.0033961 1641.7
0.003398 1641.7
0.0033998 1641.7
0.0034017 1641.7
0.0034036 1641.7
0.0034055 1641.7
0.0034074 1641.7
0.0034093 1641.7
0.0034112 1641.7
0.003413 1641.7
0.0034149 1641.7
0.0034168 1641.7
0.0034187 1641.7
0.0034206 1641.7
0.0034225 1641.7
0.0034243 1641.7
0.0034262 1641.7
0.0034281 1641.7
0.00343 1641.7
0.0034319 1641.7
0.0034338 1641.7
0.0034357 1641.7
0.0034375 1641.7
0.0034394 1641.7
0.0034413 1641.7
0.0034432 1641.7
0.0034451 1641.7
0.003447 1641.7
0.0034488 1641.7
0.0034507 1641.7
0.0034526 1641.7
0.0034545 1641.7
0.0034564 1641.7
0.0034583 1641.7
0.0034602 1641.7
0.003462 1641.7
0.0034639 1641.7
0.0034658 1641.7
0.0034677 1641.7
0.0034696 1641.7
0.0034715 1641.7
0.0034733 1641.7
0.0034752 1641.7
0.0034771 1641.7
0.003479 1641.7
0.0034809 1641.7
0.0034828 1641.7
0.0034847 1641.7
0.0034865 1641.7
0.0034884 1641.7
0.0034903 1641.7
0.0034922 1641.7
0.0034941 1641.7
0.003496 1641.7
0.0034978 1641.7
0.0034997 1641.7
0.0035016 1641.7
0.0035035 1641.7
0.0035054 1641.7
0.0035073 1641.7
0.0035092 1641.7
0.003511 1641.7
0.0035129 1641.7
0.0035148 1641.7
0.0035167 1641.7
0.0035186 1641.7
0.0035205 1641.7
0.0035223 1641.7
0.0035242 1641.7
0.0035261 1641.7
0.003528 1641.7
0.0035299 1641.7
0.0035318 1641.7
0.0035337 1641.7
0.0035355 1641.7
0.0035374 1641.7
0.0035393 1641.7
0.0035412 1641.7
0.0035431 1641.7
0.003545 1641.7
0.0035468 1641.7
0.0035487 1641.7
0.0035506 1641.7
0.0035525 1641.7
0.0035544 1641.7
0.0035563 1641.7
0.0035582 1641.7
0.00356 1641.7
0.0035619 1641.7
0.0035638 1641.7
0.0035657 1641.7
0.0035676 1641.7
0.0035695 1641.7
0.0035713 1641.7
0.0035732 1641.7
0.0035751 1641.7
0.003577 1641.7
0.0035789 1641.7
0.0035808 1641.7
0.0035827 1641.7
0.0035845 1641.7
0.0035864 1641.7
0.0035883 1641.7
0.0035902 1641.7
0.0035921 1641.7
0.003594 1641.7
0.0035958 1641.7
0.0035977 1641.7
0.0035996 1641.7
0.0036015 1641.7
0.0036034 1641.7
0.0036053 1641.7
0.0036072 1641.7
0.003609 1641.7
0.0036109 1641.7
0.0036128 1641.7
0.0036147 1641.7
0.0036166 1641.7
0.0036185 1641.7
0.0036203 1641.7
0.0036222 1641.7
0.0036241 1641.7
0.003626 1641.7
0.0036279 1641.7
0.0036298 1641.7
0.0036317 1641.7
0.0036335 1641.7
0.0036354 1641.7
0.0036373 1641.7
0.0036392 1641.7
0.0036411 1641.7
0.003643 1641.7
0.0036448 1641.7
0.0036467 1641.7
0.0036486 1641.7
0.0036505 1641.7
0.0036524 1641.7
0.0036543 1641.7
0.0036562 1641.7
0.003658 1641.7
0.0036599 1641.7
0.0036618 1641.7
0.0036637 1641.7
0.0036656 1641.7
0.0036675 1641.7
0.0036693 1641.7
0.0036712 1641.7
0.0036731 1641.7
0.003675 1641.7
0.0036769 1641.7
0.0036788 1641.7
0.0036807 1641.7
0.0036825 1641.7
0.0036844 1641.7
0.0036863 1641.7
0.0036882 1641.7
0.0036901 1641.7
0.003692 1641.7
0.0036938 1641.7
0.0036957 1641.7
0.0036976 1641.7
0.0036995 1641.7
0.0037014 1641.7
0.0037033 1641.7
0.0037052 1641.7
0.003707 1641.7
0.0037089 1641.7
0.0037108 1641.7
0.0037127 1641.7
0.0037146 1641.7
0.0037165 1641.7
0.0037183 1641.7
0.0037202 1641.7
0.0037221 1641.7
0.003724 1641.7
0.0037259 1641.7
0.0037278 1641.7
0.0037297 1641.7
0.0037315 1641.7
0.0037334 1641.7
0.0037353 1641.7
0.0037372 1641.7
0.0037391 1641.7
0.003741 1641.7
0.0037428 1641.7
0.0037447 1641.7
0.0037466 1641.7
0.0037485 1641.7
0.0037504 1641.7
0.0037523 1641.7
0.0037542 1641.7
0.003756 1641.7
0.0037579 1641.7
0.0037598 1641.7
0.0037617 1641.7
0.0037636 1641.7
0.0037655 1641.7
0.0037673 1641.7
0.0037692 1641.7
0.0037711 1641.7
0.003773 1641.7
0.0037749 1641.7
0.0037768 1641.7
0.0037787 1641.7
0.0037805 1641.7
0.0037824 1641.7
0.0037843 1641.7
0.0037862 1641.7
0.0037881 1641.7
0.00379 1641.7
0.0037918 1641.7
0.0037937 1641.7
0.0037956 1641.7
0.0037975 1641.7
0.0037994 1641.7
0.0038013 1641.7
0.0038032 1641.7
0.003805 1641.7
0.0038069 1641.7
0.0038088 1641.7
0.0038107 1641.7
0.0038126 1641.7
0.0038145 1641.7
0.0038163 1641.7
0.0038182 1641.7
0.0038201 1641.7
0.003822 1641.7
0.0038239 1641.7
0.0038258 1641.7
0.0038277 1641.7
0.0038295 1641.7
0.0038314 1641.7
0.0038333 1641.7
0.0038352 1641.7
0.0038371 1641.7
0.003839 1641.7
0.0038408 1641.7
0.0038427 1641.7
0.0038446 1641.7
0.0038465 1641.7
0.0038484 1641.7
0.0038503 1641.7
0.0038522 1641.7
0.003854 1641.7
0.0038559 1641.7
0.0038578 1641.7
0.0038597 1641.7
0.0038616 1641.7
0.0038635 1641.7
0.0038653 1641.7
0.0038672 1641.7
0.0038691 1641.7
0.003871 1641.7
0.0038729 1641.7
0.0038748 1641.7
0.0038767 1641.7
0.0038785 1641.7
0.0038804 1641.7
0.0038823 1641.7
0.0038842 1641.7
0.0038861 1641.7
0.003888 1641.7
0.0038898 1641.7
0.0038917 1641.7
0.0038936 1641.7
0.0038955 1641.7
0.0038974 1641.7
0.0038993 1641.7
0.0039012 1641.7
0.003903 1641.7
0.0039049 1641.7
0.0039068 1641.7
0.0039087 1641.7
0.0039106 1641.7
0.0039125 1641.7
0.0039143 1641.7
0.0039162 1641.7
0.0039181 1641.7
0.00392 1641.7
0.0039219 1641.7
0.0039238 1641.7
0.0039257 1641.7
0.0039275 1641.7
0.0039294 1641.7
0.0039313 1641.7
0.0039332 1641.7
0.0039351 1641.7
0.003937 1641.7
0.0039388 1641.7
0.0039407 1641.7
0.0039426 1641.7
0.0039445 1641.7
0.0039464 1641.7
0.0039483 1641.7
0.0039502 1641.7
0.003952 1641.7
0.0039539 1641.7
0.0039558 1641.7
0.0039577 1641.7
0.0039596 1641.7
0.0039615 1641.7
0.0039633 1641.7
0.0039652 1641.7
0.0039671 1641.7
0.003969 1641.7
0.0039709 1641.7
0.0039728 1641.7
0.0039747 1641.7
0.0039765 1641.7
0.0039784 1641.7
0.0039803 1641.7
0.0039822 1641.7
0.0039841 1641.7
0.003986 1641.7
0.0039878 1641.7
0.0039897 1641.7
0.0039916 1641.7
0.0039935 1641.7
0.0039954 1641.7
0.0039973 1641.7
0.0039992 1641.7
0.004001 1641.7
0.0040029 1641.7
0.0040048 1641.7
0.0040067 1641.7
0.0040086 1641.7
0.0040105 1641.7
0.0040123 1641.7
0.0040142 1641.7
0.0040161 1641.7
0.004018 1641.7
0.0040199 1641.7
0.0040218 1641.7
0.0040237 1641.7
0.0040255 1641.7
0.0040274 1641.7
0.0040293 1641.7
0.0040312 1641.7
0.0040331 1641.7
0.004035 1641.7
0.0040368 1641.7
0.0040387 1641.7
0.0040406 1641.7
0.0040425 1641.7
0.0040444 1641.7
0.0040463 1641.7
0.0040482 1641.7
0.00405 1641.7
0.0040519 1641.7
0.0040538 1641.7
0.0040557 1641.7
0.0040576 1641.7
0.0040595 1641.7
0.0040613 1641.7
0.0040632 1641.7
0.0040651 1641.7
0.004067 1641.7
0.0040689 1641.7
0.0040708 1641.7
0.0040727 1641.7
0.0040745 1641.7
0.0040764 1641.7
0.0040783 1641.7
0.0040802 1641.7
0.0040821 1641.7
0.004084 1641.7
0.0040858 1641.7
0.0040877 1641.7
0.0040896 1641.7
0.0040915 1641.7
0.0040934 1641.7
0.0040953 1641.7
0.0040972 1641.7
0.004099 1641.7
0.0041009 1641.7
0.0041028 1641.7
0.0041047 1641.7
0.0041066 1641.7
0.0041085 1641.7
0.0041103 1641.7
0.0041122 1641.7
0.0041141 1641.7
0.004116 1641.7
0.0041179 1641.7
0.0041198 1641.7
0.0041217 1641.7
0.0041235 1641.7
0.0041254 1641.7
0.0041273 1641.7
0.0041292 1641.7
0.0041311 1641.7
0.004133 1641.7
0.0041348 1641.7
0.0041367 1641.7
0.0041386 1641.7
0.0041405 1641.7
0.0041424 1641.7
0.0041443 1641.7
0.0041462 1641.7
0.004148 1641.7
0.0041499 1641.7
0.0041518 1641.7
0.0041537 1641.7
0.0041556 1641.7
0.0041575 1641.7
0.0041593 1641.7
0.0041612 1641.7
0.0041631 1641.7
0.004165 1641.7
0.0041669 1641.7
0.0041688 1641.7
0.0041707 1641.7
0.0041725 1641.7
0.0041744 1641.7
0.0041763 1641.7
0.0041782 1641.7
0.0041801 1641.7
0.004182 1641.7
0.0041838 1641.7
0.0041857 1641.7
0.0041876 1641.7
0.0041895 1641.7
0.0041914 1641.7
0.0041933 1641.7
0.0041952 1641.7
0.004197 1641.7
0.0041989 1641.7
0.0042008 1641.7
0.0042027 1641.7
0.0042046 1641.7
0.0042065 1641.7
0.0042083 1641.7
0.0042102 1641.7
0.0042121 1641.7
0.004214 1641.7
0.0042159 1641.7
0.0042178 1641.7
0.0042197 1641.7
0.0042215 1641.7
0.0042234 1641.7
0.0042253 1641.7
0.0042272 1641.7
0.0042291 1641.7
0.004231 1641.7
0.0042328 1641.7
0.0042347 1641.7
0.0042366 1641.7
0.0042385 1641.7
0.0042404 1641.7
0.0042423 1641.7
0.0042442 1641.7
0.004246 1641.7
0.0042479 1641.7
0.0042498 1641.7
0.0042517 1641.7
0.0042536 1641.7
0.0042555 1641.7
0.0042573 1641.7
0.0042592 1641.7
0.0042611 1641.7
0.004263 1641.7
0.0042649 1641.7
0.0042668 1641.7
0.0042687 1641.7
0.0042705 1641.7
0.0042724 1641.7
0.0042743 1641.7
0.0042762 1641.7
0.0042781 1641.7
0.00428 1641.7
0.0042818 1641.7
0.0042837 1641.7
0.0042856 1641.7
0.0042875 1641.7
0.0042894 1641.7
0.0042913 1641.7
0.0042932 1641.7
0.004295 1641.7
0.0042969 1641.7
0.0042988 1641.7
0.0043007 1641.7
0.0043026 1641.7
0.0043045 1641.7
0.0043063 1641.7
0.0043082 1641.7
0.0043101 1641.7
0.004312 1641.7
0.0043139 1641.7
0.0043158 1641.7
0.0043177 1641.7
0.0043195 1641.7
0.0043214 1641.7
0.0043233 1641.7
0.0043252 1641.7
0.0043271 1641.7
0.004329 1641.7
0.0043308 1641.7
0.0043327 1641.7
0.0043346 1641.7
0.0043365 1641.7
0.0043384 1641.7
0.0043403 1641.7
0.0043422 1641.7
0.004344 1641.7
0.0043459 1641.7
0.0043478 1641.7
0.0043497 1641.7
0.0043516 1641.7
0.0043535 1641.7
0.0043553 1641.7
0.0043572 1641.7
0.0043591 1641.7
0.004361 1641.7
0.0043629 1641.7
0.0043648 1641.7
0.0043667 1641.7
0.0043685 1641.7
0.0043704 1641.7
0.0043723 1641.7
0.0043742 1641.7
0.0043761 1641.7
0.004378 1641.7
0.0043798 1641.7
0.0043817 1641.7
0.0043836 1641.7
0.0043855 1641.7
0.0043874 1641.7
0.0043893 1641.7
0.0043912 1641.7
0.004393 1641.7
0.0043949 1641.7
0.0043968 1641.7
0.0043987 1641.7
0.0044006 1641.7
0.0044025 1641.7
0.0044043 1641.7
0.0044062 1641.7
0.0044081 1641.7
0.00441 1641.7
0.0044119 1641.7
0.0044138 1641.7
0.0044157 1641.7
0.0044175 1641.7
0.0044194 1641.7
0.0044213 1641.7
0.0044232 1641.7
0.0044251 1641.7
0.004427 1641.7
0.0044288 1641.7
0.0044307 1641.7
0.0044326 1641.7
0.0044345 1641.7
0.0044364 1641.7
0.0044383 1641.7
0.0044402 1641.7
0.004442 1641.7
0.0044439 1641.7
0.0044458 1641.7
0.0044477 1641.7
0.0044496 1641.7
0.0044515 1641.7
0.0044533 1641.7
0.0044552 1641.7
0.0044571 1641.7
0.004459 1641.7
0.0044609 1641.7
0.0044628 1641.7
0.0044647 1641.7
0.0044665 1641.7
0.0044684 1641.7
0.0044703 1641.7
0.0044722 1641.7
0.0044741 1641.7
0.004476 1641.7
0.0044778 1641.7
0.0044797 1641.7
0.0044816 1641.7
0.0044835 1641.7
0.0044854 1641.7
0.0044873 1641.7
0.0044892 1641.7
0.004491 1641.7
0.0044929 1641.7
0.0044948 1641.7
0.0044967 1641.7
0.0044986 1641.7
0.0045005 1641.7
0.0045023 1641.7
0.0045042 1641.7
0.0045061 1641.7
0.004508 1641.7
0.0045099 1641.7
0.0045118 1641.7
0.0045137 1641.7
0.0045155 1641.7
0.0045174 1641.7
0.0045193 1641.7
0.0045212 1641.7
0.0045231 1641.7
0.004525 1641.7
0.0045268 1641.7
0.0045287 1641.7
0.0045306 1641.7
0.0045325 1641.7
0.0045344 1641.7
0.0045363 1641.7
0.0045382 1641.7
0.00454 1641.7
0.0045419 1641.7
0.0045438 1641.7
0.0045457 1641.7
0.0045476 1641.7
0.0045495 1641.7
0.0045513 1641.7
0.0045532 1641.7
0.0045551 1641.7
0.004557 1641.7
0.0045589 1641.7
0.0045608 1641.7
0.0045627 1641.7
0.0045645 1641.7
0.0045664 1641.7
0.0045683 1641.7
0.0045702 1641.7
0.0045721 1641.7
0.004574 1641.7
0.0045758 1641.7
0.0045777 1641.7
0.0045796 1641.7
0.0045815 1641.7
0.0045834 1641.7
0.0045853 1641.7
0.0045872 1641.7
0.004589 1641.7
0.0045909 1641.7
0.0045928 1641.7
0.0045947 1641.7
0.0045966 1641.7
0.0045985 1641.7
0.0046003 1641.7
0.0046022 1641.7
0.0046041 1641.7
0.004606 1641.7
0.0046079 1641.7
0.0046098 1641.7
0.0046117 1641.7
0.0046135 1641.7
0.0046154 1641.7
0.0046173 1641.7
0.0046192 1641.7
0.0046211 1641.7
0.004623 1641.7
0.0046248 1641.7
0.0046267 1641.7
0.0046286 1641.7
0.0046305 1641.7
0.0046324 1641.7
0.0046343 1641.7
0.0046362 1641.7
0.004638 1641.7
0.0046399 1641.7
0.0046418 1641.7
0.0046437 1641.7
0.0046456 1641.7
0.0046475 1641.7
0.0046493 1641.7
0.0046512 1641.7
0.0046531 1641.7
0.004655 1641.7
0.0046569 1641.7
0.0046588 1641.7
0.0046607 1641.7
0.0046625 1641.7
0.0046644 1641.7
0.0046663 1641.7
0.0046682 1641.7
0.0046701 1641.7
0.004672 1641.7
0.0046738 1641.7
0.0046757 1641.7
0.0046776 1641.7
0.0046795 1641.7
0.0046814 1641.7
0.0046833 1641.7
0.0046852 1641.7
0.004687 1641.7
0.0046889 1641.7
0.0046908 1641.7
0.0046927 1641.7
0.0046946 1641.7
0.0046965 1641.7
0.0046983 1641.7
0.0047002 1641.7
0.0047021 1641.7
0.004704 1641.7
0.0047059 1641.7
0.0047078 1641.7
0.0047097 1641.7
0.0047115 1641.7
0.0047134 1641.7
0.0047153 1641.7
0.0047172 1641.7
0.0047191 1641.7
0.004721 1641.7
0.0047228 1641.7
0.0047247 1641.7
0.0047266 1641.7
0.0047285 1641.7
0.0047304 1641.7
0.0047323 1641.7
0.0047342 1641.7
0.004736 1641.7
0.0047379 1641.7
0.0047398 1641.7
0.0047417 1641.7
0.0047436 1641.7
0.0047455 1641.7
0.0047473 1641.7
0.0047492 1641.7
0.0047511 1641.7
0.004753 1641.7
0.0047549 1641.7
0.0047568 1641.7
0.0047587 1641.7
0.0047605 1641.7
0.0047624 1641.7
0.0047643 1641.7
0.0047662 1641.7
0.0047681 1641.7
0.00477 1641.7
0.0047718 1641.7
0.0047737 1641.7
0.0047756 1641.7
0.0047775 1641.7
0.0047794 1641.7
0.0047813 1641.7
0.0047832 1641.7
0.004785 1641.7
0.0047869 1641.7
0.0047888 1641.7
0.0047907 1641.7
0.0047926 1641.7
0.0047945 1641.7
0.0047963 1641.7
0.0047982 1641.7
0.0048001 1641.7
0.004802 1641.7
0.0048039 1641.7
0.0048058 1641.7
0.0048077 1641.7
0.0048095 1641.7
0.0048114 1641.7
0.0048133 1641.7
0.0048152 1641.7
0.0048171 1641.7
0.004819 1641.7
0.0048208 1641.7
0.0048227 1641.7
0.0048246 1641.7
0.0048265 1641.7
0.0048284 1641.7
0.0048303 1641.7
0.0048322 1641.7
0.004834 1641.7
0.0048359 1641.7
0.0048378 1641.7
0.0048397 1641.7
0.0048416 1641.7
0.0048435 1641.7
0.0048453 1641.7
0.0048472 1641.7
0.0048491 1641.7
0.004851 1641.7
0.0048529 1641.7
0.0048548 1641.7
0.0048567 1641.7
0.0048585 1641.7
0.0048604 1641.7
0.0048623 1641.7
0.0048642 1641.7
0.0048661 1641.7
0.004868 1641.7
0.0048698 1641.7
0.0048717 1641.7
0.0048736 1641.7
0.0048755 1641.7
0.0048774 1641.7
0.0048793 1641.7
0.0048812 1641.7
0.004883 1641.7
0.0048849 1641.7
0.0048868 1641.7
0.0048887 1641.7
0.0048906 1641.7
0.0048925 1641.7
0.0048943 1641.7
0.0048962 1641.7
0.0048981 1641.7
0.0049 1641.7
0.0049019 1641.7
0.0049038 1641.7
0.0049057 1641.7
0.0049075 1641.7
0.0049094 1641.7
0.0049113 1641.7
0.0049132 1641.7
0.0049151 1641.7
0.004917 1641.7
0.0049188 1641.7
0.0049207 1641.7
0.0049226 1641.7
0.0049245 1641.7
0.0049264 1641.7
0.0049283 1641.7
0.0049302 1641.7
0.004932 1641.7
0.0049339 1641.7
0.0049358 1641.7
0.0049377 1641.7
0.0049396 1641.7
0.0049415 1641.7
0.0049433 1641.7
0.0049452 1641.7
0.0049471 1641.7
0.004949 1641.7
0.0049509 1641.7
0.0049528 1641.7
0.0049547 1641.7
0.0049565 1641.7
0.0049584 1641.7
0.0049603 1641.7
0.0049622 1641.7
0.0049641 1641.7
0.004966 1641.7
0.0049678 1641.7
0.0049697 1641.7
0.0049716 1641.7
0.0049735 1641.7
0.0049754 1641.7
0.0049773 1641.7
0.0049792 1641.7
0.004981 1641.7
0.0049829 1641.7
0.0049848 1641.7
0.0049867 1641.7
0.0049886 1641.7
0.0049905 1641.7
0.0049923 1641.7
0.0049942 1641.7
0.0049961 1641.7
0.004998 1641.7
0.0049999 1641.7
0.0050018 1641.7
0.0050037 1641.7
0.0050055 1641.7
0.0050074 1641.7
0.0050093 1641.7
0.0050112 1641.7
0.0050131 1641.7
0.005015 1641.7
0.0050168 1641.7
0.0050187 1641.7
0.0050206 1641.7
0.0050225 1641.7
0.0050244 1641.7
0.0050263 1641.7
0.0050282 1641.7
0.00503 1641.7
0.0050319 1641.7
0.0050338 1641.7
0.0050357 1641.7
0.0050376 1641.7
0.0050395 1641.7
0.0050413 1641.7
0.0050432 1641.7
0.0050451 1641.7
0.005047 1641.7
0.0050489 1641.7
0.0050508 1641.7
0.0050527 1641.7
0.0050545 1641.7
0.0050564 1641.7
0.0050583 1641.7
0.0050602 1641.7
0.0050621 1641.7
0.005064 1641.7
0.0050658 1641.7
0.0050677 1641.7
0.0050696 1641.7
0.0050715 1641.7
0.0050734 1641.7
0.0050753 1641.7
0.0050772 1641.7
0.005079 1641.7
0.0050809 1641.7
0.0050828 1641.7
0.0050847 1641.7
0.0050866 1641.7
0.0050885 1641.7
0.0050903 1641.7
0.0050922 1641.7
0.0050941 1641.7
0.005096 1641.7
0.0050979 1641.7
0.0050998 1641.7
0.0051017 1641.7
0.0051035 1641.7
0.0051054 1641.7
0.0051073 1641.7
0.0051092 1641.7
0.0051111 1641.7
0.005113 1641.7
0.0051148 1641.7
0.0051167 1641.7
0.0051186 1641.7
0.0051205 1641.7
0.0051224 1641.7
0.0051243 1641.7
0.0051262 1641.7
0.005128 1641.7
0.0051299 1641.7
0.0051318 1641.7
0.0051337 1641.7
0.0051356 1641.7
0.0051375 1641.7
0.0051393 1641.7
0.0051412 1641.7
0.0051431 1641.7
0.005145 1641.7
0.0051469 1641.7
0.0051488 1641.7
0.0051507 1641.7
0.0051525 1641.7
0.0051544 1641.7
0.0051563 1641.7
0.0051582 1641.7
0.0051601 1641.7
0.005162 1641.7
0.0051638 1641.7
0.0051657 1641.7
0.0051676 1641.7
0.0051695 1641.7
0.0051714 1641.7
0.0051733 1641.7
0.0051752 1641.7
0.005177 1641.7
0.0051789 1641.7
0.0051808 1641.7
0.0051827 1641.7
0.0051846 1641.7
0.0051865 1641.7
0.0051883 1641.7
0.0051902 1641.7
0.0051921 1641.7
0.005194 1641.7
0.0051959 1641.7
0.0051978 1641.7
0.0051997 1641.7
0.0052015 1641.7
0.0052034 1641.7
0.0052053 1641.7
0.0052072 1641.7
0.0052091 1641.7
0.005211 1641.7
0.0052128 1641.7
0.0052147 1641.7
0.0052166 1641.7
0.0052185 1641.7
0.0052204 1641.7
0.0052223 1641.7
0.0052242 1641.7
0.005226 1641.7
0.0052279 1641.7
0.0052298 1641.7
0.0052317 1641.7
0.0052336 1641.7
0.0052355 1641.7
0.0052373 1641.7
0.0052392 1641.7
0.0052411 1641.7
0.005243 1641.7
0.0052449 1641.7
0.0052468 1641.7
0.0052487 1641.7
0.0052505 1641.7
0.0052524 1641.7
0.0052543 1641.7
0.0052562 1641.7
0.0052581 1641.7
0.00526 1641.7
0.0052618 1641.7
0.0052637 1641.7
0.0052656 1641.7
0.0052675 1641.7
0.0052694 1641.7
0.0052713 1641.7
0.0052732 1641.7
0.005275 1641.7
0.0052769 1641.7
0.0052788 1641.7
0.0052807 1641.7
0.0052826 1641.7
0.0052845 1641.7
0.0052863 1641.7
0.0052882 1641.7
0.0052901 1641.7
0.005292 1641.7
0.0052939 1641.7
0.0052958 1641.7
0.0052977 1641.7
0.0052995 1641.7
0.0053014 1641.7
0.0053033 1641.7
0.0053052 1641.7
0.0053071 1641.7
0.005309 1641.7
0.0053108 1641.7
0.0053127 1641.7
0.0053146 1641.7
0.0053165 1641.7
0.0053184 1641.7
0.0053203 1641.7
0.0053222 1641.7
0.005324 1641.7
0.0053259 1641.7
0.0053278 1641.7
0.0053297 1641.7
0.0053316 1641.7
0.0053335 1641.7
0.0053353 1641.7
0.0053372 1641.7
0.0053391 1641.7
0.005341 1641.7
0.0053429 1641.7
0.0053448 1641.7
0.0053467 1641.7
0.0053485 1641.7
0.0053504 1641.7
0.0053523 1641.7
0.0053542 1641.7
0.0053561 1641.7
0.005358 1641.7
0.0053598 1641.7
0.0053617 1641.7
0.0053636 1641.7
0.0053655 1641.7
0.0053674 1641.7
0.0053693 1641.7
0.0053712 1641.7
0.005373 1641.7
0.0053749 1641.7
0.0053768 1641.7
0.0053787 1641.7
0.0053806 1641.7
0.0053825 1641.7
0.0053843 1641.7
0.0053862 1641.7
0.0053881 1641.7
0.00539 1641.7
0.0053919 1641.7
0.0053938 1641.7
0.0053957 1641.7
0.0053975 1641.7
0.0053994 1641.7
0.0054013 1641.7
0.0054032 1641.7
0.0054051 1641.7
0.005407 1641.7
0.0054088 1641.7
0.0054107 1641.7
0.0054126 1641.7
0.0054145 1641.7
0.0054164 1641.7
0.0054183 1641.7
0.0054202 1641.7
0.005422 1641.7
0.0054239 1641.7
0.0054258 1641.7
0.0054277 1641.7
0.0054296 1641.7
0.0054315 1641.7
0.0054333 1641.7
0.0054352 1641.7
0.0054371 1641.7
0.005439 1641.7
0.0054409 1641.7
0.0054428 1641.7
0.0054447 1641.7
0.0054465 1641.7
0.0054484 1641.7
0.0054503 1641.7
0.0054522 1641.7
0.0054541 1641.7
0.005456 1641.7
0.0054578 1641.7
0.0054597 1641.7
0.0054616 1641.7
0.0054635 1641.7
0.0054654 1641.7
0.0054673 1641.7
0.0054692 1641.7
0.005471 1641.7
0.0054729 1641.7
0.0054748 1641.7
0.0054767 1641.7
0.0054786 1641.7
0.0054805 1641.7
0.0054823 1641.7
0.0054842 1641.7
0.0054861 1641.7
0.005488 1641.7
0.0054899 1641.7
0.0054918 1641.7
0.0054937 1641.7
0.0054955 1641.7
0.0054974 1641.7
0.0054993 1641.7
0.0055012 1641.7
0.0055031 1641.7
0.005505 1641.7
0.0055068 1641.7
0.0055087 1641.7
0.0055106 1641.7
0.0055125 1641.7
0.0055144 1641.7
0.0055163 1641.7
0.0055182 1641.7
0.00552 1641.7
0.0055219 1641.7
0.0055238 1641.7
0.0055257 1641.7
0.0055276 1641.7
0.0055295 1641.7
0.0055313 1641.7
0.0055332 1641.7
0.0055351 1641.7
0.005537 1641.7
0.0055389 1641.7
0.0055408 1641.7
0.0055427 1641.7
0.0055445 1641.7
0.0055464 1641.7
0.0055483 1641.7
0.0055502 1641.7
0.0055521 1641.7
0.005554 1641.7
0.0055558 1641.7
0.0055577 1641.7
0.0055596 1641.7
0.0055615 1641.7
0.0055634 1641.7
0.0055653 1641.7
0.0055672 1641.7
0.005569 1641.7
0.0055709 1641.7
0.0055728 1641.7
0.0055747 1641.7
0.0055766 1641.7
0.0055785 1641.7
0.0055803 1641.7
0.0055822 1641.7
0.0055841 1641.7
0.005586 1641.7
0.0055879 1641.7
0.0055898 1641.7
0.0055917 1641.7
0.0055935 1641.7
0.0055954 1641.7
0.0055973 1641.7
0.0055992 1641.7
0.0056011 1641.7
0.005603 1641.7
0.0056048 1641.7
0.0056067 1641.7
0.0056086 1641.7
0.0056105 1641.7
0.0056124 1641.7
0.0056143 1641.7
0.0056162 1641.7
0.005618 1641.7
0.0056199 1641.7
0.0056218 1641.7
0.0056237 1641.7
0.0056256 1641.7
0.0056275 1641.7
0.0056293 1641.7
0.0056312 1641.7
0.0056331 1641.7
0.005635 1641.7
0.0056369 1641.7
0.0056388 1641.7
0.0056407 1641.7
0.0056425 1641.7
0.0056444 1641.7
0.0056463 1641.7
0.0056482 1641.7
0.0056501 1641.7
0.005652 1641.7
0.0056538 1641.7
0.0056557 1641.7
0.0056576 1641.7
0.0056595 1641.7
0.0056614 1641.7
0.0056633 1641.7
0.0056652 1641.7
0.005667 1641.7
0.0056689 1641.7
0.0056708 1641.7
0.0056727 1641.7
0.0056746 1641.7
0.0056765 1641.7
0.0056783 1641.7
0.0056802 1641.7
0.0056821 1641.7
0.005684 1641.7
0.0056859 1641.7
0.0056878 1641.7
0.0056897 1641.7
0.0056915 1641.7
0.0056934 1641.7
0.0056953 1641.7
0.0056972 1641.7
0.0056991 1641.7
0.005701 1641.7
0.0057028 1641.7
0.0057047 1641.7
0.0057066 1641.7
0.0057085 1641.7
0.0057104 1641.7
0.0057123 1641.7
0.0057142 1641.7
0.005716 1641.7
0.0057179 1641.7
0.0057198 1641.7
0.0057217 1641.7
0.0057236 1641.7
0.0057255 1641.7
0.0057273 1641.7
0.0057292 1641.7
0.0057311 1641.7
0.005733 1641.7
0.0057349 1641.7
0.0057368 1641.7
0.0057387 1641.7
0.0057405 1641.7
0.0057424 1641.7
0.0057443 1641.7
0.0057462 1641.7
0.0057481 1641.7
0.00575 1641.7
0.0057518 1641.7
0.0057537 1641.7
0.0057556 1641.7
0.0057575 1641.7
0.0057594 1641.7
0.0057613 1641.7
0.0057632 1641.7
0.005765 1641.7
0.0057669 1641.7
0.0057688 1641.7
0.0057707 1641.7
0.0057726 1641.7
0.0057745 1641.7
0.0057763 1641.7
0.0057782 1641.7
0.0057801 1641.7
0.005782 1641.7
0.0057839 1641.7
0.0057858 1641.7
0.0057877 1641.7
0.0057895 1641.7
0.0057914 1641.7
0.0057933 1641.7
0.0057952 1641.7
0.0057971 1641.7
0.005799 1641.7
0.0058008 1641.7
0.0058027 1641.7
0.0058046 1641.7
0.0058065 1641.7
0.0058084 1641.7
0.0058103 1641.7
0.0058122 1641.7
0.005814 1641.7
0.0058159 1641.7
0.0058178 1641.7
0.0058197 1641.7
0.0058216 1641.7
0.0058235 1641.7
0.0058253 1641.7
0.0058272 1641.7
0.0058291 1641.7
0.005831 1641.7
0.0058329 1641.7
0.0058348 1641.7
0.0058367 1641.7
0.0058385 1641.7
0.0058404 1641.7
0.0058423 1641.7
0.0058442 1641.7
0.0058461 1641.7
0.005848 1641.7
0.0058498 1641.7
0.0058517 1641.7
0.0058536 1641.7
0.0058555 1641.7
0.0058574 1641.7
0.0058593 1641.7
0.0058612 1641.7
0.005863 1641.7
0.0058649 1641.7
0.0058668 1641.7
0.0058687 1641.7
0.0058706 1641.7
0.0058725 1641.7
0.0058743 1641.7
0.0058762 1641.7
0.0058781 1641.7
0.00588 1641.7
0.0058819 1641.7
0.0058838 1641.7
0.0058857 1641.7
0.0058875 1641.7
0.0058894 1641.7
0.0058913 1641.7
0.0058932 1641.7
0.0058951 1641.7
0.005897 1641.7
0.0058988 1641.7
0.0059007 1641.7
0.0059026 1641.7
0.0059045 1641.7
0.0059064 1641.7
0.0059083 1641.7
0.0059102 1641.7
0.005912 1641.7
0.0059139 1641.7
0.0059158 1641.7
0.0059177 1641.7
0.0059196 1641.7
0.0059215 1641.7
0.0059233 1641.7
0.0059252 1641.7
0.0059271 1641.7
0.005929 1641.7
0.0059309 1641.7
0.0059328 1641.7
0.0059347 1641.7
0.0059365 1641.7
0.0059384 1641.7
0.0059403 1641.7
0.0059422 1641.7
0.0059441 1641.7
0.005946 1641.7
0.0059478 1641.7
0.0059497 1641.7
0.0059516 1641.7
0.0059535 1641.7
0.0059554 1641.7
0.0059573 1641.7
0.0059592 1641.7
0.005961 1641.7
0.0059629 1641.7
0.0059648 1641.7
0.0059667 1641.7
0.0059686 1641.7
0.0059705 1641.7
0.0059723 1641.7
0.0059742 1641.7
0.0059761 1641.7
0.005978 1641.7
0.0059799 1641.7
0.0059818 1641.7
0.0059837 1641.7
0.0059855 1641.7
0.0059874 1641.7
0.0059893 1641.7
0.0059912 1641.7
0.0059931 1641.7
0.005995 1641.7
0.0059968 1641.7
0.0059987 1641.7
0.0060006 1641.7
0.0060025 1641.7
0.0060044 1641.7
0.0060063 1641.7
0.0060082 1641.7
0.00601 1641.7
0.0060119 1641.7
0.0060138 1641.7
0.0060157 1641.7
0.0060176 1641.7
0.0060195 1641.7
0.0060213 1641.7
0.0060232 1641.7
0.0060251 1641.7
0.006027 1641.7
0.0060289 1641.7
0.0060308 1641.7
0.0060327 1641.7
0.0060345 1641.7
0.0060364 1641.7
0.0060383 1641.7
0.0060402 1641.7
0.0060421 1641.7
0.006044 1641.7
0.0060458 1641.7
0.0060477 1641.7
0.0060496 1641.7
0.0060515 1641.7
0.0060534 1641.7
0.0060553 1641.7
0.0060572 1641.7
0.006059 1641.7
0.0060609 1641.7
0.0060628 1641.7
0.0060647 1641.7
0.0060666 1641.7
0.0060685 1641.7
0.0060703 1641.7
0.0060722 1641.7
0.0060741 1641.7
0.006076 1641.7
0.0060779 1641.7
0.0060798 1641.7
0.0060817 1641.7
0.0060835 1641.7
0.0060854 1641.7
0.0060873 1641.7
0.0060892 1641.7
0.0060911 1641.7
0.006093 1641.7
0.0060948 1641.7
0.0060967 1641.7
0.0060986 1641.7
0.0061005 1641.7
0.0061024 1641.7
0.0061043 1641.7
0.0061062 1641.7
0.006108 1641.7
0.0061099 1641.7
0.0061118 1641.7
0.0061137 1641.7
0.0061156 1641.7
0.0061175 1641.7
0.0061193 1641.7
0.0061212 1641.7
0.0061231 1641.7
0.006125 1641.7
0.0061269 1641.7
0.0061288 1641.7
0.0061307 1641.7
0.0061325 1641.7
0.0061344 1641.7
0.0061363 1641.7
0.0061382 1641.7
0.0061401 1641.7
0.006142 1641.7
0.0061438 1641.7
0.0061457 1641.7
0.0061476 1641.7
0.0061495 1641.7
0.0061514 1641.7
0.0061533 1641.7
0.0061552 1641.7
0.006157 1641.7
0.0061589 1641.7
0.0061608 1641.7
0.0061627 1641.7
0.0061646 1641.7
0.0061665 1641.7
0.0061683 1641.7
0.0061702 1641.7
0.0061721 1641.7
0.006174 1641.7
0.0061759 1641.7
0.0061778 1641.7
0.0061797 1641.7
0.0061815 1641.7
0.0061834 1641.7
0.0061853 1641.7
0.0061872 1641.7
0.0061891 1641.7
0.006191 1641.7
0.0061928 1641.7
0.0061947 1641.7
0.0061966 1641.7
0.0061985 1641.7
0.0062004 1641.7
0.0062023 1641.7
0.0062042 1641.7
0.006206 1641.7
0.0062079 1641.7
0.0062098 1641.7
0.0062117 1641.7
0.0062136 1641.7
0.0062155 1641.7
0.0062173 1641.7
0.0062192 1641.7
0.0062211 1641.7
0.006223 1641.7
0.0062249 1641.7
0.0062268 1641.7
0.0062287 1641.7
0.0062305 1641.7
0.0062324 1641.7
0.0062343 1641.7
0.0062362 1641.7
0.0062381 1641.7
0.00624 1641.7
0.0062418 1641.7
0.0062437 1641.7
0.0062456 1641.7
0.0062475 1641.7
0.0062494 1641.7
0.0062513 1641.7
0.0062532 1641.7
0.006255 1641.7
0.0062569 1641.7
0.0062588 1641.7
0.0062607 1641.7
0.0062626 1641.7
0.0062645 1641.7
0.0062663 1641.7
0.0062682 1641.7
0.0062701 1641.7
0.006272 1641.7
0.0062739 1641.7
0.0062758 1641.7
0.0062777 1641.7
0.0062795 1641.7
0.0062814 1641.7
0.0062833 1641.7
0.0062852 1641.7
0.0062871 1641.7
0.006289 1641.7
0.0062908 1641.7
0.0062927 1641.7
0.0062946 1641.7
0.0062965 1641.7
0.0062984 1641.7
0.0063003 1641.7
0.0063022 1641.7
0.006304 1641.7
0.0063059 1641.7
0.0063078 1641.7
0.0063097 1641.7
0.0063116 1641.7
0.0063135 1641.7
0.0063153 1641.7
0.0063172 1641.7
0.0063191 1641.7
0.006321 1641.7
0.0063229 1641.7
0.0063248 1641.7
0.0063267 1641.7
0.0063285 1641.7
0.0063304 1641.7
0.0063323 1641.7
0.0063342 1641.7
0.0063361 1641.7
0.006338 1641.7
0.0063398 1641.7
0.0063417 1641.7
0.0063436 1641.7
0.0063455 1641.7
0.0063474 1641.7
0.0063493 1641.7
0.0063512 1641.7
0.006353 1641.7
0.0063549 1641.7
0.0063568 1641.7
0.0063587 1641.7
0.0063606 1641.7
0.0063625 1641.7
0.0063643 1641.7
0.0063662 1641.7
0.0063681 1641.7
0.00637 1641.7
0.0063719 1641.7
0.0063738 1641.7
0.0063757 1641.7
0.0063775 1641.7
0.0063794 1641.7
0.0063813 1641.7
0.0063832 1641.7
0.0063851 1641.7
0.006387 1641.7
0.0063888 1641.7
0.0063907 1641.7
0.0063926 1641.7
0.0063945 1641.7
0.0063964 1641.7
0.0063983 1641.7
0.0064002 1641.7
0.006402 1641.7
0.0064039 1641.7
0.0064058 1641.7
0.0064077 1641.7
0.0064096 1641.7
0.0064115 1641.7
0.0064133 1641.7
0.0064152 1641.7
0.0064171 1641.7
0.006419 1641.7
0.0064209 1641.7
0.0064228 1641.7
0.0064247 1641.7
0.0064265 1641.7
0.0064284 1641.7
0.0064303 1641.7
0.0064322 1641.7
0.0064341 1641.7
0.006436 1641.7
0.0064378 1641.7
0.0064397 1641.7
0.0064416 1641.7
0.0064435 1641.7
0.0064454 1641.7
0.0064473 1641.7
0.0064492 1641.7
0.006451 1641.7
0.0064529 1641.7
0.0064548 1641.7
0.0064567 1641.7
0.0064586 1641.7
0.0064605 1641.7
0.0064623 1641.7
0.0064642 1641.7
0.0064661 1641.7
0.006468 1641.7
0.0064699 1641.7
0.0064718 1641.7
0.0064737 1641.7
0.0064755 1641.7
0.0064774 1641.7
0.0064793 1641.7
0.0064812 1641.7
0.0064831 1641.7
0.006485 1641.7
0.0064868 1641.7
0.0064887 1641.7
0.0064906 1641.7
0.0064925 1641.7
0.0064944 1641.7
0.0064963 1641.7
0.0064982 1641.7
0.0065 1641.7
0.0065019 1641.7
0.0065038 1641.7
0.0065057 1641.7
0.0065076 1641.7
0.0065095 1641.7
0.0065113 1641.7
0.0065132 1641.7
0.0065151 1641.7
0.006517 1641.7
0.0065189 1641.7
0.0065208 1641.7
0.0065227 1641.7
0.0065245 1641.7
0.0065264 1641.7
0.0065283 1641.7
0.0065302 1641.7
0.0065321 1641.7
0.006534 1641.7
0.0065358 1641.7
0.0065377 1641.7
0.0065396 1641.7
0.0065415 1641.7
0.0065434 1641.7
0.0065453 1641.7
0.0065472 1641.7
0.006549 1641.7
0.0065509 1641.7
0.0065528 1641.7
0.0065547 1641.7
0.0065566 1641.7
0.0065585 1641.7
0.0065603 1641.7
0.0065622 1641.7
0.0065641 1641.7
0.006566 1641.7
0.0065679 1641.7
0.0065698 1641.7
0.0065717 1641.7
0.0065735 1641.7
0.0065754 1641.7
0.0065773 1641.7
0.0065792 1641.7
0.0065811 1641.7
0.006583 1641.7
0.0065848 1641.7
0.0065867 1641.7
0.0065886 1641.7
0.0065905 1641.7
0.0065924 1641.7
0.0065943 1641.7
0.0065962 1641.7
1 1641.7
