1.8846e-06 2.4771e+05
3.7692e-06 2.4771e+05
5.6538e-06 2.4771e+05
7.5385e-06 2.4771e+05
9.4231e-06 2.4771e+05
1.1308e-05 2.4771e+05
1.3192e-05 2.4771e+05
1.5077e-05 2.4771e+05
1.6962e-05 2.4771e+05
1.8846e-05 2.4771e+05
2.0731e-05 2.4771e+05
2.2615e-05 2.4771e+05
2.45e-05 2.4771e+05
2.6385e-05 2.4771e+05
2.8269e-05 2.4771e+05
3.0154e-05 2.4771e+05
3.2038e-05 2.4771e+05
3.3923e-05 2.4771e+05
3.5808e-05 2.4771e+05
3.7692e-05 2.4771e+05
3.9577e-05 2.4771e+05
4.1462e-05 2.4771e+05
4.3346e-05 2.4771e+05
4.5231e-05 2.4771e+05
4.7115e-05 2.4771e+05
4.9e-05 2.4771e+05
5.0885e-05 2.4771e+05
5.2769e-05 2.4771e+05
5.4654e-05 2.4771e+05
5.6538e-05 2.4771e+05
5.8423e-05 2.4771e+05
6.0308e-05 2.4771e+05
6.2192e-05 2.4771e+05
6.4077e-05 2.4771e+05
6.5962e-05 2.4771e+05
6.7846e-05 2.4771e+05
6.9731e-05 2.4771e+05
7.1615e-05 2.4771e+05
7.35e-05 2.4771e+05
7.5385e-05 2.4771e+05
7.7269e-05 2.4771e+05
7.9154e-05 2.4771e+05
8.1038e-05 2.4771e+05
8.2923e-05 2.4771e+05
8.4808e-05 2.4771e+05
8.6692e-05 2.4771e+05
8.8577e-05 2.4771e+05
9.0462e-05 2.4771e+05
9.2346e-05 2.4771e+05
9.4231e-05 2.4771e+05
9.6115e-05 2.4771e+05
9.8e-05 2.4771e+05
9.9885e-05 2.4771e+05
0.00010177 2.4771e+05
0.00010365 2.4771e+05
0.00010554 2.4771e+05
0.00010742 2.4771e+05
0.00010931 2.4771e+05
0.00011119 2.4771e+05
0.00011308 2.4771e+05
0.00011496 2.4771e+05
0.00011685 2.4771e+05
0.00011873 2.4771e+05
0.00012062 2.4771e+05
0.0001225 2.4771e+05
0.00012438 2.4771e+05
0.00012627 2.4771e+05
0.00012815 2.4771e+05
0.00013004 2.4771e+05
0.00013192 2.4771e+05
0.00013381 2.4771e+05
0.00013569 2.4771e+05
0.00013758 2.4771e+05
0.00013946 2.4771e+05
0.00014135 2.4771e+05
0.00014323 2.4771e+05
0.00014512 2.4771e+05
0.000147 2.4771e+05
0.00014888 2.4771e+05
0.00015077 2.4771e+05
0.00015265 2.4771e+05
0.00015454 2.4771e+05
0.00015642 2.4771e+05
0.00015831 2.4771e+05
0.00016019 2.4771e+05
0.00016208 2.4771e+05
0.00016396 2.4771e+05
0.00016585 2.4771e+05
0.00016773 2.4771e+05
0.00016962 2.4771e+05
0.0001715 2.4771e+05
0.00017338 2.4771e+05
0.00017527 2.4771e+05
0.00017715 2.4771e+05
0.00017904 2.4771e+05
0.00018092 2.4771e+05
0.00018281 2.4771e+05
0.00018469 2.4771e+05
0.00018658 2.4771e+05
0.00018846 2.4771e+05
0.00019035 2.4771e+05
0.00019223 2.4771e+05
0.00019412 2.4771e+05
0.000196 2.4771e+05
0.00019788 2.4771e+05
0.00019977 2.4771e+05
0.00020165 2.4771e+05
0.00020354 2.4771e+05
0.00020542 2.4771e+05
0.00020731 2.4771e+05
0.00020919 2.4771e+05
0.00021108 2.4771e+05
0.00021296 2.4771e+05
0.00021485 2.4771e+05
0.00021673 2.4771e+05
0.00021862 2.4771e+05
0.0002205 2.4771e+05
0.00022238 2.4771e+05
0.00022427 2.4771e+05
0.00022615 2.4771e+05
0.00022804 2.4771e+05
0.00022992 2.4771e+05
0.00023181 2.4771e+05
0.00023369 2.4771e+05
0.00023558 2.4771e+05
0.00023746 2.4771e+05
0.00023935 2.4771e+05
0.00024123 2.4771e+05
0.00024312 2.4771e+05
0.000245 2.4771e+05
0.00024688 2.4771e+05
0.00024877 2.4771e+05
0.00025065 2.4771e+05
0.00025254 2.4771e+05
0.00025442 2.4771e+05
0.00025631 2.4771e+05
0.00025819 2.4771e+05
0.00026008 2.4771e+05
0.00026196 2.4771e+05
0.00026385 2.4771e+05
0.00026573 2.4771e+05
0.00026762 2.4771e+05
0.0002695 2.4771e+05
0.00027138 2.4771e+05
0.00027327 2.4771e+05
0.00027515 2.4771e+05
0.00027704 2.4771e+05
0.00027892 2.4771e+05
0.00028081 2.4771e+05
0.00028269 2.4771e+05
0.00028458 2.4771e+05
0.00028646 2.4771e+05
0.00028835 2.4771e+05
0.00029023 2.4771e+05
0.00029212 2.4771e+05
0.000294 2.4771e+05
0.00029588 2.4771e+05
0.00029777 2.4771e+05
0.00029965 2.4771e+05
0.00030154 2.4771e+05
0.00030342 2.4771e+05
0.00030531 2.4771e+05
0.00030719 2.4771e+05
0.00030908 2.4771e+05
0.00031096 2.4771e+05
0.00031285 2.4771e+05
0.00031473 2.4771e+05
0.00031662 2.4771e+05
0.0003185 2.4771e+05
0.00032038 2.4771e+05
0.00032227 2.4771e+05
0.00032415 2.4771e+05
0.00032604 2.4771e+05
0.00032792 2.4771e+05
0.00032981 2.4771e+05
0.00033169 2.4771e+05
0.00033358 2.4771e+05
0.00033546 2.4771e+05
0.00033735 2.4771e+05
0.00033923 2.4771e+05
0.00034112 2.4771e+05
0.000343 2.4771e+05
0.00034488 2.4771e+05
0.00034677 2.4771e+05
0.00034865 2.4771e+05
0.00035054 2.4771e+05
0.00035242 2.4771e+05
0.00035431 2.4771e+05
0.00035619 2.4771e+05
0.00035808 2.4771e+05
0.00035996 2.4771e+05
0.00036185 2.4771e+05
0.00036373 2.4771e+05
0.00036562 2.4771e+05
0.0003675 2.4771e+05
0.00036938 2.4771e+05
0.00037127 2.4771e+05
0.00037315 2.4771e+05
0.00037504 2.4771e+05
0.00037692 2.4771e+05
0.00037881 2.4771e+05
0.00038069 2.4771e+05
0.00038258 2.4771e+05
0.00038446 2.4771e+05
0.00038635 2.4771e+05
0.00038823 2.4771e+05
0.00039012 2.4771e+05
0.000392 2.4771e+05
0.00039388 2.4771e+05
0.00039577 2.4771e+05
0.00039765 2.4771e+05
0.00039954 2.4771e+05
0.00040142 2.4771e+05
0.00040331 2.4771e+05
0.00040519 2.4771e+05
0.00040708 2.4771e+05
0.00040896 2.4771e+05
0.00041085 2.4771e+05
0.00041273 2.4771e+05
0.00041462 2.4771e+05
0.0004165 2.4771e+05
0.00041838 2.4771e+05
0.00042027 2.4771e+05
0.00042215 2.4771e+05
0.00042404 2.4771e+05
0.00042592 2.4771e+05
0.00042781 2.4771e+05
0.00042969 2.4771e+05
0.00043158 2.4771e+05
0.00043346 2.4771e+05
0.00043535 2.4771e+05
0.00043723 2.4771e+05
0.00043912 2.4771e+05
0.000441 2.4771e+05
0.00044288 2.4771e+05
0.00044477 2.4771e+05
0.00044665 2.4771e+05
0.00044854 2.4771e+05
0.00045042 2.4771e+05
0.00045231 2.4771e+05
0.00045419 2.4771e+05
0.00045608 2.4771e+05
0.00045796 2.4771e+05
0.00045985 2.4771e+05
0.00046173 2.4771e+05
0.00046362 2.4771e+05
0.0004655 2.4771e+05
0.00046738 2.4771e+05
0.00046927 2.4771e+05
0.00047115 2.4771e+05
0.00047304 2.4771e+05
0.00047492 2.4771e+05
0.00047681 2.4771e+05
0.00047869 2.4771e+05
0.00048058 2.4771e+05
0.00048246 2.4771e+05
0.00048435 2.4771e+05
0.00048623 2.4771e+05
0.00048812 2.4771e+05
0.00049 2.4771e+05
0.00049188 2.4771e+05
0.00049377 2.4771e+05
0.00049565 2.4771e+05
0.00049754 2.4771e+05
0.00049942 2.4771e+05
0.00050131 2.4771e+05
0.00050319 2.4771e+05
0.00050508 2.4771e+05
0.00050696 2.4771e+05
0.00050885 2.4771e+05
0.00051073 2.4771e+05
0.00051262 2.4771e+05
0.0005145 2.4771e+05
0.00051638 2.4771e+05
0.00051827 2.4771e+05
0.00052015 2.4771e+05
0.00052204 2.4771e+05
0.00052392 2.4771e+05
0.00052581 2.4771e+05
0.00052769 2.4771e+05
0.00052958 2.4771e+05
0.00053146 2.4771e+05
0.00053335 2.4771e+05
0.00053523 2.4771e+05
0.00053712 2.4771e+05
0.000539 2.4771e+05
0.00054088 2.4771e+05
0.00054277 2.4771e+05
0.00054465 2.4771e+05
0.00054654 2.4771e+05
0.00054842 2.4771e+05
0.00055031 2.4771e+05
0.00055219 2.4771e+05
0.00055408 2.4771e+05
0.00055596 2.4771e+05
0.00055785 2.4771e+05
0.00055973 2.4771e+05
0.00056162 2.4771e+05
0.0005635 2.4771e+05
0.00056538 2.4771e+05
0.00056727 2.4771e+05
0.00056915 2.4771e+05
0.00057104 2.4771e+05
0.00057292 2.4771e+05
0.00057481 2.4771e+05
0.00057669 2.4771e+05
0.00057858 2.4771e+05
0.00058046 2.4771e+05
0.00058235 2.4771e+05
0.00058423 2.4771e+05
0.00058612 2.4771e+05
0.000588 2.4771e+05
0.00058988 2.4771e+05
0.00059177 2.4771e+05
0.00059365 2.4771e+05
0.00059554 2.4771e+05
0.00059742 2.4771e+05
0.00059931 2.4771e+05
0.00060119 2.4771e+05
0.00060308 2.4771e+05
0.00060496 2.4771e+05
0.00060685 2.4771e+05
0.00060873 2.4771e+05
0.00061062 2.4771e+05
0.0006125 2.4771e+05
0.00061438 2.4771e+05
0.00061627 2.4771e+05
0.00061815 2.4771e+05
0.00062004 2.4771e+05
0.00062192 2.4771e+05
0.00062381 2.4771e+05
0.00062569 2.4771e+05
0.00062758 2.4771e+05
0.00062946 2.4771e+05
0.00063135 2.4771e+05
0.00063323 2.4771e+05
0.00063512 2.4771e+05
0.000637 2.4771e+05
0.00063888 2.4771e+05
0.00064077 2.4771e+05
0.00064265 2.4771e+05
0.00064454 2.4771e+05
0.00064642 2.4771e+05
0.00064831 2.4771e+05
0.00065019 2.4771e+05
0.00065208 2.4771e+05
0.00065396 2.4771e+05
0.00065585 2.4771e+05
0.00065773 2.4771e+05
0.00065962 2.4771e+05
0.0006615 2.4771e+05
0.00066338 2.4771e+05
0.00066527 2.4771e+05
0.00066715 2.4771e+05
0.00066904 2.4771e+05
0.00067092 2.4771e+05
0.00067281 2.4771e+05
0.00067469 2.4771e+05
0.00067658 2.4771e+05
0.00067846 2.4771e+05
0.00068035 2.4771e+05
0.00068223 2.4771e+05
0.00068412 2.4771e+05
0.000686 2.4771e+05
0.00068788 2.4771e+05
0.00068977 2.4771e+05
0.00069165 2.4771e+05
0.00069354 2.4771e+05
0.00069542 2.4771e+05
0.00069731 2.4771e+05
0.00069919 2.4771e+05
0.00070108 2.4771e+05
0.00070296 2.4771e+05
0.00070485 2.4771e+05
0.00070673 2.4771e+05
0.00070862 2.4771e+05
0.0007105 2.4771e+05
0.00071238 2.4771e+05
0.00071427 2.4771e+05
0.00071615 2.4771e+05
0.00071804 2.4771e+05
0.00071992 2.4771e+05
0.00072181 2.4771e+05
0.00072369 2.4771e+05
0.00072558 2.4771e+05
0.00072746 2.4771e+05
0.00072935 2.4771e+05
0.00073123 2.4771e+05
0.00073312 2.4771e+05
0.000735 2.4771e+05
0.00073688 2.4771e+05
0.00073877 2.4771e+05
0.00074065 2.4771e+05
0.00074254 2.4771e+05
0.00074442 2.4771e+05
0.00074631 2.4771e+05
0.00074819 2.4771e+05
0.00075008 2.4771e+05
0.00075196 2.4771e+05
0.00075385 2.4771e+05
0.00075573 2.4771e+05
0.00075762 2.4771e+05
0.0007595 2.4771e+05
0.00076138 2.4771e+05
0.00076327 2.4771e+05
0.00076515 2.4771e+05
0.00076704 2.4771e+05
0.00076892 2.4771e+05
0.00077081 2.4771e+05
0.00077269 2.4771e+05
0.00077458 2.4771e+05
0.00077646 2.4771e+05
0.00077835 2.4771e+05
0.00078023 2.4771e+05
0.00078212 2.4771e+05
0.000784 2.4771e+05
0.00078588 2.4771e+05
0.00078777 2.4771e+05
0.00078965 2.4771e+05
0.00079154 2.4771e+05
0.00079342 2.4771e+05
0.00079531 2.4771e+05
0.00079719 2.4771e+05
0.00079908 2.4771e+05
0.00080096 2.4771e+05
0.00080285 2.4771e+05
0.00080473 2.4771e+05
0.00080662 2.4771e+05
0.0008085 2.4771e+05
0.00081038 2.4771e+05
0.00081227 2.4771e+05
0.00081415 2.4771e+05
0.00081604 2.4771e+05
0.00081792 2.4771e+05
0.00081981 2.4771e+05
0.00082169 2.4771e+05
0.00082358 2.4771e+05
0.00082546 2.4771e+05
0.00082735 2.4771e+05
0.00082923 2.4771e+05
0.00083112 2.4771e+05
0.000833 2.4771e+05
0.00083488 2.4771e+05
0.00083677 2.4771e+05
0.00083865 2.4771e+05
0.00084054 2.4771e+05
0.00084242 2.4771e+05
0.00084431 2.4771e+05
0.00084619 2.4771e+05
0.00084808 2.4771e+05
0.00084996 2.4771e+05
0.00085185 2.4771e+05
0.00085373 2.4771e+05
0.00085562 2.4771e+05
0.0008575 2.4771e+05
0.00085938 2.4771e+05
0.00086127 2.4771e+05
0.00086315 2.4771e+05
0.00086504 2.4771e+05
0.00086692 2.4771e+05
0.00086881 2.4771e+05
0.00087069 2.4771e+05
0.00087258 2.4771e+05
0.00087446 2.4771e+05
0.00087635 2.4771e+05
0.00087823 2.4771e+05
0.00088012 2.4771e+05
0.000882 2.4771e+05
0.00088388 2.4771e+05
0.00088577 2.4771e+05
0.00088765 2.4771e+05
0.00088954 2.4771e+05
0.00089142 2.4771e+05
0.00089331 2.4771e+05
0.00089519 2.4771e+05
0.00089708 2.4771e+05
0.00089896 2.4771e+05
0.00090085 2.4771e+05
0.00090273 2.4771e+05
0.00090462 2.4771e+05
0.0009065 2.4771e+05
0.00090838 2.4771e+05
0.00091027 2.4771e+05
0.00091215 2.4771e+05
0.00091404 2.4771e+05
0.00091592 2.4771e+05
0.00091781 2.4771e+05
0.00091969 2.4771e+05
0.00092158 2.4771e+05
0.00092346 2.4771e+05
0.00092535 2.4771e+05
0.00092723 2.4771e+05
0.00092912 2.4771e+05
0.000931 2.4771e+05
0.00093288 2.4771e+05
0.00093477 2.4771e+05
0.00093665 2.4771e+05
0.00093854 2.4771e+05
0.00094042 2.4771e+05
0.00094231 2.4771e+05
0.00094419 2.4771e+05
0.00094608 2.4771e+05
0.00094796 2.4771e+05
0.00094985 2.4771e+05
0.00095173 2.4771e+05
0.00095362 2.4771e+05
0.0009555 2.4771e+05
0.00095738 2.4771e+05
0.00095927 2.4771e+05
0.00096115 2.4771e+05
0.00096304 2.4771e+05
0.00096492 2.4771e+05
0.00096681 2.4771e+05
0.00096869 2.4771e+05
0.00097058 2.4771e+05
0.00097246 2.4771e+05
0.00097435 2.4771e+05
0.00097623 2.4771e+05
0.00097812 2.4771e+05
0.00098 2.4771e+05
0.00098188 2.4771e+05
0.00098377 2.4771e+05
0.00098565 2.4771e+05
0.00098754 2.4771e+05
0.00098942 2.4771e+05
0.00099131 2.4771e+05
0.00099319 2.4771e+05
0.00099508 2.4771e+05
0.00099696 2.4771e+05
0.00099885 2.4771e+05
0.0010007 2.4771e+05
0.0010026 2.4771e+05
0.0010045 2.4771e+05
0.0010064 2.4771e+05
0.0010083 2.4771e+05
0.0010102 2.4771e+05
0.001012 2.4771e+05
0.0010139 2.4771e+05
0.0010158 2.4771e+05
0.0010177 2.4771e+05
0.0010196 2.4771e+05
0.0010215 2.4771e+05
0.0010233 2.4771e+05
0.0010252 2.4771e+05
0.0010271 2.4771e+05
0.001029 2.4771e+05
0.0010309 2.4771e+05
0.0010328 2.4771e+05
0.0010347 2.4771e+05
0.0010365 2.4771e+05
0.0010384 2.4771e+05
0.0010403 2.4771e+05
0.0010422 2.4771e+05
0.0010441 2.4771e+05
0.001046 2.4771e+05
0.0010478 2.4771e+05
0.0010497 2.4771e+05
0.0010516 2.4771e+05
0.0010535 2.4771e+05
0.0010554 2.4771e+05
0.0010573 2.4771e+05
0.0010592 2.4771e+05
0.001061 2.4771e+05
0.0010629 2.4771e+05
0.0010648 2.4771e+05
0.0010667 2.4771e+05
0.0010686 2.4771e+05
0.0010705 2.4771e+05
0.0010723 2.4771e+05
0.0010742 2.4771e+05
0.0010761 2.4771e+05
0.001078 2.4771e+05
0.0010799 2.4771e+05
0.0010818 2.4771e+05
0.0010837 2.4771e+05
0.0010855 2.4771e+05
0.0010874 2.4771e+05
0.0010893 2.4771e+05
0.0010912 2.4771e+05
0.0010931 2.4771e+05
0.001095 2.4771e+05
0.0010968 2.4771e+05
0.0010987 2.4771e+05
0.0011006 2.4771e+05
0.0011025 2.4771e+05
0.0011044 2.4771e+05
0.0011063 2.4771e+05
0.0011082 2.4771e+05
0.00111 2.4771e+05
0.0011119 2.4771e+05
0.0011138 2.4771e+05
0.0011157 2.4771e+05
0.0011176 2.4771e+05
0.0011195 2.4771e+05
0.0011213 2.4771e+05
0.0011232 2.4771e+05
0.0011251 2.4771e+05
0.001127 2.4771e+05
0.0011289 2.4771e+05
0.0011308 2.4771e+05
0.0011327 2.4771e+05
0.0011345 2.4771e+05
0.0011364 2.4771e+05
0.0011383 2.4771e+05
0.0011402 2.4771e+05
0.0011421 2.4771e+05
0.001144 2.4771e+05
0.0011458 2.4771e+05
0.0011477 2.4771e+05
0.0011496 2.4771e+05
0.0011515 2.4771e+05
0.0011534 2.4771e+05
0.0011553 2.4771e+05
0.0011572 2.4771e+05
0.001159 2.4771e+05
0.0011609 2.4771e+05
0.0011628 2.4771e+05
0.0011647 2.4771e+05
0.0011666 2.4771e+05
0.0011685 2.4771e+05
0.0011703 2.4771e+05
0.0011722 2.4771e+05
0.0011741 2.4771e+05
0.001176 2.4771e+05
0.0011779 2.4771e+05
0.0011798 2.4771e+05
0.0011817 2.4771e+05
0.0011835 2.4771e+05
0.0011854 2.4771e+05
0.0011873 2.4771e+05
0.0011892 2.4771e+05
0.0011911 2.4771e+05
0.001193 2.4771e+05
0.0011948 2.4771e+05
0.0011967 2.4771e+05
0.0011986 2.4771e+05
0.0012005 2.4771e+05
0.0012024 2.4771e+05
0.0012043 2.4771e+05
0.0012062 2.4771e+05
0.001208 2.4771e+05
0.0012099 2.4771e+05
0.0012118 2.4771e+05
0.0012137 2.4771e+05
0.0012156 2.4771e+05
0.0012175 2.4771e+05
0.0012193 2.4771e+05
0.0012212 2.4771e+05
0.0012231 2.4771e+05
0.001225 2.4771e+05
0.0012269 2.4771e+05
0.0012288 2.4771e+05
0.0012307 2.4771e+05
0.0012325 2.4771e+05
0.0012344 2.4771e+05
0.0012363 2.4771e+05
0.0012382 2.4771e+05
0.0012401 2.4771e+05
0.001242 2.4771e+05
0.0012438 2.4771e+05
0.0012457 2.4771e+05
0.0012476 2.4771e+05
0.0012495 2.4771e+05
0.0012514 2.4771e+05
0.0012533 2.4771e+05
0.0012552 2.4771e+05
0.001257 2.4771e+05
0.0012589 2.4771e+05
0.0012608 2.4771e+05
0.0012627 2.4771e+05
0.0012646 2.4771e+05
0.0012665 2.4771e+05
0.0012683 2.4771e+05
0.0012702 2.4771e+05
0.0012721 2.4771e+05
0.001274 2.4771e+05
0.0012759 2.4771e+05
0.0012778 2.4771e+05
0.0012797 2.4771e+05
0.0012815 2.4771e+05
0.0012834 2.4771e+05
0.0012853 2.4771e+05
0.0012872 2.4771e+05
0.0012891 2.4771e+05
0.001291 2.4771e+05
0.0012928 2.4771e+05
0.0012947 2.4771e+05
0.0012966 2.4771e+05
0.0012985 2.4771e+05
0.0013004 2.4771e+05
0.0013023 2.4771e+05
0.0013042 2.4771e+05
0.001306 2.4771e+05
0.0013079 2.4771e+05
0.0013098 2.4771e+05
0.0013117 2.4771e+05
0.0013136 2.4771e+05
0.0013155 2.4771e+05
0.0013173 2.4771e+05
0.0013192 2.4771e+05
0.0013211 2.4771e+05
0.001323 2.4771e+05
0.0013249 2.4771e+05
0.0013268 2.4771e+05
0.0013287 2.4771e+05
0.0013305 2.4771e+05
0.0013324 2.4771e+05
0.0013343 2.4771e+05
0.0013362 2.4771e+05
0.0013381 2.4771e+05
0.00134 2.4771e+05
0.0013418 2.4771e+05
0.0013437 2.4771e+05
0.0013456 2.4771e+05
0.0013475 2.4771e+05
0.0013494 2.4771e+05
0.0013513 2.4771e+05
0.0013532 2.4771e+05
0.001355 2.4771e+05
0.0013569 2.4771e+05
0.0013588 2.4771e+05
0.0013607 2.4771e+05
0.0013626 2.4771e+05
0.0013645 2.4771e+05
0.0013663 2.4771e+05
0.0013682 2.4771e+05
0.0013701 2.4771e+05
0.001372 2.4771e+05
0.0013739 2.4771e+05
0.0013758 2.4771e+05
0.0013777 2.4771e+05
0.0013795 2.4771e+05
0.0013814 2.4771e+05
0.0013833 2.4771e+05
0.0013852 2.4771e+05
0.0013871 2.4771e+05
0.001389 2.4771e+05
0.0013908 2.4771e+05
0.0013927 2.4771e+05
0.0013946 2.4771e+05
0.0013965 2.4771e+05
0.0013984 2.4771e+05
0.0014003 2.4771e+05
0.0014022 2.4771e+05
0.001404 2.4771e+05
0.0014059 2.4771e+05
0.0014078 2.4771e+05
0.0014097 2.4771e+05
0.0014116 2.4771e+05
0.0014135 2.4771e+05
0.0014153 2.4771e+05
0.0014172 2.4771e+05
0.0014191 2.4771e+05
0.001421 2.4771e+05
0.0014229 2.4771e+05
0.0014248 2.4771e+05
0.0014267 2.4771e+05
0.0014285 2.4771e+05
0.0014304 2.4771e+05
0.0014323 2.4771e+05
0.0014342 2.4771e+05
0.0014361 2.4771e+05
0.001438 2.4771e+05
0.0014398 2.4771e+05
0.0014417 2.4771e+05
0.0014436 2.4771e+05
0.0014455 2.4771e+05
0.0014474 2.4771e+05
0.0014493 2.4771e+05
0.0014512 2.4771e+05
0.001453 2.4771e+05
0.0014549 2.4771e+05
0.0014568 2.4771e+05
0.0014587 2.4771e+05
0.0014606 2.4771e+05
0.0014625 2.4771e+05
0.0014643 2.4771e+05
0.0014662 2.4771e+05
0.0014681 2.4771e+05
0.00147 2.4771e+05
0.0014719 2.4771e+05
0.0014738 2.4771e+05
0.0014757 2.4771e+05
0.0014775 2.4771e+05
0.0014794 2.4771e+05
0.0014813 2.4771e+05
0.0014832 2.4771e+05
0.0014851 2.4771e+05
0.001487 2.4771e+05
0.0014888 2.4771e+05
0.0014907 2.4771e+05
0.0014926 2.4771e+05
0.0014945 2.4771e+05
0.0014964 2.4771e+05
0.0014983 2.4771e+05
0.0015002 2.4771e+05
0.001502 2.4771e+05
0.0015039 2.4771e+05
0.0015058 2.4771e+05
0.0015077 2.4771e+05
0.0015096 2.4771e+05
0.0015115 2.4771e+05
0.0015133 2.4771e+05
0.0015152 2.4771e+05
0.0015171 2.4771e+05
0.001519 2.4771e+05
0.0015209 2.4771e+05
0.0015228 2.4771e+05
0.0015247 2.4771e+05
0.0015265 2.4771e+05
0.0015284 2.4771e+05
0.0015303 2.4771e+05
0.0015322 2.4771e+05
0.0015341 2.4771e+05
0.001536 2.4771e+05
0.0015378 2.4771e+05
0.0015397 2.4771e+05
0.0015416 2.4771e+05
0.0015435 2.4771e+05
0.0015454 2.4771e+05
0.0015473 2.4771e+05
0.0015492 2.4771e+05
0.001551 2.4771e+05
0.0015529 2.4771e+05
0.0015548 2.4771e+05
0.0015567 2.4771e+05
0.0015586 2.4771e+05
0.0015605 2.4771e+05
0.0015623 2.4771e+05
0.0015642 2.4771e+05
0.0015661 2.4771e+05
0.001568 2.4771e+05
0.0015699 2.4771e+05
0.0015718 2.4771e+05
0.0015737 2.4771e+05
0.0015755 2.4771e+05
0.0015774 2.4771e+05
0.0015793 2.4771e+05
0.0015812 2.4771e+05
0.0015831 2.4771e+05
0.001585 2.4771e+05
0.0015868 2.4771e+05
0.0015887 2.4771e+05
0.0015906 2.4771e+05
0.0015925 2.4771e+05
0.0015944 2.4771e+05
0.0015963 2.4771e+05
0.0015982 2.4771e+05
0.0016 2.4771e+05
0.0016019 2.4771e+05
0.0016038 2.4771e+05
0.0016057 2.4771e+05
0.0016076 2.4771e+05
0.0016095 2.4771e+05
0.0016113 2.4771e+05
0.0016132 2.4771e+05
0.0016151 2.4771e+05
0.001617 2.4771e+05
0.0016189 2.4771e+05
0.0016208 2.4771e+05
0.0016227 2.4771e+05
0.0016245 2.4771e+05
0.0016264 2.4771e+05
0.0016283 2.4771e+05
0.0016302 2.4771e+05
0.0016321 2.4771e+05
0.001634 2.4771e+05
0.0016358 2.4771e+05
0.0016377 2.4771e+05
0.0016396 2.4771e+05
0.0016415 2.4771e+05
0.0016434 2.4771e+05
0.0016453 2.4771e+05
0.0016472 2.4771e+05
0.001649 2.4771e+05
0.0016509 2.4771e+05
0.0016528 2.4771e+05
0.0016547 2.4771e+05
0.0016566 2.4771e+05
0.0016585 2.4771e+05
0.0016603 2.4771e+05
0.0016622 2.4771e+05
0.0016641 2.4771e+05
0.001666 2.4771e+05
0.0016679 2.4771e+05
0.0016698 2.4771e+05
0.0016717 2.4771e+05
0.0016735 2.4771e+05
0.0016754 2.4771e+05
0.0016773 2.4771e+05
0.0016792 2.4771e+05
0.0016811 2.4771e+05
0.001683 2.4771e+05
0.0016848 2.4771e+05
0.0016867 2.4771e+05
0.0016886 2.4771e+05
0.0016905 2.4771e+05
0.0016924 2.4771e+05
0.0016943 2.4771e+05
0.0016962 2.4771e+05
0.001698 2.4771e+05
0.0016999 2.4771e+05
0.0017018 2.4771e+05
0.0017037 2.4771e+05
0.0017056 2.4771e+05
0.0017075 2.4771e+05
0.0017093 2.4771e+05
0.0017112 2.4771e+05
0.0017131 2.4771e+05
0.001715 2.4771e+05
0.0017169 2.4771e+05
0.0017188 2.4771e+05
0.0017207 2.4771e+05
0.0017225 2.4771e+05
0.0017244 2.4771e+05
0.0017263 2.4771e+05
0.0017282 2.4771e+05
0.0017301 2.4771e+05
0.001732 2.4771e+05
0.0017338 2.4771e+05
0.0017357 2.4771e+05
0.0017376 2.4771e+05
0.0017395 2.4771e+05
0.0017414 2.4771e+05
0.0017433 2.4771e+05
0.0017452 2.4771e+05
0.001747 2.4771e+05
0.0017489 2.4771e+05
0.0017508 2.4771e+05
0.0017527 2.4771e+05
0.0017546 2.4771e+05
0.0017565 2.4771e+05
0.0017583 2.4771e+05
0.0017602 2.4771e+05
0.0017621 2.4771e+05
0.001764 2.4771e+05
0.0017659 2.4771e+05
0.0017678 2.4771e+05
0.0017697 2.4771e+05
0.0017715 2.4771e+05
0.0017734 2.4771e+05
0.0017753 2.4771e+05
0.0017772 2.4771e+05
0.0017791 2.4771e+05
0.001781 2.4771e+05
0.0017828 2.4771e+05
0.0017847 2.4771e+05
0.0017866 2.4771e+05
0.0017885 2.4771e+05
0.0017904 2.4771e+05
0.0017923 2.4771e+05
0.0017942 2.4771e+05
0.001796 2.4771e+05
0.0017979 2.4771e+05
0.0017998 2.4771e+05
0.0018017 2.4771e+05
0.0018036 2.4771e+05
0.0018055 2.4771e+05
0.0018073 2.4771e+05
0.0018092 2.4771e+05
0.0018111 2.4771e+05
0.001813 2.4771e+05
0.0018149 2.4771e+05
0.0018168 2.4771e+05
0.0018187 2.4771e+05
0.0018205 2.4771e+05
0.0018224 2.4771e+05
0.0018243 2.4771e+05
0.0018262 2.4771e+05
0.0018281 2.4771e+05
0.00183 2.4771e+05
0.0018318 2.4771e+05
0.0018337 2.4771e+05
0.0018356 2.4771e+05
0.0018375 2.4771e+05
0.0018394 2.4771e+05
0.0018413 2.4771e+05
0.0018432 2.4771e+05
0.001845 2.4771e+05
0.0018469 2.4771e+05
0.0018488 2.4771e+05
0.0018507 2.4771e+05
0.0018526 2.4771e+05
0.0018545 2.4771e+05
0.0018563 2.4771e+05
0.0018582 2.4771e+05
0.0018601 2.4771e+05
0.001862 2.4771e+05
0.0018639 2.4771e+05
0.0018658 2.4771e+05
0.0018677 2.4771e+05
0.0018695 2.4771e+05
0.0018714 2.4771e+05
0.0018733 2.4771e+05
0.0018752 2.4771e+05
0.0018771 2.4771e+05
0.001879 2.4771e+05
0.0018808 2.4771e+05
0.0018827 2.4771e+05
0.0018846 2.4771e+05
0.0018865 2.4771e+05
0.0018884 2.4771e+05
0.0018903 2.4771e+05
0.0018922 2.4771e+05
0.001894 2.4771e+05
0.0018959 2.4771e+05
0.0018978 2.4771e+05
0.0018997 2.4771e+05
0.0019016 2.4771e+05
0.0019035 2.4771e+05
0.0019053 2.4771e+05
0.0019072 2.4771e+05
0.0019091 2.4771e+05
0.001911 2.4771e+05
0.0019129 2.4771e+05
0.0019148 2.4771e+05
0.0019167 2.4771e+05
0.0019185 2.4771e+05
0.0019204 2.4771e+05
0.0019223 2.4771e+05
0.0019242 2.4771e+05
0.0019261 2.4771e+05
0.001928 2.4771e+05
0.0019298 2.4771e+05
0.0019317 2.4771e+05
0.0019336 2.4771e+05
0.0019355 2.4771e+05
0.0019374 2.4771e+05
0.0019393 2.4771e+05
0.0019412 2.4771e+05
0.001943 2.4771e+05
0.0019449 2.4771e+05
0.0019468 2.4771e+05
0.0019487 2.4771e+05
0.0019506 2.4771e+05
0.0019525 2.4771e+05
0.0019543 2.4771e+05
0.0019562 2.4771e+05
0.0019581 2.4771e+05
0.00196 2.4771e+05
0.0019619 2.4771e+05
0.0019638 2.4771e+05
0.0019657 2.4771e+05
0.0019675 2.4771e+05
0.0019694 2.4771e+05
0.0019713 2.4771e+05
0.0019732 2.4771e+05
0.0019751 2.4771e+05
0.001977 2.4771e+05
0.0019788 2.4771e+05
0.0019807 2.4771e+05
0.0019826 2.4771e+05
0.0019845 2.4771e+05
0.0019864 2.4771e+05
0.0019883 2.4771e+05
0.0019902 2.4771e+05
0.001992 2.4771e+05
0.0019939 2.4771e+05
0.0019958 2.4771e+05
0.0019977 2.4771e+05
0.0019996 2.4771e+05
0.0020015 2.4771e+05
0.0020033 2.4771e+05
0.0020052 2.4771e+05
0.0020071 2.4771e+05
0.002009 2.4771e+05
0.0020109 2.4771e+05
0.0020128 2.4771e+05
0.0020147 2.4771e+05
0.0020165 2.4771e+05
0.0020184 2.4771e+05
0.0020203 2.4771e+05
0.0020222 2.4771e+05
0.0020241 2.4771e+05
0.002026 2.4771e+05
0.0020278 2.4771e+05
0.0020297 2.4771e+05
0.0020316 2.4771e+05
0.0020335 2.4771e+05
0.0020354 2.4771e+05
0.0020373 2.4771e+05
0.0020392 2.4771e+05
0.002041 2.4771e+05
0.0020429 2.4771e+05
0.0020448 2.4771e+05
0.0020467 2.4771e+05
0.0020486 2.4771e+05
0.0020505 2.4771e+05
0.0020523 2.4771e+05
0.0020542 2.4771e+05
0.0020561 2.4771e+05
0.002058 2.4771e+05
0.0020599 2.4771e+05
0.0020618 2.4771e+05
0.0020637 2.4771e+05
0.0020655 2.4771e+05
0.0020674 2.4771e+05
0.0020693 2.4771e+05
0.0020712 2.4771e+05
0.0020731 2.4771e+05
0.002075 2.4771e+05
0.0020768 2.4771e+05
0.0020787 2.4771e+05
0.0020806 2.4771e+05
0.0020825 2.4771e+05
0.0020844 2.4771e+05
0.0020863 2.4771e+05
0.0020882 2.4771e+05
0.00209 2.4771e+05
0.0020919 2.4771e+05
0.0020938 2.4771e+05
0.0020957 2.4771e+05
0.0020976 2.4771e+05
0.0020995 2.4771e+05
0.0021013 2.4771e+05
0.0021032 2.4771e+05
0.0021051 2.4771e+05
0.002107 2.4771e+05
0.0021089 2.4771e+05
0.0021108 2.4771e+05
0.0021127 2.4771e+05
0.0021145 2.4771e+05
0.0021164 2.4771e+05
0.0021183 2.4771e+05
0.0021202 2.4771e+05
0.0021221 2.4771e+05
0.002124 2.4771e+05
0.0021258 2.4771e+05
0.0021277 2.4771e+05
0.0021296 2.4771e+05
0.0021315 2.4771e+05
0.0021334 2.4771e+05
0.0021353 2.4771e+05
0.0021372 2.4771e+05
0.002139 2.4771e+05
0.0021409 2.4771e+05
0.0021428 2.4771e+05
0.0021447 2.4771e+05
0.0021466 2.4771e+05
0.0021485 2.4771e+05
0.0021503 2.4771e+05
0.0021522 2.4771e+05
0.0021541 2.4771e+05
0.002156 2.4771e+05
0.0021579 2.4771e+05
0.0021598 2.4771e+05
0.0021617 2.4771e+05
0.0021635 2.4771e+05
0.0021654 2.4771e+05
0.0021673 2.4771e+05
0.0021692 2.4771e+05
0.0021711 2.4771e+05
0.002173 2.4771e+05
0.0021748 2.4771e+05
0.0021767 2.4771e+05
0.0021786 2.4771e+05
0.0021805 2.4771e+05
0.0021824 2.4771e+05
0.0021843 2.4771e+05
0.0021862 2.4771e+05
0.002188 2.4771e+05
0.0021899 2.4771e+05
0.0021918 2.4771e+05
0.0021937 2.4771e+05
0.0021956 2.4771e+05
0.0021975 2.4771e+05
0.0021993 2.4771e+05
0.0022012 2.4771e+05
0.0022031 2.4771e+05
0.002205 2.4771e+05
0.0022069 2.4771e+05
0.0022088 2.4771e+05
0.0022107 2.4771e+05
0.0022125 2.4771e+05
0.0022144 2.4771e+05
0.0022163 2.4771e+05
0.0022182 2.4771e+05
0.0022201 2.4771e+05
0.002222 2.4771e+05
0.0022238 2.4771e+05
0.0022257 2.4771e+05
0.0022276 2.4771e+05
0.0022295 2.4771e+05
0.0022314 2.4771e+05
0.0022333 2.4771e+05
0.0022352 2.4771e+05
0.002237 2.4771e+05
0.0022389 2.4771e+05
0.0022408 2.4771e+05
0.0022427 2.4771e+05
0.0022446 2.4771e+05
0.0022465 2.4771e+05
0.0022483 2.4771e+05
0.0022502 2.4771e+05
0.0022521 2.4771e+05
0.002254 2.4771e+05
0.0022559 2.4771e+05
0.0022578 2.4771e+05
0.0022597 2.4771e+05
0.0022615 2.4771e+05
0.0022634 2.4771e+05
0.0022653 2.4771e+05
0.0022672 2.4771e+05
0.0022691 2.4771e+05
0.002271 2.4771e+05
0.0022728 2.4771e+05
0.0022747 2.4771e+05
0.0022766 2.4771e+05
0.0022785 2.4771e+05
0.0022804 2.4771e+05
0.0022823 2.4771e+05
0.0022842 2.4771e+05
0.002286 2.4771e+05
0.0022879 2.4771e+05
0.0022898 2.4771e+05
0.0022917 2.4771e+05
0.0022936 2.4771e+05
0.0022955 2.4771e+05
0.0022973 2.4771e+05
0.0022992 2.4771e+05
0.0023011 2.4771e+05
0.002303 2.4771e+05
0.0023049 2.4771e+05
0.0023068 2.4771e+05
0.0023087 2.4771e+05
0.0023105 2.4771e+05
0.0023124 2.4771e+05
0.0023143 2.4771e+05
0.0023162 2.4771e+05
0.0023181 2.4771e+05
0.00232 2.4771e+05
0.0023218 2.4771e+05
0.0023237 2.4771e+05
0.0023256 2.4771e+05
0.0023275 2.4771e+05
0.0023294 2.4771e+05
0.0023313 2.4771e+05
0.0023332 2.4771e+05
0.002335 2.4771e+05
0.0023369 2.4771e+05
0.0023388 2.4771e+05
0.0023407 2.4771e+05
0.0023426 2.4771e+05
0.0023445 2.4771e+05
0.0023463 2.4771e+05
0.0023482 2.4771e+05
0.0023501 2.4771e+05
0.002352 2.4771e+05
0.0023539 2.4771e+05
0.0023558 2.4771e+05
0.0023577 2.4771e+05
0.0023595 2.4771e+05
0.0023614 2.4771e+05
0.0023633 2.4771e+05
0.0023652 2.4771e+05
0.0023671 2.4771e+05
0.002369 2.4771e+05
0.0023708 2.4771e+05
0.0023727 2.4771e+05
0.0023746 2.4771e+05
0.0023765 2.4771e+05
0.0023784 2.4771e+05
0.0023803 2.4771e+05
0.0023822 2.4771e+05
0.002384 2.4771e+05
0.0023859 2.4771e+05
0.0023878 2.4771e+05
0.0023897 2.4771e+05
0.0023916 2.4771e+05
0.0023935 2.4771e+05
0.0023953 2.4771e+05
0.0023972 2.4771e+05
0.0023991 2.4771e+05
0.002401 2.4771e+05
0.0024029 2.4771e+05
0.0024048 2.4771e+05
0.0024067 2.4771e+05
0.0024085 2.4771e+05
0.0024104 2.4771e+05
0.0024123 2.4771e+05
0.0024142 2.4771e+05
0.0024161 2.4771e+05
0.002418 2.4771e+05
0.0024198 2.4771e+05
0.0024217 2.4771e+05
0.0024236 2.4771e+05
0.0024255 2.4771e+05
0.0024274 2.4771e+05
0.0024293 2.4771e+05
0.0024312 2.4771e+05
0.002433 2.4771e+05
0.0024349 2.4771e+05
0.0024368 2.4771e+05
0.0024387 2.4771e+05
0.0024406 2.4771e+05
0.0024425 2.4771e+05
0.0024443 2.4771e+05
0.0024462 2.4771e+05
0.0024481 2.4771e+05
0.00245 2.4771e+05
0.0024519 2.4771e+05
0.0024538 2.4771e+05
0.0024557 2.4771e+05
0.0024575 2.4771e+05
0.0024594 2.4771e+05
0.0024613 2.4771e+05
0.0024632 2.4771e+05
0.0024651 2.4771e+05
0.002467 2.4771e+05
0.0024688 2.4771e+05
0.0024707 2.4771e+05
0.0024726 2.4771e+05
0.0024745 2.4771e+05
0.0024764 2.4771e+05
0.0024783 2.4771e+05
0.0024802 2.4771e+05
0.002482 2.4771e+05
0.0024839 2.4771e+05
0.0024858 2.4771e+05
0.0024877 2.4771e+05
0.0024896 2.4771e+05
0.0024915 2.4771e+05
0.0024933 2.4771e+05
0.0024952 2.4771e+05
0.0024971 2.4771e+05
0.002499 2.4771e+05
0.0025009 2.4771e+05
0.0025028 2.4771e+05
0.0025047 2.4771e+05
0.0025065 2.4771e+05
0.0025084 2.4771e+05
0.0025103 2.4771e+05
0.0025122 2.4771e+05
0.0025141 2.4771e+05
0.002516 2.4771e+05
0.0025178 2.4771e+05
0.0025197 2.4771e+05
0.0025216 2.4771e+05
0.0025235 2.4771e+05
0.0025254 2.4771e+05
0.0025273 2.4771e+05
0.0025292 2.4771e+05
0.002531 2.4771e+05
0.0025329 2.4771e+05
0.0025348 2.4771e+05
0.0025367 2.4771e+05
0.0025386 2.4771e+05
0.0025405 2.4771e+05
0.0025423 2.4771e+05
0.0025442 2.4771e+05
0.0025461 2.4771e+05
0.002548 2.4771e+05
0.0025499 2.4771e+05
0.0025518 2.4771e+05
0.0025537 2.4771e+05
0.0025555 2.4771e+05
0.0025574 2.4771e+05
0.0025593 2.4771e+05
0.0025612 2.4771e+05
0.0025631 2.4771e+05
0.002565 2.4771e+05
0.0025668 2.4771e+05
0.0025687 2.4771e+05
0.0025706 2.4771e+05
0.0025725 2.4771e+05
0.0025744 2.4771e+05
0.0025763 2.4771e+05
0.0025782 2.4771e+05
0.00258 2.4771e+05
0.0025819 2.4771e+05
0.0025838 2.4771e+05
0.0025857 2.4771e+05
0.0025876 2.4771e+05
0.0025895 2.4771e+05
0.0025913 2.4771e+05
0.0025932 2.4771e+05
0.0025951 2.4771e+05
0.002597 2.4771e+05
0.0025989 2.4771e+05
0.0026008 2.4771e+05
0.0026027 2.4771e+05
0.0026045 2.4771e+05
0.0026064 2.4771e+05
0.0026083 2.4771e+05
0.0026102 2.4771e+05
0.0026121 2.4771e+05
0.002614 2.4771e+05
0.0026158 2.4771e+05
0.0026177 2.4771e+05
0.0026196 2.4771e+05
0.0026215 2.4771e+05
0.0026234 2.4771e+05
0.0026253 2.4771e+05
0.0026272 2.4771e+05
0.002629 2.4771e+05
0.0026309 2.4771e+05
0.0026328 2.4771e+05
0.0026347 2.4771e+05
0.0026366 2.4771e+05
0.0026385 2.4771e+05
0.0026403 2.4771e+05
0.0026422 2.4771e+05
0.0026441 2.4771e+05
0.002646 2.4771e+05
0.0026479 2.4771e+05
0.0026498 2.4771e+05
0.0026517 2.4771e+05
0.0026535 2.4771e+05
0.0026554 2.4771e+05
0.0026573 2.4771e+05
0.0026592 2.4771e+05
0.0026611 2.4771e+05
0.002663 2.4771e+05
0.0026648 2.4771e+05
0.0026667 2.4771e+05
0.0026686 2.4771e+05
0.0026705 2.4771e+05
0.0026724 2.4771e+05
0.0026743 2.4771e+05
0.0026762 2.4771e+05
0.002678 2.4771e+05
0.0026799 2.4771e+05
0.0026818 2.4771e+05
0.0026837 2.4771e+05
0.0026856 2.4771e+05
0.0026875 2.4771e+05
0.0026893 2.4771e+05
0.0026912 2.4771e+05
0.0026931 2.4771e+05
0.002695 2.4771e+05
0.0026969 2.4771e+05
0.0026988 2.4771e+05
0.0027007 2.4771e+05
0.0027025 2.4771e+05
0.0027044 2.4771e+05
0.0027063 2.4771e+05
0.0027082 2.4771e+05
0.0027101 2.4771e+05
0.002712 2.4771e+05
0.0027138 2.4771e+05
0.0027157 2.4771e+05
0.0027176 2.4771e+05
0.0027195 2.4771e+05
0.0027214 2.4771e+05
0.0027233 2.4771e+05
0.0027252 2.4771e+05
0.002727 2.4771e+05
0.0027289 2.4771e+05
0.0027308 2.4771e+05
0.0027327 2.4771e+05
0.0027346 2.4771e+05
0.0027365 2.4771e+05
0.0027383 2.4771e+05
0.0027402 2.4771e+05
0.0027421 2.4771e+05
0.002744 2.4771e+05
0.0027459 2.4771e+05
0.0027478 2.4771e+05
0.0027497 2.4771e+05
0.0027515 2.4771e+05
0.0027534 2.4771e+05
0.0027553 2.4771e+05
0.0027572 2.4771e+05
0.0027591 2.4771e+05
0.002761 2.4771e+05
0.0027628 2.4771e+05
0.0027647 2.4771e+05
0.0027666 2.4771e+05
0.0027685 2.4771e+05
0.0027704 2.4771e+05
0.0027723 2.4771e+05
0.0027742 2.4771e+05
0.002776 2.4771e+05
0.0027779 2.4771e+05
0.0027798 2.4771e+05
0.0027817 2.4771e+05
0.0027836 2.4771e+05
0.0027855 2.4771e+05
0.0027873 2.4771e+05
0.0027892 2.4771e+05
0.0027911 2.4771e+05
0.002793 2.4771e+05
0.0027949 2.4771e+05
0.0027968 2.4771e+05
0.0027987 2.4771e+05
0.0028005 2.4771e+05
0.0028024 2.4771e+05
0.0028043 2.4771e+05
0.0028062 2.4771e+05
0.0028081 2.4771e+05
0.00281 2.4771e+05
0.0028118 2.4771e+05
0.0028137 2.4771e+05
0.0028156 2.4771e+05
0.0028175 2.4771e+05
0.0028194 2.4771e+05
0.0028213 2.4771e+05
0.0028232 2.4771e+05
0.002825 2.4771e+05
0.0028269 2.4771e+05
0.0028288 2.4771e+05
0.0028307 2.4771e+05
0.0028326 2.4771e+05
0.0028345 2.4771e+05
0.0028363 2.4771e+05
0.0028382 2.4771e+05
0.0028401 2.4771e+05
0.002842 2.4771e+05
0.0028439 2.4771e+05
0.0028458 2.4771e+05
0.0028477 2.4771e+05
0.0028495 2.4771e+05
0.0028514 2.4771e+05
0.0028533 2.4771e+05
0.0028552 2.4771e+05
0.0028571 2.4771e+05
0.002859 2.4771e+05
0.0028608 2.4771e+05
0.0028627 2.4771e+05
0.0028646 2.4771e+05
0.0028665 2.4771e+05
0.0028684 2.4771e+05
0.0028703 2.4771e+05
0.0028722 2.4771e+05
0.002874 2.4771e+05
0.0028759 2.4771e+05
0.0028778 2.4771e+05
0.0028797 2.4771e+05
0.0028816 2.4771e+05
0.0028835 2.4771e+05
0.0028853 2.4771e+05
0.0028872 2.4771e+05
0.0028891 2.4771e+05
0.002891 2.4771e+05
0.0028929 2.4771e+05
0.0028948 2.4771e+05
0.0028967 2.4771e+05
0.0028985 2.4771e+05
0.0029004 2.4771e+05
0.0029023 2.4771e+05
0.0029042 2.4771e+05
0.0029061 2.4771e+05
0.002908 2.4771e+05
0.0029098 2.4771e+05
0.0029117 2.4771e+05
0.0029136 2.4771e+05
0.0029155 2.4771e+05
0.0029174 2.4771e+05
0.0029193 2.4771e+05
0.0029212 2.4771e+05
0.002923 2.4771e+05
0.0029249 2.4771e+05
0.0029268 2.4771e+05
0.0029287 2.4771e+05
0.0029306 2.4771e+05
0.0029325 2.4771e+05
0.0029343 2.4771e+05
0.0029362 2.4771e+05
0.0029381 2.4771e+05
0.00294 2.4771e+05
0.0029419 2.4771e+05
0.0029438 2.4771e+05
0.0029457 2.4771e+05
0.0029475 2.4771e+05
0.0029494 2.4771e+05
0.0029513 2.4771e+05
0.0029532 2.4771e+05
0.0029551 2.4771e+05
0.002957 2.4771e+05
0.0029588 2.4771e+05
0.0029607 2.4771e+05
0.0029626 2.4771e+05
0.0029645 2.4771e+05
0.0029664 2.4771e+05
0.0029683 2.4771e+05
0.0029702 2.4771e+05
0.002972 2.4771e+05
0.0029739 2.4771e+05
0.0029758 2.4771e+05
0.0029777 2.4771e+05
0.0029796 2.4771e+05
0.0029815 2.4771e+05
0.0029833 2.4771e+05
0.0029852 2.4771e+05
0.0029871 2.4771e+05
0.002989 2.4771e+05
0.0029909 2.4771e+05
0.0029928 2.4771e+05
0.0029947 2.4771e+05
0.0029965 2.4771e+05
0.0029984 2.4771e+05
0.0030003 2.4771e+05
0.0030022 2.4771e+05
0.0030041 2.4771e+05
0.003006 2.4771e+05
0.0030078 2.4771e+05
0.0030097 2.4771e+05
0.0030116 2.4771e+05
0.0030135 2.4771e+05
0.0030154 2.4771e+05
0.0030173 2.4771e+05
0.0030192 2.4771e+05
0.003021 2.4771e+05
0.0030229 2.4771e+05
0.0030248 2.4771e+05
0.0030267 2.4771e+05
0.0030286 2.4771e+05
0.0030305 2.4771e+05
0.0030323 2.4771e+05
0.0030342 2.4771e+05
0.0030361 2.4771e+05
0.003038 2.4771e+05
0.0030399 2.4771e+05
0.0030418 2.4771e+05
0.0030437 2.4771e+05
0.0030455 2.4771e+05
0.0030474 2.4771e+05
0.0030493 2.4771e+05
0.0030512 2.4771e+05
0.0030531 2.4771e+05
0.003055 2.4771e+05
0.0030568 2.4771e+05
0.0030587 2.4771e+05
0.0030606 2.4771e+05
0.0030625 2.4771e+05
0.0030644 2.4771e+05
0.0030663 2.4771e+05
0.0030682 2.4771e+05
0.00307 2.4771e+05
0.0030719 2.4771e+05
0.0030738 2.4771e+05
0.0030757 2.4771e+05
0.0030776 2.4771e+05
0.0030795 2.4771e+05
0.0030813 2.4771e+05
0.0030832 2.4771e+05
0.0030851 2.4771e+05
0.003087 2.4771e+05
0.0030889 2.4771e+05
0.0030908 2.4771e+05
0.0030927 2.4771e+05
0.0030945 2.4771e+05
0.0030964 2.4771e+05
0.0030983 2.4771e+05
0.0031002 2.4771e+05
0.0031021 2.4771e+05
0.003104 2.4771e+05
0.0031058 2.4771e+05
0.0031077 2.4771e+05
0.0031096 2.4771e+05
0.0031115 2.4771e+05
0.0031134 2.4771e+05
0.0031153 2.4771e+05
0.0031172 2.4771e+05
0.003119 2.4771e+05
0.0031209 2.4771e+05
0.0031228 2.4771e+05
0.0031247 2.4771e+05
0.0031266 2.4771e+05
0.0031285 2.4771e+05
0.0031303 2.4771e+05
0.0031322 2.4771e+05
0.0031341 2.4771e+05
0.003136 2.4771e+05
0.0031379 2.4771e+05
0.0031398 2.4771e+05
0.0031417 2.4771e+05
0.0031435 2.4771e+05
0.0031454 2.4771e+05
0.0031473 2.4771e+05
0.0031492 2.4771e+05
0.0031511 2.4771e+05
0.003153 2.4771e+05
0.0031548 2.4771e+05
0.0031567 2.4771e+05
0.0031586 2.4771e+05
0.0031605 2.4771e+05
0.0031624 2.4771e+05
0.0031643 2.4771e+05
0.0031662 2.4771e+05
0.003168 2.4771e+05
0.0031699 2.4771e+05
0.0031718 2.4771e+05
0.0031737 2.4771e+05
0.0031756 2.4771e+05
0.0031775 2.4771e+05
0.0031793 2.4771e+05
0.0031812 2.4771e+05
0.0031831 2.4771e+05
0.003185 2.4771e+05
0.0031869 2.4771e+05
0.0031888 2.4771e+05
0.0031907 2.4771e+05
0.0031925 2.4771e+05
0.0031944 2.4771e+05
0.0031963 2.4771e+05
0.0031982 2.4771e+05
0.0032001 2.4771e+05
0.003202 2.4771e+05
0.0032038 2.4771e+05
0.0032057 2.4771e+05
0.0032076 2.4771e+05
0.0032095 2.4771e+05
0.0032114 2.4771e+05
0.0032133 2.4771e+05
0.0032152 2.4771e+05
0.003217 2.4771e+05
0.0032189 2.4771e+05
0.0032208 2.4771e+05
0.0032227 2.4771e+05
0.0032246 2.4771e+05
0.0032265 2.4771e+05
0.0032283 2.4771e+05
0.0032302 2.4771e+05
0.0032321 2.4771e+05
0.003234 2.4771e+05
0.0032359 2.4771e+05
0.0032378 2.4771e+05
0.0032397 2.4771e+05
0.0032415 2.4771e+05
0.0032434 2.4771e+05
0.0032453 2.4771e+05
0.0032472 2.4771e+05
0.0032491 2.4771e+05
0.003251 2.4771e+05
0.0032528 2.4771e+05
0.0032547 2.4771e+05
0.0032566 2.4771e+05
0.0032585 2.4771e+05
0.0032604 2.4771e+05
0.0032623 2.4771e+05
0.0032642 2.4771e+05
0.003266 2.4771e+05
0.0032679 2.4771e+05
0.0032698 2.4771e+05
0.0032717 2.4771e+05
0.0032736 2.4771e+05
0.0032755 2.4771e+05
0.0032773 2.4771e+05
0.0032792 2.4771e+05
0.0032811 2.4771e+05
0.003283 2.4771e+05
0.0032849 2.4771e+05
0.0032868 2.4771e+05
0.0032887 2.4771e+05
0.0032905 2.4771e+05
0.0032924 2.4771e+05
0.0032943 2.4771e+05
0.0032962 2.4771e+05
0.0032981 2.4771e+05
0.0033 2.4771e+05
0.0033018 2.4771e+05
0.0033037 2.4771e+05
0.0033056 2.4771e+05
0.0033075 2.4771e+05
0.0033094 2.4771e+05
0.0033113 2.4771e+05
0.0033132 2.4771e+05
0.003315 2.4771e+05
0.0033169 2.4771e+05
0.0033188 2.4771e+05
0.0033207 2.4771e+05
0.0033226 2.4771e+05
0.0033245 2.4771e+05
0.0033263 2.4771e+05
0.0033282 2.4771e+05
0.0033301 2.4771e+05
0.003332 2.4771e+05
0.0033339 2.4771e+05
0.0033358 2.4771e+05
0.0033377 2.4771e+05
0.0033395 2.4771e+05
0.0033414 2.4771e+05
0.0033433 2.4771e+05
0.0033452 2.4771e+05
0.0033471 2.4771e+05
0.003349 2.4771e+05
0.0033508 2.4771e+05
0.0033527 2.4771e+05
0.0033546 2.4771e+05
0.0033565 2.4771e+05
0.0033584 2.4771e+05
0.0033603 2.4771e+05
0.0033622 2.4771e+05
0.003364 2.4771e+05
0.0033659 2.4771e+05
0.0033678 2.4771e+05
0.0033697 2.4771e+05
0.0033716 2.4771e+05
0.0033735 2.4771e+05
0.0033753 2.4771e+05
0.0033772 2.4771e+05
0.0033791 2.4771e+05
0.003381 2.4771e+05
0.0033829 2.4771e+05
0.0033848 2.4771e+05
0.0033867 2.4771e+05
0.0033885 2.4771e+05
0.0033904 2.4771e+05
0.0033923 2.4771e+05
0.0033942 2.4771e+05
0.0033961 2.4771e+05
0.003398 2.4771e+05
0.0033998 2.4771e+05
0.0034017 2.4771e+05
0.0034036 2.4771e+05
0.0034055 2.4771e+05
0.0034074 2.4771e+05
0.0034093 2.4771e+05
0.0034112 2.4771e+05
0.003413 2.4771e+05
0.0034149 2.4771e+05
0.0034168 2.4771e+05
0.0034187 2.4771e+05
0.0034206 2.4771e+05
0.0034225 2.4771e+05
0.0034243 2.4771e+05
0.0034262 2.4771e+05
0.0034281 2.4771e+05
0.00343 2.4771e+05
0.0034319 2.4771e+05
0.0034338 2.4771e+05
0.0034357 2.4771e+05
0.0034375 2.4771e+05
0.0034394 2.4771e+05
0.0034413 2.4771e+05
0.0034432 2.4771e+05
0.0034451 2.4771e+05
0.003447 2.4771e+05
0.0034488 2.4771e+05
0.0034507 2.4771e+05
0.0034526 2.4771e+05
0.0034545 2.4771e+05
0.0034564 2.4771e+05
0.0034583 2.4771e+05
0.0034602 2.4771e+05
0.003462 2.4771e+05
0.0034639 2.4771e+05
0.0034658 2.4771e+05
0.0034677 2.4771e+05
0.0034696 2.4771e+05
0.0034715 2.4771e+05
0.0034733 2.4771e+05
0.0034752 2.4771e+05
0.0034771 2.4771e+05
0.003479 2.4771e+05
0.0034809 2.4771e+05
0.0034828 2.4771e+05
0.0034847 2.4771e+05
0.0034865 2.4771e+05
0.0034884 2.4771e+05
0.0034903 2.4771e+05
0.0034922 2.4771e+05
0.0034941 2.4771e+05
0.003496 2.4771e+05
0.0034978 2.4771e+05
0.0034997 2.4771e+05
0.0035016 2.4771e+05
0.0035035 2.4771e+05
0.0035054 2.4771e+05
0.0035073 2.4771e+05
0.0035092 2.4771e+05
0.003511 2.4771e+05
0.0035129 2.4771e+05
0.0035148 2.4771e+05
0.0035167 2.4771e+05
0.0035186 2.4771e+05
0.0035205 2.4771e+05
0.0035223 2.4771e+05
0.0035242 2.4771e+05
0.0035261 2.4771e+05
0.003528 2.4771e+05
0.0035299 2.4771e+05
0.0035318 2.4771e+05
0.0035337 2.4771e+05
0.0035355 2.4771e+05
0.0035374 2.4771e+05
0.0035393 2.4771e+05
0.0035412 2.4771e+05
0.0035431 2.4771e+05
0.003545 2.4771e+05
0.0035468 2.4771e+05
0.0035487 2.4771e+05
0.0035506 2.4771e+05
0.0035525 2.4771e+05
0.0035544 2.4771e+05
0.0035563 2.4771e+05
0.0035582 2.4771e+05
0.00356 2.4771e+05
0.0035619 2.4771e+05
0.0035638 2.4771e+05
0.0035657 2.4771e+05
0.0035676 2.4771e+05
0.0035695 2.4771e+05
0.0035713 2.4771e+05
0.0035732 2.4771e+05
0.0035751 2.4771e+05
0.003577 2.4771e+05
0.0035789 2.4771e+05
0.0035808 2.4771e+05
0.0035827 2.4771e+05
0.0035845 2.4771e+05
0.0035864 2.4771e+05
0.0035883 2.4771e+05
0.0035902 2.4771e+05
0.0035921 2.4771e+05
0.003594 2.4771e+05
0.0035958 2.4771e+05
0.0035977 2.4771e+05
0.0035996 2.4771e+05
0.0036015 2.4771e+05
0.0036034 2.4771e+05
0.0036053 2.4771e+05
0.0036072 2.4771e+05
0.003609 2.4771e+05
0.0036109 2.4771e+05
0.0036128 2.4771e+05
0.0036147 2.4771e+05
0.0036166 2.4771e+05
0.0036185 2.4771e+05
0.0036203 2.4771e+05
0.0036222 2.4771e+05
0.0036241 2.4771e+05
0.003626 2.4771e+05
0.0036279 2.4771e+05
0.0036298 2.4771e+05
0.0036317 2.4771e+05
0.0036335 2.4771e+05
0.0036354 2.4771e+05
0.0036373 2.4771e+05
0.0036392 2.4771e+05
0.0036411 2.4771e+05
0.003643 2.4771e+05
0.0036448 2.4771e+05
0.0036467 2.4771e+05
0.0036486 2.4771e+05
0.0036505 2.4771e+05
0.0036524 2.4771e+05
0.0036543 2.4771e+05
0.0036562 2.4771e+05
0.003658 2.4771e+05
0.0036599 2.4771e+05
0.0036618 2.4771e+05
0.0036637 2.4771e+05
0.0036656 2.4771e+05
0.0036675 2.4771e+05
0.0036693 2.4771e+05
0.0036712 2.4771e+05
0.0036731 2.4771e+05
0.003675 2.4771e+05
0.0036769 2.4771e+05
0.0036788 2.4771e+05
0.0036807 2.4771e+05
0.0036825 2.4771e+05
0.0036844 2.4771e+05
0.0036863 2.4771e+05
0.0036882 2.4771e+05
0.0036901 2.4771e+05
0.003692 2.4771e+05
0.0036938 2.4771e+05
0.0036957 2.4771e+05
0.0036976 2.4771e+05
0.0036995 2.4771e+05
0.0037014 2.4771e+05
0.0037033 2.4771e+05
0.0037052 2.4771e+05
0.003707 2.4771e+05
0.0037089 2.4771e+05
0.0037108 2.4771e+05
0.0037127 2.4771e+05
0.0037146 2.4771e+05
0.0037165 2.4771e+05
0.0037183 2.4771e+05
0.0037202 2.4771e+05
0.0037221 2.4771e+05
0.003724 2.4771e+05
0.0037259 2.4771e+05
0.0037278 2.4771e+05
0.0037297 2.4771e+05
0.0037315 2.4771e+05
0.0037334 2.4771e+05
0.0037353 2.4771e+05
0.0037372 2.4771e+05
0.0037391 2.4771e+05
0.003741 2.4771e+05
0.0037428 2.4771e+05
0.0037447 2.4771e+05
0.0037466 2.4771e+05
0.0037485 2.4771e+05
0.0037504 2.4771e+05
0.0037523 2.4771e+05
0.0037542 2.4771e+05
0.003756 2.4771e+05
0.0037579 2.4771e+05
0.0037598 2.4771e+05
0.0037617 2.4771e+05
0.0037636 2.4771e+05
0.0037655 2.4771e+05
0.0037673 2.4771e+05
0.0037692 2.4771e+05
0.0037711 2.4771e+05
0.003773 2.4771e+05
0.0037749 2.4771e+05
0.0037768 2.4771e+05
0.0037787 2.4771e+05
0.0037805 2.4771e+05
0.0037824 2.4771e+05
0.0037843 2.4771e+05
0.0037862 2.4771e+05
0.0037881 2.4771e+05
0.00379 2.4771e+05
0.0037918 2.4771e+05
0.0037937 2.4771e+05
0.0037956 2.4771e+05
0.0037975 2.4771e+05
0.0037994 2.4771e+05
0.0038013 2.4771e+05
0.0038032 2.4771e+05
0.003805 2.4771e+05
0.0038069 2.4771e+05
0.0038088 2.4771e+05
0.0038107 2.4771e+05
0.0038126 2.4771e+05
0.0038145 2.4771e+05
0.0038163 2.4771e+05
0.0038182 2.4771e+05
0.0038201 2.4771e+05
0.003822 2.4771e+05
0.0038239 2.4771e+05
0.0038258 2.4771e+05
0.0038277 2.4771e+05
0.0038295 2.4771e+05
0.0038314 2.4771e+05
0.0038333 2.4771e+05
0.0038352 2.4771e+05
0.0038371 2.4771e+05
0.003839 2.4771e+05
0.0038408 2.4771e+05
0.0038427 2.4771e+05
0.0038446 2.4771e+05
0.0038465 2.4771e+05
0.0038484 2.4771e+05
0.0038503 2.4771e+05
0.0038522 2.4771e+05
0.003854 2.4771e+05
0.0038559 2.4771e+05
0.0038578 2.4771e+05
0.0038597 2.4771e+05
0.0038616 2.4771e+05
0.0038635 2.4771e+05
0.0038653 2.4771e+05
0.0038672 2.4771e+05
0.0038691 2.4771e+05
0.003871 2.4771e+05
0.0038729 2.4771e+05
0.0038748 2.4771e+05
0.0038767 2.4771e+05
0.0038785 2.4771e+05
0.0038804 2.4771e+05
0.0038823 2.4771e+05
0.0038842 2.4771e+05
0.0038861 2.4771e+05
0.003888 2.4771e+05
0.0038898 2.4771e+05
0.0038917 2.4771e+05
0.0038936 2.4771e+05
0.0038955 2.4771e+05
0.0038974 2.4771e+05
0.0038993 2.4771e+05
0.0039012 2.4771e+05
0.003903 2.4771e+05
0.0039049 2.4771e+05
0.0039068 2.4771e+05
0.0039087 2.4771e+05
0.0039106 2.4771e+05
0.0039125 2.4771e+05
0.0039143 2.4771e+05
0.0039162 2.4771e+05
0.0039181 2.4771e+05
0.00392 2.4771e+05
0.0039219 2.4771e+05
0.0039238 2.4771e+05
0.0039257 2.4771e+05
0.0039275 2.4771e+05
0.0039294 2.4771e+05
0.0039313 2.4771e+05
0.0039332 2.4771e+05
0.0039351 2.4771e+05
0.003937 2.4771e+05
0.0039388 2.4771e+05
0.0039407 2.4771e+05
0.0039426 2.4771e+05
0.0039445 2.4771e+05
0.0039464 2.4771e+05
0.0039483 2.4771e+05
0.0039502 2.4771e+05
0.003952 2.4771e+05
0.0039539 2.4771e+05
0.0039558 2.4771e+05
0.0039577 2.4771e+05
0.0039596 2.4771e+05
0.0039615 2.4771e+05
0.0039633 2.4771e+05
0.0039652 2.4771e+05
0.0039671 2.4771e+05
0.003969 2.4771e+05
0.0039709 2.4771e+05
0.0039728 2.4771e+05
0.0039747 2.4771e+05
0.0039765 2.4771e+05
0.0039784 2.4771e+05
0.0039803 2.4771e+05
0.0039822 2.4771e+05
0.0039841 2.4771e+05
0.003986 2.4771e+05
0.0039878 2.4771e+05
0.0039897 2.4771e+05
0.0039916 2.4771e+05
0.0039935 2.4771e+05
0.0039954 2.4771e+05
0.0039973 2.4771e+05
0.0039992 2.4771e+05
0.004001 2.4771e+05
0.0040029 2.4771e+05
0.0040048 2.4771e+05
0.0040067 2.4771e+05
0.0040086 2.4771e+05
0.0040105 2.4771e+05
0.0040123 2.4771e+05
0.0040142 2.4771e+05
0.0040161 2.4771e+05
0.004018 2.4771e+05
0.0040199 2.4771e+05
0.0040218 2.4771e+05
0.0040237 2.4771e+05
0.0040255 2.4771e+05
0.0040274 2.4771e+05
0.0040293 2.4771e+05
0.0040312 2.4771e+05
0.0040331 2.4771e+05
0.004035 2.4771e+05
0.0040368 2.4771e+05
0.0040387 2.4771e+05
0.0040406 2.4771e+05
0.0040425 2.4771e+05
0.0040444 2.4771e+05
0.0040463 2.4771e+05
0.0040482 2.4771e+05
0.00405 2.4771e+05
0.0040519 2.4771e+05
0.0040538 2.4771e+05
0.0040557 2.4771e+05
0.0040576 2.4771e+05
0.0040595 2.4771e+05
0.0040613 2.4771e+05
0.0040632 2.4771e+05
0.0040651 2.4771e+05
0.004067 2.4771e+05
0.0040689 2.4771e+05
0.0040708 2.4771e+05
0.0040727 2.4771e+05
0.0040745 2.4771e+05
0.0040764 2.4771e+05
0.0040783 2.4771e+05
0.0040802 2.4771e+05
0.0040821 2.4771e+05
0.004084 2.4771e+05
0.0040858 2.4771e+05
0.0040877 2.4771e+05
0.0040896 2.4771e+05
0.0040915 2.4771e+05
0.0040934 2.4771e+05
0.0040953 2.4771e+05
0.0040972 2.4771e+05
0.004099 2.4771e+05
0.0041009 2.4771e+05
0.0041028 2.4771e+05
0.0041047 2.4771e+05
0.0041066 2.4771e+05
0.0041085 2.4771e+05
0.0041103 2.4771e+05
0.0041122 2.4771e+05
0.0041141 2.4771e+05
0.004116 2.4771e+05
0.0041179 2.4771e+05
0.0041198 2.4771e+05
0.0041217 2.4771e+05
0.0041235 2.4771e+05
0.0041254 2.4771e+05
0.0041273 2.4771e+05
0.0041292 2.4771e+05
0.0041311 2.4771e+05
0.004133 2.4771e+05
0.0041348 2.4771e+05
0.0041367 2.4771e+05
0.0041386 2.4771e+05
0.0041405 2.4771e+05
0.0041424 2.4771e+05
0.0041443 2.4771e+05
0.0041462 2.4771e+05
0.004148 2.4771e+05
0.0041499 2.4771e+05
0.0041518 2.4771e+05
0.0041537 2.4771e+05
0.0041556 2.4771e+05
0.0041575 2.4771e+05
0.0041593 2.4771e+05
0.0041612 2.4771e+05
0.0041631 2.4771e+05
0.004165 2.4771e+05
0.0041669 2.4771e+05
0.0041688 2.4771e+05
0.0041707 2.4771e+05
0.0041725 2.4771e+05
0.0041744 2.4771e+05
0.0041763 2.4771e+05
0.0041782 2.4771e+05
0.0041801 2.4771e+05
0.004182 2.4771e+05
0.0041838 2.4771e+05
0.0041857 2.4771e+05
0.0041876 2.4771e+05
0.0041895 2.4771e+05
0.0041914 2.4771e+05
0.0041933 2.4771e+05
0.0041952 2.4771e+05
0.004197 2.4771e+05
0.0041989 2.4771e+05
0.0042008 2.4771e+05
0.0042027 2.4771e+05
0.0042046 2.4771e+05
0.0042065 2.4771e+05
0.0042083 2.4771e+05
0.0042102 2.4771e+05
0.0042121 2.4771e+05
0.004214 2.4771e+05
0.0042159 2.4771e+05
0.0042178 2.4771e+05
0.0042197 2.4771e+05
0.0042215 2.4771e+05
0.0042234 2.4771e+05
0.0042253 2.4771e+05
0.0042272 2.4771e+05
0.0042291 2.4771e+05
0.004231 2.4771e+05
0.0042328 2.4771e+05
0.0042347 2.4771e+05
0.0042366 2.4771e+05
0.0042385 2.4771e+05
0.0042404 2.4771e+05
0.0042423 2.4771e+05
0.0042442 2.4771e+05
0.004246 2.4771e+05
0.0042479 2.4771e+05
0.0042498 2.4771e+05
0.0042517 2.4771e+05
0.0042536 2.4771e+05
0.0042555 2.4771e+05
0.0042573 2.4771e+05
0.0042592 2.4771e+05
0.0042611 2.4771e+05
0.004263 2.4771e+05
0.0042649 2.4771e+05
0.0042668 2.4771e+05
0.0042687 2.4771e+05
0.0042705 2.4771e+05
0.0042724 2.4771e+05
0.0042743 2.4771e+05
0.0042762 2.4771e+05
0.0042781 2.4771e+05
0.00428 2.4771e+05
0.0042818 2.4771e+05
0.0042837 2.4771e+05
0.0042856 2.4771e+05
0.0042875 2.4771e+05
0.0042894 2.4771e+05
0.0042913 2.4771e+05
0.0042932 2.4771e+05
0.004295 2.4771e+05
0.0042969 2.4771e+05
0.0042988 2.4771e+05
0.0043007 2.4771e+05
0.0043026 2.4771e+05
0.0043045 2.4771e+05
0.0043063 2.4771e+05
0.0043082 2.4771e+05
0.0043101 2.4771e+05
0.004312 2.4771e+05
0.0043139 2.4771e+05
0.0043158 2.4771e+05
0.0043177 2.4771e+05
0.0043195 2.4771e+05
0.0043214 2.4771e+05
0.0043233 2.4771e+05
0.0043252 2.4771e+05
0.0043271 2.4771e+05
0.004329 2.4771e+05
0.0043308 2.4771e+05
0.0043327 2.4771e+05
0.0043346 2.4771e+05
0.0043365 2.4771e+05
0.0043384 2.4771e+05
0.0043403 2.4771e+05
0.0043422 2.4771e+05
0.004344 2.4771e+05
0.0043459 2.4771e+05
0.0043478 2.4771e+05
0.0043497 2.4771e+05
0.0043516 2.4771e+05
0.0043535 2.4771e+05
0.0043553 2.4771e+05
0.0043572 2.4771e+05
0.0043591 2.4771e+05
0.004361 2.4771e+05
0.0043629 2.4771e+05
0.0043648 2.4771e+05
0.0043667 2.4771e+05
0.0043685 2.4771e+05
0.0043704 2.4771e+05
0.0043723 2.4771e+05
0.0043742 2.4771e+05
0.0043761 2.4771e+05
0.004378 2.4771e+05
0.0043798 2.4771e+05
0.0043817 2.4771e+05
0.0043836 2.4771e+05
0.0043855 2.4771e+05
0.0043874 2.4771e+05
0.0043893 2.4771e+05
0.0043912 2.4771e+05
0.004393 2.4771e+05
0.0043949 2.4771e+05
0.0043968 2.4771e+05
0.0043987 2.4771e+05
0.0044006 2.4771e+05
0.0044025 2.4771e+05
0.0044043 2.4771e+05
0.0044062 2.4771e+05
0.0044081 2.4771e+05
0.00441 2.4771e+05
0.0044119 2.4771e+05
0.0044138 2.4771e+05
0.0044157 2.4771e+05
0.0044175 2.4771e+05
0.0044194 2.4771e+05
0.0044213 2.4771e+05
0.0044232 2.4771e+05
0.0044251 2.4771e+05
0.004427 2.4771e+05
0.0044288 2.4771e+05
0.0044307 2.4771e+05
0.0044326 2.4771e+05
0.0044345 2.4771e+05
0.0044364 2.4771e+05
0.0044383 2.4771e+05
0.0044402 2.4771e+05
0.004442 2.4771e+05
0.0044439 2.4771e+05
0.0044458 2.4771e+05
0.0044477 2.4771e+05
0.0044496 2.4771e+05
0.0044515 2.4771e+05
0.0044533 2.4771e+05
0.0044552 2.4771e+05
0.0044571 2.4771e+05
0.004459 2.4771e+05
0.0044609 2.4771e+05
0.0044628 2.4771e+05
0.0044647 2.4771e+05
0.0044665 2.4771e+05
0.0044684 2.4771e+05
0.0044703 2.4771e+05
0.0044722 2.4771e+05
0.0044741 2.4771e+05
0.004476 2.4771e+05
0.0044778 2.4771e+05
0.0044797 2.4771e+05
0.0044816 2.4771e+05
0.0044835 2.4771e+05
0.0044854 2.4771e+05
0.0044873 2.4771e+05
0.0044892 2.4771e+05
0.004491 2.4771e+05
0.0044929 2.4771e+05
0.0044948 2.4771e+05
0.0044967 2.4771e+05
0.0044986 2.4771e+05
0.0045005 2.4771e+05
0.0045023 2.4771e+05
0.0045042 2.4771e+05
0.0045061 2.4771e+05
0.004508 2.4771e+05
0.0045099 2.4771e+05
0.0045118 2.4771e+05
0.0045137 2.4771e+05
0.0045155 2.4771e+05
0.0045174 2.4771e+05
0.0045193 2.4771e+05
0.0045212 2.4771e+05
0.0045231 2.4771e+05
0.004525 2.4771e+05
0.0045268 2.4771e+05
0.0045287 2.4771e+05
0.0045306 2.4771e+05
0.0045325 2.4771e+05
0.0045344 2.4771e+05
0.0045363 2.4771e+05
0.0045382 2.4771e+05
0.00454 2.4771e+05
0.0045419 2.4771e+05
0.0045438 2.4771e+05
0.0045457 2.4771e+05
0.0045476 2.4771e+05
0.0045495 2.4771e+05
0.0045513 2.4771e+05
0.0045532 2.4771e+05
0.0045551 2.4771e+05
0.004557 2.4771e+05
0.0045589 2.4771e+05
0.0045608 2.4771e+05
0.0045627 2.4771e+05
0.0045645 2.4771e+05
0.0045664 2.4771e+05
0.0045683 2.4771e+05
0.0045702 2.4771e+05
0.0045721 2.4771e+05
0.004574 2.4771e+05
0.0045758 2.4771e+05
0.0045777 2.4771e+05
0.0045796 2.4771e+05
0.0045815 2.4771e+05
0.0045834 2.4771e+05
0.0045853 2.4771e+05
0.0045872 2.4771e+05
0.004589 2.4771e+05
0.0045909 2.4771e+05
0.0045928 2.4771e+05
0.0045947 2.4771e+05
0.0045966 2.4771e+05
0.0045985 2.4771e+05
0.0046003 2.4771e+05
0.0046022 2.4771e+05
0.0046041 2.4771e+05
0.004606 2.4771e+05
0.0046079 2.4771e+05
0.0046098 2.4771e+05
0.0046117 2.4771e+05
0.0046135 2.4771e+05
0.0046154 2.4771e+05
0.0046173 2.4771e+05
0.0046192 2.4771e+05
0.0046211 2.4771e+05
0.004623 2.4771e+05
0.0046248 2.4771e+05
0.0046267 2.4771e+05
0.0046286 2.4771e+05
0.0046305 2.4771e+05
0.0046324 2.4771e+05
0.0046343 2.4771e+05
0.0046362 2.4771e+05
0.004638 2.4771e+05
0.0046399 2.4771e+05
0.0046418 2.4771e+05
0.0046437 2.4771e+05
0.0046456 2.4771e+05
0.0046475 2.4771e+05
0.0046493 2.4771e+05
0.0046512 2.4771e+05
0.0046531 2.4771e+05
0.004655 2.4771e+05
0.0046569 2.4771e+05
0.0046588 2.4771e+05
0.0046607 2.4771e+05
0.0046625 2.4771e+05
0.0046644 2.4771e+05
0.0046663 2.4771e+05
0.0046682 2.4771e+05
0.0046701 2.4771e+05
0.004672 2.4771e+05
0.0046738 2.4771e+05
0.0046757 2.4771e+05
0.0046776 2.4771e+05
0.0046795 2.4771e+05
0.0046814 2.4771e+05
0.0046833 2.4771e+05
0.0046852 2.4771e+05
0.004687 2.4771e+05
0.0046889 2.4771e+05
0.0046908 2.4771e+05
0.0046927 2.4771e+05
0.0046946 2.4771e+05
0.0046965 2.4771e+05
0.0046983 2.4771e+05
0.0047002 2.4771e+05
0.0047021 2.4771e+05
0.004704 2.4771e+05
0.0047059 2.4771e+05
0.0047078 2.4771e+05
0.0047097 2.4771e+05
0.0047115 2.4771e+05
0.0047134 2.4771e+05
0.0047153 2.4771e+05
0.0047172 2.4771e+05
0.0047191 2.4771e+05
0.004721 2.4771e+05
0.0047228 2.4771e+05
0.0047247 2.4771e+05
0.0047266 2.4771e+05
0.0047285 2.4771e+05
0.0047304 2.4771e+05
0.0047323 2.4771e+05
0.0047342 2.4771e+05
0.004736 2.4771e+05
0.0047379 2.4771e+05
0.0047398 2.4771e+05
0.0047417 2.4771e+05
0.0047436 2.4771e+05
0.0047455 2.4771e+05
0.0047473 2.4771e+05
0.0047492 2.4771e+05
0.0047511 2.4771e+05
0.004753 2.4771e+05
0.0047549 2.4771e+05
0.0047568 2.4771e+05
0.0047587 2.4771e+05
0.0047605 2.4771e+05
0.0047624 2.4771e+05
0.0047643 2.4771e+05
0.0047662 2.4771e+05
0.0047681 2.4771e+05
0.00477 2.4771e+05
0.0047718 2.4771e+05
0.0047737 2.4771e+05
0.0047756 2.4771e+05
0.0047775 2.4771e+05
0.0047794 2.4771e+05
0.0047813 2.4771e+05
0.0047832 2.4771e+05
0.004785 2.4771e+05
0.0047869 2.4771e+05
0.0047888 2.4771e+05
0.0047907 2.4771e+05
0.0047926 2.4771e+05
0.0047945 2.4771e+05
0.0047963 2.4771e+05
0.0047982 2.4771e+05
0.0048001 2.4771e+05
0.004802 2.4771e+05
0.0048039 2.4771e+05
0.0048058 2.4771e+05
0.0048077 2.4771e+05
0.0048095 2.4771e+05
0.0048114 2.4771e+05
0.0048133 2.4771e+05
0.0048152 2.4771e+05
0.0048171 2.4771e+05
0.004819 2.4771e+05
0.0048208 2.4771e+05
0.0048227 2.4771e+05
0.0048246 2.4771e+05
0.0048265 2.4771e+05
0.0048284 2.4771e+05
0.0048303 2.4771e+05
0.0048322 2.4771e+05
0.004834 2.4771e+05
0.0048359 2.4771e+05
0.0048378 2.4771e+05
0.0048397 2.4771e+05
0.0048416 2.4771e+05
0.0048435 2.4771e+05
0.0048453 2.4771e+05
0.0048472 2.4771e+05
0.0048491 2.4771e+05
0.004851 2.4771e+05
0.0048529 2.4771e+05
0.0048548 2.4771e+05
0.0048567 2.4771e+05
0.0048585 2.4771e+05
0.0048604 2.4771e+05
0.0048623 2.4771e+05
0.0048642 2.4771e+05
0.0048661 2.4771e+05
0.004868 2.4771e+05
0.0048698 2.4771e+05
0.0048717 2.4771e+05
0.0048736 2.4771e+05
0.0048755 2.4771e+05
0.0048774 2.4771e+05
0.0048793 2.4771e+05
0.0048812 2.4771e+05
0.004883 2.4771e+05
0.0048849 2.4771e+05
0.0048868 2.4771e+05
0.0048887 2.4771e+05
0.0048906 2.4771e+05
0.0048925 2.4771e+05
0.0048943 2.4771e+05
0.0048962 2.4771e+05
0.0048981 2.4771e+05
0.0049 2.4771e+05
0.0049019 2.4771e+05
0.0049038 2.4771e+05
0.0049057 2.4771e+05
0.0049075 2.4771e+05
0.0049094 2.4771e+05
0.0049113 2.4771e+05
0.0049132 2.4771e+05
0.0049151 2.4771e+05
0.004917 2.4771e+05
0.0049188 2.4771e+05
0.0049207 2.4771e+05
0.0049226 2.4771e+05
0.0049245 2.4771e+05
0.0049264 2.4771e+05
0.0049283 2.4771e+05
0.0049302 2.4771e+05
0.004932 2.4771e+05
0.0049339 2.4771e+05
0.0049358 2.4771e+05
0.0049377 2.4771e+05
0.0049396 2.4771e+05
0.0049415 2.4771e+05
0.0049433 2.4771e+05
0.0049452 2.4771e+05
0.0049471 2.4771e+05
0.004949 2.4771e+05
0.0049509 2.4771e+05
0.0049528 2.4771e+05
0.0049547 2.4771e+05
0.0049565 2.4771e+05
0.0049584 2.4771e+05
0.0049603 2.4771e+05
0.0049622 2.4771e+05
0.0049641 2.4771e+05
0.004966 2.4771e+05
0.0049678 2.4771e+05
0.0049697 2.4771e+05
0.0049716 2.4771e+05
0.0049735 2.4771e+05
0.0049754 2.4771e+05
0.0049773 2.4771e+05
0.0049792 2.4771e+05
0.004981 2.4771e+05
0.0049829 2.4771e+05
0.0049848 2.4771e+05
0.0049867 2.4771e+05
0.0049886 2.4771e+05
0.0049905 2.4771e+05
0.0049923 2.4771e+05
0.0049942 2.4771e+05
0.0049961 2.4771e+05
0.004998 2.4771e+05
0.0049999 2.4771e+05
0.0050018 2.4771e+05
0.0050037 2.4771e+05
0.0050055 2.4771e+05
0.0050074 2.4771e+05
0.0050093 2.4771e+05
0.0050112 2.4771e+05
0.0050131 2.4771e+05
0.005015 2.4771e+05
0.0050168 2.4771e+05
0.0050187 2.4771e+05
0.0050206 2.4771e+05
0.0050225 2.4771e+05
0.0050244 2.4771e+05
0.0050263 2.4771e+05
0.0050282 2.4771e+05
0.00503 2.4771e+05
0.0050319 2.4771e+05
0.0050338 2.4771e+05
0.0050357 2.4771e+05
0.0050376 2.4771e+05
0.0050395 2.4771e+05
0.0050413 2.4771e+05
0.0050432 2.4771e+05
0.0050451 2.4771e+05
0.005047 2.4771e+05
0.0050489 2.4771e+05
0.0050508 2.4771e+05
0.0050527 2.4771e+05
0.0050545 2.4771e+05
0.0050564 2.4771e+05
0.0050583 2.4771e+05
0.0050602 2.4771e+05
0.0050621 2.4771e+05
0.005064 2.4771e+05
0.0050658 2.4771e+05
0.0050677 2.4771e+05
0.0050696 2.4771e+05
0.0050715 2.4771e+05
0.0050734 2.4771e+05
0.0050753 2.4771e+05
0.0050772 2.4771e+05
0.005079 2.4771e+05
0.0050809 2.4771e+05
0.0050828 2.4771e+05
0.0050847 2.4771e+05
0.0050866 2.4771e+05
0.0050885 2.4771e+05
0.0050903 2.4771e+05
0.0050922 2.4771e+05
0.0050941 2.4771e+05
0.005096 2.4771e+05
0.0050979 2.4771e+05
0.0050998 2.4771e+05
0.0051017 2.4771e+05
0.0051035 2.4771e+05
0.0051054 2.4771e+05
0.0051073 2.4771e+05
0.0051092 2.4771e+05
0.0051111 2.4771e+05
0.005113 2.4771e+05
0.0051148 2.4771e+05
0.0051167 2.4771e+05
0.0051186 2.4771e+05
0.0051205 2.4771e+05
0.0051224 2.4771e+05
0.0051243 2.4771e+05
0.0051262 2.4771e+05
0.005128 2.4771e+05
0.0051299 2.4771e+05
0.0051318 2.4771e+05
0.0051337 2.4771e+05
0.0051356 2.4771e+05
0.0051375 2.4771e+05
0.0051393 2.4771e+05
0.0051412 2.4771e+05
0.0051431 2.4771e+05
0.005145 2.4771e+05
0.0051469 2.4771e+05
0.0051488 2.4771e+05
0.0051507 2.4771e+05
0.0051525 2.4771e+05
0.0051544 2.4771e+05
0.0051563 2.4771e+05
0.0051582 2.4771e+05
0.0051601 2.4771e+05
0.005162 2.4771e+05
0.0051638 2.4771e+05
0.0051657 2.4771e+05
0.0051676 2.4771e+05
0.0051695 2.4771e+05
0.0051714 2.4771e+05
0.0051733 2.4771e+05
0.0051752 2.4771e+05
0.005177 2.4771e+05
0.0051789 2.4771e+05
0.0051808 2.4771e+05
0.0051827 2.4771e+05
0.0051846 2.4771e+05
0.0051865 2.4771e+05
0.0051883 2.4771e+05
0.0051902 2.4771e+05
0.0051921 2.4771e+05
0.005194 2.4771e+05
0.0051959 2.4771e+05
0.0051978 2.4771e+05
0.0051997 2.4771e+05
0.0052015 2.4771e+05
0.0052034 2.4771e+05
0.0052053 2.4771e+05
0.0052072 2.4771e+05
0.0052091 2.4771e+05
0.005211 2.4771e+05
0.0052128 2.4771e+05
0.0052147 2.4771e+05
0.0052166 2.4771e+05
0.0052185 2.4771e+05
0.0052204 2.4771e+05
0.0052223 2.4771e+05
0.0052242 2.4771e+05
0.005226 2.4771e+05
0.0052279 2.4771e+05
0.0052298 2.4771e+05
0.0052317 2.4771e+05
0.0052336 2.4771e+05
0.0052355 2.4771e+05
0.0052373 2.4771e+05
0.0052392 2.4771e+05
0.0052411 2.4771e+05
0.005243 2.4771e+05
0.0052449 2.4771e+05
0.0052468 2.4771e+05
0.0052487 2.4771e+05
0.0052505 2.4771e+05
0.0052524 2.4771e+05
0.0052543 2.4771e+05
0.0052562 2.4771e+05
0.0052581 2.4771e+05
0.00526 2.4771e+05
0.0052618 2.4771e+05
0.0052637 2.4771e+05
0.0052656 2.4771e+05
0.0052675 2.4771e+05
0.0052694 2.4771e+05
0.0052713 2.4771e+05
0.0052732 2.4771e+05
0.005275 2.4771e+05
0.0052769 2.4771e+05
0.0052788 2.4771e+05
0.0052807 2.4771e+05
0.0052826 2.4771e+05
0.0052845 2.4771e+05
0.0052863 2.4771e+05
0.0052882 2.4771e+05
0.0052901 2.4771e+05
0.005292 2.4771e+05
0.0052939 2.4771e+05
0.0052958 2.4771e+05
0.0052977 2.4771e+05
0.0052995 2.4771e+05
0.0053014 2.4771e+05
0.0053033 2.4771e+05
0.0053052 2.4771e+05
0.0053071 2.4771e+05
0.005309 2.4771e+05
0.0053108 2.4771e+05
0.0053127 2.4771e+05
0.0053146 2.4771e+05
0.0053165 2.4771e+05
0.0053184 2.4771e+05
0.0053203 2.4771e+05
0.0053222 2.4771e+05
0.005324 2.4771e+05
0.0053259 2.4771e+05
0.0053278 2.4771e+05
0.0053297 2.4771e+05
0.0053316 2.4771e+05
0.0053335 2.4771e+05
0.0053353 2.4771e+05
0.0053372 2.4771e+05
0.0053391 2.4771e+05
0.005341 2.4771e+05
0.0053429 2.4771e+05
0.0053448 2.4771e+05
0.0053467 2.4771e+05
0.0053485 2.4771e+05
0.0053504 2.4771e+05
0.0053523 2.4771e+05
0.0053542 2.4771e+05
0.0053561 2.4771e+05
0.005358 2.4771e+05
0.0053598 2.4771e+05
0.0053617 2.4771e+05
0.0053636 2.4771e+05
0.0053655 2.4771e+05
0.0053674 2.4771e+05
0.0053693 2.4771e+05
0.0053712 2.4771e+05
0.005373 2.4771e+05
0.0053749 2.4771e+05
0.0053768 2.4771e+05
0.0053787 2.4771e+05
0.0053806 2.4771e+05
0.0053825 2.4771e+05
0.0053843 2.4771e+05
0.0053862 2.4771e+05
0.0053881 2.4771e+05
0.00539 2.4771e+05
0.0053919 2.4771e+05
0.0053938 2.4771e+05
0.0053957 2.4771e+05
0.0053975 2.4771e+05
0.0053994 2.4771e+05
0.0054013 2.4771e+05
0.0054032 2.4771e+05
0.0054051 2.4771e+05
0.005407 2.4771e+05
0.0054088 2.4771e+05
0.0054107 2.4771e+05
0.0054126 2.4771e+05
0.0054145 2.4771e+05
0.0054164 2.4771e+05
0.0054183 2.4771e+05
0.0054202 2.4771e+05
0.005422 2.4771e+05
0.0054239 2.4771e+05
0.0054258 2.4771e+05
0.0054277 2.4771e+05
0.0054296 2.4771e+05
0.0054315 2.4771e+05
0.0054333 2.4771e+05
0.0054352 2.4771e+05
0.0054371 2.4771e+05
0.005439 2.4771e+05
0.0054409 2.4771e+05
0.0054428 2.4771e+05
0.0054447 2.4771e+05
0.0054465 2.4771e+05
0.0054484 2.4771e+05
0.0054503 2.4771e+05
0.0054522 2.4771e+05
0.0054541 2.4771e+05
0.005456 2.4771e+05
0.0054578 2.4771e+05
0.0054597 2.4771e+05
0.0054616 2.4771e+05
0.0054635 2.4771e+05
0.0054654 2.4771e+05
0.0054673 2.4771e+05
0.0054692 2.4771e+05
0.005471 2.4771e+05
0.0054729 2.4771e+05
0.0054748 2.4771e+05
0.0054767 2.4771e+05
0.0054786 2.4771e+05
0.0054805 2.4771e+05
0.0054823 2.4771e+05
0.0054842 2.4771e+05
0.0054861 2.4771e+05
0.005488 2.4771e+05
0.0054899 2.4771e+05
0.0054918 2.4771e+05
0.0054937 2.4771e+05
0.0054955 2.4771e+05
0.0054974 2.4771e+05
0.0054993 2.4771e+05
0.0055012 2.4771e+05
0.0055031 2.4771e+05
0.005505 2.4771e+05
0.0055068 2.4771e+05
0.0055087 2.4771e+05
0.0055106 2.4771e+05
0.0055125 2.4771e+05
0.0055144 2.4771e+05
0.0055163 2.4771e+05
0.0055182 2.4771e+05
0.00552 2.4771e+05
0.0055219 2.4771e+05
0.0055238 2.4771e+05
0.0055257 2.4771e+05
0.0055276 2.4771e+05
0.0055295 2.4771e+05
0.0055313 2.4771e+05
0.0055332 2.4771e+05
0.0055351 2.4771e+05
0.005537 2.4771e+05
0.0055389 2.4771e+05
0.0055408 2.4771e+05
0.0055427 2.4771e+05
0.0055445 2.4771e+05
0.0055464 2.4771e+05
0.0055483 2.4771e+05
0.0055502 2.4771e+05
0.0055521 2.4771e+05
0.005554 2.4771e+05
0.0055558 2.4771e+05
0.0055577 2.4771e+05
0.0055596 2.4771e+05
0.0055615 2.4771e+05
0.0055634 2.4771e+05
0.0055653 2.4771e+05
0.0055672 2.4771e+05
0.005569 2.4771e+05
0.0055709 2.4771e+05
0.0055728 2.4771e+05
0.0055747 2.4771e+05
0.0055766 2.4771e+05
0.0055785 2.4771e+05
0.0055803 2.4771e+05
0.0055822 2.4771e+05
0.0055841 2.4771e+05
0.005586 2.4771e+05
0.0055879 2.4771e+05
0.0055898 2.4771e+05
0.0055917 2.4771e+05
0.0055935 2.4771e+05
0.0055954 2.4771e+05
0.0055973 2.4771e+05
0.0055992 2.4771e+05
0.0056011 2.4771e+05
0.005603 2.4771e+05
0.0056048 2.4771e+05
0.0056067 2.4771e+05
0.0056086 2.4771e+05
0.0056105 2.4771e+05
0.0056124 2.4771e+05
0.0056143 2.4771e+05
0.0056162 2.4771e+05
0.005618 2.4771e+05
0.0056199 2.4771e+05
0.0056218 2.4771e+05
0.0056237 2.4771e+05
0.0056256 2.4771e+05
0.0056275 2.4771e+05
0.0056293 2.4771e+05
0.0056312 2.4771e+05
0.0056331 2.4771e+05
0.005635 2.4771e+05
0.0056369 2.4771e+05
0.0056388 2.4771e+05
0.0056407 2.4771e+05
0.0056425 2.4771e+05
0.0056444 2.4771e+05
0.0056463 2.4771e+05
0.0056482 2.4771e+05
0.0056501 2.4771e+05
0.005652 2.4771e+05
0.0056538 2.4771e+05
0.0056557 2.4771e+05
0.0056576 2.4771e+05
0.0056595 2.4771e+05
0.0056614 2.4771e+05
0.0056633 2.4771e+05
0.0056652 2.4771e+05
0.005667 2.4771e+05
0.0056689 2.4771e+05
0.0056708 2.4771e+05
0.0056727 2.4771e+05
0.0056746 2.4771e+05
0.0056765 2.4771e+05
0.0056783 2.4771e+05
0.0056802 2.4771e+05
0.0056821 2.4771e+05
0.005684 2.4771e+05
0.0056859 2.4771e+05
0.0056878 2.4771e+05
0.0056897 2.4771e+05
0.0056915 2.4771e+05
0.0056934 2.4771e+05
0.0056953 2.4771e+05
0.0056972 2.4771e+05
0.0056991 2.4771e+05
0.005701 2.4771e+05
0.0057028 2.4771e+05
0.0057047 2.4771e+05
0.0057066 2.4771e+05
0.0057085 2.4771e+05
0.0057104 2.4771e+05
0.0057123 2.4771e+05
0.0057142 2.4771e+05
0.005716 2.4771e+05
0.0057179 2.4771e+05
0.0057198 2.4771e+05
0.0057217 2.4771e+05
0.0057236 2.4771e+05
0.0057255 2.4771e+05
0.0057273 2.4771e+05
0.0057292 2.4771e+05
0.0057311 2.4771e+05
0.005733 2.4771e+05
0.0057349 2.4771e+05
0.0057368 2.4771e+05
0.0057387 2.4771e+05
0.0057405 2.4771e+05
0.0057424 2.4771e+05
0.0057443 2.4771e+05
0.0057462 2.4771e+05
0.0057481 2.4771e+05
0.00575 2.4771e+05
0.0057518 2.4771e+05
0.0057537 2.4771e+05
0.0057556 2.4771e+05
0.0057575 2.4771e+05
0.0057594 2.4771e+05
0.0057613 2.4771e+05
0.0057632 2.4771e+05
0.005765 2.4771e+05
0.0057669 2.4771e+05
0.0057688 2.4771e+05
0.0057707 2.4771e+05
0.0057726 2.4771e+05
0.0057745 2.4771e+05
0.0057763 2.4771e+05
0.0057782 2.4771e+05
0.0057801 2.4771e+05
0.005782 2.4771e+05
0.0057839 2.4771e+05
0.0057858 2.4771e+05
0.0057877 2.4771e+05
0.0057895 2.4771e+05
0.0057914 2.4771e+05
0.0057933 2.4771e+05
0.0057952 2.4771e+05
0.0057971 2.4771e+05
0.005799 2.4771e+05
0.0058008 2.4771e+05
0.0058027 2.4771e+05
0.0058046 2.4771e+05
0.0058065 2.4771e+05
0.0058084 2.4771e+05
0.0058103 2.4771e+05
0.0058122 2.4771e+05
0.005814 2.4771e+05
0.0058159 2.4771e+05
0.0058178 2.4771e+05
0.0058197 2.4771e+05
0.0058216 2.4771e+05
0.0058235 2.4771e+05
0.0058253 2.4771e+05
0.0058272 2.4771e+05
0.0058291 2.4771e+05
0.005831 2.4771e+05
0.0058329 2.4771e+05
0.0058348 2.4771e+05
0.0058367 2.4771e+05
0.0058385 2.4771e+05
0.0058404 2.4771e+05
0.0058423 2.4771e+05
0.0058442 2.4771e+05
0.0058461 2.4771e+05
0.005848 2.4771e+05
0.0058498 2.4771e+05
0.0058517 2.4771e+05
0.0058536 2.4771e+05
0.0058555 2.4771e+05
0.0058574 2.4771e+05
0.0058593 2.4771e+05
0.0058612 2.4771e+05
0.005863 2.4771e+05
0.0058649 2.4771e+05
0.0058668 2.4771e+05
0.0058687 2.4771e+05
0.0058706 2.4771e+05
0.0058725 2.4771e+05
0.0058743 2.4771e+05
0.0058762 2.4771e+05
0.0058781 2.4771e+05
0.00588 2.4771e+05
0.0058819 2.4771e+05
0.0058838 2.4771e+05
0.0058857 2.4771e+05
0.0058875 2.4771e+05
0.0058894 2.4771e+05
0.0058913 2.4771e+05
0.0058932 2.4771e+05
0.0058951 2.4771e+05
0.005897 2.4771e+05
0.0058988 2.4771e+05
0.0059007 2.4771e+05
0.0059026 2.4771e+05
0.0059045 2.4771e+05
0.0059064 2.4771e+05
0.0059083 2.4771e+05
0.0059102 2.4771e+05
0.005912 2.4771e+05
0.0059139 2.4771e+05
0.0059158 2.4771e+05
0.0059177 2.4771e+05
0.0059196 2.4771e+05
0.0059215 2.4771e+05
0.0059233 2.4771e+05
0.0059252 2.4771e+05
0.0059271 2.4771e+05
0.005929 2.4771e+05
0.0059309 2.4771e+05
0.0059328 2.4771e+05
0.0059347 2.4771e+05
0.0059365 2.4771e+05
0.0059384 2.4771e+05
0.0059403 2.4771e+05
0.0059422 2.4771e+05
0.0059441 2.4771e+05
0.005946 2.4771e+05
0.0059478 2.4771e+05
0.0059497 2.4771e+05
0.0059516 2.4771e+05
0.0059535 2.4771e+05
0.0059554 2.4771e+05
0.0059573 2.4771e+05
0.0059592 2.4771e+05
0.005961 2.4771e+05
0.0059629 2.4771e+05
0.0059648 2.4771e+05
0.0059667 2.4771e+05
0.0059686 2.4771e+05
0.0059705 2.4771e+05
0.0059723 2.4771e+05
0.0059742 2.4771e+05
0.0059761 2.4771e+05
0.005978 2.4771e+05
0.0059799 2.4771e+05
0.0059818 2.4771e+05
0.0059837 2.4771e+05
0.0059855 2.4771e+05
0.0059874 2.4771e+05
0.0059893 2.4771e+05
0.0059912 2.4771e+05
0.0059931 2.4771e+05
0.005995 2.4771e+05
0.0059968 2.4771e+05
0.0059987 2.4771e+05
0.0060006 2.4771e+05
0.0060025 2.4771e+05
0.0060044 2.4771e+05
0.0060063 2.4771e+05
0.0060082 2.4771e+05
0.00601 2.4771e+05
0.0060119 2.4771e+05
0.0060138 2.4771e+05
0.0060157 2.4771e+05
0.0060176 2.4771e+05
0.0060195 2.4771e+05
0.0060213 2.4771e+05
0.0060232 2.4771e+05
0.0060251 2.4771e+05
0.006027 2.4771e+05
0.0060289 2.4771e+05
0.0060308 2.4771e+05
0.0060327 2.4771e+05
0.0060345 2.4771e+05
0.0060364 2.4771e+05
0.0060383 2.4771e+05
0.0060402 2.4771e+05
0.0060421 2.4771e+05
0.006044 2.4771e+05
0.0060458 2.4771e+05
0.0060477 2.4771e+05
0.0060496 2.4771e+05
0.0060515 2.4771e+05
0.0060534 2.4771e+05
0.0060553 2.4771e+05
0.0060572 2.4771e+05
0.006059 2.4771e+05
0.0060609 2.4771e+05
0.0060628 2.4771e+05
0.0060647 2.4771e+05
0.0060666 2.4771e+05
0.0060685 2.4771e+05
0.0060703 2.4771e+05
0.0060722 2.4771e+05
0.0060741 2.4771e+05
0.006076 2.4771e+05
0.0060779 2.4771e+05
0.0060798 2.4771e+05
0.0060817 2.4771e+05
0.0060835 2.4771e+05
0.0060854 2.4771e+05
0.0060873 2.4771e+05
0.0060892 2.4771e+05
0.0060911 2.4771e+05
0.006093 2.4771e+05
0.0060948 2.4771e+05
0.0060967 2.4771e+05
0.0060986 2.4771e+05
0.0061005 2.4771e+05
0.0061024 2.4771e+05
0.0061043 2.4771e+05
0.0061062 2.4771e+05
0.006108 2.4771e+05
0.0061099 2.4771e+05
0.0061118 2.4771e+05
0.0061137 2.4771e+05
0.0061156 2.4771e+05
0.0061175 2.4771e+05
0.0061193 2.4771e+05
0.0061212 2.4771e+05
0.0061231 2.4771e+05
0.006125 2.4771e+05
0.0061269 2.4771e+05
0.0061288 2.4771e+05
0.0061307 2.4771e+05
0.0061325 2.4771e+05
0.0061344 2.4771e+05
0.0061363 2.4771e+05
0.0061382 2.4771e+05
0.0061401 2.4771e+05
0.006142 2.4771e+05
0.0061438 2.4771e+05
0.0061457 2.4771e+05
0.0061476 2.4771e+05
0.0061495 2.4771e+05
0.0061514 2.4771e+05
0.0061533 2.4771e+05
0.0061552 2.4771e+05
0.006157 2.4771e+05
0.0061589 2.4771e+05
0.0061608 2.4771e+05
0.0061627 2.4771e+05
0.0061646 2.4771e+05
0.0061665 2.4771e+05
0.0061683 2.4771e+05
0.0061702 2.4771e+05
0.0061721 2.4771e+05
0.006174 2.4771e+05
0.0061759 2.4771e+05
0.0061778 2.4771e+05
0.0061797 2.4771e+05
0.0061815 2.4771e+05
0.0061834 2.4771e+05
0.0061853 2.4771e+05
0.0061872 2.4771e+05
0.0061891 2.4771e+05
0.006191 2.4771e+05
0.0061928 2.4771e+05
0.0061947 2.4771e+05
0.0061966 2.4771e+05
0.0061985 2.4771e+05
0.0062004 2.4771e+05
0.0062023 2.4771e+05
0.0062042 2.4771e+05
0.006206 2.4771e+05
0.0062079 2.4771e+05
0.0062098 2.4771e+05
0.0062117 2.4771e+05
0.0062136 2.4771e+05
0.0062155 2.4771e+05
0.0062173 2.4771e+05
0.0062192 2.4771e+05
0.0062211 2.4771e+05
0.006223 2.4771e+05
0.0062249 2.4771e+05
0.0062268 2.4771e+05
0.0062287 2.4771e+05
0.0062305 2.4771e+05
0.0062324 2.4771e+05
0.0062343 2.4771e+05
0.0062362 2.4771e+05
0.0062381 2.4771e+05
0.00624 2.4771e+05
0.0062418 2.4771e+05
0.0062437 2.4771e+05
0.0062456 2.4771e+05
0.0062475 2.4771e+05
0.0062494 2.4771e+05
0.0062513 2.4771e+05
0.0062532 2.4771e+05
0.006255 2.4771e+05
0.0062569 2.4771e+05
0.0062588 2.4771e+05
0.0062607 2.4771e+05
0.0062626 2.4771e+05
0.0062645 2.4771e+05
0.0062663 2.4771e+05
0.0062682 2.4771e+05
0.0062701 2.4771e+05
0.006272 2.4771e+05
0.0062739 2.4771e+05
0.0062758 2.4771e+05
0.0062777 2.4771e+05
0.0062795 2.4771e+05
0.0062814 2.4771e+05
0.0062833 2.4771e+05
0.0062852 2.4771e+05
0.0062871 2.4771e+05
0.006289 2.4771e+05
0.0062908 2.4771e+05
0.0062927 2.4771e+05
0.0062946 2.4771e+05
0.0062965 2.4771e+05
0.0062984 2.4771e+05
0.0063003 2.4771e+05
0.0063022 2.4771e+05
0.006304 2.4771e+05
0.0063059 2.4771e+05
0.0063078 2.4771e+05
0.0063097 2.4771e+05
0.0063116 2.4771e+05
0.0063135 2.4771e+05
0.0063153 2.4771e+05
0.0063172 2.4771e+05
0.0063191 2.4771e+05
0.006321 2.4771e+05
0.0063229 2.4771e+05
0.0063248 2.4771e+05
0.0063267 2.4771e+05
0.0063285 2.4771e+05
0.0063304 2.4771e+05
0.0063323 2.4771e+05
0.0063342 2.4771e+05
0.0063361 2.4771e+05
0.006338 2.4771e+05
0.0063398 2.4771e+05
0.0063417 2.4771e+05
0.0063436 2.4771e+05
0.0063455 2.4771e+05
0.0063474 2.4771e+05
0.0063493 2.4771e+05
0.0063512 2.4771e+05
0.006353 2.4771e+05
0.0063549 2.4771e+05
0.0063568 2.4771e+05
0.0063587 2.4771e+05
0.0063606 2.4771e+05
0.0063625 2.4771e+05
0.0063643 2.4771e+05
0.0063662 2.4771e+05
0.0063681 2.4771e+05
0.00637 2.4771e+05
0.0063719 2.4771e+05
0.0063738 2.4771e+05
0.0063757 2.4771e+05
0.0063775 2.4771e+05
0.0063794 2.4771e+05
0.0063813 2.4771e+05
0.0063832 2.4771e+05
0.0063851 2.4771e+05
0.006387 2.4771e+05
0.0063888 2.4771e+05
0.0063907 2.4771e+05
0.0063926 2.4771e+05
0.0063945 2.4771e+05
0.0063964 2.4771e+05
0.0063983 2.4771e+05
0.0064002 2.4771e+05
0.006402 2.4771e+05
0.0064039 2.4771e+05
0.0064058 2.4771e+05
0.0064077 2.4771e+05
0.0064096 2.4771e+05
0.0064115 2.4771e+05
0.0064133 2.4771e+05
0.0064152 2.4771e+05
0.0064171 2.4771e+05
0.006419 2.4771e+05
0.0064209 2.4771e+05
0.0064228 2.4771e+05
0.0064247 2.4771e+05
0.0064265 2.4771e+05
0.0064284 2.4771e+05
0.0064303 2.4771e+05
0.0064322 2.4771e+05
0.0064341 2.4771e+05
0.006436 2.4771e+05
0.0064378 2.4771e+05
0.0064397 2.4771e+05
0.0064416 2.4771e+05
0.0064435 2.4771e+05
0.0064454 2.4771e+05
0.0064473 2.4771e+05
0.0064492 2.4771e+05
0.006451 2.4771e+05
0.0064529 2.4771e+05
0.0064548 2.4771e+05
0.0064567 2.4771e+05
0.0064586 2.4771e+05
0.0064605 2.4771e+05
0.0064623 2.4771e+05
0.0064642 2.4771e+05
0.0064661 2.4771e+05
0.006468 2.4771e+05
0.0064699 2.4771e+05
0.0064718 2.4771e+05
0.0064737 2.4771e+05
0.0064755 2.4771e+05
0.0064774 2.4771e+05
0.0064793 2.4771e+05
0.0064812 2.4771e+05
0.0064831 2.4771e+05
0.006485 2.4771e+05
0.0064868 2.4771e+05
0.0064887 2.4771e+05
0.0064906 2.4771e+05
0.0064925 2.4771e+05
0.0064944 2.4771e+05
0.0064963 2.4771e+05
0.0064982 2.4771e+05
0.0065 2.4771e+05
0.0065019 2.4771e+05
0.0065038 2.4771e+05
0.0065057 2.4771e+05
0.0065076 2.4771e+05
0.0065095 2.4771e+05
0.0065113 2.4771e+05
0.0065132 2.4771e+05
0.0065151 2.4771e+05
0.006517 2.4771e+05
0.0065189 2.4771e+05
0.0065208 2.4771e+05
0.0065227 2.4771e+05
0.0065245 2.4771e+05
0.0065264 2.4771e+05
0.0065283 2.4771e+05
0.0065302 2.4771e+05
0.0065321 2.4771e+05
0.006534 2.4771e+05
0.0065358 2.4771e+05
0.0065377 2.4771e+05
0.0065396 2.4771e+05
0.0065415 2.4771e+05
0.0065434 2.4771e+05
0.0065453 2.4771e+05
0.0065472 2.4771e+05
0.006549 2.4771e+05
0.0065509 2.4771e+05
0.0065528 2.4771e+05
0.0065547 2.4771e+05
0.0065566 2.4771e+05
0.0065585 2.4771e+05
0.0065603 2.4771e+05
0.0065622 2.4771e+05
0.0065641 2.4771e+05
0.006566 2.4771e+05
0.0065679 2.4771e+05
0.0065698 2.4771e+05
0.0065717 2.4771e+05
0.0065735 2.4771e+05
0.0065754 2.4771e+05
0.0065773 2.4771e+05
0.0065792 2.4771e+05
0.0065811 2.4771e+05
0.006583 2.4771e+05
0.0065848 2.4771e+05
0.0065867 2.4771e+05
0.0065886 2.4771e+05
0.0065905 2.4771e+05
0.0065924 2.4771e+05
0.0065943 2.4771e+05
0.0065962 2.4771e+05
1 2.4771e+05
