1.8846e-06 870.92
3.7692e-06 870.92
5.6538e-06 870.92
7.5385e-06 870.93
9.4231e-06 870.93
1.1308e-05 870.93
1.3192e-05 870.93
1.5077e-05 870.93
1.6962e-05 870.94
1.8846e-05 870.95
2.0731e-05 870.97
2.2615e-05 870.99
2.45e-05 871.03
2.6385e-05 871.08
2.8269e-05 871.16
3.0154e-05 871.28
3.2038e-05 871.44
3.3923e-05 871.68
3.5808e-05 872.03
3.7692e-05 872.51
3.9577e-05 873.18
4.1462e-05 874.1
4.3346e-05 875.36
4.5231e-05 877.07
4.7115e-05 879.35
4.9e-05 882.39
5.0885e-05 886.37
5.2769e-05 891.57
5.4654e-05 898.28
5.6538e-05 906.89
5.8423e-05 917.82
6.0308e-05 931.63
6.2192e-05 948.93
6.4077e-05 970.47
6.5962e-05 997.15
6.7846e-05 1030
6.9731e-05 1070.3
7.1615e-05 1119.5
7.35e-05 1179.5
7.5385e-05 1252.3
7.7269e-05 1340.4
7.9154e-05 1447
8.1038e-05 1575.7
8.2923e-05 1730.8
8.4808e-05 1917.4
8.6692e-05 2141.4
8.8577e-05 2409.7
9.0462e-05 2729.9
9.2346e-05 3110.4
9.4231e-05 3560.1
9.6115e-05 4087.8
9.8e-05 4701.9
9.9885e-05 5409.4
0.00010177 6214.9
0.00010365 7119.3
0.00010554 8119.1
0.00010742 9205.2
0.00010931 10362
0.00011119 11569
0.00011308 12799
0.00011496 14020
0.00011685 15199
0.00011873 16303
0.00012062 17300
0.0001225 18165
0.00012438 18876
0.00012627 19422
0.00012815 19797
0.00013004 20002
0.00013192 20046
0.00013381 19941
0.00013569 19705
0.00013758 19355
0.00013946 18909
0.00014135 18388
0.00014323 17807
0.00014512 17183
0.000147 16529
0.00014888 15859
0.00015077 15180
0.00015265 14502
0.00015454 13832
0.00015642 13174
0.00015831 12532
0.00016019 11909
0.00016208 11308
0.00016396 10729
0.00016585 10174
0.00016773 9643.9
0.00016962 9137.8
0.0001715 8656
0.00017338 8198.2
0.00017527 7763.8
0.00017715 7352.3
0.00017904 6963
0.00018092 6595.2
0.00018281 6247.9
0.00018469 5920.5
0.00018658 5611.9
0.00018846 5321.4
0.00019035 5048.1
0.00019223 4791.1
0.00019412 4549.6
0.000196 4322.8
0.00019788 4109.8
0.00019977 3909.9
0.00020165 3722.3
0.00020354 3546.3
0.00020542 3381.3
0.00020731 3226.5
0.00020919 3081.4
0.00021108 2945.4
0.00021296 2817.8
0.00021485 2698.3
0.00021673 2586.1
0.00021862 2481
0.0002205 2382.5
0.00022238 2290
0.00022427 2203.4
0.00022615 2122.1
0.00022804 2045.8
0.00022992 1974.2
0.00023181 1907.1
0.00023369 1844
0.00023558 1784.8
0.00023746 1729.3
0.00023935 1677.1
0.00024123 1628.1
0.00024312 1582.1
0.000245 1538.8
0.00024688 1498.2
0.00024877 1459.9
0.00025065 1424
0.00025254 1390.3
0.00025442 1358.5
0.00025631 1328.7
0.00025819 1300.6
0.00026008 1274.2
0.00026196 1249.3
0.00026385 1226
0.00026573 1204
0.00026762 1183.3
0.0002695 1163.8
0.00027138 1145.5
0.00027327 1128.3
0.00027515 1112.1
0.00027704 1096.9
0.00027892 1082.5
0.00028081 1069
0.00028269 1056.4
0.00028458 1044.4
0.00028646 1033.2
0.00028835 1022.7
0.00029023 1012.8
0.00029212 1003.5
0.000294 994.78
0.00029588 986.57
0.00029777 978.87
0.00029965 971.64
0.00030154 964.86
0.00030342 958.49
0.00030531 952.53
0.00030719 946.93
0.00030908 941.69
0.00031096 936.78
0.00031285 932.18
0.00031473 927.88
0.00031662 923.85
0.0003185 920.09
0.00032038 916.56
0.00032227 913.28
0.00032415 910.2
0.00032604 907.34
0.00032792 904.66
0.00032981 902.16
0.00033169 899.84
0.00033358 897.67
0.00033546 895.65
0.00033735 893.77
0.00033923 892.03
0.00034112 890.4
0.000343 888.89
0.00034488 887.49
0.00034677 886.19
0.00034865 884.98
0.00035054 883.86
0.00035242 882.83
0.00035431 881.87
0.00035619 880.98
0.00035808 880.16
0.00035996 879.4
0.00036185 878.7
0.00036373 878.05
0.00036562 877.45
0.0003675 876.9
0.00036938 876.39
0.00037127 875.92
0.00037315 875.49
0.00037504 875.1
0.00037692 874.73
0.00037881 874.4
0.00038069 874.09
0.00038258 873.81
0.00038446 873.55
0.00038635 873.32
0.00038823 873.1
0.00039012 872.9
0.000392 872.72
0.00039388 872.56
0.00039577 872.4
0.00039765 872.27
0.00039954 872.14
0.00040142 872.03
0.00040331 871.92
0.00040519 871.83
0.00040708 871.74
0.00040896 871.66
0.00041085 871.59
0.00041273 871.52
0.00041462 871.47
0.0004165 871.41
0.00041838 871.36
0.00042027 871.32
0.00042215 871.28
0.00042404 871.24
0.00042592 871.21
0.00042781 871.18
0.00042969 871.16
0.00043158 871.13
0.00043346 871.11
0.00043535 871.09
0.00043723 871.07
0.00043912 871.06
0.000441 871.04
0.00044288 871.03
0.00044477 871.02
0.00044665 871.01
0.00044854 871
0.00045042 870.99
0.00045231 870.98
0.00045419 870.98
0.00045608 870.97
0.00045796 870.97
0.00045985 870.96
0.00046173 870.96
0.00046362 870.95
0.0004655 870.95
0.00046738 870.95
0.00046927 870.94
0.00047115 870.94
0.00047304 870.94
0.00047492 870.94
0.00047681 870.94
0.00047869 870.93
0.00048058 870.93
0.00048246 870.93
0.00048435 870.93
0.00048623 870.93
0.00048812 870.93
0.00049 870.93
0.00049188 870.93
0.00049377 870.93
0.00049565 870.93
0.00049754 870.93
0.00049942 870.93
0.00050131 870.93
0.00050319 870.93
0.00050508 870.93
0.00050696 870.93
0.00050885 870.93
0.00051073 870.93
0.00051262 870.92
0.0005145 870.92
0.00051638 870.92
0.00051827 870.92
0.00052015 870.92
0.00052204 870.92
0.00052392 870.92
0.00052581 870.92
0.00052769 870.92
0.00052958 870.92
0.00053146 870.92
0.00053335 870.92
0.00053523 870.92
0.00053712 870.92
0.000539 870.92
0.00054088 870.92
0.00054277 870.92
0.00054465 870.92
0.00054654 870.92
0.00054842 870.92
0.00055031 870.92
0.00055219 870.92
0.00055408 870.92
0.00055596 870.92
0.00055785 870.92
0.00055973 870.92
0.00056162 870.92
0.0005635 870.92
0.00056538 870.92
0.00056727 870.92
0.00056915 870.92
0.00057104 870.92
0.00057292 870.92
0.00057481 870.92
0.00057669 870.92
0.00057858 870.92
0.00058046 870.92
0.00058235 870.92
0.00058423 870.92
0.00058612 870.92
0.000588 870.92
0.00058988 870.92
0.00059177 870.92
0.00059365 870.92
0.00059554 870.92
0.00059742 870.92
0.00059931 870.92
0.00060119 870.92
0.00060308 870.92
0.00060496 870.92
0.00060685 870.92
0.00060873 870.92
0.00061062 870.92
0.0006125 870.92
0.00061438 870.92
0.00061627 870.92
0.00061815 870.92
0.00062004 870.92
0.00062192 870.92
0.00062381 870.92
0.00062569 870.92
0.00062758 870.92
0.00062946 870.92
0.00063135 870.92
0.00063323 870.92
0.00063512 870.92
0.000637 870.92
0.00063888 870.92
0.00064077 870.92
0.00064265 870.92
0.00064454 870.92
0.00064642 870.92
0.00064831 870.92
0.00065019 870.92
0.00065208 870.92
0.00065396 870.92
0.00065585 870.92
0.00065773 870.92
0.00065962 870.92
0.0006615 870.92
0.00066338 870.92
0.00066527 870.92
0.00066715 870.92
0.00066904 870.92
0.00067092 870.92
0.00067281 870.92
0.00067469 870.92
0.00067658 870.92
0.00067846 870.92
0.00068035 870.92
0.00068223 870.92
0.00068412 870.92
0.000686 870.92
0.00068788 870.92
0.00068977 870.92
0.00069165 870.92
0.00069354 870.92
0.00069542 870.92
0.00069731 870.92
0.00069919 870.92
0.00070108 870.92
0.00070296 870.92
0.00070485 870.92
0.00070673 870.92
0.00070862 870.92
0.0007105 870.92
0.00071238 870.92
0.00071427 870.92
0.00071615 870.92
0.00071804 870.92
0.00071992 870.92
0.00072181 870.92
0.00072369 870.92
0.00072558 870.92
0.00072746 870.92
0.00072935 870.92
0.00073123 870.92
0.00073312 870.92
0.000735 870.92
0.00073688 870.92
0.00073877 870.92
0.00074065 870.92
0.00074254 870.92
0.00074442 870.92
0.00074631 870.92
0.00074819 870.92
0.00075008 870.92
0.00075196 870.92
0.00075385 870.92
0.00075573 870.92
0.00075762 870.92
0.0007595 870.92
0.00076138 870.92
0.00076327 870.92
0.00076515 870.92
0.00076704 870.92
0.00076892 870.92
0.00077081 870.92
0.00077269 870.92
0.00077458 870.92
0.00077646 870.92
0.00077835 870.92
0.00078023 870.92
0.00078212 870.92
0.000784 870.92
0.00078588 870.92
0.00078777 870.92
0.00078965 870.92
0.00079154 870.92
0.00079342 870.92
0.00079531 870.92
0.00079719 870.92
0.00079908 870.92
0.00080096 870.92
0.00080285 870.92
0.00080473 870.92
0.00080662 870.92
0.0008085 870.92
0.00081038 870.92
0.00081227 870.92
0.00081415 870.92
0.00081604 870.92
0.00081792 870.92
0.00081981 870.92
0.00082169 870.92
0.00082358 870.92
0.00082546 870.92
0.00082735 870.92
0.00082923 870.92
0.00083112 870.92
0.000833 870.92
0.00083488 870.92
0.00083677 870.92
0.00083865 870.92
0.00084054 870.92
0.00084242 870.92
0.00084431 870.92
0.00084619 870.92
0.00084808 870.92
0.00084996 870.92
0.00085185 870.92
0.00085373 870.92
0.00085562 870.92
0.0008575 870.92
0.00085938 870.92
0.00086127 870.92
0.00086315 870.92
0.00086504 870.92
0.00086692 870.92
0.00086881 870.92
0.00087069 870.92
0.00087258 870.92
0.00087446 870.92
0.00087635 870.92
0.00087823 870.92
0.00088012 870.92
0.000882 870.92
0.00088388 870.92
0.00088577 870.92
0.00088765 870.92
0.00088954 870.92
0.00089142 870.92
0.00089331 870.92
0.00089519 870.92
0.00089708 870.92
0.00089896 870.92
0.00090085 870.92
0.00090273 870.92
0.00090462 870.92
0.0009065 870.92
0.00090838 870.92
0.00091027 870.92
0.00091215 870.92
0.00091404 870.92
0.00091592 870.92
0.00091781 870.92
0.00091969 870.92
0.00092158 870.92
0.00092346 870.92
0.00092535 870.92
0.00092723 870.92
0.00092912 870.92
0.000931 870.92
0.00093288 870.92
0.00093477 870.92
0.00093665 870.92
0.00093854 870.92
0.00094042 870.92
0.00094231 870.92
0.00094419 870.92
0.00094608 870.92
0.00094796 870.92
0.00094985 870.92
0.00095173 870.92
0.00095362 870.92
0.0009555 870.92
0.00095738 870.92
0.00095927 870.92
0.00096115 870.92
0.00096304 870.92
0.00096492 870.92
0.00096681 870.92
0.00096869 870.92
0.00097058 870.92
0.00097246 870.92
0.00097435 870.92
0.00097623 870.92
0.00097812 870.92
0.00098 870.92
0.00098188 870.92
0.00098377 870.92
0.00098565 870.92
0.00098754 870.92
0.00098942 870.92
0.00099131 870.92
0.00099319 870.92
0.00099508 870.92
0.00099696 870.92
0.00099885 870.92
0.0010007 870.92
0.0010026 870.92
0.0010045 870.92
0.0010064 870.92
0.0010083 870.92
0.0010102 870.92
0.001012 870.92
0.0010139 870.92
0.0010158 870.92
0.0010177 870.92
0.0010196 870.92
0.0010215 870.92
0.0010233 870.92
0.0010252 870.92
0.0010271 870.92
0.001029 870.92
0.0010309 870.92
0.0010328 870.92
0.0010347 870.92
0.0010365 870.92
0.0010384 870.92
0.0010403 870.92
0.0010422 870.92
0.0010441 870.92
0.001046 870.92
0.0010478 870.92
0.0010497 870.92
0.0010516 870.92
0.0010535 870.92
0.0010554 870.92
0.0010573 870.92
0.0010592 870.92
0.001061 870.92
0.0010629 870.92
0.0010648 870.92
0.0010667 870.92
0.0010686 870.92
0.0010705 870.92
0.0010723 870.92
0.0010742 870.92
0.0010761 870.92
0.001078 870.92
0.0010799 870.92
0.0010818 870.92
0.0010837 870.92
0.0010855 870.92
0.0010874 870.92
0.0010893 870.92
0.0010912 870.92
0.0010931 870.92
0.001095 870.92
0.0010968 870.92
0.0010987 870.92
0.0011006 870.92
0.0011025 870.92
0.0011044 870.92
0.0011063 870.92
0.0011082 870.92
0.00111 870.92
0.0011119 870.92
0.0011138 870.92
0.0011157 870.92
0.0011176 870.92
0.0011195 870.92
0.0011213 870.92
0.0011232 870.92
0.0011251 870.92
0.001127 870.92
0.0011289 870.92
0.0011308 870.92
0.0011327 870.92
0.0011345 870.92
0.0011364 870.92
0.0011383 870.92
0.0011402 870.92
0.0011421 870.92
0.001144 870.92
0.0011458 870.92
0.0011477 870.92
0.0011496 870.92
0.0011515 870.92
0.0011534 870.92
0.0011553 870.92
0.0011572 870.92
0.001159 870.92
0.0011609 870.92
0.0011628 870.92
0.0011647 870.92
0.0011666 870.92
0.0011685 870.92
0.0011703 870.92
0.0011722 870.92
0.0011741 870.92
0.001176 870.92
0.0011779 870.92
0.0011798 870.92
0.0011817 870.92
0.0011835 870.92
0.0011854 870.92
0.0011873 870.92
0.0011892 870.92
0.0011911 870.92
0.001193 870.92
0.0011948 870.92
0.0011967 870.92
0.0011986 870.92
0.0012005 870.92
0.0012024 870.92
0.0012043 870.92
0.0012062 870.92
0.001208 870.92
0.0012099 870.92
0.0012118 870.92
0.0012137 870.92
0.0012156 870.92
0.0012175 870.92
0.0012193 870.92
0.0012212 870.92
0.0012231 870.92
0.001225 870.92
0.0012269 870.92
0.0012288 870.92
0.0012307 870.92
0.0012325 870.92
0.0012344 870.92
0.0012363 870.92
0.0012382 870.92
0.0012401 870.92
0.001242 870.92
0.0012438 870.92
0.0012457 870.92
0.0012476 870.92
0.0012495 870.92
0.0012514 870.92
0.0012533 870.92
0.0012552 870.92
0.001257 870.92
0.0012589 870.92
0.0012608 870.92
0.0012627 870.92
0.0012646 870.92
0.0012665 870.92
0.0012683 870.92
0.0012702 870.92
0.0012721 870.92
0.001274 870.92
0.0012759 870.92
0.0012778 870.92
0.0012797 870.92
0.0012815 870.92
0.0012834 870.92
0.0012853 870.92
0.0012872 870.92
0.0012891 870.92
0.001291 870.92
0.0012928 870.92
0.0012947 870.92
0.0012966 870.92
0.0012985 870.92
0.0013004 870.92
0.0013023 870.92
0.0013042 870.92
0.001306 870.92
0.0013079 870.92
0.0013098 870.92
0.0013117 870.92
0.0013136 870.92
0.0013155 870.92
0.0013173 870.92
0.0013192 870.92
0.0013211 870.92
0.001323 870.92
0.0013249 870.92
0.0013268 870.92
0.0013287 870.92
0.0013305 870.92
0.0013324 870.92
0.0013343 870.92
0.0013362 870.92
0.0013381 870.92
0.00134 870.92
0.0013418 870.92
0.0013437 870.92
0.0013456 870.92
0.0013475 870.92
0.0013494 870.92
0.0013513 870.92
0.0013532 870.92
0.001355 870.92
0.0013569 870.92
0.0013588 870.92
0.0013607 870.92
0.0013626 870.92
0.0013645 870.92
0.0013663 870.92
0.0013682 870.92
0.0013701 870.92
0.001372 870.92
0.0013739 870.92
0.0013758 870.92
0.0013777 870.92
0.0013795 870.92
0.0013814 870.92
0.0013833 870.92
0.0013852 870.92
0.0013871 870.92
0.001389 870.92
0.0013908 870.92
0.0013927 870.92
0.0013946 870.92
0.0013965 870.92
0.0013984 870.92
0.0014003 870.92
0.0014022 870.92
0.001404 870.92
0.0014059 870.92
0.0014078 870.92
0.0014097 870.92
0.0014116 870.92
0.0014135 870.92
0.0014153 870.92
0.0014172 870.92
0.0014191 870.92
0.001421 870.92
0.0014229 870.92
0.0014248 870.92
0.0014267 870.92
0.0014285 870.92
0.0014304 870.92
0.0014323 870.92
0.0014342 870.92
0.0014361 870.92
0.001438 870.92
0.0014398 870.92
0.0014417 870.92
0.0014436 870.92
0.0014455 870.92
0.0014474 870.92
0.0014493 870.92
0.0014512 870.92
0.001453 870.92
0.0014549 870.92
0.0014568 870.92
0.0014587 870.92
0.0014606 870.92
0.0014625 870.92
0.0014643 870.92
0.0014662 870.92
0.0014681 870.92
0.00147 870.92
0.0014719 870.92
0.0014738 870.92
0.0014757 870.92
0.0014775 870.92
0.0014794 870.92
0.0014813 870.92
0.0014832 870.92
0.0014851 870.92
0.001487 870.92
0.0014888 870.92
0.0014907 870.92
0.0014926 870.92
0.0014945 870.92
0.0014964 870.92
0.0014983 870.92
0.0015002 870.92
0.001502 870.92
0.0015039 870.92
0.0015058 870.92
0.0015077 870.92
0.0015096 870.92
0.0015115 870.92
0.0015133 870.92
0.0015152 870.92
0.0015171 870.92
0.001519 870.92
0.0015209 870.92
0.0015228 870.92
0.0015247 870.92
0.0015265 870.92
0.0015284 870.92
0.0015303 870.92
0.0015322 870.92
0.0015341 870.92
0.001536 870.92
0.0015378 870.92
0.0015397 870.92
0.0015416 870.92
0.0015435 870.92
0.0015454 870.92
0.0015473 870.92
0.0015492 870.92
0.001551 870.92
0.0015529 870.92
0.0015548 870.92
0.0015567 870.92
0.0015586 870.92
0.0015605 870.92
0.0015623 870.92
0.0015642 870.92
0.0015661 870.92
0.001568 870.92
0.0015699 870.92
0.0015718 870.92
0.0015737 870.92
0.0015755 870.92
0.0015774 870.92
0.0015793 870.92
0.0015812 870.92
0.0015831 870.92
0.001585 870.92
0.0015868 870.92
0.0015887 870.92
0.0015906 870.92
0.0015925 870.92
0.0015944 870.92
0.0015963 870.92
0.0015982 870.92
0.0016 870.92
0.0016019 870.92
0.0016038 870.92
0.0016057 870.92
0.0016076 870.92
0.0016095 870.92
0.0016113 870.92
0.0016132 870.92
0.0016151 870.92
0.001617 870.92
0.0016189 870.92
0.0016208 870.92
0.0016227 870.92
0.0016245 870.92
0.0016264 870.92
0.0016283 870.92
0.0016302 870.92
0.0016321 870.92
0.001634 870.92
0.0016358 870.92
0.0016377 870.92
0.0016396 870.92
0.0016415 870.92
0.0016434 870.92
0.0016453 870.92
0.0016472 870.92
0.001649 870.92
0.0016509 870.92
0.0016528 870.92
0.0016547 870.92
0.0016566 870.92
0.0016585 870.92
0.0016603 870.92
0.0016622 870.92
0.0016641 870.92
0.001666 870.92
0.0016679 870.92
0.0016698 870.92
0.0016717 870.92
0.0016735 870.92
0.0016754 870.92
0.0016773 870.92
0.0016792 870.92
0.0016811 870.92
0.001683 870.92
0.0016848 870.92
0.0016867 870.92
0.0016886 870.92
0.0016905 870.92
0.0016924 870.92
0.0016943 870.92
0.0016962 870.92
0.001698 870.92
0.0016999 870.92
0.0017018 870.92
0.0017037 870.92
0.0017056 870.92
0.0017075 870.92
0.0017093 870.92
0.0017112 870.92
0.0017131 870.92
0.001715 870.92
0.0017169 870.92
0.0017188 870.92
0.0017207 870.92
0.0017225 870.92
0.0017244 870.92
0.0017263 870.92
0.0017282 870.92
0.0017301 870.92
0.001732 870.92
0.0017338 870.92
0.0017357 870.92
0.0017376 870.92
0.0017395 870.92
0.0017414 870.92
0.0017433 870.92
0.0017452 870.92
0.001747 870.92
0.0017489 870.92
0.0017508 870.92
0.0017527 870.92
0.0017546 870.92
0.0017565 870.92
0.0017583 870.92
0.0017602 870.92
0.0017621 870.92
0.001764 870.92
0.0017659 870.92
0.0017678 870.92
0.0017697 870.92
0.0017715 870.92
0.0017734 870.92
0.0017753 870.92
0.0017772 870.92
0.0017791 870.92
0.001781 870.92
0.0017828 870.92
0.0017847 870.92
0.0017866 870.92
0.0017885 870.92
0.0017904 870.92
0.0017923 870.92
0.0017942 870.92
0.001796 870.92
0.0017979 870.92
0.0017998 870.92
0.0018017 870.92
0.0018036 870.92
0.0018055 870.92
0.0018073 870.92
0.0018092 870.92
0.0018111 870.92
0.001813 870.92
0.0018149 870.92
0.0018168 870.92
0.0018187 870.92
0.0018205 870.92
0.0018224 870.92
0.0018243 870.92
0.0018262 870.92
0.0018281 870.92
0.00183 870.92
0.0018318 870.92
0.0018337 870.92
0.0018356 870.92
0.0018375 870.92
0.0018394 870.92
0.0018413 870.92
0.0018432 870.92
0.001845 870.92
0.0018469 870.92
0.0018488 870.92
0.0018507 870.92
0.0018526 870.92
0.0018545 870.92
0.0018563 870.92
0.0018582 870.92
0.0018601 870.92
0.001862 870.92
0.0018639 870.92
0.0018658 870.92
0.0018677 870.92
0.0018695 870.92
0.0018714 870.92
0.0018733 870.92
0.0018752 870.92
0.0018771 870.92
0.001879 870.92
0.0018808 870.92
0.0018827 870.92
0.0018846 870.92
0.0018865 870.92
0.0018884 870.92
0.0018903 870.92
0.0018922 870.92
0.001894 870.92
0.0018959 870.92
0.0018978 870.92
0.0018997 870.92
0.0019016 870.92
0.0019035 870.92
0.0019053 870.92
0.0019072 870.92
0.0019091 870.92
0.001911 870.92
0.0019129 870.92
0.0019148 870.92
0.0019167 870.92
0.0019185 870.92
0.0019204 870.92
0.0019223 870.92
0.0019242 870.92
0.0019261 870.92
0.001928 870.92
0.0019298 870.92
0.0019317 870.92
0.0019336 870.92
0.0019355 870.92
0.0019374 870.92
0.0019393 870.92
0.0019412 870.92
0.001943 870.92
0.0019449 870.92
0.0019468 870.92
0.0019487 870.92
0.0019506 870.92
0.0019525 870.92
0.0019543 870.92
0.0019562 870.92
0.0019581 870.92
0.00196 870.92
0.0019619 870.92
0.0019638 870.92
0.0019657 870.92
0.0019675 870.92
0.0019694 870.92
0.0019713 870.92
0.0019732 870.92
0.0019751 870.92
0.001977 870.92
0.0019788 870.92
0.0019807 870.92
0.0019826 870.92
0.0019845 870.92
0.0019864 870.92
0.0019883 870.92
0.0019902 870.92
0.001992 870.92
0.0019939 870.92
0.0019958 870.92
0.0019977 870.92
0.0019996 870.92
0.0020015 870.92
0.0020033 870.92
0.0020052 870.92
0.0020071 870.92
0.002009 870.92
0.0020109 870.92
0.0020128 870.92
0.0020147 870.92
0.0020165 870.92
0.0020184 870.92
0.0020203 870.92
0.0020222 870.92
0.0020241 870.92
0.002026 870.92
0.0020278 870.92
0.0020297 870.92
0.0020316 870.92
0.0020335 870.92
0.0020354 870.92
0.0020373 870.92
0.0020392 870.92
0.002041 870.92
0.0020429 870.92
0.0020448 870.92
0.0020467 870.92
0.0020486 870.92
0.0020505 870.92
0.0020523 870.92
0.0020542 870.92
0.0020561 870.92
0.002058 870.92
0.0020599 870.92
0.0020618 870.92
0.0020637 870.92
0.0020655 870.92
0.0020674 870.92
0.0020693 870.92
0.0020712 870.92
0.0020731 870.92
0.002075 870.92
0.0020768 870.92
0.0020787 870.92
0.0020806 870.92
0.0020825 870.92
0.0020844 870.92
0.0020863 870.92
0.0020882 870.92
0.00209 870.92
0.0020919 870.92
0.0020938 870.92
0.0020957 870.92
0.0020976 870.92
0.0020995 870.92
0.0021013 870.92
0.0021032 870.92
0.0021051 870.92
0.002107 870.92
0.0021089 870.92
0.0021108 870.92
0.0021127 870.92
0.0021145 870.92
0.0021164 870.92
0.0021183 870.92
0.0021202 870.92
0.0021221 870.92
0.002124 870.92
0.0021258 870.92
0.0021277 870.92
0.0021296 870.92
0.0021315 870.92
0.0021334 870.92
0.0021353 870.92
0.0021372 870.92
0.002139 870.92
0.0021409 870.92
0.0021428 870.92
0.0021447 870.92
0.0021466 870.92
0.0021485 870.92
0.0021503 870.92
0.0021522 870.92
0.0021541 870.92
0.002156 870.92
0.0021579 870.92
0.0021598 870.92
0.0021617 870.92
0.0021635 870.92
0.0021654 870.92
0.0021673 870.92
0.0021692 870.92
0.0021711 870.92
0.002173 870.92
0.0021748 870.92
0.0021767 870.92
0.0021786 870.92
0.0021805 870.92
0.0021824 870.92
0.0021843 870.92
0.0021862 870.92
0.002188 870.92
0.0021899 870.92
0.0021918 870.92
0.0021937 870.92
0.0021956 870.92
0.0021975 870.92
0.0021993 870.92
0.0022012 870.92
0.0022031 870.92
0.002205 870.92
0.0022069 870.92
0.0022088 870.92
0.0022107 870.92
0.0022125 870.92
0.0022144 870.92
0.0022163 870.92
0.0022182 870.92
0.0022201 870.92
0.002222 870.92
0.0022238 870.92
0.0022257 870.92
0.0022276 870.92
0.0022295 870.92
0.0022314 870.92
0.0022333 870.92
0.0022352 870.92
0.002237 870.92
0.0022389 870.92
0.0022408 870.92
0.0022427 870.92
0.0022446 870.92
0.0022465 870.92
0.0022483 870.92
0.0022502 870.92
0.0022521 870.92
0.002254 870.92
0.0022559 870.92
0.0022578 870.92
0.0022597 870.92
0.0022615 870.92
0.0022634 870.92
0.0022653 870.92
0.0022672 870.92
0.0022691 870.92
0.002271 870.92
0.0022728 870.92
0.0022747 870.92
0.0022766 870.92
0.0022785 870.92
0.0022804 870.92
0.0022823 870.92
0.0022842 870.92
0.002286 870.92
0.0022879 870.92
0.0022898 870.92
0.0022917 870.92
0.0022936 870.92
0.0022955 870.92
0.0022973 870.92
0.0022992 870.92
0.0023011 870.92
0.002303 870.92
0.0023049 870.92
0.0023068 870.92
0.0023087 870.92
0.0023105 870.92
0.0023124 870.92
0.0023143 870.92
0.0023162 870.92
0.0023181 870.92
0.00232 870.92
0.0023218 870.92
0.0023237 870.92
0.0023256 870.92
0.0023275 870.92
0.0023294 870.92
0.0023313 870.92
0.0023332 870.92
0.002335 870.92
0.0023369 870.92
0.0023388 870.92
0.0023407 870.92
0.0023426 870.92
0.0023445 870.92
0.0023463 870.92
0.0023482 870.92
0.0023501 870.92
0.002352 870.92
0.0023539 870.92
0.0023558 870.92
0.0023577 870.92
0.0023595 870.92
0.0023614 870.92
0.0023633 870.92
0.0023652 870.92
0.0023671 870.92
0.002369 870.92
0.0023708 870.92
0.0023727 870.92
0.0023746 870.92
0.0023765 870.92
0.0023784 870.92
0.0023803 870.92
0.0023822 870.92
0.002384 870.92
0.0023859 870.92
0.0023878 870.92
0.0023897 870.92
0.0023916 870.92
0.0023935 870.92
0.0023953 870.92
0.0023972 870.92
0.0023991 870.92
0.002401 870.92
0.0024029 870.92
0.0024048 870.92
0.0024067 870.92
0.0024085 870.92
0.0024104 870.92
0.0024123 870.92
0.0024142 870.92
0.0024161 870.92
0.002418 870.92
0.0024198 870.92
0.0024217 870.92
0.0024236 870.92
0.0024255 870.92
0.0024274 870.92
0.0024293 870.92
0.0024312 870.92
0.002433 870.92
0.0024349 870.92
0.0024368 870.92
0.0024387 870.92
0.0024406 870.92
0.0024425 870.92
0.0024443 870.92
0.0024462 870.92
0.0024481 870.92
0.00245 870.92
0.0024519 870.92
0.0024538 870.92
0.0024557 870.92
0.0024575 870.92
0.0024594 870.92
0.0024613 870.92
0.0024632 870.92
0.0024651 870.92
0.002467 870.92
0.0024688 870.92
0.0024707 870.92
0.0024726 870.92
0.0024745 870.92
0.0024764 870.92
0.0024783 870.92
0.0024802 870.92
0.002482 870.92
0.0024839 870.92
0.0024858 870.92
0.0024877 870.92
0.0024896 870.92
0.0024915 870.92
0.0024933 870.92
0.0024952 870.92
0.0024971 870.92
0.002499 870.92
0.0025009 870.92
0.0025028 870.92
0.0025047 870.92
0.0025065 870.92
0.0025084 870.92
0.0025103 870.92
0.0025122 870.92
0.0025141 870.92
0.002516 870.92
0.0025178 870.92
0.0025197 870.92
0.0025216 870.92
0.0025235 870.92
0.0025254 870.92
0.0025273 870.92
0.0025292 870.92
0.002531 870.92
0.0025329 870.92
0.0025348 870.92
0.0025367 870.92
0.0025386 870.92
0.0025405 870.92
0.0025423 870.92
0.0025442 870.92
0.0025461 870.92
0.002548 870.92
0.0025499 870.92
0.0025518 870.92
0.0025537 870.92
0.0025555 870.92
0.0025574 870.92
0.0025593 870.92
0.0025612 870.92
0.0025631 870.92
0.002565 870.92
0.0025668 870.92
0.0025687 870.92
0.0025706 870.92
0.0025725 870.92
0.0025744 870.92
0.0025763 870.92
0.0025782 870.92
0.00258 870.92
0.0025819 870.92
0.0025838 870.92
0.0025857 870.92
0.0025876 870.92
0.0025895 870.92
0.0025913 870.92
0.0025932 870.92
0.0025951 870.92
0.002597 870.92
0.0025989 870.92
0.0026008 870.92
0.0026027 870.92
0.0026045 870.92
0.0026064 870.92
0.0026083 870.92
0.0026102 870.92
0.0026121 870.92
0.002614 870.92
0.0026158 870.92
0.0026177 870.92
0.0026196 870.92
0.0026215 870.92
0.0026234 870.92
0.0026253 870.92
0.0026272 870.92
0.002629 870.92
0.0026309 870.92
0.0026328 870.92
0.0026347 870.92
0.0026366 870.92
0.0026385 870.92
0.0026403 870.92
0.0026422 870.92
0.0026441 870.92
0.002646 870.92
0.0026479 870.92
0.0026498 870.92
0.0026517 870.92
0.0026535 870.92
0.0026554 870.92
0.0026573 870.92
0.0026592 870.92
0.0026611 870.92
0.002663 870.92
0.0026648 870.92
0.0026667 870.92
0.0026686 870.92
0.0026705 870.92
0.0026724 870.92
0.0026743 870.92
0.0026762 870.92
0.002678 870.92
0.0026799 870.92
0.0026818 870.92
0.0026837 870.92
0.0026856 870.92
0.0026875 870.92
0.0026893 870.92
0.0026912 870.92
0.0026931 870.92
0.002695 870.92
0.0026969 870.92
0.0026988 870.92
0.0027007 870.92
0.0027025 870.92
0.0027044 870.92
0.0027063 870.92
0.0027082 870.92
0.0027101 870.92
0.002712 870.92
0.0027138 870.92
0.0027157 870.92
0.0027176 870.92
0.0027195 870.92
0.0027214 870.92
0.0027233 870.92
0.0027252 870.92
0.002727 870.92
0.0027289 870.92
0.0027308 870.92
0.0027327 870.92
0.0027346 870.92
0.0027365 870.92
0.0027383 870.92
0.0027402 870.92
0.0027421 870.92
0.002744 870.92
0.0027459 870.92
0.0027478 870.92
0.0027497 870.92
0.0027515 870.92
0.0027534 870.92
0.0027553 870.92
0.0027572 870.92
0.0027591 870.92
0.002761 870.92
0.0027628 870.92
0.0027647 870.92
0.0027666 870.92
0.0027685 870.92
0.0027704 870.92
0.0027723 870.92
0.0027742 870.92
0.002776 870.92
0.0027779 870.92
0.0027798 870.92
0.0027817 870.92
0.0027836 870.92
0.0027855 870.92
0.0027873 870.92
0.0027892 870.92
0.0027911 870.92
0.002793 870.92
0.0027949 870.92
0.0027968 870.92
0.0027987 870.92
0.0028005 870.92
0.0028024 870.92
0.0028043 870.92
0.0028062 870.92
0.0028081 870.92
0.00281 870.92
0.0028118 870.92
0.0028137 870.92
0.0028156 870.92
0.0028175 870.92
0.0028194 870.92
0.0028213 870.92
0.0028232 870.92
0.002825 870.92
0.0028269 870.92
0.0028288 870.92
0.0028307 870.92
0.0028326 870.92
0.0028345 870.92
0.0028363 870.92
0.0028382 870.92
0.0028401 870.92
0.002842 870.92
0.0028439 870.92
0.0028458 870.92
0.0028477 870.92
0.0028495 870.92
0.0028514 870.92
0.0028533 870.92
0.0028552 870.92
0.0028571 870.92
0.002859 870.92
0.0028608 870.92
0.0028627 870.92
0.0028646 870.92
0.0028665 870.92
0.0028684 870.92
0.0028703 870.92
0.0028722 870.92
0.002874 870.92
0.0028759 870.92
0.0028778 870.92
0.0028797 870.92
0.0028816 870.92
0.0028835 870.92
0.0028853 870.92
0.0028872 870.92
0.0028891 870.92
0.002891 870.92
0.0028929 870.92
0.0028948 870.92
0.0028967 870.92
0.0028985 870.92
0.0029004 870.92
0.0029023 870.92
0.0029042 870.92
0.0029061 870.92
0.002908 870.92
0.0029098 870.92
0.0029117 870.92
0.0029136 870.92
0.0029155 870.92
0.0029174 870.92
0.0029193 870.92
0.0029212 870.92
0.002923 870.92
0.0029249 870.92
0.0029268 870.92
0.0029287 870.92
0.0029306 870.92
0.0029325 870.92
0.0029343 870.92
0.0029362 870.92
0.0029381 870.92
0.00294 870.92
0.0029419 870.92
0.0029438 870.92
0.0029457 870.92
0.0029475 870.92
0.0029494 870.92
0.0029513 870.92
0.0029532 870.92
0.0029551 870.92
0.002957 870.92
0.0029588 870.92
0.0029607 870.92
0.0029626 870.92
0.0029645 870.92
0.0029664 870.92
0.0029683 870.92
0.0029702 870.92
0.002972 870.92
0.0029739 870.92
0.0029758 870.92
0.0029777 870.92
0.0029796 870.92
0.0029815 870.92
0.0029833 870.92
0.0029852 870.92
0.0029871 870.92
0.002989 870.92
0.0029909 870.92
0.0029928 870.92
0.0029947 870.92
0.0029965 870.92
0.0029984 870.92
0.0030003 870.92
0.0030022 870.92
0.0030041 870.92
0.003006 870.92
0.0030078 870.92
0.0030097 870.92
0.0030116 870.92
0.0030135 870.92
0.0030154 870.92
0.0030173 870.92
0.0030192 870.92
0.003021 870.92
0.0030229 870.92
0.0030248 870.92
0.0030267 870.92
0.0030286 870.92
0.0030305 870.92
0.0030323 870.92
0.0030342 870.92
0.0030361 870.92
0.003038 870.92
0.0030399 870.92
0.0030418 870.92
0.0030437 870.92
0.0030455 870.92
0.0030474 870.92
0.0030493 870.92
0.0030512 870.92
0.0030531 870.92
0.003055 870.92
0.0030568 870.92
0.0030587 870.92
0.0030606 870.92
0.0030625 870.92
0.0030644 870.92
0.0030663 870.92
0.0030682 870.92
0.00307 870.92
0.0030719 870.92
0.0030738 870.92
0.0030757 870.92
0.0030776 870.92
0.0030795 870.92
0.0030813 870.92
0.0030832 870.92
0.0030851 870.92
0.003087 870.92
0.0030889 870.92
0.0030908 870.92
0.0030927 870.92
0.0030945 870.92
0.0030964 870.92
0.0030983 870.92
0.0031002 870.92
0.0031021 870.92
0.003104 870.92
0.0031058 870.92
0.0031077 870.92
0.0031096 870.92
0.0031115 870.92
0.0031134 870.92
0.0031153 870.92
0.0031172 870.92
0.003119 870.92
0.0031209 870.92
0.0031228 870.92
0.0031247 870.92
0.0031266 870.92
0.0031285 870.92
0.0031303 870.92
0.0031322 870.92
0.0031341 870.92
0.003136 870.92
0.0031379 870.92
0.0031398 870.92
0.0031417 870.92
0.0031435 870.92
0.0031454 870.92
0.0031473 870.92
0.0031492 870.92
0.0031511 870.92
0.003153 870.92
0.0031548 870.92
0.0031567 870.92
0.0031586 870.92
0.0031605 870.92
0.0031624 870.92
0.0031643 870.92
0.0031662 870.92
0.003168 870.92
0.0031699 870.92
0.0031718 870.92
0.0031737 870.92
0.0031756 870.92
0.0031775 870.92
0.0031793 870.92
0.0031812 870.92
0.0031831 870.92
0.003185 870.92
0.0031869 870.92
0.0031888 870.92
0.0031907 870.92
0.0031925 870.92
0.0031944 870.92
0.0031963 870.92
0.0031982 870.92
0.0032001 870.92
0.003202 870.92
0.0032038 870.92
0.0032057 870.92
0.0032076 870.92
0.0032095 870.92
0.0032114 870.92
0.0032133 870.92
0.0032152 870.92
0.003217 870.92
0.0032189 870.92
0.0032208 870.92
0.0032227 870.92
0.0032246 870.92
0.0032265 870.92
0.0032283 870.92
0.0032302 870.92
0.0032321 870.92
0.003234 870.92
0.0032359 870.92
0.0032378 870.92
0.0032397 870.92
0.0032415 870.92
0.0032434 870.92
0.0032453 870.92
0.0032472 870.92
0.0032491 870.92
0.003251 870.92
0.0032528 870.92
0.0032547 870.92
0.0032566 870.92
0.0032585 870.92
0.0032604 870.92
0.0032623 870.92
0.0032642 870.92
0.003266 870.92
0.0032679 870.92
0.0032698 870.92
0.0032717 870.92
0.0032736 870.92
0.0032755 870.92
0.0032773 870.92
0.0032792 870.92
0.0032811 870.92
0.003283 870.92
0.0032849 870.92
0.0032868 870.92
0.0032887 870.92
0.0032905 870.92
0.0032924 870.92
0.0032943 870.92
0.0032962 870.92
0.0032981 870.92
0.0033 870.92
0.0033018 870.92
0.0033037 870.92
0.0033056 870.92
0.0033075 870.92
0.0033094 870.92
0.0033113 870.92
0.0033132 870.92
0.003315 870.92
0.0033169 870.92
0.0033188 870.92
0.0033207 870.92
0.0033226 870.92
0.0033245 870.92
0.0033263 870.92
0.0033282 870.92
0.0033301 870.92
0.003332 870.92
0.0033339 870.92
0.0033358 870.92
0.0033377 870.92
0.0033395 870.92
0.0033414 870.92
0.0033433 870.92
0.0033452 870.92
0.0033471 870.92
0.003349 870.92
0.0033508 870.92
0.0033527 870.92
0.0033546 870.92
0.0033565 870.92
0.0033584 870.92
0.0033603 870.92
0.0033622 870.92
0.003364 870.92
0.0033659 870.92
0.0033678 870.92
0.0033697 870.92
0.0033716 870.92
0.0033735 870.92
0.0033753 870.92
0.0033772 870.92
0.0033791 870.92
0.003381 870.92
0.0033829 870.92
0.0033848 870.92
0.0033867 870.92
0.0033885 870.92
0.0033904 870.92
0.0033923 870.92
0.0033942 870.92
0.0033961 870.92
0.003398 870.92
0.0033998 870.92
0.0034017 870.92
0.0034036 870.92
0.0034055 870.92
0.0034074 870.92
0.0034093 870.92
0.0034112 870.92
0.003413 870.92
0.0034149 870.92
0.0034168 870.92
0.0034187 870.92
0.0034206 870.92
0.0034225 870.92
0.0034243 870.92
0.0034262 870.92
0.0034281 870.92
0.00343 870.92
0.0034319 870.92
0.0034338 870.92
0.0034357 870.92
0.0034375 870.92
0.0034394 870.92
0.0034413 870.92
0.0034432 870.92
0.0034451 870.92
0.003447 870.92
0.0034488 870.92
0.0034507 870.92
0.0034526 870.92
0.0034545 870.92
0.0034564 870.92
0.0034583 870.92
0.0034602 870.92
0.003462 870.92
0.0034639 870.92
0.0034658 870.92
0.0034677 870.92
0.0034696 870.92
0.0034715 870.92
0.0034733 870.92
0.0034752 870.92
0.0034771 870.92
0.003479 870.92
0.0034809 870.92
0.0034828 870.92
0.0034847 870.92
0.0034865 870.92
0.0034884 870.92
0.0034903 870.92
0.0034922 870.92
0.0034941 870.92
0.003496 870.92
0.0034978 870.92
0.0034997 870.92
0.0035016 870.92
0.0035035 870.92
0.0035054 870.92
0.0035073 870.92
0.0035092 870.92
0.003511 870.92
0.0035129 870.92
0.0035148 870.92
0.0035167 870.92
0.0035186 870.92
0.0035205 870.92
0.0035223 870.92
0.0035242 870.92
0.0035261 870.92
0.003528 870.92
0.0035299 870.92
0.0035318 870.92
0.0035337 870.92
0.0035355 870.92
0.0035374 870.92
0.0035393 870.92
0.0035412 870.92
0.0035431 870.92
0.003545 870.92
0.0035468 870.92
0.0035487 870.92
0.0035506 870.92
0.0035525 870.92
0.0035544 870.92
0.0035563 870.92
0.0035582 870.92
0.00356 870.92
0.0035619 870.92
0.0035638 870.92
0.0035657 870.92
0.0035676 870.92
0.0035695 870.92
0.0035713 870.92
0.0035732 870.92
0.0035751 870.92
0.003577 870.92
0.0035789 870.92
0.0035808 870.92
0.0035827 870.92
0.0035845 870.92
0.0035864 870.92
0.0035883 870.92
0.0035902 870.92
0.0035921 870.92
0.003594 870.92
0.0035958 870.92
0.0035977 870.92
0.0035996 870.92
0.0036015 870.92
0.0036034 870.92
0.0036053 870.92
0.0036072 870.92
0.003609 870.92
0.0036109 870.92
0.0036128 870.92
0.0036147 870.92
0.0036166 870.92
0.0036185 870.92
0.0036203 870.92
0.0036222 870.92
0.0036241 870.92
0.003626 870.92
0.0036279 870.92
0.0036298 870.92
0.0036317 870.92
0.0036335 870.92
0.0036354 870.92
0.0036373 870.92
0.0036392 870.92
0.0036411 870.92
0.003643 870.92
0.0036448 870.92
0.0036467 870.92
0.0036486 870.92
0.0036505 870.92
0.0036524 870.92
0.0036543 870.92
0.0036562 870.92
0.003658 870.92
0.0036599 870.92
0.0036618 870.92
0.0036637 870.92
0.0036656 870.92
0.0036675 870.92
0.0036693 870.92
0.0036712 870.92
0.0036731 870.92
0.003675 870.92
0.0036769 870.92
0.0036788 870.92
0.0036807 870.92
0.0036825 870.92
0.0036844 870.92
0.0036863 870.92
0.0036882 870.92
0.0036901 870.92
0.003692 870.92
0.0036938 870.92
0.0036957 870.92
0.0036976 870.92
0.0036995 870.92
0.0037014 870.92
0.0037033 870.92
0.0037052 870.92
0.003707 870.92
0.0037089 870.92
0.0037108 870.92
0.0037127 870.92
0.0037146 870.92
0.0037165 870.92
0.0037183 870.92
0.0037202 870.92
0.0037221 870.92
0.003724 870.92
0.0037259 870.92
0.0037278 870.92
0.0037297 870.92
0.0037315 870.92
0.0037334 870.92
0.0037353 870.92
0.0037372 870.92
0.0037391 870.92
0.003741 870.92
0.0037428 870.92
0.0037447 870.92
0.0037466 870.92
0.0037485 870.92
0.0037504 870.92
0.0037523 870.92
0.0037542 870.92
0.003756 870.92
0.0037579 870.92
0.0037598 870.92
0.0037617 870.92
0.0037636 870.92
0.0037655 870.92
0.0037673 870.92
0.0037692 870.92
0.0037711 870.92
0.003773 870.92
0.0037749 870.92
0.0037768 870.92
0.0037787 870.92
0.0037805 870.92
0.0037824 870.92
0.0037843 870.92
0.0037862 870.92
0.0037881 870.92
0.00379 870.92
0.0037918 870.92
0.0037937 870.92
0.0037956 870.92
0.0037975 870.92
0.0037994 870.92
0.0038013 870.92
0.0038032 870.92
0.003805 870.92
0.0038069 870.92
0.0038088 870.92
0.0038107 870.92
0.0038126 870.92
0.0038145 870.92
0.0038163 870.92
0.0038182 870.92
0.0038201 870.92
0.003822 870.92
0.0038239 870.92
0.0038258 870.92
0.0038277 870.92
0.0038295 870.92
0.0038314 870.92
0.0038333 870.92
0.0038352 870.92
0.0038371 870.92
0.003839 870.92
0.0038408 870.92
0.0038427 870.92
0.0038446 870.92
0.0038465 870.92
0.0038484 870.92
0.0038503 870.92
0.0038522 870.92
0.003854 870.92
0.0038559 870.92
0.0038578 870.92
0.0038597 870.92
0.0038616 870.92
0.0038635 870.92
0.0038653 870.92
0.0038672 870.92
0.0038691 870.92
0.003871 870.92
0.0038729 870.92
0.0038748 870.92
0.0038767 870.92
0.0038785 870.92
0.0038804 870.92
0.0038823 870.92
0.0038842 870.92
0.0038861 870.92
0.003888 870.92
0.0038898 870.92
0.0038917 870.92
0.0038936 870.92
0.0038955 870.92
0.0038974 870.92
0.0038993 870.92
0.0039012 870.92
0.003903 870.92
0.0039049 870.92
0.0039068 870.92
0.0039087 870.92
0.0039106 870.92
0.0039125 870.92
0.0039143 870.92
0.0039162 870.92
0.0039181 870.92
0.00392 870.92
0.0039219 870.92
0.0039238 870.92
0.0039257 870.92
0.0039275 870.92
0.0039294 870.92
0.0039313 870.92
0.0039332 870.92
0.0039351 870.92
0.003937 870.92
0.0039388 870.92
0.0039407 870.92
0.0039426 870.92
0.0039445 870.92
0.0039464 870.92
0.0039483 870.92
0.0039502 870.92
0.003952 870.92
0.0039539 870.92
0.0039558 870.92
0.0039577 870.92
0.0039596 870.92
0.0039615 870.92
0.0039633 870.92
0.0039652 870.92
0.0039671 870.92
0.003969 870.92
0.0039709 870.92
0.0039728 870.92
0.0039747 870.92
0.0039765 870.92
0.0039784 870.92
0.0039803 870.92
0.0039822 870.92
0.0039841 870.92
0.003986 870.92
0.0039878 870.92
0.0039897 870.92
0.0039916 870.92
0.0039935 870.92
0.0039954 870.92
0.0039973 870.92
0.0039992 870.92
0.004001 870.92
0.0040029 870.92
0.0040048 870.92
0.0040067 870.92
0.0040086 870.92
0.0040105 870.92
0.0040123 870.92
0.0040142 870.92
0.0040161 870.92
0.004018 870.92
0.0040199 870.92
0.0040218 870.92
0.0040237 870.92
0.0040255 870.92
0.0040274 870.92
0.0040293 870.92
0.0040312 870.92
0.0040331 870.92
0.004035 870.92
0.0040368 870.92
0.0040387 870.92
0.0040406 870.92
0.0040425 870.92
0.0040444 870.92
0.0040463 870.92
0.0040482 870.92
0.00405 870.92
0.0040519 870.92
0.0040538 870.92
0.0040557 870.92
0.0040576 870.92
0.0040595 870.92
0.0040613 870.92
0.0040632 870.92
0.0040651 870.92
0.004067 870.92
0.0040689 870.92
0.0040708 870.92
0.0040727 870.92
0.0040745 870.92
0.0040764 870.92
0.0040783 870.92
0.0040802 870.92
0.0040821 870.92
0.004084 870.92
0.0040858 870.92
0.0040877 870.92
0.0040896 870.92
0.0040915 870.92
0.0040934 870.92
0.0040953 870.92
0.0040972 870.92
0.004099 870.92
0.0041009 870.92
0.0041028 870.92
0.0041047 870.92
0.0041066 870.92
0.0041085 870.92
0.0041103 870.92
0.0041122 870.92
0.0041141 870.92
0.004116 870.92
0.0041179 870.92
0.0041198 870.92
0.0041217 870.92
0.0041235 870.92
0.0041254 870.92
0.0041273 870.92
0.0041292 870.92
0.0041311 870.92
0.004133 870.92
0.0041348 870.92
0.0041367 870.92
0.0041386 870.92
0.0041405 870.92
0.0041424 870.92
0.0041443 870.92
0.0041462 870.92
0.004148 870.92
0.0041499 870.92
0.0041518 870.92
0.0041537 870.92
0.0041556 870.92
0.0041575 870.92
0.0041593 870.92
0.0041612 870.92
0.0041631 870.92
0.004165 870.92
0.0041669 870.92
0.0041688 870.92
0.0041707 870.92
0.0041725 870.92
0.0041744 870.92
0.0041763 870.92
0.0041782 870.92
0.0041801 870.92
0.004182 870.92
0.0041838 870.92
0.0041857 870.92
0.0041876 870.92
0.0041895 870.92
0.0041914 870.92
0.0041933 870.92
0.0041952 870.92
0.004197 870.92
0.0041989 870.92
0.0042008 870.92
0.0042027 870.92
0.0042046 870.92
0.0042065 870.92
0.0042083 870.92
0.0042102 870.92
0.0042121 870.92
0.004214 870.92
0.0042159 870.92
0.0042178 870.92
0.0042197 870.92
0.0042215 870.92
0.0042234 870.92
0.0042253 870.92
0.0042272 870.92
0.0042291 870.92
0.004231 870.92
0.0042328 870.92
0.0042347 870.92
0.0042366 870.92
0.0042385 870.92
0.0042404 870.92
0.0042423 870.92
0.0042442 870.92
0.004246 870.92
0.0042479 870.92
0.0042498 870.92
0.0042517 870.92
0.0042536 870.92
0.0042555 870.92
0.0042573 870.92
0.0042592 870.92
0.0042611 870.92
0.004263 870.92
0.0042649 870.92
0.0042668 870.92
0.0042687 870.92
0.0042705 870.92
0.0042724 870.92
0.0042743 870.92
0.0042762 870.92
0.0042781 870.92
0.00428 870.92
0.0042818 870.92
0.0042837 870.92
0.0042856 870.92
0.0042875 870.92
0.0042894 870.92
0.0042913 870.92
0.0042932 870.92
0.004295 870.92
0.0042969 870.92
0.0042988 870.92
0.0043007 870.92
0.0043026 870.92
0.0043045 870.92
0.0043063 870.92
0.0043082 870.92
0.0043101 870.92
0.004312 870.92
0.0043139 870.92
0.0043158 870.92
0.0043177 870.92
0.0043195 870.92
0.0043214 870.92
0.0043233 870.92
0.0043252 870.92
0.0043271 870.92
0.004329 870.92
0.0043308 870.92
0.0043327 870.92
0.0043346 870.92
0.0043365 870.92
0.0043384 870.92
0.0043403 870.92
0.0043422 870.92
0.004344 870.92
0.0043459 870.92
0.0043478 870.92
0.0043497 870.92
0.0043516 870.92
0.0043535 870.92
0.0043553 870.92
0.0043572 870.92
0.0043591 870.92
0.004361 870.92
0.0043629 870.92
0.0043648 870.92
0.0043667 870.92
0.0043685 870.92
0.0043704 870.92
0.0043723 870.92
0.0043742 870.92
0.0043761 870.92
0.004378 870.92
0.0043798 870.92
0.0043817 870.92
0.0043836 870.92
0.0043855 870.92
0.0043874 870.92
0.0043893 870.92
0.0043912 870.92
0.004393 870.92
0.0043949 870.92
0.0043968 870.92
0.0043987 870.92
0.0044006 870.92
0.0044025 870.92
0.0044043 870.92
0.0044062 870.92
0.0044081 870.92
0.00441 870.92
0.0044119 870.92
0.0044138 870.92
0.0044157 870.92
0.0044175 870.92
0.0044194 870.92
0.0044213 870.92
0.0044232 870.92
0.0044251 870.92
0.004427 870.92
0.0044288 870.92
0.0044307 870.92
0.0044326 870.92
0.0044345 870.92
0.0044364 870.92
0.0044383 870.92
0.0044402 870.92
0.004442 870.92
0.0044439 870.92
0.0044458 870.92
0.0044477 870.92
0.0044496 870.92
0.0044515 870.92
0.0044533 870.92
0.0044552 870.92
0.0044571 870.92
0.004459 870.92
0.0044609 870.92
0.0044628 870.92
0.0044647 870.92
0.0044665 870.92
0.0044684 870.92
0.0044703 870.92
0.0044722 870.92
0.0044741 870.92
0.004476 870.92
0.0044778 870.92
0.0044797 870.92
0.0044816 870.92
0.0044835 870.92
0.0044854 870.92
0.0044873 870.92
0.0044892 870.92
0.004491 870.92
0.0044929 870.92
0.0044948 870.92
0.0044967 870.92
0.0044986 870.92
0.0045005 870.92
0.0045023 870.92
0.0045042 870.92
0.0045061 870.92
0.004508 870.92
0.0045099 870.92
0.0045118 870.92
0.0045137 870.92
0.0045155 870.92
0.0045174 870.92
0.0045193 870.92
0.0045212 870.92
0.0045231 870.92
0.004525 870.92
0.0045268 870.92
0.0045287 870.92
0.0045306 870.92
0.0045325 870.92
0.0045344 870.92
0.0045363 870.92
0.0045382 870.92
0.00454 870.92
0.0045419 870.92
0.0045438 870.92
0.0045457 870.92
0.0045476 870.92
0.0045495 870.92
0.0045513 870.92
0.0045532 870.92
0.0045551 870.92
0.004557 870.92
0.0045589 870.92
0.0045608 870.92
0.0045627 870.92
0.0045645 870.92
0.0045664 870.92
0.0045683 870.92
0.0045702 870.92
0.0045721 870.92
0.004574 870.92
0.0045758 870.92
0.0045777 870.92
0.0045796 870.92
0.0045815 870.92
0.0045834 870.92
0.0045853 870.92
0.0045872 870.92
0.004589 870.92
0.0045909 870.92
0.0045928 870.92
0.0045947 870.92
0.0045966 870.92
0.0045985 870.92
0.0046003 870.92
0.0046022 870.92
0.0046041 870.92
0.004606 870.92
0.0046079 870.92
0.0046098 870.92
0.0046117 870.92
0.0046135 870.92
0.0046154 870.92
0.0046173 870.92
0.0046192 870.92
0.0046211 870.92
0.004623 870.92
0.0046248 870.92
0.0046267 870.92
0.0046286 870.92
0.0046305 870.92
0.0046324 870.92
0.0046343 870.92
0.0046362 870.92
0.004638 870.92
0.0046399 870.92
0.0046418 870.92
0.0046437 870.92
0.0046456 870.92
0.0046475 870.92
0.0046493 870.92
0.0046512 870.92
0.0046531 870.92
0.004655 870.92
0.0046569 870.92
0.0046588 870.92
0.0046607 870.92
0.0046625 870.92
0.0046644 870.92
0.0046663 870.92
0.0046682 870.92
0.0046701 870.92
0.004672 870.92
0.0046738 870.92
0.0046757 870.92
0.0046776 870.92
0.0046795 870.92
0.0046814 870.92
0.0046833 870.92
0.0046852 870.92
0.004687 870.92
0.0046889 870.92
0.0046908 870.92
0.0046927 870.92
0.0046946 870.92
0.0046965 870.92
0.0046983 870.92
0.0047002 870.92
0.0047021 870.92
0.004704 870.92
0.0047059 870.92
0.0047078 870.92
0.0047097 870.92
0.0047115 870.92
0.0047134 870.92
0.0047153 870.92
0.0047172 870.92
0.0047191 870.92
0.004721 870.92
0.0047228 870.92
0.0047247 870.92
0.0047266 870.92
0.0047285 870.92
0.0047304 870.92
0.0047323 870.92
0.0047342 870.92
0.004736 870.92
0.0047379 870.92
0.0047398 870.92
0.0047417 870.92
0.0047436 870.92
0.0047455 870.92
0.0047473 870.92
0.0047492 870.92
0.0047511 870.92
0.004753 870.92
0.0047549 870.92
0.0047568 870.92
0.0047587 870.92
0.0047605 870.92
0.0047624 870.92
0.0047643 870.92
0.0047662 870.92
0.0047681 870.92
0.00477 870.92
0.0047718 870.92
0.0047737 870.92
0.0047756 870.92
0.0047775 870.92
0.0047794 870.92
0.0047813 870.92
0.0047832 870.92
0.004785 870.92
0.0047869 870.92
0.0047888 870.92
0.0047907 870.92
0.0047926 870.92
0.0047945 870.92
0.0047963 870.92
0.0047982 870.92
0.0048001 870.92
0.004802 870.92
0.0048039 870.92
0.0048058 870.92
0.0048077 870.92
0.0048095 870.92
0.0048114 870.92
0.0048133 870.92
0.0048152 870.92
0.0048171 870.92
0.004819 870.92
0.0048208 870.92
0.0048227 870.92
0.0048246 870.92
0.0048265 870.92
0.0048284 870.92
0.0048303 870.92
0.0048322 870.92
0.004834 870.92
0.0048359 870.92
0.0048378 870.92
0.0048397 870.92
0.0048416 870.92
0.0048435 870.92
0.0048453 870.92
0.0048472 870.92
0.0048491 870.92
0.004851 870.92
0.0048529 870.92
0.0048548 870.92
0.0048567 870.92
0.0048585 870.92
0.0048604 870.92
0.0048623 870.92
0.0048642 870.92
0.0048661 870.92
0.004868 870.92
0.0048698 870.92
0.0048717 870.92
0.0048736 870.92
0.0048755 870.92
0.0048774 870.92
0.0048793 870.92
0.0048812 870.92
0.004883 870.92
0.0048849 870.92
0.0048868 870.92
0.0048887 870.92
0.0048906 870.92
0.0048925 870.92
0.0048943 870.92
0.0048962 870.92
0.0048981 870.92
0.0049 870.92
0.0049019 870.92
0.0049038 870.92
0.0049057 870.92
0.0049075 870.92
0.0049094 870.92
0.0049113 870.92
0.0049132 870.92
0.0049151 870.92
0.004917 870.92
0.0049188 870.92
0.0049207 870.92
0.0049226 870.92
0.0049245 870.92
0.0049264 870.92
0.0049283 870.92
0.0049302 870.92
0.004932 870.92
0.0049339 870.92
0.0049358 870.92
0.0049377 870.92
0.0049396 870.92
0.0049415 870.92
0.0049433 870.92
0.0049452 870.92
0.0049471 870.92
0.004949 870.92
0.0049509 870.92
0.0049528 870.92
0.0049547 870.92
0.0049565 870.92
0.0049584 870.92
0.0049603 870.92
0.0049622 870.92
0.0049641 870.92
0.004966 870.92
0.0049678 870.92
0.0049697 870.92
0.0049716 870.92
0.0049735 870.92
0.0049754 870.92
0.0049773 870.92
0.0049792 870.92
0.004981 870.92
0.0049829 870.92
0.0049848 870.92
0.0049867 870.92
0.0049886 870.92
0.0049905 870.92
0.0049923 870.92
0.0049942 870.92
0.0049961 870.92
0.004998 870.92
0.0049999 870.92
0.0050018 870.92
0.0050037 870.92
0.0050055 870.92
0.0050074 870.92
0.0050093 870.92
0.0050112 870.92
0.0050131 870.92
0.005015 870.92
0.0050168 870.92
0.0050187 870.92
0.0050206 870.92
0.0050225 870.92
0.0050244 870.92
0.0050263 870.92
0.0050282 870.92
0.00503 870.92
0.0050319 870.92
0.0050338 870.92
0.0050357 870.92
0.0050376 870.92
0.0050395 870.92
0.0050413 870.92
0.0050432 870.92
0.0050451 870.92
0.005047 870.92
0.0050489 870.92
0.0050508 870.92
0.0050527 870.92
0.0050545 870.92
0.0050564 870.92
0.0050583 870.92
0.0050602 870.92
0.0050621 870.92
0.005064 870.92
0.0050658 870.92
0.0050677 870.92
0.0050696 870.92
0.0050715 870.92
0.0050734 870.92
0.0050753 870.92
0.0050772 870.92
0.005079 870.92
0.0050809 870.92
0.0050828 870.92
0.0050847 870.92
0.0050866 870.92
0.0050885 870.92
0.0050903 870.92
0.0050922 870.92
0.0050941 870.92
0.005096 870.92
0.0050979 870.92
0.0050998 870.92
0.0051017 870.92
0.0051035 870.92
0.0051054 870.92
0.0051073 870.92
0.0051092 870.92
0.0051111 870.92
0.005113 870.92
0.0051148 870.92
0.0051167 870.92
0.0051186 870.92
0.0051205 870.92
0.0051224 870.92
0.0051243 870.92
0.0051262 870.92
0.005128 870.92
0.0051299 870.92
0.0051318 870.92
0.0051337 870.92
0.0051356 870.92
0.0051375 870.92
0.0051393 870.92
0.0051412 870.92
0.0051431 870.92
0.005145 870.92
0.0051469 870.92
0.0051488 870.92
0.0051507 870.92
0.0051525 870.92
0.0051544 870.92
0.0051563 870.92
0.0051582 870.92
0.0051601 870.92
0.005162 870.92
0.0051638 870.92
0.0051657 870.92
0.0051676 870.92
0.0051695 870.92
0.0051714 870.92
0.0051733 870.92
0.0051752 870.92
0.005177 870.92
0.0051789 870.92
0.0051808 870.92
0.0051827 870.92
0.0051846 870.92
0.0051865 870.92
0.0051883 870.92
0.0051902 870.92
0.0051921 870.92
0.005194 870.92
0.0051959 870.92
0.0051978 870.92
0.0051997 870.92
0.0052015 870.92
0.0052034 870.92
0.0052053 870.92
0.0052072 870.92
0.0052091 870.92
0.005211 870.92
0.0052128 870.92
0.0052147 870.92
0.0052166 870.92
0.0052185 870.92
0.0052204 870.92
0.0052223 870.92
0.0052242 870.92
0.005226 870.92
0.0052279 870.92
0.0052298 870.92
0.0052317 870.92
0.0052336 870.92
0.0052355 870.92
0.0052373 870.92
0.0052392 870.92
0.0052411 870.92
0.005243 870.92
0.0052449 870.92
0.0052468 870.92
0.0052487 870.92
0.0052505 870.92
0.0052524 870.92
0.0052543 870.92
0.0052562 870.92
0.0052581 870.92
0.00526 870.92
0.0052618 870.92
0.0052637 870.92
0.0052656 870.92
0.0052675 870.92
0.0052694 870.92
0.0052713 870.92
0.0052732 870.92
0.005275 870.92
0.0052769 870.92
0.0052788 870.92
0.0052807 870.92
0.0052826 870.92
0.0052845 870.92
0.0052863 870.92
0.0052882 870.92
0.0052901 870.92
0.005292 870.92
0.0052939 870.92
0.0052958 870.92
0.0052977 870.92
0.0052995 870.92
0.0053014 870.92
0.0053033 870.92
0.0053052 870.92
0.0053071 870.92
0.005309 870.92
0.0053108 870.92
0.0053127 870.92
0.0053146 870.92
0.0053165 870.92
0.0053184 870.92
0.0053203 870.92
0.0053222 870.92
0.005324 870.92
0.0053259 870.92
0.0053278 870.92
0.0053297 870.92
0.0053316 870.92
0.0053335 870.92
0.0053353 870.92
0.0053372 870.92
0.0053391 870.92
0.005341 870.92
0.0053429 870.92
0.0053448 870.92
0.0053467 870.92
0.0053485 870.92
0.0053504 870.92
0.0053523 870.92
0.0053542 870.92
0.0053561 870.92
0.005358 870.92
0.0053598 870.92
0.0053617 870.92
0.0053636 870.92
0.0053655 870.92
0.0053674 870.92
0.0053693 870.92
0.0053712 870.92
0.005373 870.92
0.0053749 870.92
0.0053768 870.92
0.0053787 870.92
0.0053806 870.92
0.0053825 870.92
0.0053843 870.92
0.0053862 870.92
0.0053881 870.92
0.00539 870.92
0.0053919 870.92
0.0053938 870.92
0.0053957 870.92
0.0053975 870.92
0.0053994 870.92
0.0054013 870.92
0.0054032 870.92
0.0054051 870.92
0.005407 870.92
0.0054088 870.92
0.0054107 870.92
0.0054126 870.92
0.0054145 870.92
0.0054164 870.92
0.0054183 870.92
0.0054202 870.92
0.005422 870.92
0.0054239 870.92
0.0054258 870.92
0.0054277 870.92
0.0054296 870.92
0.0054315 870.92
0.0054333 870.92
0.0054352 870.92
0.0054371 870.92
0.005439 870.92
0.0054409 870.92
0.0054428 870.92
0.0054447 870.92
0.0054465 870.92
0.0054484 870.92
0.0054503 870.92
0.0054522 870.92
0.0054541 870.92
0.005456 870.92
0.0054578 870.92
0.0054597 870.92
0.0054616 870.92
0.0054635 870.92
0.0054654 870.92
0.0054673 870.92
0.0054692 870.92
0.005471 870.92
0.0054729 870.92
0.0054748 870.92
0.0054767 870.92
0.0054786 870.92
0.0054805 870.92
0.0054823 870.92
0.0054842 870.92
0.0054861 870.92
0.005488 870.92
0.0054899 870.92
0.0054918 870.92
0.0054937 870.92
0.0054955 870.92
0.0054974 870.92
0.0054993 870.92
0.0055012 870.92
0.0055031 870.92
0.005505 870.92
0.0055068 870.92
0.0055087 870.92
0.0055106 870.92
0.0055125 870.92
0.0055144 870.92
0.0055163 870.92
0.0055182 870.92
0.00552 870.92
0.0055219 870.92
0.0055238 870.92
0.0055257 870.92
0.0055276 870.92
0.0055295 870.92
0.0055313 870.92
0.0055332 870.92
0.0055351 870.92
0.005537 870.92
0.0055389 870.92
0.0055408 870.92
0.0055427 870.92
0.0055445 870.92
0.0055464 870.92
0.0055483 870.92
0.0055502 870.92
0.0055521 870.92
0.005554 870.92
0.0055558 870.92
0.0055577 870.92
0.0055596 870.92
0.0055615 870.92
0.0055634 870.92
0.0055653 870.92
0.0055672 870.92
0.005569 870.92
0.0055709 870.92
0.0055728 870.92
0.0055747 870.92
0.0055766 870.92
0.0055785 870.92
0.0055803 870.92
0.0055822 870.92
0.0055841 870.92
0.005586 870.92
0.0055879 870.92
0.0055898 870.92
0.0055917 870.92
0.0055935 870.92
0.0055954 870.92
0.0055973 870.92
0.0055992 870.92
0.0056011 870.92
0.005603 870.92
0.0056048 870.92
0.0056067 870.92
0.0056086 870.92
0.0056105 870.92
0.0056124 870.92
0.0056143 870.92
0.0056162 870.92
0.005618 870.92
0.0056199 870.92
0.0056218 870.92
0.0056237 870.92
0.0056256 870.92
0.0056275 870.92
0.0056293 870.92
0.0056312 870.92
0.0056331 870.92
0.005635 870.92
0.0056369 870.92
0.0056388 870.92
0.0056407 870.92
0.0056425 870.92
0.0056444 870.92
0.0056463 870.92
0.0056482 870.92
0.0056501 870.92
0.005652 870.92
0.0056538 870.92
0.0056557 870.92
0.0056576 870.92
0.0056595 870.92
0.0056614 870.92
0.0056633 870.92
0.0056652 870.92
0.005667 870.92
0.0056689 870.92
0.0056708 870.92
0.0056727 870.92
0.0056746 870.92
0.0056765 870.92
0.0056783 870.92
0.0056802 870.92
0.0056821 870.92
0.005684 870.92
0.0056859 870.92
0.0056878 870.92
0.0056897 870.92
0.0056915 870.92
0.0056934 870.92
0.0056953 870.92
0.0056972 870.92
0.0056991 870.92
0.005701 870.92
0.0057028 870.92
0.0057047 870.92
0.0057066 870.92
0.0057085 870.92
0.0057104 870.92
0.0057123 870.92
0.0057142 870.92
0.005716 870.92
0.0057179 870.92
0.0057198 870.92
0.0057217 870.92
0.0057236 870.92
0.0057255 870.92
0.0057273 870.92
0.0057292 870.92
0.0057311 870.92
0.005733 870.92
0.0057349 870.92
0.0057368 870.92
0.0057387 870.92
0.0057405 870.92
0.0057424 870.92
0.0057443 870.92
0.0057462 870.92
0.0057481 870.92
0.00575 870.92
0.0057518 870.92
0.0057537 870.92
0.0057556 870.92
0.0057575 870.92
0.0057594 870.92
0.0057613 870.92
0.0057632 870.92
0.005765 870.92
0.0057669 870.92
0.0057688 870.92
0.0057707 870.92
0.0057726 870.92
0.0057745 870.92
0.0057763 870.92
0.0057782 870.92
0.0057801 870.92
0.005782 870.92
0.0057839 870.92
0.0057858 870.92
0.0057877 870.92
0.0057895 870.92
0.0057914 870.92
0.0057933 870.92
0.0057952 870.92
0.0057971 870.92
0.005799 870.92
0.0058008 870.92
0.0058027 870.92
0.0058046 870.92
0.0058065 870.92
0.0058084 870.92
0.0058103 870.92
0.0058122 870.92
0.005814 870.92
0.0058159 870.92
0.0058178 870.92
0.0058197 870.92
0.0058216 870.92
0.0058235 870.92
0.0058253 870.92
0.0058272 870.92
0.0058291 870.92
0.005831 870.92
0.0058329 870.92
0.0058348 870.92
0.0058367 870.92
0.0058385 870.92
0.0058404 870.92
0.0058423 870.92
0.0058442 870.92
0.0058461 870.92
0.005848 870.92
0.0058498 870.92
0.0058517 870.92
0.0058536 870.92
0.0058555 870.92
0.0058574 870.92
0.0058593 870.92
0.0058612 870.92
0.005863 870.92
0.0058649 870.92
0.0058668 870.92
0.0058687 870.92
0.0058706 870.92
0.0058725 870.92
0.0058743 870.92
0.0058762 870.92
0.0058781 870.92
0.00588 870.92
0.0058819 870.92
0.0058838 870.92
0.0058857 870.92
0.0058875 870.92
0.0058894 870.92
0.0058913 870.92
0.0058932 870.92
0.0058951 870.92
0.005897 870.92
0.0058988 870.92
0.0059007 870.92
0.0059026 870.92
0.0059045 870.92
0.0059064 870.92
0.0059083 870.92
0.0059102 870.92
0.005912 870.92
0.0059139 870.92
0.0059158 870.92
0.0059177 870.92
0.0059196 870.92
0.0059215 870.92
0.0059233 870.92
0.0059252 870.92
0.0059271 870.92
0.005929 870.92
0.0059309 870.92
0.0059328 870.92
0.0059347 870.92
0.0059365 870.92
0.0059384 870.92
0.0059403 870.92
0.0059422 870.92
0.0059441 870.92
0.005946 870.92
0.0059478 870.92
0.0059497 870.92
0.0059516 870.92
0.0059535 870.92
0.0059554 870.92
0.0059573 870.92
0.0059592 870.92
0.005961 870.92
0.0059629 870.92
0.0059648 870.92
0.0059667 870.92
0.0059686 870.92
0.0059705 870.92
0.0059723 870.92
0.0059742 870.92
0.0059761 870.92
0.005978 870.92
0.0059799 870.92
0.0059818 870.92
0.0059837 870.92
0.0059855 870.92
0.0059874 870.92
0.0059893 870.92
0.0059912 870.92
0.0059931 870.92
0.005995 870.92
0.0059968 870.92
0.0059987 870.92
0.0060006 870.92
0.0060025 870.92
0.0060044 870.92
0.0060063 870.92
0.0060082 870.92
0.00601 870.92
0.0060119 870.92
0.0060138 870.92
0.0060157 870.92
0.0060176 870.92
0.0060195 870.92
0.0060213 870.92
0.0060232 870.92
0.0060251 870.92
0.006027 870.92
0.0060289 870.92
0.0060308 870.92
0.0060327 870.92
0.0060345 870.92
0.0060364 870.92
0.0060383 870.92
0.0060402 870.92
0.0060421 870.92
0.006044 870.92
0.0060458 870.92
0.0060477 870.92
0.0060496 870.92
0.0060515 870.92
0.0060534 870.92
0.0060553 870.92
0.0060572 870.92
0.006059 870.92
0.0060609 870.92
0.0060628 870.92
0.0060647 870.92
0.0060666 870.92
0.0060685 870.92
0.0060703 870.92
0.0060722 870.92
0.0060741 870.92
0.006076 870.92
0.0060779 870.92
0.0060798 870.92
0.0060817 870.92
0.0060835 870.92
0.0060854 870.92
0.0060873 870.92
0.0060892 870.92
0.0060911 870.92
0.006093 870.92
0.0060948 870.92
0.0060967 870.92
0.0060986 870.92
0.0061005 870.92
0.0061024 870.92
0.0061043 870.92
0.0061062 870.92
0.006108 870.92
0.0061099 870.92
0.0061118 870.92
0.0061137 870.92
0.0061156 870.92
0.0061175 870.92
0.0061193 870.92
0.0061212 870.92
0.0061231 870.92
0.006125 870.92
0.0061269 870.92
0.0061288 870.92
0.0061307 870.92
0.0061325 870.92
0.0061344 870.92
0.0061363 870.92
0.0061382 870.92
0.0061401 870.92
0.006142 870.92
0.0061438 870.92
0.0061457 870.92
0.0061476 870.92
0.0061495 870.92
0.0061514 870.92
0.0061533 870.92
0.0061552 870.92
0.006157 870.92
0.0061589 870.92
0.0061608 870.92
0.0061627 870.92
0.0061646 870.92
0.0061665 870.92
0.0061683 870.92
0.0061702 870.92
0.0061721 870.92
0.006174 870.92
0.0061759 870.92
0.0061778 870.92
0.0061797 870.92
0.0061815 870.92
0.0061834 870.92
0.0061853 870.92
0.0061872 870.92
0.0061891 870.92
0.006191 870.92
0.0061928 870.92
0.0061947 870.92
0.0061966 870.92
0.0061985 870.92
0.0062004 870.92
0.0062023 870.92
0.0062042 870.92
0.006206 870.92
0.0062079 870.92
0.0062098 870.92
0.0062117 870.92
0.0062136 870.92
0.0062155 870.92
0.0062173 870.92
0.0062192 870.92
0.0062211 870.92
0.006223 870.92
0.0062249 870.92
0.0062268 870.92
0.0062287 870.92
0.0062305 870.92
0.0062324 870.92
0.0062343 870.92
0.0062362 870.92
0.0062381 870.92
0.00624 870.92
0.0062418 870.92
0.0062437 870.92
0.0062456 870.92
0.0062475 870.92
0.0062494 870.92
0.0062513 870.92
0.0062532 870.92
0.006255 870.92
0.0062569 870.92
0.0062588 870.92
0.0062607 870.92
0.0062626 870.92
0.0062645 870.92
0.0062663 870.92
0.0062682 870.92
0.0062701 870.92
0.006272 870.92
0.0062739 870.92
0.0062758 870.92
0.0062777 870.92
0.0062795 870.92
0.0062814 870.92
0.0062833 870.92
0.0062852 870.92
0.0062871 870.92
0.006289 870.92
0.0062908 870.92
0.0062927 870.92
0.0062946 870.92
0.0062965 870.92
0.0062984 870.92
0.0063003 870.92
0.0063022 870.92
0.006304 870.92
0.0063059 870.92
0.0063078 870.92
0.0063097 870.92
0.0063116 870.92
0.0063135 870.92
0.0063153 870.92
0.0063172 870.92
0.0063191 870.92
0.006321 870.92
0.0063229 870.92
0.0063248 870.92
0.0063267 870.92
0.0063285 870.92
0.0063304 870.92
0.0063323 870.92
0.0063342 870.92
0.0063361 870.92
0.006338 870.92
0.0063398 870.92
0.0063417 870.92
0.0063436 870.92
0.0063455 870.92
0.0063474 870.92
0.0063493 870.92
0.0063512 870.92
0.006353 870.92
0.0063549 870.92
0.0063568 870.92
0.0063587 870.92
0.0063606 870.92
0.0063625 870.92
0.0063643 870.92
0.0063662 870.92
0.0063681 870.92
0.00637 870.92
0.0063719 870.92
0.0063738 870.92
0.0063757 870.92
0.0063775 870.92
0.0063794 870.92
0.0063813 870.92
0.0063832 870.92
0.0063851 870.92
0.006387 870.92
0.0063888 870.92
0.0063907 870.92
0.0063926 870.92
0.0063945 870.92
0.0063964 870.92
0.0063983 870.92
0.0064002 870.92
0.006402 870.92
0.0064039 870.92
0.0064058 870.92
0.0064077 870.92
0.0064096 870.92
0.0064115 870.92
0.0064133 870.92
0.0064152 870.92
0.0064171 870.92
0.006419 870.92
0.0064209 870.92
0.0064228 870.92
0.0064247 870.92
0.0064265 870.92
0.0064284 870.92
0.0064303 870.92
0.0064322 870.92
0.0064341 870.92
0.006436 870.92
0.0064378 870.92
0.0064397 870.92
0.0064416 870.92
0.0064435 870.92
0.0064454 870.92
0.0064473 870.92
0.0064492 870.92
0.006451 870.92
0.0064529 870.92
0.0064548 870.92
0.0064567 870.92
0.0064586 870.92
0.0064605 870.92
0.0064623 870.92
0.0064642 870.92
0.0064661 870.92
0.006468 870.92
0.0064699 870.92
0.0064718 870.92
0.0064737 870.92
0.0064755 870.92
0.0064774 870.92
0.0064793 870.92
0.0064812 870.92
0.0064831 870.92
0.006485 870.92
0.0064868 870.92
0.0064887 870.92
0.0064906 870.92
0.0064925 870.92
0.0064944 870.92
0.0064963 870.92
0.0064982 870.92
0.0065 870.92
0.0065019 870.92
0.0065038 870.92
0.0065057 870.92
0.0065076 870.92
0.0065095 870.92
0.0065113 870.92
0.0065132 870.92
0.0065151 870.92
0.006517 870.92
0.0065189 870.92
0.0065208 870.92
0.0065227 870.92
0.0065245 870.92
0.0065264 870.92
0.0065283 870.92
0.0065302 870.92
0.0065321 870.92
0.006534 870.92
0.0065358 870.92
0.0065377 870.92
0.0065396 870.92
0.0065415 870.92
0.0065434 870.92
0.0065453 870.92
0.0065472 870.92
0.006549 870.92
0.0065509 870.92
0.0065528 870.92
0.0065547 870.92
0.0065566 870.92
0.0065585 870.92
0.0065603 870.92
0.0065622 870.92
0.0065641 870.92
0.006566 870.92
0.0065679 870.92
0.0065698 870.92
0.0065717 870.92
0.0065735 870.92
0.0065754 870.92
0.0065773 870.92
0.0065792 870.92
0.0065811 870.92
0.006583 870.92
0.0065848 870.92
0.0065867 870.92
0.0065886 870.92
0.0065905 870.92
0.0065924 870.92
0.0065943 870.92
0.0065962 870.92
1 870.92
