1.8846e-06 53782
3.7692e-06 53782
5.6538e-06 53782
7.5385e-06 53781
9.4231e-06 53781
1.1308e-05 53781
1.3192e-05 53781
1.5077e-05 53781
1.6962e-05 53781
1.8846e-05 53781
2.0731e-05 53780
2.2615e-05 53779
2.45e-05 53778
2.6385e-05 53776
2.8269e-05 53774
3.0154e-05 53770
3.2038e-05 53764
3.3923e-05 53756
3.5808e-05 53745
3.7692e-05 53729
3.9577e-05 53706
4.1462e-05 53676
4.3346e-05 53634
4.5231e-05 53577
4.7115e-05 53502
4.9e-05 53402
5.0885e-05 53272
5.2769e-05 53103
5.4654e-05 52888
5.6538e-05 52616
5.8423e-05 52275
6.0308e-05 51854
6.2192e-05 51340
6.4077e-05 50719
6.5962e-05 49980
6.7846e-05 49109
6.9731e-05 48099
7.1615e-05 46941
7.35e-05 45634
7.5385e-05 44178
7.7269e-05 42579
7.9154e-05 40850
8.1038e-05 39008
8.2923e-05 37074
8.4808e-05 35074
8.6692e-05 33036
8.8577e-05 30990
9.0462e-05 28965
9.2346e-05 26988
9.4231e-05 25085
9.6115e-05 23275
9.8e-05 21576
9.9885e-05 19998
0.00010177 18550
0.00010365 17234
0.00010554 16049
0.00010742 14994
0.00010931 14063
0.00011119 13248
0.00011308 12543
0.00011496 11939
0.00011685 11428
0.00011873 11002
0.00012062 10654
0.0001225 10376
0.00012438 10162
0.00012627 10006
0.00012815 9903.4
0.00013004 9848.2
0.00013192 9836.5
0.00013381 9864.4
0.00013569 9928.3
0.00013758 10025
0.00013946 10152
0.00014135 10307
0.00014323 10488
0.00014512 10693
0.000147 10920
0.00014888 11168
0.00015077 11435
0.00015265 11722
0.00015454 12026
0.00015642 12348
0.00015831 12687
0.00016019 13042
0.00016208 13413
0.00016396 13800
0.00016585 14203
0.00016773 14621
0.00016962 15054
0.0001715 15502
0.00017338 15965
0.00017527 16443
0.00017715 16935
0.00017904 17442
0.00018092 17962
0.00018281 18496
0.00018469 19044
0.00018658 19604
0.00018846 20177
0.00019035 20761
0.00019223 21357
0.00019412 21964
0.000196 22581
0.00019788 23208
0.00019977 23843
0.00020165 24486
0.00020354 25137
0.00020542 25795
0.00020731 26458
0.00020919 27125
0.00021108 27797
0.00021296 28472
0.00021485 29148
0.00021673 29826
0.00021862 30504
0.0002205 31181
0.00022238 31857
0.00022427 32530
0.00022615 33199
0.00022804 33864
0.00022992 34523
0.00023181 35177
0.00023369 35823
0.00023558 36462
0.00023746 37091
0.00023935 37712
0.00024123 38323
0.00024312 38923
0.000245 39512
0.00024688 40089
0.00024877 40654
0.00025065 41206
0.00025254 41745
0.00025442 42271
0.00025631 42783
0.00025819 43281
0.00026008 43765
0.00026196 44234
0.00026385 44689
0.00026573 45129
0.00026762 45554
0.0002695 45965
0.00027138 46362
0.00027327 46744
0.00027515 47112
0.00027704 47465
0.00027892 47804
0.00028081 48130
0.00028269 48442
0.00028458 48741
0.00028646 49026
0.00028835 49299
0.00029023 49560
0.00029212 49808
0.000294 50044
0.00029588 50269
0.00029777 50483
0.00029965 50686
0.00030154 50879
0.00030342 51062
0.00030531 51235
0.00030719 51398
0.00030908 51553
0.00031096 51699
0.00031285 51837
0.00031473 51967
0.00031662 52090
0.0003185 52205
0.00032038 52314
0.00032227 52416
0.00032415 52512
0.00032604 52601
0.00032792 52686
0.00032981 52765
0.00033169 52838
0.00033358 52908
0.00033546 52972
0.00033735 53032
0.00033923 53089
0.00034112 53141
0.000343 53190
0.00034488 53235
0.00034677 53278
0.00034865 53317
0.00035054 53354
0.00035242 53388
0.00035431 53419
0.00035619 53448
0.00035808 53475
0.00035996 53500
0.00036185 53523
0.00036373 53545
0.00036562 53564
0.0003675 53583
0.00036938 53600
0.00037127 53615
0.00037315 53629
0.00037504 53642
0.00037692 53655
0.00037881 53666
0.00038069 53676
0.00038258 53685
0.00038446 53694
0.00038635 53702
0.00038823 53709
0.00039012 53715
0.000392 53722
0.00039388 53727
0.00039577 53732
0.00039765 53737
0.00039954 53741
0.00040142 53745
0.00040331 53748
0.00040519 53751
0.00040708 53754
0.00040896 53757
0.00041085 53759
0.00041273 53761
0.00041462 53763
0.0004165 53765
0.00041838 53767
0.00042027 53768
0.00042215 53770
0.00042404 53771
0.00042592 53772
0.00042781 53773
0.00042969 53774
0.00043158 53775
0.00043346 53775
0.00043535 53776
0.00043723 53777
0.00043912 53777
0.000441 53778
0.00044288 53778
0.00044477 53778
0.00044665 53779
0.00044854 53779
0.00045042 53779
0.00045231 53780
0.00045419 53780
0.00045608 53780
0.00045796 53780
0.00045985 53780
0.00046173 53780
0.00046362 53781
0.0004655 53781
0.00046738 53781
0.00046927 53781
0.00047115 53781
0.00047304 53781
0.00047492 53781
0.00047681 53781
0.00047869 53781
0.00048058 53781
0.00048246 53781
0.00048435 53781
0.00048623 53781
0.00048812 53781
0.00049 53781
0.00049188 53781
0.00049377 53781
0.00049565 53781
0.00049754 53781
0.00049942 53781
0.00050131 53781
0.00050319 53781
0.00050508 53781
0.00050696 53781
0.00050885 53782
0.00051073 53782
0.00051262 53782
0.0005145 53782
0.00051638 53782
0.00051827 53782
0.00052015 53782
0.00052204 53782
0.00052392 53782
0.00052581 53782
0.00052769 53782
0.00052958 53782
0.00053146 53782
0.00053335 53782
0.00053523 53782
0.00053712 53782
0.000539 53782
0.00054088 53782
0.00054277 53782
0.00054465 53782
0.00054654 53782
0.00054842 53782
0.00055031 53782
0.00055219 53782
0.00055408 53782
0.00055596 53782
0.00055785 53782
0.00055973 53782
0.00056162 53782
0.0005635 53782
0.00056538 53782
0.00056727 53782
0.00056915 53782
0.00057104 53782
0.00057292 53782
0.00057481 53782
0.00057669 53782
0.00057858 53782
0.00058046 53782
0.00058235 53782
0.00058423 53782
0.00058612 53782
0.000588 53782
0.00058988 53782
0.00059177 53782
0.00059365 53782
0.00059554 53782
0.00059742 53782
0.00059931 53782
0.00060119 53782
0.00060308 53782
0.00060496 53782
0.00060685 53782
0.00060873 53782
0.00061062 53782
0.0006125 53782
0.00061438 53782
0.00061627 53782
0.00061815 53782
0.00062004 53782
0.00062192 53782
0.00062381 53782
0.00062569 53782
0.00062758 53782
0.00062946 53782
0.00063135 53782
0.00063323 53782
0.00063512 53782
0.000637 53782
0.00063888 53782
0.00064077 53782
0.00064265 53782
0.00064454 53782
0.00064642 53782
0.00064831 53782
0.00065019 53782
0.00065208 53782
0.00065396 53782
0.00065585 53782
0.00065773 53782
0.00065962 53782
0.0006615 53782
0.00066338 53782
0.00066527 53782
0.00066715 53782
0.00066904 53782
0.00067092 53782
0.00067281 53782
0.00067469 53782
0.00067658 53782
0.00067846 53782
0.00068035 53782
0.00068223 53782
0.00068412 53782
0.000686 53782
0.00068788 53782
0.00068977 53782
0.00069165 53782
0.00069354 53782
0.00069542 53782
0.00069731 53782
0.00069919 53782
0.00070108 53782
0.00070296 53782
0.00070485 53782
0.00070673 53782
0.00070862 53782
0.0007105 53782
0.00071238 53782
0.00071427 53782
0.00071615 53782
0.00071804 53782
0.00071992 53782
0.00072181 53782
0.00072369 53782
0.00072558 53782
0.00072746 53782
0.00072935 53782
0.00073123 53782
0.00073312 53782
0.000735 53782
0.00073688 53782
0.00073877 53782
0.00074065 53782
0.00074254 53782
0.00074442 53782
0.00074631 53782
0.00074819 53782
0.00075008 53782
0.00075196 53782
0.00075385 53782
0.00075573 53782
0.00075762 53782
0.0007595 53782
0.00076138 53782
0.00076327 53782
0.00076515 53782
0.00076704 53782
0.00076892 53782
0.00077081 53782
0.00077269 53782
0.00077458 53782
0.00077646 53782
0.00077835 53782
0.00078023 53782
0.00078212 53782
0.000784 53782
0.00078588 53782
0.00078777 53782
0.00078965 53782
0.00079154 53782
0.00079342 53782
0.00079531 53782
0.00079719 53782
0.00079908 53782
0.00080096 53782
0.00080285 53782
0.00080473 53782
0.00080662 53782
0.0008085 53782
0.00081038 53782
0.00081227 53782
0.00081415 53782
0.00081604 53782
0.00081792 53782
0.00081981 53782
0.00082169 53782
0.00082358 53782
0.00082546 53782
0.00082735 53782
0.00082923 53782
0.00083112 53782
0.000833 53782
0.00083488 53782
0.00083677 53782
0.00083865 53782
0.00084054 53782
0.00084242 53782
0.00084431 53782
0.00084619 53782
0.00084808 53782
0.00084996 53782
0.00085185 53782
0.00085373 53782
0.00085562 53782
0.0008575 53782
0.00085938 53782
0.00086127 53782
0.00086315 53782
0.00086504 53782
0.00086692 53782
0.00086881 53782
0.00087069 53782
0.00087258 53782
0.00087446 53782
0.00087635 53782
0.00087823 53782
0.00088012 53782
0.000882 53782
0.00088388 53782
0.00088577 53782
0.00088765 53782
0.00088954 53782
0.00089142 53782
0.00089331 53782
0.00089519 53782
0.00089708 53782
0.00089896 53782
0.00090085 53782
0.00090273 53782
0.00090462 53782
0.0009065 53782
0.00090838 53782
0.00091027 53782
0.00091215 53782
0.00091404 53782
0.00091592 53782
0.00091781 53782
0.00091969 53782
0.00092158 53782
0.00092346 53782
0.00092535 53782
0.00092723 53782
0.00092912 53782
0.000931 53782
0.00093288 53782
0.00093477 53782
0.00093665 53782
0.00093854 53782
0.00094042 53782
0.00094231 53782
0.00094419 53782
0.00094608 53782
0.00094796 53782
0.00094985 53782
0.00095173 53782
0.00095362 53782
0.0009555 53782
0.00095738 53782
0.00095927 53782
0.00096115 53782
0.00096304 53782
0.00096492 53782
0.00096681 53782
0.00096869 53782
0.00097058 53782
0.00097246 53782
0.00097435 53782
0.00097623 53782
0.00097812 53782
0.00098 53782
0.00098188 53782
0.00098377 53782
0.00098565 53782
0.00098754 53782
0.00098942 53782
0.00099131 53782
0.00099319 53782
0.00099508 53782
0.00099696 53782
0.00099885 53782
0.0010007 53782
0.0010026 53782
0.0010045 53782
0.0010064 53782
0.0010083 53782
0.0010102 53782
0.001012 53782
0.0010139 53782
0.0010158 53782
0.0010177 53782
0.0010196 53782
0.0010215 53782
0.0010233 53782
0.0010252 53782
0.0010271 53782
0.001029 53782
0.0010309 53782
0.0010328 53782
0.0010347 53782
0.0010365 53782
0.0010384 53782
0.0010403 53782
0.0010422 53782
0.0010441 53782
0.001046 53782
0.0010478 53782
0.0010497 53782
0.0010516 53782
0.0010535 53782
0.0010554 53782
0.0010573 53782
0.0010592 53782
0.001061 53782
0.0010629 53782
0.0010648 53782
0.0010667 53782
0.0010686 53782
0.0010705 53782
0.0010723 53782
0.0010742 53782
0.0010761 53782
0.001078 53782
0.0010799 53782
0.0010818 53782
0.0010837 53782
0.0010855 53782
0.0010874 53782
0.0010893 53782
0.0010912 53782
0.0010931 53782
0.001095 53782
0.0010968 53782
0.0010987 53782
0.0011006 53782
0.0011025 53782
0.0011044 53782
0.0011063 53782
0.0011082 53782
0.00111 53782
0.0011119 53782
0.0011138 53782
0.0011157 53782
0.0011176 53782
0.0011195 53782
0.0011213 53782
0.0011232 53782
0.0011251 53782
0.001127 53782
0.0011289 53782
0.0011308 53782
0.0011327 53782
0.0011345 53782
0.0011364 53782
0.0011383 53782
0.0011402 53782
0.0011421 53782
0.001144 53782
0.0011458 53782
0.0011477 53782
0.0011496 53782
0.0011515 53782
0.0011534 53782
0.0011553 53782
0.0011572 53782
0.001159 53782
0.0011609 53782
0.0011628 53782
0.0011647 53782
0.0011666 53782
0.0011685 53782
0.0011703 53782
0.0011722 53782
0.0011741 53782
0.001176 53782
0.0011779 53782
0.0011798 53782
0.0011817 53782
0.0011835 53782
0.0011854 53782
0.0011873 53782
0.0011892 53782
0.0011911 53782
0.001193 53782
0.0011948 53782
0.0011967 53782
0.0011986 53782
0.0012005 53782
0.0012024 53782
0.0012043 53782
0.0012062 53782
0.001208 53782
0.0012099 53782
0.0012118 53782
0.0012137 53782
0.0012156 53782
0.0012175 53782
0.0012193 53782
0.0012212 53782
0.0012231 53782
0.001225 53782
0.0012269 53782
0.0012288 53782
0.0012307 53782
0.0012325 53782
0.0012344 53782
0.0012363 53782
0.0012382 53782
0.0012401 53782
0.001242 53782
0.0012438 53782
0.0012457 53782
0.0012476 53782
0.0012495 53782
0.0012514 53782
0.0012533 53782
0.0012552 53782
0.001257 53782
0.0012589 53782
0.0012608 53782
0.0012627 53782
0.0012646 53782
0.0012665 53782
0.0012683 53782
0.0012702 53782
0.0012721 53782
0.001274 53782
0.0012759 53782
0.0012778 53782
0.0012797 53782
0.0012815 53782
0.0012834 53782
0.0012853 53782
0.0012872 53782
0.0012891 53782
0.001291 53782
0.0012928 53782
0.0012947 53782
0.0012966 53782
0.0012985 53782
0.0013004 53782
0.0013023 53782
0.0013042 53782
0.001306 53782
0.0013079 53782
0.0013098 53782
0.0013117 53782
0.0013136 53782
0.0013155 53782
0.0013173 53782
0.0013192 53782
0.0013211 53782
0.001323 53782
0.0013249 53782
0.0013268 53782
0.0013287 53782
0.0013305 53782
0.0013324 53782
0.0013343 53782
0.0013362 53782
0.0013381 53782
0.00134 53782
0.0013418 53782
0.0013437 53782
0.0013456 53782
0.0013475 53782
0.0013494 53782
0.0013513 53782
0.0013532 53782
0.001355 53782
0.0013569 53782
0.0013588 53782
0.0013607 53782
0.0013626 53782
0.0013645 53782
0.0013663 53782
0.0013682 53782
0.0013701 53782
0.001372 53782
0.0013739 53782
0.0013758 53782
0.0013777 53782
0.0013795 53782
0.0013814 53782
0.0013833 53782
0.0013852 53782
0.0013871 53782
0.001389 53782
0.0013908 53782
0.0013927 53782
0.0013946 53782
0.0013965 53782
0.0013984 53782
0.0014003 53782
0.0014022 53782
0.001404 53782
0.0014059 53782
0.0014078 53782
0.0014097 53782
0.0014116 53782
0.0014135 53782
0.0014153 53782
0.0014172 53782
0.0014191 53782
0.001421 53782
0.0014229 53782
0.0014248 53782
0.0014267 53782
0.0014285 53782
0.0014304 53782
0.0014323 53782
0.0014342 53782
0.0014361 53782
0.001438 53782
0.0014398 53782
0.0014417 53782
0.0014436 53782
0.0014455 53782
0.0014474 53782
0.0014493 53782
0.0014512 53782
0.001453 53782
0.0014549 53782
0.0014568 53782
0.0014587 53782
0.0014606 53782
0.0014625 53782
0.0014643 53782
0.0014662 53782
0.0014681 53782
0.00147 53782
0.0014719 53782
0.0014738 53782
0.0014757 53782
0.0014775 53782
0.0014794 53782
0.0014813 53782
0.0014832 53782
0.0014851 53782
0.001487 53782
0.0014888 53782
0.0014907 53782
0.0014926 53782
0.0014945 53782
0.0014964 53782
0.0014983 53782
0.0015002 53782
0.001502 53782
0.0015039 53782
0.0015058 53782
0.0015077 53782
0.0015096 53782
0.0015115 53782
0.0015133 53782
0.0015152 53782
0.0015171 53782
0.001519 53782
0.0015209 53782
0.0015228 53782
0.0015247 53782
0.0015265 53782
0.0015284 53782
0.0015303 53782
0.0015322 53782
0.0015341 53782
0.001536 53782
0.0015378 53782
0.0015397 53782
0.0015416 53782
0.0015435 53782
0.0015454 53782
0.0015473 53782
0.0015492 53782
0.001551 53782
0.0015529 53782
0.0015548 53782
0.0015567 53782
0.0015586 53782
0.0015605 53782
0.0015623 53782
0.0015642 53782
0.0015661 53782
0.001568 53782
0.0015699 53782
0.0015718 53782
0.0015737 53782
0.0015755 53782
0.0015774 53782
0.0015793 53782
0.0015812 53782
0.0015831 53782
0.001585 53782
0.0015868 53782
0.0015887 53782
0.0015906 53782
0.0015925 53782
0.0015944 53782
0.0015963 53782
0.0015982 53782
0.0016 53782
0.0016019 53782
0.0016038 53782
0.0016057 53782
0.0016076 53782
0.0016095 53782
0.0016113 53782
0.0016132 53782
0.0016151 53782
0.001617 53782
0.0016189 53782
0.0016208 53782
0.0016227 53782
0.0016245 53782
0.0016264 53782
0.0016283 53782
0.0016302 53782
0.0016321 53782
0.001634 53782
0.0016358 53782
0.0016377 53782
0.0016396 53782
0.0016415 53782
0.0016434 53782
0.0016453 53782
0.0016472 53782
0.001649 53782
0.0016509 53782
0.0016528 53782
0.0016547 53782
0.0016566 53782
0.0016585 53782
0.0016603 53782
0.0016622 53782
0.0016641 53782
0.001666 53782
0.0016679 53782
0.0016698 53782
0.0016717 53782
0.0016735 53782
0.0016754 53782
0.0016773 53782
0.0016792 53782
0.0016811 53782
0.001683 53782
0.0016848 53782
0.0016867 53782
0.0016886 53782
0.0016905 53782
0.0016924 53782
0.0016943 53782
0.0016962 53782
0.001698 53782
0.0016999 53782
0.0017018 53782
0.0017037 53782
0.0017056 53782
0.0017075 53782
0.0017093 53782
0.0017112 53782
0.0017131 53782
0.001715 53782
0.0017169 53782
0.0017188 53782
0.0017207 53782
0.0017225 53782
0.0017244 53782
0.0017263 53782
0.0017282 53782
0.0017301 53782
0.001732 53782
0.0017338 53782
0.0017357 53782
0.0017376 53782
0.0017395 53782
0.0017414 53782
0.0017433 53782
0.0017452 53782
0.001747 53782
0.0017489 53782
0.0017508 53782
0.0017527 53782
0.0017546 53782
0.0017565 53782
0.0017583 53782
0.0017602 53782
0.0017621 53782
0.001764 53782
0.0017659 53782
0.0017678 53782
0.0017697 53782
0.0017715 53782
0.0017734 53782
0.0017753 53782
0.0017772 53782
0.0017791 53782
0.001781 53782
0.0017828 53782
0.0017847 53782
0.0017866 53782
0.0017885 53782
0.0017904 53782
0.0017923 53782
0.0017942 53782
0.001796 53782
0.0017979 53782
0.0017998 53782
0.0018017 53782
0.0018036 53782
0.0018055 53782
0.0018073 53782
0.0018092 53782
0.0018111 53782
0.001813 53782
0.0018149 53782
0.0018168 53782
0.0018187 53782
0.0018205 53782
0.0018224 53782
0.0018243 53782
0.0018262 53782
0.0018281 53782
0.00183 53782
0.0018318 53782
0.0018337 53782
0.0018356 53782
0.0018375 53782
0.0018394 53782
0.0018413 53782
0.0018432 53782
0.001845 53782
0.0018469 53782
0.0018488 53782
0.0018507 53782
0.0018526 53782
0.0018545 53782
0.0018563 53782
0.0018582 53782
0.0018601 53782
0.001862 53782
0.0018639 53782
0.0018658 53782
0.0018677 53782
0.0018695 53782
0.0018714 53782
0.0018733 53782
0.0018752 53782
0.0018771 53782
0.001879 53782
0.0018808 53782
0.0018827 53782
0.0018846 53782
0.0018865 53782
0.0018884 53782
0.0018903 53782
0.0018922 53782
0.001894 53782
0.0018959 53782
0.0018978 53782
0.0018997 53782
0.0019016 53782
0.0019035 53782
0.0019053 53782
0.0019072 53782
0.0019091 53782
0.001911 53782
0.0019129 53782
0.0019148 53782
0.0019167 53782
0.0019185 53782
0.0019204 53782
0.0019223 53782
0.0019242 53782
0.0019261 53782
0.001928 53782
0.0019298 53782
0.0019317 53782
0.0019336 53782
0.0019355 53782
0.0019374 53782
0.0019393 53782
0.0019412 53782
0.001943 53782
0.0019449 53782
0.0019468 53782
0.0019487 53782
0.0019506 53782
0.0019525 53782
0.0019543 53782
0.0019562 53782
0.0019581 53782
0.00196 53782
0.0019619 53782
0.0019638 53782
0.0019657 53782
0.0019675 53782
0.0019694 53782
0.0019713 53782
0.0019732 53782
0.0019751 53782
0.001977 53782
0.0019788 53782
0.0019807 53782
0.0019826 53782
0.0019845 53782
0.0019864 53782
0.0019883 53782
0.0019902 53782
0.001992 53782
0.0019939 53782
0.0019958 53782
0.0019977 53782
0.0019996 53782
0.0020015 53782
0.0020033 53782
0.0020052 53782
0.0020071 53782
0.002009 53782
0.0020109 53782
0.0020128 53782
0.0020147 53782
0.0020165 53782
0.0020184 53782
0.0020203 53782
0.0020222 53782
0.0020241 53782
0.002026 53782
0.0020278 53782
0.0020297 53782
0.0020316 53782
0.0020335 53782
0.0020354 53782
0.0020373 53782
0.0020392 53782
0.002041 53782
0.0020429 53782
0.0020448 53782
0.0020467 53782
0.0020486 53782
0.0020505 53782
0.0020523 53782
0.0020542 53782
0.0020561 53782
0.002058 53782
0.0020599 53782
0.0020618 53782
0.0020637 53782
0.0020655 53782
0.0020674 53782
0.0020693 53782
0.0020712 53782
0.0020731 53782
0.002075 53782
0.0020768 53782
0.0020787 53782
0.0020806 53782
0.0020825 53782
0.0020844 53782
0.0020863 53782
0.0020882 53782
0.00209 53782
0.0020919 53782
0.0020938 53782
0.0020957 53782
0.0020976 53782
0.0020995 53782
0.0021013 53782
0.0021032 53782
0.0021051 53782
0.002107 53782
0.0021089 53782
0.0021108 53782
0.0021127 53782
0.0021145 53782
0.0021164 53782
0.0021183 53782
0.0021202 53782
0.0021221 53782
0.002124 53782
0.0021258 53782
0.0021277 53782
0.0021296 53782
0.0021315 53782
0.0021334 53782
0.0021353 53782
0.0021372 53782
0.002139 53782
0.0021409 53782
0.0021428 53782
0.0021447 53782
0.0021466 53782
0.0021485 53782
0.0021503 53782
0.0021522 53782
0.0021541 53782
0.002156 53782
0.0021579 53782
0.0021598 53782
0.0021617 53782
0.0021635 53782
0.0021654 53782
0.0021673 53782
0.0021692 53782
0.0021711 53782
0.002173 53782
0.0021748 53782
0.0021767 53782
0.0021786 53782
0.0021805 53782
0.0021824 53782
0.0021843 53782
0.0021862 53782
0.002188 53782
0.0021899 53782
0.0021918 53782
0.0021937 53782
0.0021956 53782
0.0021975 53782
0.0021993 53782
0.0022012 53782
0.0022031 53782
0.002205 53782
0.0022069 53782
0.0022088 53782
0.0022107 53782
0.0022125 53782
0.0022144 53782
0.0022163 53782
0.0022182 53782
0.0022201 53782
0.002222 53782
0.0022238 53782
0.0022257 53782
0.0022276 53782
0.0022295 53782
0.0022314 53782
0.0022333 53782
0.0022352 53782
0.002237 53782
0.0022389 53782
0.0022408 53782
0.0022427 53782
0.0022446 53782
0.0022465 53782
0.0022483 53782
0.0022502 53782
0.0022521 53782
0.002254 53782
0.0022559 53782
0.0022578 53782
0.0022597 53782
0.0022615 53782
0.0022634 53782
0.0022653 53782
0.0022672 53782
0.0022691 53782
0.002271 53782
0.0022728 53782
0.0022747 53782
0.0022766 53782
0.0022785 53782
0.0022804 53782
0.0022823 53782
0.0022842 53782
0.002286 53782
0.0022879 53782
0.0022898 53782
0.0022917 53782
0.0022936 53782
0.0022955 53782
0.0022973 53782
0.0022992 53782
0.0023011 53782
0.002303 53782
0.0023049 53782
0.0023068 53782
0.0023087 53782
0.0023105 53782
0.0023124 53782
0.0023143 53782
0.0023162 53782
0.0023181 53782
0.00232 53782
0.0023218 53782
0.0023237 53782
0.0023256 53782
0.0023275 53782
0.0023294 53782
0.0023313 53782
0.0023332 53782
0.002335 53782
0.0023369 53782
0.0023388 53782
0.0023407 53782
0.0023426 53782
0.0023445 53782
0.0023463 53782
0.0023482 53782
0.0023501 53782
0.002352 53782
0.0023539 53782
0.0023558 53782
0.0023577 53782
0.0023595 53782
0.0023614 53782
0.0023633 53782
0.0023652 53782
0.0023671 53782
0.002369 53782
0.0023708 53782
0.0023727 53782
0.0023746 53782
0.0023765 53782
0.0023784 53782
0.0023803 53782
0.0023822 53782
0.002384 53782
0.0023859 53782
0.0023878 53782
0.0023897 53782
0.0023916 53782
0.0023935 53782
0.0023953 53782
0.0023972 53782
0.0023991 53782
0.002401 53782
0.0024029 53782
0.0024048 53782
0.0024067 53782
0.0024085 53782
0.0024104 53782
0.0024123 53782
0.0024142 53782
0.0024161 53782
0.002418 53782
0.0024198 53782
0.0024217 53782
0.0024236 53782
0.0024255 53782
0.0024274 53782
0.0024293 53782
0.0024312 53782
0.002433 53782
0.0024349 53782
0.0024368 53782
0.0024387 53782
0.0024406 53782
0.0024425 53782
0.0024443 53782
0.0024462 53782
0.0024481 53782
0.00245 53782
0.0024519 53782
0.0024538 53782
0.0024557 53782
0.0024575 53782
0.0024594 53782
0.0024613 53782
0.0024632 53782
0.0024651 53782
0.002467 53782
0.0024688 53782
0.0024707 53782
0.0024726 53782
0.0024745 53782
0.0024764 53782
0.0024783 53782
0.0024802 53782
0.002482 53782
0.0024839 53782
0.0024858 53782
0.0024877 53782
0.0024896 53782
0.0024915 53782
0.0024933 53782
0.0024952 53782
0.0024971 53782
0.002499 53782
0.0025009 53782
0.0025028 53782
0.0025047 53782
0.0025065 53782
0.0025084 53782
0.0025103 53782
0.0025122 53782
0.0025141 53782
0.002516 53782
0.0025178 53782
0.0025197 53782
0.0025216 53782
0.0025235 53782
0.0025254 53782
0.0025273 53782
0.0025292 53782
0.002531 53782
0.0025329 53782
0.0025348 53782
0.0025367 53782
0.0025386 53782
0.0025405 53782
0.0025423 53782
0.0025442 53782
0.0025461 53782
0.002548 53782
0.0025499 53782
0.0025518 53782
0.0025537 53782
0.0025555 53782
0.0025574 53782
0.0025593 53782
0.0025612 53782
0.0025631 53782
0.002565 53782
0.0025668 53782
0.0025687 53782
0.0025706 53782
0.0025725 53782
0.0025744 53782
0.0025763 53782
0.0025782 53782
0.00258 53782
0.0025819 53782
0.0025838 53782
0.0025857 53782
0.0025876 53782
0.0025895 53782
0.0025913 53782
0.0025932 53782
0.0025951 53782
0.002597 53782
0.0025989 53782
0.0026008 53782
0.0026027 53782
0.0026045 53782
0.0026064 53782
0.0026083 53782
0.0026102 53782
0.0026121 53782
0.002614 53782
0.0026158 53782
0.0026177 53782
0.0026196 53782
0.0026215 53782
0.0026234 53782
0.0026253 53782
0.0026272 53782
0.002629 53782
0.0026309 53782
0.0026328 53782
0.0026347 53782
0.0026366 53782
0.0026385 53782
0.0026403 53782
0.0026422 53782
0.0026441 53782
0.002646 53782
0.0026479 53782
0.0026498 53782
0.0026517 53782
0.0026535 53782
0.0026554 53782
0.0026573 53782
0.0026592 53782
0.0026611 53782
0.002663 53782
0.0026648 53782
0.0026667 53782
0.0026686 53782
0.0026705 53782
0.0026724 53782
0.0026743 53782
0.0026762 53782
0.002678 53782
0.0026799 53782
0.0026818 53782
0.0026837 53782
0.0026856 53782
0.0026875 53782
0.0026893 53782
0.0026912 53782
0.0026931 53782
0.002695 53782
0.0026969 53782
0.0026988 53782
0.0027007 53782
0.0027025 53782
0.0027044 53782
0.0027063 53782
0.0027082 53782
0.0027101 53782
0.002712 53782
0.0027138 53782
0.0027157 53782
0.0027176 53782
0.0027195 53782
0.0027214 53782
0.0027233 53782
0.0027252 53782
0.002727 53782
0.0027289 53782
0.0027308 53782
0.0027327 53782
0.0027346 53782
0.0027365 53782
0.0027383 53782
0.0027402 53782
0.0027421 53782
0.002744 53782
0.0027459 53782
0.0027478 53782
0.0027497 53782
0.0027515 53782
0.0027534 53782
0.0027553 53782
0.0027572 53782
0.0027591 53782
0.002761 53782
0.0027628 53782
0.0027647 53782
0.0027666 53782
0.0027685 53782
0.0027704 53782
0.0027723 53782
0.0027742 53782
0.002776 53782
0.0027779 53782
0.0027798 53782
0.0027817 53782
0.0027836 53782
0.0027855 53782
0.0027873 53782
0.0027892 53782
0.0027911 53782
0.002793 53782
0.0027949 53782
0.0027968 53782
0.0027987 53782
0.0028005 53782
0.0028024 53782
0.0028043 53782
0.0028062 53782
0.0028081 53782
0.00281 53782
0.0028118 53782
0.0028137 53782
0.0028156 53782
0.0028175 53782
0.0028194 53782
0.0028213 53782
0.0028232 53782
0.002825 53782
0.0028269 53782
0.0028288 53782
0.0028307 53782
0.0028326 53782
0.0028345 53782
0.0028363 53782
0.0028382 53782
0.0028401 53782
0.002842 53782
0.0028439 53782
0.0028458 53782
0.0028477 53782
0.0028495 53782
0.0028514 53782
0.0028533 53782
0.0028552 53782
0.0028571 53782
0.002859 53782
0.0028608 53782
0.0028627 53782
0.0028646 53782
0.0028665 53782
0.0028684 53782
0.0028703 53782
0.0028722 53782
0.002874 53782
0.0028759 53782
0.0028778 53782
0.0028797 53782
0.0028816 53782
0.0028835 53782
0.0028853 53782
0.0028872 53782
0.0028891 53782
0.002891 53782
0.0028929 53782
0.0028948 53782
0.0028967 53782
0.0028985 53782
0.0029004 53782
0.0029023 53782
0.0029042 53782
0.0029061 53782
0.002908 53782
0.0029098 53782
0.0029117 53782
0.0029136 53782
0.0029155 53782
0.0029174 53782
0.0029193 53782
0.0029212 53782
0.002923 53782
0.0029249 53782
0.0029268 53782
0.0029287 53782
0.0029306 53782
0.0029325 53782
0.0029343 53782
0.0029362 53782
0.0029381 53782
0.00294 53782
0.0029419 53782
0.0029438 53782
0.0029457 53782
0.0029475 53782
0.0029494 53782
0.0029513 53782
0.0029532 53782
0.0029551 53782
0.002957 53782
0.0029588 53782
0.0029607 53782
0.0029626 53782
0.0029645 53782
0.0029664 53782
0.0029683 53782
0.0029702 53782
0.002972 53782
0.0029739 53782
0.0029758 53782
0.0029777 53782
0.0029796 53782
0.0029815 53782
0.0029833 53782
0.0029852 53782
0.0029871 53782
0.002989 53782
0.0029909 53782
0.0029928 53782
0.0029947 53782
0.0029965 53782
0.0029984 53782
0.0030003 53782
0.0030022 53782
0.0030041 53782
0.003006 53782
0.0030078 53782
0.0030097 53782
0.0030116 53782
0.0030135 53782
0.0030154 53782
0.0030173 53782
0.0030192 53782
0.003021 53782
0.0030229 53782
0.0030248 53782
0.0030267 53782
0.0030286 53782
0.0030305 53782
0.0030323 53782
0.0030342 53782
0.0030361 53782
0.003038 53782
0.0030399 53782
0.0030418 53782
0.0030437 53782
0.0030455 53782
0.0030474 53782
0.0030493 53782
0.0030512 53782
0.0030531 53782
0.003055 53782
0.0030568 53782
0.0030587 53782
0.0030606 53782
0.0030625 53782
0.0030644 53782
0.0030663 53782
0.0030682 53782
0.00307 53782
0.0030719 53782
0.0030738 53782
0.0030757 53782
0.0030776 53782
0.0030795 53782
0.0030813 53782
0.0030832 53782
0.0030851 53782
0.003087 53782
0.0030889 53782
0.0030908 53782
0.0030927 53782
0.0030945 53782
0.0030964 53782
0.0030983 53782
0.0031002 53782
0.0031021 53782
0.003104 53782
0.0031058 53782
0.0031077 53782
0.0031096 53782
0.0031115 53782
0.0031134 53782
0.0031153 53782
0.0031172 53782
0.003119 53782
0.0031209 53782
0.0031228 53782
0.0031247 53782
0.0031266 53782
0.0031285 53782
0.0031303 53782
0.0031322 53782
0.0031341 53782
0.003136 53782
0.0031379 53782
0.0031398 53782
0.0031417 53782
0.0031435 53782
0.0031454 53782
0.0031473 53782
0.0031492 53782
0.0031511 53782
0.003153 53782
0.0031548 53782
0.0031567 53782
0.0031586 53782
0.0031605 53782
0.0031624 53782
0.0031643 53782
0.0031662 53782
0.003168 53782
0.0031699 53782
0.0031718 53782
0.0031737 53782
0.0031756 53782
0.0031775 53782
0.0031793 53782
0.0031812 53782
0.0031831 53782
0.003185 53782
0.0031869 53782
0.0031888 53782
0.0031907 53782
0.0031925 53782
0.0031944 53782
0.0031963 53782
0.0031982 53782
0.0032001 53782
0.003202 53782
0.0032038 53782
0.0032057 53782
0.0032076 53782
0.0032095 53782
0.0032114 53782
0.0032133 53782
0.0032152 53782
0.003217 53782
0.0032189 53782
0.0032208 53782
0.0032227 53782
0.0032246 53782
0.0032265 53782
0.0032283 53782
0.0032302 53782
0.0032321 53782
0.003234 53782
0.0032359 53782
0.0032378 53782
0.0032397 53782
0.0032415 53782
0.0032434 53782
0.0032453 53782
0.0032472 53782
0.0032491 53782
0.003251 53782
0.0032528 53782
0.0032547 53782
0.0032566 53782
0.0032585 53782
0.0032604 53782
0.0032623 53782
0.0032642 53782
0.003266 53782
0.0032679 53782
0.0032698 53782
0.0032717 53782
0.0032736 53782
0.0032755 53782
0.0032773 53782
0.0032792 53782
0.0032811 53782
0.003283 53782
0.0032849 53782
0.0032868 53782
0.0032887 53782
0.0032905 53782
0.0032924 53782
0.0032943 53782
0.0032962 53782
0.0032981 53782
0.0033 53782
0.0033018 53782
0.0033037 53782
0.0033056 53782
0.0033075 53782
0.0033094 53782
0.0033113 53782
0.0033132 53782
0.003315 53782
0.0033169 53782
0.0033188 53782
0.0033207 53782
0.0033226 53782
0.0033245 53782
0.0033263 53782
0.0033282 53782
0.0033301 53782
0.003332 53782
0.0033339 53782
0.0033358 53782
0.0033377 53782
0.0033395 53782
0.0033414 53782
0.0033433 53782
0.0033452 53782
0.0033471 53782
0.003349 53782
0.0033508 53782
0.0033527 53782
0.0033546 53782
0.0033565 53782
0.0033584 53782
0.0033603 53782
0.0033622 53782
0.003364 53782
0.0033659 53782
0.0033678 53782
0.0033697 53782
0.0033716 53782
0.0033735 53782
0.0033753 53782
0.0033772 53782
0.0033791 53782
0.003381 53782
0.0033829 53782
0.0033848 53782
0.0033867 53782
0.0033885 53782
0.0033904 53782
0.0033923 53782
0.0033942 53782
0.0033961 53782
0.003398 53782
0.0033998 53782
0.0034017 53782
0.0034036 53782
0.0034055 53782
0.0034074 53782
0.0034093 53782
0.0034112 53782
0.003413 53782
0.0034149 53782
0.0034168 53782
0.0034187 53782
0.0034206 53782
0.0034225 53782
0.0034243 53782
0.0034262 53782
0.0034281 53782
0.00343 53782
0.0034319 53782
0.0034338 53782
0.0034357 53782
0.0034375 53782
0.0034394 53782
0.0034413 53782
0.0034432 53782
0.0034451 53782
0.003447 53782
0.0034488 53782
0.0034507 53782
0.0034526 53782
0.0034545 53782
0.0034564 53782
0.0034583 53782
0.0034602 53782
0.003462 53782
0.0034639 53782
0.0034658 53782
0.0034677 53782
0.0034696 53782
0.0034715 53782
0.0034733 53782
0.0034752 53782
0.0034771 53782
0.003479 53782
0.0034809 53782
0.0034828 53782
0.0034847 53782
0.0034865 53782
0.0034884 53782
0.0034903 53782
0.0034922 53782
0.0034941 53782
0.003496 53782
0.0034978 53782
0.0034997 53782
0.0035016 53782
0.0035035 53782
0.0035054 53782
0.0035073 53782
0.0035092 53782
0.003511 53782
0.0035129 53782
0.0035148 53782
0.0035167 53782
0.0035186 53782
0.0035205 53782
0.0035223 53782
0.0035242 53782
0.0035261 53782
0.003528 53782
0.0035299 53782
0.0035318 53782
0.0035337 53782
0.0035355 53782
0.0035374 53782
0.0035393 53782
0.0035412 53782
0.0035431 53782
0.003545 53782
0.0035468 53782
0.0035487 53782
0.0035506 53782
0.0035525 53782
0.0035544 53782
0.0035563 53782
0.0035582 53782
0.00356 53782
0.0035619 53782
0.0035638 53782
0.0035657 53782
0.0035676 53782
0.0035695 53782
0.0035713 53782
0.0035732 53782
0.0035751 53782
0.003577 53782
0.0035789 53782
0.0035808 53782
0.0035827 53782
0.0035845 53782
0.0035864 53782
0.0035883 53782
0.0035902 53782
0.0035921 53782
0.003594 53782
0.0035958 53782
0.0035977 53782
0.0035996 53782
0.0036015 53782
0.0036034 53782
0.0036053 53782
0.0036072 53782
0.003609 53782
0.0036109 53782
0.0036128 53782
0.0036147 53782
0.0036166 53782
0.0036185 53782
0.0036203 53782
0.0036222 53782
0.0036241 53782
0.003626 53782
0.0036279 53782
0.0036298 53782
0.0036317 53782
0.0036335 53782
0.0036354 53782
0.0036373 53782
0.0036392 53782
0.0036411 53782
0.003643 53782
0.0036448 53782
0.0036467 53782
0.0036486 53782
0.0036505 53782
0.0036524 53782
0.0036543 53782
0.0036562 53782
0.003658 53782
0.0036599 53782
0.0036618 53782
0.0036637 53782
0.0036656 53782
0.0036675 53782
0.0036693 53782
0.0036712 53782
0.0036731 53782
0.003675 53782
0.0036769 53782
0.0036788 53782
0.0036807 53782
0.0036825 53782
0.0036844 53782
0.0036863 53782
0.0036882 53782
0.0036901 53782
0.003692 53782
0.0036938 53782
0.0036957 53782
0.0036976 53782
0.0036995 53782
0.0037014 53782
0.0037033 53782
0.0037052 53782
0.003707 53782
0.0037089 53782
0.0037108 53782
0.0037127 53782
0.0037146 53782
0.0037165 53782
0.0037183 53782
0.0037202 53782
0.0037221 53782
0.003724 53782
0.0037259 53782
0.0037278 53782
0.0037297 53782
0.0037315 53782
0.0037334 53782
0.0037353 53782
0.0037372 53782
0.0037391 53782
0.003741 53782
0.0037428 53782
0.0037447 53782
0.0037466 53782
0.0037485 53782
0.0037504 53782
0.0037523 53782
0.0037542 53782
0.003756 53782
0.0037579 53782
0.0037598 53782
0.0037617 53782
0.0037636 53782
0.0037655 53782
0.0037673 53782
0.0037692 53782
0.0037711 53782
0.003773 53782
0.0037749 53782
0.0037768 53782
0.0037787 53782
0.0037805 53782
0.0037824 53782
0.0037843 53782
0.0037862 53782
0.0037881 53782
0.00379 53782
0.0037918 53782
0.0037937 53782
0.0037956 53782
0.0037975 53782
0.0037994 53782
0.0038013 53782
0.0038032 53782
0.003805 53782
0.0038069 53782
0.0038088 53782
0.0038107 53782
0.0038126 53782
0.0038145 53782
0.0038163 53782
0.0038182 53782
0.0038201 53782
0.003822 53782
0.0038239 53782
0.0038258 53782
0.0038277 53782
0.0038295 53782
0.0038314 53782
0.0038333 53782
0.0038352 53782
0.0038371 53782
0.003839 53782
0.0038408 53782
0.0038427 53782
0.0038446 53782
0.0038465 53782
0.0038484 53782
0.0038503 53782
0.0038522 53782
0.003854 53782
0.0038559 53782
0.0038578 53782
0.0038597 53782
0.0038616 53782
0.0038635 53782
0.0038653 53782
0.0038672 53782
0.0038691 53782
0.003871 53782
0.0038729 53782
0.0038748 53782
0.0038767 53782
0.0038785 53782
0.0038804 53782
0.0038823 53782
0.0038842 53782
0.0038861 53782
0.003888 53782
0.0038898 53782
0.0038917 53782
0.0038936 53782
0.0038955 53782
0.0038974 53782
0.0038993 53782
0.0039012 53782
0.003903 53782
0.0039049 53782
0.0039068 53782
0.0039087 53782
0.0039106 53782
0.0039125 53782
0.0039143 53782
0.0039162 53782
0.0039181 53782
0.00392 53782
0.0039219 53782
0.0039238 53782
0.0039257 53782
0.0039275 53782
0.0039294 53782
0.0039313 53782
0.0039332 53782
0.0039351 53782
0.003937 53782
0.0039388 53782
0.0039407 53782
0.0039426 53782
0.0039445 53782
0.0039464 53782
0.0039483 53782
0.0039502 53782
0.003952 53782
0.0039539 53782
0.0039558 53782
0.0039577 53782
0.0039596 53782
0.0039615 53782
0.0039633 53782
0.0039652 53782
0.0039671 53782
0.003969 53782
0.0039709 53782
0.0039728 53782
0.0039747 53782
0.0039765 53782
0.0039784 53782
0.0039803 53782
0.0039822 53782
0.0039841 53782
0.003986 53782
0.0039878 53782
0.0039897 53782
0.0039916 53782
0.0039935 53782
0.0039954 53782
0.0039973 53782
0.0039992 53782
0.004001 53782
0.0040029 53782
0.0040048 53782
0.0040067 53782
0.0040086 53782
0.0040105 53782
0.0040123 53782
0.0040142 53782
0.0040161 53782
0.004018 53782
0.0040199 53782
0.0040218 53782
0.0040237 53782
0.0040255 53782
0.0040274 53782
0.0040293 53782
0.0040312 53782
0.0040331 53782
0.004035 53782
0.0040368 53782
0.0040387 53782
0.0040406 53782
0.0040425 53782
0.0040444 53782
0.0040463 53782
0.0040482 53782
0.00405 53782
0.0040519 53782
0.0040538 53782
0.0040557 53782
0.0040576 53782
0.0040595 53782
0.0040613 53782
0.0040632 53782
0.0040651 53782
0.004067 53782
0.0040689 53782
0.0040708 53782
0.0040727 53782
0.0040745 53782
0.0040764 53782
0.0040783 53782
0.0040802 53782
0.0040821 53782
0.004084 53782
0.0040858 53782
0.0040877 53782
0.0040896 53782
0.0040915 53782
0.0040934 53782
0.0040953 53782
0.0040972 53782
0.004099 53782
0.0041009 53782
0.0041028 53782
0.0041047 53782
0.0041066 53782
0.0041085 53782
0.0041103 53782
0.0041122 53782
0.0041141 53782
0.004116 53782
0.0041179 53782
0.0041198 53782
0.0041217 53782
0.0041235 53782
0.0041254 53782
0.0041273 53782
0.0041292 53782
0.0041311 53782
0.004133 53782
0.0041348 53782
0.0041367 53782
0.0041386 53782
0.0041405 53782
0.0041424 53782
0.0041443 53782
0.0041462 53782
0.004148 53782
0.0041499 53782
0.0041518 53782
0.0041537 53782
0.0041556 53782
0.0041575 53782
0.0041593 53782
0.0041612 53782
0.0041631 53782
0.004165 53782
0.0041669 53782
0.0041688 53782
0.0041707 53782
0.0041725 53782
0.0041744 53782
0.0041763 53782
0.0041782 53782
0.0041801 53782
0.004182 53782
0.0041838 53782
0.0041857 53782
0.0041876 53782
0.0041895 53782
0.0041914 53782
0.0041933 53782
0.0041952 53782
0.004197 53782
0.0041989 53782
0.0042008 53782
0.0042027 53782
0.0042046 53782
0.0042065 53782
0.0042083 53782
0.0042102 53782
0.0042121 53782
0.004214 53782
0.0042159 53782
0.0042178 53782
0.0042197 53782
0.0042215 53782
0.0042234 53782
0.0042253 53782
0.0042272 53782
0.0042291 53782
0.004231 53782
0.0042328 53782
0.0042347 53782
0.0042366 53782
0.0042385 53782
0.0042404 53782
0.0042423 53782
0.0042442 53782
0.004246 53782
0.0042479 53782
0.0042498 53782
0.0042517 53782
0.0042536 53782
0.0042555 53782
0.0042573 53782
0.0042592 53782
0.0042611 53782
0.004263 53782
0.0042649 53782
0.0042668 53782
0.0042687 53782
0.0042705 53782
0.0042724 53782
0.0042743 53782
0.0042762 53782
0.0042781 53782
0.00428 53782
0.0042818 53782
0.0042837 53782
0.0042856 53782
0.0042875 53782
0.0042894 53782
0.0042913 53782
0.0042932 53782
0.004295 53782
0.0042969 53782
0.0042988 53782
0.0043007 53782
0.0043026 53782
0.0043045 53782
0.0043063 53782
0.0043082 53782
0.0043101 53782
0.004312 53782
0.0043139 53782
0.0043158 53782
0.0043177 53782
0.0043195 53782
0.0043214 53782
0.0043233 53782
0.0043252 53782
0.0043271 53782
0.004329 53782
0.0043308 53782
0.0043327 53782
0.0043346 53782
0.0043365 53782
0.0043384 53782
0.0043403 53782
0.0043422 53782
0.004344 53782
0.0043459 53782
0.0043478 53782
0.0043497 53782
0.0043516 53782
0.0043535 53782
0.0043553 53782
0.0043572 53782
0.0043591 53782
0.004361 53782
0.0043629 53782
0.0043648 53782
0.0043667 53782
0.0043685 53782
0.0043704 53782
0.0043723 53782
0.0043742 53782
0.0043761 53782
0.004378 53782
0.0043798 53782
0.0043817 53782
0.0043836 53782
0.0043855 53782
0.0043874 53782
0.0043893 53782
0.0043912 53782
0.004393 53782
0.0043949 53782
0.0043968 53782
0.0043987 53782
0.0044006 53782
0.0044025 53782
0.0044043 53782
0.0044062 53782
0.0044081 53782
0.00441 53782
0.0044119 53782
0.0044138 53782
0.0044157 53782
0.0044175 53782
0.0044194 53782
0.0044213 53782
0.0044232 53782
0.0044251 53782
0.004427 53782
0.0044288 53782
0.0044307 53782
0.0044326 53782
0.0044345 53782
0.0044364 53782
0.0044383 53782
0.0044402 53782
0.004442 53782
0.0044439 53782
0.0044458 53782
0.0044477 53782
0.0044496 53782
0.0044515 53782
0.0044533 53782
0.0044552 53782
0.0044571 53782
0.004459 53782
0.0044609 53782
0.0044628 53782
0.0044647 53782
0.0044665 53782
0.0044684 53782
0.0044703 53782
0.0044722 53782
0.0044741 53782
0.004476 53782
0.0044778 53782
0.0044797 53782
0.0044816 53782
0.0044835 53782
0.0044854 53782
0.0044873 53782
0.0044892 53782
0.004491 53782
0.0044929 53782
0.0044948 53782
0.0044967 53782
0.0044986 53782
0.0045005 53782
0.0045023 53782
0.0045042 53782
0.0045061 53782
0.004508 53782
0.0045099 53782
0.0045118 53782
0.0045137 53782
0.0045155 53782
0.0045174 53782
0.0045193 53782
0.0045212 53782
0.0045231 53782
0.004525 53782
0.0045268 53782
0.0045287 53782
0.0045306 53782
0.0045325 53782
0.0045344 53782
0.0045363 53782
0.0045382 53782
0.00454 53782
0.0045419 53782
0.0045438 53782
0.0045457 53782
0.0045476 53782
0.0045495 53782
0.0045513 53782
0.0045532 53782
0.0045551 53782
0.004557 53782
0.0045589 53782
0.0045608 53782
0.0045627 53782
0.0045645 53782
0.0045664 53782
0.0045683 53782
0.0045702 53782
0.0045721 53782
0.004574 53782
0.0045758 53782
0.0045777 53782
0.0045796 53782
0.0045815 53782
0.0045834 53782
0.0045853 53782
0.0045872 53782
0.004589 53782
0.0045909 53782
0.0045928 53782
0.0045947 53782
0.0045966 53782
0.0045985 53782
0.0046003 53782
0.0046022 53782
0.0046041 53782
0.004606 53782
0.0046079 53782
0.0046098 53782
0.0046117 53782
0.0046135 53782
0.0046154 53782
0.0046173 53782
0.0046192 53782
0.0046211 53782
0.004623 53782
0.0046248 53782
0.0046267 53782
0.0046286 53782
0.0046305 53782
0.0046324 53782
0.0046343 53782
0.0046362 53782
0.004638 53782
0.0046399 53782
0.0046418 53782
0.0046437 53782
0.0046456 53782
0.0046475 53782
0.0046493 53782
0.0046512 53782
0.0046531 53782
0.004655 53782
0.0046569 53782
0.0046588 53782
0.0046607 53782
0.0046625 53782
0.0046644 53782
0.0046663 53782
0.0046682 53782
0.0046701 53782
0.004672 53782
0.0046738 53782
0.0046757 53782
0.0046776 53782
0.0046795 53782
0.0046814 53782
0.0046833 53782
0.0046852 53782
0.004687 53782
0.0046889 53782
0.0046908 53782
0.0046927 53782
0.0046946 53782
0.0046965 53782
0.0046983 53782
0.0047002 53782
0.0047021 53782
0.004704 53782
0.0047059 53782
0.0047078 53782
0.0047097 53782
0.0047115 53782
0.0047134 53782
0.0047153 53782
0.0047172 53782
0.0047191 53782
0.004721 53782
0.0047228 53782
0.0047247 53782
0.0047266 53782
0.0047285 53782
0.0047304 53782
0.0047323 53782
0.0047342 53782
0.004736 53782
0.0047379 53782
0.0047398 53782
0.0047417 53782
0.0047436 53782
0.0047455 53782
0.0047473 53782
0.0047492 53782
0.0047511 53782
0.004753 53782
0.0047549 53782
0.0047568 53782
0.0047587 53782
0.0047605 53782
0.0047624 53782
0.0047643 53782
0.0047662 53782
0.0047681 53782
0.00477 53782
0.0047718 53782
0.0047737 53782
0.0047756 53782
0.0047775 53782
0.0047794 53782
0.0047813 53782
0.0047832 53782
0.004785 53782
0.0047869 53782
0.0047888 53782
0.0047907 53782
0.0047926 53782
0.0047945 53782
0.0047963 53782
0.0047982 53782
0.0048001 53782
0.004802 53782
0.0048039 53782
0.0048058 53782
0.0048077 53782
0.0048095 53782
0.0048114 53782
0.0048133 53782
0.0048152 53782
0.0048171 53782
0.004819 53782
0.0048208 53782
0.0048227 53782
0.0048246 53782
0.0048265 53782
0.0048284 53782
0.0048303 53782
0.0048322 53782
0.004834 53782
0.0048359 53782
0.0048378 53782
0.0048397 53782
0.0048416 53782
0.0048435 53782
0.0048453 53782
0.0048472 53782
0.0048491 53782
0.004851 53782
0.0048529 53782
0.0048548 53782
0.0048567 53782
0.0048585 53782
0.0048604 53782
0.0048623 53782
0.0048642 53782
0.0048661 53782
0.004868 53782
0.0048698 53782
0.0048717 53782
0.0048736 53782
0.0048755 53782
0.0048774 53782
0.0048793 53782
0.0048812 53782
0.004883 53782
0.0048849 53782
0.0048868 53782
0.0048887 53782
0.0048906 53782
0.0048925 53782
0.0048943 53782
0.0048962 53782
0.0048981 53782
0.0049 53782
0.0049019 53782
0.0049038 53782
0.0049057 53782
0.0049075 53782
0.0049094 53782
0.0049113 53782
0.0049132 53782
0.0049151 53782
0.004917 53782
0.0049188 53782
0.0049207 53782
0.0049226 53782
0.0049245 53782
0.0049264 53782
0.0049283 53782
0.0049302 53782
0.004932 53782
0.0049339 53782
0.0049358 53782
0.0049377 53782
0.0049396 53782
0.0049415 53782
0.0049433 53782
0.0049452 53782
0.0049471 53782
0.004949 53782
0.0049509 53782
0.0049528 53782
0.0049547 53782
0.0049565 53782
0.0049584 53782
0.0049603 53782
0.0049622 53782
0.0049641 53782
0.004966 53782
0.0049678 53782
0.0049697 53782
0.0049716 53782
0.0049735 53782
0.0049754 53782
0.0049773 53782
0.0049792 53782
0.004981 53782
0.0049829 53782
0.0049848 53782
0.0049867 53782
0.0049886 53782
0.0049905 53782
0.0049923 53782
0.0049942 53782
0.0049961 53782
0.004998 53782
0.0049999 53782
0.0050018 53782
0.0050037 53782
0.0050055 53782
0.0050074 53782
0.0050093 53782
0.0050112 53782
0.0050131 53782
0.005015 53782
0.0050168 53782
0.0050187 53782
0.0050206 53782
0.0050225 53782
0.0050244 53782
0.0050263 53782
0.0050282 53782
0.00503 53782
0.0050319 53782
0.0050338 53782
0.0050357 53782
0.0050376 53782
0.0050395 53782
0.0050413 53782
0.0050432 53782
0.0050451 53782
0.005047 53782
0.0050489 53782
0.0050508 53782
0.0050527 53782
0.0050545 53782
0.0050564 53782
0.0050583 53782
0.0050602 53782
0.0050621 53782
0.005064 53782
0.0050658 53782
0.0050677 53782
0.0050696 53782
0.0050715 53782
0.0050734 53782
0.0050753 53782
0.0050772 53782
0.005079 53782
0.0050809 53782
0.0050828 53782
0.0050847 53782
0.0050866 53782
0.0050885 53782
0.0050903 53782
0.0050922 53782
0.0050941 53782
0.005096 53782
0.0050979 53782
0.0050998 53782
0.0051017 53782
0.0051035 53782
0.0051054 53782
0.0051073 53782
0.0051092 53782
0.0051111 53782
0.005113 53782
0.0051148 53782
0.0051167 53782
0.0051186 53782
0.0051205 53782
0.0051224 53782
0.0051243 53782
0.0051262 53782
0.005128 53782
0.0051299 53782
0.0051318 53782
0.0051337 53782
0.0051356 53782
0.0051375 53782
0.0051393 53782
0.0051412 53782
0.0051431 53782
0.005145 53782
0.0051469 53782
0.0051488 53782
0.0051507 53782
0.0051525 53782
0.0051544 53782
0.0051563 53782
0.0051582 53782
0.0051601 53782
0.005162 53782
0.0051638 53782
0.0051657 53782
0.0051676 53782
0.0051695 53782
0.0051714 53782
0.0051733 53782
0.0051752 53782
0.005177 53782
0.0051789 53782
0.0051808 53782
0.0051827 53782
0.0051846 53782
0.0051865 53782
0.0051883 53782
0.0051902 53782
0.0051921 53782
0.005194 53782
0.0051959 53782
0.0051978 53782
0.0051997 53782
0.0052015 53782
0.0052034 53782
0.0052053 53782
0.0052072 53782
0.0052091 53782
0.005211 53782
0.0052128 53782
0.0052147 53782
0.0052166 53782
0.0052185 53782
0.0052204 53782
0.0052223 53782
0.0052242 53782
0.005226 53782
0.0052279 53782
0.0052298 53782
0.0052317 53782
0.0052336 53782
0.0052355 53782
0.0052373 53782
0.0052392 53782
0.0052411 53782
0.005243 53782
0.0052449 53782
0.0052468 53782
0.0052487 53782
0.0052505 53782
0.0052524 53782
0.0052543 53782
0.0052562 53782
0.0052581 53782
0.00526 53782
0.0052618 53782
0.0052637 53782
0.0052656 53782
0.0052675 53782
0.0052694 53782
0.0052713 53782
0.0052732 53782
0.005275 53782
0.0052769 53782
0.0052788 53782
0.0052807 53782
0.0052826 53782
0.0052845 53782
0.0052863 53782
0.0052882 53782
0.0052901 53782
0.005292 53782
0.0052939 53782
0.0052958 53782
0.0052977 53782
0.0052995 53782
0.0053014 53782
0.0053033 53782
0.0053052 53782
0.0053071 53782
0.005309 53782
0.0053108 53782
0.0053127 53782
0.0053146 53782
0.0053165 53782
0.0053184 53782
0.0053203 53782
0.0053222 53782
0.005324 53782
0.0053259 53782
0.0053278 53782
0.0053297 53782
0.0053316 53782
0.0053335 53782
0.0053353 53782
0.0053372 53782
0.0053391 53782
0.005341 53782
0.0053429 53782
0.0053448 53782
0.0053467 53782
0.0053485 53782
0.0053504 53782
0.0053523 53782
0.0053542 53782
0.0053561 53782
0.005358 53782
0.0053598 53782
0.0053617 53782
0.0053636 53782
0.0053655 53782
0.0053674 53782
0.0053693 53782
0.0053712 53782
0.005373 53782
0.0053749 53782
0.0053768 53782
0.0053787 53782
0.0053806 53782
0.0053825 53782
0.0053843 53782
0.0053862 53782
0.0053881 53782
0.00539 53782
0.0053919 53782
0.0053938 53782
0.0053957 53782
0.0053975 53782
0.0053994 53782
0.0054013 53782
0.0054032 53782
0.0054051 53782
0.005407 53782
0.0054088 53782
0.0054107 53782
0.0054126 53782
0.0054145 53782
0.0054164 53782
0.0054183 53782
0.0054202 53782
0.005422 53782
0.0054239 53782
0.0054258 53782
0.0054277 53782
0.0054296 53782
0.0054315 53782
0.0054333 53782
0.0054352 53782
0.0054371 53782
0.005439 53782
0.0054409 53782
0.0054428 53782
0.0054447 53782
0.0054465 53782
0.0054484 53782
0.0054503 53782
0.0054522 53782
0.0054541 53782
0.005456 53782
0.0054578 53782
0.0054597 53782
0.0054616 53782
0.0054635 53782
0.0054654 53782
0.0054673 53782
0.0054692 53782
0.005471 53782
0.0054729 53782
0.0054748 53782
0.0054767 53782
0.0054786 53782
0.0054805 53782
0.0054823 53782
0.0054842 53782
0.0054861 53782
0.005488 53782
0.0054899 53782
0.0054918 53782
0.0054937 53782
0.0054955 53782
0.0054974 53782
0.0054993 53782
0.0055012 53782
0.0055031 53782
0.005505 53782
0.0055068 53782
0.0055087 53782
0.0055106 53782
0.0055125 53782
0.0055144 53782
0.0055163 53782
0.0055182 53782
0.00552 53782
0.0055219 53782
0.0055238 53782
0.0055257 53782
0.0055276 53782
0.0055295 53782
0.0055313 53782
0.0055332 53782
0.0055351 53782
0.005537 53782
0.0055389 53782
0.0055408 53782
0.0055427 53782
0.0055445 53782
0.0055464 53782
0.0055483 53782
0.0055502 53782
0.0055521 53782
0.005554 53782
0.0055558 53782
0.0055577 53782
0.0055596 53782
0.0055615 53782
0.0055634 53782
0.0055653 53782
0.0055672 53782
0.005569 53782
0.0055709 53782
0.0055728 53782
0.0055747 53782
0.0055766 53782
0.0055785 53782
0.0055803 53782
0.0055822 53782
0.0055841 53782
0.005586 53782
0.0055879 53782
0.0055898 53782
0.0055917 53782
0.0055935 53782
0.0055954 53782
0.0055973 53782
0.0055992 53782
0.0056011 53782
0.005603 53782
0.0056048 53782
0.0056067 53782
0.0056086 53782
0.0056105 53782
0.0056124 53782
0.0056143 53782
0.0056162 53782
0.005618 53782
0.0056199 53782
0.0056218 53782
0.0056237 53782
0.0056256 53782
0.0056275 53782
0.0056293 53782
0.0056312 53782
0.0056331 53782
0.005635 53782
0.0056369 53782
0.0056388 53782
0.0056407 53782
0.0056425 53782
0.0056444 53782
0.0056463 53782
0.0056482 53782
0.0056501 53782
0.005652 53782
0.0056538 53782
0.0056557 53782
0.0056576 53782
0.0056595 53782
0.0056614 53782
0.0056633 53782
0.0056652 53782
0.005667 53782
0.0056689 53782
0.0056708 53782
0.0056727 53782
0.0056746 53782
0.0056765 53782
0.0056783 53782
0.0056802 53782
0.0056821 53782
0.005684 53782
0.0056859 53782
0.0056878 53782
0.0056897 53782
0.0056915 53782
0.0056934 53782
0.0056953 53782
0.0056972 53782
0.0056991 53782
0.005701 53782
0.0057028 53782
0.0057047 53782
0.0057066 53782
0.0057085 53782
0.0057104 53782
0.0057123 53782
0.0057142 53782
0.005716 53782
0.0057179 53782
0.0057198 53782
0.0057217 53782
0.0057236 53782
0.0057255 53782
0.0057273 53782
0.0057292 53782
0.0057311 53782
0.005733 53782
0.0057349 53782
0.0057368 53782
0.0057387 53782
0.0057405 53782
0.0057424 53782
0.0057443 53782
0.0057462 53782
0.0057481 53782
0.00575 53782
0.0057518 53782
0.0057537 53782
0.0057556 53782
0.0057575 53782
0.0057594 53782
0.0057613 53782
0.0057632 53782
0.005765 53782
0.0057669 53782
0.0057688 53782
0.0057707 53782
0.0057726 53782
0.0057745 53782
0.0057763 53782
0.0057782 53782
0.0057801 53782
0.005782 53782
0.0057839 53782
0.0057858 53782
0.0057877 53782
0.0057895 53782
0.0057914 53782
0.0057933 53782
0.0057952 53782
0.0057971 53782
0.005799 53782
0.0058008 53782
0.0058027 53782
0.0058046 53782
0.0058065 53782
0.0058084 53782
0.0058103 53782
0.0058122 53782
0.005814 53782
0.0058159 53782
0.0058178 53782
0.0058197 53782
0.0058216 53782
0.0058235 53782
0.0058253 53782
0.0058272 53782
0.0058291 53782
0.005831 53782
0.0058329 53782
0.0058348 53782
0.0058367 53782
0.0058385 53782
0.0058404 53782
0.0058423 53782
0.0058442 53782
0.0058461 53782
0.005848 53782
0.0058498 53782
0.0058517 53782
0.0058536 53782
0.0058555 53782
0.0058574 53782
0.0058593 53782
0.0058612 53782
0.005863 53782
0.0058649 53782
0.0058668 53782
0.0058687 53782
0.0058706 53782
0.0058725 53782
0.0058743 53782
0.0058762 53782
0.0058781 53782
0.00588 53782
0.0058819 53782
0.0058838 53782
0.0058857 53782
0.0058875 53782
0.0058894 53782
0.0058913 53782
0.0058932 53782
0.0058951 53782
0.005897 53782
0.0058988 53782
0.0059007 53782
0.0059026 53782
0.0059045 53782
0.0059064 53782
0.0059083 53782
0.0059102 53782
0.005912 53782
0.0059139 53782
0.0059158 53782
0.0059177 53782
0.0059196 53782
0.0059215 53782
0.0059233 53782
0.0059252 53782
0.0059271 53782
0.005929 53782
0.0059309 53782
0.0059328 53782
0.0059347 53782
0.0059365 53782
0.0059384 53782
0.0059403 53782
0.0059422 53782
0.0059441 53782
0.005946 53782
0.0059478 53782
0.0059497 53782
0.0059516 53782
0.0059535 53782
0.0059554 53782
0.0059573 53782
0.0059592 53782
0.005961 53782
0.0059629 53782
0.0059648 53782
0.0059667 53782
0.0059686 53782
0.0059705 53782
0.0059723 53782
0.0059742 53782
0.0059761 53782
0.005978 53782
0.0059799 53782
0.0059818 53782
0.0059837 53782
0.0059855 53782
0.0059874 53782
0.0059893 53782
0.0059912 53782
0.0059931 53782
0.005995 53782
0.0059968 53782
0.0059987 53782
0.0060006 53782
0.0060025 53782
0.0060044 53782
0.0060063 53782
0.0060082 53782
0.00601 53782
0.0060119 53782
0.0060138 53782
0.0060157 53782
0.0060176 53782
0.0060195 53782
0.0060213 53782
0.0060232 53782
0.0060251 53782
0.006027 53782
0.0060289 53782
0.0060308 53782
0.0060327 53782
0.0060345 53782
0.0060364 53782
0.0060383 53782
0.0060402 53782
0.0060421 53782
0.006044 53782
0.0060458 53782
0.0060477 53782
0.0060496 53782
0.0060515 53782
0.0060534 53782
0.0060553 53782
0.0060572 53782
0.006059 53782
0.0060609 53782
0.0060628 53782
0.0060647 53782
0.0060666 53782
0.0060685 53782
0.0060703 53782
0.0060722 53782
0.0060741 53782
0.006076 53782
0.0060779 53782
0.0060798 53782
0.0060817 53782
0.0060835 53782
0.0060854 53782
0.0060873 53782
0.0060892 53782
0.0060911 53782
0.006093 53782
0.0060948 53782
0.0060967 53782
0.0060986 53782
0.0061005 53782
0.0061024 53782
0.0061043 53782
0.0061062 53782
0.006108 53782
0.0061099 53782
0.0061118 53782
0.0061137 53782
0.0061156 53782
0.0061175 53782
0.0061193 53782
0.0061212 53782
0.0061231 53782
0.006125 53782
0.0061269 53782
0.0061288 53782
0.0061307 53782
0.0061325 53782
0.0061344 53782
0.0061363 53782
0.0061382 53782
0.0061401 53782
0.006142 53782
0.0061438 53782
0.0061457 53782
0.0061476 53782
0.0061495 53782
0.0061514 53782
0.0061533 53782
0.0061552 53782
0.006157 53782
0.0061589 53782
0.0061608 53782
0.0061627 53782
0.0061646 53782
0.0061665 53782
0.0061683 53782
0.0061702 53782
0.0061721 53782
0.006174 53782
0.0061759 53782
0.0061778 53782
0.0061797 53782
0.0061815 53782
0.0061834 53782
0.0061853 53782
0.0061872 53782
0.0061891 53782
0.006191 53782
0.0061928 53782
0.0061947 53782
0.0061966 53782
0.0061985 53782
0.0062004 53782
0.0062023 53782
0.0062042 53782
0.006206 53782
0.0062079 53782
0.0062098 53782
0.0062117 53782
0.0062136 53782
0.0062155 53782
0.0062173 53782
0.0062192 53782
0.0062211 53782
0.006223 53782
0.0062249 53782
0.0062268 53782
0.0062287 53782
0.0062305 53782
0.0062324 53782
0.0062343 53782
0.0062362 53782
0.0062381 53782
0.00624 53782
0.0062418 53782
0.0062437 53782
0.0062456 53782
0.0062475 53782
0.0062494 53782
0.0062513 53782
0.0062532 53782
0.006255 53782
0.0062569 53782
0.0062588 53782
0.0062607 53782
0.0062626 53782
0.0062645 53782
0.0062663 53782
0.0062682 53782
0.0062701 53782
0.006272 53782
0.0062739 53782
0.0062758 53782
0.0062777 53782
0.0062795 53782
0.0062814 53782
0.0062833 53782
0.0062852 53782
0.0062871 53782
0.006289 53782
0.0062908 53782
0.0062927 53782
0.0062946 53782
0.0062965 53782
0.0062984 53782
0.0063003 53782
0.0063022 53782
0.006304 53782
0.0063059 53782
0.0063078 53782
0.0063097 53782
0.0063116 53782
0.0063135 53782
0.0063153 53782
0.0063172 53782
0.0063191 53782
0.006321 53782
0.0063229 53782
0.0063248 53782
0.0063267 53782
0.0063285 53782
0.0063304 53782
0.0063323 53782
0.0063342 53782
0.0063361 53782
0.006338 53782
0.0063398 53782
0.0063417 53782
0.0063436 53782
0.0063455 53782
0.0063474 53782
0.0063493 53782
0.0063512 53782
0.006353 53782
0.0063549 53782
0.0063568 53782
0.0063587 53782
0.0063606 53782
0.0063625 53782
0.0063643 53782
0.0063662 53782
0.0063681 53782
0.00637 53782
0.0063719 53782
0.0063738 53782
0.0063757 53782
0.0063775 53782
0.0063794 53782
0.0063813 53782
0.0063832 53782
0.0063851 53782
0.006387 53782
0.0063888 53782
0.0063907 53782
0.0063926 53782
0.0063945 53782
0.0063964 53782
0.0063983 53782
0.0064002 53782
0.006402 53782
0.0064039 53782
0.0064058 53782
0.0064077 53782
0.0064096 53782
0.0064115 53782
0.0064133 53782
0.0064152 53782
0.0064171 53782
0.006419 53782
0.0064209 53782
0.0064228 53782
0.0064247 53782
0.0064265 53782
0.0064284 53782
0.0064303 53782
0.0064322 53782
0.0064341 53782
0.006436 53782
0.0064378 53782
0.0064397 53782
0.0064416 53782
0.0064435 53782
0.0064454 53782
0.0064473 53782
0.0064492 53782
0.006451 53782
0.0064529 53782
0.0064548 53782
0.0064567 53782
0.0064586 53782
0.0064605 53782
0.0064623 53782
0.0064642 53782
0.0064661 53782
0.006468 53782
0.0064699 53782
0.0064718 53782
0.0064737 53782
0.0064755 53782
0.0064774 53782
0.0064793 53782
0.0064812 53782
0.0064831 53782
0.006485 53782
0.0064868 53782
0.0064887 53782
0.0064906 53782
0.0064925 53782
0.0064944 53782
0.0064963 53782
0.0064982 53782
0.0065 53782
0.0065019 53782
0.0065038 53782
0.0065057 53782
0.0065076 53782
0.0065095 53782
0.0065113 53782
0.0065132 53782
0.0065151 53782
0.006517 53782
0.0065189 53782
0.0065208 53782
0.0065227 53782
0.0065245 53782
0.0065264 53782
0.0065283 53782
0.0065302 53782
0.0065321 53782
0.006534 53782
0.0065358 53782
0.0065377 53782
0.0065396 53782
0.0065415 53782
0.0065434 53782
0.0065453 53782
0.0065472 53782
0.006549 53782
0.0065509 53782
0.0065528 53782
0.0065547 53782
0.0065566 53782
0.0065585 53782
0.0065603 53782
0.0065622 53782
0.0065641 53782
0.006566 53782
0.0065679 53782
0.0065698 53782
0.0065717 53782
0.0065735 53782
0.0065754 53782
0.0065773 53782
0.0065792 53782
0.0065811 53782
0.006583 53782
0.0065848 53782
0.0065867 53782
0.0065886 53782
0.0065905 53782
0.0065924 53782
0.0065943 53782
0.0065962 53782
1 53782
