1.8846e-06 9.176e+05
3.7692e-06 9.176e+05
5.6538e-06 9.176e+05
7.5385e-06 9.176e+05
9.4231e-06 9.176e+05
1.1308e-05 9.176e+05
1.3192e-05 9.176e+05
1.5077e-05 9.176e+05
1.6962e-05 9.176e+05
1.8846e-05 9.1759e+05
2.0731e-05 9.1759e+05
2.2615e-05 9.1758e+05
2.45e-05 9.1757e+05
2.6385e-05 9.1756e+05
2.8269e-05 9.1754e+05
3.0154e-05 9.1751e+05
3.2038e-05 9.1746e+05
3.3923e-05 9.174e+05
3.5808e-05 9.1731e+05
3.7692e-05 9.1718e+05
3.9577e-05 9.17e+05
4.1462e-05 9.1676e+05
4.3346e-05 9.1642e+05
4.5231e-05 9.1597e+05
4.7115e-05 9.1537e+05
4.9e-05 9.1458e+05
5.0885e-05 9.1353e+05
5.2769e-05 9.1218e+05
5.4654e-05 9.1044e+05
5.6538e-05 9.0824e+05
5.8423e-05 9.0547e+05
6.0308e-05 9.0201e+05
6.2192e-05 8.9776e+05
6.4077e-05 8.9256e+05
6.5962e-05 8.8629e+05
6.7846e-05 8.7879e+05
6.9731e-05 8.6991e+05
7.1615e-05 8.5951e+05
7.35e-05 8.4744e+05
7.5385e-05 8.3359e+05
7.7269e-05 8.1785e+05
7.9154e-05 8.0015e+05
8.1038e-05 7.8044e+05
8.2923e-05 7.5872e+05
8.4808e-05 7.3504e+05
8.6692e-05 7.0947e+05
8.8577e-05 6.8217e+05
9.0462e-05 6.5331e+05
9.2346e-05 6.2312e+05
9.4231e-05 5.9189e+05
9.6115e-05 5.5991e+05
9.8e-05 5.2753e+05
9.9885e-05 4.951e+05
0.00010177 4.6299e+05
0.00010365 4.3157e+05
0.00010554 4.0116e+05
0.00010742 3.7212e+05
0.00010931 3.4473e+05
0.00011119 3.1924e+05
0.00011308 2.9588e+05
0.00011496 2.748e+05
0.00011685 2.5612e+05
0.00011873 2.399e+05
0.00012062 2.2616e+05
0.0001225 2.1488e+05
0.00012438 2.0599e+05
0.00012627 1.994e+05
0.00012815 1.9498e+05
0.00013004 1.9259e+05
0.00013192 1.9208e+05
0.00013381 1.9329e+05
0.00013569 1.9605e+05
0.00013758 2.002e+05
0.00013946 2.0559e+05
0.00014135 2.1206e+05
0.00014323 2.1948e+05
0.00014512 2.2773e+05
0.000147 2.367e+05
0.00014888 2.4629e+05
0.00015077 2.564e+05
0.00015265 2.6697e+05
0.00015454 2.7792e+05
0.00015642 2.892e+05
0.00015831 3.0076e+05
0.00016019 3.1255e+05
0.00016208 3.2453e+05
0.00016396 3.3668e+05
0.00016585 3.4896e+05
0.00016773 3.6135e+05
0.00016962 3.7382e+05
0.0001715 3.8635e+05
0.00017338 3.9892e+05
0.00017527 4.1152e+05
0.00017715 4.2411e+05
0.00017904 4.367e+05
0.00018092 4.4925e+05
0.00018281 4.6177e+05
0.00018469 4.7422e+05
0.00018658 4.866e+05
0.00018846 4.989e+05
0.00019035 5.111e+05
0.00019223 5.2318e+05
0.00019412 5.3515e+05
0.000196 5.4698e+05
0.00019788 5.5867e+05
0.00019977 5.702e+05
0.00020165 5.8158e+05
0.00020354 5.9278e+05
0.00020542 6.038e+05
0.00020731 6.1464e+05
0.00020919 6.2529e+05
0.00021108 6.3573e+05
0.00021296 6.4597e+05
0.00021485 6.5601e+05
0.00021673 6.6582e+05
0.00021862 6.7542e+05
0.0002205 6.848e+05
0.00022238 6.9395e+05
0.00022427 7.0288e+05
0.00022615 7.1158e+05
0.00022804 7.2004e+05
0.00022992 7.2828e+05
0.00023181 7.3629e+05
0.00023369 7.4406e+05
0.00023558 7.5161e+05
0.00023746 7.5893e+05
0.00023935 7.6601e+05
0.00024123 7.7287e+05
0.00024312 7.7951e+05
0.000245 7.8592e+05
0.00024688 7.9212e+05
0.00024877 7.9809e+05
0.00025065 8.0385e+05
0.00025254 8.0941e+05
0.00025442 8.1475e+05
0.00025631 8.1989e+05
0.00025819 8.2483e+05
0.00026008 8.2958e+05
0.00026196 8.3413e+05
0.00026385 8.385e+05
0.00026573 8.4269e+05
0.00026762 8.467e+05
0.0002695 8.5053e+05
0.00027138 8.542e+05
0.00027327 8.5771e+05
0.00027515 8.6105e+05
0.00027704 8.6424e+05
0.00027892 8.6729e+05
0.00028081 8.7018e+05
0.00028269 8.7294e+05
0.00028458 8.7557e+05
0.00028646 8.7806e+05
0.00028835 8.8043e+05
0.00029023 8.8268e+05
0.00029212 8.8482e+05
0.000294 8.8684e+05
0.00029588 8.8876e+05
0.00029777 8.9057e+05
0.00029965 8.9228e+05
0.00030154 8.9391e+05
0.00030342 8.9544e+05
0.00030531 8.9688e+05
0.00030719 8.9824e+05
0.00030908 8.9953e+05
0.00031096 9.0074e+05
0.00031285 9.0188e+05
0.00031473 9.0295e+05
0.00031662 9.0395e+05
0.0003185 9.049e+05
0.00032038 9.0578e+05
0.00032227 9.0662e+05
0.00032415 9.074e+05
0.00032604 9.0813e+05
0.00032792 9.0881e+05
0.00032981 9.0945e+05
0.00033169 9.1004e+05
0.00033358 9.106e+05
0.00033546 9.1112e+05
0.00033735 9.1161e+05
0.00033923 9.1206e+05
0.00034112 9.1248e+05
0.000343 9.1288e+05
0.00034488 9.1324e+05
0.00034677 9.1358e+05
0.00034865 9.139e+05
0.00035054 9.1419e+05
0.00035242 9.1446e+05
0.00035431 9.1471e+05
0.00035619 9.1494e+05
0.00035808 9.1516e+05
0.00035996 9.1536e+05
0.00036185 9.1554e+05
0.00036373 9.1572e+05
0.00036562 9.1587e+05
0.0003675 9.1602e+05
0.00036938 9.1615e+05
0.00037127 9.1628e+05
0.00037315 9.1639e+05
0.00037504 9.1649e+05
0.00037692 9.1659e+05
0.00037881 9.1668e+05
0.00038069 9.1676e+05
0.00038258 9.1683e+05
0.00038446 9.169e+05
0.00038635 9.1697e+05
0.00038823 9.1702e+05
0.00039012 9.1707e+05
0.000392 9.1712e+05
0.00039388 9.1717e+05
0.00039577 9.1721e+05
0.00039765 9.1724e+05
0.00039954 9.1728e+05
0.00040142 9.1731e+05
0.00040331 9.1734e+05
0.00040519 9.1736e+05
0.00040708 9.1738e+05
0.00040896 9.174e+05
0.00041085 9.1742e+05
0.00041273 9.1744e+05
0.00041462 9.1746e+05
0.0004165 9.1747e+05
0.00041838 9.1748e+05
0.00042027 9.1749e+05
0.00042215 9.1751e+05
0.00042404 9.1752e+05
0.00042592 9.1752e+05
0.00042781 9.1753e+05
0.00042969 9.1754e+05
0.00043158 9.1754e+05
0.00043346 9.1755e+05
0.00043535 9.1756e+05
0.00043723 9.1756e+05
0.00043912 9.1756e+05
0.000441 9.1757e+05
0.00044288 9.1757e+05
0.00044477 9.1757e+05
0.00044665 9.1758e+05
0.00044854 9.1758e+05
0.00045042 9.1758e+05
0.00045231 9.1758e+05
0.00045419 9.1759e+05
0.00045608 9.1759e+05
0.00045796 9.1759e+05
0.00045985 9.1759e+05
0.00046173 9.1759e+05
0.00046362 9.1759e+05
0.0004655 9.1759e+05
0.00046738 9.1759e+05
0.00046927 9.1759e+05
0.00047115 9.176e+05
0.00047304 9.176e+05
0.00047492 9.176e+05
0.00047681 9.176e+05
0.00047869 9.176e+05
0.00048058 9.176e+05
0.00048246 9.176e+05
0.00048435 9.176e+05
0.00048623 9.176e+05
0.00048812 9.176e+05
0.00049 9.176e+05
0.00049188 9.176e+05
0.00049377 9.176e+05
0.00049565 9.176e+05
0.00049754 9.176e+05
0.00049942 9.176e+05
0.00050131 9.176e+05
0.00050319 9.176e+05
0.00050508 9.176e+05
0.00050696 9.176e+05
0.00050885 9.176e+05
0.00051073 9.176e+05
0.00051262 9.176e+05
0.0005145 9.176e+05
0.00051638 9.176e+05
0.00051827 9.176e+05
0.00052015 9.176e+05
0.00052204 9.176e+05
0.00052392 9.176e+05
0.00052581 9.176e+05
0.00052769 9.176e+05
0.00052958 9.176e+05
0.00053146 9.176e+05
0.00053335 9.176e+05
0.00053523 9.176e+05
0.00053712 9.176e+05
0.000539 9.176e+05
0.00054088 9.176e+05
0.00054277 9.176e+05
0.00054465 9.176e+05
0.00054654 9.176e+05
0.00054842 9.176e+05
0.00055031 9.176e+05
0.00055219 9.176e+05
0.00055408 9.176e+05
0.00055596 9.176e+05
0.00055785 9.176e+05
0.00055973 9.176e+05
0.00056162 9.176e+05
0.0005635 9.176e+05
0.00056538 9.176e+05
0.00056727 9.176e+05
0.00056915 9.176e+05
0.00057104 9.176e+05
0.00057292 9.176e+05
0.00057481 9.176e+05
0.00057669 9.176e+05
0.00057858 9.176e+05
0.00058046 9.176e+05
0.00058235 9.176e+05
0.00058423 9.176e+05
0.00058612 9.176e+05
0.000588 9.176e+05
0.00058988 9.176e+05
0.00059177 9.176e+05
0.00059365 9.176e+05
0.00059554 9.176e+05
0.00059742 9.176e+05
0.00059931 9.176e+05
0.00060119 9.176e+05
0.00060308 9.176e+05
0.00060496 9.176e+05
0.00060685 9.176e+05
0.00060873 9.176e+05
0.00061062 9.176e+05
0.0006125 9.176e+05
0.00061438 9.176e+05
0.00061627 9.176e+05
0.00061815 9.176e+05
0.00062004 9.176e+05
0.00062192 9.176e+05
0.00062381 9.176e+05
0.00062569 9.176e+05
0.00062758 9.176e+05
0.00062946 9.176e+05
0.00063135 9.176e+05
0.00063323 9.176e+05
0.00063512 9.176e+05
0.000637 9.176e+05
0.00063888 9.176e+05
0.00064077 9.176e+05
0.00064265 9.176e+05
0.00064454 9.176e+05
0.00064642 9.176e+05
0.00064831 9.176e+05
0.00065019 9.176e+05
0.00065208 9.176e+05
0.00065396 9.176e+05
0.00065585 9.176e+05
0.00065773 9.176e+05
0.00065962 9.176e+05
0.0006615 9.176e+05
0.00066338 9.176e+05
0.00066527 9.176e+05
0.00066715 9.176e+05
0.00066904 9.176e+05
0.00067092 9.176e+05
0.00067281 9.176e+05
0.00067469 9.176e+05
0.00067658 9.176e+05
0.00067846 9.176e+05
0.00068035 9.176e+05
0.00068223 9.176e+05
0.00068412 9.176e+05
0.000686 9.176e+05
0.00068788 9.176e+05
0.00068977 9.176e+05
0.00069165 9.176e+05
0.00069354 9.176e+05
0.00069542 9.176e+05
0.00069731 9.176e+05
0.00069919 9.176e+05
0.00070108 9.176e+05
0.00070296 9.176e+05
0.00070485 9.176e+05
0.00070673 9.176e+05
0.00070862 9.176e+05
0.0007105 9.176e+05
0.00071238 9.176e+05
0.00071427 9.176e+05
0.00071615 9.176e+05
0.00071804 9.176e+05
0.00071992 9.176e+05
0.00072181 9.176e+05
0.00072369 9.176e+05
0.00072558 9.176e+05
0.00072746 9.176e+05
0.00072935 9.176e+05
0.00073123 9.176e+05
0.00073312 9.176e+05
0.000735 9.176e+05
0.00073688 9.176e+05
0.00073877 9.176e+05
0.00074065 9.176e+05
0.00074254 9.176e+05
0.00074442 9.176e+05
0.00074631 9.176e+05
0.00074819 9.176e+05
0.00075008 9.176e+05
0.00075196 9.176e+05
0.00075385 9.176e+05
0.00075573 9.176e+05
0.00075762 9.176e+05
0.0007595 9.176e+05
0.00076138 9.176e+05
0.00076327 9.176e+05
0.00076515 9.176e+05
0.00076704 9.176e+05
0.00076892 9.176e+05
0.00077081 9.176e+05
0.00077269 9.176e+05
0.00077458 9.176e+05
0.00077646 9.176e+05
0.00077835 9.176e+05
0.00078023 9.176e+05
0.00078212 9.176e+05
0.000784 9.176e+05
0.00078588 9.176e+05
0.00078777 9.176e+05
0.00078965 9.176e+05
0.00079154 9.176e+05
0.00079342 9.176e+05
0.00079531 9.176e+05
0.00079719 9.176e+05
0.00079908 9.176e+05
0.00080096 9.176e+05
0.00080285 9.176e+05
0.00080473 9.176e+05
0.00080662 9.176e+05
0.0008085 9.176e+05
0.00081038 9.176e+05
0.00081227 9.176e+05
0.00081415 9.176e+05
0.00081604 9.176e+05
0.00081792 9.176e+05
0.00081981 9.176e+05
0.00082169 9.176e+05
0.00082358 9.176e+05
0.00082546 9.176e+05
0.00082735 9.176e+05
0.00082923 9.176e+05
0.00083112 9.176e+05
0.000833 9.176e+05
0.00083488 9.176e+05
0.00083677 9.176e+05
0.00083865 9.176e+05
0.00084054 9.176e+05
0.00084242 9.176e+05
0.00084431 9.176e+05
0.00084619 9.176e+05
0.00084808 9.176e+05
0.00084996 9.176e+05
0.00085185 9.176e+05
0.00085373 9.176e+05
0.00085562 9.176e+05
0.0008575 9.176e+05
0.00085938 9.176e+05
0.00086127 9.176e+05
0.00086315 9.176e+05
0.00086504 9.176e+05
0.00086692 9.176e+05
0.00086881 9.176e+05
0.00087069 9.176e+05
0.00087258 9.176e+05
0.00087446 9.176e+05
0.00087635 9.176e+05
0.00087823 9.176e+05
0.00088012 9.176e+05
0.000882 9.176e+05
0.00088388 9.176e+05
0.00088577 9.176e+05
0.00088765 9.176e+05
0.00088954 9.176e+05
0.00089142 9.176e+05
0.00089331 9.176e+05
0.00089519 9.176e+05
0.00089708 9.176e+05
0.00089896 9.176e+05
0.00090085 9.176e+05
0.00090273 9.176e+05
0.00090462 9.176e+05
0.0009065 9.176e+05
0.00090838 9.176e+05
0.00091027 9.176e+05
0.00091215 9.176e+05
0.00091404 9.176e+05
0.00091592 9.176e+05
0.00091781 9.176e+05
0.00091969 9.176e+05
0.00092158 9.176e+05
0.00092346 9.176e+05
0.00092535 9.176e+05
0.00092723 9.176e+05
0.00092912 9.176e+05
0.000931 9.176e+05
0.00093288 9.176e+05
0.00093477 9.176e+05
0.00093665 9.176e+05
0.00093854 9.176e+05
0.00094042 9.176e+05
0.00094231 9.176e+05
0.00094419 9.176e+05
0.00094608 9.176e+05
0.00094796 9.176e+05
0.00094985 9.176e+05
0.00095173 9.176e+05
0.00095362 9.176e+05
0.0009555 9.176e+05
0.00095738 9.176e+05
0.00095927 9.176e+05
0.00096115 9.176e+05
0.00096304 9.176e+05
0.00096492 9.176e+05
0.00096681 9.176e+05
0.00096869 9.176e+05
0.00097058 9.176e+05
0.00097246 9.176e+05
0.00097435 9.176e+05
0.00097623 9.176e+05
0.00097812 9.176e+05
0.00098 9.176e+05
0.00098188 9.176e+05
0.00098377 9.176e+05
0.00098565 9.176e+05
0.00098754 9.176e+05
0.00098942 9.176e+05
0.00099131 9.176e+05
0.00099319 9.176e+05
0.00099508 9.176e+05
0.00099696 9.176e+05
0.00099885 9.176e+05
0.0010007 9.176e+05
0.0010026 9.176e+05
0.0010045 9.176e+05
0.0010064 9.176e+05
0.0010083 9.176e+05
0.0010102 9.176e+05
0.001012 9.176e+05
0.0010139 9.176e+05
0.0010158 9.176e+05
0.0010177 9.176e+05
0.0010196 9.176e+05
0.0010215 9.176e+05
0.0010233 9.176e+05
0.0010252 9.176e+05
0.0010271 9.176e+05
0.001029 9.176e+05
0.0010309 9.176e+05
0.0010328 9.176e+05
0.0010347 9.176e+05
0.0010365 9.176e+05
0.0010384 9.176e+05
0.0010403 9.176e+05
0.0010422 9.176e+05
0.0010441 9.176e+05
0.001046 9.176e+05
0.0010478 9.176e+05
0.0010497 9.176e+05
0.0010516 9.176e+05
0.0010535 9.176e+05
0.0010554 9.176e+05
0.0010573 9.176e+05
0.0010592 9.176e+05
0.001061 9.176e+05
0.0010629 9.176e+05
0.0010648 9.176e+05
0.0010667 9.176e+05
0.0010686 9.176e+05
0.0010705 9.176e+05
0.0010723 9.176e+05
0.0010742 9.176e+05
0.0010761 9.176e+05
0.001078 9.176e+05
0.0010799 9.176e+05
0.0010818 9.176e+05
0.0010837 9.176e+05
0.0010855 9.176e+05
0.0010874 9.176e+05
0.0010893 9.176e+05
0.0010912 9.176e+05
0.0010931 9.176e+05
0.001095 9.176e+05
0.0010968 9.176e+05
0.0010987 9.176e+05
0.0011006 9.176e+05
0.0011025 9.176e+05
0.0011044 9.176e+05
0.0011063 9.176e+05
0.0011082 9.176e+05
0.00111 9.176e+05
0.0011119 9.176e+05
0.0011138 9.176e+05
0.0011157 9.176e+05
0.0011176 9.176e+05
0.0011195 9.176e+05
0.0011213 9.176e+05
0.0011232 9.176e+05
0.0011251 9.176e+05
0.001127 9.176e+05
0.0011289 9.176e+05
0.0011308 9.176e+05
0.0011327 9.176e+05
0.0011345 9.176e+05
0.0011364 9.176e+05
0.0011383 9.176e+05
0.0011402 9.176e+05
0.0011421 9.176e+05
0.001144 9.176e+05
0.0011458 9.176e+05
0.0011477 9.176e+05
0.0011496 9.176e+05
0.0011515 9.176e+05
0.0011534 9.176e+05
0.0011553 9.176e+05
0.0011572 9.176e+05
0.001159 9.176e+05
0.0011609 9.176e+05
0.0011628 9.176e+05
0.0011647 9.176e+05
0.0011666 9.176e+05
0.0011685 9.176e+05
0.0011703 9.176e+05
0.0011722 9.176e+05
0.0011741 9.176e+05
0.001176 9.176e+05
0.0011779 9.176e+05
0.0011798 9.176e+05
0.0011817 9.176e+05
0.0011835 9.176e+05
0.0011854 9.176e+05
0.0011873 9.176e+05
0.0011892 9.176e+05
0.0011911 9.176e+05
0.001193 9.176e+05
0.0011948 9.176e+05
0.0011967 9.176e+05
0.0011986 9.176e+05
0.0012005 9.176e+05
0.0012024 9.176e+05
0.0012043 9.176e+05
0.0012062 9.176e+05
0.001208 9.176e+05
0.0012099 9.176e+05
0.0012118 9.176e+05
0.0012137 9.176e+05
0.0012156 9.176e+05
0.0012175 9.176e+05
0.0012193 9.176e+05
0.0012212 9.176e+05
0.0012231 9.176e+05
0.001225 9.176e+05
0.0012269 9.176e+05
0.0012288 9.176e+05
0.0012307 9.176e+05
0.0012325 9.176e+05
0.0012344 9.176e+05
0.0012363 9.176e+05
0.0012382 9.176e+05
0.0012401 9.176e+05
0.001242 9.176e+05
0.0012438 9.176e+05
0.0012457 9.176e+05
0.0012476 9.176e+05
0.0012495 9.176e+05
0.0012514 9.176e+05
0.0012533 9.176e+05
0.0012552 9.176e+05
0.001257 9.176e+05
0.0012589 9.176e+05
0.0012608 9.176e+05
0.0012627 9.176e+05
0.0012646 9.176e+05
0.0012665 9.176e+05
0.0012683 9.176e+05
0.0012702 9.176e+05
0.0012721 9.176e+05
0.001274 9.176e+05
0.0012759 9.176e+05
0.0012778 9.176e+05
0.0012797 9.176e+05
0.0012815 9.176e+05
0.0012834 9.176e+05
0.0012853 9.176e+05
0.0012872 9.176e+05
0.0012891 9.176e+05
0.001291 9.176e+05
0.0012928 9.176e+05
0.0012947 9.176e+05
0.0012966 9.176e+05
0.0012985 9.176e+05
0.0013004 9.176e+05
0.0013023 9.176e+05
0.0013042 9.176e+05
0.001306 9.176e+05
0.0013079 9.176e+05
0.0013098 9.176e+05
0.0013117 9.176e+05
0.0013136 9.176e+05
0.0013155 9.176e+05
0.0013173 9.176e+05
0.0013192 9.176e+05
0.0013211 9.176e+05
0.001323 9.176e+05
0.0013249 9.176e+05
0.0013268 9.176e+05
0.0013287 9.176e+05
0.0013305 9.176e+05
0.0013324 9.176e+05
0.0013343 9.176e+05
0.0013362 9.176e+05
0.0013381 9.176e+05
0.00134 9.176e+05
0.0013418 9.176e+05
0.0013437 9.176e+05
0.0013456 9.176e+05
0.0013475 9.176e+05
0.0013494 9.176e+05
0.0013513 9.176e+05
0.0013532 9.176e+05
0.001355 9.176e+05
0.0013569 9.176e+05
0.0013588 9.176e+05
0.0013607 9.176e+05
0.0013626 9.176e+05
0.0013645 9.176e+05
0.0013663 9.176e+05
0.0013682 9.176e+05
0.0013701 9.176e+05
0.001372 9.176e+05
0.0013739 9.176e+05
0.0013758 9.176e+05
0.0013777 9.176e+05
0.0013795 9.176e+05
0.0013814 9.176e+05
0.0013833 9.176e+05
0.0013852 9.176e+05
0.0013871 9.176e+05
0.001389 9.176e+05
0.0013908 9.176e+05
0.0013927 9.176e+05
0.0013946 9.176e+05
0.0013965 9.176e+05
0.0013984 9.176e+05
0.0014003 9.176e+05
0.0014022 9.176e+05
0.001404 9.176e+05
0.0014059 9.176e+05
0.0014078 9.176e+05
0.0014097 9.176e+05
0.0014116 9.176e+05
0.0014135 9.176e+05
0.0014153 9.176e+05
0.0014172 9.176e+05
0.0014191 9.176e+05
0.001421 9.176e+05
0.0014229 9.176e+05
0.0014248 9.176e+05
0.0014267 9.176e+05
0.0014285 9.176e+05
0.0014304 9.176e+05
0.0014323 9.176e+05
0.0014342 9.176e+05
0.0014361 9.176e+05
0.001438 9.176e+05
0.0014398 9.176e+05
0.0014417 9.176e+05
0.0014436 9.176e+05
0.0014455 9.176e+05
0.0014474 9.176e+05
0.0014493 9.176e+05
0.0014512 9.176e+05
0.001453 9.176e+05
0.0014549 9.176e+05
0.0014568 9.176e+05
0.0014587 9.176e+05
0.0014606 9.176e+05
0.0014625 9.176e+05
0.0014643 9.176e+05
0.0014662 9.176e+05
0.0014681 9.176e+05
0.00147 9.176e+05
0.0014719 9.176e+05
0.0014738 9.176e+05
0.0014757 9.176e+05
0.0014775 9.176e+05
0.0014794 9.176e+05
0.0014813 9.176e+05
0.0014832 9.176e+05
0.0014851 9.176e+05
0.001487 9.176e+05
0.0014888 9.176e+05
0.0014907 9.176e+05
0.0014926 9.176e+05
0.0014945 9.176e+05
0.0014964 9.176e+05
0.0014983 9.176e+05
0.0015002 9.176e+05
0.001502 9.176e+05
0.0015039 9.176e+05
0.0015058 9.176e+05
0.0015077 9.176e+05
0.0015096 9.176e+05
0.0015115 9.176e+05
0.0015133 9.176e+05
0.0015152 9.176e+05
0.0015171 9.176e+05
0.001519 9.176e+05
0.0015209 9.176e+05
0.0015228 9.176e+05
0.0015247 9.176e+05
0.0015265 9.176e+05
0.0015284 9.176e+05
0.0015303 9.176e+05
0.0015322 9.176e+05
0.0015341 9.176e+05
0.001536 9.176e+05
0.0015378 9.176e+05
0.0015397 9.176e+05
0.0015416 9.176e+05
0.0015435 9.176e+05
0.0015454 9.176e+05
0.0015473 9.176e+05
0.0015492 9.176e+05
0.001551 9.176e+05
0.0015529 9.176e+05
0.0015548 9.176e+05
0.0015567 9.176e+05
0.0015586 9.176e+05
0.0015605 9.176e+05
0.0015623 9.176e+05
0.0015642 9.176e+05
0.0015661 9.176e+05
0.001568 9.176e+05
0.0015699 9.176e+05
0.0015718 9.176e+05
0.0015737 9.176e+05
0.0015755 9.176e+05
0.0015774 9.176e+05
0.0015793 9.176e+05
0.0015812 9.176e+05
0.0015831 9.176e+05
0.001585 9.176e+05
0.0015868 9.176e+05
0.0015887 9.176e+05
0.0015906 9.176e+05
0.0015925 9.176e+05
0.0015944 9.176e+05
0.0015963 9.176e+05
0.0015982 9.176e+05
0.0016 9.176e+05
0.0016019 9.176e+05
0.0016038 9.176e+05
0.0016057 9.176e+05
0.0016076 9.176e+05
0.0016095 9.176e+05
0.0016113 9.176e+05
0.0016132 9.176e+05
0.0016151 9.176e+05
0.001617 9.176e+05
0.0016189 9.176e+05
0.0016208 9.176e+05
0.0016227 9.176e+05
0.0016245 9.176e+05
0.0016264 9.176e+05
0.0016283 9.176e+05
0.0016302 9.176e+05
0.0016321 9.176e+05
0.001634 9.176e+05
0.0016358 9.176e+05
0.0016377 9.176e+05
0.0016396 9.176e+05
0.0016415 9.176e+05
0.0016434 9.176e+05
0.0016453 9.176e+05
0.0016472 9.176e+05
0.001649 9.176e+05
0.0016509 9.176e+05
0.0016528 9.176e+05
0.0016547 9.176e+05
0.0016566 9.176e+05
0.0016585 9.176e+05
0.0016603 9.176e+05
0.0016622 9.176e+05
0.0016641 9.176e+05
0.001666 9.176e+05
0.0016679 9.176e+05
0.0016698 9.176e+05
0.0016717 9.176e+05
0.0016735 9.176e+05
0.0016754 9.176e+05
0.0016773 9.176e+05
0.0016792 9.176e+05
0.0016811 9.176e+05
0.001683 9.176e+05
0.0016848 9.176e+05
0.0016867 9.176e+05
0.0016886 9.176e+05
0.0016905 9.176e+05
0.0016924 9.176e+05
0.0016943 9.176e+05
0.0016962 9.176e+05
0.001698 9.176e+05
0.0016999 9.176e+05
0.0017018 9.176e+05
0.0017037 9.176e+05
0.0017056 9.176e+05
0.0017075 9.176e+05
0.0017093 9.176e+05
0.0017112 9.176e+05
0.0017131 9.176e+05
0.001715 9.176e+05
0.0017169 9.176e+05
0.0017188 9.176e+05
0.0017207 9.176e+05
0.0017225 9.176e+05
0.0017244 9.176e+05
0.0017263 9.176e+05
0.0017282 9.176e+05
0.0017301 9.176e+05
0.001732 9.176e+05
0.0017338 9.176e+05
0.0017357 9.176e+05
0.0017376 9.176e+05
0.0017395 9.176e+05
0.0017414 9.176e+05
0.0017433 9.176e+05
0.0017452 9.176e+05
0.001747 9.176e+05
0.0017489 9.176e+05
0.0017508 9.176e+05
0.0017527 9.176e+05
0.0017546 9.176e+05
0.0017565 9.176e+05
0.0017583 9.176e+05
0.0017602 9.176e+05
0.0017621 9.176e+05
0.001764 9.176e+05
0.0017659 9.176e+05
0.0017678 9.176e+05
0.0017697 9.176e+05
0.0017715 9.176e+05
0.0017734 9.176e+05
0.0017753 9.176e+05
0.0017772 9.176e+05
0.0017791 9.176e+05
0.001781 9.176e+05
0.0017828 9.176e+05
0.0017847 9.176e+05
0.0017866 9.176e+05
0.0017885 9.176e+05
0.0017904 9.176e+05
0.0017923 9.176e+05
0.0017942 9.176e+05
0.001796 9.176e+05
0.0017979 9.176e+05
0.0017998 9.176e+05
0.0018017 9.176e+05
0.0018036 9.176e+05
0.0018055 9.176e+05
0.0018073 9.176e+05
0.0018092 9.176e+05
0.0018111 9.176e+05
0.001813 9.176e+05
0.0018149 9.176e+05
0.0018168 9.176e+05
0.0018187 9.176e+05
0.0018205 9.176e+05
0.0018224 9.176e+05
0.0018243 9.176e+05
0.0018262 9.176e+05
0.0018281 9.176e+05
0.00183 9.176e+05
0.0018318 9.176e+05
0.0018337 9.176e+05
0.0018356 9.176e+05
0.0018375 9.176e+05
0.0018394 9.176e+05
0.0018413 9.176e+05
0.0018432 9.176e+05
0.001845 9.176e+05
0.0018469 9.176e+05
0.0018488 9.176e+05
0.0018507 9.176e+05
0.0018526 9.176e+05
0.0018545 9.176e+05
0.0018563 9.176e+05
0.0018582 9.176e+05
0.0018601 9.176e+05
0.001862 9.176e+05
0.0018639 9.176e+05
0.0018658 9.176e+05
0.0018677 9.176e+05
0.0018695 9.176e+05
0.0018714 9.176e+05
0.0018733 9.176e+05
0.0018752 9.176e+05
0.0018771 9.176e+05
0.001879 9.176e+05
0.0018808 9.176e+05
0.0018827 9.176e+05
0.0018846 9.176e+05
0.0018865 9.176e+05
0.0018884 9.176e+05
0.0018903 9.176e+05
0.0018922 9.176e+05
0.001894 9.176e+05
0.0018959 9.176e+05
0.0018978 9.176e+05
0.0018997 9.176e+05
0.0019016 9.176e+05
0.0019035 9.176e+05
0.0019053 9.176e+05
0.0019072 9.176e+05
0.0019091 9.176e+05
0.001911 9.176e+05
0.0019129 9.176e+05
0.0019148 9.176e+05
0.0019167 9.176e+05
0.0019185 9.176e+05
0.0019204 9.176e+05
0.0019223 9.176e+05
0.0019242 9.176e+05
0.0019261 9.176e+05
0.001928 9.176e+05
0.0019298 9.176e+05
0.0019317 9.176e+05
0.0019336 9.176e+05
0.0019355 9.176e+05
0.0019374 9.176e+05
0.0019393 9.176e+05
0.0019412 9.176e+05
0.001943 9.176e+05
0.0019449 9.176e+05
0.0019468 9.176e+05
0.0019487 9.176e+05
0.0019506 9.176e+05
0.0019525 9.176e+05
0.0019543 9.176e+05
0.0019562 9.176e+05
0.0019581 9.176e+05
0.00196 9.176e+05
0.0019619 9.176e+05
0.0019638 9.176e+05
0.0019657 9.176e+05
0.0019675 9.176e+05
0.0019694 9.176e+05
0.0019713 9.176e+05
0.0019732 9.176e+05
0.0019751 9.176e+05
0.001977 9.176e+05
0.0019788 9.176e+05
0.0019807 9.176e+05
0.0019826 9.176e+05
0.0019845 9.176e+05
0.0019864 9.176e+05
0.0019883 9.176e+05
0.0019902 9.176e+05
0.001992 9.176e+05
0.0019939 9.176e+05
0.0019958 9.176e+05
0.0019977 9.176e+05
0.0019996 9.176e+05
0.0020015 9.176e+05
0.0020033 9.176e+05
0.0020052 9.176e+05
0.0020071 9.176e+05
0.002009 9.176e+05
0.0020109 9.176e+05
0.0020128 9.176e+05
0.0020147 9.176e+05
0.0020165 9.176e+05
0.0020184 9.176e+05
0.0020203 9.176e+05
0.0020222 9.176e+05
0.0020241 9.176e+05
0.002026 9.176e+05
0.0020278 9.176e+05
0.0020297 9.176e+05
0.0020316 9.176e+05
0.0020335 9.176e+05
0.0020354 9.176e+05
0.0020373 9.176e+05
0.0020392 9.176e+05
0.002041 9.176e+05
0.0020429 9.176e+05
0.0020448 9.176e+05
0.0020467 9.176e+05
0.0020486 9.176e+05
0.0020505 9.176e+05
0.0020523 9.176e+05
0.0020542 9.176e+05
0.0020561 9.176e+05
0.002058 9.176e+05
0.0020599 9.176e+05
0.0020618 9.176e+05
0.0020637 9.176e+05
0.0020655 9.176e+05
0.0020674 9.176e+05
0.0020693 9.176e+05
0.0020712 9.176e+05
0.0020731 9.176e+05
0.002075 9.176e+05
0.0020768 9.176e+05
0.0020787 9.176e+05
0.0020806 9.176e+05
0.0020825 9.176e+05
0.0020844 9.176e+05
0.0020863 9.176e+05
0.0020882 9.176e+05
0.00209 9.176e+05
0.0020919 9.176e+05
0.0020938 9.176e+05
0.0020957 9.176e+05
0.0020976 9.176e+05
0.0020995 9.176e+05
0.0021013 9.176e+05
0.0021032 9.176e+05
0.0021051 9.176e+05
0.002107 9.176e+05
0.0021089 9.176e+05
0.0021108 9.176e+05
0.0021127 9.176e+05
0.0021145 9.176e+05
0.0021164 9.176e+05
0.0021183 9.176e+05
0.0021202 9.176e+05
0.0021221 9.176e+05
0.002124 9.176e+05
0.0021258 9.176e+05
0.0021277 9.176e+05
0.0021296 9.176e+05
0.0021315 9.176e+05
0.0021334 9.176e+05
0.0021353 9.176e+05
0.0021372 9.176e+05
0.002139 9.176e+05
0.0021409 9.176e+05
0.0021428 9.176e+05
0.0021447 9.176e+05
0.0021466 9.176e+05
0.0021485 9.176e+05
0.0021503 9.176e+05
0.0021522 9.176e+05
0.0021541 9.176e+05
0.002156 9.176e+05
0.0021579 9.176e+05
0.0021598 9.176e+05
0.0021617 9.176e+05
0.0021635 9.176e+05
0.0021654 9.176e+05
0.0021673 9.176e+05
0.0021692 9.176e+05
0.0021711 9.176e+05
0.002173 9.176e+05
0.0021748 9.176e+05
0.0021767 9.176e+05
0.0021786 9.176e+05
0.0021805 9.176e+05
0.0021824 9.176e+05
0.0021843 9.176e+05
0.0021862 9.176e+05
0.002188 9.176e+05
0.0021899 9.176e+05
0.0021918 9.176e+05
0.0021937 9.176e+05
0.0021956 9.176e+05
0.0021975 9.176e+05
0.0021993 9.176e+05
0.0022012 9.176e+05
0.0022031 9.176e+05
0.002205 9.176e+05
0.0022069 9.176e+05
0.0022088 9.176e+05
0.0022107 9.176e+05
0.0022125 9.176e+05
0.0022144 9.176e+05
0.0022163 9.176e+05
0.0022182 9.176e+05
0.0022201 9.176e+05
0.002222 9.176e+05
0.0022238 9.176e+05
0.0022257 9.176e+05
0.0022276 9.176e+05
0.0022295 9.176e+05
0.0022314 9.176e+05
0.0022333 9.176e+05
0.0022352 9.176e+05
0.002237 9.176e+05
0.0022389 9.176e+05
0.0022408 9.176e+05
0.0022427 9.176e+05
0.0022446 9.176e+05
0.0022465 9.176e+05
0.0022483 9.176e+05
0.0022502 9.176e+05
0.0022521 9.176e+05
0.002254 9.176e+05
0.0022559 9.176e+05
0.0022578 9.176e+05
0.0022597 9.176e+05
0.0022615 9.176e+05
0.0022634 9.176e+05
0.0022653 9.176e+05
0.0022672 9.176e+05
0.0022691 9.176e+05
0.002271 9.176e+05
0.0022728 9.176e+05
0.0022747 9.176e+05
0.0022766 9.176e+05
0.0022785 9.176e+05
0.0022804 9.176e+05
0.0022823 9.176e+05
0.0022842 9.176e+05
0.002286 9.176e+05
0.0022879 9.176e+05
0.0022898 9.176e+05
0.0022917 9.176e+05
0.0022936 9.176e+05
0.0022955 9.176e+05
0.0022973 9.176e+05
0.0022992 9.176e+05
0.0023011 9.176e+05
0.002303 9.176e+05
0.0023049 9.176e+05
0.0023068 9.176e+05
0.0023087 9.176e+05
0.0023105 9.176e+05
0.0023124 9.176e+05
0.0023143 9.176e+05
0.0023162 9.176e+05
0.0023181 9.176e+05
0.00232 9.176e+05
0.0023218 9.176e+05
0.0023237 9.176e+05
0.0023256 9.176e+05
0.0023275 9.176e+05
0.0023294 9.176e+05
0.0023313 9.176e+05
0.0023332 9.176e+05
0.002335 9.176e+05
0.0023369 9.176e+05
0.0023388 9.176e+05
0.0023407 9.176e+05
0.0023426 9.176e+05
0.0023445 9.176e+05
0.0023463 9.176e+05
0.0023482 9.176e+05
0.0023501 9.176e+05
0.002352 9.176e+05
0.0023539 9.176e+05
0.0023558 9.176e+05
0.0023577 9.176e+05
0.0023595 9.176e+05
0.0023614 9.176e+05
0.0023633 9.176e+05
0.0023652 9.176e+05
0.0023671 9.176e+05
0.002369 9.176e+05
0.0023708 9.176e+05
0.0023727 9.176e+05
0.0023746 9.176e+05
0.0023765 9.176e+05
0.0023784 9.176e+05
0.0023803 9.176e+05
0.0023822 9.176e+05
0.002384 9.176e+05
0.0023859 9.176e+05
0.0023878 9.176e+05
0.0023897 9.176e+05
0.0023916 9.176e+05
0.0023935 9.176e+05
0.0023953 9.176e+05
0.0023972 9.176e+05
0.0023991 9.176e+05
0.002401 9.176e+05
0.0024029 9.176e+05
0.0024048 9.176e+05
0.0024067 9.176e+05
0.0024085 9.176e+05
0.0024104 9.176e+05
0.0024123 9.176e+05
0.0024142 9.176e+05
0.0024161 9.176e+05
0.002418 9.176e+05
0.0024198 9.176e+05
0.0024217 9.176e+05
0.0024236 9.176e+05
0.0024255 9.176e+05
0.0024274 9.176e+05
0.0024293 9.176e+05
0.0024312 9.176e+05
0.002433 9.176e+05
0.0024349 9.176e+05
0.0024368 9.176e+05
0.0024387 9.176e+05
0.0024406 9.176e+05
0.0024425 9.176e+05
0.0024443 9.176e+05
0.0024462 9.176e+05
0.0024481 9.176e+05
0.00245 9.176e+05
0.0024519 9.176e+05
0.0024538 9.176e+05
0.0024557 9.176e+05
0.0024575 9.176e+05
0.0024594 9.176e+05
0.0024613 9.176e+05
0.0024632 9.176e+05
0.0024651 9.176e+05
0.002467 9.176e+05
0.0024688 9.176e+05
0.0024707 9.176e+05
0.0024726 9.176e+05
0.0024745 9.176e+05
0.0024764 9.176e+05
0.0024783 9.176e+05
0.0024802 9.176e+05
0.002482 9.176e+05
0.0024839 9.176e+05
0.0024858 9.176e+05
0.0024877 9.176e+05
0.0024896 9.176e+05
0.0024915 9.176e+05
0.0024933 9.176e+05
0.0024952 9.176e+05
0.0024971 9.176e+05
0.002499 9.176e+05
0.0025009 9.176e+05
0.0025028 9.176e+05
0.0025047 9.176e+05
0.0025065 9.176e+05
0.0025084 9.176e+05
0.0025103 9.176e+05
0.0025122 9.176e+05
0.0025141 9.176e+05
0.002516 9.176e+05
0.0025178 9.176e+05
0.0025197 9.176e+05
0.0025216 9.176e+05
0.0025235 9.176e+05
0.0025254 9.176e+05
0.0025273 9.176e+05
0.0025292 9.176e+05
0.002531 9.176e+05
0.0025329 9.176e+05
0.0025348 9.176e+05
0.0025367 9.176e+05
0.0025386 9.176e+05
0.0025405 9.176e+05
0.0025423 9.176e+05
0.0025442 9.176e+05
0.0025461 9.176e+05
0.002548 9.176e+05
0.0025499 9.176e+05
0.0025518 9.176e+05
0.0025537 9.176e+05
0.0025555 9.176e+05
0.0025574 9.176e+05
0.0025593 9.176e+05
0.0025612 9.176e+05
0.0025631 9.176e+05
0.002565 9.176e+05
0.0025668 9.176e+05
0.0025687 9.176e+05
0.0025706 9.176e+05
0.0025725 9.176e+05
0.0025744 9.176e+05
0.0025763 9.176e+05
0.0025782 9.176e+05
0.00258 9.176e+05
0.0025819 9.176e+05
0.0025838 9.176e+05
0.0025857 9.176e+05
0.0025876 9.176e+05
0.0025895 9.176e+05
0.0025913 9.176e+05
0.0025932 9.176e+05
0.0025951 9.176e+05
0.002597 9.176e+05
0.0025989 9.176e+05
0.0026008 9.176e+05
0.0026027 9.176e+05
0.0026045 9.176e+05
0.0026064 9.176e+05
0.0026083 9.176e+05
0.0026102 9.176e+05
0.0026121 9.176e+05
0.002614 9.176e+05
0.0026158 9.176e+05
0.0026177 9.176e+05
0.0026196 9.176e+05
0.0026215 9.176e+05
0.0026234 9.176e+05
0.0026253 9.176e+05
0.0026272 9.176e+05
0.002629 9.176e+05
0.0026309 9.176e+05
0.0026328 9.176e+05
0.0026347 9.176e+05
0.0026366 9.176e+05
0.0026385 9.176e+05
0.0026403 9.176e+05
0.0026422 9.176e+05
0.0026441 9.176e+05
0.002646 9.176e+05
0.0026479 9.176e+05
0.0026498 9.176e+05
0.0026517 9.176e+05
0.0026535 9.176e+05
0.0026554 9.176e+05
0.0026573 9.176e+05
0.0026592 9.176e+05
0.0026611 9.176e+05
0.002663 9.176e+05
0.0026648 9.176e+05
0.0026667 9.176e+05
0.0026686 9.176e+05
0.0026705 9.176e+05
0.0026724 9.176e+05
0.0026743 9.176e+05
0.0026762 9.176e+05
0.002678 9.176e+05
0.0026799 9.176e+05
0.0026818 9.176e+05
0.0026837 9.176e+05
0.0026856 9.176e+05
0.0026875 9.176e+05
0.0026893 9.176e+05
0.0026912 9.176e+05
0.0026931 9.176e+05
0.002695 9.176e+05
0.0026969 9.176e+05
0.0026988 9.176e+05
0.0027007 9.176e+05
0.0027025 9.176e+05
0.0027044 9.176e+05
0.0027063 9.176e+05
0.0027082 9.176e+05
0.0027101 9.176e+05
0.002712 9.176e+05
0.0027138 9.176e+05
0.0027157 9.176e+05
0.0027176 9.176e+05
0.0027195 9.176e+05
0.0027214 9.176e+05
0.0027233 9.176e+05
0.0027252 9.176e+05
0.002727 9.176e+05
0.0027289 9.176e+05
0.0027308 9.176e+05
0.0027327 9.176e+05
0.0027346 9.176e+05
0.0027365 9.176e+05
0.0027383 9.176e+05
0.0027402 9.176e+05
0.0027421 9.176e+05
0.002744 9.176e+05
0.0027459 9.176e+05
0.0027478 9.176e+05
0.0027497 9.176e+05
0.0027515 9.176e+05
0.0027534 9.176e+05
0.0027553 9.176e+05
0.0027572 9.176e+05
0.0027591 9.176e+05
0.002761 9.176e+05
0.0027628 9.176e+05
0.0027647 9.176e+05
0.0027666 9.176e+05
0.0027685 9.176e+05
0.0027704 9.176e+05
0.0027723 9.176e+05
0.0027742 9.176e+05
0.002776 9.176e+05
0.0027779 9.176e+05
0.0027798 9.176e+05
0.0027817 9.176e+05
0.0027836 9.176e+05
0.0027855 9.176e+05
0.0027873 9.176e+05
0.0027892 9.176e+05
0.0027911 9.176e+05
0.002793 9.176e+05
0.0027949 9.176e+05
0.0027968 9.176e+05
0.0027987 9.176e+05
0.0028005 9.176e+05
0.0028024 9.176e+05
0.0028043 9.176e+05
0.0028062 9.176e+05
0.0028081 9.176e+05
0.00281 9.176e+05
0.0028118 9.176e+05
0.0028137 9.176e+05
0.0028156 9.176e+05
0.0028175 9.176e+05
0.0028194 9.176e+05
0.0028213 9.176e+05
0.0028232 9.176e+05
0.002825 9.176e+05
0.0028269 9.176e+05
0.0028288 9.176e+05
0.0028307 9.176e+05
0.0028326 9.176e+05
0.0028345 9.176e+05
0.0028363 9.176e+05
0.0028382 9.176e+05
0.0028401 9.176e+05
0.002842 9.176e+05
0.0028439 9.176e+05
0.0028458 9.176e+05
0.0028477 9.176e+05
0.0028495 9.176e+05
0.0028514 9.176e+05
0.0028533 9.176e+05
0.0028552 9.176e+05
0.0028571 9.176e+05
0.002859 9.176e+05
0.0028608 9.176e+05
0.0028627 9.176e+05
0.0028646 9.176e+05
0.0028665 9.176e+05
0.0028684 9.176e+05
0.0028703 9.176e+05
0.0028722 9.176e+05
0.002874 9.176e+05
0.0028759 9.176e+05
0.0028778 9.176e+05
0.0028797 9.176e+05
0.0028816 9.176e+05
0.0028835 9.176e+05
0.0028853 9.176e+05
0.0028872 9.176e+05
0.0028891 9.176e+05
0.002891 9.176e+05
0.0028929 9.176e+05
0.0028948 9.176e+05
0.0028967 9.176e+05
0.0028985 9.176e+05
0.0029004 9.176e+05
0.0029023 9.176e+05
0.0029042 9.176e+05
0.0029061 9.176e+05
0.002908 9.176e+05
0.0029098 9.176e+05
0.0029117 9.176e+05
0.0029136 9.176e+05
0.0029155 9.176e+05
0.0029174 9.176e+05
0.0029193 9.176e+05
0.0029212 9.176e+05
0.002923 9.176e+05
0.0029249 9.176e+05
0.0029268 9.176e+05
0.0029287 9.176e+05
0.0029306 9.176e+05
0.0029325 9.176e+05
0.0029343 9.176e+05
0.0029362 9.176e+05
0.0029381 9.176e+05
0.00294 9.176e+05
0.0029419 9.176e+05
0.0029438 9.176e+05
0.0029457 9.176e+05
0.0029475 9.176e+05
0.0029494 9.176e+05
0.0029513 9.176e+05
0.0029532 9.176e+05
0.0029551 9.176e+05
0.002957 9.176e+05
0.0029588 9.176e+05
0.0029607 9.176e+05
0.0029626 9.176e+05
0.0029645 9.176e+05
0.0029664 9.176e+05
0.0029683 9.176e+05
0.0029702 9.176e+05
0.002972 9.176e+05
0.0029739 9.176e+05
0.0029758 9.176e+05
0.0029777 9.176e+05
0.0029796 9.176e+05
0.0029815 9.176e+05
0.0029833 9.176e+05
0.0029852 9.176e+05
0.0029871 9.176e+05
0.002989 9.176e+05
0.0029909 9.176e+05
0.0029928 9.176e+05
0.0029947 9.176e+05
0.0029965 9.176e+05
0.0029984 9.176e+05
0.0030003 9.176e+05
0.0030022 9.176e+05
0.0030041 9.176e+05
0.003006 9.176e+05
0.0030078 9.176e+05
0.0030097 9.176e+05
0.0030116 9.176e+05
0.0030135 9.176e+05
0.0030154 9.176e+05
0.0030173 9.176e+05
0.0030192 9.176e+05
0.003021 9.176e+05
0.0030229 9.176e+05
0.0030248 9.176e+05
0.0030267 9.176e+05
0.0030286 9.176e+05
0.0030305 9.176e+05
0.0030323 9.176e+05
0.0030342 9.176e+05
0.0030361 9.176e+05
0.003038 9.176e+05
0.0030399 9.176e+05
0.0030418 9.176e+05
0.0030437 9.176e+05
0.0030455 9.176e+05
0.0030474 9.176e+05
0.0030493 9.176e+05
0.0030512 9.176e+05
0.0030531 9.176e+05
0.003055 9.176e+05
0.0030568 9.176e+05
0.0030587 9.176e+05
0.0030606 9.176e+05
0.0030625 9.176e+05
0.0030644 9.176e+05
0.0030663 9.176e+05
0.0030682 9.176e+05
0.00307 9.176e+05
0.0030719 9.176e+05
0.0030738 9.176e+05
0.0030757 9.176e+05
0.0030776 9.176e+05
0.0030795 9.176e+05
0.0030813 9.176e+05
0.0030832 9.176e+05
0.0030851 9.176e+05
0.003087 9.176e+05
0.0030889 9.176e+05
0.0030908 9.176e+05
0.0030927 9.176e+05
0.0030945 9.176e+05
0.0030964 9.176e+05
0.0030983 9.176e+05
0.0031002 9.176e+05
0.0031021 9.176e+05
0.003104 9.176e+05
0.0031058 9.176e+05
0.0031077 9.176e+05
0.0031096 9.176e+05
0.0031115 9.176e+05
0.0031134 9.176e+05
0.0031153 9.176e+05
0.0031172 9.176e+05
0.003119 9.176e+05
0.0031209 9.176e+05
0.0031228 9.176e+05
0.0031247 9.176e+05
0.0031266 9.176e+05
0.0031285 9.176e+05
0.0031303 9.176e+05
0.0031322 9.176e+05
0.0031341 9.176e+05
0.003136 9.176e+05
0.0031379 9.176e+05
0.0031398 9.176e+05
0.0031417 9.176e+05
0.0031435 9.176e+05
0.0031454 9.176e+05
0.0031473 9.176e+05
0.0031492 9.176e+05
0.0031511 9.176e+05
0.003153 9.176e+05
0.0031548 9.176e+05
0.0031567 9.176e+05
0.0031586 9.176e+05
0.0031605 9.176e+05
0.0031624 9.176e+05
0.0031643 9.176e+05
0.0031662 9.176e+05
0.003168 9.176e+05
0.0031699 9.176e+05
0.0031718 9.176e+05
0.0031737 9.176e+05
0.0031756 9.176e+05
0.0031775 9.176e+05
0.0031793 9.176e+05
0.0031812 9.176e+05
0.0031831 9.176e+05
0.003185 9.176e+05
0.0031869 9.176e+05
0.0031888 9.176e+05
0.0031907 9.176e+05
0.0031925 9.176e+05
0.0031944 9.176e+05
0.0031963 9.176e+05
0.0031982 9.176e+05
0.0032001 9.176e+05
0.003202 9.176e+05
0.0032038 9.176e+05
0.0032057 9.176e+05
0.0032076 9.176e+05
0.0032095 9.176e+05
0.0032114 9.176e+05
0.0032133 9.176e+05
0.0032152 9.176e+05
0.003217 9.176e+05
0.0032189 9.176e+05
0.0032208 9.176e+05
0.0032227 9.176e+05
0.0032246 9.176e+05
0.0032265 9.176e+05
0.0032283 9.176e+05
0.0032302 9.176e+05
0.0032321 9.176e+05
0.003234 9.176e+05
0.0032359 9.176e+05
0.0032378 9.176e+05
0.0032397 9.176e+05
0.0032415 9.176e+05
0.0032434 9.176e+05
0.0032453 9.176e+05
0.0032472 9.176e+05
0.0032491 9.176e+05
0.003251 9.176e+05
0.0032528 9.176e+05
0.0032547 9.176e+05
0.0032566 9.176e+05
0.0032585 9.176e+05
0.0032604 9.176e+05
0.0032623 9.176e+05
0.0032642 9.176e+05
0.003266 9.176e+05
0.0032679 9.176e+05
0.0032698 9.176e+05
0.0032717 9.176e+05
0.0032736 9.176e+05
0.0032755 9.176e+05
0.0032773 9.176e+05
0.0032792 9.176e+05
0.0032811 9.176e+05
0.003283 9.176e+05
0.0032849 9.176e+05
0.0032868 9.176e+05
0.0032887 9.176e+05
0.0032905 9.176e+05
0.0032924 9.176e+05
0.0032943 9.176e+05
0.0032962 9.176e+05
0.0032981 9.176e+05
0.0033 9.176e+05
0.0033018 9.176e+05
0.0033037 9.176e+05
0.0033056 9.176e+05
0.0033075 9.176e+05
0.0033094 9.176e+05
0.0033113 9.176e+05
0.0033132 9.176e+05
0.003315 9.176e+05
0.0033169 9.176e+05
0.0033188 9.176e+05
0.0033207 9.176e+05
0.0033226 9.176e+05
0.0033245 9.176e+05
0.0033263 9.176e+05
0.0033282 9.176e+05
0.0033301 9.176e+05
0.003332 9.176e+05
0.0033339 9.176e+05
0.0033358 9.176e+05
0.0033377 9.176e+05
0.0033395 9.176e+05
0.0033414 9.176e+05
0.0033433 9.176e+05
0.0033452 9.176e+05
0.0033471 9.176e+05
0.003349 9.176e+05
0.0033508 9.176e+05
0.0033527 9.176e+05
0.0033546 9.176e+05
0.0033565 9.176e+05
0.0033584 9.176e+05
0.0033603 9.176e+05
0.0033622 9.176e+05
0.003364 9.176e+05
0.0033659 9.176e+05
0.0033678 9.176e+05
0.0033697 9.176e+05
0.0033716 9.176e+05
0.0033735 9.176e+05
0.0033753 9.176e+05
0.0033772 9.176e+05
0.0033791 9.176e+05
0.003381 9.176e+05
0.0033829 9.176e+05
0.0033848 9.176e+05
0.0033867 9.176e+05
0.0033885 9.176e+05
0.0033904 9.176e+05
0.0033923 9.176e+05
0.0033942 9.176e+05
0.0033961 9.176e+05
0.003398 9.176e+05
0.0033998 9.176e+05
0.0034017 9.176e+05
0.0034036 9.176e+05
0.0034055 9.176e+05
0.0034074 9.176e+05
0.0034093 9.176e+05
0.0034112 9.176e+05
0.003413 9.176e+05
0.0034149 9.176e+05
0.0034168 9.176e+05
0.0034187 9.176e+05
0.0034206 9.176e+05
0.0034225 9.176e+05
0.0034243 9.176e+05
0.0034262 9.176e+05
0.0034281 9.176e+05
0.00343 9.176e+05
0.0034319 9.176e+05
0.0034338 9.176e+05
0.0034357 9.176e+05
0.0034375 9.176e+05
0.0034394 9.176e+05
0.0034413 9.176e+05
0.0034432 9.176e+05
0.0034451 9.176e+05
0.003447 9.176e+05
0.0034488 9.176e+05
0.0034507 9.176e+05
0.0034526 9.176e+05
0.0034545 9.176e+05
0.0034564 9.176e+05
0.0034583 9.176e+05
0.0034602 9.176e+05
0.003462 9.176e+05
0.0034639 9.176e+05
0.0034658 9.176e+05
0.0034677 9.176e+05
0.0034696 9.176e+05
0.0034715 9.176e+05
0.0034733 9.176e+05
0.0034752 9.176e+05
0.0034771 9.176e+05
0.003479 9.176e+05
0.0034809 9.176e+05
0.0034828 9.176e+05
0.0034847 9.176e+05
0.0034865 9.176e+05
0.0034884 9.176e+05
0.0034903 9.176e+05
0.0034922 9.176e+05
0.0034941 9.176e+05
0.003496 9.176e+05
0.0034978 9.176e+05
0.0034997 9.176e+05
0.0035016 9.176e+05
0.0035035 9.176e+05
0.0035054 9.176e+05
0.0035073 9.176e+05
0.0035092 9.176e+05
0.003511 9.176e+05
0.0035129 9.176e+05
0.0035148 9.176e+05
0.0035167 9.176e+05
0.0035186 9.176e+05
0.0035205 9.176e+05
0.0035223 9.176e+05
0.0035242 9.176e+05
0.0035261 9.176e+05
0.003528 9.176e+05
0.0035299 9.176e+05
0.0035318 9.176e+05
0.0035337 9.176e+05
0.0035355 9.176e+05
0.0035374 9.176e+05
0.0035393 9.176e+05
0.0035412 9.176e+05
0.0035431 9.176e+05
0.003545 9.176e+05
0.0035468 9.176e+05
0.0035487 9.176e+05
0.0035506 9.176e+05
0.0035525 9.176e+05
0.0035544 9.176e+05
0.0035563 9.176e+05
0.0035582 9.176e+05
0.00356 9.176e+05
0.0035619 9.176e+05
0.0035638 9.176e+05
0.0035657 9.176e+05
0.0035676 9.176e+05
0.0035695 9.176e+05
0.0035713 9.176e+05
0.0035732 9.176e+05
0.0035751 9.176e+05
0.003577 9.176e+05
0.0035789 9.176e+05
0.0035808 9.176e+05
0.0035827 9.176e+05
0.0035845 9.176e+05
0.0035864 9.176e+05
0.0035883 9.176e+05
0.0035902 9.176e+05
0.0035921 9.176e+05
0.003594 9.176e+05
0.0035958 9.176e+05
0.0035977 9.176e+05
0.0035996 9.176e+05
0.0036015 9.176e+05
0.0036034 9.176e+05
0.0036053 9.176e+05
0.0036072 9.176e+05
0.003609 9.176e+05
0.0036109 9.176e+05
0.0036128 9.176e+05
0.0036147 9.176e+05
0.0036166 9.176e+05
0.0036185 9.176e+05
0.0036203 9.176e+05
0.0036222 9.176e+05
0.0036241 9.176e+05
0.003626 9.176e+05
0.0036279 9.176e+05
0.0036298 9.176e+05
0.0036317 9.176e+05
0.0036335 9.176e+05
0.0036354 9.176e+05
0.0036373 9.176e+05
0.0036392 9.176e+05
0.0036411 9.176e+05
0.003643 9.176e+05
0.0036448 9.176e+05
0.0036467 9.176e+05
0.0036486 9.176e+05
0.0036505 9.176e+05
0.0036524 9.176e+05
0.0036543 9.176e+05
0.0036562 9.176e+05
0.003658 9.176e+05
0.0036599 9.176e+05
0.0036618 9.176e+05
0.0036637 9.176e+05
0.0036656 9.176e+05
0.0036675 9.176e+05
0.0036693 9.176e+05
0.0036712 9.176e+05
0.0036731 9.176e+05
0.003675 9.176e+05
0.0036769 9.176e+05
0.0036788 9.176e+05
0.0036807 9.176e+05
0.0036825 9.176e+05
0.0036844 9.176e+05
0.0036863 9.176e+05
0.0036882 9.176e+05
0.0036901 9.176e+05
0.003692 9.176e+05
0.0036938 9.176e+05
0.0036957 9.176e+05
0.0036976 9.176e+05
0.0036995 9.176e+05
0.0037014 9.176e+05
0.0037033 9.176e+05
0.0037052 9.176e+05
0.003707 9.176e+05
0.0037089 9.176e+05
0.0037108 9.176e+05
0.0037127 9.176e+05
0.0037146 9.176e+05
0.0037165 9.176e+05
0.0037183 9.176e+05
0.0037202 9.176e+05
0.0037221 9.176e+05
0.003724 9.176e+05
0.0037259 9.176e+05
0.0037278 9.176e+05
0.0037297 9.176e+05
0.0037315 9.176e+05
0.0037334 9.176e+05
0.0037353 9.176e+05
0.0037372 9.176e+05
0.0037391 9.176e+05
0.003741 9.176e+05
0.0037428 9.176e+05
0.0037447 9.176e+05
0.0037466 9.176e+05
0.0037485 9.176e+05
0.0037504 9.176e+05
0.0037523 9.176e+05
0.0037542 9.176e+05
0.003756 9.176e+05
0.0037579 9.176e+05
0.0037598 9.176e+05
0.0037617 9.176e+05
0.0037636 9.176e+05
0.0037655 9.176e+05
0.0037673 9.176e+05
0.0037692 9.176e+05
0.0037711 9.176e+05
0.003773 9.176e+05
0.0037749 9.176e+05
0.0037768 9.176e+05
0.0037787 9.176e+05
0.0037805 9.176e+05
0.0037824 9.176e+05
0.0037843 9.176e+05
0.0037862 9.176e+05
0.0037881 9.176e+05
0.00379 9.176e+05
0.0037918 9.176e+05
0.0037937 9.176e+05
0.0037956 9.176e+05
0.0037975 9.176e+05
0.0037994 9.176e+05
0.0038013 9.176e+05
0.0038032 9.176e+05
0.003805 9.176e+05
0.0038069 9.176e+05
0.0038088 9.176e+05
0.0038107 9.176e+05
0.0038126 9.176e+05
0.0038145 9.176e+05
0.0038163 9.176e+05
0.0038182 9.176e+05
0.0038201 9.176e+05
0.003822 9.176e+05
0.0038239 9.176e+05
0.0038258 9.176e+05
0.0038277 9.176e+05
0.0038295 9.176e+05
0.0038314 9.176e+05
0.0038333 9.176e+05
0.0038352 9.176e+05
0.0038371 9.176e+05
0.003839 9.176e+05
0.0038408 9.176e+05
0.0038427 9.176e+05
0.0038446 9.176e+05
0.0038465 9.176e+05
0.0038484 9.176e+05
0.0038503 9.176e+05
0.0038522 9.176e+05
0.003854 9.176e+05
0.0038559 9.176e+05
0.0038578 9.176e+05
0.0038597 9.176e+05
0.0038616 9.176e+05
0.0038635 9.176e+05
0.0038653 9.176e+05
0.0038672 9.176e+05
0.0038691 9.176e+05
0.003871 9.176e+05
0.0038729 9.176e+05
0.0038748 9.176e+05
0.0038767 9.176e+05
0.0038785 9.176e+05
0.0038804 9.176e+05
0.0038823 9.176e+05
0.0038842 9.176e+05
0.0038861 9.176e+05
0.003888 9.176e+05
0.0038898 9.176e+05
0.0038917 9.176e+05
0.0038936 9.176e+05
0.0038955 9.176e+05
0.0038974 9.176e+05
0.0038993 9.176e+05
0.0039012 9.176e+05
0.003903 9.176e+05
0.0039049 9.176e+05
0.0039068 9.176e+05
0.0039087 9.176e+05
0.0039106 9.176e+05
0.0039125 9.176e+05
0.0039143 9.176e+05
0.0039162 9.176e+05
0.0039181 9.176e+05
0.00392 9.176e+05
0.0039219 9.176e+05
0.0039238 9.176e+05
0.0039257 9.176e+05
0.0039275 9.176e+05
0.0039294 9.176e+05
0.0039313 9.176e+05
0.0039332 9.176e+05
0.0039351 9.176e+05
0.003937 9.176e+05
0.0039388 9.176e+05
0.0039407 9.176e+05
0.0039426 9.176e+05
0.0039445 9.176e+05
0.0039464 9.176e+05
0.0039483 9.176e+05
0.0039502 9.176e+05
0.003952 9.176e+05
0.0039539 9.176e+05
0.0039558 9.176e+05
0.0039577 9.176e+05
0.0039596 9.176e+05
0.0039615 9.176e+05
0.0039633 9.176e+05
0.0039652 9.176e+05
0.0039671 9.176e+05
0.003969 9.176e+05
0.0039709 9.176e+05
0.0039728 9.176e+05
0.0039747 9.176e+05
0.0039765 9.176e+05
0.0039784 9.176e+05
0.0039803 9.176e+05
0.0039822 9.176e+05
0.0039841 9.176e+05
0.003986 9.176e+05
0.0039878 9.176e+05
0.0039897 9.176e+05
0.0039916 9.176e+05
0.0039935 9.176e+05
0.0039954 9.176e+05
0.0039973 9.176e+05
0.0039992 9.176e+05
0.004001 9.176e+05
0.0040029 9.176e+05
0.0040048 9.176e+05
0.0040067 9.176e+05
0.0040086 9.176e+05
0.0040105 9.176e+05
0.0040123 9.176e+05
0.0040142 9.176e+05
0.0040161 9.176e+05
0.004018 9.176e+05
0.0040199 9.176e+05
0.0040218 9.176e+05
0.0040237 9.176e+05
0.0040255 9.176e+05
0.0040274 9.176e+05
0.0040293 9.176e+05
0.0040312 9.176e+05
0.0040331 9.176e+05
0.004035 9.176e+05
0.0040368 9.176e+05
0.0040387 9.176e+05
0.0040406 9.176e+05
0.0040425 9.176e+05
0.0040444 9.176e+05
0.0040463 9.176e+05
0.0040482 9.176e+05
0.00405 9.176e+05
0.0040519 9.176e+05
0.0040538 9.176e+05
0.0040557 9.176e+05
0.0040576 9.176e+05
0.0040595 9.176e+05
0.0040613 9.176e+05
0.0040632 9.176e+05
0.0040651 9.176e+05
0.004067 9.176e+05
0.0040689 9.176e+05
0.0040708 9.176e+05
0.0040727 9.176e+05
0.0040745 9.176e+05
0.0040764 9.176e+05
0.0040783 9.176e+05
0.0040802 9.176e+05
0.0040821 9.176e+05
0.004084 9.176e+05
0.0040858 9.176e+05
0.0040877 9.176e+05
0.0040896 9.176e+05
0.0040915 9.176e+05
0.0040934 9.176e+05
0.0040953 9.176e+05
0.0040972 9.176e+05
0.004099 9.176e+05
0.0041009 9.176e+05
0.0041028 9.176e+05
0.0041047 9.176e+05
0.0041066 9.176e+05
0.0041085 9.176e+05
0.0041103 9.176e+05
0.0041122 9.176e+05
0.0041141 9.176e+05
0.004116 9.176e+05
0.0041179 9.176e+05
0.0041198 9.176e+05
0.0041217 9.176e+05
0.0041235 9.176e+05
0.0041254 9.176e+05
0.0041273 9.176e+05
0.0041292 9.176e+05
0.0041311 9.176e+05
0.004133 9.176e+05
0.0041348 9.176e+05
0.0041367 9.176e+05
0.0041386 9.176e+05
0.0041405 9.176e+05
0.0041424 9.176e+05
0.0041443 9.176e+05
0.0041462 9.176e+05
0.004148 9.176e+05
0.0041499 9.176e+05
0.0041518 9.176e+05
0.0041537 9.176e+05
0.0041556 9.176e+05
0.0041575 9.176e+05
0.0041593 9.176e+05
0.0041612 9.176e+05
0.0041631 9.176e+05
0.004165 9.176e+05
0.0041669 9.176e+05
0.0041688 9.176e+05
0.0041707 9.176e+05
0.0041725 9.176e+05
0.0041744 9.176e+05
0.0041763 9.176e+05
0.0041782 9.176e+05
0.0041801 9.176e+05
0.004182 9.176e+05
0.0041838 9.176e+05
0.0041857 9.176e+05
0.0041876 9.176e+05
0.0041895 9.176e+05
0.0041914 9.176e+05
0.0041933 9.176e+05
0.0041952 9.176e+05
0.004197 9.176e+05
0.0041989 9.176e+05
0.0042008 9.176e+05
0.0042027 9.176e+05
0.0042046 9.176e+05
0.0042065 9.176e+05
0.0042083 9.176e+05
0.0042102 9.176e+05
0.0042121 9.176e+05
0.004214 9.176e+05
0.0042159 9.176e+05
0.0042178 9.176e+05
0.0042197 9.176e+05
0.0042215 9.176e+05
0.0042234 9.176e+05
0.0042253 9.176e+05
0.0042272 9.176e+05
0.0042291 9.176e+05
0.004231 9.176e+05
0.0042328 9.176e+05
0.0042347 9.176e+05
0.0042366 9.176e+05
0.0042385 9.176e+05
0.0042404 9.176e+05
0.0042423 9.176e+05
0.0042442 9.176e+05
0.004246 9.176e+05
0.0042479 9.176e+05
0.0042498 9.176e+05
0.0042517 9.176e+05
0.0042536 9.176e+05
0.0042555 9.176e+05
0.0042573 9.176e+05
0.0042592 9.176e+05
0.0042611 9.176e+05
0.004263 9.176e+05
0.0042649 9.176e+05
0.0042668 9.176e+05
0.0042687 9.176e+05
0.0042705 9.176e+05
0.0042724 9.176e+05
0.0042743 9.176e+05
0.0042762 9.176e+05
0.0042781 9.176e+05
0.00428 9.176e+05
0.0042818 9.176e+05
0.0042837 9.176e+05
0.0042856 9.176e+05
0.0042875 9.176e+05
0.0042894 9.176e+05
0.0042913 9.176e+05
0.0042932 9.176e+05
0.004295 9.176e+05
0.0042969 9.176e+05
0.0042988 9.176e+05
0.0043007 9.176e+05
0.0043026 9.176e+05
0.0043045 9.176e+05
0.0043063 9.176e+05
0.0043082 9.176e+05
0.0043101 9.176e+05
0.004312 9.176e+05
0.0043139 9.176e+05
0.0043158 9.176e+05
0.0043177 9.176e+05
0.0043195 9.176e+05
0.0043214 9.176e+05
0.0043233 9.176e+05
0.0043252 9.176e+05
0.0043271 9.176e+05
0.004329 9.176e+05
0.0043308 9.176e+05
0.0043327 9.176e+05
0.0043346 9.176e+05
0.0043365 9.176e+05
0.0043384 9.176e+05
0.0043403 9.176e+05
0.0043422 9.176e+05
0.004344 9.176e+05
0.0043459 9.176e+05
0.0043478 9.176e+05
0.0043497 9.176e+05
0.0043516 9.176e+05
0.0043535 9.176e+05
0.0043553 9.176e+05
0.0043572 9.176e+05
0.0043591 9.176e+05
0.004361 9.176e+05
0.0043629 9.176e+05
0.0043648 9.176e+05
0.0043667 9.176e+05
0.0043685 9.176e+05
0.0043704 9.176e+05
0.0043723 9.176e+05
0.0043742 9.176e+05
0.0043761 9.176e+05
0.004378 9.176e+05
0.0043798 9.176e+05
0.0043817 9.176e+05
0.0043836 9.176e+05
0.0043855 9.176e+05
0.0043874 9.176e+05
0.0043893 9.176e+05
0.0043912 9.176e+05
0.004393 9.176e+05
0.0043949 9.176e+05
0.0043968 9.176e+05
0.0043987 9.176e+05
0.0044006 9.176e+05
0.0044025 9.176e+05
0.0044043 9.176e+05
0.0044062 9.176e+05
0.0044081 9.176e+05
0.00441 9.176e+05
0.0044119 9.176e+05
0.0044138 9.176e+05
0.0044157 9.176e+05
0.0044175 9.176e+05
0.0044194 9.176e+05
0.0044213 9.176e+05
0.0044232 9.176e+05
0.0044251 9.176e+05
0.004427 9.176e+05
0.0044288 9.176e+05
0.0044307 9.176e+05
0.0044326 9.176e+05
0.0044345 9.176e+05
0.0044364 9.176e+05
0.0044383 9.176e+05
0.0044402 9.176e+05
0.004442 9.176e+05
0.0044439 9.176e+05
0.0044458 9.176e+05
0.0044477 9.176e+05
0.0044496 9.176e+05
0.0044515 9.176e+05
0.0044533 9.176e+05
0.0044552 9.176e+05
0.0044571 9.176e+05
0.004459 9.176e+05
0.0044609 9.176e+05
0.0044628 9.176e+05
0.0044647 9.176e+05
0.0044665 9.176e+05
0.0044684 9.176e+05
0.0044703 9.176e+05
0.0044722 9.176e+05
0.0044741 9.176e+05
0.004476 9.176e+05
0.0044778 9.176e+05
0.0044797 9.176e+05
0.0044816 9.176e+05
0.0044835 9.176e+05
0.0044854 9.176e+05
0.0044873 9.176e+05
0.0044892 9.176e+05
0.004491 9.176e+05
0.0044929 9.176e+05
0.0044948 9.176e+05
0.0044967 9.176e+05
0.0044986 9.176e+05
0.0045005 9.176e+05
0.0045023 9.176e+05
0.0045042 9.176e+05
0.0045061 9.176e+05
0.004508 9.176e+05
0.0045099 9.176e+05
0.0045118 9.176e+05
0.0045137 9.176e+05
0.0045155 9.176e+05
0.0045174 9.176e+05
0.0045193 9.176e+05
0.0045212 9.176e+05
0.0045231 9.176e+05
0.004525 9.176e+05
0.0045268 9.176e+05
0.0045287 9.176e+05
0.0045306 9.176e+05
0.0045325 9.176e+05
0.0045344 9.176e+05
0.0045363 9.176e+05
0.0045382 9.176e+05
0.00454 9.176e+05
0.0045419 9.176e+05
0.0045438 9.176e+05
0.0045457 9.176e+05
0.0045476 9.176e+05
0.0045495 9.176e+05
0.0045513 9.176e+05
0.0045532 9.176e+05
0.0045551 9.176e+05
0.004557 9.176e+05
0.0045589 9.176e+05
0.0045608 9.176e+05
0.0045627 9.176e+05
0.0045645 9.176e+05
0.0045664 9.176e+05
0.0045683 9.176e+05
0.0045702 9.176e+05
0.0045721 9.176e+05
0.004574 9.176e+05
0.0045758 9.176e+05
0.0045777 9.176e+05
0.0045796 9.176e+05
0.0045815 9.176e+05
0.0045834 9.176e+05
0.0045853 9.176e+05
0.0045872 9.176e+05
0.004589 9.176e+05
0.0045909 9.176e+05
0.0045928 9.176e+05
0.0045947 9.176e+05
0.0045966 9.176e+05
0.0045985 9.176e+05
0.0046003 9.176e+05
0.0046022 9.176e+05
0.0046041 9.176e+05
0.004606 9.176e+05
0.0046079 9.176e+05
0.0046098 9.176e+05
0.0046117 9.176e+05
0.0046135 9.176e+05
0.0046154 9.176e+05
0.0046173 9.176e+05
0.0046192 9.176e+05
0.0046211 9.176e+05
0.004623 9.176e+05
0.0046248 9.176e+05
0.0046267 9.176e+05
0.0046286 9.176e+05
0.0046305 9.176e+05
0.0046324 9.176e+05
0.0046343 9.176e+05
0.0046362 9.176e+05
0.004638 9.176e+05
0.0046399 9.176e+05
0.0046418 9.176e+05
0.0046437 9.176e+05
0.0046456 9.176e+05
0.0046475 9.176e+05
0.0046493 9.176e+05
0.0046512 9.176e+05
0.0046531 9.176e+05
0.004655 9.176e+05
0.0046569 9.176e+05
0.0046588 9.176e+05
0.0046607 9.176e+05
0.0046625 9.176e+05
0.0046644 9.176e+05
0.0046663 9.176e+05
0.0046682 9.176e+05
0.0046701 9.176e+05
0.004672 9.176e+05
0.0046738 9.176e+05
0.0046757 9.176e+05
0.0046776 9.176e+05
0.0046795 9.176e+05
0.0046814 9.176e+05
0.0046833 9.176e+05
0.0046852 9.176e+05
0.004687 9.176e+05
0.0046889 9.176e+05
0.0046908 9.176e+05
0.0046927 9.176e+05
0.0046946 9.176e+05
0.0046965 9.176e+05
0.0046983 9.176e+05
0.0047002 9.176e+05
0.0047021 9.176e+05
0.004704 9.176e+05
0.0047059 9.176e+05
0.0047078 9.176e+05
0.0047097 9.176e+05
0.0047115 9.176e+05
0.0047134 9.176e+05
0.0047153 9.176e+05
0.0047172 9.176e+05
0.0047191 9.176e+05
0.004721 9.176e+05
0.0047228 9.176e+05
0.0047247 9.176e+05
0.0047266 9.176e+05
0.0047285 9.176e+05
0.0047304 9.176e+05
0.0047323 9.176e+05
0.0047342 9.176e+05
0.004736 9.176e+05
0.0047379 9.176e+05
0.0047398 9.176e+05
0.0047417 9.176e+05
0.0047436 9.176e+05
0.0047455 9.176e+05
0.0047473 9.176e+05
0.0047492 9.176e+05
0.0047511 9.176e+05
0.004753 9.176e+05
0.0047549 9.176e+05
0.0047568 9.176e+05
0.0047587 9.176e+05
0.0047605 9.176e+05
0.0047624 9.176e+05
0.0047643 9.176e+05
0.0047662 9.176e+05
0.0047681 9.176e+05
0.00477 9.176e+05
0.0047718 9.176e+05
0.0047737 9.176e+05
0.0047756 9.176e+05
0.0047775 9.176e+05
0.0047794 9.176e+05
0.0047813 9.176e+05
0.0047832 9.176e+05
0.004785 9.176e+05
0.0047869 9.176e+05
0.0047888 9.176e+05
0.0047907 9.176e+05
0.0047926 9.176e+05
0.0047945 9.176e+05
0.0047963 9.176e+05
0.0047982 9.176e+05
0.0048001 9.176e+05
0.004802 9.176e+05
0.0048039 9.176e+05
0.0048058 9.176e+05
0.0048077 9.176e+05
0.0048095 9.176e+05
0.0048114 9.176e+05
0.0048133 9.176e+05
0.0048152 9.176e+05
0.0048171 9.176e+05
0.004819 9.176e+05
0.0048208 9.176e+05
0.0048227 9.176e+05
0.0048246 9.176e+05
0.0048265 9.176e+05
0.0048284 9.176e+05
0.0048303 9.176e+05
0.0048322 9.176e+05
0.004834 9.176e+05
0.0048359 9.176e+05
0.0048378 9.176e+05
0.0048397 9.176e+05
0.0048416 9.176e+05
0.0048435 9.176e+05
0.0048453 9.176e+05
0.0048472 9.176e+05
0.0048491 9.176e+05
0.004851 9.176e+05
0.0048529 9.176e+05
0.0048548 9.176e+05
0.0048567 9.176e+05
0.0048585 9.176e+05
0.0048604 9.176e+05
0.0048623 9.176e+05
0.0048642 9.176e+05
0.0048661 9.176e+05
0.004868 9.176e+05
0.0048698 9.176e+05
0.0048717 9.176e+05
0.0048736 9.176e+05
0.0048755 9.176e+05
0.0048774 9.176e+05
0.0048793 9.176e+05
0.0048812 9.176e+05
0.004883 9.176e+05
0.0048849 9.176e+05
0.0048868 9.176e+05
0.0048887 9.176e+05
0.0048906 9.176e+05
0.0048925 9.176e+05
0.0048943 9.176e+05
0.0048962 9.176e+05
0.0048981 9.176e+05
0.0049 9.176e+05
0.0049019 9.176e+05
0.0049038 9.176e+05
0.0049057 9.176e+05
0.0049075 9.176e+05
0.0049094 9.176e+05
0.0049113 9.176e+05
0.0049132 9.176e+05
0.0049151 9.176e+05
0.004917 9.176e+05
0.0049188 9.176e+05
0.0049207 9.176e+05
0.0049226 9.176e+05
0.0049245 9.176e+05
0.0049264 9.176e+05
0.0049283 9.176e+05
0.0049302 9.176e+05
0.004932 9.176e+05
0.0049339 9.176e+05
0.0049358 9.176e+05
0.0049377 9.176e+05
0.0049396 9.176e+05
0.0049415 9.176e+05
0.0049433 9.176e+05
0.0049452 9.176e+05
0.0049471 9.176e+05
0.004949 9.176e+05
0.0049509 9.176e+05
0.0049528 9.176e+05
0.0049547 9.176e+05
0.0049565 9.176e+05
0.0049584 9.176e+05
0.0049603 9.176e+05
0.0049622 9.176e+05
0.0049641 9.176e+05
0.004966 9.176e+05
0.0049678 9.176e+05
0.0049697 9.176e+05
0.0049716 9.176e+05
0.0049735 9.176e+05
0.0049754 9.176e+05
0.0049773 9.176e+05
0.0049792 9.176e+05
0.004981 9.176e+05
0.0049829 9.176e+05
0.0049848 9.176e+05
0.0049867 9.176e+05
0.0049886 9.176e+05
0.0049905 9.176e+05
0.0049923 9.176e+05
0.0049942 9.176e+05
0.0049961 9.176e+05
0.004998 9.176e+05
0.0049999 9.176e+05
0.0050018 9.176e+05
0.0050037 9.176e+05
0.0050055 9.176e+05
0.0050074 9.176e+05
0.0050093 9.176e+05
0.0050112 9.176e+05
0.0050131 9.176e+05
0.005015 9.176e+05
0.0050168 9.176e+05
0.0050187 9.176e+05
0.0050206 9.176e+05
0.0050225 9.176e+05
0.0050244 9.176e+05
0.0050263 9.176e+05
0.0050282 9.176e+05
0.00503 9.176e+05
0.0050319 9.176e+05
0.0050338 9.176e+05
0.0050357 9.176e+05
0.0050376 9.176e+05
0.0050395 9.176e+05
0.0050413 9.176e+05
0.0050432 9.176e+05
0.0050451 9.176e+05
0.005047 9.176e+05
0.0050489 9.176e+05
0.0050508 9.176e+05
0.0050527 9.176e+05
0.0050545 9.176e+05
0.0050564 9.176e+05
0.0050583 9.176e+05
0.0050602 9.176e+05
0.0050621 9.176e+05
0.005064 9.176e+05
0.0050658 9.176e+05
0.0050677 9.176e+05
0.0050696 9.176e+05
0.0050715 9.176e+05
0.0050734 9.176e+05
0.0050753 9.176e+05
0.0050772 9.176e+05
0.005079 9.176e+05
0.0050809 9.176e+05
0.0050828 9.176e+05
0.0050847 9.176e+05
0.0050866 9.176e+05
0.0050885 9.176e+05
0.0050903 9.176e+05
0.0050922 9.176e+05
0.0050941 9.176e+05
0.005096 9.176e+05
0.0050979 9.176e+05
0.0050998 9.176e+05
0.0051017 9.176e+05
0.0051035 9.176e+05
0.0051054 9.176e+05
0.0051073 9.176e+05
0.0051092 9.176e+05
0.0051111 9.176e+05
0.005113 9.176e+05
0.0051148 9.176e+05
0.0051167 9.176e+05
0.0051186 9.176e+05
0.0051205 9.176e+05
0.0051224 9.176e+05
0.0051243 9.176e+05
0.0051262 9.176e+05
0.005128 9.176e+05
0.0051299 9.176e+05
0.0051318 9.176e+05
0.0051337 9.176e+05
0.0051356 9.176e+05
0.0051375 9.176e+05
0.0051393 9.176e+05
0.0051412 9.176e+05
0.0051431 9.176e+05
0.005145 9.176e+05
0.0051469 9.176e+05
0.0051488 9.176e+05
0.0051507 9.176e+05
0.0051525 9.176e+05
0.0051544 9.176e+05
0.0051563 9.176e+05
0.0051582 9.176e+05
0.0051601 9.176e+05
0.005162 9.176e+05
0.0051638 9.176e+05
0.0051657 9.176e+05
0.0051676 9.176e+05
0.0051695 9.176e+05
0.0051714 9.176e+05
0.0051733 9.176e+05
0.0051752 9.176e+05
0.005177 9.176e+05
0.0051789 9.176e+05
0.0051808 9.176e+05
0.0051827 9.176e+05
0.0051846 9.176e+05
0.0051865 9.176e+05
0.0051883 9.176e+05
0.0051902 9.176e+05
0.0051921 9.176e+05
0.005194 9.176e+05
0.0051959 9.176e+05
0.0051978 9.176e+05
0.0051997 9.176e+05
0.0052015 9.176e+05
0.0052034 9.176e+05
0.0052053 9.176e+05
0.0052072 9.176e+05
0.0052091 9.176e+05
0.005211 9.176e+05
0.0052128 9.176e+05
0.0052147 9.176e+05
0.0052166 9.176e+05
0.0052185 9.176e+05
0.0052204 9.176e+05
0.0052223 9.176e+05
0.0052242 9.176e+05
0.005226 9.176e+05
0.0052279 9.176e+05
0.0052298 9.176e+05
0.0052317 9.176e+05
0.0052336 9.176e+05
0.0052355 9.176e+05
0.0052373 9.176e+05
0.0052392 9.176e+05
0.0052411 9.176e+05
0.005243 9.176e+05
0.0052449 9.176e+05
0.0052468 9.176e+05
0.0052487 9.176e+05
0.0052505 9.176e+05
0.0052524 9.176e+05
0.0052543 9.176e+05
0.0052562 9.176e+05
0.0052581 9.176e+05
0.00526 9.176e+05
0.0052618 9.176e+05
0.0052637 9.176e+05
0.0052656 9.176e+05
0.0052675 9.176e+05
0.0052694 9.176e+05
0.0052713 9.176e+05
0.0052732 9.176e+05
0.005275 9.176e+05
0.0052769 9.176e+05
0.0052788 9.176e+05
0.0052807 9.176e+05
0.0052826 9.176e+05
0.0052845 9.176e+05
0.0052863 9.176e+05
0.0052882 9.176e+05
0.0052901 9.176e+05
0.005292 9.176e+05
0.0052939 9.176e+05
0.0052958 9.176e+05
0.0052977 9.176e+05
0.0052995 9.176e+05
0.0053014 9.176e+05
0.0053033 9.176e+05
0.0053052 9.176e+05
0.0053071 9.176e+05
0.005309 9.176e+05
0.0053108 9.176e+05
0.0053127 9.176e+05
0.0053146 9.176e+05
0.0053165 9.176e+05
0.0053184 9.176e+05
0.0053203 9.176e+05
0.0053222 9.176e+05
0.005324 9.176e+05
0.0053259 9.176e+05
0.0053278 9.176e+05
0.0053297 9.176e+05
0.0053316 9.176e+05
0.0053335 9.176e+05
0.0053353 9.176e+05
0.0053372 9.176e+05
0.0053391 9.176e+05
0.005341 9.176e+05
0.0053429 9.176e+05
0.0053448 9.176e+05
0.0053467 9.176e+05
0.0053485 9.176e+05
0.0053504 9.176e+05
0.0053523 9.176e+05
0.0053542 9.176e+05
0.0053561 9.176e+05
0.005358 9.176e+05
0.0053598 9.176e+05
0.0053617 9.176e+05
0.0053636 9.176e+05
0.0053655 9.176e+05
0.0053674 9.176e+05
0.0053693 9.176e+05
0.0053712 9.176e+05
0.005373 9.176e+05
0.0053749 9.176e+05
0.0053768 9.176e+05
0.0053787 9.176e+05
0.0053806 9.176e+05
0.0053825 9.176e+05
0.0053843 9.176e+05
0.0053862 9.176e+05
0.0053881 9.176e+05
0.00539 9.176e+05
0.0053919 9.176e+05
0.0053938 9.176e+05
0.0053957 9.176e+05
0.0053975 9.176e+05
0.0053994 9.176e+05
0.0054013 9.176e+05
0.0054032 9.176e+05
0.0054051 9.176e+05
0.005407 9.176e+05
0.0054088 9.176e+05
0.0054107 9.176e+05
0.0054126 9.176e+05
0.0054145 9.176e+05
0.0054164 9.176e+05
0.0054183 9.176e+05
0.0054202 9.176e+05
0.005422 9.176e+05
0.0054239 9.176e+05
0.0054258 9.176e+05
0.0054277 9.176e+05
0.0054296 9.176e+05
0.0054315 9.176e+05
0.0054333 9.176e+05
0.0054352 9.176e+05
0.0054371 9.176e+05
0.005439 9.176e+05
0.0054409 9.176e+05
0.0054428 9.176e+05
0.0054447 9.176e+05
0.0054465 9.176e+05
0.0054484 9.176e+05
0.0054503 9.176e+05
0.0054522 9.176e+05
0.0054541 9.176e+05
0.005456 9.176e+05
0.0054578 9.176e+05
0.0054597 9.176e+05
0.0054616 9.176e+05
0.0054635 9.176e+05
0.0054654 9.176e+05
0.0054673 9.176e+05
0.0054692 9.176e+05
0.005471 9.176e+05
0.0054729 9.176e+05
0.0054748 9.176e+05
0.0054767 9.176e+05
0.0054786 9.176e+05
0.0054805 9.176e+05
0.0054823 9.176e+05
0.0054842 9.176e+05
0.0054861 9.176e+05
0.005488 9.176e+05
0.0054899 9.176e+05
0.0054918 9.176e+05
0.0054937 9.176e+05
0.0054955 9.176e+05
0.0054974 9.176e+05
0.0054993 9.176e+05
0.0055012 9.176e+05
0.0055031 9.176e+05
0.005505 9.176e+05
0.0055068 9.176e+05
0.0055087 9.176e+05
0.0055106 9.176e+05
0.0055125 9.176e+05
0.0055144 9.176e+05
0.0055163 9.176e+05
0.0055182 9.176e+05
0.00552 9.176e+05
0.0055219 9.176e+05
0.0055238 9.176e+05
0.0055257 9.176e+05
0.0055276 9.176e+05
0.0055295 9.176e+05
0.0055313 9.176e+05
0.0055332 9.176e+05
0.0055351 9.176e+05
0.005537 9.176e+05
0.0055389 9.176e+05
0.0055408 9.176e+05
0.0055427 9.176e+05
0.0055445 9.176e+05
0.0055464 9.176e+05
0.0055483 9.176e+05
0.0055502 9.176e+05
0.0055521 9.176e+05
0.005554 9.176e+05
0.0055558 9.176e+05
0.0055577 9.176e+05
0.0055596 9.176e+05
0.0055615 9.176e+05
0.0055634 9.176e+05
0.0055653 9.176e+05
0.0055672 9.176e+05
0.005569 9.176e+05
0.0055709 9.176e+05
0.0055728 9.176e+05
0.0055747 9.176e+05
0.0055766 9.176e+05
0.0055785 9.176e+05
0.0055803 9.176e+05
0.0055822 9.176e+05
0.0055841 9.176e+05
0.005586 9.176e+05
0.0055879 9.176e+05
0.0055898 9.176e+05
0.0055917 9.176e+05
0.0055935 9.176e+05
0.0055954 9.176e+05
0.0055973 9.176e+05
0.0055992 9.176e+05
0.0056011 9.176e+05
0.005603 9.176e+05
0.0056048 9.176e+05
0.0056067 9.176e+05
0.0056086 9.176e+05
0.0056105 9.176e+05
0.0056124 9.176e+05
0.0056143 9.176e+05
0.0056162 9.176e+05
0.005618 9.176e+05
0.0056199 9.176e+05
0.0056218 9.176e+05
0.0056237 9.176e+05
0.0056256 9.176e+05
0.0056275 9.176e+05
0.0056293 9.176e+05
0.0056312 9.176e+05
0.0056331 9.176e+05
0.005635 9.176e+05
0.0056369 9.176e+05
0.0056388 9.176e+05
0.0056407 9.176e+05
0.0056425 9.176e+05
0.0056444 9.176e+05
0.0056463 9.176e+05
0.0056482 9.176e+05
0.0056501 9.176e+05
0.005652 9.176e+05
0.0056538 9.176e+05
0.0056557 9.176e+05
0.0056576 9.176e+05
0.0056595 9.176e+05
0.0056614 9.176e+05
0.0056633 9.176e+05
0.0056652 9.176e+05
0.005667 9.176e+05
0.0056689 9.176e+05
0.0056708 9.176e+05
0.0056727 9.176e+05
0.0056746 9.176e+05
0.0056765 9.176e+05
0.0056783 9.176e+05
0.0056802 9.176e+05
0.0056821 9.176e+05
0.005684 9.176e+05
0.0056859 9.176e+05
0.0056878 9.176e+05
0.0056897 9.176e+05
0.0056915 9.176e+05
0.0056934 9.176e+05
0.0056953 9.176e+05
0.0056972 9.176e+05
0.0056991 9.176e+05
0.005701 9.176e+05
0.0057028 9.176e+05
0.0057047 9.176e+05
0.0057066 9.176e+05
0.0057085 9.176e+05
0.0057104 9.176e+05
0.0057123 9.176e+05
0.0057142 9.176e+05
0.005716 9.176e+05
0.0057179 9.176e+05
0.0057198 9.176e+05
0.0057217 9.176e+05
0.0057236 9.176e+05
0.0057255 9.176e+05
0.0057273 9.176e+05
0.0057292 9.176e+05
0.0057311 9.176e+05
0.005733 9.176e+05
0.0057349 9.176e+05
0.0057368 9.176e+05
0.0057387 9.176e+05
0.0057405 9.176e+05
0.0057424 9.176e+05
0.0057443 9.176e+05
0.0057462 9.176e+05
0.0057481 9.176e+05
0.00575 9.176e+05
0.0057518 9.176e+05
0.0057537 9.176e+05
0.0057556 9.176e+05
0.0057575 9.176e+05
0.0057594 9.176e+05
0.0057613 9.176e+05
0.0057632 9.176e+05
0.005765 9.176e+05
0.0057669 9.176e+05
0.0057688 9.176e+05
0.0057707 9.176e+05
0.0057726 9.176e+05
0.0057745 9.176e+05
0.0057763 9.176e+05
0.0057782 9.176e+05
0.0057801 9.176e+05
0.005782 9.176e+05
0.0057839 9.176e+05
0.0057858 9.176e+05
0.0057877 9.176e+05
0.0057895 9.176e+05
0.0057914 9.176e+05
0.0057933 9.176e+05
0.0057952 9.176e+05
0.0057971 9.176e+05
0.005799 9.176e+05
0.0058008 9.176e+05
0.0058027 9.176e+05
0.0058046 9.176e+05
0.0058065 9.176e+05
0.0058084 9.176e+05
0.0058103 9.176e+05
0.0058122 9.176e+05
0.005814 9.176e+05
0.0058159 9.176e+05
0.0058178 9.176e+05
0.0058197 9.176e+05
0.0058216 9.176e+05
0.0058235 9.176e+05
0.0058253 9.176e+05
0.0058272 9.176e+05
0.0058291 9.176e+05
0.005831 9.176e+05
0.0058329 9.176e+05
0.0058348 9.176e+05
0.0058367 9.176e+05
0.0058385 9.176e+05
0.0058404 9.176e+05
0.0058423 9.176e+05
0.0058442 9.176e+05
0.0058461 9.176e+05
0.005848 9.176e+05
0.0058498 9.176e+05
0.0058517 9.176e+05
0.0058536 9.176e+05
0.0058555 9.176e+05
0.0058574 9.176e+05
0.0058593 9.176e+05
0.0058612 9.176e+05
0.005863 9.176e+05
0.0058649 9.176e+05
0.0058668 9.176e+05
0.0058687 9.176e+05
0.0058706 9.176e+05
0.0058725 9.176e+05
0.0058743 9.176e+05
0.0058762 9.176e+05
0.0058781 9.176e+05
0.00588 9.176e+05
0.0058819 9.176e+05
0.0058838 9.176e+05
0.0058857 9.176e+05
0.0058875 9.176e+05
0.0058894 9.176e+05
0.0058913 9.176e+05
0.0058932 9.176e+05
0.0058951 9.176e+05
0.005897 9.176e+05
0.0058988 9.176e+05
0.0059007 9.176e+05
0.0059026 9.176e+05
0.0059045 9.176e+05
0.0059064 9.176e+05
0.0059083 9.176e+05
0.0059102 9.176e+05
0.005912 9.176e+05
0.0059139 9.176e+05
0.0059158 9.176e+05
0.0059177 9.176e+05
0.0059196 9.176e+05
0.0059215 9.176e+05
0.0059233 9.176e+05
0.0059252 9.176e+05
0.0059271 9.176e+05
0.005929 9.176e+05
0.0059309 9.176e+05
0.0059328 9.176e+05
0.0059347 9.176e+05
0.0059365 9.176e+05
0.0059384 9.176e+05
0.0059403 9.176e+05
0.0059422 9.176e+05
0.0059441 9.176e+05
0.005946 9.176e+05
0.0059478 9.176e+05
0.0059497 9.176e+05
0.0059516 9.176e+05
0.0059535 9.176e+05
0.0059554 9.176e+05
0.0059573 9.176e+05
0.0059592 9.176e+05
0.005961 9.176e+05
0.0059629 9.176e+05
0.0059648 9.176e+05
0.0059667 9.176e+05
0.0059686 9.176e+05
0.0059705 9.176e+05
0.0059723 9.176e+05
0.0059742 9.176e+05
0.0059761 9.176e+05
0.005978 9.176e+05
0.0059799 9.176e+05
0.0059818 9.176e+05
0.0059837 9.176e+05
0.0059855 9.176e+05
0.0059874 9.176e+05
0.0059893 9.176e+05
0.0059912 9.176e+05
0.0059931 9.176e+05
0.005995 9.176e+05
0.0059968 9.176e+05
0.0059987 9.176e+05
0.0060006 9.176e+05
0.0060025 9.176e+05
0.0060044 9.176e+05
0.0060063 9.176e+05
0.0060082 9.176e+05
0.00601 9.176e+05
0.0060119 9.176e+05
0.0060138 9.176e+05
0.0060157 9.176e+05
0.0060176 9.176e+05
0.0060195 9.176e+05
0.0060213 9.176e+05
0.0060232 9.176e+05
0.0060251 9.176e+05
0.006027 9.176e+05
0.0060289 9.176e+05
0.0060308 9.176e+05
0.0060327 9.176e+05
0.0060345 9.176e+05
0.0060364 9.176e+05
0.0060383 9.176e+05
0.0060402 9.176e+05
0.0060421 9.176e+05
0.006044 9.176e+05
0.0060458 9.176e+05
0.0060477 9.176e+05
0.0060496 9.176e+05
0.0060515 9.176e+05
0.0060534 9.176e+05
0.0060553 9.176e+05
0.0060572 9.176e+05
0.006059 9.176e+05
0.0060609 9.176e+05
0.0060628 9.176e+05
0.0060647 9.176e+05
0.0060666 9.176e+05
0.0060685 9.176e+05
0.0060703 9.176e+05
0.0060722 9.176e+05
0.0060741 9.176e+05
0.006076 9.176e+05
0.0060779 9.176e+05
0.0060798 9.176e+05
0.0060817 9.176e+05
0.0060835 9.176e+05
0.0060854 9.176e+05
0.0060873 9.176e+05
0.0060892 9.176e+05
0.0060911 9.176e+05
0.006093 9.176e+05
0.0060948 9.176e+05
0.0060967 9.176e+05
0.0060986 9.176e+05
0.0061005 9.176e+05
0.0061024 9.176e+05
0.0061043 9.176e+05
0.0061062 9.176e+05
0.006108 9.176e+05
0.0061099 9.176e+05
0.0061118 9.176e+05
0.0061137 9.176e+05
0.0061156 9.176e+05
0.0061175 9.176e+05
0.0061193 9.176e+05
0.0061212 9.176e+05
0.0061231 9.176e+05
0.006125 9.176e+05
0.0061269 9.176e+05
0.0061288 9.176e+05
0.0061307 9.176e+05
0.0061325 9.176e+05
0.0061344 9.176e+05
0.0061363 9.176e+05
0.0061382 9.176e+05
0.0061401 9.176e+05
0.006142 9.176e+05
0.0061438 9.176e+05
0.0061457 9.176e+05
0.0061476 9.176e+05
0.0061495 9.176e+05
0.0061514 9.176e+05
0.0061533 9.176e+05
0.0061552 9.176e+05
0.006157 9.176e+05
0.0061589 9.176e+05
0.0061608 9.176e+05
0.0061627 9.176e+05
0.0061646 9.176e+05
0.0061665 9.176e+05
0.0061683 9.176e+05
0.0061702 9.176e+05
0.0061721 9.176e+05
0.006174 9.176e+05
0.0061759 9.176e+05
0.0061778 9.176e+05
0.0061797 9.176e+05
0.0061815 9.176e+05
0.0061834 9.176e+05
0.0061853 9.176e+05
0.0061872 9.176e+05
0.0061891 9.176e+05
0.006191 9.176e+05
0.0061928 9.176e+05
0.0061947 9.176e+05
0.0061966 9.176e+05
0.0061985 9.176e+05
0.0062004 9.176e+05
0.0062023 9.176e+05
0.0062042 9.176e+05
0.006206 9.176e+05
0.0062079 9.176e+05
0.0062098 9.176e+05
0.0062117 9.176e+05
0.0062136 9.176e+05
0.0062155 9.176e+05
0.0062173 9.176e+05
0.0062192 9.176e+05
0.0062211 9.176e+05
0.006223 9.176e+05
0.0062249 9.176e+05
0.0062268 9.176e+05
0.0062287 9.176e+05
0.0062305 9.176e+05
0.0062324 9.176e+05
0.0062343 9.176e+05
0.0062362 9.176e+05
0.0062381 9.176e+05
0.00624 9.176e+05
0.0062418 9.176e+05
0.0062437 9.176e+05
0.0062456 9.176e+05
0.0062475 9.176e+05
0.0062494 9.176e+05
0.0062513 9.176e+05
0.0062532 9.176e+05
0.006255 9.176e+05
0.0062569 9.176e+05
0.0062588 9.176e+05
0.0062607 9.176e+05
0.0062626 9.176e+05
0.0062645 9.176e+05
0.0062663 9.176e+05
0.0062682 9.176e+05
0.0062701 9.176e+05
0.006272 9.176e+05
0.0062739 9.176e+05
0.0062758 9.176e+05
0.0062777 9.176e+05
0.0062795 9.176e+05
0.0062814 9.176e+05
0.0062833 9.176e+05
0.0062852 9.176e+05
0.0062871 9.176e+05
0.006289 9.176e+05
0.0062908 9.176e+05
0.0062927 9.176e+05
0.0062946 9.176e+05
0.0062965 9.176e+05
0.0062984 9.176e+05
0.0063003 9.176e+05
0.0063022 9.176e+05
0.006304 9.176e+05
0.0063059 9.176e+05
0.0063078 9.176e+05
0.0063097 9.176e+05
0.0063116 9.176e+05
0.0063135 9.176e+05
0.0063153 9.176e+05
0.0063172 9.176e+05
0.0063191 9.176e+05
0.006321 9.176e+05
0.0063229 9.176e+05
0.0063248 9.176e+05
0.0063267 9.176e+05
0.0063285 9.176e+05
0.0063304 9.176e+05
0.0063323 9.176e+05
0.0063342 9.176e+05
0.0063361 9.176e+05
0.006338 9.176e+05
0.0063398 9.176e+05
0.0063417 9.176e+05
0.0063436 9.176e+05
0.0063455 9.176e+05
0.0063474 9.176e+05
0.0063493 9.176e+05
0.0063512 9.176e+05
0.006353 9.176e+05
0.0063549 9.176e+05
0.0063568 9.176e+05
0.0063587 9.176e+05
0.0063606 9.176e+05
0.0063625 9.176e+05
0.0063643 9.176e+05
0.0063662 9.176e+05
0.0063681 9.176e+05
0.00637 9.176e+05
0.0063719 9.176e+05
0.0063738 9.176e+05
0.0063757 9.176e+05
0.0063775 9.176e+05
0.0063794 9.176e+05
0.0063813 9.176e+05
0.0063832 9.176e+05
0.0063851 9.176e+05
0.006387 9.176e+05
0.0063888 9.176e+05
0.0063907 9.176e+05
0.0063926 9.176e+05
0.0063945 9.176e+05
0.0063964 9.176e+05
0.0063983 9.176e+05
0.0064002 9.176e+05
0.006402 9.176e+05
0.0064039 9.176e+05
0.0064058 9.176e+05
0.0064077 9.176e+05
0.0064096 9.176e+05
0.0064115 9.176e+05
0.0064133 9.176e+05
0.0064152 9.176e+05
0.0064171 9.176e+05
0.006419 9.176e+05
0.0064209 9.176e+05
0.0064228 9.176e+05
0.0064247 9.176e+05
0.0064265 9.176e+05
0.0064284 9.176e+05
0.0064303 9.176e+05
0.0064322 9.176e+05
0.0064341 9.176e+05
0.006436 9.176e+05
0.0064378 9.176e+05
0.0064397 9.176e+05
0.0064416 9.176e+05
0.0064435 9.176e+05
0.0064454 9.176e+05
0.0064473 9.176e+05
0.0064492 9.176e+05
0.006451 9.176e+05
0.0064529 9.176e+05
0.0064548 9.176e+05
0.0064567 9.176e+05
0.0064586 9.176e+05
0.0064605 9.176e+05
0.0064623 9.176e+05
0.0064642 9.176e+05
0.0064661 9.176e+05
0.006468 9.176e+05
0.0064699 9.176e+05
0.0064718 9.176e+05
0.0064737 9.176e+05
0.0064755 9.176e+05
0.0064774 9.176e+05
0.0064793 9.176e+05
0.0064812 9.176e+05
0.0064831 9.176e+05
0.006485 9.176e+05
0.0064868 9.176e+05
0.0064887 9.176e+05
0.0064906 9.176e+05
0.0064925 9.176e+05
0.0064944 9.176e+05
0.0064963 9.176e+05
0.0064982 9.176e+05
0.0065 9.176e+05
0.0065019 9.176e+05
0.0065038 9.176e+05
0.0065057 9.176e+05
0.0065076 9.176e+05
0.0065095 9.176e+05
0.0065113 9.176e+05
0.0065132 9.176e+05
0.0065151 9.176e+05
0.006517 9.176e+05
0.0065189 9.176e+05
0.0065208 9.176e+05
0.0065227 9.176e+05
0.0065245 9.176e+05
0.0065264 9.176e+05
0.0065283 9.176e+05
0.0065302 9.176e+05
0.0065321 9.176e+05
0.006534 9.176e+05
0.0065358 9.176e+05
0.0065377 9.176e+05
0.0065396 9.176e+05
0.0065415 9.176e+05
0.0065434 9.176e+05
0.0065453 9.176e+05
0.0065472 9.176e+05
0.006549 9.176e+05
0.0065509 9.176e+05
0.0065528 9.176e+05
0.0065547 9.176e+05
0.0065566 9.176e+05
0.0065585 9.176e+05
0.0065603 9.176e+05
0.0065622 9.176e+05
0.0065641 9.176e+05
0.006566 9.176e+05
0.0065679 9.176e+05
0.0065698 9.176e+05
0.0065717 9.176e+05
0.0065735 9.176e+05
0.0065754 9.176e+05
0.0065773 9.176e+05
0.0065792 9.176e+05
0.0065811 9.176e+05
0.006583 9.176e+05
0.0065848 9.176e+05
0.0065867 9.176e+05
0.0065886 9.176e+05
0.0065905 9.176e+05
0.0065924 9.176e+05
0.0065943 9.176e+05
0.0065962 9.176e+05
1 9.176e+05
