1.8846e-06 2876
3.7692e-06 2876
5.6538e-06 2876
7.5385e-06 2876
9.4231e-06 2876
1.1308e-05 2876.1
1.3192e-05 2876.1
1.5077e-05 2876.1
1.6962e-05 2876.1
1.8846e-05 2876.1
2.0731e-05 2876.1
2.2615e-05 2876.1
2.45e-05 2876.1
2.6385e-05 2876.2
2.8269e-05 2876.2
3.0154e-05 2876.3
3.2038e-05 2876.5
3.3923e-05 2876.7
3.5808e-05 2877
3.7692e-05 2877.4
3.9577e-05 2877.9
4.1462e-05 2878.7
4.3346e-05 2879.7
4.5231e-05 2881.1
4.7115e-05 2883
4.9e-05 2885.5
5.0885e-05 2888.8
5.2769e-05 2893
5.4654e-05 2898.5
5.6538e-05 2905.4
5.8423e-05 2914.2
6.0308e-05 2925.1
6.2192e-05 2938.7
6.4077e-05 2955.3
6.5962e-05 2975.5
6.7846e-05 2999.8
6.9731e-05 3028.9
7.1615e-05 3063.3
7.35e-05 3103.6
7.5385e-05 3150.6
7.7269e-05 3204.9
7.9154e-05 3267.1
8.1038e-05 3337.8
8.2923e-05 3417.4
8.4808e-05 3506.4
8.6692e-05 3605.1
8.8577e-05 3713.5
9.0462e-05 3831.7
9.2346e-05 3959.3
9.4231e-05 4095.9
9.6115e-05 4240.5
9.8e-05 4392.2
9.9885e-05 4549.6
0.00010177 4710.9
0.00010365 4874.4
0.00010554 5038
0.00010742 5199.3
0.00010931 5356.2
0.00011119 5506.5
0.00011308 5647.9
0.00011496 5778.7
0.00011685 5897
0.00011873 6001.8
0.00012062 6091.9
0.0001225 6167
0.00012438 6226.8
0.00012627 6271.5
0.00012815 6301.7
0.00013004 6318
0.00013192 6321.5
0.00013381 6313.2
0.00013569 6294.3
0.00013758 6266
0.00013946 6229.5
0.00014135 6185.9
0.00014323 6136.3
0.00014512 6081.5
0.000147 6022.6
0.00014888 5960.3
0.00015077 5895.2
0.00015265 5828
0.00015454 5759.1
0.00015642 5689
0.00015831 5618.1
0.00016019 5546.7
0.00016208 5475
0.00016396 5403.2
0.00016585 5331.7
0.00016773 5260.5
0.00016962 5189.7
0.0001715 5119.6
0.00017338 5050.2
0.00017527 4981.7
0.00017715 4914
0.00017904 4847.3
0.00018092 4781.7
0.00018281 4717.2
0.00018469 4653.9
0.00018658 4591.7
0.00018846 4530.9
0.00019035 4471.3
0.00019223 4413
0.00019412 4356
0.000196 4300.5
0.00019788 4246.2
0.00019977 4193.4
0.00020165 4141.9
0.00020354 4091.9
0.00020542 4043.2
0.00020731 3995.9
0.00020919 3950
0.00021108 3905.5
0.00021296 3862.3
0.00021485 3820.5
0.00021673 3780
0.00021862 3740.8
0.0002205 3702.9
0.00022238 3666.3
0.00022427 3631
0.00022615 3596.8
0.00022804 3563.9
0.00022992 3532.2
0.00023181 3501.6
0.00023369 3472.2
0.00023558 3443.9
0.00023746 3416.6
0.00023935 3390.4
0.00024123 3365.3
0.00024312 3341.1
0.000245 3318
0.00024688 3295.7
0.00024877 3274.4
0.00025065 3254
0.00025254 3234.5
0.00025442 3215.7
0.00025631 3197.9
0.00025819 3180.7
0.00026008 3164.4
0.00026196 3148.8
0.00026385 3133.9
0.00026573 3119.7
0.00026762 3106.1
0.0002695 3093.2
0.00027138 3080.9
0.00027327 3069.2
0.00027515 3058.1
0.00027704 3047.5
0.00027892 3037.5
0.00028081 3027.9
0.00028269 3018.9
0.00028458 3010.3
0.00028646 3002.2
0.00028835 2994.4
0.00029023 2987.1
0.00029212 2980.2
0.000294 2973.7
0.00029588 2967.5
0.00029777 2961.7
0.00029965 2956.2
0.00030154 2951
0.00030342 2946.1
0.00030531 2941.5
0.00030719 2937.1
0.00030908 2933
0.00031096 2929.2
0.00031285 2925.6
0.00031473 2922.2
0.00031662 2919
0.0003185 2916
0.00032038 2913.2
0.00032227 2910.5
0.00032415 2908.1
0.00032604 2905.8
0.00032792 2903.6
0.00032981 2901.6
0.00033169 2899.7
0.00033358 2898
0.00033546 2896.3
0.00033735 2894.8
0.00033923 2893.4
0.00034112 2892.1
0.000343 2890.8
0.00034488 2889.7
0.00034677 2888.6
0.00034865 2887.6
0.00035054 2886.7
0.00035242 2885.9
0.00035431 2885.1
0.00035619 2884.3
0.00035808 2883.7
0.00035996 2883
0.00036185 2882.5
0.00036373 2881.9
0.00036562 2881.4
0.0003675 2881
0.00036938 2880.6
0.00037127 2880.2
0.00037315 2879.8
0.00037504 2879.5
0.00037692 2879.2
0.00037881 2878.9
0.00038069 2878.7
0.00038258 2878.4
0.00038446 2878.2
0.00038635 2878
0.00038823 2877.9
0.00039012 2877.7
0.000392 2877.5
0.00039388 2877.4
0.00039577 2877.3
0.00039765 2877.2
0.00039954 2877.1
0.00040142 2877
0.00040331 2876.9
0.00040519 2876.8
0.00040708 2876.7
0.00040896 2876.7
0.00041085 2876.6
0.00041273 2876.5
0.00041462 2876.5
0.0004165 2876.5
0.00041838 2876.4
0.00042027 2876.4
0.00042215 2876.3
0.00042404 2876.3
0.00042592 2876.3
0.00042781 2876.3
0.00042969 2876.2
0.00043158 2876.2
0.00043346 2876.2
0.00043535 2876.2
0.00043723 2876.2
0.00043912 2876.2
0.000441 2876.1
0.00044288 2876.1
0.00044477 2876.1
0.00044665 2876.1
0.00044854 2876.1
0.00045042 2876.1
0.00045231 2876.1
0.00045419 2876.1
0.00045608 2876.1
0.00045796 2876.1
0.00045985 2876.1
0.00046173 2876.1
0.00046362 2876.1
0.0004655 2876.1
0.00046738 2876.1
0.00046927 2876.1
0.00047115 2876.1
0.00047304 2876.1
0.00047492 2876.1
0.00047681 2876.1
0.00047869 2876.1
0.00048058 2876.1
0.00048246 2876.1
0.00048435 2876.1
0.00048623 2876.1
0.00048812 2876.1
0.00049 2876.1
0.00049188 2876.1
0.00049377 2876.1
0.00049565 2876.1
0.00049754 2876.1
0.00049942 2876
0.00050131 2876
0.00050319 2876
0.00050508 2876
0.00050696 2876
0.00050885 2876
0.00051073 2876
0.00051262 2876
0.0005145 2876
0.00051638 2876
0.00051827 2876
0.00052015 2876
0.00052204 2876
0.00052392 2876
0.00052581 2876
0.00052769 2876
0.00052958 2876
0.00053146 2876
0.00053335 2876
0.00053523 2876
0.00053712 2876
0.000539 2876
0.00054088 2876
0.00054277 2876
0.00054465 2876
0.00054654 2876
0.00054842 2876
0.00055031 2876
0.00055219 2876
0.00055408 2876
0.00055596 2876
0.00055785 2876
0.00055973 2876
0.00056162 2876
0.0005635 2876
0.00056538 2876
0.00056727 2876
0.00056915 2876
0.00057104 2876
0.00057292 2876
0.00057481 2876
0.00057669 2876
0.00057858 2876
0.00058046 2876
0.00058235 2876
0.00058423 2876
0.00058612 2876
0.000588 2876
0.00058988 2876
0.00059177 2876
0.00059365 2876
0.00059554 2876
0.00059742 2876
0.00059931 2876
0.00060119 2876
0.00060308 2876
0.00060496 2876
0.00060685 2876
0.00060873 2876
0.00061062 2876
0.0006125 2876
0.00061438 2876
0.00061627 2876
0.00061815 2876
0.00062004 2876
0.00062192 2876
0.00062381 2876
0.00062569 2876
0.00062758 2876
0.00062946 2876
0.00063135 2876
0.00063323 2876
0.00063512 2876
0.000637 2876
0.00063888 2876
0.00064077 2876
0.00064265 2876
0.00064454 2876
0.00064642 2876
0.00064831 2876
0.00065019 2876
0.00065208 2876
0.00065396 2876
0.00065585 2876
0.00065773 2876
0.00065962 2876
0.0006615 2876
0.00066338 2876
0.00066527 2876
0.00066715 2876
0.00066904 2876
0.00067092 2876
0.00067281 2876
0.00067469 2876
0.00067658 2876
0.00067846 2876
0.00068035 2876
0.00068223 2876
0.00068412 2876
0.000686 2876
0.00068788 2876
0.00068977 2876
0.00069165 2876
0.00069354 2876
0.00069542 2876
0.00069731 2876
0.00069919 2876
0.00070108 2876
0.00070296 2876
0.00070485 2876
0.00070673 2876
0.00070862 2876
0.0007105 2876
0.00071238 2876
0.00071427 2876
0.00071615 2876
0.00071804 2876
0.00071992 2876
0.00072181 2876
0.00072369 2876
0.00072558 2876
0.00072746 2876
0.00072935 2876
0.00073123 2876
0.00073312 2876
0.000735 2876
0.00073688 2876
0.00073877 2876
0.00074065 2876
0.00074254 2876
0.00074442 2876
0.00074631 2876
0.00074819 2876
0.00075008 2876
0.00075196 2876
0.00075385 2876
0.00075573 2876
0.00075762 2876
0.0007595 2876
0.00076138 2876
0.00076327 2876
0.00076515 2876
0.00076704 2876
0.00076892 2876
0.00077081 2876
0.00077269 2876
0.00077458 2876
0.00077646 2876
0.00077835 2876
0.00078023 2876
0.00078212 2876
0.000784 2876
0.00078588 2876
0.00078777 2876
0.00078965 2876
0.00079154 2876
0.00079342 2876
0.00079531 2876
0.00079719 2876
0.00079908 2876
0.00080096 2876
0.00080285 2876
0.00080473 2876
0.00080662 2876
0.0008085 2876
0.00081038 2876
0.00081227 2876
0.00081415 2876
0.00081604 2876
0.00081792 2876
0.00081981 2876
0.00082169 2876
0.00082358 2876
0.00082546 2876
0.00082735 2876
0.00082923 2876
0.00083112 2876
0.000833 2876
0.00083488 2876
0.00083677 2876
0.00083865 2876
0.00084054 2876
0.00084242 2876
0.00084431 2876
0.00084619 2876
0.00084808 2876
0.00084996 2876
0.00085185 2876
0.00085373 2876
0.00085562 2876
0.0008575 2876
0.00085938 2876
0.00086127 2876
0.00086315 2876
0.00086504 2876
0.00086692 2876
0.00086881 2876
0.00087069 2876
0.00087258 2876
0.00087446 2876
0.00087635 2876
0.00087823 2876
0.00088012 2876
0.000882 2876
0.00088388 2876
0.00088577 2876
0.00088765 2876
0.00088954 2876
0.00089142 2876
0.00089331 2876
0.00089519 2876
0.00089708 2876
0.00089896 2876
0.00090085 2876
0.00090273 2876
0.00090462 2876
0.0009065 2876
0.00090838 2876
0.00091027 2876
0.00091215 2876
0.00091404 2876
0.00091592 2876
0.00091781 2876
0.00091969 2876
0.00092158 2876
0.00092346 2876
0.00092535 2876
0.00092723 2876
0.00092912 2876
0.000931 2876
0.00093288 2876
0.00093477 2876
0.00093665 2876
0.00093854 2876
0.00094042 2876
0.00094231 2876
0.00094419 2876
0.00094608 2876
0.00094796 2876
0.00094985 2876
0.00095173 2876
0.00095362 2876
0.0009555 2876
0.00095738 2876
0.00095927 2876
0.00096115 2876
0.00096304 2876
0.00096492 2876
0.00096681 2876
0.00096869 2876
0.00097058 2876
0.00097246 2876
0.00097435 2876
0.00097623 2876
0.00097812 2876
0.00098 2876
0.00098188 2876
0.00098377 2876
0.00098565 2876
0.00098754 2876
0.00098942 2876
0.00099131 2876
0.00099319 2876
0.00099508 2876
0.00099696 2876
0.00099885 2876
0.0010007 2876
0.0010026 2876
0.0010045 2876
0.0010064 2876
0.0010083 2876
0.0010102 2876
0.001012 2876
0.0010139 2876
0.0010158 2876
0.0010177 2876
0.0010196 2876
0.0010215 2876
0.0010233 2876
0.0010252 2876
0.0010271 2876
0.001029 2876
0.0010309 2876
0.0010328 2876
0.0010347 2876
0.0010365 2876
0.0010384 2876
0.0010403 2876
0.0010422 2876
0.0010441 2876
0.001046 2876
0.0010478 2876
0.0010497 2876
0.0010516 2876
0.0010535 2876
0.0010554 2876
0.0010573 2876
0.0010592 2876
0.001061 2876
0.0010629 2876
0.0010648 2876
0.0010667 2876
0.0010686 2876
0.0010705 2876
0.0010723 2876
0.0010742 2876
0.0010761 2876
0.001078 2876
0.0010799 2876
0.0010818 2876
0.0010837 2876
0.0010855 2876
0.0010874 2876
0.0010893 2876
0.0010912 2876
0.0010931 2876
0.001095 2876
0.0010968 2876
0.0010987 2876
0.0011006 2876
0.0011025 2876
0.0011044 2876
0.0011063 2876
0.0011082 2876
0.00111 2876
0.0011119 2876
0.0011138 2876
0.0011157 2876
0.0011176 2876
0.0011195 2876
0.0011213 2876
0.0011232 2876
0.0011251 2876
0.001127 2876
0.0011289 2876
0.0011308 2876
0.0011327 2876
0.0011345 2876
0.0011364 2876
0.0011383 2876
0.0011402 2876
0.0011421 2876
0.001144 2876
0.0011458 2876
0.0011477 2876
0.0011496 2876
0.0011515 2876
0.0011534 2876
0.0011553 2876
0.0011572 2876
0.001159 2876
0.0011609 2876
0.0011628 2876
0.0011647 2876
0.0011666 2876
0.0011685 2876
0.0011703 2876
0.0011722 2876
0.0011741 2876
0.001176 2876
0.0011779 2876
0.0011798 2876
0.0011817 2876
0.0011835 2876
0.0011854 2876
0.0011873 2876
0.0011892 2876
0.0011911 2876
0.001193 2876
0.0011948 2876
0.0011967 2876
0.0011986 2876
0.0012005 2876
0.0012024 2876
0.0012043 2876
0.0012062 2876
0.001208 2876
0.0012099 2876
0.0012118 2876
0.0012137 2876
0.0012156 2876
0.0012175 2876
0.0012193 2876
0.0012212 2876
0.0012231 2876
0.001225 2876
0.0012269 2876
0.0012288 2876
0.0012307 2876
0.0012325 2876
0.0012344 2876
0.0012363 2876
0.0012382 2876
0.0012401 2876
0.001242 2876
0.0012438 2876
0.0012457 2876
0.0012476 2876
0.0012495 2876
0.0012514 2876
0.0012533 2876
0.0012552 2876
0.001257 2876
0.0012589 2876
0.0012608 2876
0.0012627 2876
0.0012646 2876
0.0012665 2876
0.0012683 2876
0.0012702 2876
0.0012721 2876
0.001274 2876
0.0012759 2876
0.0012778 2876
0.0012797 2876
0.0012815 2876
0.0012834 2876
0.0012853 2876
0.0012872 2876
0.0012891 2876
0.001291 2876
0.0012928 2876
0.0012947 2876
0.0012966 2876
0.0012985 2876
0.0013004 2876
0.0013023 2876
0.0013042 2876
0.001306 2876
0.0013079 2876
0.0013098 2876
0.0013117 2876
0.0013136 2876
0.0013155 2876
0.0013173 2876
0.0013192 2876
0.0013211 2876
0.001323 2876
0.0013249 2876
0.0013268 2876
0.0013287 2876
0.0013305 2876
0.0013324 2876
0.0013343 2876
0.0013362 2876
0.0013381 2876
0.00134 2876
0.0013418 2876
0.0013437 2876
0.0013456 2876
0.0013475 2876
0.0013494 2876
0.0013513 2876
0.0013532 2876
0.001355 2876
0.0013569 2876
0.0013588 2876
0.0013607 2876
0.0013626 2876
0.0013645 2876
0.0013663 2876
0.0013682 2876
0.0013701 2876
0.001372 2876
0.0013739 2876
0.0013758 2876
0.0013777 2876
0.0013795 2876
0.0013814 2876
0.0013833 2876
0.0013852 2876
0.0013871 2876
0.001389 2876
0.0013908 2876
0.0013927 2876
0.0013946 2876
0.0013965 2876
0.0013984 2876
0.0014003 2876
0.0014022 2876
0.001404 2876
0.0014059 2876
0.0014078 2876
0.0014097 2876
0.0014116 2876
0.0014135 2876
0.0014153 2876
0.0014172 2876
0.0014191 2876
0.001421 2876
0.0014229 2876
0.0014248 2876
0.0014267 2876
0.0014285 2876
0.0014304 2876
0.0014323 2876
0.0014342 2876
0.0014361 2876
0.001438 2876
0.0014398 2876
0.0014417 2876
0.0014436 2876
0.0014455 2876
0.0014474 2876
0.0014493 2876
0.0014512 2876
0.001453 2876
0.0014549 2876
0.0014568 2876
0.0014587 2876
0.0014606 2876
0.0014625 2876
0.0014643 2876
0.0014662 2876
0.0014681 2876
0.00147 2876
0.0014719 2876
0.0014738 2876
0.0014757 2876
0.0014775 2876
0.0014794 2876
0.0014813 2876
0.0014832 2876
0.0014851 2876
0.001487 2876
0.0014888 2876
0.0014907 2876
0.0014926 2876
0.0014945 2876
0.0014964 2876
0.0014983 2876
0.0015002 2876
0.001502 2876
0.0015039 2876
0.0015058 2876
0.0015077 2876
0.0015096 2876
0.0015115 2876
0.0015133 2876
0.0015152 2876
0.0015171 2876
0.001519 2876
0.0015209 2876
0.0015228 2876
0.0015247 2876
0.0015265 2876
0.0015284 2876
0.0015303 2876
0.0015322 2876
0.0015341 2876
0.001536 2876
0.0015378 2876
0.0015397 2876
0.0015416 2876
0.0015435 2876
0.0015454 2876
0.0015473 2876
0.0015492 2876
0.001551 2876
0.0015529 2876
0.0015548 2876
0.0015567 2876
0.0015586 2876
0.0015605 2876
0.0015623 2876
0.0015642 2876
0.0015661 2876
0.001568 2876
0.0015699 2876
0.0015718 2876
0.0015737 2876
0.0015755 2876
0.0015774 2876
0.0015793 2876
0.0015812 2876
0.0015831 2876
0.001585 2876
0.0015868 2876
0.0015887 2876
0.0015906 2876
0.0015925 2876
0.0015944 2876
0.0015963 2876
0.0015982 2876
0.0016 2876
0.0016019 2876
0.0016038 2876
0.0016057 2876
0.0016076 2876
0.0016095 2876
0.0016113 2876
0.0016132 2876
0.0016151 2876
0.001617 2876
0.0016189 2876
0.0016208 2876
0.0016227 2876
0.0016245 2876
0.0016264 2876
0.0016283 2876
0.0016302 2876
0.0016321 2876
0.001634 2876
0.0016358 2876
0.0016377 2876
0.0016396 2876
0.0016415 2876
0.0016434 2876
0.0016453 2876
0.0016472 2876
0.001649 2876
0.0016509 2876
0.0016528 2876
0.0016547 2876
0.0016566 2876
0.0016585 2876
0.0016603 2876
0.0016622 2876
0.0016641 2876
0.001666 2876
0.0016679 2876
0.0016698 2876
0.0016717 2876
0.0016735 2876
0.0016754 2876
0.0016773 2876
0.0016792 2876
0.0016811 2876
0.001683 2876
0.0016848 2876
0.0016867 2876
0.0016886 2876
0.0016905 2876
0.0016924 2876
0.0016943 2876
0.0016962 2876
0.001698 2876
0.0016999 2876
0.0017018 2876
0.0017037 2876
0.0017056 2876
0.0017075 2876
0.0017093 2876
0.0017112 2876
0.0017131 2876
0.001715 2876
0.0017169 2876
0.0017188 2876
0.0017207 2876
0.0017225 2876
0.0017244 2876
0.0017263 2876
0.0017282 2876
0.0017301 2876
0.001732 2876
0.0017338 2876
0.0017357 2876
0.0017376 2876
0.0017395 2876
0.0017414 2876
0.0017433 2876
0.0017452 2876
0.001747 2876
0.0017489 2876
0.0017508 2876
0.0017527 2876
0.0017546 2876
0.0017565 2876
0.0017583 2876
0.0017602 2876
0.0017621 2876
0.001764 2876
0.0017659 2876
0.0017678 2876
0.0017697 2876
0.0017715 2876
0.0017734 2876
0.0017753 2876
0.0017772 2876
0.0017791 2876
0.001781 2876
0.0017828 2876
0.0017847 2876
0.0017866 2876
0.0017885 2876
0.0017904 2876
0.0017923 2876
0.0017942 2876
0.001796 2876
0.0017979 2876
0.0017998 2876
0.0018017 2876
0.0018036 2876
0.0018055 2876
0.0018073 2876
0.0018092 2876
0.0018111 2876
0.001813 2876
0.0018149 2876
0.0018168 2876
0.0018187 2876
0.0018205 2876
0.0018224 2876
0.0018243 2876
0.0018262 2876
0.0018281 2876
0.00183 2876
0.0018318 2876
0.0018337 2876
0.0018356 2876
0.0018375 2876
0.0018394 2876
0.0018413 2876
0.0018432 2876
0.001845 2876
0.0018469 2876
0.0018488 2876
0.0018507 2876
0.0018526 2876
0.0018545 2876
0.0018563 2876
0.0018582 2876
0.0018601 2876
0.001862 2876
0.0018639 2876
0.0018658 2876
0.0018677 2876
0.0018695 2876
0.0018714 2876
0.0018733 2876
0.0018752 2876
0.0018771 2876
0.001879 2876
0.0018808 2876
0.0018827 2876
0.0018846 2876
0.0018865 2876
0.0018884 2876
0.0018903 2876
0.0018922 2876
0.001894 2876
0.0018959 2876
0.0018978 2876
0.0018997 2876
0.0019016 2876
0.0019035 2876
0.0019053 2876
0.0019072 2876
0.0019091 2876
0.001911 2876
0.0019129 2876
0.0019148 2876
0.0019167 2876
0.0019185 2876
0.0019204 2876
0.0019223 2876
0.0019242 2876
0.0019261 2876
0.001928 2876
0.0019298 2876
0.0019317 2876
0.0019336 2876
0.0019355 2876
0.0019374 2876
0.0019393 2876
0.0019412 2876
0.001943 2876
0.0019449 2876
0.0019468 2876
0.0019487 2876
0.0019506 2876
0.0019525 2876
0.0019543 2876
0.0019562 2876
0.0019581 2876
0.00196 2876
0.0019619 2876
0.0019638 2876
0.0019657 2876
0.0019675 2876
0.0019694 2876
0.0019713 2876
0.0019732 2876
0.0019751 2876
0.001977 2876
0.0019788 2876
0.0019807 2876
0.0019826 2876
0.0019845 2876
0.0019864 2876
0.0019883 2876
0.0019902 2876
0.001992 2876
0.0019939 2876
0.0019958 2876
0.0019977 2876
0.0019996 2876
0.0020015 2876
0.0020033 2876
0.0020052 2876
0.0020071 2876
0.002009 2876
0.0020109 2876
0.0020128 2876
0.0020147 2876
0.0020165 2876
0.0020184 2876
0.0020203 2876
0.0020222 2876
0.0020241 2876
0.002026 2876
0.0020278 2876
0.0020297 2876
0.0020316 2876
0.0020335 2876
0.0020354 2876
0.0020373 2876
0.0020392 2876
0.002041 2876
0.0020429 2876
0.0020448 2876
0.0020467 2876
0.0020486 2876
0.0020505 2876
0.0020523 2876
0.0020542 2876
0.0020561 2876
0.002058 2876
0.0020599 2876
0.0020618 2876
0.0020637 2876
0.0020655 2876
0.0020674 2876
0.0020693 2876
0.0020712 2876
0.0020731 2876
0.002075 2876
0.0020768 2876
0.0020787 2876
0.0020806 2876
0.0020825 2876
0.0020844 2876
0.0020863 2876
0.0020882 2876
0.00209 2876
0.0020919 2876
0.0020938 2876
0.0020957 2876
0.0020976 2876
0.0020995 2876
0.0021013 2876
0.0021032 2876
0.0021051 2876
0.002107 2876
0.0021089 2876
0.0021108 2876
0.0021127 2876
0.0021145 2876
0.0021164 2876
0.0021183 2876
0.0021202 2876
0.0021221 2876
0.002124 2876
0.0021258 2876
0.0021277 2876
0.0021296 2876
0.0021315 2876
0.0021334 2876
0.0021353 2876
0.0021372 2876
0.002139 2876
0.0021409 2876
0.0021428 2876
0.0021447 2876
0.0021466 2876
0.0021485 2876
0.0021503 2876
0.0021522 2876
0.0021541 2876
0.002156 2876
0.0021579 2876
0.0021598 2876
0.0021617 2876
0.0021635 2876
0.0021654 2876
0.0021673 2876
0.0021692 2876
0.0021711 2876
0.002173 2876
0.0021748 2876
0.0021767 2876
0.0021786 2876
0.0021805 2876
0.0021824 2876
0.0021843 2876
0.0021862 2876
0.002188 2876
0.0021899 2876
0.0021918 2876
0.0021937 2876
0.0021956 2876
0.0021975 2876
0.0021993 2876
0.0022012 2876
0.0022031 2876
0.002205 2876
0.0022069 2876
0.0022088 2876
0.0022107 2876
0.0022125 2876
0.0022144 2876
0.0022163 2876
0.0022182 2876
0.0022201 2876
0.002222 2876
0.0022238 2876
0.0022257 2876
0.0022276 2876
0.0022295 2876
0.0022314 2876
0.0022333 2876
0.0022352 2876
0.002237 2876
0.0022389 2876
0.0022408 2876
0.0022427 2876
0.0022446 2876
0.0022465 2876
0.0022483 2876
0.0022502 2876
0.0022521 2876
0.002254 2876
0.0022559 2876
0.0022578 2876
0.0022597 2876
0.0022615 2876
0.0022634 2876
0.0022653 2876
0.0022672 2876
0.0022691 2876
0.002271 2876
0.0022728 2876
0.0022747 2876
0.0022766 2876
0.0022785 2876
0.0022804 2876
0.0022823 2876
0.0022842 2876
0.002286 2876
0.0022879 2876
0.0022898 2876
0.0022917 2876
0.0022936 2876
0.0022955 2876
0.0022973 2876
0.0022992 2876
0.0023011 2876
0.002303 2876
0.0023049 2876
0.0023068 2876
0.0023087 2876
0.0023105 2876
0.0023124 2876
0.0023143 2876
0.0023162 2876
0.0023181 2876
0.00232 2876
0.0023218 2876
0.0023237 2876
0.0023256 2876
0.0023275 2876
0.0023294 2876
0.0023313 2876
0.0023332 2876
0.002335 2876
0.0023369 2876
0.0023388 2876
0.0023407 2876
0.0023426 2876
0.0023445 2876
0.0023463 2876
0.0023482 2876
0.0023501 2876
0.002352 2876
0.0023539 2876
0.0023558 2876
0.0023577 2876
0.0023595 2876
0.0023614 2876
0.0023633 2876
0.0023652 2876
0.0023671 2876
0.002369 2876
0.0023708 2876
0.0023727 2876
0.0023746 2876
0.0023765 2876
0.0023784 2876
0.0023803 2876
0.0023822 2876
0.002384 2876
0.0023859 2876
0.0023878 2876
0.0023897 2876
0.0023916 2876
0.0023935 2876
0.0023953 2876
0.0023972 2876
0.0023991 2876
0.002401 2876
0.0024029 2876
0.0024048 2876
0.0024067 2876
0.0024085 2876
0.0024104 2876
0.0024123 2876
0.0024142 2876
0.0024161 2876
0.002418 2876
0.0024198 2876
0.0024217 2876
0.0024236 2876
0.0024255 2876
0.0024274 2876
0.0024293 2876
0.0024312 2876
0.002433 2876
0.0024349 2876
0.0024368 2876
0.0024387 2876
0.0024406 2876
0.0024425 2876
0.0024443 2876
0.0024462 2876
0.0024481 2876
0.00245 2876
0.0024519 2876
0.0024538 2876
0.0024557 2876
0.0024575 2876
0.0024594 2876
0.0024613 2876
0.0024632 2876
0.0024651 2876
0.002467 2876
0.0024688 2876
0.0024707 2876
0.0024726 2876
0.0024745 2876
0.0024764 2876
0.0024783 2876
0.0024802 2876
0.002482 2876
0.0024839 2876
0.0024858 2876
0.0024877 2876
0.0024896 2876
0.0024915 2876
0.0024933 2876
0.0024952 2876
0.0024971 2876
0.002499 2876
0.0025009 2876
0.0025028 2876
0.0025047 2876
0.0025065 2876
0.0025084 2876
0.0025103 2876
0.0025122 2876
0.0025141 2876
0.002516 2876
0.0025178 2876
0.0025197 2876
0.0025216 2876
0.0025235 2876
0.0025254 2876
0.0025273 2876
0.0025292 2876
0.002531 2876
0.0025329 2876
0.0025348 2876
0.0025367 2876
0.0025386 2876
0.0025405 2876
0.0025423 2876
0.0025442 2876
0.0025461 2876
0.002548 2876
0.0025499 2876
0.0025518 2876
0.0025537 2876
0.0025555 2876
0.0025574 2876
0.0025593 2876
0.0025612 2876
0.0025631 2876
0.002565 2876
0.0025668 2876
0.0025687 2876
0.0025706 2876
0.0025725 2876
0.0025744 2876
0.0025763 2876
0.0025782 2876
0.00258 2876
0.0025819 2876
0.0025838 2876
0.0025857 2876
0.0025876 2876
0.0025895 2876
0.0025913 2876
0.0025932 2876
0.0025951 2876
0.002597 2876
0.0025989 2876
0.0026008 2876
0.0026027 2876
0.0026045 2876
0.0026064 2876
0.0026083 2876
0.0026102 2876
0.0026121 2876
0.002614 2876
0.0026158 2876
0.0026177 2876
0.0026196 2876
0.0026215 2876
0.0026234 2876
0.0026253 2876
0.0026272 2876
0.002629 2876
0.0026309 2876
0.0026328 2876
0.0026347 2876
0.0026366 2876
0.0026385 2876
0.0026403 2876
0.0026422 2876
0.0026441 2876
0.002646 2876
0.0026479 2876
0.0026498 2876
0.0026517 2876
0.0026535 2876
0.0026554 2876
0.0026573 2876
0.0026592 2876
0.0026611 2876
0.002663 2876
0.0026648 2876
0.0026667 2876
0.0026686 2876
0.0026705 2876
0.0026724 2876
0.0026743 2876
0.0026762 2876
0.002678 2876
0.0026799 2876
0.0026818 2876
0.0026837 2876
0.0026856 2876
0.0026875 2876
0.0026893 2876
0.0026912 2876
0.0026931 2876
0.002695 2876
0.0026969 2876
0.0026988 2876
0.0027007 2876
0.0027025 2876
0.0027044 2876
0.0027063 2876
0.0027082 2876
0.0027101 2876
0.002712 2876
0.0027138 2876
0.0027157 2876
0.0027176 2876
0.0027195 2876
0.0027214 2876
0.0027233 2876
0.0027252 2876
0.002727 2876
0.0027289 2876
0.0027308 2876
0.0027327 2876
0.0027346 2876
0.0027365 2876
0.0027383 2876
0.0027402 2876
0.0027421 2876
0.002744 2876
0.0027459 2876
0.0027478 2876
0.0027497 2876
0.0027515 2876
0.0027534 2876
0.0027553 2876
0.0027572 2876
0.0027591 2876
0.002761 2876
0.0027628 2876
0.0027647 2876
0.0027666 2876
0.0027685 2876
0.0027704 2876
0.0027723 2876
0.0027742 2876
0.002776 2876
0.0027779 2876
0.0027798 2876
0.0027817 2876
0.0027836 2876
0.0027855 2876
0.0027873 2876
0.0027892 2876
0.0027911 2876
0.002793 2876
0.0027949 2876
0.0027968 2876
0.0027987 2876
0.0028005 2876
0.0028024 2876
0.0028043 2876
0.0028062 2876
0.0028081 2876
0.00281 2876
0.0028118 2876
0.0028137 2876
0.0028156 2876
0.0028175 2876
0.0028194 2876
0.0028213 2876
0.0028232 2876
0.002825 2876
0.0028269 2876
0.0028288 2876
0.0028307 2876
0.0028326 2876
0.0028345 2876
0.0028363 2876
0.0028382 2876
0.0028401 2876
0.002842 2876
0.0028439 2876
0.0028458 2876
0.0028477 2876
0.0028495 2876
0.0028514 2876
0.0028533 2876
0.0028552 2876
0.0028571 2876
0.002859 2876
0.0028608 2876
0.0028627 2876
0.0028646 2876
0.0028665 2876
0.0028684 2876
0.0028703 2876
0.0028722 2876
0.002874 2876
0.0028759 2876
0.0028778 2876
0.0028797 2876
0.0028816 2876
0.0028835 2876
0.0028853 2876
0.0028872 2876
0.0028891 2876
0.002891 2876
0.0028929 2876
0.0028948 2876
0.0028967 2876
0.0028985 2876
0.0029004 2876
0.0029023 2876
0.0029042 2876
0.0029061 2876
0.002908 2876
0.0029098 2876
0.0029117 2876
0.0029136 2876
0.0029155 2876
0.0029174 2876
0.0029193 2876
0.0029212 2876
0.002923 2876
0.0029249 2876
0.0029268 2876
0.0029287 2876
0.0029306 2876
0.0029325 2876
0.0029343 2876
0.0029362 2876
0.0029381 2876
0.00294 2876
0.0029419 2876
0.0029438 2876
0.0029457 2876
0.0029475 2876
0.0029494 2876
0.0029513 2876
0.0029532 2876
0.0029551 2876
0.002957 2876
0.0029588 2876
0.0029607 2876
0.0029626 2876
0.0029645 2876
0.0029664 2876
0.0029683 2876
0.0029702 2876
0.002972 2876
0.0029739 2876
0.0029758 2876
0.0029777 2876
0.0029796 2876
0.0029815 2876
0.0029833 2876
0.0029852 2876
0.0029871 2876
0.002989 2876
0.0029909 2876
0.0029928 2876
0.0029947 2876
0.0029965 2876
0.0029984 2876
0.0030003 2876
0.0030022 2876
0.0030041 2876
0.003006 2876
0.0030078 2876
0.0030097 2876
0.0030116 2876
0.0030135 2876
0.0030154 2876
0.0030173 2876
0.0030192 2876
0.003021 2876
0.0030229 2876
0.0030248 2876
0.0030267 2876
0.0030286 2876
0.0030305 2876
0.0030323 2876
0.0030342 2876
0.0030361 2876
0.003038 2876
0.0030399 2876
0.0030418 2876
0.0030437 2876
0.0030455 2876
0.0030474 2876
0.0030493 2876
0.0030512 2876
0.0030531 2876
0.003055 2876
0.0030568 2876
0.0030587 2876
0.0030606 2876
0.0030625 2876
0.0030644 2876
0.0030663 2876
0.0030682 2876
0.00307 2876
0.0030719 2876
0.0030738 2876
0.0030757 2876
0.0030776 2876
0.0030795 2876
0.0030813 2876
0.0030832 2876
0.0030851 2876
0.003087 2876
0.0030889 2876
0.0030908 2876
0.0030927 2876
0.0030945 2876
0.0030964 2876
0.0030983 2876
0.0031002 2876
0.0031021 2876
0.003104 2876
0.0031058 2876
0.0031077 2876
0.0031096 2876
0.0031115 2876
0.0031134 2876
0.0031153 2876
0.0031172 2876
0.003119 2876
0.0031209 2876
0.0031228 2876
0.0031247 2876
0.0031266 2876
0.0031285 2876
0.0031303 2876
0.0031322 2876
0.0031341 2876
0.003136 2876
0.0031379 2876
0.0031398 2876
0.0031417 2876
0.0031435 2876
0.0031454 2876
0.0031473 2876
0.0031492 2876
0.0031511 2876
0.003153 2876
0.0031548 2876
0.0031567 2876
0.0031586 2876
0.0031605 2876
0.0031624 2876
0.0031643 2876
0.0031662 2876
0.003168 2876
0.0031699 2876
0.0031718 2876
0.0031737 2876
0.0031756 2876
0.0031775 2876
0.0031793 2876
0.0031812 2876
0.0031831 2876
0.003185 2876
0.0031869 2876
0.0031888 2876
0.0031907 2876
0.0031925 2876
0.0031944 2876
0.0031963 2876
0.0031982 2876
0.0032001 2876
0.003202 2876
0.0032038 2876
0.0032057 2876
0.0032076 2876
0.0032095 2876
0.0032114 2876
0.0032133 2876
0.0032152 2876
0.003217 2876
0.0032189 2876
0.0032208 2876
0.0032227 2876
0.0032246 2876
0.0032265 2876
0.0032283 2876
0.0032302 2876
0.0032321 2876
0.003234 2876
0.0032359 2876
0.0032378 2876
0.0032397 2876
0.0032415 2876
0.0032434 2876
0.0032453 2876
0.0032472 2876
0.0032491 2876
0.003251 2876
0.0032528 2876
0.0032547 2876
0.0032566 2876
0.0032585 2876
0.0032604 2876
0.0032623 2876
0.0032642 2876
0.003266 2876
0.0032679 2876
0.0032698 2876
0.0032717 2876
0.0032736 2876
0.0032755 2876
0.0032773 2876
0.0032792 2876
0.0032811 2876
0.003283 2876
0.0032849 2876
0.0032868 2876
0.0032887 2876
0.0032905 2876
0.0032924 2876
0.0032943 2876
0.0032962 2876
0.0032981 2876
0.0033 2876
0.0033018 2876
0.0033037 2876
0.0033056 2876
0.0033075 2876
0.0033094 2876
0.0033113 2876
0.0033132 2876
0.003315 2876
0.0033169 2876
0.0033188 2876
0.0033207 2876
0.0033226 2876
0.0033245 2876
0.0033263 2876
0.0033282 2876
0.0033301 2876
0.003332 2876
0.0033339 2876
0.0033358 2876
0.0033377 2876
0.0033395 2876
0.0033414 2876
0.0033433 2876
0.0033452 2876
0.0033471 2876
0.003349 2876
0.0033508 2876
0.0033527 2876
0.0033546 2876
0.0033565 2876
0.0033584 2876
0.0033603 2876
0.0033622 2876
0.003364 2876
0.0033659 2876
0.0033678 2876
0.0033697 2876
0.0033716 2876
0.0033735 2876
0.0033753 2876
0.0033772 2876
0.0033791 2876
0.003381 2876
0.0033829 2876
0.0033848 2876
0.0033867 2876
0.0033885 2876
0.0033904 2876
0.0033923 2876
0.0033942 2876
0.0033961 2876
0.003398 2876
0.0033998 2876
0.0034017 2876
0.0034036 2876
0.0034055 2876
0.0034074 2876
0.0034093 2876
0.0034112 2876
0.003413 2876
0.0034149 2876
0.0034168 2876
0.0034187 2876
0.0034206 2876
0.0034225 2876
0.0034243 2876
0.0034262 2876
0.0034281 2876
0.00343 2876
0.0034319 2876
0.0034338 2876
0.0034357 2876
0.0034375 2876
0.0034394 2876
0.0034413 2876
0.0034432 2876
0.0034451 2876
0.003447 2876
0.0034488 2876
0.0034507 2876
0.0034526 2876
0.0034545 2876
0.0034564 2876
0.0034583 2876
0.0034602 2876
0.003462 2876
0.0034639 2876
0.0034658 2876
0.0034677 2876
0.0034696 2876
0.0034715 2876
0.0034733 2876
0.0034752 2876
0.0034771 2876
0.003479 2876
0.0034809 2876
0.0034828 2876
0.0034847 2876
0.0034865 2876
0.0034884 2876
0.0034903 2876
0.0034922 2876
0.0034941 2876
0.003496 2876
0.0034978 2876
0.0034997 2876
0.0035016 2876
0.0035035 2876
0.0035054 2876
0.0035073 2876
0.0035092 2876
0.003511 2876
0.0035129 2876
0.0035148 2876
0.0035167 2876
0.0035186 2876
0.0035205 2876
0.0035223 2876
0.0035242 2876
0.0035261 2876
0.003528 2876
0.0035299 2876
0.0035318 2876
0.0035337 2876
0.0035355 2876
0.0035374 2876
0.0035393 2876
0.0035412 2876
0.0035431 2876
0.003545 2876
0.0035468 2876
0.0035487 2876
0.0035506 2876
0.0035525 2876
0.0035544 2876
0.0035563 2876
0.0035582 2876
0.00356 2876
0.0035619 2876
0.0035638 2876
0.0035657 2876
0.0035676 2876
0.0035695 2876
0.0035713 2876
0.0035732 2876
0.0035751 2876
0.003577 2876
0.0035789 2876
0.0035808 2876
0.0035827 2876
0.0035845 2876
0.0035864 2876
0.0035883 2876
0.0035902 2876
0.0035921 2876
0.003594 2876
0.0035958 2876
0.0035977 2876
0.0035996 2876
0.0036015 2876
0.0036034 2876
0.0036053 2876
0.0036072 2876
0.003609 2876
0.0036109 2876
0.0036128 2876
0.0036147 2876
0.0036166 2876
0.0036185 2876
0.0036203 2876
0.0036222 2876
0.0036241 2876
0.003626 2876
0.0036279 2876
0.0036298 2876
0.0036317 2876
0.0036335 2876
0.0036354 2876
0.0036373 2876
0.0036392 2876
0.0036411 2876
0.003643 2876
0.0036448 2876
0.0036467 2876
0.0036486 2876
0.0036505 2876
0.0036524 2876
0.0036543 2876
0.0036562 2876
0.003658 2876
0.0036599 2876
0.0036618 2876
0.0036637 2876
0.0036656 2876
0.0036675 2876
0.0036693 2876
0.0036712 2876
0.0036731 2876
0.003675 2876
0.0036769 2876
0.0036788 2876
0.0036807 2876
0.0036825 2876
0.0036844 2876
0.0036863 2876
0.0036882 2876
0.0036901 2876
0.003692 2876
0.0036938 2876
0.0036957 2876
0.0036976 2876
0.0036995 2876
0.0037014 2876
0.0037033 2876
0.0037052 2876
0.003707 2876
0.0037089 2876
0.0037108 2876
0.0037127 2876
0.0037146 2876
0.0037165 2876
0.0037183 2876
0.0037202 2876
0.0037221 2876
0.003724 2876
0.0037259 2876
0.0037278 2876
0.0037297 2876
0.0037315 2876
0.0037334 2876
0.0037353 2876
0.0037372 2876
0.0037391 2876
0.003741 2876
0.0037428 2876
0.0037447 2876
0.0037466 2876
0.0037485 2876
0.0037504 2876
0.0037523 2876
0.0037542 2876
0.003756 2876
0.0037579 2876
0.0037598 2876
0.0037617 2876
0.0037636 2876
0.0037655 2876
0.0037673 2876
0.0037692 2876
0.0037711 2876
0.003773 2876
0.0037749 2876
0.0037768 2876
0.0037787 2876
0.0037805 2876
0.0037824 2876
0.0037843 2876
0.0037862 2876
0.0037881 2876
0.00379 2876
0.0037918 2876
0.0037937 2876
0.0037956 2876
0.0037975 2876
0.0037994 2876
0.0038013 2876
0.0038032 2876
0.003805 2876
0.0038069 2876
0.0038088 2876
0.0038107 2876
0.0038126 2876
0.0038145 2876
0.0038163 2876
0.0038182 2876
0.0038201 2876
0.003822 2876
0.0038239 2876
0.0038258 2876
0.0038277 2876
0.0038295 2876
0.0038314 2876
0.0038333 2876
0.0038352 2876
0.0038371 2876
0.003839 2876
0.0038408 2876
0.0038427 2876
0.0038446 2876
0.0038465 2876
0.0038484 2876
0.0038503 2876
0.0038522 2876
0.003854 2876
0.0038559 2876
0.0038578 2876
0.0038597 2876
0.0038616 2876
0.0038635 2876
0.0038653 2876
0.0038672 2876
0.0038691 2876
0.003871 2876
0.0038729 2876
0.0038748 2876
0.0038767 2876
0.0038785 2876
0.0038804 2876
0.0038823 2876
0.0038842 2876
0.0038861 2876
0.003888 2876
0.0038898 2876
0.0038917 2876
0.0038936 2876
0.0038955 2876
0.0038974 2876
0.0038993 2876
0.0039012 2876
0.003903 2876
0.0039049 2876
0.0039068 2876
0.0039087 2876
0.0039106 2876
0.0039125 2876
0.0039143 2876
0.0039162 2876
0.0039181 2876
0.00392 2876
0.0039219 2876
0.0039238 2876
0.0039257 2876
0.0039275 2876
0.0039294 2876
0.0039313 2876
0.0039332 2876
0.0039351 2876
0.003937 2876
0.0039388 2876
0.0039407 2876
0.0039426 2876
0.0039445 2876
0.0039464 2876
0.0039483 2876
0.0039502 2876
0.003952 2876
0.0039539 2876
0.0039558 2876
0.0039577 2876
0.0039596 2876
0.0039615 2876
0.0039633 2876
0.0039652 2876
0.0039671 2876
0.003969 2876
0.0039709 2876
0.0039728 2876
0.0039747 2876
0.0039765 2876
0.0039784 2876
0.0039803 2876
0.0039822 2876
0.0039841 2876
0.003986 2876
0.0039878 2876
0.0039897 2876
0.0039916 2876
0.0039935 2876
0.0039954 2876
0.0039973 2876
0.0039992 2876
0.004001 2876
0.0040029 2876
0.0040048 2876
0.0040067 2876
0.0040086 2876
0.0040105 2876
0.0040123 2876
0.0040142 2876
0.0040161 2876
0.004018 2876
0.0040199 2876
0.0040218 2876
0.0040237 2876
0.0040255 2876
0.0040274 2876
0.0040293 2876
0.0040312 2876
0.0040331 2876
0.004035 2876
0.0040368 2876
0.0040387 2876
0.0040406 2876
0.0040425 2876
0.0040444 2876
0.0040463 2876
0.0040482 2876
0.00405 2876
0.0040519 2876
0.0040538 2876
0.0040557 2876
0.0040576 2876
0.0040595 2876
0.0040613 2876
0.0040632 2876
0.0040651 2876
0.004067 2876
0.0040689 2876
0.0040708 2876
0.0040727 2876
0.0040745 2876
0.0040764 2876
0.0040783 2876
0.0040802 2876
0.0040821 2876
0.004084 2876
0.0040858 2876
0.0040877 2876
0.0040896 2876
0.0040915 2876
0.0040934 2876
0.0040953 2876
0.0040972 2876
0.004099 2876
0.0041009 2876
0.0041028 2876
0.0041047 2876
0.0041066 2876
0.0041085 2876
0.0041103 2876
0.0041122 2876
0.0041141 2876
0.004116 2876
0.0041179 2876
0.0041198 2876
0.0041217 2876
0.0041235 2876
0.0041254 2876
0.0041273 2876
0.0041292 2876
0.0041311 2876
0.004133 2876
0.0041348 2876
0.0041367 2876
0.0041386 2876
0.0041405 2876
0.0041424 2876
0.0041443 2876
0.0041462 2876
0.004148 2876
0.0041499 2876
0.0041518 2876
0.0041537 2876
0.0041556 2876
0.0041575 2876
0.0041593 2876
0.0041612 2876
0.0041631 2876
0.004165 2876
0.0041669 2876
0.0041688 2876
0.0041707 2876
0.0041725 2876
0.0041744 2876
0.0041763 2876
0.0041782 2876
0.0041801 2876
0.004182 2876
0.0041838 2876
0.0041857 2876
0.0041876 2876
0.0041895 2876
0.0041914 2876
0.0041933 2876
0.0041952 2876
0.004197 2876
0.0041989 2876
0.0042008 2876
0.0042027 2876
0.0042046 2876
0.0042065 2876
0.0042083 2876
0.0042102 2876
0.0042121 2876
0.004214 2876
0.0042159 2876
0.0042178 2876
0.0042197 2876
0.0042215 2876
0.0042234 2876
0.0042253 2876
0.0042272 2876
0.0042291 2876
0.004231 2876
0.0042328 2876
0.0042347 2876
0.0042366 2876
0.0042385 2876
0.0042404 2876
0.0042423 2876
0.0042442 2876
0.004246 2876
0.0042479 2876
0.0042498 2876
0.0042517 2876
0.0042536 2876
0.0042555 2876
0.0042573 2876
0.0042592 2876
0.0042611 2876
0.004263 2876
0.0042649 2876
0.0042668 2876
0.0042687 2876
0.0042705 2876
0.0042724 2876
0.0042743 2876
0.0042762 2876
0.0042781 2876
0.00428 2876
0.0042818 2876
0.0042837 2876
0.0042856 2876
0.0042875 2876
0.0042894 2876
0.0042913 2876
0.0042932 2876
0.004295 2876
0.0042969 2876
0.0042988 2876
0.0043007 2876
0.0043026 2876
0.0043045 2876
0.0043063 2876
0.0043082 2876
0.0043101 2876
0.004312 2876
0.0043139 2876
0.0043158 2876
0.0043177 2876
0.0043195 2876
0.0043214 2876
0.0043233 2876
0.0043252 2876
0.0043271 2876
0.004329 2876
0.0043308 2876
0.0043327 2876
0.0043346 2876
0.0043365 2876
0.0043384 2876
0.0043403 2876
0.0043422 2876
0.004344 2876
0.0043459 2876
0.0043478 2876
0.0043497 2876
0.0043516 2876
0.0043535 2876
0.0043553 2876
0.0043572 2876
0.0043591 2876
0.004361 2876
0.0043629 2876
0.0043648 2876
0.0043667 2876
0.0043685 2876
0.0043704 2876
0.0043723 2876
0.0043742 2876
0.0043761 2876
0.004378 2876
0.0043798 2876
0.0043817 2876
0.0043836 2876
0.0043855 2876
0.0043874 2876
0.0043893 2876
0.0043912 2876
0.004393 2876
0.0043949 2876
0.0043968 2876
0.0043987 2876
0.0044006 2876
0.0044025 2876
0.0044043 2876
0.0044062 2876
0.0044081 2876
0.00441 2876
0.0044119 2876
0.0044138 2876
0.0044157 2876
0.0044175 2876
0.0044194 2876
0.0044213 2876
0.0044232 2876
0.0044251 2876
0.004427 2876
0.0044288 2876
0.0044307 2876
0.0044326 2876
0.0044345 2876
0.0044364 2876
0.0044383 2876
0.0044402 2876
0.004442 2876
0.0044439 2876
0.0044458 2876
0.0044477 2876
0.0044496 2876
0.0044515 2876
0.0044533 2876
0.0044552 2876
0.0044571 2876
0.004459 2876
0.0044609 2876
0.0044628 2876
0.0044647 2876
0.0044665 2876
0.0044684 2876
0.0044703 2876
0.0044722 2876
0.0044741 2876
0.004476 2876
0.0044778 2876
0.0044797 2876
0.0044816 2876
0.0044835 2876
0.0044854 2876
0.0044873 2876
0.0044892 2876
0.004491 2876
0.0044929 2876
0.0044948 2876
0.0044967 2876
0.0044986 2876
0.0045005 2876
0.0045023 2876
0.0045042 2876
0.0045061 2876
0.004508 2876
0.0045099 2876
0.0045118 2876
0.0045137 2876
0.0045155 2876
0.0045174 2876
0.0045193 2876
0.0045212 2876
0.0045231 2876
0.004525 2876
0.0045268 2876
0.0045287 2876
0.0045306 2876
0.0045325 2876
0.0045344 2876
0.0045363 2876
0.0045382 2876
0.00454 2876
0.0045419 2876
0.0045438 2876
0.0045457 2876
0.0045476 2876
0.0045495 2876
0.0045513 2876
0.0045532 2876
0.0045551 2876
0.004557 2876
0.0045589 2876
0.0045608 2876
0.0045627 2876
0.0045645 2876
0.0045664 2876
0.0045683 2876
0.0045702 2876
0.0045721 2876
0.004574 2876
0.0045758 2876
0.0045777 2876
0.0045796 2876
0.0045815 2876
0.0045834 2876
0.0045853 2876
0.0045872 2876
0.004589 2876
0.0045909 2876
0.0045928 2876
0.0045947 2876
0.0045966 2876
0.0045985 2876
0.0046003 2876
0.0046022 2876
0.0046041 2876
0.004606 2876
0.0046079 2876
0.0046098 2876
0.0046117 2876
0.0046135 2876
0.0046154 2876
0.0046173 2876
0.0046192 2876
0.0046211 2876
0.004623 2876
0.0046248 2876
0.0046267 2876
0.0046286 2876
0.0046305 2876
0.0046324 2876
0.0046343 2876
0.0046362 2876
0.004638 2876
0.0046399 2876
0.0046418 2876
0.0046437 2876
0.0046456 2876
0.0046475 2876
0.0046493 2876
0.0046512 2876
0.0046531 2876
0.004655 2876
0.0046569 2876
0.0046588 2876
0.0046607 2876
0.0046625 2876
0.0046644 2876
0.0046663 2876
0.0046682 2876
0.0046701 2876
0.004672 2876
0.0046738 2876
0.0046757 2876
0.0046776 2876
0.0046795 2876
0.0046814 2876
0.0046833 2876
0.0046852 2876
0.004687 2876
0.0046889 2876
0.0046908 2876
0.0046927 2876
0.0046946 2876
0.0046965 2876
0.0046983 2876
0.0047002 2876
0.0047021 2876
0.004704 2876
0.0047059 2876
0.0047078 2876
0.0047097 2876
0.0047115 2876
0.0047134 2876
0.0047153 2876
0.0047172 2876
0.0047191 2876
0.004721 2876
0.0047228 2876
0.0047247 2876
0.0047266 2876
0.0047285 2876
0.0047304 2876
0.0047323 2876
0.0047342 2876
0.004736 2876
0.0047379 2876
0.0047398 2876
0.0047417 2876
0.0047436 2876
0.0047455 2876
0.0047473 2876
0.0047492 2876
0.0047511 2876
0.004753 2876
0.0047549 2876
0.0047568 2876
0.0047587 2876
0.0047605 2876
0.0047624 2876
0.0047643 2876
0.0047662 2876
0.0047681 2876
0.00477 2876
0.0047718 2876
0.0047737 2876
0.0047756 2876
0.0047775 2876
0.0047794 2876
0.0047813 2876
0.0047832 2876
0.004785 2876
0.0047869 2876
0.0047888 2876
0.0047907 2876
0.0047926 2876
0.0047945 2876
0.0047963 2876
0.0047982 2876
0.0048001 2876
0.004802 2876
0.0048039 2876
0.0048058 2876
0.0048077 2876
0.0048095 2876
0.0048114 2876
0.0048133 2876
0.0048152 2876
0.0048171 2876
0.004819 2876
0.0048208 2876
0.0048227 2876
0.0048246 2876
0.0048265 2876
0.0048284 2876
0.0048303 2876
0.0048322 2876
0.004834 2876
0.0048359 2876
0.0048378 2876
0.0048397 2876
0.0048416 2876
0.0048435 2876
0.0048453 2876
0.0048472 2876
0.0048491 2876
0.004851 2876
0.0048529 2876
0.0048548 2876
0.0048567 2876
0.0048585 2876
0.0048604 2876
0.0048623 2876
0.0048642 2876
0.0048661 2876
0.004868 2876
0.0048698 2876
0.0048717 2876
0.0048736 2876
0.0048755 2876
0.0048774 2876
0.0048793 2876
0.0048812 2876
0.004883 2876
0.0048849 2876
0.0048868 2876
0.0048887 2876
0.0048906 2876
0.0048925 2876
0.0048943 2876
0.0048962 2876
0.0048981 2876
0.0049 2876
0.0049019 2876
0.0049038 2876
0.0049057 2876
0.0049075 2876
0.0049094 2876
0.0049113 2876
0.0049132 2876
0.0049151 2876
0.004917 2876
0.0049188 2876
0.0049207 2876
0.0049226 2876
0.0049245 2876
0.0049264 2876
0.0049283 2876
0.0049302 2876
0.004932 2876
0.0049339 2876
0.0049358 2876
0.0049377 2876
0.0049396 2876
0.0049415 2876
0.0049433 2876
0.0049452 2876
0.0049471 2876
0.004949 2876
0.0049509 2876
0.0049528 2876
0.0049547 2876
0.0049565 2876
0.0049584 2876
0.0049603 2876
0.0049622 2876
0.0049641 2876
0.004966 2876
0.0049678 2876
0.0049697 2876
0.0049716 2876
0.0049735 2876
0.0049754 2876
0.0049773 2876
0.0049792 2876
0.004981 2876
0.0049829 2876
0.0049848 2876
0.0049867 2876
0.0049886 2876
0.0049905 2876
0.0049923 2876
0.0049942 2876
0.0049961 2876
0.004998 2876
0.0049999 2876
0.0050018 2876
0.0050037 2876
0.0050055 2876
0.0050074 2876
0.0050093 2876
0.0050112 2876
0.0050131 2876
0.005015 2876
0.0050168 2876
0.0050187 2876
0.0050206 2876
0.0050225 2876
0.0050244 2876
0.0050263 2876
0.0050282 2876
0.00503 2876
0.0050319 2876
0.0050338 2876
0.0050357 2876
0.0050376 2876
0.0050395 2876
0.0050413 2876
0.0050432 2876
0.0050451 2876
0.005047 2876
0.0050489 2876
0.0050508 2876
0.0050527 2876
0.0050545 2876
0.0050564 2876
0.0050583 2876
0.0050602 2876
0.0050621 2876
0.005064 2876
0.0050658 2876
0.0050677 2876
0.0050696 2876
0.0050715 2876
0.0050734 2876
0.0050753 2876
0.0050772 2876
0.005079 2876
0.0050809 2876
0.0050828 2876
0.0050847 2876
0.0050866 2876
0.0050885 2876
0.0050903 2876
0.0050922 2876
0.0050941 2876
0.005096 2876
0.0050979 2876
0.0050998 2876
0.0051017 2876
0.0051035 2876
0.0051054 2876
0.0051073 2876
0.0051092 2876
0.0051111 2876
0.005113 2876
0.0051148 2876
0.0051167 2876
0.0051186 2876
0.0051205 2876
0.0051224 2876
0.0051243 2876
0.0051262 2876
0.005128 2876
0.0051299 2876
0.0051318 2876
0.0051337 2876
0.0051356 2876
0.0051375 2876
0.0051393 2876
0.0051412 2876
0.0051431 2876
0.005145 2876
0.0051469 2876
0.0051488 2876
0.0051507 2876
0.0051525 2876
0.0051544 2876
0.0051563 2876
0.0051582 2876
0.0051601 2876
0.005162 2876
0.0051638 2876
0.0051657 2876
0.0051676 2876
0.0051695 2876
0.0051714 2876
0.0051733 2876
0.0051752 2876
0.005177 2876
0.0051789 2876
0.0051808 2876
0.0051827 2876
0.0051846 2876
0.0051865 2876
0.0051883 2876
0.0051902 2876
0.0051921 2876
0.005194 2876
0.0051959 2876
0.0051978 2876
0.0051997 2876
0.0052015 2876
0.0052034 2876
0.0052053 2876
0.0052072 2876
0.0052091 2876
0.005211 2876
0.0052128 2876
0.0052147 2876
0.0052166 2876
0.0052185 2876
0.0052204 2876
0.0052223 2876
0.0052242 2876
0.005226 2876
0.0052279 2876
0.0052298 2876
0.0052317 2876
0.0052336 2876
0.0052355 2876
0.0052373 2876
0.0052392 2876
0.0052411 2876
0.005243 2876
0.0052449 2876
0.0052468 2876
0.0052487 2876
0.0052505 2876
0.0052524 2876
0.0052543 2876
0.0052562 2876
0.0052581 2876
0.00526 2876
0.0052618 2876
0.0052637 2876
0.0052656 2876
0.0052675 2876
0.0052694 2876
0.0052713 2876
0.0052732 2876
0.005275 2876
0.0052769 2876
0.0052788 2876
0.0052807 2876
0.0052826 2876
0.0052845 2876
0.0052863 2876
0.0052882 2876
0.0052901 2876
0.005292 2876
0.0052939 2876
0.0052958 2876
0.0052977 2876
0.0052995 2876
0.0053014 2876
0.0053033 2876
0.0053052 2876
0.0053071 2876
0.005309 2876
0.0053108 2876
0.0053127 2876
0.0053146 2876
0.0053165 2876
0.0053184 2876
0.0053203 2876
0.0053222 2876
0.005324 2876
0.0053259 2876
0.0053278 2876
0.0053297 2876
0.0053316 2876
0.0053335 2876
0.0053353 2876
0.0053372 2876
0.0053391 2876
0.005341 2876
0.0053429 2876
0.0053448 2876
0.0053467 2876
0.0053485 2876
0.0053504 2876
0.0053523 2876
0.0053542 2876
0.0053561 2876
0.005358 2876
0.0053598 2876
0.0053617 2876
0.0053636 2876
0.0053655 2876
0.0053674 2876
0.0053693 2876
0.0053712 2876
0.005373 2876
0.0053749 2876
0.0053768 2876
0.0053787 2876
0.0053806 2876
0.0053825 2876
0.0053843 2876
0.0053862 2876
0.0053881 2876
0.00539 2876
0.0053919 2876
0.0053938 2876
0.0053957 2876
0.0053975 2876
0.0053994 2876
0.0054013 2876
0.0054032 2876
0.0054051 2876
0.005407 2876
0.0054088 2876
0.0054107 2876
0.0054126 2876
0.0054145 2876
0.0054164 2876
0.0054183 2876
0.0054202 2876
0.005422 2876
0.0054239 2876
0.0054258 2876
0.0054277 2876
0.0054296 2876
0.0054315 2876
0.0054333 2876
0.0054352 2876
0.0054371 2876
0.005439 2876
0.0054409 2876
0.0054428 2876
0.0054447 2876
0.0054465 2876
0.0054484 2876
0.0054503 2876
0.0054522 2876
0.0054541 2876
0.005456 2876
0.0054578 2876
0.0054597 2876
0.0054616 2876
0.0054635 2876
0.0054654 2876
0.0054673 2876
0.0054692 2876
0.005471 2876
0.0054729 2876
0.0054748 2876
0.0054767 2876
0.0054786 2876
0.0054805 2876
0.0054823 2876
0.0054842 2876
0.0054861 2876
0.005488 2876
0.0054899 2876
0.0054918 2876
0.0054937 2876
0.0054955 2876
0.0054974 2876
0.0054993 2876
0.0055012 2876
0.0055031 2876
0.005505 2876
0.0055068 2876
0.0055087 2876
0.0055106 2876
0.0055125 2876
0.0055144 2876
0.0055163 2876
0.0055182 2876
0.00552 2876
0.0055219 2876
0.0055238 2876
0.0055257 2876
0.0055276 2876
0.0055295 2876
0.0055313 2876
0.0055332 2876
0.0055351 2876
0.005537 2876
0.0055389 2876
0.0055408 2876
0.0055427 2876
0.0055445 2876
0.0055464 2876
0.0055483 2876
0.0055502 2876
0.0055521 2876
0.005554 2876
0.0055558 2876
0.0055577 2876
0.0055596 2876
0.0055615 2876
0.0055634 2876
0.0055653 2876
0.0055672 2876
0.005569 2876
0.0055709 2876
0.0055728 2876
0.0055747 2876
0.0055766 2876
0.0055785 2876
0.0055803 2876
0.0055822 2876
0.0055841 2876
0.005586 2876
0.0055879 2876
0.0055898 2876
0.0055917 2876
0.0055935 2876
0.0055954 2876
0.0055973 2876
0.0055992 2876
0.0056011 2876
0.005603 2876
0.0056048 2876
0.0056067 2876
0.0056086 2876
0.0056105 2876
0.0056124 2876
0.0056143 2876
0.0056162 2876
0.005618 2876
0.0056199 2876
0.0056218 2876
0.0056237 2876
0.0056256 2876
0.0056275 2876
0.0056293 2876
0.0056312 2876
0.0056331 2876
0.005635 2876
0.0056369 2876
0.0056388 2876
0.0056407 2876
0.0056425 2876
0.0056444 2876
0.0056463 2876
0.0056482 2876
0.0056501 2876
0.005652 2876
0.0056538 2876
0.0056557 2876
0.0056576 2876
0.0056595 2876
0.0056614 2876
0.0056633 2876
0.0056652 2876
0.005667 2876
0.0056689 2876
0.0056708 2876
0.0056727 2876
0.0056746 2876
0.0056765 2876
0.0056783 2876
0.0056802 2876
0.0056821 2876
0.005684 2876
0.0056859 2876
0.0056878 2876
0.0056897 2876
0.0056915 2876
0.0056934 2876
0.0056953 2876
0.0056972 2876
0.0056991 2876
0.005701 2876
0.0057028 2876
0.0057047 2876
0.0057066 2876
0.0057085 2876
0.0057104 2876
0.0057123 2876
0.0057142 2876
0.005716 2876
0.0057179 2876
0.0057198 2876
0.0057217 2876
0.0057236 2876
0.0057255 2876
0.0057273 2876
0.0057292 2876
0.0057311 2876
0.005733 2876
0.0057349 2876
0.0057368 2876
0.0057387 2876
0.0057405 2876
0.0057424 2876
0.0057443 2876
0.0057462 2876
0.0057481 2876
0.00575 2876
0.0057518 2876
0.0057537 2876
0.0057556 2876
0.0057575 2876
0.0057594 2876
0.0057613 2876
0.0057632 2876
0.005765 2876
0.0057669 2876
0.0057688 2876
0.0057707 2876
0.0057726 2876
0.0057745 2876
0.0057763 2876
0.0057782 2876
0.0057801 2876
0.005782 2876
0.0057839 2876
0.0057858 2876
0.0057877 2876
0.0057895 2876
0.0057914 2876
0.0057933 2876
0.0057952 2876
0.0057971 2876
0.005799 2876
0.0058008 2876
0.0058027 2876
0.0058046 2876
0.0058065 2876
0.0058084 2876
0.0058103 2876
0.0058122 2876
0.005814 2876
0.0058159 2876
0.0058178 2876
0.0058197 2876
0.0058216 2876
0.0058235 2876
0.0058253 2876
0.0058272 2876
0.0058291 2876
0.005831 2876
0.0058329 2876
0.0058348 2876
0.0058367 2876
0.0058385 2876
0.0058404 2876
0.0058423 2876
0.0058442 2876
0.0058461 2876
0.005848 2876
0.0058498 2876
0.0058517 2876
0.0058536 2876
0.0058555 2876
0.0058574 2876
0.0058593 2876
0.0058612 2876
0.005863 2876
0.0058649 2876
0.0058668 2876
0.0058687 2876
0.0058706 2876
0.0058725 2876
0.0058743 2876
0.0058762 2876
0.0058781 2876
0.00588 2876
0.0058819 2876
0.0058838 2876
0.0058857 2876
0.0058875 2876
0.0058894 2876
0.0058913 2876
0.0058932 2876
0.0058951 2876
0.005897 2876
0.0058988 2876
0.0059007 2876
0.0059026 2876
0.0059045 2876
0.0059064 2876
0.0059083 2876
0.0059102 2876
0.005912 2876
0.0059139 2876
0.0059158 2876
0.0059177 2876
0.0059196 2876
0.0059215 2876
0.0059233 2876
0.0059252 2876
0.0059271 2876
0.005929 2876
0.0059309 2876
0.0059328 2876
0.0059347 2876
0.0059365 2876
0.0059384 2876
0.0059403 2876
0.0059422 2876
0.0059441 2876
0.005946 2876
0.0059478 2876
0.0059497 2876
0.0059516 2876
0.0059535 2876
0.0059554 2876
0.0059573 2876
0.0059592 2876
0.005961 2876
0.0059629 2876
0.0059648 2876
0.0059667 2876
0.0059686 2876
0.0059705 2876
0.0059723 2876
0.0059742 2876
0.0059761 2876
0.005978 2876
0.0059799 2876
0.0059818 2876
0.0059837 2876
0.0059855 2876
0.0059874 2876
0.0059893 2876
0.0059912 2876
0.0059931 2876
0.005995 2876
0.0059968 2876
0.0059987 2876
0.0060006 2876
0.0060025 2876
0.0060044 2876
0.0060063 2876
0.0060082 2876
0.00601 2876
0.0060119 2876
0.0060138 2876
0.0060157 2876
0.0060176 2876
0.0060195 2876
0.0060213 2876
0.0060232 2876
0.0060251 2876
0.006027 2876
0.0060289 2876
0.0060308 2876
0.0060327 2876
0.0060345 2876
0.0060364 2876
0.0060383 2876
0.0060402 2876
0.0060421 2876
0.006044 2876
0.0060458 2876
0.0060477 2876
0.0060496 2876
0.0060515 2876
0.0060534 2876
0.0060553 2876
0.0060572 2876
0.006059 2876
0.0060609 2876
0.0060628 2876
0.0060647 2876
0.0060666 2876
0.0060685 2876
0.0060703 2876
0.0060722 2876
0.0060741 2876
0.006076 2876
0.0060779 2876
0.0060798 2876
0.0060817 2876
0.0060835 2876
0.0060854 2876
0.0060873 2876
0.0060892 2876
0.0060911 2876
0.006093 2876
0.0060948 2876
0.0060967 2876
0.0060986 2876
0.0061005 2876
0.0061024 2876
0.0061043 2876
0.0061062 2876
0.006108 2876
0.0061099 2876
0.0061118 2876
0.0061137 2876
0.0061156 2876
0.0061175 2876
0.0061193 2876
0.0061212 2876
0.0061231 2876
0.006125 2876
0.0061269 2876
0.0061288 2876
0.0061307 2876
0.0061325 2876
0.0061344 2876
0.0061363 2876
0.0061382 2876
0.0061401 2876
0.006142 2876
0.0061438 2876
0.0061457 2876
0.0061476 2876
0.0061495 2876
0.0061514 2876
0.0061533 2876
0.0061552 2876
0.006157 2876
0.0061589 2876
0.0061608 2876
0.0061627 2876
0.0061646 2876
0.0061665 2876
0.0061683 2876
0.0061702 2876
0.0061721 2876
0.006174 2876
0.0061759 2876
0.0061778 2876
0.0061797 2876
0.0061815 2876
0.0061834 2876
0.0061853 2876
0.0061872 2876
0.0061891 2876
0.006191 2876
0.0061928 2876
0.0061947 2876
0.0061966 2876
0.0061985 2876
0.0062004 2876
0.0062023 2876
0.0062042 2876
0.006206 2876
0.0062079 2876
0.0062098 2876
0.0062117 2876
0.0062136 2876
0.0062155 2876
0.0062173 2876
0.0062192 2876
0.0062211 2876
0.006223 2876
0.0062249 2876
0.0062268 2876
0.0062287 2876
0.0062305 2876
0.0062324 2876
0.0062343 2876
0.0062362 2876
0.0062381 2876
0.00624 2876
0.0062418 2876
0.0062437 2876
0.0062456 2876
0.0062475 2876
0.0062494 2876
0.0062513 2876
0.0062532 2876
0.006255 2876
0.0062569 2876
0.0062588 2876
0.0062607 2876
0.0062626 2876
0.0062645 2876
0.0062663 2876
0.0062682 2876
0.0062701 2876
0.006272 2876
0.0062739 2876
0.0062758 2876
0.0062777 2876
0.0062795 2876
0.0062814 2876
0.0062833 2876
0.0062852 2876
0.0062871 2876
0.006289 2876
0.0062908 2876
0.0062927 2876
0.0062946 2876
0.0062965 2876
0.0062984 2876
0.0063003 2876
0.0063022 2876
0.006304 2876
0.0063059 2876
0.0063078 2876
0.0063097 2876
0.0063116 2876
0.0063135 2876
0.0063153 2876
0.0063172 2876
0.0063191 2876
0.006321 2876
0.0063229 2876
0.0063248 2876
0.0063267 2876
0.0063285 2876
0.0063304 2876
0.0063323 2876
0.0063342 2876
0.0063361 2876
0.006338 2876
0.0063398 2876
0.0063417 2876
0.0063436 2876
0.0063455 2876
0.0063474 2876
0.0063493 2876
0.0063512 2876
0.006353 2876
0.0063549 2876
0.0063568 2876
0.0063587 2876
0.0063606 2876
0.0063625 2876
0.0063643 2876
0.0063662 2876
0.0063681 2876
0.00637 2876
0.0063719 2876
0.0063738 2876
0.0063757 2876
0.0063775 2876
0.0063794 2876
0.0063813 2876
0.0063832 2876
0.0063851 2876
0.006387 2876
0.0063888 2876
0.0063907 2876
0.0063926 2876
0.0063945 2876
0.0063964 2876
0.0063983 2876
0.0064002 2876
0.006402 2876
0.0064039 2876
0.0064058 2876
0.0064077 2876
0.0064096 2876
0.0064115 2876
0.0064133 2876
0.0064152 2876
0.0064171 2876
0.006419 2876
0.0064209 2876
0.0064228 2876
0.0064247 2876
0.0064265 2876
0.0064284 2876
0.0064303 2876
0.0064322 2876
0.0064341 2876
0.006436 2876
0.0064378 2876
0.0064397 2876
0.0064416 2876
0.0064435 2876
0.0064454 2876
0.0064473 2876
0.0064492 2876
0.006451 2876
0.0064529 2876
0.0064548 2876
0.0064567 2876
0.0064586 2876
0.0064605 2876
0.0064623 2876
0.0064642 2876
0.0064661 2876
0.006468 2876
0.0064699 2876
0.0064718 2876
0.0064737 2876
0.0064755 2876
0.0064774 2876
0.0064793 2876
0.0064812 2876
0.0064831 2876
0.006485 2876
0.0064868 2876
0.0064887 2876
0.0064906 2876
0.0064925 2876
0.0064944 2876
0.0064963 2876
0.0064982 2876
0.0065 2876
0.0065019 2876
0.0065038 2876
0.0065057 2876
0.0065076 2876
0.0065095 2876
0.0065113 2876
0.0065132 2876
0.0065151 2876
0.006517 2876
0.0065189 2876
0.0065208 2876
0.0065227 2876
0.0065245 2876
0.0065264 2876
0.0065283 2876
0.0065302 2876
0.0065321 2876
0.006534 2876
0.0065358 2876
0.0065377 2876
0.0065396 2876
0.0065415 2876
0.0065434 2876
0.0065453 2876
0.0065472 2876
0.006549 2876
0.0065509 2876
0.0065528 2876
0.0065547 2876
0.0065566 2876
0.0065585 2876
0.0065603 2876
0.0065622 2876
0.0065641 2876
0.006566 2876
0.0065679 2876
0.0065698 2876
0.0065717 2876
0.0065735 2876
0.0065754 2876
0.0065773 2876
0.0065792 2876
0.0065811 2876
0.006583 2876
0.0065848 2876
0.0065867 2876
0.0065886 2876
0.0065905 2876
0.0065924 2876
0.0065943 2876
0.0065962 2876
1 2876
