1.8846e-06 8280
3.7692e-06 8280
5.6538e-06 8280
7.5385e-06 8280
9.4231e-06 8280
1.1308e-05 8280
1.3192e-05 8280
1.5077e-05 8280
1.6962e-05 8280
1.8846e-05 8280
2.0731e-05 8280
2.2615e-05 8280
2.45e-05 8280
2.6385e-05 8280
2.8269e-05 8280
3.0154e-05 8280
3.2038e-05 8280
3.3923e-05 8280
3.5808e-05 8280
3.7692e-05 8280
3.9577e-05 8280
4.1462e-05 8280
4.3346e-05 8280
4.5231e-05 8280
4.7115e-05 8280
4.9e-05 8280
5.0885e-05 8280
5.2769e-05 8280
5.4654e-05 8280
5.6538e-05 8280
5.8423e-05 8280
6.0308e-05 8280
6.2192e-05 8280
6.4077e-05 8280
6.5962e-05 8280
6.7846e-05 8280
6.9731e-05 8280
7.1615e-05 8280
7.35e-05 8280
7.5385e-05 8280
7.7269e-05 8280
7.9154e-05 8280
8.1038e-05 8280
8.2923e-05 8280
8.4808e-05 8280
8.6692e-05 8280
8.8577e-05 8280
9.0462e-05 8280
9.2346e-05 8280
9.4231e-05 8280
9.6115e-05 8280
9.8e-05 8280
9.9885e-05 8280
0.00010177 8280
0.00010365 8280
0.00010554 8280
0.00010742 8280
0.00010931 8280
0.00011119 8280
0.00011308 8280
0.00011496 8280
0.00011685 8280
0.00011873 8280
0.00012062 8280
0.0001225 8280
0.00012438 8280
0.00012627 8280
0.00012815 8280
0.00013004 8280
0.00013192 8280
0.00013381 8280
0.00013569 8280
0.00013758 8280
0.00013946 8280
0.00014135 8280
0.00014323 8280
0.00014512 8280
0.000147 8280
0.00014888 8280
0.00015077 8280
0.00015265 8280
0.00015454 8280
0.00015642 8280
0.00015831 8280
0.00016019 8280
0.00016208 8280
0.00016396 8280
0.00016585 8280
0.00016773 8280
0.00016962 8280
0.0001715 8280
0.00017338 8280
0.00017527 8280
0.00017715 8280
0.00017904 8280
0.00018092 8280
0.00018281 8280
0.00018469 8280
0.00018658 8280
0.00018846 8280
0.00019035 8280
0.00019223 8280
0.00019412 8280
0.000196 8280
0.00019788 8280
0.00019977 8280
0.00020165 8280
0.00020354 8280
0.00020542 8280
0.00020731 8280
0.00020919 8280
0.00021108 8280
0.00021296 8280
0.00021485 8280
0.00021673 8280
0.00021862 8280
0.0002205 8280
0.00022238 8280
0.00022427 8280
0.00022615 8280
0.00022804 8280
0.00022992 8280
0.00023181 8280
0.00023369 8280
0.00023558 8280
0.00023746 8280
0.00023935 8280
0.00024123 8280
0.00024312 8280
0.000245 8280
0.00024688 8280
0.00024877 8280
0.00025065 8280
0.00025254 8280
0.00025442 8280
0.00025631 8280
0.00025819 8280
0.00026008 8280
0.00026196 8280
0.00026385 8280
0.00026573 8280
0.00026762 8280
0.0002695 8280
0.00027138 8280
0.00027327 8280
0.00027515 8280
0.00027704 8280
0.00027892 8280
0.00028081 8280
0.00028269 8280
0.00028458 8280
0.00028646 8280
0.00028835 8280
0.00029023 8280
0.00029212 8280
0.000294 8280
0.00029588 8280
0.00029777 8280
0.00029965 8280
0.00030154 8280
0.00030342 8280
0.00030531 8280
0.00030719 8280
0.00030908 8280
0.00031096 8280
0.00031285 8280
0.00031473 8280
0.00031662 8280
0.0003185 8280
0.00032038 8280
0.00032227 8280
0.00032415 8280
0.00032604 8280
0.00032792 8280
0.00032981 8280
0.00033169 8280
0.00033358 8280
0.00033546 8280
0.00033735 8280
0.00033923 8280
0.00034112 8280
0.000343 8280
0.00034488 8280
0.00034677 8280
0.00034865 8280
0.00035054 8280
0.00035242 8280
0.00035431 8280
0.00035619 8280
0.00035808 8280
0.00035996 8280
0.00036185 8280
0.00036373 8280
0.00036562 8280
0.0003675 8280
0.00036938 8280
0.00037127 8280
0.00037315 8280
0.00037504 8280
0.00037692 8280
0.00037881 8280
0.00038069 8280
0.00038258 8280
0.00038446 8280
0.00038635 8280
0.00038823 8280
0.00039012 8280
0.000392 8280
0.00039388 8280
0.00039577 8280
0.00039765 8280
0.00039954 8280
0.00040142 8280
0.00040331 8280
0.00040519 8280
0.00040708 8280
0.00040896 8280
0.00041085 8280
0.00041273 8280
0.00041462 8280
0.0004165 8280
0.00041838 8280
0.00042027 8280
0.00042215 8280
0.00042404 8280
0.00042592 8280
0.00042781 8280
0.00042969 8280
0.00043158 8280
0.00043346 8280
0.00043535 8280
0.00043723 8280
0.00043912 8280
0.000441 8280
0.00044288 8280
0.00044477 8280
0.00044665 8280
0.00044854 8280
0.00045042 8280
0.00045231 8280
0.00045419 8280
0.00045608 8280
0.00045796 8280
0.00045985 8280
0.00046173 8280
0.00046362 8280
0.0004655 8280
0.00046738 8280
0.00046927 8280
0.00047115 8280
0.00047304 8280
0.00047492 8280
0.00047681 8280
0.00047869 8280
0.00048058 8280
0.00048246 8280
0.00048435 8280
0.00048623 8280
0.00048812 8280
0.00049 8280
0.00049188 8280
0.00049377 8280
0.00049565 8280
0.00049754 8280
0.00049942 8280
0.00050131 8280
0.00050319 8280
0.00050508 8280
0.00050696 8280
0.00050885 8280
0.00051073 8280
0.00051262 8280
0.0005145 8280
0.00051638 8280
0.00051827 8280
0.00052015 8280
0.00052204 8280
0.00052392 8280
0.00052581 8280
0.00052769 8280
0.00052958 8280
0.00053146 8280
0.00053335 8280
0.00053523 8280
0.00053712 8280
0.000539 8280
0.00054088 8280
0.00054277 8280
0.00054465 8280
0.00054654 8280
0.00054842 8280
0.00055031 8280
0.00055219 8280
0.00055408 8280
0.00055596 8280
0.00055785 8280
0.00055973 8280
0.00056162 8280
0.0005635 8280
0.00056538 8280
0.00056727 8280
0.00056915 8280
0.00057104 8280
0.00057292 8280
0.00057481 8280
0.00057669 8280
0.00057858 8280
0.00058046 8280
0.00058235 8280
0.00058423 8280
0.00058612 8280
0.000588 8280
0.00058988 8280
0.00059177 8280
0.00059365 8280
0.00059554 8280
0.00059742 8280
0.00059931 8280
0.00060119 8280
0.00060308 8280
0.00060496 8280
0.00060685 8280
0.00060873 8280
0.00061062 8280
0.0006125 8280
0.00061438 8280
0.00061627 8280
0.00061815 8280
0.00062004 8280
0.00062192 8280
0.00062381 8280
0.00062569 8280
0.00062758 8280
0.00062946 8280
0.00063135 8280
0.00063323 8280
0.00063512 8280
0.000637 8280
0.00063888 8280
0.00064077 8280
0.00064265 8280
0.00064454 8280
0.00064642 8280
0.00064831 8280
0.00065019 8280
0.00065208 8280
0.00065396 8280
0.00065585 8280
0.00065773 8280
0.00065962 8280
0.0006615 8280
0.00066338 8280
0.00066527 8280
0.00066715 8280
0.00066904 8280
0.00067092 8280
0.00067281 8280
0.00067469 8280
0.00067658 8280
0.00067846 8280
0.00068035 8280
0.00068223 8280
0.00068412 8280
0.000686 8280
0.00068788 8280
0.00068977 8280
0.00069165 8280
0.00069354 8280
0.00069542 8280
0.00069731 8280
0.00069919 8280
0.00070108 8280
0.00070296 8280
0.00070485 8280
0.00070673 8280
0.00070862 8280
0.0007105 8280
0.00071238 8280
0.00071427 8280
0.00071615 8280
0.00071804 8280
0.00071992 8280
0.00072181 8280
0.00072369 8280
0.00072558 8280
0.00072746 8280
0.00072935 8280
0.00073123 8280
0.00073312 8280
0.000735 8280
0.00073688 8280
0.00073877 8280
0.00074065 8280
0.00074254 8280
0.00074442 8280
0.00074631 8280
0.00074819 8280
0.00075008 8280
0.00075196 8280
0.00075385 8280
0.00075573 8280
0.00075762 8280
0.0007595 8280
0.00076138 8280
0.00076327 8280
0.00076515 8280
0.00076704 8280
0.00076892 8280
0.00077081 8280
0.00077269 8280
0.00077458 8280
0.00077646 8280
0.00077835 8280
0.00078023 8280
0.00078212 8280
0.000784 8280
0.00078588 8280
0.00078777 8280
0.00078965 8280
0.00079154 8280
0.00079342 8280
0.00079531 8280
0.00079719 8280
0.00079908 8280
0.00080096 8280
0.00080285 8280
0.00080473 8280
0.00080662 8280
0.0008085 8280
0.00081038 8280
0.00081227 8280
0.00081415 8280
0.00081604 8280
0.00081792 8280
0.00081981 8280
0.00082169 8280
0.00082358 8280
0.00082546 8280
0.00082735 8280
0.00082923 8280
0.00083112 8280
0.000833 8280
0.00083488 8280
0.00083677 8280
0.00083865 8280
0.00084054 8280
0.00084242 8280
0.00084431 8280
0.00084619 8280
0.00084808 8280
0.00084996 8280
0.00085185 8280
0.00085373 8280
0.00085562 8280
0.0008575 8280
0.00085938 8280
0.00086127 8280
0.00086315 8280
0.00086504 8280
0.00086692 8280
0.00086881 8280
0.00087069 8280
0.00087258 8280
0.00087446 8280
0.00087635 8280
0.00087823 8280
0.00088012 8280
0.000882 8280
0.00088388 8280
0.00088577 8280
0.00088765 8280
0.00088954 8280
0.00089142 8280
0.00089331 8280
0.00089519 8280
0.00089708 8280
0.00089896 8280
0.00090085 8280
0.00090273 8280
0.00090462 8280
0.0009065 8280
0.00090838 8280
0.00091027 8280
0.00091215 8280
0.00091404 8280
0.00091592 8280
0.00091781 8280
0.00091969 8280
0.00092158 8280
0.00092346 8280
0.00092535 8280
0.00092723 8280
0.00092912 8280
0.000931 8280
0.00093288 8280
0.00093477 8280
0.00093665 8280
0.00093854 8280
0.00094042 8280
0.00094231 8280
0.00094419 8280
0.00094608 8280
0.00094796 8280
0.00094985 8280
0.00095173 8280
0.00095362 8280
0.0009555 8280
0.00095738 8280
0.00095927 8280
0.00096115 8280
0.00096304 8280
0.00096492 8280
0.00096681 8280
0.00096869 8280
0.00097058 8280
0.00097246 8280
0.00097435 8280
0.00097623 8280
0.00097812 8280
0.00098 8280
0.00098188 8280
0.00098377 8280
0.00098565 8280
0.00098754 8280
0.00098942 8280
0.00099131 8280
0.00099319 8280
0.00099508 8280
0.00099696 8280
0.00099885 8280
0.0010007 8280
0.0010026 8280
0.0010045 8280
0.0010064 8280
0.0010083 8280
0.0010102 8280
0.001012 8280
0.0010139 8280
0.0010158 8280
0.0010177 8280
0.0010196 8280
0.0010215 8280
0.0010233 8280
0.0010252 8280
0.0010271 8280
0.001029 8280
0.0010309 8280
0.0010328 8280
0.0010347 8280
0.0010365 8280
0.0010384 8280
0.0010403 8280
0.0010422 8280
0.0010441 8280
0.001046 8280
0.0010478 8280
0.0010497 8280
0.0010516 8280
0.0010535 8280
0.0010554 8280
0.0010573 8280
0.0010592 8280
0.001061 8280
0.0010629 8280
0.0010648 8280
0.0010667 8280
0.0010686 8280
0.0010705 8280
0.0010723 8280
0.0010742 8280
0.0010761 8280
0.001078 8280
0.0010799 8280
0.0010818 8280
0.0010837 8280
0.0010855 8280
0.0010874 8280
0.0010893 8280
0.0010912 8280
0.0010931 8280
0.001095 8280
0.0010968 8280
0.0010987 8280
0.0011006 8280
0.0011025 8280
0.0011044 8280
0.0011063 8280
0.0011082 8280
0.00111 8280
0.0011119 8280
0.0011138 8280
0.0011157 8280
0.0011176 8280
0.0011195 8280
0.0011213 8280
0.0011232 8280
0.0011251 8280
0.001127 8280
0.0011289 8280
0.0011308 8280
0.0011327 8280
0.0011345 8280
0.0011364 8280
0.0011383 8280
0.0011402 8280
0.0011421 8280
0.001144 8280
0.0011458 8280
0.0011477 8280
0.0011496 8280
0.0011515 8280
0.0011534 8280
0.0011553 8280
0.0011572 8280
0.001159 8280
0.0011609 8280
0.0011628 8280
0.0011647 8280
0.0011666 8280
0.0011685 8280
0.0011703 8280
0.0011722 8280
0.0011741 8280
0.001176 8280
0.0011779 8280
0.0011798 8280
0.0011817 8280
0.0011835 8280
0.0011854 8280
0.0011873 8280
0.0011892 8280
0.0011911 8280
0.001193 8280
0.0011948 8280
0.0011967 8280
0.0011986 8280
0.0012005 8280
0.0012024 8280
0.0012043 8280
0.0012062 8280
0.001208 8280
0.0012099 8280
0.0012118 8280
0.0012137 8280
0.0012156 8280
0.0012175 8280
0.0012193 8280
0.0012212 8280
0.0012231 8280
0.001225 8280
0.0012269 8280
0.0012288 8280
0.0012307 8280
0.0012325 8280
0.0012344 8280
0.0012363 8280
0.0012382 8280
0.0012401 8280
0.001242 8280
0.0012438 8280
0.0012457 8280
0.0012476 8280
0.0012495 8280
0.0012514 8280
0.0012533 8280
0.0012552 8280
0.001257 8280
0.0012589 8280
0.0012608 8280
0.0012627 8280
0.0012646 8280
0.0012665 8280
0.0012683 8280
0.0012702 8280
0.0012721 8280
0.001274 8280
0.0012759 8280
0.0012778 8280
0.0012797 8280
0.0012815 8280
0.0012834 8280
0.0012853 8280
0.0012872 8280
0.0012891 8280
0.001291 8280
0.0012928 8280
0.0012947 8280
0.0012966 8280
0.0012985 8280
0.0013004 8280
0.0013023 8280
0.0013042 8280
0.001306 8280
0.0013079 8280
0.0013098 8280
0.0013117 8280
0.0013136 8280
0.0013155 8280
0.0013173 8280
0.0013192 8280
0.0013211 8280
0.001323 8280
0.0013249 8280
0.0013268 8280
0.0013287 8280
0.0013305 8280
0.0013324 8280
0.0013343 8280
0.0013362 8280
0.0013381 8280
0.00134 8280
0.0013418 8280
0.0013437 8280
0.0013456 8280
0.0013475 8280
0.0013494 8280
0.0013513 8280
0.0013532 8280
0.001355 8280
0.0013569 8280
0.0013588 8280
0.0013607 8280
0.0013626 8280
0.0013645 8280
0.0013663 8280
0.0013682 8280
0.0013701 8280
0.001372 8280
0.0013739 8280
0.0013758 8280
0.0013777 8280
0.0013795 8280
0.0013814 8280
0.0013833 8280
0.0013852 8280
0.0013871 8280
0.001389 8280
0.0013908 8280
0.0013927 8280
0.0013946 8280
0.0013965 8280
0.0013984 8280
0.0014003 8280
0.0014022 8280
0.001404 8280
0.0014059 8280
0.0014078 8280
0.0014097 8280
0.0014116 8280
0.0014135 8280
0.0014153 8280
0.0014172 8280
0.0014191 8280
0.001421 8280
0.0014229 8280
0.0014248 8280
0.0014267 8280
0.0014285 8280
0.0014304 8280
0.0014323 8280
0.0014342 8280
0.0014361 8280
0.001438 8280
0.0014398 8280
0.0014417 8280
0.0014436 8280
0.0014455 8280
0.0014474 8280
0.0014493 8280
0.0014512 8280
0.001453 8280
0.0014549 8280
0.0014568 8280
0.0014587 8280
0.0014606 8280
0.0014625 8280
0.0014643 8280
0.0014662 8280
0.0014681 8280
0.00147 8280
0.0014719 8280
0.0014738 8280
0.0014757 8280
0.0014775 8280
0.0014794 8280
0.0014813 8280
0.0014832 8280
0.0014851 8280
0.001487 8280
0.0014888 8280
0.0014907 8280
0.0014926 8280
0.0014945 8280
0.0014964 8280
0.0014983 8280
0.0015002 8280
0.001502 8280
0.0015039 8280
0.0015058 8280
0.0015077 8280
0.0015096 8280
0.0015115 8280
0.0015133 8280
0.0015152 8280
0.0015171 8280
0.001519 8280
0.0015209 8280
0.0015228 8280
0.0015247 8280
0.0015265 8280
0.0015284 8280
0.0015303 8280
0.0015322 8280
0.0015341 8280
0.001536 8280
0.0015378 8280
0.0015397 8280
0.0015416 8280
0.0015435 8280
0.0015454 8280
0.0015473 8280
0.0015492 8280
0.001551 8280
0.0015529 8280
0.0015548 8280
0.0015567 8280
0.0015586 8280
0.0015605 8280
0.0015623 8280
0.0015642 8280
0.0015661 8280
0.001568 8280
0.0015699 8280
0.0015718 8280
0.0015737 8280
0.0015755 8280
0.0015774 8280
0.0015793 8280
0.0015812 8280
0.0015831 8280
0.001585 8280
0.0015868 8280
0.0015887 8280
0.0015906 8280
0.0015925 8280
0.0015944 8280
0.0015963 8280
0.0015982 8280
0.0016 8280
0.0016019 8280
0.0016038 8280
0.0016057 8280
0.0016076 8280
0.0016095 8280
0.0016113 8280
0.0016132 8280
0.0016151 8280
0.001617 8280
0.0016189 8280
0.0016208 8280
0.0016227 8280
0.0016245 8280
0.0016264 8280
0.0016283 8280
0.0016302 8280
0.0016321 8280
0.001634 8280
0.0016358 8280
0.0016377 8280
0.0016396 8280
0.0016415 8280
0.0016434 8280
0.0016453 8280
0.0016472 8280
0.001649 8280
0.0016509 8280
0.0016528 8280
0.0016547 8280
0.0016566 8280
0.0016585 8280
0.0016603 8280
0.0016622 8280
0.0016641 8280
0.001666 8280
0.0016679 8280
0.0016698 8280
0.0016717 8280
0.0016735 8280
0.0016754 8280
0.0016773 8280
0.0016792 8280
0.0016811 8280
0.001683 8280
0.0016848 8280
0.0016867 8280
0.0016886 8280
0.0016905 8280
0.0016924 8280
0.0016943 8280
0.0016962 8280
0.001698 8280
0.0016999 8280
0.0017018 8280
0.0017037 8280
0.0017056 8280
0.0017075 8280
0.0017093 8280
0.0017112 8280
0.0017131 8280
0.001715 8280
0.0017169 8280
0.0017188 8280
0.0017207 8280
0.0017225 8280
0.0017244 8280
0.0017263 8280
0.0017282 8280
0.0017301 8280
0.001732 8280
0.0017338 8280
0.0017357 8280
0.0017376 8280
0.0017395 8280
0.0017414 8280
0.0017433 8280
0.0017452 8280
0.001747 8280
0.0017489 8280
0.0017508 8280
0.0017527 8280
0.0017546 8280
0.0017565 8280
0.0017583 8280
0.0017602 8280
0.0017621 8280
0.001764 8280
0.0017659 8280
0.0017678 8280
0.0017697 8280
0.0017715 8280
0.0017734 8280
0.0017753 8280
0.0017772 8280
0.0017791 8280
0.001781 8280
0.0017828 8280
0.0017847 8280
0.0017866 8280
0.0017885 8280
0.0017904 8280
0.0017923 8280
0.0017942 8280
0.001796 8280
0.0017979 8280
0.0017998 8280
0.0018017 8280
0.0018036 8280
0.0018055 8280
0.0018073 8280
0.0018092 8280
0.0018111 8280
0.001813 8280
0.0018149 8280
0.0018168 8280
0.0018187 8280
0.0018205 8280
0.0018224 8280
0.0018243 8280
0.0018262 8280
0.0018281 8280
0.00183 8280
0.0018318 8280
0.0018337 8280
0.0018356 8280
0.0018375 8280
0.0018394 8280
0.0018413 8280
0.0018432 8280
0.001845 8280
0.0018469 8280
0.0018488 8280
0.0018507 8280
0.0018526 8280
0.0018545 8280
0.0018563 8280
0.0018582 8280
0.0018601 8280
0.001862 8280
0.0018639 8280
0.0018658 8280
0.0018677 8280
0.0018695 8280
0.0018714 8280
0.0018733 8280
0.0018752 8280
0.0018771 8280
0.001879 8280
0.0018808 8280
0.0018827 8280
0.0018846 8280
0.0018865 8280
0.0018884 8280
0.0018903 8280
0.0018922 8280
0.001894 8280
0.0018959 8280
0.0018978 8280
0.0018997 8280
0.0019016 8280
0.0019035 8280
0.0019053 8280
0.0019072 8280
0.0019091 8280
0.001911 8280
0.0019129 8280
0.0019148 8280
0.0019167 8280
0.0019185 8280
0.0019204 8280
0.0019223 8280
0.0019242 8280
0.0019261 8280
0.001928 8280
0.0019298 8280
0.0019317 8280
0.0019336 8280
0.0019355 8280
0.0019374 8280
0.0019393 8280
0.0019412 8280
0.001943 8280
0.0019449 8280
0.0019468 8280
0.0019487 8280
0.0019506 8280
0.0019525 8280
0.0019543 8280
0.0019562 8280
0.0019581 8280
0.00196 8280
0.0019619 8280
0.0019638 8280
0.0019657 8280
0.0019675 8280
0.0019694 8280
0.0019713 8280
0.0019732 8280
0.0019751 8280
0.001977 8280
0.0019788 8280
0.0019807 8280
0.0019826 8280
0.0019845 8280
0.0019864 8280
0.0019883 8280
0.0019902 8280
0.001992 8280
0.0019939 8280
0.0019958 8280
0.0019977 8280
0.0019996 8280
0.0020015 8280
0.0020033 8280
0.0020052 8280
0.0020071 8280
0.002009 8280
0.0020109 8280
0.0020128 8280
0.0020147 8280
0.0020165 8280
0.0020184 8280
0.0020203 8280
0.0020222 8280
0.0020241 8280
0.002026 8280
0.0020278 8280
0.0020297 8280
0.0020316 8280
0.0020335 8280
0.0020354 8280
0.0020373 8280
0.0020392 8280
0.002041 8280
0.0020429 8280
0.0020448 8280
0.0020467 8280
0.0020486 8280
0.0020505 8280
0.0020523 8280
0.0020542 8280
0.0020561 8280
0.002058 8280
0.0020599 8280
0.0020618 8280
0.0020637 8280
0.0020655 8280
0.0020674 8280
0.0020693 8280
0.0020712 8280
0.0020731 8280
0.002075 8280
0.0020768 8280
0.0020787 8280
0.0020806 8280
0.0020825 8280
0.0020844 8280
0.0020863 8280
0.0020882 8280
0.00209 8280
0.0020919 8280
0.0020938 8280
0.0020957 8280
0.0020976 8280
0.0020995 8280
0.0021013 8280
0.0021032 8280
0.0021051 8280
0.002107 8280
0.0021089 8280
0.0021108 8280
0.0021127 8280
0.0021145 8280
0.0021164 8280
0.0021183 8280
0.0021202 8280
0.0021221 8280
0.002124 8280
0.0021258 8280
0.0021277 8280
0.0021296 8280
0.0021315 8280
0.0021334 8280
0.0021353 8280
0.0021372 8280
0.002139 8280
0.0021409 8280
0.0021428 8280
0.0021447 8280
0.0021466 8280
0.0021485 8280
0.0021503 8280
0.0021522 8280
0.0021541 8280
0.002156 8280
0.0021579 8280
0.0021598 8280
0.0021617 8280
0.0021635 8280
0.0021654 8280
0.0021673 8280
0.0021692 8280
0.0021711 8280
0.002173 8280
0.0021748 8280
0.0021767 8280
0.0021786 8280
0.0021805 8280
0.0021824 8280
0.0021843 8280
0.0021862 8280
0.002188 8280
0.0021899 8280
0.0021918 8280
0.0021937 8280
0.0021956 8280
0.0021975 8280
0.0021993 8280
0.0022012 8280
0.0022031 8280
0.002205 8280
0.0022069 8280
0.0022088 8280
0.0022107 8280
0.0022125 8280
0.0022144 8280
0.0022163 8280
0.0022182 8280
0.0022201 8280
0.002222 8280
0.0022238 8280
0.0022257 8280
0.0022276 8280
0.0022295 8280
0.0022314 8280
0.0022333 8280
0.0022352 8280
0.002237 8280
0.0022389 8280
0.0022408 8280
0.0022427 8280
0.0022446 8280
0.0022465 8280
0.0022483 8280
0.0022502 8280
0.0022521 8280
0.002254 8280
0.0022559 8280
0.0022578 8280
0.0022597 8280
0.0022615 8280
0.0022634 8280
0.0022653 8280
0.0022672 8280
0.0022691 8280
0.002271 8280
0.0022728 8280
0.0022747 8280
0.0022766 8280
0.0022785 8280
0.0022804 8280
0.0022823 8280
0.0022842 8280
0.002286 8280
0.0022879 8280
0.0022898 8280
0.0022917 8280
0.0022936 8280
0.0022955 8280
0.0022973 8280
0.0022992 8280
0.0023011 8280
0.002303 8280
0.0023049 8280
0.0023068 8280
0.0023087 8280
0.0023105 8280
0.0023124 8280
0.0023143 8280
0.0023162 8280
0.0023181 8280
0.00232 8280
0.0023218 8280
0.0023237 8280
0.0023256 8280
0.0023275 8280
0.0023294 8280
0.0023313 8280
0.0023332 8280
0.002335 8280
0.0023369 8280
0.0023388 8280
0.0023407 8280
0.0023426 8280
0.0023445 8280
0.0023463 8280
0.0023482 8280
0.0023501 8280
0.002352 8280
0.0023539 8280
0.0023558 8280
0.0023577 8280
0.0023595 8280
0.0023614 8280
0.0023633 8280
0.0023652 8280
0.0023671 8280
0.002369 8280
0.0023708 8280
0.0023727 8280
0.0023746 8280
0.0023765 8280
0.0023784 8280
0.0023803 8280
0.0023822 8280
0.002384 8280
0.0023859 8280
0.0023878 8280
0.0023897 8280
0.0023916 8280
0.0023935 8280
0.0023953 8280
0.0023972 8280
0.0023991 8280
0.002401 8280
0.0024029 8280
0.0024048 8280
0.0024067 8280
0.0024085 8280
0.0024104 8280
0.0024123 8280
0.0024142 8280
0.0024161 8280
0.002418 8280
0.0024198 8280
0.0024217 8280
0.0024236 8280
0.0024255 8280
0.0024274 8280
0.0024293 8280
0.0024312 8280
0.002433 8280
0.0024349 8280
0.0024368 8280
0.0024387 8280
0.0024406 8280
0.0024425 8280
0.0024443 8280
0.0024462 8280
0.0024481 8280
0.00245 8280
0.0024519 8280
0.0024538 8280
0.0024557 8280
0.0024575 8280
0.0024594 8280
0.0024613 8280
0.0024632 8280
0.0024651 8280
0.002467 8280
0.0024688 8280
0.0024707 8280
0.0024726 8280
0.0024745 8280
0.0024764 8280
0.0024783 8280
0.0024802 8280
0.002482 8280
0.0024839 8280
0.0024858 8280
0.0024877 8280
0.0024896 8280
0.0024915 8280
0.0024933 8280
0.0024952 8280
0.0024971 8280
0.002499 8280
0.0025009 8280
0.0025028 8280
0.0025047 8280
0.0025065 8280
0.0025084 8280
0.0025103 8280
0.0025122 8280
0.0025141 8280
0.002516 8280
0.0025178 8280
0.0025197 8280
0.0025216 8280
0.0025235 8280
0.0025254 8280
0.0025273 8280
0.0025292 8280
0.002531 8280
0.0025329 8280
0.0025348 8280
0.0025367 8280
0.0025386 8280
0.0025405 8280
0.0025423 8280
0.0025442 8280
0.0025461 8280
0.002548 8280
0.0025499 8280
0.0025518 8280
0.0025537 8280
0.0025555 8280
0.0025574 8280
0.0025593 8280
0.0025612 8280
0.0025631 8280
0.002565 8280
0.0025668 8280
0.0025687 8280
0.0025706 8280
0.0025725 8280
0.0025744 8280
0.0025763 8280
0.0025782 8280
0.00258 8280
0.0025819 8280
0.0025838 8280
0.0025857 8280
0.0025876 8280
0.0025895 8280
0.0025913 8280
0.0025932 8280
0.0025951 8280
0.002597 8280
0.0025989 8280
0.0026008 8280
0.0026027 8280
0.0026045 8280
0.0026064 8280
0.0026083 8280
0.0026102 8280
0.0026121 8280
0.002614 8280
0.0026158 8280
0.0026177 8280
0.0026196 8280
0.0026215 8280
0.0026234 8280
0.0026253 8280
0.0026272 8280
0.002629 8280
0.0026309 8280
0.0026328 8280
0.0026347 8280
0.0026366 8280
0.0026385 8280
0.0026403 8280
0.0026422 8280
0.0026441 8280
0.002646 8280
0.0026479 8280
0.0026498 8280
0.0026517 8280
0.0026535 8280
0.0026554 8280
0.0026573 8280
0.0026592 8280
0.0026611 8280
0.002663 8280
0.0026648 8280
0.0026667 8280
0.0026686 8280
0.0026705 8280
0.0026724 8280
0.0026743 8280
0.0026762 8280
0.002678 8280
0.0026799 8280
0.0026818 8280
0.0026837 8280
0.0026856 8280
0.0026875 8280
0.0026893 8280
0.0026912 8280
0.0026931 8280
0.002695 8280
0.0026969 8280
0.0026988 8280
0.0027007 8280
0.0027025 8280
0.0027044 8280
0.0027063 8280
0.0027082 8280
0.0027101 8280
0.002712 8280
0.0027138 8280
0.0027157 8280
0.0027176 8280
0.0027195 8280
0.0027214 8280
0.0027233 8280
0.0027252 8280
0.002727 8280
0.0027289 8280
0.0027308 8280
0.0027327 8280
0.0027346 8280
0.0027365 8280
0.0027383 8280
0.0027402 8280
0.0027421 8280
0.002744 8280
0.0027459 8280
0.0027478 8280
0.0027497 8280
0.0027515 8280
0.0027534 8280
0.0027553 8280
0.0027572 8280
0.0027591 8280
0.002761 8280
0.0027628 8280
0.0027647 8280
0.0027666 8280
0.0027685 8280
0.0027704 8280
0.0027723 8280
0.0027742 8280
0.002776 8280
0.0027779 8280
0.0027798 8280
0.0027817 8280
0.0027836 8280
0.0027855 8280
0.0027873 8280
0.0027892 8280
0.0027911 8280
0.002793 8280
0.0027949 8280
0.0027968 8280
0.0027987 8280
0.0028005 8280
0.0028024 8280
0.0028043 8280
0.0028062 8280
0.0028081 8280
0.00281 8280
0.0028118 8280
0.0028137 8280
0.0028156 8280
0.0028175 8280
0.0028194 8280
0.0028213 8280
0.0028232 8280
0.002825 8280
0.0028269 8280
0.0028288 8280
0.0028307 8280
0.0028326 8280
0.0028345 8280
0.0028363 8280
0.0028382 8280
0.0028401 8280
0.002842 8280
0.0028439 8280
0.0028458 8280
0.0028477 8280
0.0028495 8280
0.0028514 8280
0.0028533 8280
0.0028552 8280
0.0028571 8280
0.002859 8280
0.0028608 8280
0.0028627 8280
0.0028646 8280
0.0028665 8280
0.0028684 8280
0.0028703 8280
0.0028722 8280
0.002874 8280
0.0028759 8280
0.0028778 8280
0.0028797 8280
0.0028816 8280
0.0028835 8280
0.0028853 8280
0.0028872 8280
0.0028891 8280
0.002891 8280
0.0028929 8280
0.0028948 8280
0.0028967 8280
0.0028985 8280
0.0029004 8280
0.0029023 8280
0.0029042 8280
0.0029061 8280
0.002908 8280
0.0029098 8280
0.0029117 8280
0.0029136 8280
0.0029155 8280
0.0029174 8280
0.0029193 8280
0.0029212 8280
0.002923 8280
0.0029249 8280
0.0029268 8280
0.0029287 8280
0.0029306 8280
0.0029325 8280
0.0029343 8280
0.0029362 8280
0.0029381 8280
0.00294 8280
0.0029419 8280
0.0029438 8280
0.0029457 8280
0.0029475 8280
0.0029494 8280
0.0029513 8280
0.0029532 8280
0.0029551 8280
0.002957 8280
0.0029588 8280
0.0029607 8280
0.0029626 8280
0.0029645 8280
0.0029664 8280
0.0029683 8280
0.0029702 8280
0.002972 8280
0.0029739 8280
0.0029758 8280
0.0029777 8280
0.0029796 8280
0.0029815 8280
0.0029833 8280
0.0029852 8280
0.0029871 8280
0.002989 8280
0.0029909 8280
0.0029928 8280
0.0029947 8280
0.0029965 8280
0.0029984 8280
0.0030003 8280
0.0030022 8280
0.0030041 8280
0.003006 8280
0.0030078 8280
0.0030097 8280
0.0030116 8280
0.0030135 8280
0.0030154 8280
0.0030173 8280
0.0030192 8280
0.003021 8280
0.0030229 8280
0.0030248 8280
0.0030267 8280
0.0030286 8280
0.0030305 8280
0.0030323 8280
0.0030342 8280
0.0030361 8280
0.003038 8280
0.0030399 8280
0.0030418 8280
0.0030437 8280
0.0030455 8280
0.0030474 8280
0.0030493 8280
0.0030512 8280
0.0030531 8280
0.003055 8280
0.0030568 8280
0.0030587 8280
0.0030606 8280
0.0030625 8280
0.0030644 8280
0.0030663 8280
0.0030682 8280
0.00307 8280
0.0030719 8280
0.0030738 8280
0.0030757 8280
0.0030776 8280
0.0030795 8280
0.0030813 8280
0.0030832 8280
0.0030851 8280
0.003087 8280
0.0030889 8280
0.0030908 8280
0.0030927 8280
0.0030945 8280
0.0030964 8280
0.0030983 8280
0.0031002 8280
0.0031021 8280
0.003104 8280
0.0031058 8280
0.0031077 8280
0.0031096 8280
0.0031115 8280
0.0031134 8280
0.0031153 8280
0.0031172 8280
0.003119 8280
0.0031209 8280
0.0031228 8280
0.0031247 8280
0.0031266 8280
0.0031285 8280
0.0031303 8280
0.0031322 8280
0.0031341 8280
0.003136 8280
0.0031379 8280
0.0031398 8280
0.0031417 8280
0.0031435 8280
0.0031454 8280
0.0031473 8280
0.0031492 8280
0.0031511 8280
0.003153 8280
0.0031548 8280
0.0031567 8280
0.0031586 8280
0.0031605 8280
0.0031624 8280
0.0031643 8280
0.0031662 8280
0.003168 8280
0.0031699 8280
0.0031718 8280
0.0031737 8280
0.0031756 8280
0.0031775 8280
0.0031793 8280
0.0031812 8280
0.0031831 8280
0.003185 8280
0.0031869 8280
0.0031888 8280
0.0031907 8280
0.0031925 8280
0.0031944 8280
0.0031963 8280
0.0031982 8280
0.0032001 8280
0.003202 8280
0.0032038 8280
0.0032057 8280
0.0032076 8280
0.0032095 8280
0.0032114 8280
0.0032133 8280
0.0032152 8280
0.003217 8280
0.0032189 8280
0.0032208 8280
0.0032227 8280
0.0032246 8280
0.0032265 8280
0.0032283 8280
0.0032302 8280
0.0032321 8280
0.003234 8280
0.0032359 8280
0.0032378 8280
0.0032397 8280
0.0032415 8280
0.0032434 8280
0.0032453 8280
0.0032472 8280
0.0032491 8280
0.003251 8280
0.0032528 8280
0.0032547 8280
0.0032566 8280
0.0032585 8280
0.0032604 8280
0.0032623 8280
0.0032642 8280
0.003266 8280
0.0032679 8280
0.0032698 8280
0.0032717 8280
0.0032736 8280
0.0032755 8280
0.0032773 8280
0.0032792 8280
0.0032811 8280
0.003283 8280
0.0032849 8280
0.0032868 8280
0.0032887 8280
0.0032905 8280
0.0032924 8280
0.0032943 8280
0.0032962 8280
0.0032981 8280
0.0033 8280
0.0033018 8280
0.0033037 8280
0.0033056 8280
0.0033075 8280
0.0033094 8280
0.0033113 8280
0.0033132 8280
0.003315 8280
0.0033169 8280
0.0033188 8280
0.0033207 8280
0.0033226 8280
0.0033245 8280
0.0033263 8280
0.0033282 8280
0.0033301 8280
0.003332 8280
0.0033339 8280
0.0033358 8280
0.0033377 8280
0.0033395 8280
0.0033414 8280
0.0033433 8280
0.0033452 8280
0.0033471 8280
0.003349 8280
0.0033508 8280
0.0033527 8280
0.0033546 8280
0.0033565 8280
0.0033584 8280
0.0033603 8280
0.0033622 8280
0.003364 8280
0.0033659 8280
0.0033678 8280
0.0033697 8280
0.0033716 8280
0.0033735 8280
0.0033753 8280
0.0033772 8280
0.0033791 8280
0.003381 8280
0.0033829 8280
0.0033848 8280
0.0033867 8280
0.0033885 8280
0.0033904 8280
0.0033923 8280
0.0033942 8280
0.0033961 8280
0.003398 8280
0.0033998 8280
0.0034017 8280
0.0034036 8280
0.0034055 8280
0.0034074 8280
0.0034093 8280
0.0034112 8280
0.003413 8280
0.0034149 8280
0.0034168 8280
0.0034187 8280
0.0034206 8280
0.0034225 8280
0.0034243 8280
0.0034262 8280
0.0034281 8280
0.00343 8280
0.0034319 8280
0.0034338 8280
0.0034357 8280
0.0034375 8280
0.0034394 8280
0.0034413 8280
0.0034432 8280
0.0034451 8280
0.003447 8280
0.0034488 8280
0.0034507 8280
0.0034526 8280
0.0034545 8280
0.0034564 8280
0.0034583 8280
0.0034602 8280
0.003462 8280
0.0034639 8280
0.0034658 8280
0.0034677 8280
0.0034696 8280
0.0034715 8280
0.0034733 8280
0.0034752 8280
0.0034771 8280
0.003479 8280
0.0034809 8280
0.0034828 8280
0.0034847 8280
0.0034865 8280
0.0034884 8280
0.0034903 8280
0.0034922 8280
0.0034941 8280
0.003496 8280
0.0034978 8280
0.0034997 8280
0.0035016 8280
0.0035035 8280
0.0035054 8280
0.0035073 8280
0.0035092 8280
0.003511 8280
0.0035129 8280
0.0035148 8280
0.0035167 8280
0.0035186 8280
0.0035205 8280
0.0035223 8280
0.0035242 8280
0.0035261 8280
0.003528 8280
0.0035299 8280
0.0035318 8280
0.0035337 8280
0.0035355 8280
0.0035374 8280
0.0035393 8280
0.0035412 8280
0.0035431 8280
0.003545 8280
0.0035468 8280
0.0035487 8280
0.0035506 8280
0.0035525 8280
0.0035544 8280
0.0035563 8280
0.0035582 8280
0.00356 8280
0.0035619 8280
0.0035638 8280
0.0035657 8280
0.0035676 8280
0.0035695 8280
0.0035713 8280
0.0035732 8280
0.0035751 8280
0.003577 8280
0.0035789 8280
0.0035808 8280
0.0035827 8280
0.0035845 8280
0.0035864 8280
0.0035883 8280
0.0035902 8280
0.0035921 8280
0.003594 8280
0.0035958 8280
0.0035977 8280
0.0035996 8280
0.0036015 8280
0.0036034 8280
0.0036053 8280
0.0036072 8280
0.003609 8280
0.0036109 8280
0.0036128 8280
0.0036147 8280
0.0036166 8280
0.0036185 8280
0.0036203 8280
0.0036222 8280
0.0036241 8280
0.003626 8280
0.0036279 8280
0.0036298 8280
0.0036317 8280
0.0036335 8280
0.0036354 8280
0.0036373 8280
0.0036392 8280
0.0036411 8280
0.003643 8280
0.0036448 8280
0.0036467 8280
0.0036486 8280
0.0036505 8280
0.0036524 8280
0.0036543 8280
0.0036562 8280
0.003658 8280
0.0036599 8280
0.0036618 8280
0.0036637 8280
0.0036656 8280
0.0036675 8280
0.0036693 8280
0.0036712 8280
0.0036731 8280
0.003675 8280
0.0036769 8280
0.0036788 8280
0.0036807 8280
0.0036825 8280
0.0036844 8280
0.0036863 8280
0.0036882 8280
0.0036901 8280
0.003692 8280
0.0036938 8280
0.0036957 8280
0.0036976 8280
0.0036995 8280
0.0037014 8280
0.0037033 8280
0.0037052 8280
0.003707 8280
0.0037089 8280
0.0037108 8280
0.0037127 8280
0.0037146 8280
0.0037165 8280
0.0037183 8280
0.0037202 8280
0.0037221 8280
0.003724 8280
0.0037259 8280
0.0037278 8280
0.0037297 8280
0.0037315 8280
0.0037334 8280
0.0037353 8280
0.0037372 8280
0.0037391 8280
0.003741 8280
0.0037428 8280
0.0037447 8280
0.0037466 8280
0.0037485 8280
0.0037504 8280
0.0037523 8280
0.0037542 8280
0.003756 8280
0.0037579 8280
0.0037598 8280
0.0037617 8280
0.0037636 8280
0.0037655 8280
0.0037673 8280
0.0037692 8280
0.0037711 8280
0.003773 8280
0.0037749 8280
0.0037768 8280
0.0037787 8280
0.0037805 8280
0.0037824 8280
0.0037843 8280
0.0037862 8280
0.0037881 8280
0.00379 8280
0.0037918 8280
0.0037937 8280
0.0037956 8280
0.0037975 8280
0.0037994 8280
0.0038013 8280
0.0038032 8280
0.003805 8280
0.0038069 8280
0.0038088 8280
0.0038107 8280
0.0038126 8280
0.0038145 8280
0.0038163 8280
0.0038182 8280
0.0038201 8280
0.003822 8280
0.0038239 8280
0.0038258 8280
0.0038277 8280
0.0038295 8280
0.0038314 8280
0.0038333 8280
0.0038352 8280
0.0038371 8280
0.003839 8280
0.0038408 8280
0.0038427 8280
0.0038446 8280
0.0038465 8280
0.0038484 8280
0.0038503 8280
0.0038522 8280
0.003854 8280
0.0038559 8280
0.0038578 8280
0.0038597 8280
0.0038616 8280
0.0038635 8280
0.0038653 8280
0.0038672 8280
0.0038691 8280
0.003871 8280
0.0038729 8280
0.0038748 8280
0.0038767 8280
0.0038785 8280
0.0038804 8280
0.0038823 8280
0.0038842 8280
0.0038861 8280
0.003888 8280
0.0038898 8280
0.0038917 8280
0.0038936 8280
0.0038955 8280
0.0038974 8280
0.0038993 8280
0.0039012 8280
0.003903 8280
0.0039049 8280
0.0039068 8280
0.0039087 8280
0.0039106 8280
0.0039125 8280
0.0039143 8280
0.0039162 8280
0.0039181 8280
0.00392 8280
0.0039219 8280
0.0039238 8280
0.0039257 8280
0.0039275 8280
0.0039294 8280
0.0039313 8280
0.0039332 8280
0.0039351 8280
0.003937 8280
0.0039388 8280
0.0039407 8280
0.0039426 8280
0.0039445 8280
0.0039464 8280
0.0039483 8280
0.0039502 8280
0.003952 8280
0.0039539 8280
0.0039558 8280
0.0039577 8280
0.0039596 8280
0.0039615 8280
0.0039633 8280
0.0039652 8280
0.0039671 8280
0.003969 8280
0.0039709 8280
0.0039728 8280
0.0039747 8280
0.0039765 8280
0.0039784 8280
0.0039803 8280
0.0039822 8280
0.0039841 8280
0.003986 8280
0.0039878 8280
0.0039897 8280
0.0039916 8280
0.0039935 8280
0.0039954 8280
0.0039973 8280
0.0039992 8280
0.004001 8280
0.0040029 8280
0.0040048 8280
0.0040067 8280
0.0040086 8280
0.0040105 8280
0.0040123 8280
0.0040142 8280
0.0040161 8280
0.004018 8280
0.0040199 8280
0.0040218 8280
0.0040237 8280
0.0040255 8280
0.0040274 8280
0.0040293 8280
0.0040312 8280
0.0040331 8280
0.004035 8280
0.0040368 8280
0.0040387 8280
0.0040406 8280
0.0040425 8280
0.0040444 8280
0.0040463 8280
0.0040482 8280
0.00405 8280
0.0040519 8280
0.0040538 8280
0.0040557 8280
0.0040576 8280
0.0040595 8280
0.0040613 8280
0.0040632 8280
0.0040651 8280
0.004067 8280
0.0040689 8280
0.0040708 8280
0.0040727 8280
0.0040745 8280
0.0040764 8280
0.0040783 8280
0.0040802 8280
0.0040821 8280
0.004084 8280
0.0040858 8280
0.0040877 8280
0.0040896 8280
0.0040915 8280
0.0040934 8280
0.0040953 8280
0.0040972 8280
0.004099 8280
0.0041009 8280
0.0041028 8280
0.0041047 8280
0.0041066 8280
0.0041085 8280
0.0041103 8280
0.0041122 8280
0.0041141 8280
0.004116 8280
0.0041179 8280
0.0041198 8280
0.0041217 8280
0.0041235 8280
0.0041254 8280
0.0041273 8280
0.0041292 8280
0.0041311 8280
0.004133 8280
0.0041348 8280
0.0041367 8280
0.0041386 8280
0.0041405 8280
0.0041424 8280
0.0041443 8280
0.0041462 8280
0.004148 8280
0.0041499 8280
0.0041518 8280
0.0041537 8280
0.0041556 8280
0.0041575 8280
0.0041593 8280
0.0041612 8280
0.0041631 8280
0.004165 8280
0.0041669 8280
0.0041688 8280
0.0041707 8280
0.0041725 8280
0.0041744 8280
0.0041763 8280
0.0041782 8280
0.0041801 8280
0.004182 8280
0.0041838 8280
0.0041857 8280
0.0041876 8280
0.0041895 8280
0.0041914 8280
0.0041933 8280
0.0041952 8280
0.004197 8280
0.0041989 8280
0.0042008 8280
0.0042027 8280
0.0042046 8280
0.0042065 8280
0.0042083 8280
0.0042102 8280
0.0042121 8280
0.004214 8280
0.0042159 8280
0.0042178 8280
0.0042197 8280
0.0042215 8280
0.0042234 8280
0.0042253 8280
0.0042272 8280
0.0042291 8280
0.004231 8280
0.0042328 8280
0.0042347 8280
0.0042366 8280
0.0042385 8280
0.0042404 8280
0.0042423 8280
0.0042442 8280
0.004246 8280
0.0042479 8280
0.0042498 8280
0.0042517 8280
0.0042536 8280
0.0042555 8280
0.0042573 8280
0.0042592 8280
0.0042611 8280
0.004263 8280
0.0042649 8280
0.0042668 8280
0.0042687 8280
0.0042705 8280
0.0042724 8280
0.0042743 8280
0.0042762 8280
0.0042781 8280
0.00428 8280
0.0042818 8280
0.0042837 8280
0.0042856 8280
0.0042875 8280
0.0042894 8280
0.0042913 8280
0.0042932 8280
0.004295 8280
0.0042969 8280
0.0042988 8280
0.0043007 8280
0.0043026 8280
0.0043045 8280
0.0043063 8280
0.0043082 8280
0.0043101 8280
0.004312 8280
0.0043139 8280
0.0043158 8280
0.0043177 8280
0.0043195 8280
0.0043214 8280
0.0043233 8280
0.0043252 8280
0.0043271 8280
0.004329 8280
0.0043308 8280
0.0043327 8280
0.0043346 8280
0.0043365 8280
0.0043384 8280
0.0043403 8280
0.0043422 8280
0.004344 8280
0.0043459 8280
0.0043478 8280
0.0043497 8280
0.0043516 8280
0.0043535 8280
0.0043553 8280
0.0043572 8280
0.0043591 8280
0.004361 8280
0.0043629 8280
0.0043648 8280
0.0043667 8280
0.0043685 8280
0.0043704 8280
0.0043723 8280
0.0043742 8280
0.0043761 8280
0.004378 8280
0.0043798 8280
0.0043817 8280
0.0043836 8280
0.0043855 8280
0.0043874 8280
0.0043893 8280
0.0043912 8280
0.004393 8280
0.0043949 8280
0.0043968 8280
0.0043987 8280
0.0044006 8280
0.0044025 8280
0.0044043 8280
0.0044062 8280
0.0044081 8280
0.00441 8280
0.0044119 8280
0.0044138 8280
0.0044157 8280
0.0044175 8280
0.0044194 8280
0.0044213 8280
0.0044232 8280
0.0044251 8280
0.004427 8280
0.0044288 8280
0.0044307 8280
0.0044326 8280
0.0044345 8280
0.0044364 8280
0.0044383 8280
0.0044402 8280
0.004442 8280
0.0044439 8280
0.0044458 8280
0.0044477 8280
0.0044496 8280
0.0044515 8280
0.0044533 8280
0.0044552 8280
0.0044571 8280
0.004459 8280
0.0044609 8280
0.0044628 8280
0.0044647 8280
0.0044665 8280
0.0044684 8280
0.0044703 8280
0.0044722 8280
0.0044741 8280
0.004476 8280
0.0044778 8280
0.0044797 8280
0.0044816 8280
0.0044835 8280
0.0044854 8280
0.0044873 8280
0.0044892 8280
0.004491 8280
0.0044929 8280
0.0044948 8280
0.0044967 8280
0.0044986 8280
0.0045005 8280
0.0045023 8280
0.0045042 8280
0.0045061 8280
0.004508 8280
0.0045099 8280
0.0045118 8280
0.0045137 8280
0.0045155 8280
0.0045174 8280
0.0045193 8280
0.0045212 8280
0.0045231 8280
0.004525 8280
0.0045268 8280
0.0045287 8280
0.0045306 8280
0.0045325 8280
0.0045344 8280
0.0045363 8280
0.0045382 8280
0.00454 8280
0.0045419 8280
0.0045438 8280
0.0045457 8280
0.0045476 8280
0.0045495 8280
0.0045513 8280
0.0045532 8280
0.0045551 8280
0.004557 8280
0.0045589 8280
0.0045608 8280
0.0045627 8280
0.0045645 8280
0.0045664 8280
0.0045683 8280
0.0045702 8280
0.0045721 8280
0.004574 8280
0.0045758 8280
0.0045777 8280
0.0045796 8280
0.0045815 8280
0.0045834 8280
0.0045853 8280
0.0045872 8280
0.004589 8280
0.0045909 8280
0.0045928 8280
0.0045947 8280
0.0045966 8280
0.0045985 8280
0.0046003 8280
0.0046022 8280
0.0046041 8280
0.004606 8280
0.0046079 8280
0.0046098 8280
0.0046117 8280
0.0046135 8280
0.0046154 8280
0.0046173 8280
0.0046192 8280
0.0046211 8280
0.004623 8280
0.0046248 8280
0.0046267 8280
0.0046286 8280
0.0046305 8280
0.0046324 8280
0.0046343 8280
0.0046362 8280
0.004638 8280
0.0046399 8280
0.0046418 8280
0.0046437 8280
0.0046456 8280
0.0046475 8280
0.0046493 8280
0.0046512 8280
0.0046531 8280
0.004655 8280
0.0046569 8280
0.0046588 8280
0.0046607 8280
0.0046625 8280
0.0046644 8280
0.0046663 8280
0.0046682 8280
0.0046701 8280
0.004672 8280
0.0046738 8280
0.0046757 8280
0.0046776 8280
0.0046795 8280
0.0046814 8280
0.0046833 8280
0.0046852 8280
0.004687 8280
0.0046889 8280
0.0046908 8280
0.0046927 8280
0.0046946 8280
0.0046965 8280
0.0046983 8280
0.0047002 8280
0.0047021 8280
0.004704 8280
0.0047059 8280
0.0047078 8280
0.0047097 8280
0.0047115 8280
0.0047134 8280
0.0047153 8280
0.0047172 8280
0.0047191 8280
0.004721 8280
0.0047228 8280
0.0047247 8280
0.0047266 8280
0.0047285 8280
0.0047304 8280
0.0047323 8280
0.0047342 8280
0.004736 8280
0.0047379 8280
0.0047398 8280
0.0047417 8280
0.0047436 8280
0.0047455 8280
0.0047473 8280
0.0047492 8280
0.0047511 8280
0.004753 8280
0.0047549 8280
0.0047568 8280
0.0047587 8280
0.0047605 8280
0.0047624 8280
0.0047643 8280
0.0047662 8280
0.0047681 8280
0.00477 8280
0.0047718 8280
0.0047737 8280
0.0047756 8280
0.0047775 8280
0.0047794 8280
0.0047813 8280
0.0047832 8280
0.004785 8280
0.0047869 8280
0.0047888 8280
0.0047907 8280
0.0047926 8280
0.0047945 8280
0.0047963 8280
0.0047982 8280
0.0048001 8280
0.004802 8280
0.0048039 8280
0.0048058 8280
0.0048077 8280
0.0048095 8280
0.0048114 8280
0.0048133 8280
0.0048152 8280
0.0048171 8280
0.004819 8280
0.0048208 8280
0.0048227 8280
0.0048246 8280
0.0048265 8280
0.0048284 8280
0.0048303 8280
0.0048322 8280
0.004834 8280
0.0048359 8280
0.0048378 8280
0.0048397 8280
0.0048416 8280
0.0048435 8280
0.0048453 8280
0.0048472 8280
0.0048491 8280
0.004851 8280
0.0048529 8280
0.0048548 8280
0.0048567 8280
0.0048585 8280
0.0048604 8280
0.0048623 8280
0.0048642 8280
0.0048661 8280
0.004868 8280
0.0048698 8280
0.0048717 8280
0.0048736 8280
0.0048755 8280
0.0048774 8280
0.0048793 8280
0.0048812 8280
0.004883 8280
0.0048849 8280
0.0048868 8280
0.0048887 8280
0.0048906 8280
0.0048925 8280
0.0048943 8280
0.0048962 8280
0.0048981 8280
0.0049 8280
0.0049019 8280
0.0049038 8280
0.0049057 8280
0.0049075 8280
0.0049094 8280
0.0049113 8280
0.0049132 8280
0.0049151 8280
0.004917 8280
0.0049188 8280
0.0049207 8280
0.0049226 8280
0.0049245 8280
0.0049264 8280
0.0049283 8280
0.0049302 8280
0.004932 8280
0.0049339 8280
0.0049358 8280
0.0049377 8280
0.0049396 8280
0.0049415 8280
0.0049433 8280
0.0049452 8280
0.0049471 8280
0.004949 8280
0.0049509 8280
0.0049528 8280
0.0049547 8280
0.0049565 8280
0.0049584 8280
0.0049603 8280
0.0049622 8280
0.0049641 8280
0.004966 8280
0.0049678 8280
0.0049697 8280
0.0049716 8280
0.0049735 8280
0.0049754 8280
0.0049773 8280
0.0049792 8280
0.004981 8280
0.0049829 8280
0.0049848 8280
0.0049867 8280
0.0049886 8280
0.0049905 8280
0.0049923 8280
0.0049942 8280
0.0049961 8280
0.004998 8280
0.0049999 8280
0.0050018 8280
0.0050037 8280
0.0050055 8280
0.0050074 8280
0.0050093 8280
0.0050112 8280
0.0050131 8280
0.005015 8280
0.0050168 8280
0.0050187 8280
0.0050206 8280
0.0050225 8280
0.0050244 8280
0.0050263 8280
0.0050282 8280
0.00503 8280
0.0050319 8280
0.0050338 8280
0.0050357 8280
0.0050376 8280
0.0050395 8280
0.0050413 8280
0.0050432 8280
0.0050451 8280
0.005047 8280
0.0050489 8280
0.0050508 8280
0.0050527 8280
0.0050545 8280
0.0050564 8280
0.0050583 8280
0.0050602 8280
0.0050621 8280
0.005064 8280
0.0050658 8280
0.0050677 8280
0.0050696 8280
0.0050715 8280
0.0050734 8280
0.0050753 8280
0.0050772 8280
0.005079 8280
0.0050809 8280
0.0050828 8280
0.0050847 8280
0.0050866 8280
0.0050885 8280
0.0050903 8280
0.0050922 8280
0.0050941 8280
0.005096 8280
0.0050979 8280
0.0050998 8280
0.0051017 8280
0.0051035 8280
0.0051054 8280
0.0051073 8280
0.0051092 8280
0.0051111 8280
0.005113 8280
0.0051148 8280
0.0051167 8280
0.0051186 8280
0.0051205 8280
0.0051224 8280
0.0051243 8280
0.0051262 8280
0.005128 8280
0.0051299 8280
0.0051318 8280
0.0051337 8280
0.0051356 8280
0.0051375 8280
0.0051393 8280
0.0051412 8280
0.0051431 8280
0.005145 8280
0.0051469 8280
0.0051488 8280
0.0051507 8280
0.0051525 8280
0.0051544 8280
0.0051563 8280
0.0051582 8280
0.0051601 8280
0.005162 8280
0.0051638 8280
0.0051657 8280
0.0051676 8280
0.0051695 8280
0.0051714 8280
0.0051733 8280
0.0051752 8280
0.005177 8280
0.0051789 8280
0.0051808 8280
0.0051827 8280
0.0051846 8280
0.0051865 8280
0.0051883 8280
0.0051902 8280
0.0051921 8280
0.005194 8280
0.0051959 8280
0.0051978 8280
0.0051997 8280
0.0052015 8280
0.0052034 8280
0.0052053 8280
0.0052072 8280
0.0052091 8280
0.005211 8280
0.0052128 8280
0.0052147 8280
0.0052166 8280
0.0052185 8280
0.0052204 8280
0.0052223 8280
0.0052242 8280
0.005226 8280
0.0052279 8280
0.0052298 8280
0.0052317 8280
0.0052336 8280
0.0052355 8280
0.0052373 8280
0.0052392 8280
0.0052411 8280
0.005243 8280
0.0052449 8280
0.0052468 8280
0.0052487 8280
0.0052505 8280
0.0052524 8280
0.0052543 8280
0.0052562 8280
0.0052581 8280
0.00526 8280
0.0052618 8280
0.0052637 8280
0.0052656 8280
0.0052675 8280
0.0052694 8280
0.0052713 8280
0.0052732 8280
0.005275 8280
0.0052769 8280
0.0052788 8280
0.0052807 8280
0.0052826 8280
0.0052845 8280
0.0052863 8280
0.0052882 8280
0.0052901 8280
0.005292 8280
0.0052939 8280
0.0052958 8280
0.0052977 8280
0.0052995 8280
0.0053014 8280
0.0053033 8280
0.0053052 8280
0.0053071 8280
0.005309 8280
0.0053108 8280
0.0053127 8280
0.0053146 8280
0.0053165 8280
0.0053184 8280
0.0053203 8280
0.0053222 8280
0.005324 8280
0.0053259 8280
0.0053278 8280
0.0053297 8280
0.0053316 8280
0.0053335 8280
0.0053353 8280
0.0053372 8280
0.0053391 8280
0.005341 8280
0.0053429 8280
0.0053448 8280
0.0053467 8280
0.0053485 8280
0.0053504 8280
0.0053523 8280
0.0053542 8280
0.0053561 8280
0.005358 8280
0.0053598 8280
0.0053617 8280
0.0053636 8280
0.0053655 8280
0.0053674 8280
0.0053693 8280
0.0053712 8280
0.005373 8280
0.0053749 8280
0.0053768 8280
0.0053787 8280
0.0053806 8280
0.0053825 8280
0.0053843 8280
0.0053862 8280
0.0053881 8280
0.00539 8280
0.0053919 8280
0.0053938 8280
0.0053957 8280
0.0053975 8280
0.0053994 8280
0.0054013 8280
0.0054032 8280
0.0054051 8280
0.005407 8280
0.0054088 8280
0.0054107 8280
0.0054126 8280
0.0054145 8280
0.0054164 8280
0.0054183 8280
0.0054202 8280
0.005422 8280
0.0054239 8280
0.0054258 8280
0.0054277 8280
0.0054296 8280
0.0054315 8280
0.0054333 8280
0.0054352 8280
0.0054371 8280
0.005439 8280
0.0054409 8280
0.0054428 8280
0.0054447 8280
0.0054465 8280
0.0054484 8280
0.0054503 8280
0.0054522 8280
0.0054541 8280
0.005456 8280
0.0054578 8280
0.0054597 8280
0.0054616 8280
0.0054635 8280
0.0054654 8280
0.0054673 8280
0.0054692 8280
0.005471 8280
0.0054729 8280
0.0054748 8280
0.0054767 8280
0.0054786 8280
0.0054805 8280
0.0054823 8280
0.0054842 8280
0.0054861 8280
0.005488 8280
0.0054899 8280
0.0054918 8280
0.0054937 8280
0.0054955 8280
0.0054974 8280
0.0054993 8280
0.0055012 8280
0.0055031 8280
0.005505 8280
0.0055068 8280
0.0055087 8280
0.0055106 8280
0.0055125 8280
0.0055144 8280
0.0055163 8280
0.0055182 8280
0.00552 8280
0.0055219 8280
0.0055238 8280
0.0055257 8280
0.0055276 8280
0.0055295 8280
0.0055313 8280
0.0055332 8280
0.0055351 8280
0.005537 8280
0.0055389 8280
0.0055408 8280
0.0055427 8280
0.0055445 8280
0.0055464 8280
0.0055483 8280
0.0055502 8280
0.0055521 8280
0.005554 8280
0.0055558 8280
0.0055577 8280
0.0055596 8280
0.0055615 8280
0.0055634 8280
0.0055653 8280
0.0055672 8280
0.005569 8280
0.0055709 8280
0.0055728 8280
0.0055747 8280
0.0055766 8280
0.0055785 8280
0.0055803 8280
0.0055822 8280
0.0055841 8280
0.005586 8280
0.0055879 8280
0.0055898 8280
0.0055917 8280
0.0055935 8280
0.0055954 8280
0.0055973 8280
0.0055992 8280
0.0056011 8280
0.005603 8280
0.0056048 8280
0.0056067 8280
0.0056086 8280
0.0056105 8280
0.0056124 8280
0.0056143 8280
0.0056162 8280
0.005618 8280
0.0056199 8280
0.0056218 8280
0.0056237 8280
0.0056256 8280
0.0056275 8280
0.0056293 8280
0.0056312 8280
0.0056331 8280
0.005635 8280
0.0056369 8280
0.0056388 8280
0.0056407 8280
0.0056425 8280
0.0056444 8280
0.0056463 8280
0.0056482 8280
0.0056501 8280
0.005652 8280
0.0056538 8280
0.0056557 8280
0.0056576 8280
0.0056595 8280
0.0056614 8280
0.0056633 8280
0.0056652 8280
0.005667 8280
0.0056689 8280
0.0056708 8280
0.0056727 8280
0.0056746 8280
0.0056765 8280
0.0056783 8280
0.0056802 8280
0.0056821 8280
0.005684 8280
0.0056859 8280
0.0056878 8280
0.0056897 8280
0.0056915 8280
0.0056934 8280
0.0056953 8280
0.0056972 8280
0.0056991 8280
0.005701 8280
0.0057028 8280
0.0057047 8280
0.0057066 8280
0.0057085 8280
0.0057104 8280
0.0057123 8280
0.0057142 8280
0.005716 8280
0.0057179 8280
0.0057198 8280
0.0057217 8280
0.0057236 8280
0.0057255 8280
0.0057273 8280
0.0057292 8280
0.0057311 8280
0.005733 8280
0.0057349 8280
0.0057368 8280
0.0057387 8280
0.0057405 8280
0.0057424 8280
0.0057443 8280
0.0057462 8280
0.0057481 8280
0.00575 8280
0.0057518 8280
0.0057537 8280
0.0057556 8280
0.0057575 8280
0.0057594 8280
0.0057613 8280
0.0057632 8280
0.005765 8280
0.0057669 8280
0.0057688 8280
0.0057707 8280
0.0057726 8280
0.0057745 8280
0.0057763 8280
0.0057782 8280
0.0057801 8280
0.005782 8280
0.0057839 8280
0.0057858 8280
0.0057877 8280
0.0057895 8280
0.0057914 8280
0.0057933 8280
0.0057952 8280
0.0057971 8280
0.005799 8280
0.0058008 8280
0.0058027 8280
0.0058046 8280
0.0058065 8280
0.0058084 8280
0.0058103 8280
0.0058122 8280
0.005814 8280
0.0058159 8280
0.0058178 8280
0.0058197 8280
0.0058216 8280
0.0058235 8280
0.0058253 8280
0.0058272 8280
0.0058291 8280
0.005831 8280
0.0058329 8280
0.0058348 8280
0.0058367 8280
0.0058385 8280
0.0058404 8280
0.0058423 8280
0.0058442 8280
0.0058461 8280
0.005848 8280
0.0058498 8280
0.0058517 8280
0.0058536 8280
0.0058555 8280
0.0058574 8280
0.0058593 8280
0.0058612 8280
0.005863 8280
0.0058649 8280
0.0058668 8280
0.0058687 8280
0.0058706 8280
0.0058725 8280
0.0058743 8280
0.0058762 8280
0.0058781 8280
0.00588 8280
0.0058819 8280
0.0058838 8280
0.0058857 8280
0.0058875 8280
0.0058894 8280
0.0058913 8280
0.0058932 8280
0.0058951 8280
0.005897 8280
0.0058988 8280
0.0059007 8280
0.0059026 8280
0.0059045 8280
0.0059064 8280
0.0059083 8280
0.0059102 8280
0.005912 8280
0.0059139 8280
0.0059158 8280
0.0059177 8280
0.0059196 8280
0.0059215 8280
0.0059233 8280
0.0059252 8280
0.0059271 8280
0.005929 8280
0.0059309 8280
0.0059328 8280
0.0059347 8280
0.0059365 8280
0.0059384 8280
0.0059403 8280
0.0059422 8280
0.0059441 8280
0.005946 8280
0.0059478 8280
0.0059497 8280
0.0059516 8280
0.0059535 8280
0.0059554 8280
0.0059573 8280
0.0059592 8280
0.005961 8280
0.0059629 8280
0.0059648 8280
0.0059667 8280
0.0059686 8280
0.0059705 8280
0.0059723 8280
0.0059742 8280
0.0059761 8280
0.005978 8280
0.0059799 8280
0.0059818 8280
0.0059837 8280
0.0059855 8280
0.0059874 8280
0.0059893 8280
0.0059912 8280
0.0059931 8280
0.005995 8280
0.0059968 8280
0.0059987 8280
0.0060006 8280
0.0060025 8280
0.0060044 8280
0.0060063 8280
0.0060082 8280
0.00601 8280
0.0060119 8280
0.0060138 8280
0.0060157 8280
0.0060176 8280
0.0060195 8280
0.0060213 8280
0.0060232 8280
0.0060251 8280
0.006027 8280
0.0060289 8280
0.0060308 8280
0.0060327 8280
0.0060345 8280
0.0060364 8280
0.0060383 8280
0.0060402 8280
0.0060421 8280
0.006044 8280
0.0060458 8280
0.0060477 8280
0.0060496 8280
0.0060515 8280
0.0060534 8280
0.0060553 8280
0.0060572 8280
0.006059 8280
0.0060609 8280
0.0060628 8280
0.0060647 8280
0.0060666 8280
0.0060685 8280
0.0060703 8280
0.0060722 8280
0.0060741 8280
0.006076 8280
0.0060779 8280
0.0060798 8280
0.0060817 8280
0.0060835 8280
0.0060854 8280
0.0060873 8280
0.0060892 8280
0.0060911 8280
0.006093 8280
0.0060948 8280
0.0060967 8280
0.0060986 8280
0.0061005 8280
0.0061024 8280
0.0061043 8280
0.0061062 8280
0.006108 8280
0.0061099 8280
0.0061118 8280
0.0061137 8280
0.0061156 8280
0.0061175 8280
0.0061193 8280
0.0061212 8280
0.0061231 8280
0.006125 8280
0.0061269 8280
0.0061288 8280
0.0061307 8280
0.0061325 8280
0.0061344 8280
0.0061363 8280
0.0061382 8280
0.0061401 8280
0.006142 8280
0.0061438 8280
0.0061457 8280
0.0061476 8280
0.0061495 8280
0.0061514 8280
0.0061533 8280
0.0061552 8280
0.006157 8280
0.0061589 8280
0.0061608 8280
0.0061627 8280
0.0061646 8280
0.0061665 8280
0.0061683 8280
0.0061702 8280
0.0061721 8280
0.006174 8280
0.0061759 8280
0.0061778 8280
0.0061797 8280
0.0061815 8280
0.0061834 8280
0.0061853 8280
0.0061872 8280
0.0061891 8280
0.006191 8280
0.0061928 8280
0.0061947 8280
0.0061966 8280
0.0061985 8280
0.0062004 8280
0.0062023 8280
0.0062042 8280
0.006206 8280
0.0062079 8280
0.0062098 8280
0.0062117 8280
0.0062136 8280
0.0062155 8280
0.0062173 8280
0.0062192 8280
0.0062211 8280
0.006223 8280
0.0062249 8280
0.0062268 8280
0.0062287 8280
0.0062305 8280
0.0062324 8280
0.0062343 8280
0.0062362 8280
0.0062381 8280
0.00624 8280
0.0062418 8280
0.0062437 8280
0.0062456 8280
0.0062475 8280
0.0062494 8280
0.0062513 8280
0.0062532 8280
0.006255 8280
0.0062569 8280
0.0062588 8280
0.0062607 8280
0.0062626 8280
0.0062645 8280
0.0062663 8280
0.0062682 8280
0.0062701 8280
0.006272 8280
0.0062739 8280
0.0062758 8280
0.0062777 8280
0.0062795 8280
0.0062814 8280
0.0062833 8280
0.0062852 8280
0.0062871 8280
0.006289 8280
0.0062908 8280
0.0062927 8280
0.0062946 8280
0.0062965 8280
0.0062984 8280
0.0063003 8280
0.0063022 8280
0.006304 8280
0.0063059 8280
0.0063078 8280
0.0063097 8280
0.0063116 8280
0.0063135 8280
0.0063153 8280
0.0063172 8280
0.0063191 8280
0.006321 8280
0.0063229 8280
0.0063248 8280
0.0063267 8280
0.0063285 8280
0.0063304 8280
0.0063323 8280
0.0063342 8280
0.0063361 8280
0.006338 8280
0.0063398 8280
0.0063417 8280
0.0063436 8280
0.0063455 8280
0.0063474 8280
0.0063493 8280
0.0063512 8280
0.006353 8280
0.0063549 8280
0.0063568 8280
0.0063587 8280
0.0063606 8280
0.0063625 8280
0.0063643 8280
0.0063662 8280
0.0063681 8280
0.00637 8280
0.0063719 8280
0.0063738 8280
0.0063757 8280
0.0063775 8280
0.0063794 8280
0.0063813 8280
0.0063832 8280
0.0063851 8280
0.006387 8280
0.0063888 8280
0.0063907 8280
0.0063926 8280
0.0063945 8280
0.0063964 8280
0.0063983 8280
0.0064002 8280
0.006402 8280
0.0064039 8280
0.0064058 8280
0.0064077 8280
0.0064096 8280
0.0064115 8280
0.0064133 8280
0.0064152 8280
0.0064171 8280
0.006419 8280
0.0064209 8280
0.0064228 8280
0.0064247 8280
0.0064265 8280
0.0064284 8280
0.0064303 8280
0.0064322 8280
0.0064341 8280
0.006436 8280
0.0064378 8280
0.0064397 8280
0.0064416 8280
0.0064435 8280
0.0064454 8280
0.0064473 8280
0.0064492 8280
0.006451 8280
0.0064529 8280
0.0064548 8280
0.0064567 8280
0.0064586 8280
0.0064605 8280
0.0064623 8280
0.0064642 8280
0.0064661 8280
0.006468 8280
0.0064699 8280
0.0064718 8280
0.0064737 8280
0.0064755 8280
0.0064774 8280
0.0064793 8280
0.0064812 8280
0.0064831 8280
0.006485 8280
0.0064868 8280
0.0064887 8280
0.0064906 8280
0.0064925 8280
0.0064944 8280
0.0064963 8280
0.0064982 8280
0.0065 8280
0.0065019 8280
0.0065038 8280
0.0065057 8280
0.0065076 8280
0.0065095 8280
0.0065113 8280
0.0065132 8280
0.0065151 8280
0.006517 8280
0.0065189 8280
0.0065208 8280
0.0065227 8280
0.0065245 8280
0.0065264 8280
0.0065283 8280
0.0065302 8280
0.0065321 8280
0.006534 8280
0.0065358 8280
0.0065377 8280
0.0065396 8280
0.0065415 8280
0.0065434 8280
0.0065453 8280
0.0065472 8280
0.006549 8280
0.0065509 8280
0.0065528 8280
0.0065547 8280
0.0065566 8280
0.0065585 8280
0.0065603 8280
0.0065622 8280
0.0065641 8280
0.006566 8280
0.0065679 8280
0.0065698 8280
0.0065717 8280
0.0065735 8280
0.0065754 8280
0.0065773 8280
0.0065792 8280
0.0065811 8280
0.006583 8280
0.0065848 8280
0.0065867 8280
0.0065886 8280
0.0065905 8280
0.0065924 8280
0.0065943 8280
0.0065962 8280
1 8280
