1.8846e-06 1.1509e+07
3.7692e-06 1.1509e+07
5.6538e-06 1.1509e+07
7.5385e-06 1.1509e+07
9.4231e-06 1.1509e+07
1.1308e-05 1.1509e+07
1.3192e-05 1.1509e+07
1.5077e-05 1.1508e+07
1.6962e-05 1.1508e+07
1.8846e-05 1.1508e+07
2.0731e-05 1.1508e+07
2.2615e-05 1.1507e+07
2.45e-05 1.1506e+07
2.6385e-05 1.1505e+07
2.8269e-05 1.1504e+07
3.0154e-05 1.1501e+07
3.2038e-05 1.1498e+07
3.3923e-05 1.1492e+07
3.5808e-05 1.1485e+07
3.7692e-05 1.1475e+07
3.9577e-05 1.146e+07
4.1462e-05 1.1441e+07
4.3346e-05 1.1414e+07
4.5231e-05 1.1378e+07
4.7115e-05 1.133e+07
4.9e-05 1.1267e+07
5.0885e-05 1.1184e+07
5.2769e-05 1.1078e+07
5.4654e-05 1.0944e+07
5.6538e-05 1.0776e+07
5.8423e-05 1.0568e+07
6.0308e-05 1.0314e+07
6.2192e-05 1.001e+07
6.4077e-05 9.6515e+06
6.5962e-05 9.2351e+06
6.7846e-05 8.7608e+06
6.9731e-05 8.2307e+06
7.1615e-05 7.6503e+06
7.35e-05 7.0283e+06
7.5385e-05 6.3763e+06
7.7269e-05 5.7085e+06
7.9154e-05 5.0405e+06
8.1038e-05 4.3884e+06
8.2923e-05 3.7671e+06
8.4808e-05 3.1894e+06
8.6692e-05 2.6648e+06
8.8577e-05 2.1995e+06
9.0462e-05 1.7956e+06
9.2346e-05 1.4523e+06
9.4231e-05 1.166e+06
9.6115e-05 9.3133e+05
9.8e-05 7.4175e+05
9.9885e-05 5.9057e+05
0.00010177 4.7125e+05
0.00010365 3.7783e+05
0.00010554 3.0514e+05
0.00010742 2.4879e+05
0.00010931 2.0522e+05
0.00011119 1.7156e+05
0.00011308 1.4558e+05
0.00011496 1.2553e+05
0.00011685 1.1008e+05
0.00011873 98219
0.00012062 89178
0.0001225 82380
0.00012438 77390
0.00012627 73885
0.00012815 71626
0.00013004 70435
0.00013192 70184
0.00013381 70782
0.00013569 72168
0.00013758 74304
0.00013946 77170
0.00014135 80762
0.00014323 85089
0.00014512 90171
0.000147 96038
0.00014888 1.0273e+05
0.00015077 1.103e+05
0.00015265 1.1881e+05
0.00015454 1.2831e+05
0.00015642 1.389e+05
0.00015831 1.5065e+05
0.00016019 1.6367e+05
0.00016208 1.7806e+05
0.00016396 1.9393e+05
0.00016585 2.1142e+05
0.00016773 2.3065e+05
0.00016962 2.5178e+05
0.0001715 2.7496e+05
0.00017338 3.0037e+05
0.00017527 3.2817e+05
0.00017715 3.5855e+05
0.00017904 3.9172e+05
0.00018092 4.2786e+05
0.00018281 4.672e+05
0.00018469 5.0994e+05
0.00018658 5.5631e+05
0.00018846 6.0653e+05
0.00019035 6.6082e+05
0.00019223 7.1942e+05
0.00019412 7.8254e+05
0.000196 8.5041e+05
0.00019788 9.2323e+05
0.00019977 1.0012e+06
0.00020165 1.0845e+06
0.00020354 1.1734e+06
0.00020542 1.2679e+06
0.00020731 1.3683e+06
0.00020919 1.4746e+06
0.00021108 1.587e+06
0.00021296 1.7054e+06
0.00021485 1.83e+06
0.00021673 1.9607e+06
0.00021862 2.0976e+06
0.0002205 2.2405e+06
0.00022238 2.3894e+06
0.00022427 2.5441e+06
0.00022615 2.7045e+06
0.00022804 2.8704e+06
0.00022992 3.0415e+06
0.00023181 3.2176e+06
0.00023369 3.3984e+06
0.00023558 3.5835e+06
0.00023746 3.7726e+06
0.00023935 3.9653e+06
0.00024123 4.1612e+06
0.00024312 4.3599e+06
0.000245 4.5609e+06
0.00024688 4.7639e+06
0.00024877 4.9682e+06
0.00025065 5.1736e+06
0.00025254 5.3795e+06
0.00025442 5.5854e+06
0.00025631 5.7909e+06
0.00025819 5.9956e+06
0.00026008 6.199e+06
0.00026196 6.4007e+06
0.00026385 6.6003e+06
0.00026573 6.7974e+06
0.00026762 6.9917e+06
0.0002695 7.1827e+06
0.00027138 7.3703e+06
0.00027327 7.5541e+06
0.00027515 7.7339e+06
0.00027704 7.9094e+06
0.00027892 8.0804e+06
0.00028081 8.2467e+06
0.00028269 8.4082e+06
0.00028458 8.5648e+06
0.00028646 8.7164e+06
0.00028835 8.8628e+06
0.00029023 9.0041e+06
0.00029212 9.1401e+06
0.000294 9.271e+06
0.00029588 9.3967e+06
0.00029777 9.5172e+06
0.00029965 9.6326e+06
0.00030154 9.743e+06
0.00030342 9.8484e+06
0.00030531 9.9489e+06
0.00030719 1.0045e+07
0.00030908 1.0136e+07
0.00031096 1.0222e+07
0.00031285 1.0304e+07
0.00031473 1.0382e+07
0.00031662 1.0456e+07
0.0003185 1.0526e+07
0.00032038 1.0591e+07
0.00032227 1.0654e+07
0.00032415 1.0712e+07
0.00032604 1.0767e+07
0.00032792 1.0819e+07
0.00032981 1.0868e+07
0.00033169 1.0913e+07
0.00033358 1.0956e+07
0.00033546 1.0996e+07
0.00033735 1.1034e+07
0.00033923 1.1069e+07
0.00034112 1.1102e+07
0.000343 1.1133e+07
0.00034488 1.1161e+07
0.00034677 1.1188e+07
0.00034865 1.1213e+07
0.00035054 1.1236e+07
0.00035242 1.1257e+07
0.00035431 1.1277e+07
0.00035619 1.1296e+07
0.00035808 1.1313e+07
0.00035996 1.1329e+07
0.00036185 1.1344e+07
0.00036373 1.1357e+07
0.00036562 1.137e+07
0.0003675 1.1381e+07
0.00036938 1.1392e+07
0.00037127 1.1402e+07
0.00037315 1.1411e+07
0.00037504 1.142e+07
0.00037692 1.1427e+07
0.00037881 1.1434e+07
0.00038069 1.1441e+07
0.00038258 1.1447e+07
0.00038446 1.1452e+07
0.00038635 1.1457e+07
0.00038823 1.1462e+07
0.00039012 1.1466e+07
0.000392 1.147e+07
0.00039388 1.1474e+07
0.00039577 1.1477e+07
0.00039765 1.148e+07
0.00039954 1.1483e+07
0.00040142 1.1485e+07
0.00040331 1.1487e+07
0.00040519 1.1489e+07
0.00040708 1.1491e+07
0.00040896 1.1493e+07
0.00041085 1.1494e+07
0.00041273 1.1496e+07
0.00041462 1.1497e+07
0.0004165 1.1498e+07
0.00041838 1.1499e+07
0.00042027 1.15e+07
0.00042215 1.1501e+07
0.00042404 1.1502e+07
0.00042592 1.1502e+07
0.00042781 1.1503e+07
0.00042969 1.1504e+07
0.00043158 1.1504e+07
0.00043346 1.1505e+07
0.00043535 1.1505e+07
0.00043723 1.1505e+07
0.00043912 1.1506e+07
0.000441 1.1506e+07
0.00044288 1.1506e+07
0.00044477 1.1507e+07
0.00044665 1.1507e+07
0.00044854 1.1507e+07
0.00045042 1.1507e+07
0.00045231 1.1507e+07
0.00045419 1.1508e+07
0.00045608 1.1508e+07
0.00045796 1.1508e+07
0.00045985 1.1508e+07
0.00046173 1.1508e+07
0.00046362 1.1508e+07
0.0004655 1.1508e+07
0.00046738 1.1508e+07
0.00046927 1.1508e+07
0.00047115 1.1508e+07
0.00047304 1.1508e+07
0.00047492 1.1508e+07
0.00047681 1.1508e+07
0.00047869 1.1508e+07
0.00048058 1.1508e+07
0.00048246 1.1508e+07
0.00048435 1.1509e+07
0.00048623 1.1509e+07
0.00048812 1.1509e+07
0.00049 1.1509e+07
0.00049188 1.1509e+07
0.00049377 1.1509e+07
0.00049565 1.1509e+07
0.00049754 1.1509e+07
0.00049942 1.1509e+07
0.00050131 1.1509e+07
0.00050319 1.1509e+07
0.00050508 1.1509e+07
0.00050696 1.1509e+07
0.00050885 1.1509e+07
0.00051073 1.1509e+07
0.00051262 1.1509e+07
0.0005145 1.1509e+07
0.00051638 1.1509e+07
0.00051827 1.1509e+07
0.00052015 1.1509e+07
0.00052204 1.1509e+07
0.00052392 1.1509e+07
0.00052581 1.1509e+07
0.00052769 1.1509e+07
0.00052958 1.1509e+07
0.00053146 1.1509e+07
0.00053335 1.1509e+07
0.00053523 1.1509e+07
0.00053712 1.1509e+07
0.000539 1.1509e+07
0.00054088 1.1509e+07
0.00054277 1.1509e+07
0.00054465 1.1509e+07
0.00054654 1.1509e+07
0.00054842 1.1509e+07
0.00055031 1.1509e+07
0.00055219 1.1509e+07
0.00055408 1.1509e+07
0.00055596 1.1509e+07
0.00055785 1.1509e+07
0.00055973 1.1509e+07
0.00056162 1.1509e+07
0.0005635 1.1509e+07
0.00056538 1.1509e+07
0.00056727 1.1509e+07
0.00056915 1.1509e+07
0.00057104 1.1509e+07
0.00057292 1.1509e+07
0.00057481 1.1509e+07
0.00057669 1.1509e+07
0.00057858 1.1509e+07
0.00058046 1.1509e+07
0.00058235 1.1509e+07
0.00058423 1.1509e+07
0.00058612 1.1509e+07
0.000588 1.1509e+07
0.00058988 1.1509e+07
0.00059177 1.1509e+07
0.00059365 1.1509e+07
0.00059554 1.1509e+07
0.00059742 1.1509e+07
0.00059931 1.1509e+07
0.00060119 1.1509e+07
0.00060308 1.1509e+07
0.00060496 1.1509e+07
0.00060685 1.1509e+07
0.00060873 1.1509e+07
0.00061062 1.1509e+07
0.0006125 1.1509e+07
0.00061438 1.1509e+07
0.00061627 1.1509e+07
0.00061815 1.1509e+07
0.00062004 1.1509e+07
0.00062192 1.1509e+07
0.00062381 1.1509e+07
0.00062569 1.1509e+07
0.00062758 1.1509e+07
0.00062946 1.1509e+07
0.00063135 1.1509e+07
0.00063323 1.1509e+07
0.00063512 1.1509e+07
0.000637 1.1509e+07
0.00063888 1.1509e+07
0.00064077 1.1509e+07
0.00064265 1.1509e+07
0.00064454 1.1509e+07
0.00064642 1.1509e+07
0.00064831 1.1509e+07
0.00065019 1.1509e+07
0.00065208 1.1509e+07
0.00065396 1.1509e+07
0.00065585 1.1509e+07
0.00065773 1.1509e+07
0.00065962 1.1509e+07
0.0006615 1.1509e+07
0.00066338 1.1509e+07
0.00066527 1.1509e+07
0.00066715 1.1509e+07
0.00066904 1.1509e+07
0.00067092 1.1509e+07
0.00067281 1.1509e+07
0.00067469 1.1509e+07
0.00067658 1.1509e+07
0.00067846 1.1509e+07
0.00068035 1.1509e+07
0.00068223 1.1509e+07
0.00068412 1.1509e+07
0.000686 1.1509e+07
0.00068788 1.1509e+07
0.00068977 1.1509e+07
0.00069165 1.1509e+07
0.00069354 1.1509e+07
0.00069542 1.1509e+07
0.00069731 1.1509e+07
0.00069919 1.1509e+07
0.00070108 1.1509e+07
0.00070296 1.1509e+07
0.00070485 1.1509e+07
0.00070673 1.1509e+07
0.00070862 1.1509e+07
0.0007105 1.1509e+07
0.00071238 1.1509e+07
0.00071427 1.1509e+07
0.00071615 1.1509e+07
0.00071804 1.1509e+07
0.00071992 1.1509e+07
0.00072181 1.1509e+07
0.00072369 1.1509e+07
0.00072558 1.1509e+07
0.00072746 1.1509e+07
0.00072935 1.1509e+07
0.00073123 1.1509e+07
0.00073312 1.1509e+07
0.000735 1.1509e+07
0.00073688 1.1509e+07
0.00073877 1.1509e+07
0.00074065 1.1509e+07
0.00074254 1.1509e+07
0.00074442 1.1509e+07
0.00074631 1.1509e+07
0.00074819 1.1509e+07
0.00075008 1.1509e+07
0.00075196 1.1509e+07
0.00075385 1.1509e+07
0.00075573 1.1509e+07
0.00075762 1.1509e+07
0.0007595 1.1509e+07
0.00076138 1.1509e+07
0.00076327 1.1509e+07
0.00076515 1.1509e+07
0.00076704 1.1509e+07
0.00076892 1.1509e+07
0.00077081 1.1509e+07
0.00077269 1.1509e+07
0.00077458 1.1509e+07
0.00077646 1.1509e+07
0.00077835 1.1509e+07
0.00078023 1.1509e+07
0.00078212 1.1509e+07
0.000784 1.1509e+07
0.00078588 1.1509e+07
0.00078777 1.1509e+07
0.00078965 1.1509e+07
0.00079154 1.1509e+07
0.00079342 1.1509e+07
0.00079531 1.1509e+07
0.00079719 1.1509e+07
0.00079908 1.1509e+07
0.00080096 1.1509e+07
0.00080285 1.1509e+07
0.00080473 1.1509e+07
0.00080662 1.1509e+07
0.0008085 1.1509e+07
0.00081038 1.1509e+07
0.00081227 1.1509e+07
0.00081415 1.1509e+07
0.00081604 1.1509e+07
0.00081792 1.1509e+07
0.00081981 1.1509e+07
0.00082169 1.1509e+07
0.00082358 1.1509e+07
0.00082546 1.1509e+07
0.00082735 1.1509e+07
0.00082923 1.1509e+07
0.00083112 1.1509e+07
0.000833 1.1509e+07
0.00083488 1.1509e+07
0.00083677 1.1509e+07
0.00083865 1.1509e+07
0.00084054 1.1509e+07
0.00084242 1.1509e+07
0.00084431 1.1509e+07
0.00084619 1.1509e+07
0.00084808 1.1509e+07
0.00084996 1.1509e+07
0.00085185 1.1509e+07
0.00085373 1.1509e+07
0.00085562 1.1509e+07
0.0008575 1.1509e+07
0.00085938 1.1509e+07
0.00086127 1.1509e+07
0.00086315 1.1509e+07
0.00086504 1.1509e+07
0.00086692 1.1509e+07
0.00086881 1.1509e+07
0.00087069 1.1509e+07
0.00087258 1.1509e+07
0.00087446 1.1509e+07
0.00087635 1.1509e+07
0.00087823 1.1509e+07
0.00088012 1.1509e+07
0.000882 1.1509e+07
0.00088388 1.1509e+07
0.00088577 1.1509e+07
0.00088765 1.1509e+07
0.00088954 1.1509e+07
0.00089142 1.1509e+07
0.00089331 1.1509e+07
0.00089519 1.1509e+07
0.00089708 1.1509e+07
0.00089896 1.1509e+07
0.00090085 1.1509e+07
0.00090273 1.1509e+07
0.00090462 1.1509e+07
0.0009065 1.1509e+07
0.00090838 1.1509e+07
0.00091027 1.1509e+07
0.00091215 1.1509e+07
0.00091404 1.1509e+07
0.00091592 1.1509e+07
0.00091781 1.1509e+07
0.00091969 1.1509e+07
0.00092158 1.1509e+07
0.00092346 1.1509e+07
0.00092535 1.1509e+07
0.00092723 1.1509e+07
0.00092912 1.1509e+07
0.000931 1.1509e+07
0.00093288 1.1509e+07
0.00093477 1.1509e+07
0.00093665 1.1509e+07
0.00093854 1.1509e+07
0.00094042 1.1509e+07
0.00094231 1.1509e+07
0.00094419 1.1509e+07
0.00094608 1.1509e+07
0.00094796 1.1509e+07
0.00094985 1.1509e+07
0.00095173 1.1509e+07
0.00095362 1.1509e+07
0.0009555 1.1509e+07
0.00095738 1.1509e+07
0.00095927 1.1509e+07
0.00096115 1.1509e+07
0.00096304 1.1509e+07
0.00096492 1.1509e+07
0.00096681 1.1509e+07
0.00096869 1.1509e+07
0.00097058 1.1509e+07
0.00097246 1.1509e+07
0.00097435 1.1509e+07
0.00097623 1.1509e+07
0.00097812 1.1509e+07
0.00098 1.1509e+07
0.00098188 1.1509e+07
0.00098377 1.1509e+07
0.00098565 1.1509e+07
0.00098754 1.1509e+07
0.00098942 1.1509e+07
0.00099131 1.1509e+07
0.00099319 1.1509e+07
0.00099508 1.1509e+07
0.00099696 1.1509e+07
0.00099885 1.1509e+07
0.0010007 1.1509e+07
0.0010026 1.1509e+07
0.0010045 1.1509e+07
0.0010064 1.1509e+07
0.0010083 1.1509e+07
0.0010102 1.1509e+07
0.001012 1.1509e+07
0.0010139 1.1509e+07
0.0010158 1.1509e+07
0.0010177 1.1509e+07
0.0010196 1.1509e+07
0.0010215 1.1509e+07
0.0010233 1.1509e+07
0.0010252 1.1509e+07
0.0010271 1.1509e+07
0.001029 1.1509e+07
0.0010309 1.1509e+07
0.0010328 1.1509e+07
0.0010347 1.1509e+07
0.0010365 1.1509e+07
0.0010384 1.1509e+07
0.0010403 1.1509e+07
0.0010422 1.1509e+07
0.0010441 1.1509e+07
0.001046 1.1509e+07
0.0010478 1.1509e+07
0.0010497 1.1509e+07
0.0010516 1.1509e+07
0.0010535 1.1509e+07
0.0010554 1.1509e+07
0.0010573 1.1509e+07
0.0010592 1.1509e+07
0.001061 1.1509e+07
0.0010629 1.1509e+07
0.0010648 1.1509e+07
0.0010667 1.1509e+07
0.0010686 1.1509e+07
0.0010705 1.1509e+07
0.0010723 1.1509e+07
0.0010742 1.1509e+07
0.0010761 1.1509e+07
0.001078 1.1509e+07
0.0010799 1.1509e+07
0.0010818 1.1509e+07
0.0010837 1.1509e+07
0.0010855 1.1509e+07
0.0010874 1.1509e+07
0.0010893 1.1509e+07
0.0010912 1.1509e+07
0.0010931 1.1509e+07
0.001095 1.1509e+07
0.0010968 1.1509e+07
0.0010987 1.1509e+07
0.0011006 1.1509e+07
0.0011025 1.1509e+07
0.0011044 1.1509e+07
0.0011063 1.1509e+07
0.0011082 1.1509e+07
0.00111 1.1509e+07
0.0011119 1.1509e+07
0.0011138 1.1509e+07
0.0011157 1.1509e+07
0.0011176 1.1509e+07
0.0011195 1.1509e+07
0.0011213 1.1509e+07
0.0011232 1.1509e+07
0.0011251 1.1509e+07
0.001127 1.1509e+07
0.0011289 1.1509e+07
0.0011308 1.1509e+07
0.0011327 1.1509e+07
0.0011345 1.1509e+07
0.0011364 1.1509e+07
0.0011383 1.1509e+07
0.0011402 1.1509e+07
0.0011421 1.1509e+07
0.001144 1.1509e+07
0.0011458 1.1509e+07
0.0011477 1.1509e+07
0.0011496 1.1509e+07
0.0011515 1.1509e+07
0.0011534 1.1509e+07
0.0011553 1.1509e+07
0.0011572 1.1509e+07
0.001159 1.1509e+07
0.0011609 1.1509e+07
0.0011628 1.1509e+07
0.0011647 1.1509e+07
0.0011666 1.1509e+07
0.0011685 1.1509e+07
0.0011703 1.1509e+07
0.0011722 1.1509e+07
0.0011741 1.1509e+07
0.001176 1.1509e+07
0.0011779 1.1509e+07
0.0011798 1.1509e+07
0.0011817 1.1509e+07
0.0011835 1.1509e+07
0.0011854 1.1509e+07
0.0011873 1.1509e+07
0.0011892 1.1509e+07
0.0011911 1.1509e+07
0.001193 1.1509e+07
0.0011948 1.1509e+07
0.0011967 1.1509e+07
0.0011986 1.1509e+07
0.0012005 1.1509e+07
0.0012024 1.1509e+07
0.0012043 1.1509e+07
0.0012062 1.1509e+07
0.001208 1.1509e+07
0.0012099 1.1509e+07
0.0012118 1.1509e+07
0.0012137 1.1509e+07
0.0012156 1.1509e+07
0.0012175 1.1509e+07
0.0012193 1.1509e+07
0.0012212 1.1509e+07
0.0012231 1.1509e+07
0.001225 1.1509e+07
0.0012269 1.1509e+07
0.0012288 1.1509e+07
0.0012307 1.1509e+07
0.0012325 1.1509e+07
0.0012344 1.1509e+07
0.0012363 1.1509e+07
0.0012382 1.1509e+07
0.0012401 1.1509e+07
0.001242 1.1509e+07
0.0012438 1.1509e+07
0.0012457 1.1509e+07
0.0012476 1.1509e+07
0.0012495 1.1509e+07
0.0012514 1.1509e+07
0.0012533 1.1509e+07
0.0012552 1.1509e+07
0.001257 1.1509e+07
0.0012589 1.1509e+07
0.0012608 1.1509e+07
0.0012627 1.1509e+07
0.0012646 1.1509e+07
0.0012665 1.1509e+07
0.0012683 1.1509e+07
0.0012702 1.1509e+07
0.0012721 1.1509e+07
0.001274 1.1509e+07
0.0012759 1.1509e+07
0.0012778 1.1509e+07
0.0012797 1.1509e+07
0.0012815 1.1509e+07
0.0012834 1.1509e+07
0.0012853 1.1509e+07
0.0012872 1.1509e+07
0.0012891 1.1509e+07
0.001291 1.1509e+07
0.0012928 1.1509e+07
0.0012947 1.1509e+07
0.0012966 1.1509e+07
0.0012985 1.1509e+07
0.0013004 1.1509e+07
0.0013023 1.1509e+07
0.0013042 1.1509e+07
0.001306 1.1509e+07
0.0013079 1.1509e+07
0.0013098 1.1509e+07
0.0013117 1.1509e+07
0.0013136 1.1509e+07
0.0013155 1.1509e+07
0.0013173 1.1509e+07
0.0013192 1.1509e+07
0.0013211 1.1509e+07
0.001323 1.1509e+07
0.0013249 1.1509e+07
0.0013268 1.1509e+07
0.0013287 1.1509e+07
0.0013305 1.1509e+07
0.0013324 1.1509e+07
0.0013343 1.1509e+07
0.0013362 1.1509e+07
0.0013381 1.1509e+07
0.00134 1.1509e+07
0.0013418 1.1509e+07
0.0013437 1.1509e+07
0.0013456 1.1509e+07
0.0013475 1.1509e+07
0.0013494 1.1509e+07
0.0013513 1.1509e+07
0.0013532 1.1509e+07
0.001355 1.1509e+07
0.0013569 1.1509e+07
0.0013588 1.1509e+07
0.0013607 1.1509e+07
0.0013626 1.1509e+07
0.0013645 1.1509e+07
0.0013663 1.1509e+07
0.0013682 1.1509e+07
0.0013701 1.1509e+07
0.001372 1.1509e+07
0.0013739 1.1509e+07
0.0013758 1.1509e+07
0.0013777 1.1509e+07
0.0013795 1.1509e+07
0.0013814 1.1509e+07
0.0013833 1.1509e+07
0.0013852 1.1509e+07
0.0013871 1.1509e+07
0.001389 1.1509e+07
0.0013908 1.1509e+07
0.0013927 1.1509e+07
0.0013946 1.1509e+07
0.0013965 1.1509e+07
0.0013984 1.1509e+07
0.0014003 1.1509e+07
0.0014022 1.1509e+07
0.001404 1.1509e+07
0.0014059 1.1509e+07
0.0014078 1.1509e+07
0.0014097 1.1509e+07
0.0014116 1.1509e+07
0.0014135 1.1509e+07
0.0014153 1.1509e+07
0.0014172 1.1509e+07
0.0014191 1.1509e+07
0.001421 1.1509e+07
0.0014229 1.1509e+07
0.0014248 1.1509e+07
0.0014267 1.1509e+07
0.0014285 1.1509e+07
0.0014304 1.1509e+07
0.0014323 1.1509e+07
0.0014342 1.1509e+07
0.0014361 1.1509e+07
0.001438 1.1509e+07
0.0014398 1.1509e+07
0.0014417 1.1509e+07
0.0014436 1.1509e+07
0.0014455 1.1509e+07
0.0014474 1.1509e+07
0.0014493 1.1509e+07
0.0014512 1.1509e+07
0.001453 1.1509e+07
0.0014549 1.1509e+07
0.0014568 1.1509e+07
0.0014587 1.1509e+07
0.0014606 1.1509e+07
0.0014625 1.1509e+07
0.0014643 1.1509e+07
0.0014662 1.1509e+07
0.0014681 1.1509e+07
0.00147 1.1509e+07
0.0014719 1.1509e+07
0.0014738 1.1509e+07
0.0014757 1.1509e+07
0.0014775 1.1509e+07
0.0014794 1.1509e+07
0.0014813 1.1509e+07
0.0014832 1.1509e+07
0.0014851 1.1509e+07
0.001487 1.1509e+07
0.0014888 1.1509e+07
0.0014907 1.1509e+07
0.0014926 1.1509e+07
0.0014945 1.1509e+07
0.0014964 1.1509e+07
0.0014983 1.1509e+07
0.0015002 1.1509e+07
0.001502 1.1509e+07
0.0015039 1.1509e+07
0.0015058 1.1509e+07
0.0015077 1.1509e+07
0.0015096 1.1509e+07
0.0015115 1.1509e+07
0.0015133 1.1509e+07
0.0015152 1.1509e+07
0.0015171 1.1509e+07
0.001519 1.1509e+07
0.0015209 1.1509e+07
0.0015228 1.1509e+07
0.0015247 1.1509e+07
0.0015265 1.1509e+07
0.0015284 1.1509e+07
0.0015303 1.1509e+07
0.0015322 1.1509e+07
0.0015341 1.1509e+07
0.001536 1.1509e+07
0.0015378 1.1509e+07
0.0015397 1.1509e+07
0.0015416 1.1509e+07
0.0015435 1.1509e+07
0.0015454 1.1509e+07
0.0015473 1.1509e+07
0.0015492 1.1509e+07
0.001551 1.1509e+07
0.0015529 1.1509e+07
0.0015548 1.1509e+07
0.0015567 1.1509e+07
0.0015586 1.1509e+07
0.0015605 1.1509e+07
0.0015623 1.1509e+07
0.0015642 1.1509e+07
0.0015661 1.1509e+07
0.001568 1.1509e+07
0.0015699 1.1509e+07
0.0015718 1.1509e+07
0.0015737 1.1509e+07
0.0015755 1.1509e+07
0.0015774 1.1509e+07
0.0015793 1.1509e+07
0.0015812 1.1509e+07
0.0015831 1.1509e+07
0.001585 1.1509e+07
0.0015868 1.1509e+07
0.0015887 1.1509e+07
0.0015906 1.1509e+07
0.0015925 1.1509e+07
0.0015944 1.1509e+07
0.0015963 1.1509e+07
0.0015982 1.1509e+07
0.0016 1.1509e+07
0.0016019 1.1509e+07
0.0016038 1.1509e+07
0.0016057 1.1509e+07
0.0016076 1.1509e+07
0.0016095 1.1509e+07
0.0016113 1.1509e+07
0.0016132 1.1509e+07
0.0016151 1.1509e+07
0.001617 1.1509e+07
0.0016189 1.1509e+07
0.0016208 1.1509e+07
0.0016227 1.1509e+07
0.0016245 1.1509e+07
0.0016264 1.1509e+07
0.0016283 1.1509e+07
0.0016302 1.1509e+07
0.0016321 1.1509e+07
0.001634 1.1509e+07
0.0016358 1.1509e+07
0.0016377 1.1509e+07
0.0016396 1.1509e+07
0.0016415 1.1509e+07
0.0016434 1.1509e+07
0.0016453 1.1509e+07
0.0016472 1.1509e+07
0.001649 1.1509e+07
0.0016509 1.1509e+07
0.0016528 1.1509e+07
0.0016547 1.1509e+07
0.0016566 1.1509e+07
0.0016585 1.1509e+07
0.0016603 1.1509e+07
0.0016622 1.1509e+07
0.0016641 1.1509e+07
0.001666 1.1509e+07
0.0016679 1.1509e+07
0.0016698 1.1509e+07
0.0016717 1.1509e+07
0.0016735 1.1509e+07
0.0016754 1.1509e+07
0.0016773 1.1509e+07
0.0016792 1.1509e+07
0.0016811 1.1509e+07
0.001683 1.1509e+07
0.0016848 1.1509e+07
0.0016867 1.1509e+07
0.0016886 1.1509e+07
0.0016905 1.1509e+07
0.0016924 1.1509e+07
0.0016943 1.1509e+07
0.0016962 1.1509e+07
0.001698 1.1509e+07
0.0016999 1.1509e+07
0.0017018 1.1509e+07
0.0017037 1.1509e+07
0.0017056 1.1509e+07
0.0017075 1.1509e+07
0.0017093 1.1509e+07
0.0017112 1.1509e+07
0.0017131 1.1509e+07
0.001715 1.1509e+07
0.0017169 1.1509e+07
0.0017188 1.1509e+07
0.0017207 1.1509e+07
0.0017225 1.1509e+07
0.0017244 1.1509e+07
0.0017263 1.1509e+07
0.0017282 1.1509e+07
0.0017301 1.1509e+07
0.001732 1.1509e+07
0.0017338 1.1509e+07
0.0017357 1.1509e+07
0.0017376 1.1509e+07
0.0017395 1.1509e+07
0.0017414 1.1509e+07
0.0017433 1.1509e+07
0.0017452 1.1509e+07
0.001747 1.1509e+07
0.0017489 1.1509e+07
0.0017508 1.1509e+07
0.0017527 1.1509e+07
0.0017546 1.1509e+07
0.0017565 1.1509e+07
0.0017583 1.1509e+07
0.0017602 1.1509e+07
0.0017621 1.1509e+07
0.001764 1.1509e+07
0.0017659 1.1509e+07
0.0017678 1.1509e+07
0.0017697 1.1509e+07
0.0017715 1.1509e+07
0.0017734 1.1509e+07
0.0017753 1.1509e+07
0.0017772 1.1509e+07
0.0017791 1.1509e+07
0.001781 1.1509e+07
0.0017828 1.1509e+07
0.0017847 1.1509e+07
0.0017866 1.1509e+07
0.0017885 1.1509e+07
0.0017904 1.1509e+07
0.0017923 1.1509e+07
0.0017942 1.1509e+07
0.001796 1.1509e+07
0.0017979 1.1509e+07
0.0017998 1.1509e+07
0.0018017 1.1509e+07
0.0018036 1.1509e+07
0.0018055 1.1509e+07
0.0018073 1.1509e+07
0.0018092 1.1509e+07
0.0018111 1.1509e+07
0.001813 1.1509e+07
0.0018149 1.1509e+07
0.0018168 1.1509e+07
0.0018187 1.1509e+07
0.0018205 1.1509e+07
0.0018224 1.1509e+07
0.0018243 1.1509e+07
0.0018262 1.1509e+07
0.0018281 1.1509e+07
0.00183 1.1509e+07
0.0018318 1.1509e+07
0.0018337 1.1509e+07
0.0018356 1.1509e+07
0.0018375 1.1509e+07
0.0018394 1.1509e+07
0.0018413 1.1509e+07
0.0018432 1.1509e+07
0.001845 1.1509e+07
0.0018469 1.1509e+07
0.0018488 1.1509e+07
0.0018507 1.1509e+07
0.0018526 1.1509e+07
0.0018545 1.1509e+07
0.0018563 1.1509e+07
0.0018582 1.1509e+07
0.0018601 1.1509e+07
0.001862 1.1509e+07
0.0018639 1.1509e+07
0.0018658 1.1509e+07
0.0018677 1.1509e+07
0.0018695 1.1509e+07
0.0018714 1.1509e+07
0.0018733 1.1509e+07
0.0018752 1.1509e+07
0.0018771 1.1509e+07
0.001879 1.1509e+07
0.0018808 1.1509e+07
0.0018827 1.1509e+07
0.0018846 1.1509e+07
0.0018865 1.1509e+07
0.0018884 1.1509e+07
0.0018903 1.1509e+07
0.0018922 1.1509e+07
0.001894 1.1509e+07
0.0018959 1.1509e+07
0.0018978 1.1509e+07
0.0018997 1.1509e+07
0.0019016 1.1509e+07
0.0019035 1.1509e+07
0.0019053 1.1509e+07
0.0019072 1.1509e+07
0.0019091 1.1509e+07
0.001911 1.1509e+07
0.0019129 1.1509e+07
0.0019148 1.1509e+07
0.0019167 1.1509e+07
0.0019185 1.1509e+07
0.0019204 1.1509e+07
0.0019223 1.1509e+07
0.0019242 1.1509e+07
0.0019261 1.1509e+07
0.001928 1.1509e+07
0.0019298 1.1509e+07
0.0019317 1.1509e+07
0.0019336 1.1509e+07
0.0019355 1.1509e+07
0.0019374 1.1509e+07
0.0019393 1.1509e+07
0.0019412 1.1509e+07
0.001943 1.1509e+07
0.0019449 1.1509e+07
0.0019468 1.1509e+07
0.0019487 1.1509e+07
0.0019506 1.1509e+07
0.0019525 1.1509e+07
0.0019543 1.1509e+07
0.0019562 1.1509e+07
0.0019581 1.1509e+07
0.00196 1.1509e+07
0.0019619 1.1509e+07
0.0019638 1.1509e+07
0.0019657 1.1509e+07
0.0019675 1.1509e+07
0.0019694 1.1509e+07
0.0019713 1.1509e+07
0.0019732 1.1509e+07
0.0019751 1.1509e+07
0.001977 1.1509e+07
0.0019788 1.1509e+07
0.0019807 1.1509e+07
0.0019826 1.1509e+07
0.0019845 1.1509e+07
0.0019864 1.1509e+07
0.0019883 1.1509e+07
0.0019902 1.1509e+07
0.001992 1.1509e+07
0.0019939 1.1509e+07
0.0019958 1.1509e+07
0.0019977 1.1509e+07
0.0019996 1.1509e+07
0.0020015 1.1509e+07
0.0020033 1.1509e+07
0.0020052 1.1509e+07
0.0020071 1.1509e+07
0.002009 1.1509e+07
0.0020109 1.1509e+07
0.0020128 1.1509e+07
0.0020147 1.1509e+07
0.0020165 1.1509e+07
0.0020184 1.1509e+07
0.0020203 1.1509e+07
0.0020222 1.1509e+07
0.0020241 1.1509e+07
0.002026 1.1509e+07
0.0020278 1.1509e+07
0.0020297 1.1509e+07
0.0020316 1.1509e+07
0.0020335 1.1509e+07
0.0020354 1.1509e+07
0.0020373 1.1509e+07
0.0020392 1.1509e+07
0.002041 1.1509e+07
0.0020429 1.1509e+07
0.0020448 1.1509e+07
0.0020467 1.1509e+07
0.0020486 1.1509e+07
0.0020505 1.1509e+07
0.0020523 1.1509e+07
0.0020542 1.1509e+07
0.0020561 1.1509e+07
0.002058 1.1509e+07
0.0020599 1.1509e+07
0.0020618 1.1509e+07
0.0020637 1.1509e+07
0.0020655 1.1509e+07
0.0020674 1.1509e+07
0.0020693 1.1509e+07
0.0020712 1.1509e+07
0.0020731 1.1509e+07
0.002075 1.1509e+07
0.0020768 1.1509e+07
0.0020787 1.1509e+07
0.0020806 1.1509e+07
0.0020825 1.1509e+07
0.0020844 1.1509e+07
0.0020863 1.1509e+07
0.0020882 1.1509e+07
0.00209 1.1509e+07
0.0020919 1.1509e+07
0.0020938 1.1509e+07
0.0020957 1.1509e+07
0.0020976 1.1509e+07
0.0020995 1.1509e+07
0.0021013 1.1509e+07
0.0021032 1.1509e+07
0.0021051 1.1509e+07
0.002107 1.1509e+07
0.0021089 1.1509e+07
0.0021108 1.1509e+07
0.0021127 1.1509e+07
0.0021145 1.1509e+07
0.0021164 1.1509e+07
0.0021183 1.1509e+07
0.0021202 1.1509e+07
0.0021221 1.1509e+07
0.002124 1.1509e+07
0.0021258 1.1509e+07
0.0021277 1.1509e+07
0.0021296 1.1509e+07
0.0021315 1.1509e+07
0.0021334 1.1509e+07
0.0021353 1.1509e+07
0.0021372 1.1509e+07
0.002139 1.1509e+07
0.0021409 1.1509e+07
0.0021428 1.1509e+07
0.0021447 1.1509e+07
0.0021466 1.1509e+07
0.0021485 1.1509e+07
0.0021503 1.1509e+07
0.0021522 1.1509e+07
0.0021541 1.1509e+07
0.002156 1.1509e+07
0.0021579 1.1509e+07
0.0021598 1.1509e+07
0.0021617 1.1509e+07
0.0021635 1.1509e+07
0.0021654 1.1509e+07
0.0021673 1.1509e+07
0.0021692 1.1509e+07
0.0021711 1.1509e+07
0.002173 1.1509e+07
0.0021748 1.1509e+07
0.0021767 1.1509e+07
0.0021786 1.1509e+07
0.0021805 1.1509e+07
0.0021824 1.1509e+07
0.0021843 1.1509e+07
0.0021862 1.1509e+07
0.002188 1.1509e+07
0.0021899 1.1509e+07
0.0021918 1.1509e+07
0.0021937 1.1509e+07
0.0021956 1.1509e+07
0.0021975 1.1509e+07
0.0021993 1.1509e+07
0.0022012 1.1509e+07
0.0022031 1.1509e+07
0.002205 1.1509e+07
0.0022069 1.1509e+07
0.0022088 1.1509e+07
0.0022107 1.1509e+07
0.0022125 1.1509e+07
0.0022144 1.1509e+07
0.0022163 1.1509e+07
0.0022182 1.1509e+07
0.0022201 1.1509e+07
0.002222 1.1509e+07
0.0022238 1.1509e+07
0.0022257 1.1509e+07
0.0022276 1.1509e+07
0.0022295 1.1509e+07
0.0022314 1.1509e+07
0.0022333 1.1509e+07
0.0022352 1.1509e+07
0.002237 1.1509e+07
0.0022389 1.1509e+07
0.0022408 1.1509e+07
0.0022427 1.1509e+07
0.0022446 1.1509e+07
0.0022465 1.1509e+07
0.0022483 1.1509e+07
0.0022502 1.1509e+07
0.0022521 1.1509e+07
0.002254 1.1509e+07
0.0022559 1.1509e+07
0.0022578 1.1509e+07
0.0022597 1.1509e+07
0.0022615 1.1509e+07
0.0022634 1.1509e+07
0.0022653 1.1509e+07
0.0022672 1.1509e+07
0.0022691 1.1509e+07
0.002271 1.1509e+07
0.0022728 1.1509e+07
0.0022747 1.1509e+07
0.0022766 1.1509e+07
0.0022785 1.1509e+07
0.0022804 1.1509e+07
0.0022823 1.1509e+07
0.0022842 1.1509e+07
0.002286 1.1509e+07
0.0022879 1.1509e+07
0.0022898 1.1509e+07
0.0022917 1.1509e+07
0.0022936 1.1509e+07
0.0022955 1.1509e+07
0.0022973 1.1509e+07
0.0022992 1.1509e+07
0.0023011 1.1509e+07
0.002303 1.1509e+07
0.0023049 1.1509e+07
0.0023068 1.1509e+07
0.0023087 1.1509e+07
0.0023105 1.1509e+07
0.0023124 1.1509e+07
0.0023143 1.1509e+07
0.0023162 1.1509e+07
0.0023181 1.1509e+07
0.00232 1.1509e+07
0.0023218 1.1509e+07
0.0023237 1.1509e+07
0.0023256 1.1509e+07
0.0023275 1.1509e+07
0.0023294 1.1509e+07
0.0023313 1.1509e+07
0.0023332 1.1509e+07
0.002335 1.1509e+07
0.0023369 1.1509e+07
0.0023388 1.1509e+07
0.0023407 1.1509e+07
0.0023426 1.1509e+07
0.0023445 1.1509e+07
0.0023463 1.1509e+07
0.0023482 1.1509e+07
0.0023501 1.1509e+07
0.002352 1.1509e+07
0.0023539 1.1509e+07
0.0023558 1.1509e+07
0.0023577 1.1509e+07
0.0023595 1.1509e+07
0.0023614 1.1509e+07
0.0023633 1.1509e+07
0.0023652 1.1509e+07
0.0023671 1.1509e+07
0.002369 1.1509e+07
0.0023708 1.1509e+07
0.0023727 1.1509e+07
0.0023746 1.1509e+07
0.0023765 1.1509e+07
0.0023784 1.1509e+07
0.0023803 1.1509e+07
0.0023822 1.1509e+07
0.002384 1.1509e+07
0.0023859 1.1509e+07
0.0023878 1.1509e+07
0.0023897 1.1509e+07
0.0023916 1.1509e+07
0.0023935 1.1509e+07
0.0023953 1.1509e+07
0.0023972 1.1509e+07
0.0023991 1.1509e+07
0.002401 1.1509e+07
0.0024029 1.1509e+07
0.0024048 1.1509e+07
0.0024067 1.1509e+07
0.0024085 1.1509e+07
0.0024104 1.1509e+07
0.0024123 1.1509e+07
0.0024142 1.1509e+07
0.0024161 1.1509e+07
0.002418 1.1509e+07
0.0024198 1.1509e+07
0.0024217 1.1509e+07
0.0024236 1.1509e+07
0.0024255 1.1509e+07
0.0024274 1.1509e+07
0.0024293 1.1509e+07
0.0024312 1.1509e+07
0.002433 1.1509e+07
0.0024349 1.1509e+07
0.0024368 1.1509e+07
0.0024387 1.1509e+07
0.0024406 1.1509e+07
0.0024425 1.1509e+07
0.0024443 1.1509e+07
0.0024462 1.1509e+07
0.0024481 1.1509e+07
0.00245 1.1509e+07
0.0024519 1.1509e+07
0.0024538 1.1509e+07
0.0024557 1.1509e+07
0.0024575 1.1509e+07
0.0024594 1.1509e+07
0.0024613 1.1509e+07
0.0024632 1.1509e+07
0.0024651 1.1509e+07
0.002467 1.1509e+07
0.0024688 1.1509e+07
0.0024707 1.1509e+07
0.0024726 1.1509e+07
0.0024745 1.1509e+07
0.0024764 1.1509e+07
0.0024783 1.1509e+07
0.0024802 1.1509e+07
0.002482 1.1509e+07
0.0024839 1.1509e+07
0.0024858 1.1509e+07
0.0024877 1.1509e+07
0.0024896 1.1509e+07
0.0024915 1.1509e+07
0.0024933 1.1509e+07
0.0024952 1.1509e+07
0.0024971 1.1509e+07
0.002499 1.1509e+07
0.0025009 1.1509e+07
0.0025028 1.1509e+07
0.0025047 1.1509e+07
0.0025065 1.1509e+07
0.0025084 1.1509e+07
0.0025103 1.1509e+07
0.0025122 1.1509e+07
0.0025141 1.1509e+07
0.002516 1.1509e+07
0.0025178 1.1509e+07
0.0025197 1.1509e+07
0.0025216 1.1509e+07
0.0025235 1.1509e+07
0.0025254 1.1509e+07
0.0025273 1.1509e+07
0.0025292 1.1509e+07
0.002531 1.1509e+07
0.0025329 1.1509e+07
0.0025348 1.1509e+07
0.0025367 1.1509e+07
0.0025386 1.1509e+07
0.0025405 1.1509e+07
0.0025423 1.1509e+07
0.0025442 1.1509e+07
0.0025461 1.1509e+07
0.002548 1.1509e+07
0.0025499 1.1509e+07
0.0025518 1.1509e+07
0.0025537 1.1509e+07
0.0025555 1.1509e+07
0.0025574 1.1509e+07
0.0025593 1.1509e+07
0.0025612 1.1509e+07
0.0025631 1.1509e+07
0.002565 1.1509e+07
0.0025668 1.1509e+07
0.0025687 1.1509e+07
0.0025706 1.1509e+07
0.0025725 1.1509e+07
0.0025744 1.1509e+07
0.0025763 1.1509e+07
0.0025782 1.1509e+07
0.00258 1.1509e+07
0.0025819 1.1509e+07
0.0025838 1.1509e+07
0.0025857 1.1509e+07
0.0025876 1.1509e+07
0.0025895 1.1509e+07
0.0025913 1.1509e+07
0.0025932 1.1509e+07
0.0025951 1.1509e+07
0.002597 1.1509e+07
0.0025989 1.1509e+07
0.0026008 1.1509e+07
0.0026027 1.1509e+07
0.0026045 1.1509e+07
0.0026064 1.1509e+07
0.0026083 1.1509e+07
0.0026102 1.1509e+07
0.0026121 1.1509e+07
0.002614 1.1509e+07
0.0026158 1.1509e+07
0.0026177 1.1509e+07
0.0026196 1.1509e+07
0.0026215 1.1509e+07
0.0026234 1.1509e+07
0.0026253 1.1509e+07
0.0026272 1.1509e+07
0.002629 1.1509e+07
0.0026309 1.1509e+07
0.0026328 1.1509e+07
0.0026347 1.1509e+07
0.0026366 1.1509e+07
0.0026385 1.1509e+07
0.0026403 1.1509e+07
0.0026422 1.1509e+07
0.0026441 1.1509e+07
0.002646 1.1509e+07
0.0026479 1.1509e+07
0.0026498 1.1509e+07
0.0026517 1.1509e+07
0.0026535 1.1509e+07
0.0026554 1.1509e+07
0.0026573 1.1509e+07
0.0026592 1.1509e+07
0.0026611 1.1509e+07
0.002663 1.1509e+07
0.0026648 1.1509e+07
0.0026667 1.1509e+07
0.0026686 1.1509e+07
0.0026705 1.1509e+07
0.0026724 1.1509e+07
0.0026743 1.1509e+07
0.0026762 1.1509e+07
0.002678 1.1509e+07
0.0026799 1.1509e+07
0.0026818 1.1509e+07
0.0026837 1.1509e+07
0.0026856 1.1509e+07
0.0026875 1.1509e+07
0.0026893 1.1509e+07
0.0026912 1.1509e+07
0.0026931 1.1509e+07
0.002695 1.1509e+07
0.0026969 1.1509e+07
0.0026988 1.1509e+07
0.0027007 1.1509e+07
0.0027025 1.1509e+07
0.0027044 1.1509e+07
0.0027063 1.1509e+07
0.0027082 1.1509e+07
0.0027101 1.1509e+07
0.002712 1.1509e+07
0.0027138 1.1509e+07
0.0027157 1.1509e+07
0.0027176 1.1509e+07
0.0027195 1.1509e+07
0.0027214 1.1509e+07
0.0027233 1.1509e+07
0.0027252 1.1509e+07
0.002727 1.1509e+07
0.0027289 1.1509e+07
0.0027308 1.1509e+07
0.0027327 1.1509e+07
0.0027346 1.1509e+07
0.0027365 1.1509e+07
0.0027383 1.1509e+07
0.0027402 1.1509e+07
0.0027421 1.1509e+07
0.002744 1.1509e+07
0.0027459 1.1509e+07
0.0027478 1.1509e+07
0.0027497 1.1509e+07
0.0027515 1.1509e+07
0.0027534 1.1509e+07
0.0027553 1.1509e+07
0.0027572 1.1509e+07
0.0027591 1.1509e+07
0.002761 1.1509e+07
0.0027628 1.1509e+07
0.0027647 1.1509e+07
0.0027666 1.1509e+07
0.0027685 1.1509e+07
0.0027704 1.1509e+07
0.0027723 1.1509e+07
0.0027742 1.1509e+07
0.002776 1.1509e+07
0.0027779 1.1509e+07
0.0027798 1.1509e+07
0.0027817 1.1509e+07
0.0027836 1.1509e+07
0.0027855 1.1509e+07
0.0027873 1.1509e+07
0.0027892 1.1509e+07
0.0027911 1.1509e+07
0.002793 1.1509e+07
0.0027949 1.1509e+07
0.0027968 1.1509e+07
0.0027987 1.1509e+07
0.0028005 1.1509e+07
0.0028024 1.1509e+07
0.0028043 1.1509e+07
0.0028062 1.1509e+07
0.0028081 1.1509e+07
0.00281 1.1509e+07
0.0028118 1.1509e+07
0.0028137 1.1509e+07
0.0028156 1.1509e+07
0.0028175 1.1509e+07
0.0028194 1.1509e+07
0.0028213 1.1509e+07
0.0028232 1.1509e+07
0.002825 1.1509e+07
0.0028269 1.1509e+07
0.0028288 1.1509e+07
0.0028307 1.1509e+07
0.0028326 1.1509e+07
0.0028345 1.1509e+07
0.0028363 1.1509e+07
0.0028382 1.1509e+07
0.0028401 1.1509e+07
0.002842 1.1509e+07
0.0028439 1.1509e+07
0.0028458 1.1509e+07
0.0028477 1.1509e+07
0.0028495 1.1509e+07
0.0028514 1.1509e+07
0.0028533 1.1509e+07
0.0028552 1.1509e+07
0.0028571 1.1509e+07
0.002859 1.1509e+07
0.0028608 1.1509e+07
0.0028627 1.1509e+07
0.0028646 1.1509e+07
0.0028665 1.1509e+07
0.0028684 1.1509e+07
0.0028703 1.1509e+07
0.0028722 1.1509e+07
0.002874 1.1509e+07
0.0028759 1.1509e+07
0.0028778 1.1509e+07
0.0028797 1.1509e+07
0.0028816 1.1509e+07
0.0028835 1.1509e+07
0.0028853 1.1509e+07
0.0028872 1.1509e+07
0.0028891 1.1509e+07
0.002891 1.1509e+07
0.0028929 1.1509e+07
0.0028948 1.1509e+07
0.0028967 1.1509e+07
0.0028985 1.1509e+07
0.0029004 1.1509e+07
0.0029023 1.1509e+07
0.0029042 1.1509e+07
0.0029061 1.1509e+07
0.002908 1.1509e+07
0.0029098 1.1509e+07
0.0029117 1.1509e+07
0.0029136 1.1509e+07
0.0029155 1.1509e+07
0.0029174 1.1509e+07
0.0029193 1.1509e+07
0.0029212 1.1509e+07
0.002923 1.1509e+07
0.0029249 1.1509e+07
0.0029268 1.1509e+07
0.0029287 1.1509e+07
0.0029306 1.1509e+07
0.0029325 1.1509e+07
0.0029343 1.1509e+07
0.0029362 1.1509e+07
0.0029381 1.1509e+07
0.00294 1.1509e+07
0.0029419 1.1509e+07
0.0029438 1.1509e+07
0.0029457 1.1509e+07
0.0029475 1.1509e+07
0.0029494 1.1509e+07
0.0029513 1.1509e+07
0.0029532 1.1509e+07
0.0029551 1.1509e+07
0.002957 1.1509e+07
0.0029588 1.1509e+07
0.0029607 1.1509e+07
0.0029626 1.1509e+07
0.0029645 1.1509e+07
0.0029664 1.1509e+07
0.0029683 1.1509e+07
0.0029702 1.1509e+07
0.002972 1.1509e+07
0.0029739 1.1509e+07
0.0029758 1.1509e+07
0.0029777 1.1509e+07
0.0029796 1.1509e+07
0.0029815 1.1509e+07
0.0029833 1.1509e+07
0.0029852 1.1509e+07
0.0029871 1.1509e+07
0.002989 1.1509e+07
0.0029909 1.1509e+07
0.0029928 1.1509e+07
0.0029947 1.1509e+07
0.0029965 1.1509e+07
0.0029984 1.1509e+07
0.0030003 1.1509e+07
0.0030022 1.1509e+07
0.0030041 1.1509e+07
0.003006 1.1509e+07
0.0030078 1.1509e+07
0.0030097 1.1509e+07
0.0030116 1.1509e+07
0.0030135 1.1509e+07
0.0030154 1.1509e+07
0.0030173 1.1509e+07
0.0030192 1.1509e+07
0.003021 1.1509e+07
0.0030229 1.1509e+07
0.0030248 1.1509e+07
0.0030267 1.1509e+07
0.0030286 1.1509e+07
0.0030305 1.1509e+07
0.0030323 1.1509e+07
0.0030342 1.1509e+07
0.0030361 1.1509e+07
0.003038 1.1509e+07
0.0030399 1.1509e+07
0.0030418 1.1509e+07
0.0030437 1.1509e+07
0.0030455 1.1509e+07
0.0030474 1.1509e+07
0.0030493 1.1509e+07
0.0030512 1.1509e+07
0.0030531 1.1509e+07
0.003055 1.1509e+07
0.0030568 1.1509e+07
0.0030587 1.1509e+07
0.0030606 1.1509e+07
0.0030625 1.1509e+07
0.0030644 1.1509e+07
0.0030663 1.1509e+07
0.0030682 1.1509e+07
0.00307 1.1509e+07
0.0030719 1.1509e+07
0.0030738 1.1509e+07
0.0030757 1.1509e+07
0.0030776 1.1509e+07
0.0030795 1.1509e+07
0.0030813 1.1509e+07
0.0030832 1.1509e+07
0.0030851 1.1509e+07
0.003087 1.1509e+07
0.0030889 1.1509e+07
0.0030908 1.1509e+07
0.0030927 1.1509e+07
0.0030945 1.1509e+07
0.0030964 1.1509e+07
0.0030983 1.1509e+07
0.0031002 1.1509e+07
0.0031021 1.1509e+07
0.003104 1.1509e+07
0.0031058 1.1509e+07
0.0031077 1.1509e+07
0.0031096 1.1509e+07
0.0031115 1.1509e+07
0.0031134 1.1509e+07
0.0031153 1.1509e+07
0.0031172 1.1509e+07
0.003119 1.1509e+07
0.0031209 1.1509e+07
0.0031228 1.1509e+07
0.0031247 1.1509e+07
0.0031266 1.1509e+07
0.0031285 1.1509e+07
0.0031303 1.1509e+07
0.0031322 1.1509e+07
0.0031341 1.1509e+07
0.003136 1.1509e+07
0.0031379 1.1509e+07
0.0031398 1.1509e+07
0.0031417 1.1509e+07
0.0031435 1.1509e+07
0.0031454 1.1509e+07
0.0031473 1.1509e+07
0.0031492 1.1509e+07
0.0031511 1.1509e+07
0.003153 1.1509e+07
0.0031548 1.1509e+07
0.0031567 1.1509e+07
0.0031586 1.1509e+07
0.0031605 1.1509e+07
0.0031624 1.1509e+07
0.0031643 1.1509e+07
0.0031662 1.1509e+07
0.003168 1.1509e+07
0.0031699 1.1509e+07
0.0031718 1.1509e+07
0.0031737 1.1509e+07
0.0031756 1.1509e+07
0.0031775 1.1509e+07
0.0031793 1.1509e+07
0.0031812 1.1509e+07
0.0031831 1.1509e+07
0.003185 1.1509e+07
0.0031869 1.1509e+07
0.0031888 1.1509e+07
0.0031907 1.1509e+07
0.0031925 1.1509e+07
0.0031944 1.1509e+07
0.0031963 1.1509e+07
0.0031982 1.1509e+07
0.0032001 1.1509e+07
0.003202 1.1509e+07
0.0032038 1.1509e+07
0.0032057 1.1509e+07
0.0032076 1.1509e+07
0.0032095 1.1509e+07
0.0032114 1.1509e+07
0.0032133 1.1509e+07
0.0032152 1.1509e+07
0.003217 1.1509e+07
0.0032189 1.1509e+07
0.0032208 1.1509e+07
0.0032227 1.1509e+07
0.0032246 1.1509e+07
0.0032265 1.1509e+07
0.0032283 1.1509e+07
0.0032302 1.1509e+07
0.0032321 1.1509e+07
0.003234 1.1509e+07
0.0032359 1.1509e+07
0.0032378 1.1509e+07
0.0032397 1.1509e+07
0.0032415 1.1509e+07
0.0032434 1.1509e+07
0.0032453 1.1509e+07
0.0032472 1.1509e+07
0.0032491 1.1509e+07
0.003251 1.1509e+07
0.0032528 1.1509e+07
0.0032547 1.1509e+07
0.0032566 1.1509e+07
0.0032585 1.1509e+07
0.0032604 1.1509e+07
0.0032623 1.1509e+07
0.0032642 1.1509e+07
0.003266 1.1509e+07
0.0032679 1.1509e+07
0.0032698 1.1509e+07
0.0032717 1.1509e+07
0.0032736 1.1509e+07
0.0032755 1.1509e+07
0.0032773 1.1509e+07
0.0032792 1.1509e+07
0.0032811 1.1509e+07
0.003283 1.1509e+07
0.0032849 1.1509e+07
0.0032868 1.1509e+07
0.0032887 1.1509e+07
0.0032905 1.1509e+07
0.0032924 1.1509e+07
0.0032943 1.1509e+07
0.0032962 1.1509e+07
0.0032981 1.1509e+07
0.0033 1.1509e+07
0.0033018 1.1509e+07
0.0033037 1.1509e+07
0.0033056 1.1509e+07
0.0033075 1.1509e+07
0.0033094 1.1509e+07
0.0033113 1.1509e+07
0.0033132 1.1509e+07
0.003315 1.1509e+07
0.0033169 1.1509e+07
0.0033188 1.1509e+07
0.0033207 1.1509e+07
0.0033226 1.1509e+07
0.0033245 1.1509e+07
0.0033263 1.1509e+07
0.0033282 1.1509e+07
0.0033301 1.1509e+07
0.003332 1.1509e+07
0.0033339 1.1509e+07
0.0033358 1.1509e+07
0.0033377 1.1509e+07
0.0033395 1.1509e+07
0.0033414 1.1509e+07
0.0033433 1.1509e+07
0.0033452 1.1509e+07
0.0033471 1.1509e+07
0.003349 1.1509e+07
0.0033508 1.1509e+07
0.0033527 1.1509e+07
0.0033546 1.1509e+07
0.0033565 1.1509e+07
0.0033584 1.1509e+07
0.0033603 1.1509e+07
0.0033622 1.1509e+07
0.003364 1.1509e+07
0.0033659 1.1509e+07
0.0033678 1.1509e+07
0.0033697 1.1509e+07
0.0033716 1.1509e+07
0.0033735 1.1509e+07
0.0033753 1.1509e+07
0.0033772 1.1509e+07
0.0033791 1.1509e+07
0.003381 1.1509e+07
0.0033829 1.1509e+07
0.0033848 1.1509e+07
0.0033867 1.1509e+07
0.0033885 1.1509e+07
0.0033904 1.1509e+07
0.0033923 1.1509e+07
0.0033942 1.1509e+07
0.0033961 1.1509e+07
0.003398 1.1509e+07
0.0033998 1.1509e+07
0.0034017 1.1509e+07
0.0034036 1.1509e+07
0.0034055 1.1509e+07
0.0034074 1.1509e+07
0.0034093 1.1509e+07
0.0034112 1.1509e+07
0.003413 1.1509e+07
0.0034149 1.1509e+07
0.0034168 1.1509e+07
0.0034187 1.1509e+07
0.0034206 1.1509e+07
0.0034225 1.1509e+07
0.0034243 1.1509e+07
0.0034262 1.1509e+07
0.0034281 1.1509e+07
0.00343 1.1509e+07
0.0034319 1.1509e+07
0.0034338 1.1509e+07
0.0034357 1.1509e+07
0.0034375 1.1509e+07
0.0034394 1.1509e+07
0.0034413 1.1509e+07
0.0034432 1.1509e+07
0.0034451 1.1509e+07
0.003447 1.1509e+07
0.0034488 1.1509e+07
0.0034507 1.1509e+07
0.0034526 1.1509e+07
0.0034545 1.1509e+07
0.0034564 1.1509e+07
0.0034583 1.1509e+07
0.0034602 1.1509e+07
0.003462 1.1509e+07
0.0034639 1.1509e+07
0.0034658 1.1509e+07
0.0034677 1.1509e+07
0.0034696 1.1509e+07
0.0034715 1.1509e+07
0.0034733 1.1509e+07
0.0034752 1.1509e+07
0.0034771 1.1509e+07
0.003479 1.1509e+07
0.0034809 1.1509e+07
0.0034828 1.1509e+07
0.0034847 1.1509e+07
0.0034865 1.1509e+07
0.0034884 1.1509e+07
0.0034903 1.1509e+07
0.0034922 1.1509e+07
0.0034941 1.1509e+07
0.003496 1.1509e+07
0.0034978 1.1509e+07
0.0034997 1.1509e+07
0.0035016 1.1509e+07
0.0035035 1.1509e+07
0.0035054 1.1509e+07
0.0035073 1.1509e+07
0.0035092 1.1509e+07
0.003511 1.1509e+07
0.0035129 1.1509e+07
0.0035148 1.1509e+07
0.0035167 1.1509e+07
0.0035186 1.1509e+07
0.0035205 1.1509e+07
0.0035223 1.1509e+07
0.0035242 1.1509e+07
0.0035261 1.1509e+07
0.003528 1.1509e+07
0.0035299 1.1509e+07
0.0035318 1.1509e+07
0.0035337 1.1509e+07
0.0035355 1.1509e+07
0.0035374 1.1509e+07
0.0035393 1.1509e+07
0.0035412 1.1509e+07
0.0035431 1.1509e+07
0.003545 1.1509e+07
0.0035468 1.1509e+07
0.0035487 1.1509e+07
0.0035506 1.1509e+07
0.0035525 1.1509e+07
0.0035544 1.1509e+07
0.0035563 1.1509e+07
0.0035582 1.1509e+07
0.00356 1.1509e+07
0.0035619 1.1509e+07
0.0035638 1.1509e+07
0.0035657 1.1509e+07
0.0035676 1.1509e+07
0.0035695 1.1509e+07
0.0035713 1.1509e+07
0.0035732 1.1509e+07
0.0035751 1.1509e+07
0.003577 1.1509e+07
0.0035789 1.1509e+07
0.0035808 1.1509e+07
0.0035827 1.1509e+07
0.0035845 1.1509e+07
0.0035864 1.1509e+07
0.0035883 1.1509e+07
0.0035902 1.1509e+07
0.0035921 1.1509e+07
0.003594 1.1509e+07
0.0035958 1.1509e+07
0.0035977 1.1509e+07
0.0035996 1.1509e+07
0.0036015 1.1509e+07
0.0036034 1.1509e+07
0.0036053 1.1509e+07
0.0036072 1.1509e+07
0.003609 1.1509e+07
0.0036109 1.1509e+07
0.0036128 1.1509e+07
0.0036147 1.1509e+07
0.0036166 1.1509e+07
0.0036185 1.1509e+07
0.0036203 1.1509e+07
0.0036222 1.1509e+07
0.0036241 1.1509e+07
0.003626 1.1509e+07
0.0036279 1.1509e+07
0.0036298 1.1509e+07
0.0036317 1.1509e+07
0.0036335 1.1509e+07
0.0036354 1.1509e+07
0.0036373 1.1509e+07
0.0036392 1.1509e+07
0.0036411 1.1509e+07
0.003643 1.1509e+07
0.0036448 1.1509e+07
0.0036467 1.1509e+07
0.0036486 1.1509e+07
0.0036505 1.1509e+07
0.0036524 1.1509e+07
0.0036543 1.1509e+07
0.0036562 1.1509e+07
0.003658 1.1509e+07
0.0036599 1.1509e+07
0.0036618 1.1509e+07
0.0036637 1.1509e+07
0.0036656 1.1509e+07
0.0036675 1.1509e+07
0.0036693 1.1509e+07
0.0036712 1.1509e+07
0.0036731 1.1509e+07
0.003675 1.1509e+07
0.0036769 1.1509e+07
0.0036788 1.1509e+07
0.0036807 1.1509e+07
0.0036825 1.1509e+07
0.0036844 1.1509e+07
0.0036863 1.1509e+07
0.0036882 1.1509e+07
0.0036901 1.1509e+07
0.003692 1.1509e+07
0.0036938 1.1509e+07
0.0036957 1.1509e+07
0.0036976 1.1509e+07
0.0036995 1.1509e+07
0.0037014 1.1509e+07
0.0037033 1.1509e+07
0.0037052 1.1509e+07
0.003707 1.1509e+07
0.0037089 1.1509e+07
0.0037108 1.1509e+07
0.0037127 1.1509e+07
0.0037146 1.1509e+07
0.0037165 1.1509e+07
0.0037183 1.1509e+07
0.0037202 1.1509e+07
0.0037221 1.1509e+07
0.003724 1.1509e+07
0.0037259 1.1509e+07
0.0037278 1.1509e+07
0.0037297 1.1509e+07
0.0037315 1.1509e+07
0.0037334 1.1509e+07
0.0037353 1.1509e+07
0.0037372 1.1509e+07
0.0037391 1.1509e+07
0.003741 1.1509e+07
0.0037428 1.1509e+07
0.0037447 1.1509e+07
0.0037466 1.1509e+07
0.0037485 1.1509e+07
0.0037504 1.1509e+07
0.0037523 1.1509e+07
0.0037542 1.1509e+07
0.003756 1.1509e+07
0.0037579 1.1509e+07
0.0037598 1.1509e+07
0.0037617 1.1509e+07
0.0037636 1.1509e+07
0.0037655 1.1509e+07
0.0037673 1.1509e+07
0.0037692 1.1509e+07
0.0037711 1.1509e+07
0.003773 1.1509e+07
0.0037749 1.1509e+07
0.0037768 1.1509e+07
0.0037787 1.1509e+07
0.0037805 1.1509e+07
0.0037824 1.1509e+07
0.0037843 1.1509e+07
0.0037862 1.1509e+07
0.0037881 1.1509e+07
0.00379 1.1509e+07
0.0037918 1.1509e+07
0.0037937 1.1509e+07
0.0037956 1.1509e+07
0.0037975 1.1509e+07
0.0037994 1.1509e+07
0.0038013 1.1509e+07
0.0038032 1.1509e+07
0.003805 1.1509e+07
0.0038069 1.1509e+07
0.0038088 1.1509e+07
0.0038107 1.1509e+07
0.0038126 1.1509e+07
0.0038145 1.1509e+07
0.0038163 1.1509e+07
0.0038182 1.1509e+07
0.0038201 1.1509e+07
0.003822 1.1509e+07
0.0038239 1.1509e+07
0.0038258 1.1509e+07
0.0038277 1.1509e+07
0.0038295 1.1509e+07
0.0038314 1.1509e+07
0.0038333 1.1509e+07
0.0038352 1.1509e+07
0.0038371 1.1509e+07
0.003839 1.1509e+07
0.0038408 1.1509e+07
0.0038427 1.1509e+07
0.0038446 1.1509e+07
0.0038465 1.1509e+07
0.0038484 1.1509e+07
0.0038503 1.1509e+07
0.0038522 1.1509e+07
0.003854 1.1509e+07
0.0038559 1.1509e+07
0.0038578 1.1509e+07
0.0038597 1.1509e+07
0.0038616 1.1509e+07
0.0038635 1.1509e+07
0.0038653 1.1509e+07
0.0038672 1.1509e+07
0.0038691 1.1509e+07
0.003871 1.1509e+07
0.0038729 1.1509e+07
0.0038748 1.1509e+07
0.0038767 1.1509e+07
0.0038785 1.1509e+07
0.0038804 1.1509e+07
0.0038823 1.1509e+07
0.0038842 1.1509e+07
0.0038861 1.1509e+07
0.003888 1.1509e+07
0.0038898 1.1509e+07
0.0038917 1.1509e+07
0.0038936 1.1509e+07
0.0038955 1.1509e+07
0.0038974 1.1509e+07
0.0038993 1.1509e+07
0.0039012 1.1509e+07
0.003903 1.1509e+07
0.0039049 1.1509e+07
0.0039068 1.1509e+07
0.0039087 1.1509e+07
0.0039106 1.1509e+07
0.0039125 1.1509e+07
0.0039143 1.1509e+07
0.0039162 1.1509e+07
0.0039181 1.1509e+07
0.00392 1.1509e+07
0.0039219 1.1509e+07
0.0039238 1.1509e+07
0.0039257 1.1509e+07
0.0039275 1.1509e+07
0.0039294 1.1509e+07
0.0039313 1.1509e+07
0.0039332 1.1509e+07
0.0039351 1.1509e+07
0.003937 1.1509e+07
0.0039388 1.1509e+07
0.0039407 1.1509e+07
0.0039426 1.1509e+07
0.0039445 1.1509e+07
0.0039464 1.1509e+07
0.0039483 1.1509e+07
0.0039502 1.1509e+07
0.003952 1.1509e+07
0.0039539 1.1509e+07
0.0039558 1.1509e+07
0.0039577 1.1509e+07
0.0039596 1.1509e+07
0.0039615 1.1509e+07
0.0039633 1.1509e+07
0.0039652 1.1509e+07
0.0039671 1.1509e+07
0.003969 1.1509e+07
0.0039709 1.1509e+07
0.0039728 1.1509e+07
0.0039747 1.1509e+07
0.0039765 1.1509e+07
0.0039784 1.1509e+07
0.0039803 1.1509e+07
0.0039822 1.1509e+07
0.0039841 1.1509e+07
0.003986 1.1509e+07
0.0039878 1.1509e+07
0.0039897 1.1509e+07
0.0039916 1.1509e+07
0.0039935 1.1509e+07
0.0039954 1.1509e+07
0.0039973 1.1509e+07
0.0039992 1.1509e+07
0.004001 1.1509e+07
0.0040029 1.1509e+07
0.0040048 1.1509e+07
0.0040067 1.1509e+07
0.0040086 1.1509e+07
0.0040105 1.1509e+07
0.0040123 1.1509e+07
0.0040142 1.1509e+07
0.0040161 1.1509e+07
0.004018 1.1509e+07
0.0040199 1.1509e+07
0.0040218 1.1509e+07
0.0040237 1.1509e+07
0.0040255 1.1509e+07
0.0040274 1.1509e+07
0.0040293 1.1509e+07
0.0040312 1.1509e+07
0.0040331 1.1509e+07
0.004035 1.1509e+07
0.0040368 1.1509e+07
0.0040387 1.1509e+07
0.0040406 1.1509e+07
0.0040425 1.1509e+07
0.0040444 1.1509e+07
0.0040463 1.1509e+07
0.0040482 1.1509e+07
0.00405 1.1509e+07
0.0040519 1.1509e+07
0.0040538 1.1509e+07
0.0040557 1.1509e+07
0.0040576 1.1509e+07
0.0040595 1.1509e+07
0.0040613 1.1509e+07
0.0040632 1.1509e+07
0.0040651 1.1509e+07
0.004067 1.1509e+07
0.0040689 1.1509e+07
0.0040708 1.1509e+07
0.0040727 1.1509e+07
0.0040745 1.1509e+07
0.0040764 1.1509e+07
0.0040783 1.1509e+07
0.0040802 1.1509e+07
0.0040821 1.1509e+07
0.004084 1.1509e+07
0.0040858 1.1509e+07
0.0040877 1.1509e+07
0.0040896 1.1509e+07
0.0040915 1.1509e+07
0.0040934 1.1509e+07
0.0040953 1.1509e+07
0.0040972 1.1509e+07
0.004099 1.1509e+07
0.0041009 1.1509e+07
0.0041028 1.1509e+07
0.0041047 1.1509e+07
0.0041066 1.1509e+07
0.0041085 1.1509e+07
0.0041103 1.1509e+07
0.0041122 1.1509e+07
0.0041141 1.1509e+07
0.004116 1.1509e+07
0.0041179 1.1509e+07
0.0041198 1.1509e+07
0.0041217 1.1509e+07
0.0041235 1.1509e+07
0.0041254 1.1509e+07
0.0041273 1.1509e+07
0.0041292 1.1509e+07
0.0041311 1.1509e+07
0.004133 1.1509e+07
0.0041348 1.1509e+07
0.0041367 1.1509e+07
0.0041386 1.1509e+07
0.0041405 1.1509e+07
0.0041424 1.1509e+07
0.0041443 1.1509e+07
0.0041462 1.1509e+07
0.004148 1.1509e+07
0.0041499 1.1509e+07
0.0041518 1.1509e+07
0.0041537 1.1509e+07
0.0041556 1.1509e+07
0.0041575 1.1509e+07
0.0041593 1.1509e+07
0.0041612 1.1509e+07
0.0041631 1.1509e+07
0.004165 1.1509e+07
0.0041669 1.1509e+07
0.0041688 1.1509e+07
0.0041707 1.1509e+07
0.0041725 1.1509e+07
0.0041744 1.1509e+07
0.0041763 1.1509e+07
0.0041782 1.1509e+07
0.0041801 1.1509e+07
0.004182 1.1509e+07
0.0041838 1.1509e+07
0.0041857 1.1509e+07
0.0041876 1.1509e+07
0.0041895 1.1509e+07
0.0041914 1.1509e+07
0.0041933 1.1509e+07
0.0041952 1.1509e+07
0.004197 1.1509e+07
0.0041989 1.1509e+07
0.0042008 1.1509e+07
0.0042027 1.1509e+07
0.0042046 1.1509e+07
0.0042065 1.1509e+07
0.0042083 1.1509e+07
0.0042102 1.1509e+07
0.0042121 1.1509e+07
0.004214 1.1509e+07
0.0042159 1.1509e+07
0.0042178 1.1509e+07
0.0042197 1.1509e+07
0.0042215 1.1509e+07
0.0042234 1.1509e+07
0.0042253 1.1509e+07
0.0042272 1.1509e+07
0.0042291 1.1509e+07
0.004231 1.1509e+07
0.0042328 1.1509e+07
0.0042347 1.1509e+07
0.0042366 1.1509e+07
0.0042385 1.1509e+07
0.0042404 1.1509e+07
0.0042423 1.1509e+07
0.0042442 1.1509e+07
0.004246 1.1509e+07
0.0042479 1.1509e+07
0.0042498 1.1509e+07
0.0042517 1.1509e+07
0.0042536 1.1509e+07
0.0042555 1.1509e+07
0.0042573 1.1509e+07
0.0042592 1.1509e+07
0.0042611 1.1509e+07
0.004263 1.1509e+07
0.0042649 1.1509e+07
0.0042668 1.1509e+07
0.0042687 1.1509e+07
0.0042705 1.1509e+07
0.0042724 1.1509e+07
0.0042743 1.1509e+07
0.0042762 1.1509e+07
0.0042781 1.1509e+07
0.00428 1.1509e+07
0.0042818 1.1509e+07
0.0042837 1.1509e+07
0.0042856 1.1509e+07
0.0042875 1.1509e+07
0.0042894 1.1509e+07
0.0042913 1.1509e+07
0.0042932 1.1509e+07
0.004295 1.1509e+07
0.0042969 1.1509e+07
0.0042988 1.1509e+07
0.0043007 1.1509e+07
0.0043026 1.1509e+07
0.0043045 1.1509e+07
0.0043063 1.1509e+07
0.0043082 1.1509e+07
0.0043101 1.1509e+07
0.004312 1.1509e+07
0.0043139 1.1509e+07
0.0043158 1.1509e+07
0.0043177 1.1509e+07
0.0043195 1.1509e+07
0.0043214 1.1509e+07
0.0043233 1.1509e+07
0.0043252 1.1509e+07
0.0043271 1.1509e+07
0.004329 1.1509e+07
0.0043308 1.1509e+07
0.0043327 1.1509e+07
0.0043346 1.1509e+07
0.0043365 1.1509e+07
0.0043384 1.1509e+07
0.0043403 1.1509e+07
0.0043422 1.1509e+07
0.004344 1.1509e+07
0.0043459 1.1509e+07
0.0043478 1.1509e+07
0.0043497 1.1509e+07
0.0043516 1.1509e+07
0.0043535 1.1509e+07
0.0043553 1.1509e+07
0.0043572 1.1509e+07
0.0043591 1.1509e+07
0.004361 1.1509e+07
0.0043629 1.1509e+07
0.0043648 1.1509e+07
0.0043667 1.1509e+07
0.0043685 1.1509e+07
0.0043704 1.1509e+07
0.0043723 1.1509e+07
0.0043742 1.1509e+07
0.0043761 1.1509e+07
0.004378 1.1509e+07
0.0043798 1.1509e+07
0.0043817 1.1509e+07
0.0043836 1.1509e+07
0.0043855 1.1509e+07
0.0043874 1.1509e+07
0.0043893 1.1509e+07
0.0043912 1.1509e+07
0.004393 1.1509e+07
0.0043949 1.1509e+07
0.0043968 1.1509e+07
0.0043987 1.1509e+07
0.0044006 1.1509e+07
0.0044025 1.1509e+07
0.0044043 1.1509e+07
0.0044062 1.1509e+07
0.0044081 1.1509e+07
0.00441 1.1509e+07
0.0044119 1.1509e+07
0.0044138 1.1509e+07
0.0044157 1.1509e+07
0.0044175 1.1509e+07
0.0044194 1.1509e+07
0.0044213 1.1509e+07
0.0044232 1.1509e+07
0.0044251 1.1509e+07
0.004427 1.1509e+07
0.0044288 1.1509e+07
0.0044307 1.1509e+07
0.0044326 1.1509e+07
0.0044345 1.1509e+07
0.0044364 1.1509e+07
0.0044383 1.1509e+07
0.0044402 1.1509e+07
0.004442 1.1509e+07
0.0044439 1.1509e+07
0.0044458 1.1509e+07
0.0044477 1.1509e+07
0.0044496 1.1509e+07
0.0044515 1.1509e+07
0.0044533 1.1509e+07
0.0044552 1.1509e+07
0.0044571 1.1509e+07
0.004459 1.1509e+07
0.0044609 1.1509e+07
0.0044628 1.1509e+07
0.0044647 1.1509e+07
0.0044665 1.1509e+07
0.0044684 1.1509e+07
0.0044703 1.1509e+07
0.0044722 1.1509e+07
0.0044741 1.1509e+07
0.004476 1.1509e+07
0.0044778 1.1509e+07
0.0044797 1.1509e+07
0.0044816 1.1509e+07
0.0044835 1.1509e+07
0.0044854 1.1509e+07
0.0044873 1.1509e+07
0.0044892 1.1509e+07
0.004491 1.1509e+07
0.0044929 1.1509e+07
0.0044948 1.1509e+07
0.0044967 1.1509e+07
0.0044986 1.1509e+07
0.0045005 1.1509e+07
0.0045023 1.1509e+07
0.0045042 1.1509e+07
0.0045061 1.1509e+07
0.004508 1.1509e+07
0.0045099 1.1509e+07
0.0045118 1.1509e+07
0.0045137 1.1509e+07
0.0045155 1.1509e+07
0.0045174 1.1509e+07
0.0045193 1.1509e+07
0.0045212 1.1509e+07
0.0045231 1.1509e+07
0.004525 1.1509e+07
0.0045268 1.1509e+07
0.0045287 1.1509e+07
0.0045306 1.1509e+07
0.0045325 1.1509e+07
0.0045344 1.1509e+07
0.0045363 1.1509e+07
0.0045382 1.1509e+07
0.00454 1.1509e+07
0.0045419 1.1509e+07
0.0045438 1.1509e+07
0.0045457 1.1509e+07
0.0045476 1.1509e+07
0.0045495 1.1509e+07
0.0045513 1.1509e+07
0.0045532 1.1509e+07
0.0045551 1.1509e+07
0.004557 1.1509e+07
0.0045589 1.1509e+07
0.0045608 1.1509e+07
0.0045627 1.1509e+07
0.0045645 1.1509e+07
0.0045664 1.1509e+07
0.0045683 1.1509e+07
0.0045702 1.1509e+07
0.0045721 1.1509e+07
0.004574 1.1509e+07
0.0045758 1.1509e+07
0.0045777 1.1509e+07
0.0045796 1.1509e+07
0.0045815 1.1509e+07
0.0045834 1.1509e+07
0.0045853 1.1509e+07
0.0045872 1.1509e+07
0.004589 1.1509e+07
0.0045909 1.1509e+07
0.0045928 1.1509e+07
0.0045947 1.1509e+07
0.0045966 1.1509e+07
0.0045985 1.1509e+07
0.0046003 1.1509e+07
0.0046022 1.1509e+07
0.0046041 1.1509e+07
0.004606 1.1509e+07
0.0046079 1.1509e+07
0.0046098 1.1509e+07
0.0046117 1.1509e+07
0.0046135 1.1509e+07
0.0046154 1.1509e+07
0.0046173 1.1509e+07
0.0046192 1.1509e+07
0.0046211 1.1509e+07
0.004623 1.1509e+07
0.0046248 1.1509e+07
0.0046267 1.1509e+07
0.0046286 1.1509e+07
0.0046305 1.1509e+07
0.0046324 1.1509e+07
0.0046343 1.1509e+07
0.0046362 1.1509e+07
0.004638 1.1509e+07
0.0046399 1.1509e+07
0.0046418 1.1509e+07
0.0046437 1.1509e+07
0.0046456 1.1509e+07
0.0046475 1.1509e+07
0.0046493 1.1509e+07
0.0046512 1.1509e+07
0.0046531 1.1509e+07
0.004655 1.1509e+07
0.0046569 1.1509e+07
0.0046588 1.1509e+07
0.0046607 1.1509e+07
0.0046625 1.1509e+07
0.0046644 1.1509e+07
0.0046663 1.1509e+07
0.0046682 1.1509e+07
0.0046701 1.1509e+07
0.004672 1.1509e+07
0.0046738 1.1509e+07
0.0046757 1.1509e+07
0.0046776 1.1509e+07
0.0046795 1.1509e+07
0.0046814 1.1509e+07
0.0046833 1.1509e+07
0.0046852 1.1509e+07
0.004687 1.1509e+07
0.0046889 1.1509e+07
0.0046908 1.1509e+07
0.0046927 1.1509e+07
0.0046946 1.1509e+07
0.0046965 1.1509e+07
0.0046983 1.1509e+07
0.0047002 1.1509e+07
0.0047021 1.1509e+07
0.004704 1.1509e+07
0.0047059 1.1509e+07
0.0047078 1.1509e+07
0.0047097 1.1509e+07
0.0047115 1.1509e+07
0.0047134 1.1509e+07
0.0047153 1.1509e+07
0.0047172 1.1509e+07
0.0047191 1.1509e+07
0.004721 1.1509e+07
0.0047228 1.1509e+07
0.0047247 1.1509e+07
0.0047266 1.1509e+07
0.0047285 1.1509e+07
0.0047304 1.1509e+07
0.0047323 1.1509e+07
0.0047342 1.1509e+07
0.004736 1.1509e+07
0.0047379 1.1509e+07
0.0047398 1.1509e+07
0.0047417 1.1509e+07
0.0047436 1.1509e+07
0.0047455 1.1509e+07
0.0047473 1.1509e+07
0.0047492 1.1509e+07
0.0047511 1.1509e+07
0.004753 1.1509e+07
0.0047549 1.1509e+07
0.0047568 1.1509e+07
0.0047587 1.1509e+07
0.0047605 1.1509e+07
0.0047624 1.1509e+07
0.0047643 1.1509e+07
0.0047662 1.1509e+07
0.0047681 1.1509e+07
0.00477 1.1509e+07
0.0047718 1.1509e+07
0.0047737 1.1509e+07
0.0047756 1.1509e+07
0.0047775 1.1509e+07
0.0047794 1.1509e+07
0.0047813 1.1509e+07
0.0047832 1.1509e+07
0.004785 1.1509e+07
0.0047869 1.1509e+07
0.0047888 1.1509e+07
0.0047907 1.1509e+07
0.0047926 1.1509e+07
0.0047945 1.1509e+07
0.0047963 1.1509e+07
0.0047982 1.1509e+07
0.0048001 1.1509e+07
0.004802 1.1509e+07
0.0048039 1.1509e+07
0.0048058 1.1509e+07
0.0048077 1.1509e+07
0.0048095 1.1509e+07
0.0048114 1.1509e+07
0.0048133 1.1509e+07
0.0048152 1.1509e+07
0.0048171 1.1509e+07
0.004819 1.1509e+07
0.0048208 1.1509e+07
0.0048227 1.1509e+07
0.0048246 1.1509e+07
0.0048265 1.1509e+07
0.0048284 1.1509e+07
0.0048303 1.1509e+07
0.0048322 1.1509e+07
0.004834 1.1509e+07
0.0048359 1.1509e+07
0.0048378 1.1509e+07
0.0048397 1.1509e+07
0.0048416 1.1509e+07
0.0048435 1.1509e+07
0.0048453 1.1509e+07
0.0048472 1.1509e+07
0.0048491 1.1509e+07
0.004851 1.1509e+07
0.0048529 1.1509e+07
0.0048548 1.1509e+07
0.0048567 1.1509e+07
0.0048585 1.1509e+07
0.0048604 1.1509e+07
0.0048623 1.1509e+07
0.0048642 1.1509e+07
0.0048661 1.1509e+07
0.004868 1.1509e+07
0.0048698 1.1509e+07
0.0048717 1.1509e+07
0.0048736 1.1509e+07
0.0048755 1.1509e+07
0.0048774 1.1509e+07
0.0048793 1.1509e+07
0.0048812 1.1509e+07
0.004883 1.1509e+07
0.0048849 1.1509e+07
0.0048868 1.1509e+07
0.0048887 1.1509e+07
0.0048906 1.1509e+07
0.0048925 1.1509e+07
0.0048943 1.1509e+07
0.0048962 1.1509e+07
0.0048981 1.1509e+07
0.0049 1.1509e+07
0.0049019 1.1509e+07
0.0049038 1.1509e+07
0.0049057 1.1509e+07
0.0049075 1.1509e+07
0.0049094 1.1509e+07
0.0049113 1.1509e+07
0.0049132 1.1509e+07
0.0049151 1.1509e+07
0.004917 1.1509e+07
0.0049188 1.1509e+07
0.0049207 1.1509e+07
0.0049226 1.1509e+07
0.0049245 1.1509e+07
0.0049264 1.1509e+07
0.0049283 1.1509e+07
0.0049302 1.1509e+07
0.004932 1.1509e+07
0.0049339 1.1509e+07
0.0049358 1.1509e+07
0.0049377 1.1509e+07
0.0049396 1.1509e+07
0.0049415 1.1509e+07
0.0049433 1.1509e+07
0.0049452 1.1509e+07
0.0049471 1.1509e+07
0.004949 1.1509e+07
0.0049509 1.1509e+07
0.0049528 1.1509e+07
0.0049547 1.1509e+07
0.0049565 1.1509e+07
0.0049584 1.1509e+07
0.0049603 1.1509e+07
0.0049622 1.1509e+07
0.0049641 1.1509e+07
0.004966 1.1509e+07
0.0049678 1.1509e+07
0.0049697 1.1509e+07
0.0049716 1.1509e+07
0.0049735 1.1509e+07
0.0049754 1.1509e+07
0.0049773 1.1509e+07
0.0049792 1.1509e+07
0.004981 1.1509e+07
0.0049829 1.1509e+07
0.0049848 1.1509e+07
0.0049867 1.1509e+07
0.0049886 1.1509e+07
0.0049905 1.1509e+07
0.0049923 1.1509e+07
0.0049942 1.1509e+07
0.0049961 1.1509e+07
0.004998 1.1509e+07
0.0049999 1.1509e+07
0.0050018 1.1509e+07
0.0050037 1.1509e+07
0.0050055 1.1509e+07
0.0050074 1.1509e+07
0.0050093 1.1509e+07
0.0050112 1.1509e+07
0.0050131 1.1509e+07
0.005015 1.1509e+07
0.0050168 1.1509e+07
0.0050187 1.1509e+07
0.0050206 1.1509e+07
0.0050225 1.1509e+07
0.0050244 1.1509e+07
0.0050263 1.1509e+07
0.0050282 1.1509e+07
0.00503 1.1509e+07
0.0050319 1.1509e+07
0.0050338 1.1509e+07
0.0050357 1.1509e+07
0.0050376 1.1509e+07
0.0050395 1.1509e+07
0.0050413 1.1509e+07
0.0050432 1.1509e+07
0.0050451 1.1509e+07
0.005047 1.1509e+07
0.0050489 1.1509e+07
0.0050508 1.1509e+07
0.0050527 1.1509e+07
0.0050545 1.1509e+07
0.0050564 1.1509e+07
0.0050583 1.1509e+07
0.0050602 1.1509e+07
0.0050621 1.1509e+07
0.005064 1.1509e+07
0.0050658 1.1509e+07
0.0050677 1.1509e+07
0.0050696 1.1509e+07
0.0050715 1.1509e+07
0.0050734 1.1509e+07
0.0050753 1.1509e+07
0.0050772 1.1509e+07
0.005079 1.1509e+07
0.0050809 1.1509e+07
0.0050828 1.1509e+07
0.0050847 1.1509e+07
0.0050866 1.1509e+07
0.0050885 1.1509e+07
0.0050903 1.1509e+07
0.0050922 1.1509e+07
0.0050941 1.1509e+07
0.005096 1.1509e+07
0.0050979 1.1509e+07
0.0050998 1.1509e+07
0.0051017 1.1509e+07
0.0051035 1.1509e+07
0.0051054 1.1509e+07
0.0051073 1.1509e+07
0.0051092 1.1509e+07
0.0051111 1.1509e+07
0.005113 1.1509e+07
0.0051148 1.1509e+07
0.0051167 1.1509e+07
0.0051186 1.1509e+07
0.0051205 1.1509e+07
0.0051224 1.1509e+07
0.0051243 1.1509e+07
0.0051262 1.1509e+07
0.005128 1.1509e+07
0.0051299 1.1509e+07
0.0051318 1.1509e+07
0.0051337 1.1509e+07
0.0051356 1.1509e+07
0.0051375 1.1509e+07
0.0051393 1.1509e+07
0.0051412 1.1509e+07
0.0051431 1.1509e+07
0.005145 1.1509e+07
0.0051469 1.1509e+07
0.0051488 1.1509e+07
0.0051507 1.1509e+07
0.0051525 1.1509e+07
0.0051544 1.1509e+07
0.0051563 1.1509e+07
0.0051582 1.1509e+07
0.0051601 1.1509e+07
0.005162 1.1509e+07
0.0051638 1.1509e+07
0.0051657 1.1509e+07
0.0051676 1.1509e+07
0.0051695 1.1509e+07
0.0051714 1.1509e+07
0.0051733 1.1509e+07
0.0051752 1.1509e+07
0.005177 1.1509e+07
0.0051789 1.1509e+07
0.0051808 1.1509e+07
0.0051827 1.1509e+07
0.0051846 1.1509e+07
0.0051865 1.1509e+07
0.0051883 1.1509e+07
0.0051902 1.1509e+07
0.0051921 1.1509e+07
0.005194 1.1509e+07
0.0051959 1.1509e+07
0.0051978 1.1509e+07
0.0051997 1.1509e+07
0.0052015 1.1509e+07
0.0052034 1.1509e+07
0.0052053 1.1509e+07
0.0052072 1.1509e+07
0.0052091 1.1509e+07
0.005211 1.1509e+07
0.0052128 1.1509e+07
0.0052147 1.1509e+07
0.0052166 1.1509e+07
0.0052185 1.1509e+07
0.0052204 1.1509e+07
0.0052223 1.1509e+07
0.0052242 1.1509e+07
0.005226 1.1509e+07
0.0052279 1.1509e+07
0.0052298 1.1509e+07
0.0052317 1.1509e+07
0.0052336 1.1509e+07
0.0052355 1.1509e+07
0.0052373 1.1509e+07
0.0052392 1.1509e+07
0.0052411 1.1509e+07
0.005243 1.1509e+07
0.0052449 1.1509e+07
0.0052468 1.1509e+07
0.0052487 1.1509e+07
0.0052505 1.1509e+07
0.0052524 1.1509e+07
0.0052543 1.1509e+07
0.0052562 1.1509e+07
0.0052581 1.1509e+07
0.00526 1.1509e+07
0.0052618 1.1509e+07
0.0052637 1.1509e+07
0.0052656 1.1509e+07
0.0052675 1.1509e+07
0.0052694 1.1509e+07
0.0052713 1.1509e+07
0.0052732 1.1509e+07
0.005275 1.1509e+07
0.0052769 1.1509e+07
0.0052788 1.1509e+07
0.0052807 1.1509e+07
0.0052826 1.1509e+07
0.0052845 1.1509e+07
0.0052863 1.1509e+07
0.0052882 1.1509e+07
0.0052901 1.1509e+07
0.005292 1.1509e+07
0.0052939 1.1509e+07
0.0052958 1.1509e+07
0.0052977 1.1509e+07
0.0052995 1.1509e+07
0.0053014 1.1509e+07
0.0053033 1.1509e+07
0.0053052 1.1509e+07
0.0053071 1.1509e+07
0.005309 1.1509e+07
0.0053108 1.1509e+07
0.0053127 1.1509e+07
0.0053146 1.1509e+07
0.0053165 1.1509e+07
0.0053184 1.1509e+07
0.0053203 1.1509e+07
0.0053222 1.1509e+07
0.005324 1.1509e+07
0.0053259 1.1509e+07
0.0053278 1.1509e+07
0.0053297 1.1509e+07
0.0053316 1.1509e+07
0.0053335 1.1509e+07
0.0053353 1.1509e+07
0.0053372 1.1509e+07
0.0053391 1.1509e+07
0.005341 1.1509e+07
0.0053429 1.1509e+07
0.0053448 1.1509e+07
0.0053467 1.1509e+07
0.0053485 1.1509e+07
0.0053504 1.1509e+07
0.0053523 1.1509e+07
0.0053542 1.1509e+07
0.0053561 1.1509e+07
0.005358 1.1509e+07
0.0053598 1.1509e+07
0.0053617 1.1509e+07
0.0053636 1.1509e+07
0.0053655 1.1509e+07
0.0053674 1.1509e+07
0.0053693 1.1509e+07
0.0053712 1.1509e+07
0.005373 1.1509e+07
0.0053749 1.1509e+07
0.0053768 1.1509e+07
0.0053787 1.1509e+07
0.0053806 1.1509e+07
0.0053825 1.1509e+07
0.0053843 1.1509e+07
0.0053862 1.1509e+07
0.0053881 1.1509e+07
0.00539 1.1509e+07
0.0053919 1.1509e+07
0.0053938 1.1509e+07
0.0053957 1.1509e+07
0.0053975 1.1509e+07
0.0053994 1.1509e+07
0.0054013 1.1509e+07
0.0054032 1.1509e+07
0.0054051 1.1509e+07
0.005407 1.1509e+07
0.0054088 1.1509e+07
0.0054107 1.1509e+07
0.0054126 1.1509e+07
0.0054145 1.1509e+07
0.0054164 1.1509e+07
0.0054183 1.1509e+07
0.0054202 1.1509e+07
0.005422 1.1509e+07
0.0054239 1.1509e+07
0.0054258 1.1509e+07
0.0054277 1.1509e+07
0.0054296 1.1509e+07
0.0054315 1.1509e+07
0.0054333 1.1509e+07
0.0054352 1.1509e+07
0.0054371 1.1509e+07
0.005439 1.1509e+07
0.0054409 1.1509e+07
0.0054428 1.1509e+07
0.0054447 1.1509e+07
0.0054465 1.1509e+07
0.0054484 1.1509e+07
0.0054503 1.1509e+07
0.0054522 1.1509e+07
0.0054541 1.1509e+07
0.005456 1.1509e+07
0.0054578 1.1509e+07
0.0054597 1.1509e+07
0.0054616 1.1509e+07
0.0054635 1.1509e+07
0.0054654 1.1509e+07
0.0054673 1.1509e+07
0.0054692 1.1509e+07
0.005471 1.1509e+07
0.0054729 1.1509e+07
0.0054748 1.1509e+07
0.0054767 1.1509e+07
0.0054786 1.1509e+07
0.0054805 1.1509e+07
0.0054823 1.1509e+07
0.0054842 1.1509e+07
0.0054861 1.1509e+07
0.005488 1.1509e+07
0.0054899 1.1509e+07
0.0054918 1.1509e+07
0.0054937 1.1509e+07
0.0054955 1.1509e+07
0.0054974 1.1509e+07
0.0054993 1.1509e+07
0.0055012 1.1509e+07
0.0055031 1.1509e+07
0.005505 1.1509e+07
0.0055068 1.1509e+07
0.0055087 1.1509e+07
0.0055106 1.1509e+07
0.0055125 1.1509e+07
0.0055144 1.1509e+07
0.0055163 1.1509e+07
0.0055182 1.1509e+07
0.00552 1.1509e+07
0.0055219 1.1509e+07
0.0055238 1.1509e+07
0.0055257 1.1509e+07
0.0055276 1.1509e+07
0.0055295 1.1509e+07
0.0055313 1.1509e+07
0.0055332 1.1509e+07
0.0055351 1.1509e+07
0.005537 1.1509e+07
0.0055389 1.1509e+07
0.0055408 1.1509e+07
0.0055427 1.1509e+07
0.0055445 1.1509e+07
0.0055464 1.1509e+07
0.0055483 1.1509e+07
0.0055502 1.1509e+07
0.0055521 1.1509e+07
0.005554 1.1509e+07
0.0055558 1.1509e+07
0.0055577 1.1509e+07
0.0055596 1.1509e+07
0.0055615 1.1509e+07
0.0055634 1.1509e+07
0.0055653 1.1509e+07
0.0055672 1.1509e+07
0.005569 1.1509e+07
0.0055709 1.1509e+07
0.0055728 1.1509e+07
0.0055747 1.1509e+07
0.0055766 1.1509e+07
0.0055785 1.1509e+07
0.0055803 1.1509e+07
0.0055822 1.1509e+07
0.0055841 1.1509e+07
0.005586 1.1509e+07
0.0055879 1.1509e+07
0.0055898 1.1509e+07
0.0055917 1.1509e+07
0.0055935 1.1509e+07
0.0055954 1.1509e+07
0.0055973 1.1509e+07
0.0055992 1.1509e+07
0.0056011 1.1509e+07
0.005603 1.1509e+07
0.0056048 1.1509e+07
0.0056067 1.1509e+07
0.0056086 1.1509e+07
0.0056105 1.1509e+07
0.0056124 1.1509e+07
0.0056143 1.1509e+07
0.0056162 1.1509e+07
0.005618 1.1509e+07
0.0056199 1.1509e+07
0.0056218 1.1509e+07
0.0056237 1.1509e+07
0.0056256 1.1509e+07
0.0056275 1.1509e+07
0.0056293 1.1509e+07
0.0056312 1.1509e+07
0.0056331 1.1509e+07
0.005635 1.1509e+07
0.0056369 1.1509e+07
0.0056388 1.1509e+07
0.0056407 1.1509e+07
0.0056425 1.1509e+07
0.0056444 1.1509e+07
0.0056463 1.1509e+07
0.0056482 1.1509e+07
0.0056501 1.1509e+07
0.005652 1.1509e+07
0.0056538 1.1509e+07
0.0056557 1.1509e+07
0.0056576 1.1509e+07
0.0056595 1.1509e+07
0.0056614 1.1509e+07
0.0056633 1.1509e+07
0.0056652 1.1509e+07
0.005667 1.1509e+07
0.0056689 1.1509e+07
0.0056708 1.1509e+07
0.0056727 1.1509e+07
0.0056746 1.1509e+07
0.0056765 1.1509e+07
0.0056783 1.1509e+07
0.0056802 1.1509e+07
0.0056821 1.1509e+07
0.005684 1.1509e+07
0.0056859 1.1509e+07
0.0056878 1.1509e+07
0.0056897 1.1509e+07
0.0056915 1.1509e+07
0.0056934 1.1509e+07
0.0056953 1.1509e+07
0.0056972 1.1509e+07
0.0056991 1.1509e+07
0.005701 1.1509e+07
0.0057028 1.1509e+07
0.0057047 1.1509e+07
0.0057066 1.1509e+07
0.0057085 1.1509e+07
0.0057104 1.1509e+07
0.0057123 1.1509e+07
0.0057142 1.1509e+07
0.005716 1.1509e+07
0.0057179 1.1509e+07
0.0057198 1.1509e+07
0.0057217 1.1509e+07
0.0057236 1.1509e+07
0.0057255 1.1509e+07
0.0057273 1.1509e+07
0.0057292 1.1509e+07
0.0057311 1.1509e+07
0.005733 1.1509e+07
0.0057349 1.1509e+07
0.0057368 1.1509e+07
0.0057387 1.1509e+07
0.0057405 1.1509e+07
0.0057424 1.1509e+07
0.0057443 1.1509e+07
0.0057462 1.1509e+07
0.0057481 1.1509e+07
0.00575 1.1509e+07
0.0057518 1.1509e+07
0.0057537 1.1509e+07
0.0057556 1.1509e+07
0.0057575 1.1509e+07
0.0057594 1.1509e+07
0.0057613 1.1509e+07
0.0057632 1.1509e+07
0.005765 1.1509e+07
0.0057669 1.1509e+07
0.0057688 1.1509e+07
0.0057707 1.1509e+07
0.0057726 1.1509e+07
0.0057745 1.1509e+07
0.0057763 1.1509e+07
0.0057782 1.1509e+07
0.0057801 1.1509e+07
0.005782 1.1509e+07
0.0057839 1.1509e+07
0.0057858 1.1509e+07
0.0057877 1.1509e+07
0.0057895 1.1509e+07
0.0057914 1.1509e+07
0.0057933 1.1509e+07
0.0057952 1.1509e+07
0.0057971 1.1509e+07
0.005799 1.1509e+07
0.0058008 1.1509e+07
0.0058027 1.1509e+07
0.0058046 1.1509e+07
0.0058065 1.1509e+07
0.0058084 1.1509e+07
0.0058103 1.1509e+07
0.0058122 1.1509e+07
0.005814 1.1509e+07
0.0058159 1.1509e+07
0.0058178 1.1509e+07
0.0058197 1.1509e+07
0.0058216 1.1509e+07
0.0058235 1.1509e+07
0.0058253 1.1509e+07
0.0058272 1.1509e+07
0.0058291 1.1509e+07
0.005831 1.1509e+07
0.0058329 1.1509e+07
0.0058348 1.1509e+07
0.0058367 1.1509e+07
0.0058385 1.1509e+07
0.0058404 1.1509e+07
0.0058423 1.1509e+07
0.0058442 1.1509e+07
0.0058461 1.1509e+07
0.005848 1.1509e+07
0.0058498 1.1509e+07
0.0058517 1.1509e+07
0.0058536 1.1509e+07
0.0058555 1.1509e+07
0.0058574 1.1509e+07
0.0058593 1.1509e+07
0.0058612 1.1509e+07
0.005863 1.1509e+07
0.0058649 1.1509e+07
0.0058668 1.1509e+07
0.0058687 1.1509e+07
0.0058706 1.1509e+07
0.0058725 1.1509e+07
0.0058743 1.1509e+07
0.0058762 1.1509e+07
0.0058781 1.1509e+07
0.00588 1.1509e+07
0.0058819 1.1509e+07
0.0058838 1.1509e+07
0.0058857 1.1509e+07
0.0058875 1.1509e+07
0.0058894 1.1509e+07
0.0058913 1.1509e+07
0.0058932 1.1509e+07
0.0058951 1.1509e+07
0.005897 1.1509e+07
0.0058988 1.1509e+07
0.0059007 1.1509e+07
0.0059026 1.1509e+07
0.0059045 1.1509e+07
0.0059064 1.1509e+07
0.0059083 1.1509e+07
0.0059102 1.1509e+07
0.005912 1.1509e+07
0.0059139 1.1509e+07
0.0059158 1.1509e+07
0.0059177 1.1509e+07
0.0059196 1.1509e+07
0.0059215 1.1509e+07
0.0059233 1.1509e+07
0.0059252 1.1509e+07
0.0059271 1.1509e+07
0.005929 1.1509e+07
0.0059309 1.1509e+07
0.0059328 1.1509e+07
0.0059347 1.1509e+07
0.0059365 1.1509e+07
0.0059384 1.1509e+07
0.0059403 1.1509e+07
0.0059422 1.1509e+07
0.0059441 1.1509e+07
0.005946 1.1509e+07
0.0059478 1.1509e+07
0.0059497 1.1509e+07
0.0059516 1.1509e+07
0.0059535 1.1509e+07
0.0059554 1.1509e+07
0.0059573 1.1509e+07
0.0059592 1.1509e+07
0.005961 1.1509e+07
0.0059629 1.1509e+07
0.0059648 1.1509e+07
0.0059667 1.1509e+07
0.0059686 1.1509e+07
0.0059705 1.1509e+07
0.0059723 1.1509e+07
0.0059742 1.1509e+07
0.0059761 1.1509e+07
0.005978 1.1509e+07
0.0059799 1.1509e+07
0.0059818 1.1509e+07
0.0059837 1.1509e+07
0.0059855 1.1509e+07
0.0059874 1.1509e+07
0.0059893 1.1509e+07
0.0059912 1.1509e+07
0.0059931 1.1509e+07
0.005995 1.1509e+07
0.0059968 1.1509e+07
0.0059987 1.1509e+07
0.0060006 1.1509e+07
0.0060025 1.1509e+07
0.0060044 1.1509e+07
0.0060063 1.1509e+07
0.0060082 1.1509e+07
0.00601 1.1509e+07
0.0060119 1.1509e+07
0.0060138 1.1509e+07
0.0060157 1.1509e+07
0.0060176 1.1509e+07
0.0060195 1.1509e+07
0.0060213 1.1509e+07
0.0060232 1.1509e+07
0.0060251 1.1509e+07
0.006027 1.1509e+07
0.0060289 1.1509e+07
0.0060308 1.1509e+07
0.0060327 1.1509e+07
0.0060345 1.1509e+07
0.0060364 1.1509e+07
0.0060383 1.1509e+07
0.0060402 1.1509e+07
0.0060421 1.1509e+07
0.006044 1.1509e+07
0.0060458 1.1509e+07
0.0060477 1.1509e+07
0.0060496 1.1509e+07
0.0060515 1.1509e+07
0.0060534 1.1509e+07
0.0060553 1.1509e+07
0.0060572 1.1509e+07
0.006059 1.1509e+07
0.0060609 1.1509e+07
0.0060628 1.1509e+07
0.0060647 1.1509e+07
0.0060666 1.1509e+07
0.0060685 1.1509e+07
0.0060703 1.1509e+07
0.0060722 1.1509e+07
0.0060741 1.1509e+07
0.006076 1.1509e+07
0.0060779 1.1509e+07
0.0060798 1.1509e+07
0.0060817 1.1509e+07
0.0060835 1.1509e+07
0.0060854 1.1509e+07
0.0060873 1.1509e+07
0.0060892 1.1509e+07
0.0060911 1.1509e+07
0.006093 1.1509e+07
0.0060948 1.1509e+07
0.0060967 1.1509e+07
0.0060986 1.1509e+07
0.0061005 1.1509e+07
0.0061024 1.1509e+07
0.0061043 1.1509e+07
0.0061062 1.1509e+07
0.006108 1.1509e+07
0.0061099 1.1509e+07
0.0061118 1.1509e+07
0.0061137 1.1509e+07
0.0061156 1.1509e+07
0.0061175 1.1509e+07
0.0061193 1.1509e+07
0.0061212 1.1509e+07
0.0061231 1.1509e+07
0.006125 1.1509e+07
0.0061269 1.1509e+07
0.0061288 1.1509e+07
0.0061307 1.1509e+07
0.0061325 1.1509e+07
0.0061344 1.1509e+07
0.0061363 1.1509e+07
0.0061382 1.1509e+07
0.0061401 1.1509e+07
0.006142 1.1509e+07
0.0061438 1.1509e+07
0.0061457 1.1509e+07
0.0061476 1.1509e+07
0.0061495 1.1509e+07
0.0061514 1.1509e+07
0.0061533 1.1509e+07
0.0061552 1.1509e+07
0.006157 1.1509e+07
0.0061589 1.1509e+07
0.0061608 1.1509e+07
0.0061627 1.1509e+07
0.0061646 1.1509e+07
0.0061665 1.1509e+07
0.0061683 1.1509e+07
0.0061702 1.1509e+07
0.0061721 1.1509e+07
0.006174 1.1509e+07
0.0061759 1.1509e+07
0.0061778 1.1509e+07
0.0061797 1.1509e+07
0.0061815 1.1509e+07
0.0061834 1.1509e+07
0.0061853 1.1509e+07
0.0061872 1.1509e+07
0.0061891 1.1509e+07
0.006191 1.1509e+07
0.0061928 1.1509e+07
0.0061947 1.1509e+07
0.0061966 1.1509e+07
0.0061985 1.1509e+07
0.0062004 1.1509e+07
0.0062023 1.1509e+07
0.0062042 1.1509e+07
0.006206 1.1509e+07
0.0062079 1.1509e+07
0.0062098 1.1509e+07
0.0062117 1.1509e+07
0.0062136 1.1509e+07
0.0062155 1.1509e+07
0.0062173 1.1509e+07
0.0062192 1.1509e+07
0.0062211 1.1509e+07
0.006223 1.1509e+07
0.0062249 1.1509e+07
0.0062268 1.1509e+07
0.0062287 1.1509e+07
0.0062305 1.1509e+07
0.0062324 1.1509e+07
0.0062343 1.1509e+07
0.0062362 1.1509e+07
0.0062381 1.1509e+07
0.00624 1.1509e+07
0.0062418 1.1509e+07
0.0062437 1.1509e+07
0.0062456 1.1509e+07
0.0062475 1.1509e+07
0.0062494 1.1509e+07
0.0062513 1.1509e+07
0.0062532 1.1509e+07
0.006255 1.1509e+07
0.0062569 1.1509e+07
0.0062588 1.1509e+07
0.0062607 1.1509e+07
0.0062626 1.1509e+07
0.0062645 1.1509e+07
0.0062663 1.1509e+07
0.0062682 1.1509e+07
0.0062701 1.1509e+07
0.006272 1.1509e+07
0.0062739 1.1509e+07
0.0062758 1.1509e+07
0.0062777 1.1509e+07
0.0062795 1.1509e+07
0.0062814 1.1509e+07
0.0062833 1.1509e+07
0.0062852 1.1509e+07
0.0062871 1.1509e+07
0.006289 1.1509e+07
0.0062908 1.1509e+07
0.0062927 1.1509e+07
0.0062946 1.1509e+07
0.0062965 1.1509e+07
0.0062984 1.1509e+07
0.0063003 1.1509e+07
0.0063022 1.1509e+07
0.006304 1.1509e+07
0.0063059 1.1509e+07
0.0063078 1.1509e+07
0.0063097 1.1509e+07
0.0063116 1.1509e+07
0.0063135 1.1509e+07
0.0063153 1.1509e+07
0.0063172 1.1509e+07
0.0063191 1.1509e+07
0.006321 1.1509e+07
0.0063229 1.1509e+07
0.0063248 1.1509e+07
0.0063267 1.1509e+07
0.0063285 1.1509e+07
0.0063304 1.1509e+07
0.0063323 1.1509e+07
0.0063342 1.1509e+07
0.0063361 1.1509e+07
0.006338 1.1509e+07
0.0063398 1.1509e+07
0.0063417 1.1509e+07
0.0063436 1.1509e+07
0.0063455 1.1509e+07
0.0063474 1.1509e+07
0.0063493 1.1509e+07
0.0063512 1.1509e+07
0.006353 1.1509e+07
0.0063549 1.1509e+07
0.0063568 1.1509e+07
0.0063587 1.1509e+07
0.0063606 1.1509e+07
0.0063625 1.1509e+07
0.0063643 1.1509e+07
0.0063662 1.1509e+07
0.0063681 1.1509e+07
0.00637 1.1509e+07
0.0063719 1.1509e+07
0.0063738 1.1509e+07
0.0063757 1.1509e+07
0.0063775 1.1509e+07
0.0063794 1.1509e+07
0.0063813 1.1509e+07
0.0063832 1.1509e+07
0.0063851 1.1509e+07
0.006387 1.1509e+07
0.0063888 1.1509e+07
0.0063907 1.1509e+07
0.0063926 1.1509e+07
0.0063945 1.1509e+07
0.0063964 1.1509e+07
0.0063983 1.1509e+07
0.0064002 1.1509e+07
0.006402 1.1509e+07
0.0064039 1.1509e+07
0.0064058 1.1509e+07
0.0064077 1.1509e+07
0.0064096 1.1509e+07
0.0064115 1.1509e+07
0.0064133 1.1509e+07
0.0064152 1.1509e+07
0.0064171 1.1509e+07
0.006419 1.1509e+07
0.0064209 1.1509e+07
0.0064228 1.1509e+07
0.0064247 1.1509e+07
0.0064265 1.1509e+07
0.0064284 1.1509e+07
0.0064303 1.1509e+07
0.0064322 1.1509e+07
0.0064341 1.1509e+07
0.006436 1.1509e+07
0.0064378 1.1509e+07
0.0064397 1.1509e+07
0.0064416 1.1509e+07
0.0064435 1.1509e+07
0.0064454 1.1509e+07
0.0064473 1.1509e+07
0.0064492 1.1509e+07
0.006451 1.1509e+07
0.0064529 1.1509e+07
0.0064548 1.1509e+07
0.0064567 1.1509e+07
0.0064586 1.1509e+07
0.0064605 1.1509e+07
0.0064623 1.1509e+07
0.0064642 1.1509e+07
0.0064661 1.1509e+07
0.006468 1.1509e+07
0.0064699 1.1509e+07
0.0064718 1.1509e+07
0.0064737 1.1509e+07
0.0064755 1.1509e+07
0.0064774 1.1509e+07
0.0064793 1.1509e+07
0.0064812 1.1509e+07
0.0064831 1.1509e+07
0.006485 1.1509e+07
0.0064868 1.1509e+07
0.0064887 1.1509e+07
0.0064906 1.1509e+07
0.0064925 1.1509e+07
0.0064944 1.1509e+07
0.0064963 1.1509e+07
0.0064982 1.1509e+07
0.0065 1.1509e+07
0.0065019 1.1509e+07
0.0065038 1.1509e+07
0.0065057 1.1509e+07
0.0065076 1.1509e+07
0.0065095 1.1509e+07
0.0065113 1.1509e+07
0.0065132 1.1509e+07
0.0065151 1.1509e+07
0.006517 1.1509e+07
0.0065189 1.1509e+07
0.0065208 1.1509e+07
0.0065227 1.1509e+07
0.0065245 1.1509e+07
0.0065264 1.1509e+07
0.0065283 1.1509e+07
0.0065302 1.1509e+07
0.0065321 1.1509e+07
0.006534 1.1509e+07
0.0065358 1.1509e+07
0.0065377 1.1509e+07
0.0065396 1.1509e+07
0.0065415 1.1509e+07
0.0065434 1.1509e+07
0.0065453 1.1509e+07
0.0065472 1.1509e+07
0.006549 1.1509e+07
0.0065509 1.1509e+07
0.0065528 1.1509e+07
0.0065547 1.1509e+07
0.0065566 1.1509e+07
0.0065585 1.1509e+07
0.0065603 1.1509e+07
0.0065622 1.1509e+07
0.0065641 1.1509e+07
0.006566 1.1509e+07
0.0065679 1.1509e+07
0.0065698 1.1509e+07
0.0065717 1.1509e+07
0.0065735 1.1509e+07
0.0065754 1.1509e+07
0.0065773 1.1509e+07
0.0065792 1.1509e+07
0.0065811 1.1509e+07
0.006583 1.1509e+07
0.0065848 1.1509e+07
0.0065867 1.1509e+07
0.0065886 1.1509e+07
0.0065905 1.1509e+07
0.0065924 1.1509e+07
0.0065943 1.1509e+07
0.0065962 1.1509e+07
1 1.1509e+07
