1.8846e-06 70112
3.7692e-06 70112
5.6538e-06 70112
7.5385e-06 70112
9.4231e-06 70112
1.1308e-05 70112
1.3192e-05 70112
1.5077e-05 70111
1.6962e-05 70111
1.8846e-05 70110
2.0731e-05 70109
2.2615e-05 70107
2.45e-05 70104
2.6385e-05 70099
2.8269e-05 70093
3.0154e-05 70084
3.2038e-05 70070
3.3923e-05 70051
3.5808e-05 70023
3.7692e-05 69985
3.9577e-05 69931
4.1462e-05 69857
4.3346e-05 69756
4.5231e-05 69621
4.7115e-05 69440
4.9e-05 69201
5.0885e-05 68890
5.2769e-05 68489
5.4654e-05 67977
5.6538e-05 67332
5.8423e-05 66529
6.0308e-05 65544
6.2192e-05 64349
6.4077e-05 62920
6.5962e-05 61237
6.7846e-05 59283
6.9731e-05 57051
7.1615e-05 54542
7.35e-05 51770
7.5385e-05 48762
7.7269e-05 45554
7.9154e-05 42198
8.1038e-05 38752
8.2923e-05 35279
8.4808e-05 31846
8.6692e-05 28515
8.8577e-05 25340
9.0462e-05 22368
9.2346e-05 19632
9.4231e-05 17152
9.6115e-05 14938
9.8e-05 12987
9.9885e-05 11288
0.00010177 9825.2
0.00010365 8577.1
0.00010554 7520.8
0.00010742 6633.5
0.00010931 5892.7
0.00011119 5278
0.00011308 4771
0.00011496 4355.4
0.00011685 4017.5
0.00011873 3745.5
0.00012062 3529.6
0.0001225 3361.6
0.00012438 3234.9
0.00012627 3144
0.00012815 3084.5
0.00013004 3052.8
0.00013192 3046.1
0.00013381 3062.1
0.00013569 3098.8
0.00013758 3154.9
0.00013946 3229.2
0.00014135 3320.8
0.00014323 3429.1
0.00014512 3553.7
0.000147 3694.1
0.00014888 3850.4
0.00015077 4022.5
0.00015265 4210.5
0.00015454 4414.6
0.00015642 4635.2
0.00015831 4872.6
0.00016019 5127.4
0.00016208 5400.1
0.00016396 5691.2
0.00016585 6001.5
0.00016773 6331.7
0.00016962 6682.4
0.0001715 7054.3
0.00017338 7448.3
0.00017527 7865
0.00017715 8305.2
0.00017904 8769.5
0.00018092 9258.6
0.00018281 9773.2
0.00018469 10314
0.00018658 10881
0.00018846 11475
0.00019035 12096
0.00019223 12745
0.00019412 13421
0.000196 14126
0.00019788 14858
0.00019977 15617
0.00020165 16405
0.00020354 17218
0.00020542 18059
0.00020731 18925
0.00020919 19816
0.00021108 20732
0.00021296 21670
0.00021485 22630
0.00021673 23611
0.00021862 24612
0.0002205 25630
0.00022238 26664
0.00022427 27713
0.00022615 28775
0.00022804 29848
0.00022992 30930
0.00023181 32019
0.00023369 33114
0.00023558 34212
0.00023746 35311
0.00023935 36409
0.00024123 37505
0.00024312 38597
0.000245 39682
0.00024688 40758
0.00024877 41825
0.00025065 42880
0.00025254 43921
0.00025442 44948
0.00025631 45958
0.00025819 46950
0.00026008 47923
0.00026196 48876
0.00026385 49808
0.00026573 50718
0.00026762 51604
0.0002695 52467
0.00027138 53305
0.00027327 54119
0.00027515 54907
0.00027704 55670
0.00027892 56407
0.00028081 57119
0.00028269 57804
0.00028458 58464
0.00028646 59098
0.00028835 59706
0.00029023 60290
0.00029212 60849
0.000294 61383
0.00029588 61893
0.00029777 62380
0.00029965 62845
0.00030154 63286
0.00030342 63707
0.00030531 64106
0.00030719 64484
0.00030908 64843
0.00031096 65183
0.00031285 65505
0.00031473 65809
0.00031662 66095
0.0003185 66366
0.00032038 66621
0.00032227 66861
0.00032415 67086
0.00032604 67299
0.00032792 67498
0.00032981 67684
0.00033169 67859
0.00033358 68023
0.00033546 68176
0.00033735 68320
0.00033923 68454
0.00034112 68578
0.000343 68695
0.00034488 68803
0.00034677 68904
0.00034865 68998
0.00035054 69086
0.00035242 69167
0.00035431 69242
0.00035619 69312
0.00035808 69377
0.00035996 69437
0.00036185 69492
0.00036373 69543
0.00036562 69591
0.0003675 69634
0.00036938 69675
0.00037127 69712
0.00037315 69746
0.00037504 69778
0.00037692 69807
0.00037881 69833
0.00038069 69858
0.00038258 69880
0.00038446 69901
0.00038635 69920
0.00038823 69937
0.00039012 69953
0.000392 69968
0.00039388 69981
0.00039577 69993
0.00039765 70004
0.00039954 70014
0.00040142 70023
0.00040331 70032
0.00040519 70040
0.00040708 70047
0.00040896 70053
0.00041085 70059
0.00041273 70064
0.00041462 70069
0.0004165 70073
0.00041838 70077
0.00042027 70080
0.00042215 70083
0.00042404 70086
0.00042592 70089
0.00042781 70091
0.00042969 70093
0.00043158 70095
0.00043346 70097
0.00043535 70099
0.00043723 70100
0.00043912 70101
0.000441 70103
0.00044288 70104
0.00044477 70104
0.00044665 70105
0.00044854 70106
0.00045042 70107
0.00045231 70107
0.00045419 70108
0.00045608 70108
0.00045796 70109
0.00045985 70109
0.00046173 70109
0.00046362 70110
0.0004655 70110
0.00046738 70110
0.00046927 70110
0.00047115 70111
0.00047304 70111
0.00047492 70111
0.00047681 70111
0.00047869 70111
0.00048058 70111
0.00048246 70111
0.00048435 70111
0.00048623 70112
0.00048812 70112
0.00049 70112
0.00049188 70112
0.00049377 70112
0.00049565 70112
0.00049754 70112
0.00049942 70112
0.00050131 70112
0.00050319 70112
0.00050508 70112
0.00050696 70112
0.00050885 70112
0.00051073 70112
0.00051262 70112
0.0005145 70112
0.00051638 70112
0.00051827 70112
0.00052015 70112
0.00052204 70112
0.00052392 70112
0.00052581 70112
0.00052769 70112
0.00052958 70112
0.00053146 70112
0.00053335 70112
0.00053523 70112
0.00053712 70112
0.000539 70112
0.00054088 70112
0.00054277 70112
0.00054465 70112
0.00054654 70112
0.00054842 70112
0.00055031 70112
0.00055219 70112
0.00055408 70112
0.00055596 70112
0.00055785 70112
0.00055973 70112
0.00056162 70112
0.0005635 70112
0.00056538 70112
0.00056727 70112
0.00056915 70112
0.00057104 70112
0.00057292 70112
0.00057481 70112
0.00057669 70112
0.00057858 70112
0.00058046 70112
0.00058235 70112
0.00058423 70112
0.00058612 70112
0.000588 70112
0.00058988 70112
0.00059177 70112
0.00059365 70112
0.00059554 70112
0.00059742 70112
0.00059931 70112
0.00060119 70112
0.00060308 70112
0.00060496 70112
0.00060685 70112
0.00060873 70112
0.00061062 70112
0.0006125 70112
0.00061438 70112
0.00061627 70112
0.00061815 70112
0.00062004 70112
0.00062192 70112
0.00062381 70112
0.00062569 70112
0.00062758 70112
0.00062946 70112
0.00063135 70112
0.00063323 70112
0.00063512 70112
0.000637 70112
0.00063888 70112
0.00064077 70112
0.00064265 70112
0.00064454 70112
0.00064642 70112
0.00064831 70112
0.00065019 70112
0.00065208 70112
0.00065396 70112
0.00065585 70112
0.00065773 70112
0.00065962 70112
0.0006615 70112
0.00066338 70112
0.00066527 70112
0.00066715 70112
0.00066904 70112
0.00067092 70112
0.00067281 70112
0.00067469 70112
0.00067658 70112
0.00067846 70112
0.00068035 70112
0.00068223 70112
0.00068412 70112
0.000686 70112
0.00068788 70112
0.00068977 70112
0.00069165 70112
0.00069354 70112
0.00069542 70112
0.00069731 70112
0.00069919 70112
0.00070108 70112
0.00070296 70112
0.00070485 70112
0.00070673 70112
0.00070862 70112
0.0007105 70112
0.00071238 70112
0.00071427 70112
0.00071615 70112
0.00071804 70112
0.00071992 70112
0.00072181 70112
0.00072369 70112
0.00072558 70112
0.00072746 70112
0.00072935 70112
0.00073123 70112
0.00073312 70112
0.000735 70112
0.00073688 70112
0.00073877 70112
0.00074065 70112
0.00074254 70112
0.00074442 70112
0.00074631 70112
0.00074819 70112
0.00075008 70112
0.00075196 70112
0.00075385 70112
0.00075573 70112
0.00075762 70112
0.0007595 70112
0.00076138 70112
0.00076327 70112
0.00076515 70112
0.00076704 70112
0.00076892 70112
0.00077081 70112
0.00077269 70112
0.00077458 70112
0.00077646 70112
0.00077835 70112
0.00078023 70112
0.00078212 70112
0.000784 70112
0.00078588 70112
0.00078777 70112
0.00078965 70112
0.00079154 70112
0.00079342 70112
0.00079531 70112
0.00079719 70112
0.00079908 70112
0.00080096 70112
0.00080285 70112
0.00080473 70112
0.00080662 70112
0.0008085 70112
0.00081038 70112
0.00081227 70112
0.00081415 70112
0.00081604 70112
0.00081792 70112
0.00081981 70112
0.00082169 70112
0.00082358 70112
0.00082546 70112
0.00082735 70112
0.00082923 70112
0.00083112 70112
0.000833 70112
0.00083488 70112
0.00083677 70112
0.00083865 70112
0.00084054 70112
0.00084242 70112
0.00084431 70112
0.00084619 70112
0.00084808 70112
0.00084996 70112
0.00085185 70112
0.00085373 70112
0.00085562 70112
0.0008575 70112
0.00085938 70112
0.00086127 70112
0.00086315 70112
0.00086504 70112
0.00086692 70112
0.00086881 70112
0.00087069 70112
0.00087258 70112
0.00087446 70112
0.00087635 70112
0.00087823 70112
0.00088012 70112
0.000882 70112
0.00088388 70112
0.00088577 70112
0.00088765 70112
0.00088954 70112
0.00089142 70112
0.00089331 70112
0.00089519 70112
0.00089708 70112
0.00089896 70112
0.00090085 70112
0.00090273 70112
0.00090462 70112
0.0009065 70112
0.00090838 70112
0.00091027 70112
0.00091215 70112
0.00091404 70112
0.00091592 70112
0.00091781 70112
0.00091969 70112
0.00092158 70112
0.00092346 70112
0.00092535 70112
0.00092723 70112
0.00092912 70112
0.000931 70112
0.00093288 70112
0.00093477 70112
0.00093665 70112
0.00093854 70112
0.00094042 70112
0.00094231 70112
0.00094419 70112
0.00094608 70112
0.00094796 70112
0.00094985 70112
0.00095173 70112
0.00095362 70112
0.0009555 70112
0.00095738 70112
0.00095927 70112
0.00096115 70112
0.00096304 70112
0.00096492 70112
0.00096681 70112
0.00096869 70112
0.00097058 70112
0.00097246 70112
0.00097435 70112
0.00097623 70112
0.00097812 70112
0.00098 70112
0.00098188 70112
0.00098377 70112
0.00098565 70112
0.00098754 70112
0.00098942 70112
0.00099131 70112
0.00099319 70112
0.00099508 70112
0.00099696 70112
0.00099885 70112
0.0010007 70112
0.0010026 70112
0.0010045 70112
0.0010064 70112
0.0010083 70112
0.0010102 70112
0.001012 70112
0.0010139 70112
0.0010158 70112
0.0010177 70112
0.0010196 70112
0.0010215 70112
0.0010233 70112
0.0010252 70112
0.0010271 70112
0.001029 70112
0.0010309 70112
0.0010328 70112
0.0010347 70112
0.0010365 70112
0.0010384 70112
0.0010403 70112
0.0010422 70112
0.0010441 70112
0.001046 70112
0.0010478 70112
0.0010497 70112
0.0010516 70112
0.0010535 70112
0.0010554 70112
0.0010573 70112
0.0010592 70112
0.001061 70112
0.0010629 70112
0.0010648 70112
0.0010667 70112
0.0010686 70112
0.0010705 70112
0.0010723 70112
0.0010742 70112
0.0010761 70112
0.001078 70112
0.0010799 70112
0.0010818 70112
0.0010837 70112
0.0010855 70112
0.0010874 70112
0.0010893 70112
0.0010912 70112
0.0010931 70112
0.001095 70112
0.0010968 70112
0.0010987 70112
0.0011006 70112
0.0011025 70112
0.0011044 70112
0.0011063 70112
0.0011082 70112
0.00111 70112
0.0011119 70112
0.0011138 70112
0.0011157 70112
0.0011176 70112
0.0011195 70112
0.0011213 70112
0.0011232 70112
0.0011251 70112
0.001127 70112
0.0011289 70112
0.0011308 70112
0.0011327 70112
0.0011345 70112
0.0011364 70112
0.0011383 70112
0.0011402 70112
0.0011421 70112
0.001144 70112
0.0011458 70112
0.0011477 70112
0.0011496 70112
0.0011515 70112
0.0011534 70112
0.0011553 70112
0.0011572 70112
0.001159 70112
0.0011609 70112
0.0011628 70112
0.0011647 70112
0.0011666 70112
0.0011685 70112
0.0011703 70112
0.0011722 70112
0.0011741 70112
0.001176 70112
0.0011779 70112
0.0011798 70112
0.0011817 70112
0.0011835 70112
0.0011854 70112
0.0011873 70112
0.0011892 70112
0.0011911 70112
0.001193 70112
0.0011948 70112
0.0011967 70112
0.0011986 70112
0.0012005 70112
0.0012024 70112
0.0012043 70112
0.0012062 70112
0.001208 70112
0.0012099 70112
0.0012118 70112
0.0012137 70112
0.0012156 70112
0.0012175 70112
0.0012193 70112
0.0012212 70112
0.0012231 70112
0.001225 70112
0.0012269 70112
0.0012288 70112
0.0012307 70112
0.0012325 70112
0.0012344 70112
0.0012363 70112
0.0012382 70112
0.0012401 70112
0.001242 70112
0.0012438 70112
0.0012457 70112
0.0012476 70112
0.0012495 70112
0.0012514 70112
0.0012533 70112
0.0012552 70112
0.001257 70112
0.0012589 70112
0.0012608 70112
0.0012627 70112
0.0012646 70112
0.0012665 70112
0.0012683 70112
0.0012702 70112
0.0012721 70112
0.001274 70112
0.0012759 70112
0.0012778 70112
0.0012797 70112
0.0012815 70112
0.0012834 70112
0.0012853 70112
0.0012872 70112
0.0012891 70112
0.001291 70112
0.0012928 70112
0.0012947 70112
0.0012966 70112
0.0012985 70112
0.0013004 70112
0.0013023 70112
0.0013042 70112
0.001306 70112
0.0013079 70112
0.0013098 70112
0.0013117 70112
0.0013136 70112
0.0013155 70112
0.0013173 70112
0.0013192 70112
0.0013211 70112
0.001323 70112
0.0013249 70112
0.0013268 70112
0.0013287 70112
0.0013305 70112
0.0013324 70112
0.0013343 70112
0.0013362 70112
0.0013381 70112
0.00134 70112
0.0013418 70112
0.0013437 70112
0.0013456 70112
0.0013475 70112
0.0013494 70112
0.0013513 70112
0.0013532 70112
0.001355 70112
0.0013569 70112
0.0013588 70112
0.0013607 70112
0.0013626 70112
0.0013645 70112
0.0013663 70112
0.0013682 70112
0.0013701 70112
0.001372 70112
0.0013739 70112
0.0013758 70112
0.0013777 70112
0.0013795 70112
0.0013814 70112
0.0013833 70112
0.0013852 70112
0.0013871 70112
0.001389 70112
0.0013908 70112
0.0013927 70112
0.0013946 70112
0.0013965 70112
0.0013984 70112
0.0014003 70112
0.0014022 70112
0.001404 70112
0.0014059 70112
0.0014078 70112
0.0014097 70112
0.0014116 70112
0.0014135 70112
0.0014153 70112
0.0014172 70112
0.0014191 70112
0.001421 70112
0.0014229 70112
0.0014248 70112
0.0014267 70112
0.0014285 70112
0.0014304 70112
0.0014323 70112
0.0014342 70112
0.0014361 70112
0.001438 70112
0.0014398 70112
0.0014417 70112
0.0014436 70112
0.0014455 70112
0.0014474 70112
0.0014493 70112
0.0014512 70112
0.001453 70112
0.0014549 70112
0.0014568 70112
0.0014587 70112
0.0014606 70112
0.0014625 70112
0.0014643 70112
0.0014662 70112
0.0014681 70112
0.00147 70112
0.0014719 70112
0.0014738 70112
0.0014757 70112
0.0014775 70112
0.0014794 70112
0.0014813 70112
0.0014832 70112
0.0014851 70112
0.001487 70112
0.0014888 70112
0.0014907 70112
0.0014926 70112
0.0014945 70112
0.0014964 70112
0.0014983 70112
0.0015002 70112
0.001502 70112
0.0015039 70112
0.0015058 70112
0.0015077 70112
0.0015096 70112
0.0015115 70112
0.0015133 70112
0.0015152 70112
0.0015171 70112
0.001519 70112
0.0015209 70112
0.0015228 70112
0.0015247 70112
0.0015265 70112
0.0015284 70112
0.0015303 70112
0.0015322 70112
0.0015341 70112
0.001536 70112
0.0015378 70112
0.0015397 70112
0.0015416 70112
0.0015435 70112
0.0015454 70112
0.0015473 70112
0.0015492 70112
0.001551 70112
0.0015529 70112
0.0015548 70112
0.0015567 70112
0.0015586 70112
0.0015605 70112
0.0015623 70112
0.0015642 70112
0.0015661 70112
0.001568 70112
0.0015699 70112
0.0015718 70112
0.0015737 70112
0.0015755 70112
0.0015774 70112
0.0015793 70112
0.0015812 70112
0.0015831 70112
0.001585 70112
0.0015868 70112
0.0015887 70112
0.0015906 70112
0.0015925 70112
0.0015944 70112
0.0015963 70112
0.0015982 70112
0.0016 70112
0.0016019 70112
0.0016038 70112
0.0016057 70112
0.0016076 70112
0.0016095 70112
0.0016113 70112
0.0016132 70112
0.0016151 70112
0.001617 70112
0.0016189 70112
0.0016208 70112
0.0016227 70112
0.0016245 70112
0.0016264 70112
0.0016283 70112
0.0016302 70112
0.0016321 70112
0.001634 70112
0.0016358 70112
0.0016377 70112
0.0016396 70112
0.0016415 70112
0.0016434 70112
0.0016453 70112
0.0016472 70112
0.001649 70112
0.0016509 70112
0.0016528 70112
0.0016547 70112
0.0016566 70112
0.0016585 70112
0.0016603 70112
0.0016622 70112
0.0016641 70112
0.001666 70112
0.0016679 70112
0.0016698 70112
0.0016717 70112
0.0016735 70112
0.0016754 70112
0.0016773 70112
0.0016792 70112
0.0016811 70112
0.001683 70112
0.0016848 70112
0.0016867 70112
0.0016886 70112
0.0016905 70112
0.0016924 70112
0.0016943 70112
0.0016962 70112
0.001698 70112
0.0016999 70112
0.0017018 70112
0.0017037 70112
0.0017056 70112
0.0017075 70112
0.0017093 70112
0.0017112 70112
0.0017131 70112
0.001715 70112
0.0017169 70112
0.0017188 70112
0.0017207 70112
0.0017225 70112
0.0017244 70112
0.0017263 70112
0.0017282 70112
0.0017301 70112
0.001732 70112
0.0017338 70112
0.0017357 70112
0.0017376 70112
0.0017395 70112
0.0017414 70112
0.0017433 70112
0.0017452 70112
0.001747 70112
0.0017489 70112
0.0017508 70112
0.0017527 70112
0.0017546 70112
0.0017565 70112
0.0017583 70112
0.0017602 70112
0.0017621 70112
0.001764 70112
0.0017659 70112
0.0017678 70112
0.0017697 70112
0.0017715 70112
0.0017734 70112
0.0017753 70112
0.0017772 70112
0.0017791 70112
0.001781 70112
0.0017828 70112
0.0017847 70112
0.0017866 70112
0.0017885 70112
0.0017904 70112
0.0017923 70112
0.0017942 70112
0.001796 70112
0.0017979 70112
0.0017998 70112
0.0018017 70112
0.0018036 70112
0.0018055 70112
0.0018073 70112
0.0018092 70112
0.0018111 70112
0.001813 70112
0.0018149 70112
0.0018168 70112
0.0018187 70112
0.0018205 70112
0.0018224 70112
0.0018243 70112
0.0018262 70112
0.0018281 70112
0.00183 70112
0.0018318 70112
0.0018337 70112
0.0018356 70112
0.0018375 70112
0.0018394 70112
0.0018413 70112
0.0018432 70112
0.001845 70112
0.0018469 70112
0.0018488 70112
0.0018507 70112
0.0018526 70112
0.0018545 70112
0.0018563 70112
0.0018582 70112
0.0018601 70112
0.001862 70112
0.0018639 70112
0.0018658 70112
0.0018677 70112
0.0018695 70112
0.0018714 70112
0.0018733 70112
0.0018752 70112
0.0018771 70112
0.001879 70112
0.0018808 70112
0.0018827 70112
0.0018846 70112
0.0018865 70112
0.0018884 70112
0.0018903 70112
0.0018922 70112
0.001894 70112
0.0018959 70112
0.0018978 70112
0.0018997 70112
0.0019016 70112
0.0019035 70112
0.0019053 70112
0.0019072 70112
0.0019091 70112
0.001911 70112
0.0019129 70112
0.0019148 70112
0.0019167 70112
0.0019185 70112
0.0019204 70112
0.0019223 70112
0.0019242 70112
0.0019261 70112
0.001928 70112
0.0019298 70112
0.0019317 70112
0.0019336 70112
0.0019355 70112
0.0019374 70112
0.0019393 70112
0.0019412 70112
0.001943 70112
0.0019449 70112
0.0019468 70112
0.0019487 70112
0.0019506 70112
0.0019525 70112
0.0019543 70112
0.0019562 70112
0.0019581 70112
0.00196 70112
0.0019619 70112
0.0019638 70112
0.0019657 70112
0.0019675 70112
0.0019694 70112
0.0019713 70112
0.0019732 70112
0.0019751 70112
0.001977 70112
0.0019788 70112
0.0019807 70112
0.0019826 70112
0.0019845 70112
0.0019864 70112
0.0019883 70112
0.0019902 70112
0.001992 70112
0.0019939 70112
0.0019958 70112
0.0019977 70112
0.0019996 70112
0.0020015 70112
0.0020033 70112
0.0020052 70112
0.0020071 70112
0.002009 70112
0.0020109 70112
0.0020128 70112
0.0020147 70112
0.0020165 70112
0.0020184 70112
0.0020203 70112
0.0020222 70112
0.0020241 70112
0.002026 70112
0.0020278 70112
0.0020297 70112
0.0020316 70112
0.0020335 70112
0.0020354 70112
0.0020373 70112
0.0020392 70112
0.002041 70112
0.0020429 70112
0.0020448 70112
0.0020467 70112
0.0020486 70112
0.0020505 70112
0.0020523 70112
0.0020542 70112
0.0020561 70112
0.002058 70112
0.0020599 70112
0.0020618 70112
0.0020637 70112
0.0020655 70112
0.0020674 70112
0.0020693 70112
0.0020712 70112
0.0020731 70112
0.002075 70112
0.0020768 70112
0.0020787 70112
0.0020806 70112
0.0020825 70112
0.0020844 70112
0.0020863 70112
0.0020882 70112
0.00209 70112
0.0020919 70112
0.0020938 70112
0.0020957 70112
0.0020976 70112
0.0020995 70112
0.0021013 70112
0.0021032 70112
0.0021051 70112
0.002107 70112
0.0021089 70112
0.0021108 70112
0.0021127 70112
0.0021145 70112
0.0021164 70112
0.0021183 70112
0.0021202 70112
0.0021221 70112
0.002124 70112
0.0021258 70112
0.0021277 70112
0.0021296 70112
0.0021315 70112
0.0021334 70112
0.0021353 70112
0.0021372 70112
0.002139 70112
0.0021409 70112
0.0021428 70112
0.0021447 70112
0.0021466 70112
0.0021485 70112
0.0021503 70112
0.0021522 70112
0.0021541 70112
0.002156 70112
0.0021579 70112
0.0021598 70112
0.0021617 70112
0.0021635 70112
0.0021654 70112
0.0021673 70112
0.0021692 70112
0.0021711 70112
0.002173 70112
0.0021748 70112
0.0021767 70112
0.0021786 70112
0.0021805 70112
0.0021824 70112
0.0021843 70112
0.0021862 70112
0.002188 70112
0.0021899 70112
0.0021918 70112
0.0021937 70112
0.0021956 70112
0.0021975 70112
0.0021993 70112
0.0022012 70112
0.0022031 70112
0.002205 70112
0.0022069 70112
0.0022088 70112
0.0022107 70112
0.0022125 70112
0.0022144 70112
0.0022163 70112
0.0022182 70112
0.0022201 70112
0.002222 70112
0.0022238 70112
0.0022257 70112
0.0022276 70112
0.0022295 70112
0.0022314 70112
0.0022333 70112
0.0022352 70112
0.002237 70112
0.0022389 70112
0.0022408 70112
0.0022427 70112
0.0022446 70112
0.0022465 70112
0.0022483 70112
0.0022502 70112
0.0022521 70112
0.002254 70112
0.0022559 70112
0.0022578 70112
0.0022597 70112
0.0022615 70112
0.0022634 70112
0.0022653 70112
0.0022672 70112
0.0022691 70112
0.002271 70112
0.0022728 70112
0.0022747 70112
0.0022766 70112
0.0022785 70112
0.0022804 70112
0.0022823 70112
0.0022842 70112
0.002286 70112
0.0022879 70112
0.0022898 70112
0.0022917 70112
0.0022936 70112
0.0022955 70112
0.0022973 70112
0.0022992 70112
0.0023011 70112
0.002303 70112
0.0023049 70112
0.0023068 70112
0.0023087 70112
0.0023105 70112
0.0023124 70112
0.0023143 70112
0.0023162 70112
0.0023181 70112
0.00232 70112
0.0023218 70112
0.0023237 70112
0.0023256 70112
0.0023275 70112
0.0023294 70112
0.0023313 70112
0.0023332 70112
0.002335 70112
0.0023369 70112
0.0023388 70112
0.0023407 70112
0.0023426 70112
0.0023445 70112
0.0023463 70112
0.0023482 70112
0.0023501 70112
0.002352 70112
0.0023539 70112
0.0023558 70112
0.0023577 70112
0.0023595 70112
0.0023614 70112
0.0023633 70112
0.0023652 70112
0.0023671 70112
0.002369 70112
0.0023708 70112
0.0023727 70112
0.0023746 70112
0.0023765 70112
0.0023784 70112
0.0023803 70112
0.0023822 70112
0.002384 70112
0.0023859 70112
0.0023878 70112
0.0023897 70112
0.0023916 70112
0.0023935 70112
0.0023953 70112
0.0023972 70112
0.0023991 70112
0.002401 70112
0.0024029 70112
0.0024048 70112
0.0024067 70112
0.0024085 70112
0.0024104 70112
0.0024123 70112
0.0024142 70112
0.0024161 70112
0.002418 70112
0.0024198 70112
0.0024217 70112
0.0024236 70112
0.0024255 70112
0.0024274 70112
0.0024293 70112
0.0024312 70112
0.002433 70112
0.0024349 70112
0.0024368 70112
0.0024387 70112
0.0024406 70112
0.0024425 70112
0.0024443 70112
0.0024462 70112
0.0024481 70112
0.00245 70112
0.0024519 70112
0.0024538 70112
0.0024557 70112
0.0024575 70112
0.0024594 70112
0.0024613 70112
0.0024632 70112
0.0024651 70112
0.002467 70112
0.0024688 70112
0.0024707 70112
0.0024726 70112
0.0024745 70112
0.0024764 70112
0.0024783 70112
0.0024802 70112
0.002482 70112
0.0024839 70112
0.0024858 70112
0.0024877 70112
0.0024896 70112
0.0024915 70112
0.0024933 70112
0.0024952 70112
0.0024971 70112
0.002499 70112
0.0025009 70112
0.0025028 70112
0.0025047 70112
0.0025065 70112
0.0025084 70112
0.0025103 70112
0.0025122 70112
0.0025141 70112
0.002516 70112
0.0025178 70112
0.0025197 70112
0.0025216 70112
0.0025235 70112
0.0025254 70112
0.0025273 70112
0.0025292 70112
0.002531 70112
0.0025329 70112
0.0025348 70112
0.0025367 70112
0.0025386 70112
0.0025405 70112
0.0025423 70112
0.0025442 70112
0.0025461 70112
0.002548 70112
0.0025499 70112
0.0025518 70112
0.0025537 70112
0.0025555 70112
0.0025574 70112
0.0025593 70112
0.0025612 70112
0.0025631 70112
0.002565 70112
0.0025668 70112
0.0025687 70112
0.0025706 70112
0.0025725 70112
0.0025744 70112
0.0025763 70112
0.0025782 70112
0.00258 70112
0.0025819 70112
0.0025838 70112
0.0025857 70112
0.0025876 70112
0.0025895 70112
0.0025913 70112
0.0025932 70112
0.0025951 70112
0.002597 70112
0.0025989 70112
0.0026008 70112
0.0026027 70112
0.0026045 70112
0.0026064 70112
0.0026083 70112
0.0026102 70112
0.0026121 70112
0.002614 70112
0.0026158 70112
0.0026177 70112
0.0026196 70112
0.0026215 70112
0.0026234 70112
0.0026253 70112
0.0026272 70112
0.002629 70112
0.0026309 70112
0.0026328 70112
0.0026347 70112
0.0026366 70112
0.0026385 70112
0.0026403 70112
0.0026422 70112
0.0026441 70112
0.002646 70112
0.0026479 70112
0.0026498 70112
0.0026517 70112
0.0026535 70112
0.0026554 70112
0.0026573 70112
0.0026592 70112
0.0026611 70112
0.002663 70112
0.0026648 70112
0.0026667 70112
0.0026686 70112
0.0026705 70112
0.0026724 70112
0.0026743 70112
0.0026762 70112
0.002678 70112
0.0026799 70112
0.0026818 70112
0.0026837 70112
0.0026856 70112
0.0026875 70112
0.0026893 70112
0.0026912 70112
0.0026931 70112
0.002695 70112
0.0026969 70112
0.0026988 70112
0.0027007 70112
0.0027025 70112
0.0027044 70112
0.0027063 70112
0.0027082 70112
0.0027101 70112
0.002712 70112
0.0027138 70112
0.0027157 70112
0.0027176 70112
0.0027195 70112
0.0027214 70112
0.0027233 70112
0.0027252 70112
0.002727 70112
0.0027289 70112
0.0027308 70112
0.0027327 70112
0.0027346 70112
0.0027365 70112
0.0027383 70112
0.0027402 70112
0.0027421 70112
0.002744 70112
0.0027459 70112
0.0027478 70112
0.0027497 70112
0.0027515 70112
0.0027534 70112
0.0027553 70112
0.0027572 70112
0.0027591 70112
0.002761 70112
0.0027628 70112
0.0027647 70112
0.0027666 70112
0.0027685 70112
0.0027704 70112
0.0027723 70112
0.0027742 70112
0.002776 70112
0.0027779 70112
0.0027798 70112
0.0027817 70112
0.0027836 70112
0.0027855 70112
0.0027873 70112
0.0027892 70112
0.0027911 70112
0.002793 70112
0.0027949 70112
0.0027968 70112
0.0027987 70112
0.0028005 70112
0.0028024 70112
0.0028043 70112
0.0028062 70112
0.0028081 70112
0.00281 70112
0.0028118 70112
0.0028137 70112
0.0028156 70112
0.0028175 70112
0.0028194 70112
0.0028213 70112
0.0028232 70112
0.002825 70112
0.0028269 70112
0.0028288 70112
0.0028307 70112
0.0028326 70112
0.0028345 70112
0.0028363 70112
0.0028382 70112
0.0028401 70112
0.002842 70112
0.0028439 70112
0.0028458 70112
0.0028477 70112
0.0028495 70112
0.0028514 70112
0.0028533 70112
0.0028552 70112
0.0028571 70112
0.002859 70112
0.0028608 70112
0.0028627 70112
0.0028646 70112
0.0028665 70112
0.0028684 70112
0.0028703 70112
0.0028722 70112
0.002874 70112
0.0028759 70112
0.0028778 70112
0.0028797 70112
0.0028816 70112
0.0028835 70112
0.0028853 70112
0.0028872 70112
0.0028891 70112
0.002891 70112
0.0028929 70112
0.0028948 70112
0.0028967 70112
0.0028985 70112
0.0029004 70112
0.0029023 70112
0.0029042 70112
0.0029061 70112
0.002908 70112
0.0029098 70112
0.0029117 70112
0.0029136 70112
0.0029155 70112
0.0029174 70112
0.0029193 70112
0.0029212 70112
0.002923 70112
0.0029249 70112
0.0029268 70112
0.0029287 70112
0.0029306 70112
0.0029325 70112
0.0029343 70112
0.0029362 70112
0.0029381 70112
0.00294 70112
0.0029419 70112
0.0029438 70112
0.0029457 70112
0.0029475 70112
0.0029494 70112
0.0029513 70112
0.0029532 70112
0.0029551 70112
0.002957 70112
0.0029588 70112
0.0029607 70112
0.0029626 70112
0.0029645 70112
0.0029664 70112
0.0029683 70112
0.0029702 70112
0.002972 70112
0.0029739 70112
0.0029758 70112
0.0029777 70112
0.0029796 70112
0.0029815 70112
0.0029833 70112
0.0029852 70112
0.0029871 70112
0.002989 70112
0.0029909 70112
0.0029928 70112
0.0029947 70112
0.0029965 70112
0.0029984 70112
0.0030003 70112
0.0030022 70112
0.0030041 70112
0.003006 70112
0.0030078 70112
0.0030097 70112
0.0030116 70112
0.0030135 70112
0.0030154 70112
0.0030173 70112
0.0030192 70112
0.003021 70112
0.0030229 70112
0.0030248 70112
0.0030267 70112
0.0030286 70112
0.0030305 70112
0.0030323 70112
0.0030342 70112
0.0030361 70112
0.003038 70112
0.0030399 70112
0.0030418 70112
0.0030437 70112
0.0030455 70112
0.0030474 70112
0.0030493 70112
0.0030512 70112
0.0030531 70112
0.003055 70112
0.0030568 70112
0.0030587 70112
0.0030606 70112
0.0030625 70112
0.0030644 70112
0.0030663 70112
0.0030682 70112
0.00307 70112
0.0030719 70112
0.0030738 70112
0.0030757 70112
0.0030776 70112
0.0030795 70112
0.0030813 70112
0.0030832 70112
0.0030851 70112
0.003087 70112
0.0030889 70112
0.0030908 70112
0.0030927 70112
0.0030945 70112
0.0030964 70112
0.0030983 70112
0.0031002 70112
0.0031021 70112
0.003104 70112
0.0031058 70112
0.0031077 70112
0.0031096 70112
0.0031115 70112
0.0031134 70112
0.0031153 70112
0.0031172 70112
0.003119 70112
0.0031209 70112
0.0031228 70112
0.0031247 70112
0.0031266 70112
0.0031285 70112
0.0031303 70112
0.0031322 70112
0.0031341 70112
0.003136 70112
0.0031379 70112
0.0031398 70112
0.0031417 70112
0.0031435 70112
0.0031454 70112
0.0031473 70112
0.0031492 70112
0.0031511 70112
0.003153 70112
0.0031548 70112
0.0031567 70112
0.0031586 70112
0.0031605 70112
0.0031624 70112
0.0031643 70112
0.0031662 70112
0.003168 70112
0.0031699 70112
0.0031718 70112
0.0031737 70112
0.0031756 70112
0.0031775 70112
0.0031793 70112
0.0031812 70112
0.0031831 70112
0.003185 70112
0.0031869 70112
0.0031888 70112
0.0031907 70112
0.0031925 70112
0.0031944 70112
0.0031963 70112
0.0031982 70112
0.0032001 70112
0.003202 70112
0.0032038 70112
0.0032057 70112
0.0032076 70112
0.0032095 70112
0.0032114 70112
0.0032133 70112
0.0032152 70112
0.003217 70112
0.0032189 70112
0.0032208 70112
0.0032227 70112
0.0032246 70112
0.0032265 70112
0.0032283 70112
0.0032302 70112
0.0032321 70112
0.003234 70112
0.0032359 70112
0.0032378 70112
0.0032397 70112
0.0032415 70112
0.0032434 70112
0.0032453 70112
0.0032472 70112
0.0032491 70112
0.003251 70112
0.0032528 70112
0.0032547 70112
0.0032566 70112
0.0032585 70112
0.0032604 70112
0.0032623 70112
0.0032642 70112
0.003266 70112
0.0032679 70112
0.0032698 70112
0.0032717 70112
0.0032736 70112
0.0032755 70112
0.0032773 70112
0.0032792 70112
0.0032811 70112
0.003283 70112
0.0032849 70112
0.0032868 70112
0.0032887 70112
0.0032905 70112
0.0032924 70112
0.0032943 70112
0.0032962 70112
0.0032981 70112
0.0033 70112
0.0033018 70112
0.0033037 70112
0.0033056 70112
0.0033075 70112
0.0033094 70112
0.0033113 70112
0.0033132 70112
0.003315 70112
0.0033169 70112
0.0033188 70112
0.0033207 70112
0.0033226 70112
0.0033245 70112
0.0033263 70112
0.0033282 70112
0.0033301 70112
0.003332 70112
0.0033339 70112
0.0033358 70112
0.0033377 70112
0.0033395 70112
0.0033414 70112
0.0033433 70112
0.0033452 70112
0.0033471 70112
0.003349 70112
0.0033508 70112
0.0033527 70112
0.0033546 70112
0.0033565 70112
0.0033584 70112
0.0033603 70112
0.0033622 70112
0.003364 70112
0.0033659 70112
0.0033678 70112
0.0033697 70112
0.0033716 70112
0.0033735 70112
0.0033753 70112
0.0033772 70112
0.0033791 70112
0.003381 70112
0.0033829 70112
0.0033848 70112
0.0033867 70112
0.0033885 70112
0.0033904 70112
0.0033923 70112
0.0033942 70112
0.0033961 70112
0.003398 70112
0.0033998 70112
0.0034017 70112
0.0034036 70112
0.0034055 70112
0.0034074 70112
0.0034093 70112
0.0034112 70112
0.003413 70112
0.0034149 70112
0.0034168 70112
0.0034187 70112
0.0034206 70112
0.0034225 70112
0.0034243 70112
0.0034262 70112
0.0034281 70112
0.00343 70112
0.0034319 70112
0.0034338 70112
0.0034357 70112
0.0034375 70112
0.0034394 70112
0.0034413 70112
0.0034432 70112
0.0034451 70112
0.003447 70112
0.0034488 70112
0.0034507 70112
0.0034526 70112
0.0034545 70112
0.0034564 70112
0.0034583 70112
0.0034602 70112
0.003462 70112
0.0034639 70112
0.0034658 70112
0.0034677 70112
0.0034696 70112
0.0034715 70112
0.0034733 70112
0.0034752 70112
0.0034771 70112
0.003479 70112
0.0034809 70112
0.0034828 70112
0.0034847 70112
0.0034865 70112
0.0034884 70112
0.0034903 70112
0.0034922 70112
0.0034941 70112
0.003496 70112
0.0034978 70112
0.0034997 70112
0.0035016 70112
0.0035035 70112
0.0035054 70112
0.0035073 70112
0.0035092 70112
0.003511 70112
0.0035129 70112
0.0035148 70112
0.0035167 70112
0.0035186 70112
0.0035205 70112
0.0035223 70112
0.0035242 70112
0.0035261 70112
0.003528 70112
0.0035299 70112
0.0035318 70112
0.0035337 70112
0.0035355 70112
0.0035374 70112
0.0035393 70112
0.0035412 70112
0.0035431 70112
0.003545 70112
0.0035468 70112
0.0035487 70112
0.0035506 70112
0.0035525 70112
0.0035544 70112
0.0035563 70112
0.0035582 70112
0.00356 70112
0.0035619 70112
0.0035638 70112
0.0035657 70112
0.0035676 70112
0.0035695 70112
0.0035713 70112
0.0035732 70112
0.0035751 70112
0.003577 70112
0.0035789 70112
0.0035808 70112
0.0035827 70112
0.0035845 70112
0.0035864 70112
0.0035883 70112
0.0035902 70112
0.0035921 70112
0.003594 70112
0.0035958 70112
0.0035977 70112
0.0035996 70112
0.0036015 70112
0.0036034 70112
0.0036053 70112
0.0036072 70112
0.003609 70112
0.0036109 70112
0.0036128 70112
0.0036147 70112
0.0036166 70112
0.0036185 70112
0.0036203 70112
0.0036222 70112
0.0036241 70112
0.003626 70112
0.0036279 70112
0.0036298 70112
0.0036317 70112
0.0036335 70112
0.0036354 70112
0.0036373 70112
0.0036392 70112
0.0036411 70112
0.003643 70112
0.0036448 70112
0.0036467 70112
0.0036486 70112
0.0036505 70112
0.0036524 70112
0.0036543 70112
0.0036562 70112
0.003658 70112
0.0036599 70112
0.0036618 70112
0.0036637 70112
0.0036656 70112
0.0036675 70112
0.0036693 70112
0.0036712 70112
0.0036731 70112
0.003675 70112
0.0036769 70112
0.0036788 70112
0.0036807 70112
0.0036825 70112
0.0036844 70112
0.0036863 70112
0.0036882 70112
0.0036901 70112
0.003692 70112
0.0036938 70112
0.0036957 70112
0.0036976 70112
0.0036995 70112
0.0037014 70112
0.0037033 70112
0.0037052 70112
0.003707 70112
0.0037089 70112
0.0037108 70112
0.0037127 70112
0.0037146 70112
0.0037165 70112
0.0037183 70112
0.0037202 70112
0.0037221 70112
0.003724 70112
0.0037259 70112
0.0037278 70112
0.0037297 70112
0.0037315 70112
0.0037334 70112
0.0037353 70112
0.0037372 70112
0.0037391 70112
0.003741 70112
0.0037428 70112
0.0037447 70112
0.0037466 70112
0.0037485 70112
0.0037504 70112
0.0037523 70112
0.0037542 70112
0.003756 70112
0.0037579 70112
0.0037598 70112
0.0037617 70112
0.0037636 70112
0.0037655 70112
0.0037673 70112
0.0037692 70112
0.0037711 70112
0.003773 70112
0.0037749 70112
0.0037768 70112
0.0037787 70112
0.0037805 70112
0.0037824 70112
0.0037843 70112
0.0037862 70112
0.0037881 70112
0.00379 70112
0.0037918 70112
0.0037937 70112
0.0037956 70112
0.0037975 70112
0.0037994 70112
0.0038013 70112
0.0038032 70112
0.003805 70112
0.0038069 70112
0.0038088 70112
0.0038107 70112
0.0038126 70112
0.0038145 70112
0.0038163 70112
0.0038182 70112
0.0038201 70112
0.003822 70112
0.0038239 70112
0.0038258 70112
0.0038277 70112
0.0038295 70112
0.0038314 70112
0.0038333 70112
0.0038352 70112
0.0038371 70112
0.003839 70112
0.0038408 70112
0.0038427 70112
0.0038446 70112
0.0038465 70112
0.0038484 70112
0.0038503 70112
0.0038522 70112
0.003854 70112
0.0038559 70112
0.0038578 70112
0.0038597 70112
0.0038616 70112
0.0038635 70112
0.0038653 70112
0.0038672 70112
0.0038691 70112
0.003871 70112
0.0038729 70112
0.0038748 70112
0.0038767 70112
0.0038785 70112
0.0038804 70112
0.0038823 70112
0.0038842 70112
0.0038861 70112
0.003888 70112
0.0038898 70112
0.0038917 70112
0.0038936 70112
0.0038955 70112
0.0038974 70112
0.0038993 70112
0.0039012 70112
0.003903 70112
0.0039049 70112
0.0039068 70112
0.0039087 70112
0.0039106 70112
0.0039125 70112
0.0039143 70112
0.0039162 70112
0.0039181 70112
0.00392 70112
0.0039219 70112
0.0039238 70112
0.0039257 70112
0.0039275 70112
0.0039294 70112
0.0039313 70112
0.0039332 70112
0.0039351 70112
0.003937 70112
0.0039388 70112
0.0039407 70112
0.0039426 70112
0.0039445 70112
0.0039464 70112
0.0039483 70112
0.0039502 70112
0.003952 70112
0.0039539 70112
0.0039558 70112
0.0039577 70112
0.0039596 70112
0.0039615 70112
0.0039633 70112
0.0039652 70112
0.0039671 70112
0.003969 70112
0.0039709 70112
0.0039728 70112
0.0039747 70112
0.0039765 70112
0.0039784 70112
0.0039803 70112
0.0039822 70112
0.0039841 70112
0.003986 70112
0.0039878 70112
0.0039897 70112
0.0039916 70112
0.0039935 70112
0.0039954 70112
0.0039973 70112
0.0039992 70112
0.004001 70112
0.0040029 70112
0.0040048 70112
0.0040067 70112
0.0040086 70112
0.0040105 70112
0.0040123 70112
0.0040142 70112
0.0040161 70112
0.004018 70112
0.0040199 70112
0.0040218 70112
0.0040237 70112
0.0040255 70112
0.0040274 70112
0.0040293 70112
0.0040312 70112
0.0040331 70112
0.004035 70112
0.0040368 70112
0.0040387 70112
0.0040406 70112
0.0040425 70112
0.0040444 70112
0.0040463 70112
0.0040482 70112
0.00405 70112
0.0040519 70112
0.0040538 70112
0.0040557 70112
0.0040576 70112
0.0040595 70112
0.0040613 70112
0.0040632 70112
0.0040651 70112
0.004067 70112
0.0040689 70112
0.0040708 70112
0.0040727 70112
0.0040745 70112
0.0040764 70112
0.0040783 70112
0.0040802 70112
0.0040821 70112
0.004084 70112
0.0040858 70112
0.0040877 70112
0.0040896 70112
0.0040915 70112
0.0040934 70112
0.0040953 70112
0.0040972 70112
0.004099 70112
0.0041009 70112
0.0041028 70112
0.0041047 70112
0.0041066 70112
0.0041085 70112
0.0041103 70112
0.0041122 70112
0.0041141 70112
0.004116 70112
0.0041179 70112
0.0041198 70112
0.0041217 70112
0.0041235 70112
0.0041254 70112
0.0041273 70112
0.0041292 70112
0.0041311 70112
0.004133 70112
0.0041348 70112
0.0041367 70112
0.0041386 70112
0.0041405 70112
0.0041424 70112
0.0041443 70112
0.0041462 70112
0.004148 70112
0.0041499 70112
0.0041518 70112
0.0041537 70112
0.0041556 70112
0.0041575 70112
0.0041593 70112
0.0041612 70112
0.0041631 70112
0.004165 70112
0.0041669 70112
0.0041688 70112
0.0041707 70112
0.0041725 70112
0.0041744 70112
0.0041763 70112
0.0041782 70112
0.0041801 70112
0.004182 70112
0.0041838 70112
0.0041857 70112
0.0041876 70112
0.0041895 70112
0.0041914 70112
0.0041933 70112
0.0041952 70112
0.004197 70112
0.0041989 70112
0.0042008 70112
0.0042027 70112
0.0042046 70112
0.0042065 70112
0.0042083 70112
0.0042102 70112
0.0042121 70112
0.004214 70112
0.0042159 70112
0.0042178 70112
0.0042197 70112
0.0042215 70112
0.0042234 70112
0.0042253 70112
0.0042272 70112
0.0042291 70112
0.004231 70112
0.0042328 70112
0.0042347 70112
0.0042366 70112
0.0042385 70112
0.0042404 70112
0.0042423 70112
0.0042442 70112
0.004246 70112
0.0042479 70112
0.0042498 70112
0.0042517 70112
0.0042536 70112
0.0042555 70112
0.0042573 70112
0.0042592 70112
0.0042611 70112
0.004263 70112
0.0042649 70112
0.0042668 70112
0.0042687 70112
0.0042705 70112
0.0042724 70112
0.0042743 70112
0.0042762 70112
0.0042781 70112
0.00428 70112
0.0042818 70112
0.0042837 70112
0.0042856 70112
0.0042875 70112
0.0042894 70112
0.0042913 70112
0.0042932 70112
0.004295 70112
0.0042969 70112
0.0042988 70112
0.0043007 70112
0.0043026 70112
0.0043045 70112
0.0043063 70112
0.0043082 70112
0.0043101 70112
0.004312 70112
0.0043139 70112
0.0043158 70112
0.0043177 70112
0.0043195 70112
0.0043214 70112
0.0043233 70112
0.0043252 70112
0.0043271 70112
0.004329 70112
0.0043308 70112
0.0043327 70112
0.0043346 70112
0.0043365 70112
0.0043384 70112
0.0043403 70112
0.0043422 70112
0.004344 70112
0.0043459 70112
0.0043478 70112
0.0043497 70112
0.0043516 70112
0.0043535 70112
0.0043553 70112
0.0043572 70112
0.0043591 70112
0.004361 70112
0.0043629 70112
0.0043648 70112
0.0043667 70112
0.0043685 70112
0.0043704 70112
0.0043723 70112
0.0043742 70112
0.0043761 70112
0.004378 70112
0.0043798 70112
0.0043817 70112
0.0043836 70112
0.0043855 70112
0.0043874 70112
0.0043893 70112
0.0043912 70112
0.004393 70112
0.0043949 70112
0.0043968 70112
0.0043987 70112
0.0044006 70112
0.0044025 70112
0.0044043 70112
0.0044062 70112
0.0044081 70112
0.00441 70112
0.0044119 70112
0.0044138 70112
0.0044157 70112
0.0044175 70112
0.0044194 70112
0.0044213 70112
0.0044232 70112
0.0044251 70112
0.004427 70112
0.0044288 70112
0.0044307 70112
0.0044326 70112
0.0044345 70112
0.0044364 70112
0.0044383 70112
0.0044402 70112
0.004442 70112
0.0044439 70112
0.0044458 70112
0.0044477 70112
0.0044496 70112
0.0044515 70112
0.0044533 70112
0.0044552 70112
0.0044571 70112
0.004459 70112
0.0044609 70112
0.0044628 70112
0.0044647 70112
0.0044665 70112
0.0044684 70112
0.0044703 70112
0.0044722 70112
0.0044741 70112
0.004476 70112
0.0044778 70112
0.0044797 70112
0.0044816 70112
0.0044835 70112
0.0044854 70112
0.0044873 70112
0.0044892 70112
0.004491 70112
0.0044929 70112
0.0044948 70112
0.0044967 70112
0.0044986 70112
0.0045005 70112
0.0045023 70112
0.0045042 70112
0.0045061 70112
0.004508 70112
0.0045099 70112
0.0045118 70112
0.0045137 70112
0.0045155 70112
0.0045174 70112
0.0045193 70112
0.0045212 70112
0.0045231 70112
0.004525 70112
0.0045268 70112
0.0045287 70112
0.0045306 70112
0.0045325 70112
0.0045344 70112
0.0045363 70112
0.0045382 70112
0.00454 70112
0.0045419 70112
0.0045438 70112
0.0045457 70112
0.0045476 70112
0.0045495 70112
0.0045513 70112
0.0045532 70112
0.0045551 70112
0.004557 70112
0.0045589 70112
0.0045608 70112
0.0045627 70112
0.0045645 70112
0.0045664 70112
0.0045683 70112
0.0045702 70112
0.0045721 70112
0.004574 70112
0.0045758 70112
0.0045777 70112
0.0045796 70112
0.0045815 70112
0.0045834 70112
0.0045853 70112
0.0045872 70112
0.004589 70112
0.0045909 70112
0.0045928 70112
0.0045947 70112
0.0045966 70112
0.0045985 70112
0.0046003 70112
0.0046022 70112
0.0046041 70112
0.004606 70112
0.0046079 70112
0.0046098 70112
0.0046117 70112
0.0046135 70112
0.0046154 70112
0.0046173 70112
0.0046192 70112
0.0046211 70112
0.004623 70112
0.0046248 70112
0.0046267 70112
0.0046286 70112
0.0046305 70112
0.0046324 70112
0.0046343 70112
0.0046362 70112
0.004638 70112
0.0046399 70112
0.0046418 70112
0.0046437 70112
0.0046456 70112
0.0046475 70112
0.0046493 70112
0.0046512 70112
0.0046531 70112
0.004655 70112
0.0046569 70112
0.0046588 70112
0.0046607 70112
0.0046625 70112
0.0046644 70112
0.0046663 70112
0.0046682 70112
0.0046701 70112
0.004672 70112
0.0046738 70112
0.0046757 70112
0.0046776 70112
0.0046795 70112
0.0046814 70112
0.0046833 70112
0.0046852 70112
0.004687 70112
0.0046889 70112
0.0046908 70112
0.0046927 70112
0.0046946 70112
0.0046965 70112
0.0046983 70112
0.0047002 70112
0.0047021 70112
0.004704 70112
0.0047059 70112
0.0047078 70112
0.0047097 70112
0.0047115 70112
0.0047134 70112
0.0047153 70112
0.0047172 70112
0.0047191 70112
0.004721 70112
0.0047228 70112
0.0047247 70112
0.0047266 70112
0.0047285 70112
0.0047304 70112
0.0047323 70112
0.0047342 70112
0.004736 70112
0.0047379 70112
0.0047398 70112
0.0047417 70112
0.0047436 70112
0.0047455 70112
0.0047473 70112
0.0047492 70112
0.0047511 70112
0.004753 70112
0.0047549 70112
0.0047568 70112
0.0047587 70112
0.0047605 70112
0.0047624 70112
0.0047643 70112
0.0047662 70112
0.0047681 70112
0.00477 70112
0.0047718 70112
0.0047737 70112
0.0047756 70112
0.0047775 70112
0.0047794 70112
0.0047813 70112
0.0047832 70112
0.004785 70112
0.0047869 70112
0.0047888 70112
0.0047907 70112
0.0047926 70112
0.0047945 70112
0.0047963 70112
0.0047982 70112
0.0048001 70112
0.004802 70112
0.0048039 70112
0.0048058 70112
0.0048077 70112
0.0048095 70112
0.0048114 70112
0.0048133 70112
0.0048152 70112
0.0048171 70112
0.004819 70112
0.0048208 70112
0.0048227 70112
0.0048246 70112
0.0048265 70112
0.0048284 70112
0.0048303 70112
0.0048322 70112
0.004834 70112
0.0048359 70112
0.0048378 70112
0.0048397 70112
0.0048416 70112
0.0048435 70112
0.0048453 70112
0.0048472 70112
0.0048491 70112
0.004851 70112
0.0048529 70112
0.0048548 70112
0.0048567 70112
0.0048585 70112
0.0048604 70112
0.0048623 70112
0.0048642 70112
0.0048661 70112
0.004868 70112
0.0048698 70112
0.0048717 70112
0.0048736 70112
0.0048755 70112
0.0048774 70112
0.0048793 70112
0.0048812 70112
0.004883 70112
0.0048849 70112
0.0048868 70112
0.0048887 70112
0.0048906 70112
0.0048925 70112
0.0048943 70112
0.0048962 70112
0.0048981 70112
0.0049 70112
0.0049019 70112
0.0049038 70112
0.0049057 70112
0.0049075 70112
0.0049094 70112
0.0049113 70112
0.0049132 70112
0.0049151 70112
0.004917 70112
0.0049188 70112
0.0049207 70112
0.0049226 70112
0.0049245 70112
0.0049264 70112
0.0049283 70112
0.0049302 70112
0.004932 70112
0.0049339 70112
0.0049358 70112
0.0049377 70112
0.0049396 70112
0.0049415 70112
0.0049433 70112
0.0049452 70112
0.0049471 70112
0.004949 70112
0.0049509 70112
0.0049528 70112
0.0049547 70112
0.0049565 70112
0.0049584 70112
0.0049603 70112
0.0049622 70112
0.0049641 70112
0.004966 70112
0.0049678 70112
0.0049697 70112
0.0049716 70112
0.0049735 70112
0.0049754 70112
0.0049773 70112
0.0049792 70112
0.004981 70112
0.0049829 70112
0.0049848 70112
0.0049867 70112
0.0049886 70112
0.0049905 70112
0.0049923 70112
0.0049942 70112
0.0049961 70112
0.004998 70112
0.0049999 70112
0.0050018 70112
0.0050037 70112
0.0050055 70112
0.0050074 70112
0.0050093 70112
0.0050112 70112
0.0050131 70112
0.005015 70112
0.0050168 70112
0.0050187 70112
0.0050206 70112
0.0050225 70112
0.0050244 70112
0.0050263 70112
0.0050282 70112
0.00503 70112
0.0050319 70112
0.0050338 70112
0.0050357 70112
0.0050376 70112
0.0050395 70112
0.0050413 70112
0.0050432 70112
0.0050451 70112
0.005047 70112
0.0050489 70112
0.0050508 70112
0.0050527 70112
0.0050545 70112
0.0050564 70112
0.0050583 70112
0.0050602 70112
0.0050621 70112
0.005064 70112
0.0050658 70112
0.0050677 70112
0.0050696 70112
0.0050715 70112
0.0050734 70112
0.0050753 70112
0.0050772 70112
0.005079 70112
0.0050809 70112
0.0050828 70112
0.0050847 70112
0.0050866 70112
0.0050885 70112
0.0050903 70112
0.0050922 70112
0.0050941 70112
0.005096 70112
0.0050979 70112
0.0050998 70112
0.0051017 70112
0.0051035 70112
0.0051054 70112
0.0051073 70112
0.0051092 70112
0.0051111 70112
0.005113 70112
0.0051148 70112
0.0051167 70112
0.0051186 70112
0.0051205 70112
0.0051224 70112
0.0051243 70112
0.0051262 70112
0.005128 70112
0.0051299 70112
0.0051318 70112
0.0051337 70112
0.0051356 70112
0.0051375 70112
0.0051393 70112
0.0051412 70112
0.0051431 70112
0.005145 70112
0.0051469 70112
0.0051488 70112
0.0051507 70112
0.0051525 70112
0.0051544 70112
0.0051563 70112
0.0051582 70112
0.0051601 70112
0.005162 70112
0.0051638 70112
0.0051657 70112
0.0051676 70112
0.0051695 70112
0.0051714 70112
0.0051733 70112
0.0051752 70112
0.005177 70112
0.0051789 70112
0.0051808 70112
0.0051827 70112
0.0051846 70112
0.0051865 70112
0.0051883 70112
0.0051902 70112
0.0051921 70112
0.005194 70112
0.0051959 70112
0.0051978 70112
0.0051997 70112
0.0052015 70112
0.0052034 70112
0.0052053 70112
0.0052072 70112
0.0052091 70112
0.005211 70112
0.0052128 70112
0.0052147 70112
0.0052166 70112
0.0052185 70112
0.0052204 70112
0.0052223 70112
0.0052242 70112
0.005226 70112
0.0052279 70112
0.0052298 70112
0.0052317 70112
0.0052336 70112
0.0052355 70112
0.0052373 70112
0.0052392 70112
0.0052411 70112
0.005243 70112
0.0052449 70112
0.0052468 70112
0.0052487 70112
0.0052505 70112
0.0052524 70112
0.0052543 70112
0.0052562 70112
0.0052581 70112
0.00526 70112
0.0052618 70112
0.0052637 70112
0.0052656 70112
0.0052675 70112
0.0052694 70112
0.0052713 70112
0.0052732 70112
0.005275 70112
0.0052769 70112
0.0052788 70112
0.0052807 70112
0.0052826 70112
0.0052845 70112
0.0052863 70112
0.0052882 70112
0.0052901 70112
0.005292 70112
0.0052939 70112
0.0052958 70112
0.0052977 70112
0.0052995 70112
0.0053014 70112
0.0053033 70112
0.0053052 70112
0.0053071 70112
0.005309 70112
0.0053108 70112
0.0053127 70112
0.0053146 70112
0.0053165 70112
0.0053184 70112
0.0053203 70112
0.0053222 70112
0.005324 70112
0.0053259 70112
0.0053278 70112
0.0053297 70112
0.0053316 70112
0.0053335 70112
0.0053353 70112
0.0053372 70112
0.0053391 70112
0.005341 70112
0.0053429 70112
0.0053448 70112
0.0053467 70112
0.0053485 70112
0.0053504 70112
0.0053523 70112
0.0053542 70112
0.0053561 70112
0.005358 70112
0.0053598 70112
0.0053617 70112
0.0053636 70112
0.0053655 70112
0.0053674 70112
0.0053693 70112
0.0053712 70112
0.005373 70112
0.0053749 70112
0.0053768 70112
0.0053787 70112
0.0053806 70112
0.0053825 70112
0.0053843 70112
0.0053862 70112
0.0053881 70112
0.00539 70112
0.0053919 70112
0.0053938 70112
0.0053957 70112
0.0053975 70112
0.0053994 70112
0.0054013 70112
0.0054032 70112
0.0054051 70112
0.005407 70112
0.0054088 70112
0.0054107 70112
0.0054126 70112
0.0054145 70112
0.0054164 70112
0.0054183 70112
0.0054202 70112
0.005422 70112
0.0054239 70112
0.0054258 70112
0.0054277 70112
0.0054296 70112
0.0054315 70112
0.0054333 70112
0.0054352 70112
0.0054371 70112
0.005439 70112
0.0054409 70112
0.0054428 70112
0.0054447 70112
0.0054465 70112
0.0054484 70112
0.0054503 70112
0.0054522 70112
0.0054541 70112
0.005456 70112
0.0054578 70112
0.0054597 70112
0.0054616 70112
0.0054635 70112
0.0054654 70112
0.0054673 70112
0.0054692 70112
0.005471 70112
0.0054729 70112
0.0054748 70112
0.0054767 70112
0.0054786 70112
0.0054805 70112
0.0054823 70112
0.0054842 70112
0.0054861 70112
0.005488 70112
0.0054899 70112
0.0054918 70112
0.0054937 70112
0.0054955 70112
0.0054974 70112
0.0054993 70112
0.0055012 70112
0.0055031 70112
0.005505 70112
0.0055068 70112
0.0055087 70112
0.0055106 70112
0.0055125 70112
0.0055144 70112
0.0055163 70112
0.0055182 70112
0.00552 70112
0.0055219 70112
0.0055238 70112
0.0055257 70112
0.0055276 70112
0.0055295 70112
0.0055313 70112
0.0055332 70112
0.0055351 70112
0.005537 70112
0.0055389 70112
0.0055408 70112
0.0055427 70112
0.0055445 70112
0.0055464 70112
0.0055483 70112
0.0055502 70112
0.0055521 70112
0.005554 70112
0.0055558 70112
0.0055577 70112
0.0055596 70112
0.0055615 70112
0.0055634 70112
0.0055653 70112
0.0055672 70112
0.005569 70112
0.0055709 70112
0.0055728 70112
0.0055747 70112
0.0055766 70112
0.0055785 70112
0.0055803 70112
0.0055822 70112
0.0055841 70112
0.005586 70112
0.0055879 70112
0.0055898 70112
0.0055917 70112
0.0055935 70112
0.0055954 70112
0.0055973 70112
0.0055992 70112
0.0056011 70112
0.005603 70112
0.0056048 70112
0.0056067 70112
0.0056086 70112
0.0056105 70112
0.0056124 70112
0.0056143 70112
0.0056162 70112
0.005618 70112
0.0056199 70112
0.0056218 70112
0.0056237 70112
0.0056256 70112
0.0056275 70112
0.0056293 70112
0.0056312 70112
0.0056331 70112
0.005635 70112
0.0056369 70112
0.0056388 70112
0.0056407 70112
0.0056425 70112
0.0056444 70112
0.0056463 70112
0.0056482 70112
0.0056501 70112
0.005652 70112
0.0056538 70112
0.0056557 70112
0.0056576 70112
0.0056595 70112
0.0056614 70112
0.0056633 70112
0.0056652 70112
0.005667 70112
0.0056689 70112
0.0056708 70112
0.0056727 70112
0.0056746 70112
0.0056765 70112
0.0056783 70112
0.0056802 70112
0.0056821 70112
0.005684 70112
0.0056859 70112
0.0056878 70112
0.0056897 70112
0.0056915 70112
0.0056934 70112
0.0056953 70112
0.0056972 70112
0.0056991 70112
0.005701 70112
0.0057028 70112
0.0057047 70112
0.0057066 70112
0.0057085 70112
0.0057104 70112
0.0057123 70112
0.0057142 70112
0.005716 70112
0.0057179 70112
0.0057198 70112
0.0057217 70112
0.0057236 70112
0.0057255 70112
0.0057273 70112
0.0057292 70112
0.0057311 70112
0.005733 70112
0.0057349 70112
0.0057368 70112
0.0057387 70112
0.0057405 70112
0.0057424 70112
0.0057443 70112
0.0057462 70112
0.0057481 70112
0.00575 70112
0.0057518 70112
0.0057537 70112
0.0057556 70112
0.0057575 70112
0.0057594 70112
0.0057613 70112
0.0057632 70112
0.005765 70112
0.0057669 70112
0.0057688 70112
0.0057707 70112
0.0057726 70112
0.0057745 70112
0.0057763 70112
0.0057782 70112
0.0057801 70112
0.005782 70112
0.0057839 70112
0.0057858 70112
0.0057877 70112
0.0057895 70112
0.0057914 70112
0.0057933 70112
0.0057952 70112
0.0057971 70112
0.005799 70112
0.0058008 70112
0.0058027 70112
0.0058046 70112
0.0058065 70112
0.0058084 70112
0.0058103 70112
0.0058122 70112
0.005814 70112
0.0058159 70112
0.0058178 70112
0.0058197 70112
0.0058216 70112
0.0058235 70112
0.0058253 70112
0.0058272 70112
0.0058291 70112
0.005831 70112
0.0058329 70112
0.0058348 70112
0.0058367 70112
0.0058385 70112
0.0058404 70112
0.0058423 70112
0.0058442 70112
0.0058461 70112
0.005848 70112
0.0058498 70112
0.0058517 70112
0.0058536 70112
0.0058555 70112
0.0058574 70112
0.0058593 70112
0.0058612 70112
0.005863 70112
0.0058649 70112
0.0058668 70112
0.0058687 70112
0.0058706 70112
0.0058725 70112
0.0058743 70112
0.0058762 70112
0.0058781 70112
0.00588 70112
0.0058819 70112
0.0058838 70112
0.0058857 70112
0.0058875 70112
0.0058894 70112
0.0058913 70112
0.0058932 70112
0.0058951 70112
0.005897 70112
0.0058988 70112
0.0059007 70112
0.0059026 70112
0.0059045 70112
0.0059064 70112
0.0059083 70112
0.0059102 70112
0.005912 70112
0.0059139 70112
0.0059158 70112
0.0059177 70112
0.0059196 70112
0.0059215 70112
0.0059233 70112
0.0059252 70112
0.0059271 70112
0.005929 70112
0.0059309 70112
0.0059328 70112
0.0059347 70112
0.0059365 70112
0.0059384 70112
0.0059403 70112
0.0059422 70112
0.0059441 70112
0.005946 70112
0.0059478 70112
0.0059497 70112
0.0059516 70112
0.0059535 70112
0.0059554 70112
0.0059573 70112
0.0059592 70112
0.005961 70112
0.0059629 70112
0.0059648 70112
0.0059667 70112
0.0059686 70112
0.0059705 70112
0.0059723 70112
0.0059742 70112
0.0059761 70112
0.005978 70112
0.0059799 70112
0.0059818 70112
0.0059837 70112
0.0059855 70112
0.0059874 70112
0.0059893 70112
0.0059912 70112
0.0059931 70112
0.005995 70112
0.0059968 70112
0.0059987 70112
0.0060006 70112
0.0060025 70112
0.0060044 70112
0.0060063 70112
0.0060082 70112
0.00601 70112
0.0060119 70112
0.0060138 70112
0.0060157 70112
0.0060176 70112
0.0060195 70112
0.0060213 70112
0.0060232 70112
0.0060251 70112
0.006027 70112
0.0060289 70112
0.0060308 70112
0.0060327 70112
0.0060345 70112
0.0060364 70112
0.0060383 70112
0.0060402 70112
0.0060421 70112
0.006044 70112
0.0060458 70112
0.0060477 70112
0.0060496 70112
0.0060515 70112
0.0060534 70112
0.0060553 70112
0.0060572 70112
0.006059 70112
0.0060609 70112
0.0060628 70112
0.0060647 70112
0.0060666 70112
0.0060685 70112
0.0060703 70112
0.0060722 70112
0.0060741 70112
0.006076 70112
0.0060779 70112
0.0060798 70112
0.0060817 70112
0.0060835 70112
0.0060854 70112
0.0060873 70112
0.0060892 70112
0.0060911 70112
0.006093 70112
0.0060948 70112
0.0060967 70112
0.0060986 70112
0.0061005 70112
0.0061024 70112
0.0061043 70112
0.0061062 70112
0.006108 70112
0.0061099 70112
0.0061118 70112
0.0061137 70112
0.0061156 70112
0.0061175 70112
0.0061193 70112
0.0061212 70112
0.0061231 70112
0.006125 70112
0.0061269 70112
0.0061288 70112
0.0061307 70112
0.0061325 70112
0.0061344 70112
0.0061363 70112
0.0061382 70112
0.0061401 70112
0.006142 70112
0.0061438 70112
0.0061457 70112
0.0061476 70112
0.0061495 70112
0.0061514 70112
0.0061533 70112
0.0061552 70112
0.006157 70112
0.0061589 70112
0.0061608 70112
0.0061627 70112
0.0061646 70112
0.0061665 70112
0.0061683 70112
0.0061702 70112
0.0061721 70112
0.006174 70112
0.0061759 70112
0.0061778 70112
0.0061797 70112
0.0061815 70112
0.0061834 70112
0.0061853 70112
0.0061872 70112
0.0061891 70112
0.006191 70112
0.0061928 70112
0.0061947 70112
0.0061966 70112
0.0061985 70112
0.0062004 70112
0.0062023 70112
0.0062042 70112
0.006206 70112
0.0062079 70112
0.0062098 70112
0.0062117 70112
0.0062136 70112
0.0062155 70112
0.0062173 70112
0.0062192 70112
0.0062211 70112
0.006223 70112
0.0062249 70112
0.0062268 70112
0.0062287 70112
0.0062305 70112
0.0062324 70112
0.0062343 70112
0.0062362 70112
0.0062381 70112
0.00624 70112
0.0062418 70112
0.0062437 70112
0.0062456 70112
0.0062475 70112
0.0062494 70112
0.0062513 70112
0.0062532 70112
0.006255 70112
0.0062569 70112
0.0062588 70112
0.0062607 70112
0.0062626 70112
0.0062645 70112
0.0062663 70112
0.0062682 70112
0.0062701 70112
0.006272 70112
0.0062739 70112
0.0062758 70112
0.0062777 70112
0.0062795 70112
0.0062814 70112
0.0062833 70112
0.0062852 70112
0.0062871 70112
0.006289 70112
0.0062908 70112
0.0062927 70112
0.0062946 70112
0.0062965 70112
0.0062984 70112
0.0063003 70112
0.0063022 70112
0.006304 70112
0.0063059 70112
0.0063078 70112
0.0063097 70112
0.0063116 70112
0.0063135 70112
0.0063153 70112
0.0063172 70112
0.0063191 70112
0.006321 70112
0.0063229 70112
0.0063248 70112
0.0063267 70112
0.0063285 70112
0.0063304 70112
0.0063323 70112
0.0063342 70112
0.0063361 70112
0.006338 70112
0.0063398 70112
0.0063417 70112
0.0063436 70112
0.0063455 70112
0.0063474 70112
0.0063493 70112
0.0063512 70112
0.006353 70112
0.0063549 70112
0.0063568 70112
0.0063587 70112
0.0063606 70112
0.0063625 70112
0.0063643 70112
0.0063662 70112
0.0063681 70112
0.00637 70112
0.0063719 70112
0.0063738 70112
0.0063757 70112
0.0063775 70112
0.0063794 70112
0.0063813 70112
0.0063832 70112
0.0063851 70112
0.006387 70112
0.0063888 70112
0.0063907 70112
0.0063926 70112
0.0063945 70112
0.0063964 70112
0.0063983 70112
0.0064002 70112
0.006402 70112
0.0064039 70112
0.0064058 70112
0.0064077 70112
0.0064096 70112
0.0064115 70112
0.0064133 70112
0.0064152 70112
0.0064171 70112
0.006419 70112
0.0064209 70112
0.0064228 70112
0.0064247 70112
0.0064265 70112
0.0064284 70112
0.0064303 70112
0.0064322 70112
0.0064341 70112
0.006436 70112
0.0064378 70112
0.0064397 70112
0.0064416 70112
0.0064435 70112
0.0064454 70112
0.0064473 70112
0.0064492 70112
0.006451 70112
0.0064529 70112
0.0064548 70112
0.0064567 70112
0.0064586 70112
0.0064605 70112
0.0064623 70112
0.0064642 70112
0.0064661 70112
0.006468 70112
0.0064699 70112
0.0064718 70112
0.0064737 70112
0.0064755 70112
0.0064774 70112
0.0064793 70112
0.0064812 70112
0.0064831 70112
0.006485 70112
0.0064868 70112
0.0064887 70112
0.0064906 70112
0.0064925 70112
0.0064944 70112
0.0064963 70112
0.0064982 70112
0.0065 70112
0.0065019 70112
0.0065038 70112
0.0065057 70112
0.0065076 70112
0.0065095 70112
0.0065113 70112
0.0065132 70112
0.0065151 70112
0.006517 70112
0.0065189 70112
0.0065208 70112
0.0065227 70112
0.0065245 70112
0.0065264 70112
0.0065283 70112
0.0065302 70112
0.0065321 70112
0.006534 70112
0.0065358 70112
0.0065377 70112
0.0065396 70112
0.0065415 70112
0.0065434 70112
0.0065453 70112
0.0065472 70112
0.006549 70112
0.0065509 70112
0.0065528 70112
0.0065547 70112
0.0065566 70112
0.0065585 70112
0.0065603 70112
0.0065622 70112
0.0065641 70112
0.006566 70112
0.0065679 70112
0.0065698 70112
0.0065717 70112
0.0065735 70112
0.0065754 70112
0.0065773 70112
0.0065792 70112
0.0065811 70112
0.006583 70112
0.0065848 70112
0.0065867 70112
0.0065886 70112
0.0065905 70112
0.0065924 70112
0.0065943 70112
0.0065962 70112
1 70112
