2e-06 57996
4e-06 57996
6e-06 57995
8e-06 57995
1e-05 57995
1.2e-05 57995
1.4e-05 57995
1.6e-05 57994
1.8e-05 57993
2e-05 57991
2.2e-05 57989
2.4e-05 57986
2.6e-05 57980
2.8e-05 57972
3e-05 57960
3.2e-05 57943
3.4e-05 57917
3.6e-05 57881
3.8e-05 57830
4e-05 57758
4.2e-05 57658
4.4e-05 57520
4.6e-05 57333
4.8e-05 57081
5e-05 56746
5.2e-05 56306
5.4e-05 55735
5.6e-05 55003
5.8e-05 54078
6e-05 52925
6.2e-05 51509
6.4e-05 49799
6.6e-05 47770
6.8e-05 45405
7e-05 42704
7.2e-05 39685
7.4e-05 36386
7.6e-05 32868
7.8e-05 29211
8e-05 25512
8.2e-05 21874
8.4e-05 18398
8.6e-05 15174
8.8e-05 12272
9e-05 9735.4
9.2e-05 7582.8
9.4e-05 5806.5
9.6e-05 4379.2
9.8e-05 3260.2
0.0001 2402.4
0.000102 1757.5
0.000104 1280.7
0.000106 932.77
0.000108 681.49
0.00011 501.22
0.000112 372.37
0.000114 280.33
0.000116 214.48
0.000118 167.18
0.00012 133.05
0.000122 108.27
0.000124 90.198
0.000126 76.974
0.000128 67.301
0.00013 60.274
0.000132 55.258
0.000134 51.809
0.000136 49.619
0.000138 48.475
0.00014 48.235
0.000142 48.235
0.000144 48.808
0.000146 50.142
0.000148 52.218
0.00015 55.04
0.000152 58.635
0.000154 63.048
0.000156 68.345
0.000158 74.607
0.00016 81.936
0.000162 90.45
0.000164 100.29
0.000166 111.62
0.000168 124.64
0.00017 139.54
0.000172 156.59
0.000174 176.05
0.000176 198.25
0.000178 223.54
0.00018 252.32
0.000182 285.03
0.000184 322.17
0.000186 364.29
0.000188 412.02
0.00019 466.01
0.000192 527.01
0.000194 595.84
0.000196 673.36
0.000198 760.53
0.0002 858.38
0.000202 968.01
0.000204 1090.6
0.000206 1227.4
0.000208 1379.7
0.00021 1548.8
0.000212 1736.3
0.000214 1943.5
0.000216 2172.1
0.000218 2423.5
0.00022 2699.2
0.000222 3000.9
0.000224 3330
0.000226 3687.9
0.000228 4076.3
0.00023 4496.2
0.000232 4949.1
0.000234 5435.9
0.000236 5957.8
0.000238 6515.4
0.00024 7109.5
0.000242 7740.4
0.000244 8408.4
0.000246 9113.5
0.000248 9855.4
0.00025 10634
0.000252 11448
0.000254 12296
0.000256 13178
0.000258 14093
0.00026 15037
0.000262 16010
0.000264 17009
0.000266 18032
0.000268 19077
0.00027 20141
0.000272 21221
0.000274 22315
0.000276 23419
0.000278 24531
0.00028 25648
0.000282 26767
0.000284 27885
0.000286 29000
0.000288 30108
0.00029 31207
0.000292 32294
0.000294 33368
0.000296 34425
0.000298 35465
0.0003 36484
0.000302 37482
0.000304 38456
0.000306 39405
0.000308 40329
0.00031 41226
0.000312 42095
0.000314 42935
0.000316 43747
0.000318 44529
0.00032 45282
0.000322 46005
0.000324 46699
0.000326 47363
0.000328 47998
0.00033 48604
0.000332 49182
0.000334 49732
0.000336 50256
0.000338 50752
0.00034 51223
0.000342 51669
0.000344 52091
0.000346 52489
0.000348 52865
0.00035 53220
0.000352 53553
0.000354 53867
0.000356 54161
0.000358 54438
0.00036 54697
0.000362 54939
0.000364 55166
0.000366 55378
0.000368 55576
0.00037 55761
0.000372 55933
0.000374 56093
0.000376 56242
0.000378 56381
0.00038 56510
0.000382 56629
0.000384 56740
0.000386 56842
0.000388 56937
0.00039 57025
0.000392 57106
0.000394 57181
0.000396 57250
0.000398 57313
0.0004 57372
0.000402 57426
0.000404 57476
0.000406 57521
0.000408 57563
0.00041 57602
0.000412 57637
0.000414 57669
0.000416 57699
0.000418 57726
0.00042 57751
0.000422 57773
0.000424 57794
0.000426 57813
0.000428 57830
0.00043 57846
0.000432 57860
0.000434 57873
0.000436 57885
0.000438 57896
0.00044 57905
0.000442 57914
0.000444 57922
0.000446 57930
0.000448 57936
0.00045 57942
0.000452 57948
0.000454 57952
0.000456 57957
0.000458 57961
0.00046 57964
0.000462 57968
0.000464 57971
0.000466 57973
0.000468 57976
0.00047 57978
0.000472 57980
0.000474 57981
0.000476 57983
0.000478 57984
0.00048 57985
0.000482 57987
0.000484 57988
0.000486 57988
0.000488 57989
0.00049 57990
0.000492 57991
0.000494 57991
0.000496 57992
0.000498 57992
0.0005 57993
0.000502 57993
0.000504 57993
0.000506 57993
0.000508 57994
0.00051 57994
0.000512 57994
0.000514 57994
0.000516 57994
0.000518 57995
0.00052 57995
0.000522 57995
0.000524 57995
0.000526 57995
0.000528 57995
0.00053 57995
0.000532 57995
0.000534 57995
0.000536 57995
0.000538 57995
0.00054 57995
0.000542 57995
0.000544 57995
0.000546 57995
0.000548 57995
0.00055 57996
0.000552 57996
0.000554 57996
0.000556 57996
0.000558 57996
0.00056 57996
0.000562 57996
0.000564 57996
0.000566 57996
0.000568 57996
0.00057 57996
0.000572 57996
0.000574 57996
0.000576 57996
0.000578 57996
0.00058 57996
0.000582 57996
0.000584 57996
0.000586 57996
0.000588 57996
0.00059 57996
0.000592 57996
0.000594 57996
0.000596 57996
0.000598 57996
0.0006 57996
0.000602 57996
0.000604 57996
0.000606 57996
0.000608 57996
0.00061 57996
0.000612 57996
0.000614 57996
0.000616 57996
0.000618 57996
0.00062 57996
0.000622 57996
0.000624 57996
0.000626 57996
0.000628 57996
0.00063 57996
0.000632 57996
0.000634 57996
0.000636 57996
0.000638 57996
0.00064 57996
0.000642 57996
0.000644 57996
0.000646 57996
0.000648 57996
0.00065 57996
0.000652 57996
0.000654 57996
0.000656 57996
0.000658 57996
0.00066 57996
0.000662 57996
0.000664 57996
0.000666 57996
0.000668 57996
0.00067 57996
0.000672 57996
0.000674 57996
0.000676 57996
0.000678 57996
0.00068 57996
0.000682 57996
0.000684 57996
0.000686 57996
0.000688 57996
0.00069 57996
0.000692 57996
0.000694 57996
0.000696 57996
0.000698 57996
0.0007 57996
0.000702 57996
0.00501 57996
1 57996
