4e-06 28998
8e-06 28998
1.2e-05 28998
1.6e-05 28998
2e-05 28998
2.4e-05 28997
2.8e-05 28997
3.2e-05 28997
3.6e-05 28996
4e-05 28996
4.4e-05 28995
4.8e-05 28993
5.2e-05 28990
5.6e-05 28986
6e-05 28980
6.4e-05 28971
6.8e-05 28959
7.2e-05 28941
7.6e-05 28915
8e-05 28879
8.4e-05 28829
8.8e-05 28760
9.2e-05 28666
9.6e-05 28540
0.0001 28373
0.000104 28153
0.000108 27867
0.000112 27502
0.000116 27039
0.00012 26462
0.000124 25755
0.000128 24900
0.000132 23885
0.000136 22703
0.00014 21352
0.000144 19842
0.000148 18193
0.000152 16434
0.000156 14606
0.00016 12756
0.000164 10937
0.000168 9199
0.000172 7587
0.000176 6135.8
0.00018 4867.7
0.000184 3791.4
0.000188 2903.2
0.000192 2189.6
0.000196 1630.1
0.0002 1201.2
0.000204 878.75
0.000208 640.33
0.000212 466.38
0.000216 340.74
0.00022 250.61
0.000224 186.18
0.000228 140.16
0.000232 107.24
0.000236 83.591
0.00024 66.523
0.000244 54.135
0.000248 45.099
0.000252 38.487
0.000256 33.651
0.00026 30.137
0.000264 27.629
0.000268 25.904
0.000272 24.809
0.000276 24.238
0.00028 24.117
0.000284 24.404
0.000288 25.071
0.000292 26.109
0.000296 27.52
0.0003 29.317
0.000304 31.524
0.000308 34.173
0.000312 37.304
0.000316 40.968
0.00032 45.225
0.000324 50.146
0.000328 55.812
0.000332 62.318
0.000336 69.771
0.00034 78.294
0.000344 88.026
0.000348 99.126
0.000352 111.77
0.000356 126.16
0.00036 142.51
0.000364 161.08
0.000368 182.15
0.000372 206.01
0.000376 233.01
0.00038 263.51
0.000384 297.92
0.000388 336.68
0.000392 380.26
0.000396 429.19
0.0004 484
0.000404 545.29
0.000408 613.68
0.000412 689.83
0.000416 774.41
0.00042 868.15
0.000424 971.77
0.000428 1086
0.000432 1211.7
0.000436 1349.6
0.00044 1500.4
0.000444 1665
0.000448 1844
0.000452 2038.1
0.000456 2248.1
0.00046 2474.5
0.000464 2718
0.000468 2978.9
0.000472 3257.7
0.000476 3554.7
0.00048 3870.2
0.000484 4204.2
0.000488 4556.7
0.000492 4927.7
0.000496 5316.9
0.0005 5723.9
0.000504 6148.2
0.000508 6589.2
0.000512 7046.3
0.000516 7518.5
0.00052 8004.9
0.000524 8504.5
0.000528 9016.1
0.000532 9538.5
0.000536 10070
0.00054 10610
0.000544 11157
0.000548 11710
0.000552 12266
0.000556 12824
0.00056 13384
0.000564 13943
0.000568 14500
0.000572 15054
0.000576 15603
0.00058 16147
0.000584 16684
0.000588 17213
0.000592 17732
0.000596 18242
0.0006 18741
0.000604 19228
0.000608 19703
0.000612 20165
0.000616 20613
0.00062 21047
0.000624 21468
0.000628 21873
0.000632 22265
0.000636 22641
0.00064 23003
0.000644 23349
0.000648 23681
0.000652 23999
0.000656 24302
0.00066 24591
0.000664 24866
0.000668 25128
0.000672 25376
0.000676 25612
0.00068 25835
0.000684 26046
0.000688 26245
0.000692 26433
0.000696 26610
0.0007 26777
0.000704 26933
0.000708 27081
0.000712 27219
0.000716 27348
0.00072 27470
0.000724 27583
0.000728 27689
0.000732 27788
0.000736 27881
0.00074 27967
0.000744 28047
0.000748 28121
0.000752 28190
0.000756 28255
0.00076 28314
0.000764 28370
0.000768 28421
0.000772 28468
0.000776 28512
0.00078 28553
0.000784 28590
0.000788 28625
0.000792 28657
0.000796 28686
0.0008 28713
0.000804 28738
0.000808 28761
0.000812 28782
0.000816 28801
0.00082 28818
0.000824 28835
0.000828 28849
0.000832 28863
0.000836 28875
0.00084 28887
0.000844 28897
0.000848 28906
0.000852 28915
0.000856 28923
0.00086 28930
0.000864 28937
0.000868 28942
0.000872 28948
0.000876 28953
0.00088 28957
0.000884 28961
0.000888 28965
0.000892 28968
0.000896 28971
0.0009 28974
0.000904 28976
0.000908 28978
0.000912 28980
0.000916 28982
0.00092 28984
0.000924 28985
0.000928 28987
0.000932 28988
0.000936 28989
0.00094 28990
0.000944 28991
0.000948 28991
0.000952 28992
0.000956 28993
0.00096 28993
0.000964 28994
0.000968 28994
0.000972 28995
0.000976 28995
0.00098 28995
0.000984 28996
0.000988 28996
0.000992 28996
0.000996 28996
0.001 28996
0.001004 28997
0.001008 28997
0.001012 28997
0.001016 28997
0.00102 28997
0.001024 28997
0.001028 28997
0.001032 28997
0.001036 28997
0.00104 28997
0.001044 28997
0.001048 28998
0.001052 28998
0.001056 28998
0.00106 28998
0.001064 28998
0.001068 28998
0.001072 28998
0.001076 28998
0.00108 28998
0.001084 28998
0.001088 28998
0.001092 28998
0.001096 28998
0.0011 28998
0.001104 28998
0.001108 28998
0.001112 28998
0.001116 28998
0.00112 28998
0.001124 28998
0.001128 28998
0.001132 28998
0.001136 28998
0.00114 28998
0.001144 28998
0.001148 28998
0.001152 28998
0.001156 28998
0.00116 28998
0.001164 28998
0.001168 28998
0.001172 28998
0.001176 28998
0.00118 28998
0.001184 28998
0.001188 28998
0.001192 28998
0.001196 28998
0.0012 28998
0.001204 28998
0.001208 28998
0.001212 28998
0.001216 28998
0.00122 28998
0.001224 28998
0.001228 28998
0.001232 28998
0.001236 28998
0.00124 28998
0.001244 28998
0.001248 28998
0.001252 28998
0.001256 28998
0.00126 28998
0.001264 28998
0.001268 28998
0.001272 28998
0.001276 28998
0.00128 28998
0.001284 28998
0.001288 28998
0.001292 28998
0.001296 28998
0.0013 28998
0.001304 28998
0.001308 28998
0.001312 28998
0.001316 28998
0.00132 28998
0.001324 28998
0.001328 28998
0.001332 28998
0.001336 28998
0.00134 28998
0.001344 28998
0.001348 28998
0.001352 28998
0.001356 28998
0.00136 28998
0.001364 28998
0.001368 28998
0.001372 28998
0.001376 28998
0.00138 28998
0.001384 28998
0.001388 28998
0.001392 28998
0.001396 28998
0.0014 28998
0.001404 28998
0.001408 28998
0.001412 28998
0.001416 28998
0.00142 28998
0.001424 28998
0.001428 28998
0.001432 28998
0.001436 28998
0.00144 28998
0.001444 28998
0.001448 28998
0.001452 28998
0.001456 28998
0.00146 28998
0.001464 28998
0.001468 28998
0.001472 28998
0.001476 28998
0.00148 28998
0.001484 28998
0.001488 28998
0.001492 28998
0.001496 28998
0.0015 28998
0.001504 28998
0.001508 28998
0.001512 28998
0.001516 28998
0.00152 28998
0.001524 28998
0.001528 28998
0.001532 28998
0.001536 28998
0.00154 28998
0.001544 28998
0.001548 28998
0.001552 28998
0.001556 28998
0.00156 28998
0.001564 28998
0.001568 28998
0.001572 28998
0.001576 28998
0.00158 28998
0.001584 28998
0.001588 28998
0.001592 28998
0.001596 28998
0.0016 28998
0.001604 28998
0.001608 28998
0.001612 28998
0.001616 28998
0.00162 28998
0.001624 28998
0.001628 28998
0.001632 28998
0.001636 28998
0.00164 28998
0.001644 28998
0.001648 28998
0.001652 28998
0.001656 28998
0.00166 28998
0.001664 28998
0.001668 28998
0.001672 28998
0.001676 28998
0.00168 28998
0.001684 28998
0.001688 28998
0.001692 28998
0.001696 28998
0.0017 28998
0.001704 28998
0.001708 28998
0.001712 28998
0.001716 28998
0.00172 28998
0.001724 28998
0.001728 28998
0.001732 28998
0.001736 28998
0.00174 28998
0.001744 28998
0.001748 28998
0.001752 28998
0.001756 28998
0.00176 28998
0.001764 28998
0.001768 28998
0.001772 28998
0.001776 28998
0.00178 28998
0.001784 28998
0.001788 28998
0.001792 28998
0.001796 28998
0.0018 28998
0.001804 28998
0.001808 28998
0.001812 28998
0.001816 28998
0.00182 28998
0.001824 28998
0.001828 28998
0.001832 28998
0.001836 28998
0.00184 28998
0.001844 28998
0.001848 28998
0.001852 28998
0.001856 28998
0.00186 28998
0.001864 28998
0.001868 28998
0.001872 28998
0.001876 28998
0.00188 28998
0.001884 28998
0.001888 28998
0.001892 28998
0.001896 28998
0.0019 28998
0.001904 28998
0.001908 28998
0.001912 28998
0.001916 28998
0.00192 28998
0.001924 28998
0.001928 28998
0.001932 28998
0.001936 28998
0.00194 28998
0.001944 28998
0.001948 28998
0.001952 28998
0.001956 28998
0.00196 28998
0.001964 28998
0.001968 28998
0.001972 28998
0.001976 28998
0.00198 28998
0.001984 28998
0.001988 28998
0.001992 28998
0.001996 28998
0.002 28998
0.002004 28998
0.002008 28998
0.002012 28998
0.002016 28998
0.00202 28998
0.002024 28998
0.002028 28998
0.002032 28998
0.002036 28998
0.00204 28998
0.002044 28998
0.002048 28998
0.002052 28998
0.002056 28998
0.00206 28998
0.002064 28998
0.002068 28998
0.002072 28998
0.002076 28998
0.00208 28998
0.002084 28998
0.002088 28998
0.002092 28998
0.002096 28998
0.0021 28998
0.002104 28998
0.002108 28998
0.002112 28998
0.002116 28998
0.00212 28998
0.002124 28998
0.002128 28998
0.002132 28998
0.002136 28998
0.00214 28998
0.002144 28998
0.002148 28998
0.002152 28998
0.002156 28998
0.00216 28998
0.002164 28998
0.002168 28998
0.002172 28998
0.002176 28998
0.00218 28998
0.002184 28998
0.002188 28998
0.002192 28998
0.002196 28998
0.0022 28998
0.002204 28998
0.002208 28998
0.002212 28998
0.002216 28998
0.00222 28998
0.002224 28998
0.002228 28998
0.002232 28998
0.002236 28998
0.00224 28998
0.002244 28998
0.002248 28998
0.002252 28998
0.002256 28998
0.00226 28998
0.002264 28998
0.002268 28998
0.002272 28998
0.002276 28998
0.00228 28998
0.002284 28998
0.002288 28998
0.002292 28998
0.002296 28998
0.0023 28998
0.002304 28998
0.002308 28998
0.002312 28998
0.002316 28998
0.00232 28998
0.002324 28998
0.002328 28998
0.002332 28998
0.002336 28998
0.00234 28998
0.002344 28998
0.002348 28998
0.002352 28998
0.002356 28998
0.00236 28998
0.002364 28998
0.002368 28998
0.002372 28998
0.002376 28998
0.00238 28998
0.002384 28998
0.002388 28998
0.002392 28998
0.002396 28998
0.0024 28998
0.002404 28998
0.002408 28998
0.002412 28998
0.002416 28998
0.00242 28998
0.002424 28998
0.002428 28998
0.002432 28998
0.002436 28998
0.00244 28998
0.002444 28998
0.002448 28998
0.002452 28998
0.002456 28998
0.00246 28998
0.002464 28998
0.002468 28998
0.002472 28998
0.002476 28998
0.00248 28998
0.002484 28998
0.002488 28998
0.002492 28998
0.002496 28998
0.0025 28998
0.002504 28998
0.002508 28998
0.002512 28998
0.002516 28998
0.00252 28998
0.002524 28998
0.002528 28998
0.002532 28998
0.002536 28998
0.00254 28998
0.002544 28998
0.002548 28998
0.002552 28998
0.002556 28998
0.00256 28998
0.002564 28998
0.002568 28998
0.002572 28998
0.002576 28998
0.00258 28998
0.002584 28998
0.002588 28998
0.002592 28998
0.002596 28998
0.0026 28998
0.002604 28998
0.002608 28998
0.002612 28998
0.002616 28998
0.00262 28998
0.002624 28998
0.002628 28998
0.002632 28998
0.002636 28998
0.00264 28998
0.002644 28998
0.002648 28998
0.002652 28998
0.002656 28998
0.00266 28998
0.002664 28998
0.002668 28998
0.002672 28998
0.002676 28998
0.00268 28998
0.002684 28998
0.002688 28998
0.002692 28998
0.002696 28998
0.0027 28998
0.002704 28998
0.002708 28998
0.002712 28998
0.002716 28998
0.00272 28998
0.002724 28998
0.002728 28998
0.002732 28998
0.002736 28998
0.00274 28998
0.002744 28998
0.002748 28998
0.002752 28998
0.002756 28998
0.00276 28998
0.002764 28998
0.002768 28998
0.002772 28998
0.002776 28998
0.00278 28998
0.002784 28998
0.002788 28998
0.002792 28998
0.002796 28998
0.0028 28998
0.002804 28998
0.002808 28998
0.002812 28998
0.002816 28998
0.00282 28998
0.002824 28998
0.002828 28998
0.002832 28998
0.002836 28998
0.00284 28998
0.002844 28998
0.002848 28998
0.002852 28998
0.002856 28998
0.00286 28998
0.002864 28998
0.002868 28998
0.002872 28998
0.002876 28998
0.00288 28998
0.002884 28998
0.002888 28998
0.002892 28998
0.002896 28998
0.0029 28998
0.002904 28998
0.002908 28998
0.002912 28998
0.002916 28998
0.00292 28998
0.002924 28998
0.002928 28998
0.002932 28998
0.002936 28998
0.00294 28998
0.002944 28998
0.002948 28998
0.002952 28998
0.002956 28998
0.00296 28998
0.002964 28998
0.002968 28998
0.002972 28998
0.002976 28998
0.00298 28998
0.002984 28998
0.002988 28998
0.002992 28998
0.002996 28998
0.003 28998
0.003004 28998
0.003008 28998
0.003012 28998
0.003016 28998
0.00302 28998
0.003024 28998
0.003028 28998
0.003032 28998
0.003036 28998
0.00304 28998
0.003044 28998
0.003048 28998
0.003052 28998
0.003056 28998
0.00306 28998
0.003064 28998
0.003068 28998
0.003072 28998
0.003076 28998
0.00308 28998
0.003084 28998
0.003088 28998
0.003092 28998
0.003096 28998
0.0031 28998
0.003104 28998
0.003108 28998
0.003112 28998
0.003116 28998
0.00312 28998
0.003124 28998
0.003128 28998
0.003132 28998
0.003136 28998
0.00314 28998
0.003144 28998
0.003148 28998
0.003152 28998
0.003156 28998
0.00316 28998
0.003164 28998
0.003168 28998
0.003172 28998
0.003176 28998
0.00318 28998
0.003184 28998
0.003188 28998
0.003192 28998
0.003196 28998
0.0032 28998
0.003204 28998
0.003208 28998
0.003212 28998
0.003216 28998
0.00322 28998
0.003224 28998
0.003228 28998
0.003232 28998
0.003236 28998
0.00324 28998
0.003244 28998
0.003248 28998
0.003252 28998
0.003256 28998
0.00326 28998
0.003264 28998
0.003268 28998
0.003272 28998
0.003276 28998
0.00328 28998
0.003284 28998
0.003288 28998
0.003292 28998
0.003296 28998
0.0033 28998
0.003304 28998
0.003308 28998
0.003312 28998
0.003316 28998
0.00332 28998
0.003324 28998
0.003328 28998
0.003332 28998
0.003336 28998
0.00334 28998
0.003344 28998
0.003348 28998
0.003352 28998
0.003356 28998
0.00336 28998
0.003364 28998
0.003368 28998
0.003372 28998
0.003376 28998
0.00338 28998
0.003384 28998
0.003388 28998
0.003392 28998
0.003396 28998
0.0034 28998
0.003404 28998
0.003408 28998
0.003412 28998
0.003416 28998
0.00342 28998
0.003424 28998
0.003428 28998
0.003432 28998
0.003436 28998
0.00344 28998
0.003444 28998
0.003448 28998
0.003452 28998
0.003456 28998
0.00346 28998
0.003464 28998
0.003468 28998
0.003472 28998
0.003476 28998
0.00348 28998
0.003484 28998
0.003488 28998
0.003492 28998
0.003496 28998
0.0035 28998
0.003504 28998
0.003508 28998
0.003512 28998
0.003516 28998
0.00352 28998
0.003524 28998
0.003528 28998
0.003532 28998
0.003536 28998
0.00354 28998
0.003544 28998
0.003548 28998
0.003552 28998
0.003556 28998
0.00356 28998
0.003564 28998
0.003568 28998
0.003572 28998
0.003576 28998
0.00358 28998
0.003584 28998
0.003588 28998
0.003592 28998
0.003596 28998
0.0036 28998
0.003604 28998
0.003608 28998
0.003612 28998
0.003616 28998
0.00362 28998
0.003624 28998
0.003628 28998
0.003632 28998
0.003636 28998
0.00364 28998
0.003644 28998
0.003648 28998
0.003652 28998
0.003656 28998
0.00366 28998
0.003664 28998
0.003668 28998
0.003672 28998
0.003676 28998
0.00368 28998
0.003684 28998
0.003688 28998
0.003692 28998
0.003696 28998
0.0037 28998
0.003704 28998
0.003708 28998
0.003712 28998
0.003716 28998
0.00372 28998
0.003724 28998
0.003728 28998
0.003732 28998
0.003736 28998
0.00374 28998
0.003744 28998
0.003748 28998
0.003752 28998
0.003756 28998
0.00376 28998
0.003764 28998
0.003768 28998
0.003772 28998
0.003776 28998
0.00378 28998
0.003784 28998
0.003788 28998
0.003792 28998
0.003796 28998
0.0038 28998
0.003804 28998
0.003808 28998
0.003812 28998
0.003816 28998
0.00382 28998
0.003824 28998
0.003828 28998
0.003832 28998
0.003836 28998
0.00384 28998
0.003844 28998
0.003848 28998
0.003852 28998
0.003856 28998
0.00386 28998
0.003864 28998
0.003868 28998
0.003872 28998
0.003876 28998
0.00388 28998
0.003884 28998
0.003888 28998
0.003892 28998
0.003896 28998
0.0039 28998
0.003904 28998
0.003908 28998
0.003912 28998
0.003916 28998
0.00392 28998
0.003924 28998
0.003928 28998
0.003932 28998
0.003936 28998
0.00394 28998
0.003944 28998
0.003948 28998
0.003952 28998
0.003956 28998
0.00396 28998
0.003964 28998
0.003968 28998
0.003972 28998
0.003976 28998
0.00398 28998
0.003984 28998
0.003988 28998
0.003992 28998
0.003996 28998
0.004 28998
0.004004 28998
0.004008 28998
0.004012 28998
0.004016 28998
0.00402 28998
0.004024 28998
0.004028 28998
0.004032 28998
0.004036 28998
0.00404 28998
0.004044 28998
0.004048 28998
0.004052 28998
0.004056 28998
0.00406 28998
0.004064 28998
0.004068 28998
0.004072 28998
0.004076 28998
0.00408 28998
0.004084 28998
0.004088 28998
0.004092 28998
0.004096 28998
0.0041 28998
0.004104 28998
0.004108 28998
0.004112 28998
0.004116 28998
0.00412 28998
0.004124 28998
0.004128 28998
0.004132 28998
0.004136 28998
0.00414 28998
0.004144 28998
0.004148 28998
0.004152 28998
0.004156 28998
0.00416 28998
0.004164 28998
0.004168 28998
0.004172 28998
0.004176 28998
0.00418 28998
0.004184 28998
0.004188 28998
0.004192 28998
0.004196 28998
0.0042 28998
0.004204 28998
0.004208 28998
0.004212 28998
0.004216 28998
0.00422 28998
0.004224 28998
0.004228 28998
0.004232 28998
0.004236 28998
0.00424 28998
0.004244 28998
0.004248 28998
0.004252 28998
0.004256 28998
0.00426 28998
0.004264 28998
0.004268 28998
0.004272 28998
0.004276 28998
0.00428 28998
0.004284 28998
0.004288 28998
0.004292 28998
0.004296 28998
0.0043 28998
0.004304 28998
0.004308 28998
0.004312 28998
0.004316 28998
0.00432 28998
0.004324 28998
0.004328 28998
0.004332 28998
0.004336 28998
0.00434 28998
0.004344 28998
0.004348 28998
0.004352 28998
0.004356 28998
0.00436 28998
0.004364 28998
0.004368 28998
0.004372 28998
0.004376 28998
0.00438 28998
0.004384 28998
0.004388 28998
0.004392 28998
0.004396 28998
0.0044 28998
0.004404 28998
0.004408 28998
0.004412 28998
0.004416 28998
0.00442 28998
0.004424 28998
0.004428 28998
0.004432 28998
0.004436 28998
0.00444 28998
0.004444 28998
0.004448 28998
0.004452 28998
0.004456 28998
0.00446 28998
0.004464 28998
0.004468 28998
0.004472 28998
0.004476 28998
0.00448 28998
0.004484 28998
0.004488 28998
0.004492 28998
0.004496 28998
0.0045 28998
0.004504 28998
0.004508 28998
0.004512 28998
0.004516 28998
0.00452 28998
0.004524 28998
0.004528 28998
0.004532 28998
0.004536 28998
0.00454 28998
0.004544 28998
0.004548 28998
0.004552 28998
0.004556 28998
0.00456 28998
0.004564 28998
0.004568 28998
0.004572 28998
0.004576 28998
0.00458 28998
0.004584 28998
0.004588 28998
0.004592 28998
0.004596 28998
0.0046 28998
0.004604 28998
0.004608 28998
0.004612 28998
0.004616 28998
0.00462 28998
0.004624 28998
0.004628 28998
0.004632 28998
0.004636 28998
0.00464 28998
0.004644 28998
0.004648 28998
0.004652 28998
0.004656 28998
0.00466 28998
0.004664 28998
0.004668 28998
0.004672 28998
0.004676 28998
0.00468 28998
0.004684 28998
0.004688 28998
0.004692 28998
0.004696 28998
0.0047 28998
0.004704 28998
0.004708 28998
0.004712 28998
0.004716 28998
0.00472 28998
0.004724 28998
0.004728 28998
0.004732 28998
0.004736 28998
0.00474 28998
0.004744 28998
0.004748 28998
0.004752 28998
0.004756 28998
0.00476 28998
0.004764 28998
0.004768 28998
0.004772 28998
0.004776 28998
0.00478 28998
0.004784 28998
0.004788 28998
0.004792 28998
0.004796 28998
0.0048 28998
0.004804 28998
0.004808 28998
0.004812 28998
0.004816 28998
0.00482 28998
0.004824 28998
0.004828 28998
0.004832 28998
0.004836 28998
0.00484 28998
0.004844 28998
0.004848 28998
0.004852 28998
0.004856 28998
0.00486 28998
0.004864 28998
0.004868 28998
0.004872 28998
0.004876 28998
0.00488 28998
0.004884 28998
0.004888 28998
0.004892 28998
0.004896 28998
0.0049 28998
0.004904 28998
0.004908 28998
0.004912 28998
0.004916 28998
0.00492 28998
0.004924 28998
0.004928 28998
0.004932 28998
0.004936 28998
0.00494 28998
0.004944 28998
0.004948 28998
0.004952 28998
0.004956 28998
0.00496 28998
0.004964 28998
0.004968 28998
0.004972 28998
0.004976 28998
0.00498 28998
0.004984 28998
0.004988 28998
0.004992 28998
0.004996 28998
0.005 28998
0.005004 28998
0.005008 28998
0.005012 28998
0.005016 28998
0.00502 28998
0.005024 28998
0.005028 28998
0.005032 28998
0.005036 28998
0.00504 28998
0.005044 28998
0.005048 28998
0.005052 28998
0.005056 28998
0.00506 28998
0.005064 28998
0.005068 28998
0.005072 28998
0.005076 28998
0.00508 28998
0.005084 28998
0.005088 28998
0.005092 28998
0.005096 28998
0.0051 28998
0.005104 28998
0.005108 28998
0.005112 28998
0.005116 28998
0.00512 28998
0.005124 28998
0.005128 28998
0.005132 28998
0.005136 28998
0.00514 28998
0.005144 28998
0.005148 28998
0.005152 28998
0.005156 28998
0.00516 28998
0.005164 28998
0.005168 28998
0.005172 28998
0.005176 28998
0.00518 28998
0.005184 28998
0.005188 28998
0.005192 28998
0.005196 28998
0.0052 28998
0.005204 28998
0.005208 28998
0.005212 28998
0.005216 28998
0.00522 28998
0.005224 28998
0.005228 28998
0.005232 28998
0.005236 28998
0.00524 28998
0.005244 28998
0.005248 28998
0.005252 28998
0.005256 28998
0.00526 28998
0.005264 28998
0.005268 28998
0.005272 28998
0.005276 28998
0.00528 28998
0.005284 28998
0.005288 28998
0.005292 28998
0.005296 28998
0.0053 28998
0.005304 28998
0.005308 28998
0.005312 28998
0.005316 28998
0.00532 28998
0.005324 28998
0.005328 28998
0.005332 28998
0.005336 28998
0.00534 28998
0.005344 28998
0.005348 28998
0.005352 28998
0.005356 28998
0.00536 28998
0.005364 28998
0.005368 28998
0.005372 28998
0.005376 28998
0.00538 28998
0.005384 28998
0.005388 28998
0.005392 28998
0.005396 28998
0.0054 28998
0.005404 28998
0.005408 28998
0.005412 28998
0.005416 28998
0.00542 28998
0.005424 28998
0.005428 28998
0.005432 28998
0.005436 28998
0.00544 28998
0.005444 28998
0.005448 28998
0.005452 28998
0.005456 28998
0.00546 28998
0.005464 28998
0.005468 28998
0.005472 28998
0.005476 28998
0.00548 28998
0.005484 28998
0.005488 28998
0.005492 28998
0.005496 28998
0.0055 28998
0.005504 28998
0.005508 28998
0.005512 28998
0.005516 28998
0.00552 28998
0.005524 28998
0.005528 28998
0.005532 28998
0.005536 28998
0.00554 28998
0.005544 28998
0.005548 28998
0.005552 28998
0.005556 28998
0.00556 28998
0.005564 28998
0.005568 28998
0.005572 28998
0.005576 28998
0.00558 28998
0.005584 28998
0.005588 28998
0.005592 28998
0.005596 28998
0.0056 28998
0.005604 28998
0.005608 28998
0.005612 28998
0.005616 28998
0.00562 28998
0.005624 28998
0.005628 28998
0.005632 28998
0.005636 28998
0.00564 28998
0.005644 28998
0.005648 28998
0.005652 28998
0.005656 28998
0.00566 28998
0.005664 28998
0.005668 28998
0.005672 28998
0.005676 28998
0.00568 28998
0.005684 28998
0.005688 28998
0.005692 28998
0.005696 28998
0.0057 28998
0.005704 28998
0.005708 28998
0.005712 28998
0.005716 28998
0.00572 28998
0.005724 28998
0.005728 28998
0.005732 28998
0.005736 28998
0.00574 28998
0.005744 28998
0.005748 28998
0.005752 28998
0.005756 28998
0.00576 28998
0.005764 28998
0.005768 28998
0.005772 28998
0.005776 28998
0.00578 28998
0.005784 28998
0.005788 28998
0.005792 28998
0.005796 28998
0.0058 28998
0.005804 28998
0.005808 28998
0.005812 28998
0.005816 28998
0.00582 28998
0.005824 28998
0.005828 28998
0.005832 28998
0.005836 28998
0.00584 28998
0.005844 28998
0.005848 28998
0.005852 28998
0.005856 28998
0.00586 28998
0.005864 28998
0.005868 28998
0.005872 28998
0.005876 28998
0.00588 28998
0.005884 28998
0.005888 28998
0.005892 28998
0.005896 28998
0.0059 28998
0.005904 28998
0.005908 28998
0.005912 28998
0.005916 28998
0.00592 28998
0.005924 28998
0.005928 28998
0.005932 28998
0.005936 28998
0.00594 28998
0.005944 28998
0.005948 28998
0.005952 28998
0.005956 28998
0.00596 28998
0.005964 28998
0.005968 28998
0.005972 28998
0.005976 28998
0.00598 28998
0.005984 28998
0.005988 28998
0.005992 28998
0.005996 28998
0.006 28998
0.006004 28998
0.006008 28998
0.006012 28998
0.006016 28998
0.00602 28998
0.006024 28998
0.006028 28998
0.006032 28998
0.006036 28998
0.00604 28998
0.006044 28998
0.006048 28998
0.006052 28998
0.006056 28998
0.00606 28998
0.006064 28998
0.006068 28998
0.006072 28998
0.006076 28998
0.00608 28998
0.006084 28998
0.006088 28998
0.006092 28998
0.006096 28998
0.0061 28998
0.006104 28998
0.006108 28998
0.006112 28998
0.006116 28998
0.00612 28998
0.006124 28998
0.006128 28998
0.006132 28998
0.006136 28998
0.00614 28998
0.006144 28998
0.006148 28998
0.006152 28998
0.006156 28998
0.00616 28998
0.006164 28998
0.006168 28998
0.006172 28998
0.006176 28998
0.00618 28998
0.006184 28998
0.006188 28998
0.006192 28998
0.006196 28998
0.0062 28998
0.006204 28998
0.006208 28998
0.006212 28998
0.006216 28998
0.00622 28998
0.006224 28998
0.006228 28998
0.006232 28998
0.006236 28998
0.00624 28998
0.006244 28998
0.006248 28998
0.006252 28998
0.006256 28998
0.00626 28998
0.006264 28998
0.006268 28998
0.006272 28998
0.006276 28998
0.00628 28998
0.006284 28998
0.006288 28998
0.006292 28998
0.006296 28998
0.0063 28998
0.006304 28998
0.006308 28998
0.006312 28998
0.006316 28998
0.00632 28998
0.006324 28998
0.006328 28998
0.006332 28998
0.006336 28998
0.00634 28998
0.006344 28998
0.006348 28998
0.006352 28998
0.006356 28998
0.00636 28998
0.006364 28998
0.006368 28998
0.006372 28998
0.006376 28998
0.00638 28998
0.006384 28998
0.006388 28998
0.006392 28998
0.006396 28998
0.0064 28998
0.006404 28998
0.006408 28998
0.006412 28998
0.006416 28998
0.00642 28998
0.006424 28998
0.006428 28998
0.006432 28998
0.006436 28998
0.00644 28998
0.006444 28998
0.006448 28998
0.006452 28998
0.006456 28998
0.00646 28998
0.006464 28998
0.006468 28998
0.006472 28998
0.006476 28998
0.00648 28998
0.006484 28998
0.006488 28998
0.006492 28998
0.006496 28998
0.0065 28998
0.006504 28998
0.006508 28998
0.006512 28998
0.006516 28998
0.00652 28998
0.006524 28998
0.006528 28998
0.006532 28998
0.006536 28998
0.00654 28998
0.006544 28998
0.006548 28998
0.006552 28998
0.006556 28998
0.00656 28998
0.006564 28998
0.006568 28998
0.006572 28998
0.006576 28998
0.00658 28998
0.006584 28998
0.006588 28998
0.006592 28998
0.006596 28998
0.0066 28998
0.006604 28998
0.006608 28998
0.006612 28998
0.006616 28998
0.00662 28998
0.006624 28998
0.006628 28998
0.006632 28998
0.006636 28998
0.00664 28998
0.006644 28998
0.006648 28998
0.006652 28998
0.006656 28998
0.00666 28998
0.006664 28998
0.006668 28998
0.006672 28998
0.006676 28998
0.00668 28998
0.006684 28998
0.006688 28998
0.006692 28998
0.006696 28998
0.0067 28998
0.006704 28998
0.006708 28998
0.006712 28998
0.006716 28998
0.00672 28998
0.006724 28998
0.006728 28998
0.006732 28998
0.006736 28998
0.00674 28998
0.006744 28998
0.006748 28998
0.006752 28998
0.006756 28998
0.00676 28998
0.006764 28998
0.006768 28998
0.006772 28998
0.006776 28998
0.00678 28998
0.006784 28998
0.006788 28998
0.006792 28998
0.006796 28998
0.0068 28998
0.006804 28998
0.006808 28998
0.006812 28998
0.006816 28998
0.00682 28998
0.006824 28998
0.006828 28998
0.006832 28998
0.006836 28998
0.00684 28998
0.006844 28998
0.006848 28998
0.006852 28998
0.006856 28998
0.00686 28998
0.006864 28998
0.006868 28998
0.006872 28998
0.006876 28998
0.00688 28998
0.006884 28998
0.006888 28998
0.006892 28998
0.006896 28998
0.0069 28998
0.006904 28998
0.006908 28998
0.006912 28998
0.006916 28998
0.00692 28998
0.006924 28998
0.006928 28998
0.006932 28998
0.006936 28998
0.00694 28998
0.006944 28998
0.006948 28998
0.006952 28998
0.006956 28998
0.00696 28998
0.006964 28998
0.006968 28998
0.006972 28998
0.006976 28998
0.00698 28998
0.006984 28998
0.006988 28998
0.006992 28998
0.006996 28998
0.007 28998
0.007004 28998
0.007008 28998
0.007012 28998
0.007016 28998
0.00702 28998
0.007024 28998
0.007028 28998
0.007032 28998
0.007036 28998
0.00704 28998
0.007044 28998
0.007048 28998
0.007052 28998
0.007056 28998
0.00706 28998
0.007064 28998
0.007068 28998
0.007072 28998
0.007076 28998
0.00708 28998
0.007084 28998
0.007088 28998
0.007092 28998
0.007096 28998
0.0071 28998
0.007104 28998
0.007108 28998
0.007112 28998
0.007116 28998
0.00712 28998
0.007124 28998
0.007128 28998
0.007132 28998
0.007136 28998
0.00714 28998
0.007144 28998
0.007148 28998
0.007152 28998
0.007156 28998
0.00716 28998
0.007164 28998
0.007168 28998
0.007172 28998
0.007176 28998
0.00718 28998
0.007184 28998
0.007188 28998
0.007192 28998
0.007196 28998
0.0072 28998
0.007204 28998
0.007208 28998
0.007212 28998
0.007216 28998
0.00722 28998
0.007224 28998
0.007228 28998
0.007232 28998
0.007236 28998
0.00724 28998
0.007244 28998
0.007248 28998
0.007252 28998
0.007256 28998
0.00726 28998
0.007264 28998
0.007268 28998
0.007272 28998
0.007276 28998
0.00728 28998
0.007284 28998
0.007288 28998
0.007292 28998
0.007296 28998
0.0073 28998
0.007304 28998
0.007308 28998
0.007312 28998
0.007316 28998
0.00732 28998
0.007324 28998
0.007328 28998
0.007332 28998
0.007336 28998
0.00734 28998
0.007344 28998
0.007348 28998
0.007352 28998
0.007356 28998
0.00736 28998
0.007364 28998
0.007368 28998
0.007372 28998
0.007376 28998
0.00738 28998
0.007384 28998
0.007388 28998
0.007392 28998
0.007396 28998
0.0074 28998
0.007404 28998
0.007408 28998
0.007412 28998
0.007416 28998
0.00742 28998
0.007424 28998
0.007428 28998
0.007432 28998
0.007436 28998
0.00744 28998
0.007444 28998
0.007448 28998
0.007452 28998
0.007456 28998
0.00746 28998
0.007464 28998
0.007468 28998
0.007472 28998
0.007476 28998
0.00748 28998
0.007484 28998
0.007488 28998
0.007492 28998
0.007496 28998
0.0075 28998
0.007504 28998
0.007508 28998
0.007512 28998
0.007516 28998
0.00752 28998
0.007524 28998
0.007528 28998
0.007532 28998
0.007536 28998
0.00754 28998
0.007544 28998
0.007548 28998
0.007552 28998
0.007556 28998
0.00756 28998
0.007564 28998
0.007568 28998
0.007572 28998
0.007576 28998
0.00758 28998
0.007584 28998
0.007588 28998
0.007592 28998
0.007596 28998
0.0076 28998
0.007604 28998
0.007608 28998
0.007612 28998
0.007616 28998
0.00762 28998
0.007624 28998
0.007628 28998
0.007632 28998
0.007636 28998
0.00764 28998
0.007644 28998
0.007648 28998
0.007652 28998
0.007656 28998
0.00766 28998
0.007664 28998
0.007668 28998
0.007672 28998
0.007676 28998
0.00768 28998
0.007684 28998
0.007688 28998
0.007692 28998
0.007696 28998
0.0077 28998
0.007704 28998
0.007708 28998
0.007712 28998
0.007716 28998
0.00772 28998
0.007724 28998
0.007728 28998
0.007732 28998
0.007736 28998
0.00774 28998
0.007744 28998
0.007748 28998
0.007752 28998
0.007756 28998
0.00776 28998
0.007764 28998
0.007768 28998
0.007772 28998
0.007776 28998
0.00778 28998
0.007784 28998
0.007788 28998
0.007792 28998
0.007796 28998
0.0078 28998
0.007804 28998
0.007808 28998
0.007812 28998
0.007816 28998
0.00782 28998
0.007824 28998
0.007828 28998
0.007832 28998
0.007836 28998
0.00784 28998
0.007844 28998
0.007848 28998
0.007852 28998
0.007856 28998
0.00786 28998
0.007864 28998
0.007868 28998
0.007872 28998
0.007876 28998
0.00788 28998
0.007884 28998
0.007888 28998
0.007892 28998
0.007896 28998
0.0079 28998
0.007904 28998
0.007908 28998
0.007912 28998
0.007916 28998
0.00792 28998
0.007924 28998
0.007928 28998
0.007932 28998
0.007936 28998
0.00794 28998
0.007944 28998
0.007948 28998
0.007952 28998
0.007956 28998
0.00796 28998
0.007964 28998
0.007968 28998
0.007972 28998
0.007976 28998
0.00798 28998
0.007984 28998
0.007988 28998
0.007992 28998
0.007996 28998
0.008 28998
0.008004 28998
0.008008 28998
0.008012 28998
0.008016 28998
0.00802 28998
0.008024 28998
0.008028 28998
0.008032 28998
0.008036 28998
0.00804 28998
0.008044 28998
0.008048 28998
0.008052 28998
0.008056 28998
0.00806 28998
0.008064 28998
0.008068 28998
0.008072 28998
0.008076 28998
0.00808 28998
0.008084 28998
0.008088 28998
0.008092 28998
0.008096 28998
0.0081 28998
0.008104 28998
0.008108 28998
0.008112 28998
0.008116 28998
0.00812 28998
0.008124 28998
0.008128 28998
0.008132 28998
0.008136 28998
0.00814 28998
0.008144 28998
0.008148 28998
0.008152 28998
0.008156 28998
0.00816 28998
0.008164 28998
0.008168 28998
0.008172 28998
0.008176 28998
0.00818 28998
0.008184 28998
0.008188 28998
0.008192 28998
0.008196 28998
0.0082 28998
0.008204 28998
0.008208 28998
0.008212 28998
0.008216 28998
0.00822 28998
0.008224 28998
0.008228 28998
0.008232 28998
0.008236 28998
0.00824 28998
0.008244 28998
0.008248 28998
0.008252 28998
0.008256 28998
0.00826 28998
0.008264 28998
0.008268 28998
0.008272 28998
0.008276 28998
0.00828 28998
0.008284 28998
0.008288 28998
0.008292 28998
0.008296 28998
0.0083 28998
0.008304 28998
0.008308 28998
0.008312 28998
0.008316 28998
0.00832 28998
0.008324 28998
0.008328 28998
0.008332 28998
0.008336 28998
0.00834 28998
0.008344 28998
0.008348 28998
0.008352 28998
0.008356 28998
0.00836 28998
0.008364 28998
0.008368 28998
0.008372 28998
0.008376 28998
0.00838 28998
0.008384 28998
0.008388 28998
0.008392 28998
0.008396 28998
0.0084 28998
0.008404 28998
0.008408 28998
0.008412 28998
0.008416 28998
0.00842 28998
0.008424 28998
0.008428 28998
0.008432 28998
0.008436 28998
0.00844 28998
0.008444 28998
0.008448 28998
0.008452 28998
0.008456 28998
0.00846 28998
0.008464 28998
0.008468 28998
0.008472 28998
0.008476 28998
0.00848 28998
0.008484 28998
0.008488 28998
0.008492 28998
0.008496 28998
0.0085 28998
0.008504 28998
0.008508 28998
0.008512 28998
0.008516 28998
0.00852 28998
0.008524 28998
0.008528 28998
0.008532 28998
0.008536 28998
0.00854 28998
0.008544 28998
0.008548 28998
0.008552 28998
0.008556 28998
0.00856 28998
0.008564 28998
0.008568 28998
0.008572 28998
0.008576 28998
0.00858 28998
0.008584 28998
0.008588 28998
0.008592 28998
0.008596 28998
0.0086 28998
0.008604 28998
0.008608 28998
0.008612 28998
0.008616 28998
0.00862 28998
0.008624 28998
0.008628 28998
0.008632 28998
0.008636 28998
0.00864 28998
0.008644 28998
0.008648 28998
0.008652 28998
0.008656 28998
0.00866 28998
0.008664 28998
0.008668 28998
0.008672 28998
0.008676 28998
0.00868 28998
0.008684 28998
0.008688 28998
0.008692 28998
0.008696 28998
0.0087 28998
0.008704 28998
0.008708 28998
0.008712 28998
0.008716 28998
0.00872 28998
0.008724 28998
0.008728 28998
0.008732 28998
0.008736 28998
0.00874 28998
0.008744 28998
0.008748 28998
0.008752 28998
0.008756 28998
0.00876 28998
0.008764 28998
0.008768 28998
0.008772 28998
0.008776 28998
0.00878 28998
0.008784 28998
0.008788 28998
0.008792 28998
0.008796 28998
0.0088 28998
0.008804 28998
0.008808 28998
0.008812 28998
0.008816 28998
0.00882 28998
0.008824 28998
0.008828 28998
0.008832 28998
0.008836 28998
0.00884 28998
0.008844 28998
0.008848 28998
0.008852 28998
0.008856 28998
0.00886 28998
0.008864 28998
0.008868 28998
0.008872 28998
0.008876 28998
0.00888 28998
0.008884 28998
0.008888 28998
0.008892 28998
0.008896 28998
0.0089 28998
0.008904 28998
0.008908 28998
0.008912 28998
0.008916 28998
0.00892 28998
0.008924 28998
0.008928 28998
0.008932 28998
0.008936 28998
0.00894 28998
0.008944 28998
0.008948 28998
0.008952 28998
0.008956 28998
0.00896 28998
0.008964 28998
0.008968 28998
0.008972 28998
0.008976 28998
0.00898 28998
0.008984 28998
0.008988 28998
0.008992 28998
0.008996 28998
0.009 28998
0.009004 28998
0.009008 28998
0.009012 28998
0.009016 28998
0.00902 28998
0.009024 28998
0.009028 28998
0.009032 28998
0.009036 28998
0.00904 28998
0.009044 28998
0.009048 28998
0.009052 28998
0.009056 28998
0.00906 28998
0.009064 28998
0.009068 28998
0.009072 28998
0.009076 28998
0.00908 28998
0.009084 28998
0.009088 28998
0.009092 28998
0.009096 28998
0.0091 28998
0.009104 28998
0.009108 28998
0.009112 28998
0.009116 28998
0.00912 28998
0.009124 28998
0.009128 28998
0.009132 28998
0.009136 28998
0.00914 28998
0.009144 28998
0.009148 28998
0.009152 28998
0.009156 28998
0.00916 28998
0.009164 28998
0.009168 28998
0.009172 28998
0.009176 28998
0.00918 28998
0.009184 28998
0.009188 28998
0.009192 28998
0.009196 28998
0.0092 28998
0.009204 28998
0.009208 28998
0.009212 28998
0.009216 28998
0.00922 28998
0.009224 28998
0.009228 28998
0.009232 28998
0.009236 28998
0.00924 28998
0.009244 28998
0.009248 28998
0.009252 28998
0.009256 28998
0.00926 28998
0.009264 28998
0.009268 28998
0.009272 28998
0.009276 28998
0.00928 28998
0.009284 28998
0.009288 28998
0.009292 28998
0.009296 28998
0.0093 28998
0.009304 28998
0.009308 28998
0.009312 28998
0.009316 28998
0.00932 28998
0.009324 28998
0.009328 28998
0.009332 28998
0.009336 28998
0.00934 28998
0.009344 28998
0.009348 28998
0.009352 28998
0.009356 28998
0.00936 28998
0.009364 28998
0.009368 28998
0.009372 28998
0.009376 28998
0.00938 28998
0.009384 28998
0.009388 28998
0.009392 28998
0.009396 28998
0.0094 28998
0.009404 28998
0.009408 28998
0.009412 28998
0.009416 28998
0.00942 28998
0.009424 28998
0.009428 28998
0.009432 28998
0.009436 28998
0.00944 28998
0.009444 28998
0.009448 28998
0.009452 28998
0.009456 28998
0.00946 28998
0.009464 28998
0.009468 28998
0.009472 28998
0.009476 28998
0.00948 28998
0.009484 28998
0.009488 28998
0.009492 28998
0.009496 28998
0.0095 28998
0.009504 28998
0.009508 28998
0.009512 28998
0.009516 28998
0.00952 28998
0.009524 28998
0.009528 28998
0.009532 28998
0.009536 28998
0.00954 28998
0.009544 28998
0.009548 28998
0.009552 28998
0.009556 28998
0.00956 28998
0.009564 28998
0.009568 28998
0.009572 28998
0.009576 28998
0.00958 28998
0.009584 28998
0.009588 28998
0.009592 28998
0.009596 28998
0.0096 28998
0.009604 28998
0.009608 28998
0.009612 28998
0.009616 28998
0.00962 28998
0.009624 28998
0.009628 28998
0.009632 28998
0.009636 28998
0.00964 28998
0.009644 28998
0.009648 28998
0.009652 28998
0.009656 28998
0.00966 28998
0.009664 28998
0.009668 28998
0.009672 28998
0.009676 28998
0.00968 28998
0.009684 28998
0.009688 28998
0.009692 28998
0.009696 28998
0.0097 28998
0.009704 28998
0.009708 28998
0.009712 28998
0.009716 28998
0.00972 28998
0.009724 28998
0.009728 28998
0.009732 28998
0.009736 28998
0.00974 28998
0.009744 28998
0.009748 28998
0.009752 28998
0.009756 28998
0.00976 28998
0.009764 28998
0.009768 28998
0.009772 28998
0.009776 28998
0.00978 28998
0.009784 28998
0.009788 28998
0.009792 28998
0.009796 28998
0.0098 28998
0.009804 28998
0.009808 28998
0.009812 28998
0.009816 28998
0.00982 28998
0.009824 28998
0.009828 28998
0.009832 28998
0.009836 28998
0.00984 28998
0.009844 28998
0.009848 28998
0.009852 28998
0.009856 28998
0.00986 28998
0.009864 28998
0.009868 28998
0.009872 28998
0.009876 28998
0.00988 28998
0.009884 28998
0.009888 28998
0.009892 28998
0.009896 28998
0.0099 28998
0.009904 28998
0.009908 28998
0.009912 28998
0.009916 28998
0.00992 28998
0.009924 28998
0.009928 28998
0.009932 28998
0.009936 28998
0.00994 28998
0.009944 28998
0.009948 28998
0.009952 28998
0.009956 28998
0.00996 28998
0.009964 28998
0.009968 28998
0.009972 28998
0.009976 28998
0.00998 28998
0.009984 28998
0.009988 28998
0.009992 28998
0.009996 28998
0.01 28998
0.010004 28998
0.010008 28998
0.010012 28998
0.010016 28998
0.01002 28998
0.010024 28998
0.010028 28998
0.010032 28998
0.010036 28998
0.01004 28998
0.010044 28998
0.010048 28998
0.010052 28998
0.010056 28998
0.01006 28998
0.010064 28998
0.010068 28998
0.010072 28998
0.010076 28998
0.01008 28998
0.010084 28998
0.010088 28998
0.010092 28998
0.010096 28998
0.0101 28998
0.010104 28998
0.010108 28998
0.010112 28998
0.010116 28998
0.01012 28998
0.010124 28998
0.010128 28998
0.010132 28998
0.010136 28998
0.01014 28998
0.010144 28998
0.010148 28998
0.010152 28998
0.010156 28998
0.01016 28998
0.010164 28998
0.010168 28998
0.010172 28998
0.010176 28998
0.01018 28998
0.010184 28998
0.010188 28998
0.010192 28998
0.010196 28998
0.0102 28998
0.010204 28998
0.010208 28998
0.010212 28998
0.010216 28998
0.01022 28998
0.010224 28998
0.010228 28998
0.010232 28998
0.010236 28998
0.01024 28998
0.010244 28998
0.010248 28998
0.010252 28998
0.010256 28998
0.01026 28998
0.010264 28998
0.010268 28998
0.010272 28998
0.010276 28998
0.01028 28998
0.010284 28998
0.010288 28998
0.010292 28998
0.010296 28998
0.0103 28998
0.010304 28998
0.010308 28998
0.010312 28998
0.010316 28998
0.01032 28998
0.010324 28998
0.010328 28998
0.010332 28998
0.010336 28998
0.01034 28998
0.010344 28998
0.010348 28998
0.010352 28998
0.010356 28998
0.01036 28998
0.010364 28998
0.010368 28998
0.010372 28998
0.010376 28998
0.01038 28998
0.010384 28998
0.010388 28998
0.010392 28998
0.010396 28998
0.0104 28998
0.010404 28998
0.010408 28998
0.010412 28998
0.010416 28998
0.01042 28998
0.010424 28998
0.010428 28998
0.010432 28998
0.010436 28998
0.01044 28998
0.010444 28998
0.010448 28998
0.010452 28998
0.010456 28998
0.01046 28998
0.010464 28998
0.010468 28998
0.010472 28998
0.010476 28998
0.01048 28998
0.010484 28998
0.010488 28998
0.010492 28998
0.010496 28998
0.0105 28998
0.010504 28998
0.010508 28998
0.010512 28998
0.010516 28998
0.01052 28998
0.010524 28998
0.010528 28998
0.010532 28998
0.010536 28998
0.01054 28998
0.010544 28998
0.010548 28998
0.010552 28998
0.010556 28998
0.01056 28998
0.010564 28998
0.010568 28998
0.010572 28998
0.010576 28998
0.01058 28998
0.010584 28998
0.010588 28998
0.010592 28998
0.010596 28998
0.0106 28998
0.010604 28998
0.010608 28998
0.010612 28998
0.010616 28998
0.01062 28998
0.010624 28998
0.010628 28998
0.010632 28998
0.010636 28998
0.01064 28998
0.010644 28998
0.010648 28998
0.010652 28998
0.010656 28998
0.01066 28998
0.010664 28998
0.010668 28998
0.010672 28998
0.010676 28998
0.01068 28998
0.010684 28998
0.010688 28998
0.010692 28998
0.010696 28998
0.0107 28998
0.010704 28998
0.010708 28998
0.010712 28998
0.010716 28998
0.01072 28998
0.010724 28998
0.010728 28998
0.010732 28998
0.010736 28998
0.01074 28998
0.010744 28998
0.010748 28998
0.010752 28998
0.010756 28998
0.01076 28998
0.010764 28998
0.010768 28998
0.010772 28998
0.010776 28998
0.01078 28998
0.010784 28998
0.010788 28998
0.010792 28998
0.010796 28998
0.0108 28998
0.010804 28998
0.010808 28998
0.010812 28998
0.010816 28998
0.01082 28998
0.010824 28998
0.010828 28998
0.010832 28998
0.010836 28998
0.01084 28998
0.010844 28998
0.010848 28998
0.010852 28998
0.010856 28998
0.01086 28998
0.010864 28998
0.010868 28998
0.010872 28998
0.010876 28998
0.01088 28998
0.010884 28998
0.010888 28998
0.010892 28998
0.010896 28998
0.0109 28998
0.010904 28998
0.010908 28998
0.010912 28998
0.010916 28998
0.01092 28998
0.010924 28998
0.010928 28998
0.010932 28998
0.010936 28998
0.01094 28998
0.010944 28998
0.010948 28998
0.010952 28998
0.010956 28998
0.01096 28998
0.010964 28998
0.010968 28998
0.010972 28998
0.010976 28998
0.01098 28998
0.010984 28998
0.010988 28998
0.010992 28998
0.010996 28998
0.011 28998
0.011004 28998
0.011008 28998
0.011012 28998
0.011016 28998
0.01102 28998
0.011024 28998
0.011028 28998
0.011032 28998
0.011036 28998
0.01104 28998
0.011044 28998
0.011048 28998
0.011052 28998
0.011056 28998
0.01106 28998
0.011064 28998
0.011068 28998
0.011072 28998
0.011076 28998
0.01108 28998
0.011084 28998
0.011088 28998
0.011092 28998
0.011096 28998
0.0111 28998
0.011104 28998
0.011108 28998
0.011112 28998
0.011116 28998
0.01112 28998
0.011124 28998
0.011128 28998
0.011132 28998
0.011136 28998
0.01114 28998
0.011144 28998
0.011148 28998
0.011152 28998
0.011156 28998
0.01116 28998
0.011164 28998
0.011168 28998
0.011172 28998
0.011176 28998
0.01118 28998
0.011184 28998
0.011188 28998
0.011192 28998
0.011196 28998
0.0112 28998
0.011204 28998
0.011208 28998
0.011212 28998
0.011216 28998
0.01122 28998
0.011224 28998
0.011228 28998
0.011232 28998
0.011236 28998
0.01124 28998
0.011244 28998
0.011248 28998
0.011252 28998
0.011256 28998
0.01126 28998
0.011264 28998
0.011268 28998
0.011272 28998
0.011276 28998
0.01128 28998
0.011284 28998
0.011288 28998
0.011292 28998
0.011296 28998
0.0113 28998
0.011304 28998
0.011308 28998
0.011312 28998
0.011316 28998
0.01132 28998
0.011324 28998
0.011328 28998
0.011332 28998
0.011336 28998
0.01134 28998
0.011344 28998
0.011348 28998
0.011352 28998
0.011356 28998
0.01136 28998
0.011364 28998
0.011368 28998
0.011372 28998
0.011376 28998
0.01138 28998
0.011384 28998
0.011388 28998
0.011392 28998
0.011396 28998
0.0114 28998
0.011404 28998
0.011408 28998
0.011412 28998
0.011416 28998
0.01142 28998
0.011424 28998
0.011428 28998
0.011432 28998
0.011436 28998
0.01144 28998
0.011444 28998
0.011448 28998
0.011452 28998
0.011456 28998
0.01146 28998
0.011464 28998
0.011468 28998
0.011472 28998
0.011476 28998
0.01148 28998
0.011484 28998
0.011488 28998
0.011492 28998
0.011496 28998
0.0115 28998
0.011504 28998
0.011508 28998
0.011512 28998
0.011516 28998
0.01152 28998
0.011524 28998
0.011528 28998
0.011532 28998
0.011536 28998
0.01154 28998
0.011544 28998
0.011548 28998
0.011552 28998
0.011556 28998
0.01156 28998
0.011564 28998
0.011568 28998
0.011572 28998
0.011576 28998
0.01158 28998
0.011584 28998
0.011588 28998
0.011592 28998
0.011596 28998
0.0116 28998
0.011604 28998
0.011608 28998
0.011612 28998
0.011616 28998
0.01162 28998
0.011624 28998
0.011628 28998
0.011632 28998
0.011636 28998
0.01164 28998
0.011644 28998
0.011648 28998
0.011652 28998
0.011656 28998
0.01166 28998
0.011664 28998
0.011668 28998
0.011672 28998
0.011676 28998
0.01168 28998
0.011684 28998
0.011688 28998
0.011692 28998
0.011696 28998
0.0117 28998
0.011704 28998
0.011708 28998
0.011712 28998
0.011716 28998
0.01172 28998
0.011724 28998
0.011728 28998
0.011732 28998
0.011736 28998
0.01174 28998
0.011744 28998
0.011748 28998
0.011752 28998
0.011756 28998
0.01176 28998
0.011764 28998
0.011768 28998
0.011772 28998
0.011776 28998
0.01178 28998
0.011784 28998
0.011788 28998
0.011792 28998
0.011796 28998
0.0118 28998
0.011804 28998
0.011808 28998
0.011812 28998
0.011816 28998
0.01182 28998
0.011824 28998
0.011828 28998
0.011832 28998
0.011836 28998
0.01184 28998
0.011844 28998
0.011848 28998
0.011852 28998
0.011856 28998
0.01186 28998
0.011864 28998
0.011868 28998
0.011872 28998
0.011876 28998
0.01188 28998
0.011884 28998
0.011888 28998
0.011892 28998
0.011896 28998
0.0119 28998
0.011904 28998
0.011908 28998
0.011912 28998
0.011916 28998
0.01192 28998
0.011924 28998
0.011928 28998
0.011932 28998
0.011936 28998
0.01194 28998
0.011944 28998
0.011948 28998
0.011952 28998
0.011956 28998
0.01196 28998
0.011964 28998
0.011968 28998
0.011972 28998
0.011976 28998
0.01198 28998
0.011984 28998
0.011988 28998
0.011992 28998
0.011996 28998
0.012 28998
0.012004 28998
0.012008 28998
0.012012 28998
0.012016 28998
0.01202 28998
0.012024 28998
0.012028 28998
0.012032 28998
0.012036 28998
0.01204 28998
0.012044 28998
0.012048 28998
0.012052 28998
0.012056 28998
0.01206 28998
0.012064 28998
0.012068 28998
0.012072 28998
0.012076 28998
0.01208 28998
0.012084 28998
0.012088 28998
0.012092 28998
0.012096 28998
0.0121 28998
0.012104 28998
0.012108 28998
0.012112 28998
0.012116 28998
0.01212 28998
0.012124 28998
0.012128 28998
0.012132 28998
0.012136 28998
0.01214 28998
0.012144 28998
0.012148 28998
0.012152 28998
0.012156 28998
0.01216 28998
0.012164 28998
0.012168 28998
0.012172 28998
0.012176 28998
0.01218 28998
0.012184 28998
0.012188 28998
0.012192 28998
0.012196 28998
0.0122 28998
0.012204 28998
0.012208 28998
0.012212 28998
0.012216 28998
0.01222 28998
0.012224 28998
0.012228 28998
0.012232 28998
0.012236 28998
0.01224 28998
0.012244 28998
0.012248 28998
0.012252 28998
0.012256 28998
0.01226 28998
0.012264 28998
0.012268 28998
0.012272 28998
0.012276 28998
0.01228 28998
0.012284 28998
0.012288 28998
0.012292 28998
0.012296 28998
0.0123 28998
0.012304 28998
0.012308 28998
0.012312 28998
0.012316 28998
0.01232 28998
0.012324 28998
0.012328 28998
0.012332 28998
0.012336 28998
0.01234 28998
0.012344 28998
0.012348 28998
0.012352 28998
0.012356 28998
0.01236 28998
0.012364 28998
0.012368 28998
0.012372 28998
0.012376 28998
0.01238 28998
0.012384 28998
0.012388 28998
0.012392 28998
0.012396 28998
0.0124 28998
0.012404 28998
0.012408 28998
0.012412 28998
0.012416 28998
0.01242 28998
0.012424 28998
0.012428 28998
0.012432 28998
0.012436 28998
0.01244 28998
0.012444 28998
0.012448 28998
0.012452 28998
0.012456 28998
0.01246 28998
0.012464 28998
0.012468 28998
0.012472 28998
0.012476 28998
0.01248 28998
0.012484 28998
0.012488 28998
0.012492 28998
0.012496 28998
0.0125 28998
0.012504 28998
0.012508 28998
0.012512 28998
0.012516 28998
0.01252 28998
0.012524 28998
0.012528 28998
0.012532 28998
0.012536 28998
0.01254 28998
0.012544 28998
0.012548 28998
0.012552 28998
0.012556 28998
0.01256 28998
0.012564 28998
0.012568 28998
0.012572 28998
0.012576 28998
0.01258 28998
0.012584 28998
0.012588 28998
0.012592 28998
0.012596 28998
0.0126 28998
0.012604 28998
0.012608 28998
0.012612 28998
0.012616 28998
0.01262 28998
0.012624 28998
0.012628 28998
0.012632 28998
0.012636 28998
0.01264 28998
0.012644 28998
0.012648 28998
0.012652 28998
0.012656 28998
0.01266 28998
0.012664 28998
0.012668 28998
0.012672 28998
0.012676 28998
0.01268 28998
0.012684 28998
0.012688 28998
0.012692 28998
0.012696 28998
0.0127 28998
0.012704 28998
0.012708 28998
0.012712 28998
0.012716 28998
0.01272 28998
0.012724 28998
0.012728 28998
0.012732 28998
0.012736 28998
0.01274 28998
0.012744 28998
0.012748 28998
0.012752 28998
0.012756 28998
0.01276 28998
0.012764 28998
0.012768 28998
0.012772 28998
0.012776 28998
0.01278 28998
0.012784 28998
0.012788 28998
0.012792 28998
0.012796 28998
0.0128 28998
0.012804 28998
0.012808 28998
0.012812 28998
0.012816 28998
0.01282 28998
0.012824 28998
0.012828 28998
0.012832 28998
0.012836 28998
0.01284 28998
0.012844 28998
0.012848 28998
0.012852 28998
0.012856 28998
0.01286 28998
0.012864 28998
0.012868 28998
0.012872 28998
0.012876 28998
0.01288 28998
0.012884 28998
0.012888 28998
0.012892 28998
0.012896 28998
0.0129 28998
0.012904 28998
0.012908 28998
0.012912 28998
0.012916 28998
0.01292 28998
0.012924 28998
0.012928 28998
0.012932 28998
0.012936 28998
0.01294 28998
0.012944 28998
0.012948 28998
0.012952 28998
0.012956 28998
0.01296 28998
0.012964 28998
0.012968 28998
0.012972 28998
0.012976 28998
0.01298 28998
0.012984 28998
0.012988 28998
0.012992 28998
0.012996 28998
0.013 28998
0.013004 28998
0.013008 28998
0.013012 28998
0.013016 28998
0.01302 28998
0.013024 28998
0.013028 28998
0.013032 28998
0.013036 28998
0.01304 28998
0.013044 28998
0.013048 28998
0.013052 28998
0.013056 28998
0.01306 28998
0.013064 28998
0.013068 28998
0.013072 28998
0.013076 28998
0.01308 28998
0.013084 28998
0.013088 28998
0.013092 28998
0.013096 28998
0.0131 28998
0.013104 28998
0.013108 28998
0.013112 28998
0.013116 28998
0.01312 28998
0.013124 28998
0.013128 28998
0.013132 28998
0.013136 28998
0.01314 28998
0.013144 28998
0.013148 28998
0.013152 28998
0.013156 28998
0.01316 28998
0.013164 28998
0.013168 28998
0.013172 28998
0.013176 28998
0.01318 28998
0.013184 28998
0.013188 28998
0.013192 28998
0.013196 28998
0.0132 28998
0.013204 28998
0.013208 28998
0.013212 28998
0.013216 28998
0.01322 28998
0.013224 28998
0.013228 28998
0.013232 28998
0.013236 28998
0.01324 28998
0.013244 28998
0.013248 28998
0.013252 28998
0.013256 28998
0.01326 28998
0.013264 28998
0.013268 28998
0.013272 28998
0.013276 28998
0.01328 28998
0.013284 28998
0.013288 28998
0.013292 28998
0.013296 28998
0.0133 28998
0.013304 28998
0.013308 28998
0.013312 28998
0.013316 28998
0.01332 28998
0.013324 28998
0.013328 28998
0.013332 28998
0.013336 28998
0.01334 28998
0.013344 28998
0.013348 28998
0.013352 28998
0.013356 28998
0.01336 28998
0.013364 28998
0.013368 28998
0.013372 28998
0.013376 28998
0.01338 28998
0.013384 28998
0.013388 28998
0.013392 28998
0.013396 28998
0.0134 28998
0.013404 28998
0.013408 28998
0.013412 28998
0.013416 28998
0.01342 28998
0.013424 28998
0.013428 28998
0.013432 28998
0.013436 28998
0.01344 28998
0.013444 28998
0.013448 28998
0.013452 28998
0.013456 28998
0.01346 28998
0.013464 28998
0.013468 28998
0.013472 28998
0.013476 28998
0.01348 28998
0.013484 28998
0.013488 28998
0.013492 28998
0.013496 28998
0.0135 28998
0.013504 28998
0.013508 28998
0.013512 28998
0.013516 28998
0.01352 28998
0.013524 28998
0.013528 28998
0.013532 28998
0.013536 28998
0.01354 28998
0.013544 28998
0.013548 28998
0.013552 28998
0.013556 28998
0.01356 28998
0.013564 28998
0.013568 28998
0.013572 28998
0.013576 28998
0.01358 28998
0.013584 28998
0.013588 28998
0.013592 28998
0.013596 28998
0.0136 28998
0.013604 28998
0.013608 28998
0.013612 28998
0.013616 28998
0.01362 28998
0.013624 28998
0.013628 28998
0.013632 28998
0.013636 28998
0.01364 28998
0.013644 28998
0.013648 28998
0.013652 28998
0.013656 28998
0.01366 28998
0.013664 28998
0.013668 28998
0.013672 28998
0.013676 28998
0.01368 28998
0.013684 28998
0.013688 28998
0.013692 28998
0.013696 28998
0.0137 28998
0.013704 28998
0.013708 28998
0.013712 28998
0.013716 28998
0.01372 28998
0.013724 28998
0.013728 28998
0.013732 28998
0.013736 28998
0.01374 28998
0.013744 28998
0.013748 28998
0.013752 28998
0.013756 28998
0.01376 28998
0.013764 28998
0.013768 28998
0.013772 28998
0.013776 28998
0.01378 28998
0.013784 28998
0.013788 28998
0.013792 28998
0.013796 28998
0.0138 28998
0.013804 28998
0.013808 28998
0.013812 28998
0.013816 28998
0.01382 28998
0.013824 28998
0.013828 28998
0.013832 28998
0.013836 28998
0.01384 28998
0.013844 28998
0.013848 28998
0.013852 28998
0.013856 28998
0.01386 28998
0.013864 28998
0.013868 28998
0.013872 28998
0.013876 28998
0.01388 28998
0.013884 28998
0.013888 28998
0.013892 28998
0.013896 28998
0.0139 28998
0.013904 28998
0.013908 28998
0.013912 28998
0.013916 28998
0.01392 28998
0.013924 28998
0.013928 28998
0.013932 28998
0.013936 28998
0.01394 28998
0.013944 28998
0.013948 28998
0.013952 28998
0.013956 28998
0.01396 28998
0.013964 28998
0.013968 28998
0.013972 28998
0.013976 28998
0.01398 28998
0.013984 28998
0.013988 28998
0.013992 28998
0.013996 28998
0.014 28998
1 28998
