3.7692e-06 8280
7.5385e-06 8280
1.1308e-05 8280
1.5077e-05 8280
1.8846e-05 8280
2.2615e-05 8280
2.6385e-05 8280
3.0154e-05 8280
3.3923e-05 8280
3.7692e-05 8280
4.1462e-05 8280
4.5231e-05 8280
4.9e-05 8280
5.2769e-05 8280
5.6538e-05 8280
6.0308e-05 8280
6.4077e-05 8280
6.7846e-05 8280
7.1615e-05 8280
7.5385e-05 8280
7.9154e-05 8280
8.2923e-05 8280
8.6692e-05 8280
9.0462e-05 8280
9.4231e-05 8280
9.8e-05 8280
0.00010177 8280
0.00010554 8280
0.00010931 8280
0.00011308 8280
0.00011685 8280
0.00012062 8280
0.00012438 8280
0.00012815 8280
0.00013192 8280
0.00013569 8280
0.00013946 8280
0.00014323 8280
0.000147 8280
0.00015077 8280
0.00015454 8280
0.00015831 8280
0.00016208 8280
0.00016585 8280
0.00016962 8280
0.00017338 8280
0.00017715 8280
0.00018092 8280
0.00018469 8280
0.00018846 8280
0.00019223 8280
0.000196 8280
0.00019977 8280
0.00020354 8280
0.00020731 8280
0.00021108 8280
0.00021485 8280
0.00021862 8280
0.00022238 8280
0.00022615 8280
0.00022992 8280
0.00023369 8280
0.00023746 8280
0.00024123 8280
0.000245 8280
0.00024877 8280
0.00025254 8280
0.00025631 8280
0.00026008 8280
0.00026385 8280
0.00026762 8280
0.00027138 8280
0.00027515 8280
0.00027892 8280
0.00028269 8280
0.00028646 8280
0.00029023 8280
0.000294 8280
0.00029777 8280
0.00030154 8280
0.00030531 8280
0.00030908 8280
0.00031285 8280
0.00031662 8280
0.00032038 8280
0.00032415 8280
0.00032792 8280
0.00033169 8280
0.00033546 8280
0.00033923 8280
0.000343 8280
0.00034677 8280
0.00035054 8280
0.00035431 8280
0.00035808 8280
0.00036185 8280
0.00036562 8280
0.00036938 8280
0.00037315 8280
0.00037692 8280
0.00038069 8280
0.00038446 8280
0.00038823 8280
0.000392 8280
0.00039577 8280
0.00039954 8280
0.00040331 8280
0.00040708 8280
0.00041085 8280
0.00041462 8280
0.00041838 8280
0.00042215 8280
0.00042592 8280
0.00042969 8280
0.00043346 8280
0.00043723 8280
0.000441 8280
0.00044477 8280
0.00044854 8280
0.00045231 8280
0.00045608 8280
0.00045985 8280
0.00046362 8280
0.00046738 8280
0.00047115 8280
0.00047492 8280
0.00047869 8280
0.00048246 8280
0.00048623 8280
0.00049 8280
0.00049377 8280
0.00049754 8280
0.00050131 8280
0.00050508 8280
0.00050885 8280
0.00051262 8280
0.00051638 8280
0.00052015 8280
0.00052392 8280
0.00052769 8280
0.00053146 8280
0.00053523 8280
0.000539 8280
0.00054277 8280
0.00054654 8280
0.00055031 8280
0.00055408 8280
0.00055785 8280
0.00056162 8280
0.00056538 8280
0.00056915 8280
0.00057292 8280
0.00057669 8280
0.00058046 8280
0.00058423 8280
0.000588 8280
0.00059177 8280
0.00059554 8280
0.00059931 8280
0.00060308 8280
0.00060685 8280
0.00061062 8280
0.00061438 8280
0.00061815 8280
0.00062192 8280
0.00062569 8280
0.00062946 8280
0.00063323 8280
0.000637 8280
0.00064077 8280
0.00064454 8280
0.00064831 8280
0.00065208 8280
0.00065585 8280
0.00065962 8280
0.00066338 8280
0.00066715 8280
0.00067092 8280
0.00067469 8280
0.00067846 8280
0.00068223 8280
0.000686 8280
0.00068977 8280
0.00069354 8280
0.00069731 8280
0.00070108 8280
0.00070485 8280
0.00070862 8280
0.00071238 8280
0.00071615 8280
0.00071992 8280
0.00072369 8280
0.00072746 8280
0.00073123 8280
0.000735 8280
0.00073877 8280
0.00074254 8280
0.00074631 8280
0.00075008 8280
0.00075385 8280
0.00075762 8280
0.00076138 8280
0.00076515 8280
0.00076892 8280
0.00077269 8280
0.00077646 8280
0.00078023 8280
0.000784 8280
0.00078777 8280
0.00079154 8280
0.00079531 8280
0.00079908 8280
0.00080285 8280
0.00080662 8280
0.00081038 8280
0.00081415 8280
0.00081792 8280
0.00082169 8280
0.00082546 8280
0.00082923 8280
0.000833 8280
0.00083677 8280
0.00084054 8280
0.00084431 8280
0.00084808 8280
0.00085185 8280
0.00085562 8280
0.00085938 8280
0.00086315 8280
0.00086692 8280
0.00087069 8280
0.00087446 8280
0.00087823 8280
0.000882 8280
0.00088577 8280
0.00088954 8280
0.00089331 8280
0.00089708 8280
0.00090085 8280
0.00090462 8280
0.00090838 8280
0.00091215 8280
0.00091592 8280
0.00091969 8280
0.00092346 8280
0.00092723 8280
0.000931 8280
0.00093477 8280
0.00093854 8280
0.00094231 8280
0.00094608 8280
0.00094985 8280
0.00095362 8280
0.00095738 8280
0.00096115 8280
0.00096492 8280
0.00096869 8280
0.00097246 8280
0.00097623 8280
0.00098 8280
0.00098377 8280
0.00098754 8280
0.00099131 8280
0.00099508 8280
0.00099885 8280
0.0010026 8280
0.0010064 8280
0.0010102 8280
0.0010139 8280
0.0010177 8280
0.0010215 8280
0.0010252 8280
0.001029 8280
0.0010328 8280
0.0010365 8280
0.0010403 8280
0.0010441 8280
0.0010478 8280
0.0010516 8280
0.0010554 8280
0.0010592 8280
0.0010629 8280
0.0010667 8280
0.0010705 8280
0.0010742 8280
0.001078 8280
0.0010818 8280
0.0010855 8280
0.0010893 8280
0.0010931 8280
0.0010968 8280
0.0011006 8280
0.0011044 8280
0.0011082 8280
0.0011119 8280
0.0011157 8280
0.0011195 8280
0.0011232 8280
0.001127 8280
0.0011308 8280
0.0011345 8280
0.0011383 8280
0.0011421 8280
0.0011458 8280
0.0011496 8280
0.0011534 8280
0.0011572 8280
0.0011609 8280
0.0011647 8280
0.0011685 8280
0.0011722 8280
0.001176 8280
0.0011798 8280
0.0011835 8280
0.0011873 8280
0.0011911 8280
0.0011948 8280
0.0011986 8280
0.0012024 8280
0.0012062 8280
0.0012099 8280
0.0012137 8280
0.0012175 8280
0.0012212 8280
0.001225 8280
0.0012288 8280
0.0012325 8280
0.0012363 8280
0.0012401 8280
0.0012438 8280
0.0012476 8280
0.0012514 8280
0.0012552 8280
0.0012589 8280
0.0012627 8280
0.0012665 8280
0.0012702 8280
0.001274 8280
0.0012778 8280
0.0012815 8280
0.0012853 8280
0.0012891 8280
0.0012928 8280
0.0012966 8280
0.0013004 8280
0.0013042 8280
0.0013079 8280
0.0013117 8280
0.0013155 8280
0.0013192 8280
0.001323 8280
0.0013268 8280
0.0013305 8280
0.0013343 8280
0.0013381 8280
0.0013418 8280
0.0013456 8280
0.0013494 8280
0.0013532 8280
0.0013569 8280
0.0013607 8280
0.0013645 8280
0.0013682 8280
0.001372 8280
0.0013758 8280
0.0013795 8280
0.0013833 8280
0.0013871 8280
0.0013908 8280
0.0013946 8280
0.0013984 8280
0.0014022 8280
0.0014059 8280
0.0014097 8280
0.0014135 8280
0.0014172 8280
0.001421 8280
0.0014248 8280
0.0014285 8280
0.0014323 8280
0.0014361 8280
0.0014398 8280
0.0014436 8280
0.0014474 8280
0.0014512 8280
0.0014549 8280
0.0014587 8280
0.0014625 8280
0.0014662 8280
0.00147 8280
0.0014738 8280
0.0014775 8280
0.0014813 8280
0.0014851 8280
0.0014888 8280
0.0014926 8280
0.0014964 8280
0.0015002 8280
0.0015039 8280
0.0015077 8280
0.0015115 8280
0.0015152 8280
0.001519 8280
0.0015228 8280
0.0015265 8280
0.0015303 8280
0.0015341 8280
0.0015378 8280
0.0015416 8280
0.0015454 8280
0.0015492 8280
0.0015529 8280
0.0015567 8280
0.0015605 8280
0.0015642 8280
0.001568 8280
0.0015718 8280
0.0015755 8280
0.0015793 8280
0.0015831 8280
0.0015868 8280
0.0015906 8280
0.0015944 8280
0.0015982 8280
0.0016019 8280
0.0016057 8280
0.0016095 8280
0.0016132 8280
0.001617 8280
0.0016208 8280
0.0016245 8280
0.0016283 8280
0.0016321 8280
0.0016358 8280
0.0016396 8280
0.0016434 8280
0.0016472 8280
0.0016509 8280
0.0016547 8280
0.0016585 8280
0.0016622 8280
0.001666 8280
0.0016698 8280
0.0016735 8280
0.0016773 8280
0.0016811 8280
0.0016848 8280
0.0016886 8280
0.0016924 8280
0.0016962 8280
0.0016999 8280
0.0017037 8280
0.0017075 8280
0.0017112 8280
0.001715 8280
0.0017188 8280
0.0017225 8280
0.0017263 8280
0.0017301 8280
0.0017338 8280
0.0017376 8280
0.0017414 8280
0.0017452 8280
0.0017489 8280
0.0017527 8280
0.0017565 8280
0.0017602 8280
0.001764 8280
0.0017678 8280
0.0017715 8280
0.0017753 8280
0.0017791 8280
0.0017828 8280
0.0017866 8280
0.0017904 8280
0.0017942 8280
0.0017979 8280
0.0018017 8280
0.0018055 8280
0.0018092 8280
0.001813 8280
0.0018168 8280
0.0018205 8280
0.0018243 8280
0.0018281 8280
0.0018318 8280
0.0018356 8280
0.0018394 8280
0.0018432 8280
0.0018469 8280
0.0018507 8280
0.0018545 8280
0.0018582 8280
0.001862 8280
0.0018658 8280
0.0018695 8280
0.0018733 8280
0.0018771 8280
0.0018808 8280
0.0018846 8280
0.0018884 8280
0.0018922 8280
0.0018959 8280
0.0018997 8280
0.0019035 8280
0.0019072 8280
0.001911 8280
0.0019148 8280
0.0019185 8280
0.0019223 8280
0.0019261 8280
0.0019298 8280
0.0019336 8280
0.0019374 8280
0.0019412 8280
0.0019449 8280
0.0019487 8280
0.0019525 8280
0.0019562 8280
0.00196 8280
0.0019638 8280
0.0019675 8280
0.0019713 8280
0.0019751 8280
0.0019788 8280
0.0019826 8280
0.0019864 8280
0.0019902 8280
0.0019939 8280
0.0019977 8280
0.0020015 8280
0.0020052 8280
0.002009 8280
0.0020128 8280
0.0020165 8280
0.0020203 8280
0.0020241 8280
0.0020278 8280
0.0020316 8280
0.0020354 8280
0.0020392 8280
0.0020429 8280
0.0020467 8280
0.0020505 8280
0.0020542 8280
0.002058 8280
0.0020618 8280
0.0020655 8280
0.0020693 8280
0.0020731 8280
0.0020768 8280
0.0020806 8280
0.0020844 8280
0.0020882 8280
0.0020919 8280
0.0020957 8280
0.0020995 8280
0.0021032 8280
0.002107 8280
0.0021108 8280
0.0021145 8280
0.0021183 8280
0.0021221 8280
0.0021258 8280
0.0021296 8280
0.0021334 8280
0.0021372 8280
0.0021409 8280
0.0021447 8280
0.0021485 8280
0.0021522 8280
0.002156 8280
0.0021598 8280
0.0021635 8280
0.0021673 8280
0.0021711 8280
0.0021748 8280
0.0021786 8280
0.0021824 8280
0.0021862 8280
0.0021899 8280
0.0021937 8280
0.0021975 8280
0.0022012 8280
0.002205 8280
0.0022088 8280
0.0022125 8280
0.0022163 8280
0.0022201 8280
0.0022238 8280
0.0022276 8280
0.0022314 8280
0.0022352 8280
0.0022389 8280
0.0022427 8280
0.0022465 8280
0.0022502 8280
0.002254 8280
0.0022578 8280
0.0022615 8280
0.0022653 8280
0.0022691 8280
0.0022728 8280
0.0022766 8280
0.0022804 8280
0.0022842 8280
0.0022879 8280
0.0022917 8280
0.0022955 8280
0.0022992 8280
0.002303 8280
0.0023068 8280
0.0023105 8280
0.0023143 8280
0.0023181 8280
0.0023218 8280
0.0023256 8280
0.0023294 8280
0.0023332 8280
0.0023369 8280
0.0023407 8280
0.0023445 8280
0.0023482 8280
0.002352 8280
0.0023558 8280
0.0023595 8280
0.0023633 8280
0.0023671 8280
0.0023708 8280
0.0023746 8280
0.0023784 8280
0.0023822 8280
0.0023859 8280
0.0023897 8280
0.0023935 8280
0.0023972 8280
0.002401 8280
0.0024048 8280
0.0024085 8280
0.0024123 8280
0.0024161 8280
0.0024198 8280
0.0024236 8280
0.0024274 8280
0.0024312 8280
0.0024349 8280
0.0024387 8280
0.0024425 8280
0.0024462 8280
0.00245 8280
0.0024538 8280
0.0024575 8280
0.0024613 8280
0.0024651 8280
0.0024688 8280
0.0024726 8280
0.0024764 8280
0.0024802 8280
0.0024839 8280
0.0024877 8280
0.0024915 8280
0.0024952 8280
0.002499 8280
0.0025028 8280
0.0025065 8280
0.0025103 8280
0.0025141 8280
0.0025178 8280
0.0025216 8280
0.0025254 8280
0.0025292 8280
0.0025329 8280
0.0025367 8280
0.0025405 8280
0.0025442 8280
0.002548 8280
0.0025518 8280
0.0025555 8280
0.0025593 8280
0.0025631 8280
0.0025668 8280
0.0025706 8280
0.0025744 8280
0.0025782 8280
0.0025819 8280
0.0025857 8280
0.0025895 8280
0.0025932 8280
0.002597 8280
0.0026008 8280
0.0026045 8280
0.0026083 8280
0.0026121 8280
0.0026158 8280
0.0026196 8280
0.0026234 8280
0.0026272 8280
0.0026309 8280
0.0026347 8280
0.0026385 8280
0.0026422 8280
0.002646 8280
0.0026498 8280
0.0026535 8280
0.0026573 8280
0.0026611 8280
0.0026648 8280
0.0026686 8280
0.0026724 8280
0.0026762 8280
0.0026799 8280
0.0026837 8280
0.0026875 8280
0.0026912 8280
0.002695 8280
0.0026988 8280
0.0027025 8280
0.0027063 8280
0.0027101 8280
0.0027138 8280
0.0027176 8280
0.0027214 8280
0.0027252 8280
0.0027289 8280
0.0027327 8280
0.0027365 8280
0.0027402 8280
0.002744 8280
0.0027478 8280
0.0027515 8280
0.0027553 8280
0.0027591 8280
0.0027628 8280
0.0027666 8280
0.0027704 8280
0.0027742 8280
0.0027779 8280
0.0027817 8280
0.0027855 8280
0.0027892 8280
0.002793 8280
0.0027968 8280
0.0028005 8280
0.0028043 8280
0.0028081 8280
0.0028118 8280
0.0028156 8280
0.0028194 8280
0.0028232 8280
0.0028269 8280
0.0028307 8280
0.0028345 8280
0.0028382 8280
0.002842 8280
0.0028458 8280
0.0028495 8280
0.0028533 8280
0.0028571 8280
0.0028608 8280
0.0028646 8280
0.0028684 8280
0.0028722 8280
0.0028759 8280
0.0028797 8280
0.0028835 8280
0.0028872 8280
0.002891 8280
0.0028948 8280
0.0028985 8280
0.0029023 8280
0.0029061 8280
0.0029098 8280
0.0029136 8280
0.0029174 8280
0.0029212 8280
0.0029249 8280
0.0029287 8280
0.0029325 8280
0.0029362 8280
0.00294 8280
0.0029438 8280
0.0029475 8280
0.0029513 8280
0.0029551 8280
0.0029588 8280
0.0029626 8280
0.0029664 8280
0.0029702 8280
0.0029739 8280
0.0029777 8280
0.0029815 8280
0.0029852 8280
0.002989 8280
0.0029928 8280
0.0029965 8280
0.0030003 8280
0.0030041 8280
0.0030078 8280
0.0030116 8280
0.0030154 8280
0.0030192 8280
0.0030229 8280
0.0030267 8280
0.0030305 8280
0.0030342 8280
0.003038 8280
0.0030418 8280
0.0030455 8280
0.0030493 8280
0.0030531 8280
0.0030568 8280
0.0030606 8280
0.0030644 8280
0.0030682 8280
0.0030719 8280
0.0030757 8280
0.0030795 8280
0.0030832 8280
0.003087 8280
0.0030908 8280
0.0030945 8280
0.0030983 8280
0.0031021 8280
0.0031058 8280
0.0031096 8280
0.0031134 8280
0.0031172 8280
0.0031209 8280
0.0031247 8280
0.0031285 8280
0.0031322 8280
0.003136 8280
0.0031398 8280
0.0031435 8280
0.0031473 8280
0.0031511 8280
0.0031548 8280
0.0031586 8280
0.0031624 8280
0.0031662 8280
0.0031699 8280
0.0031737 8280
0.0031775 8280
0.0031812 8280
0.003185 8280
0.0031888 8280
0.0031925 8280
0.0031963 8280
0.0032001 8280
0.0032038 8280
0.0032076 8280
0.0032114 8280
0.0032152 8280
0.0032189 8280
0.0032227 8280
0.0032265 8280
0.0032302 8280
0.003234 8280
0.0032378 8280
0.0032415 8280
0.0032453 8280
0.0032491 8280
0.0032528 8280
0.0032566 8280
0.0032604 8280
0.0032642 8280
0.0032679 8280
0.0032717 8280
0.0032755 8280
0.0032792 8280
0.003283 8280
0.0032868 8280
0.0032905 8280
0.0032943 8280
0.0032981 8280
0.0033018 8280
0.0033056 8280
0.0033094 8280
0.0033132 8280
0.0033169 8280
0.0033207 8280
0.0033245 8280
0.0033282 8280
0.003332 8280
0.0033358 8280
0.0033395 8280
0.0033433 8280
0.0033471 8280
0.0033508 8280
0.0033546 8280
0.0033584 8280
0.0033622 8280
0.0033659 8280
0.0033697 8280
0.0033735 8280
0.0033772 8280
0.003381 8280
0.0033848 8280
0.0033885 8280
0.0033923 8280
0.0033961 8280
0.0033998 8280
0.0034036 8280
0.0034074 8280
0.0034112 8280
0.0034149 8280
0.0034187 8280
0.0034225 8280
0.0034262 8280
0.00343 8280
0.0034338 8280
0.0034375 8280
0.0034413 8280
0.0034451 8280
0.0034488 8280
0.0034526 8280
0.0034564 8280
0.0034602 8280
0.0034639 8280
0.0034677 8280
0.0034715 8280
0.0034752 8280
0.003479 8280
0.0034828 8280
0.0034865 8280
0.0034903 8280
0.0034941 8280
0.0034978 8280
0.0035016 8280
0.0035054 8280
0.0035092 8280
0.0035129 8280
0.0035167 8280
0.0035205 8280
0.0035242 8280
0.003528 8280
0.0035318 8280
0.0035355 8280
0.0035393 8280
0.0035431 8280
0.0035468 8280
0.0035506 8280
0.0035544 8280
0.0035582 8280
0.0035619 8280
0.0035657 8280
0.0035695 8280
0.0035732 8280
0.003577 8280
0.0035808 8280
0.0035845 8280
0.0035883 8280
0.0035921 8280
0.0035958 8280
0.0035996 8280
0.0036034 8280
0.0036072 8280
0.0036109 8280
0.0036147 8280
0.0036185 8280
0.0036222 8280
0.003626 8280
0.0036298 8280
0.0036335 8280
0.0036373 8280
0.0036411 8280
0.0036448 8280
0.0036486 8280
0.0036524 8280
0.0036562 8280
0.0036599 8280
0.0036637 8280
0.0036675 8280
0.0036712 8280
0.003675 8280
0.0036788 8280
0.0036825 8280
0.0036863 8280
0.0036901 8280
0.0036938 8280
0.0036976 8280
0.0037014 8280
0.0037052 8280
0.0037089 8280
0.0037127 8280
0.0037165 8280
0.0037202 8280
0.003724 8280
0.0037278 8280
0.0037315 8280
0.0037353 8280
0.0037391 8280
0.0037428 8280
0.0037466 8280
0.0037504 8280
0.0037542 8280
0.0037579 8280
0.0037617 8280
0.0037655 8280
0.0037692 8280
0.003773 8280
0.0037768 8280
0.0037805 8280
0.0037843 8280
0.0037881 8280
0.0037918 8280
0.0037956 8280
0.0037994 8280
0.0038032 8280
0.0038069 8280
0.0038107 8280
0.0038145 8280
0.0038182 8280
0.003822 8280
0.0038258 8280
0.0038295 8280
0.0038333 8280
0.0038371 8280
0.0038408 8280
0.0038446 8280
0.0038484 8280
0.0038522 8280
0.0038559 8280
0.0038597 8280
0.0038635 8280
0.0038672 8280
0.003871 8280
0.0038748 8280
0.0038785 8280
0.0038823 8280
0.0038861 8280
0.0038898 8280
0.0038936 8280
0.0038974 8280
0.0039012 8280
0.0039049 8280
0.0039087 8280
0.0039125 8280
0.0039162 8280
0.00392 8280
0.0039238 8280
0.0039275 8280
0.0039313 8280
0.0039351 8280
0.0039388 8280
0.0039426 8280
0.0039464 8280
0.0039502 8280
0.0039539 8280
0.0039577 8280
0.0039615 8280
0.0039652 8280
0.003969 8280
0.0039728 8280
0.0039765 8280
0.0039803 8280
0.0039841 8280
0.0039878 8280
0.0039916 8280
0.0039954 8280
0.0039992 8280
0.0040029 8280
0.0040067 8280
0.0040105 8280
0.0040142 8280
0.004018 8280
0.0040218 8280
0.0040255 8280
0.0040293 8280
0.0040331 8280
0.0040368 8280
0.0040406 8280
0.0040444 8280
0.0040482 8280
0.0040519 8280
0.0040557 8280
0.0040595 8280
0.0040632 8280
0.004067 8280
0.0040708 8280
0.0040745 8280
0.0040783 8280
0.0040821 8280
0.0040858 8280
0.0040896 8280
0.0040934 8280
0.0040972 8280
0.0041009 8280
0.0041047 8280
0.0041085 8280
0.0041122 8280
0.004116 8280
0.0041198 8280
0.0041235 8280
0.0041273 8280
0.0041311 8280
0.0041348 8280
0.0041386 8280
0.0041424 8280
0.0041462 8280
0.0041499 8280
0.0041537 8280
0.0041575 8280
0.0041612 8280
0.004165 8280
0.0041688 8280
0.0041725 8280
0.0041763 8280
0.0041801 8280
0.0041838 8280
0.0041876 8280
0.0041914 8280
0.0041952 8280
0.0041989 8280
0.0042027 8280
0.0042065 8280
0.0042102 8280
0.004214 8280
0.0042178 8280
0.0042215 8280
0.0042253 8280
0.0042291 8280
0.0042328 8280
0.0042366 8280
0.0042404 8280
0.0042442 8280
0.0042479 8280
0.0042517 8280
0.0042555 8280
0.0042592 8280
0.004263 8280
0.0042668 8280
0.0042705 8280
0.0042743 8280
0.0042781 8280
0.0042818 8280
0.0042856 8280
0.0042894 8280
0.0042932 8280
0.0042969 8280
0.0043007 8280
0.0043045 8280
0.0043082 8280
0.004312 8280
0.0043158 8280
0.0043195 8280
0.0043233 8280
0.0043271 8280
0.0043308 8280
0.0043346 8280
0.0043384 8280
0.0043422 8280
0.0043459 8280
0.0043497 8280
0.0043535 8280
0.0043572 8280
0.004361 8280
0.0043648 8280
0.0043685 8280
0.0043723 8280
0.0043761 8280
0.0043798 8280
0.0043836 8280
0.0043874 8280
0.0043912 8280
0.0043949 8280
0.0043987 8280
0.0044025 8280
0.0044062 8280
0.00441 8280
0.0044138 8280
0.0044175 8280
0.0044213 8280
0.0044251 8280
0.0044288 8280
0.0044326 8280
0.0044364 8280
0.0044402 8280
0.0044439 8280
0.0044477 8280
0.0044515 8280
0.0044552 8280
0.004459 8280
0.0044628 8280
0.0044665 8280
0.0044703 8280
0.0044741 8280
0.0044778 8280
0.0044816 8280
0.0044854 8280
0.0044892 8280
0.0044929 8280
0.0044967 8280
0.0045005 8280
0.0045042 8280
0.004508 8280
0.0045118 8280
0.0045155 8280
0.0045193 8280
0.0045231 8280
0.0045268 8280
0.0045306 8280
0.0045344 8280
0.0045382 8280
0.0045419 8280
0.0045457 8280
0.0045495 8280
0.0045532 8280
0.004557 8280
0.0045608 8280
0.0045645 8280
0.0045683 8280
0.0045721 8280
0.0045758 8280
0.0045796 8280
0.0045834 8280
0.0045872 8280
0.0045909 8280
0.0045947 8280
0.0045985 8280
0.0046022 8280
0.004606 8280
0.0046098 8280
0.0046135 8280
0.0046173 8280
0.0046211 8280
0.0046248 8280
0.0046286 8280
0.0046324 8280
0.0046362 8280
0.0046399 8280
0.0046437 8280
0.0046475 8280
0.0046512 8280
0.004655 8280
0.0046588 8280
0.0046625 8280
0.0046663 8280
0.0046701 8280
0.0046738 8280
0.0046776 8280
0.0046814 8280
0.0046852 8280
0.0046889 8280
0.0046927 8280
0.0046965 8280
0.0047002 8280
0.004704 8280
0.0047078 8280
0.0047115 8280
0.0047153 8280
0.0047191 8280
0.0047228 8280
0.0047266 8280
0.0047304 8280
0.0047342 8280
0.0047379 8280
0.0047417 8280
0.0047455 8280
0.0047492 8280
0.004753 8280
0.0047568 8280
0.0047605 8280
0.0047643 8280
0.0047681 8280
0.0047718 8280
0.0047756 8280
0.0047794 8280
0.0047832 8280
0.0047869 8280
0.0047907 8280
0.0047945 8280
0.0047982 8280
0.004802 8280
0.0048058 8280
0.0048095 8280
0.0048133 8280
0.0048171 8280
0.0048208 8280
0.0048246 8280
0.0048284 8280
0.0048322 8280
0.0048359 8280
0.0048397 8280
0.0048435 8280
0.0048472 8280
0.004851 8280
0.0048548 8280
0.0048585 8280
0.0048623 8280
0.0048661 8280
0.0048698 8280
0.0048736 8280
0.0048774 8280
0.0048812 8280
0.0048849 8280
0.0048887 8280
0.0048925 8280
0.0048962 8280
0.0049 8280
0.0049038 8280
0.0049075 8280
0.0049113 8280
0.0049151 8280
0.0049188 8280
0.0049226 8280
0.0049264 8280
0.0049302 8280
0.0049339 8280
0.0049377 8280
0.0049415 8280
0.0049452 8280
0.004949 8280
0.0049528 8280
0.0049565 8280
0.0049603 8280
0.0049641 8280
0.0049678 8280
0.0049716 8280
0.0049754 8280
0.0049792 8280
0.0049829 8280
0.0049867 8280
0.0049905 8280
0.0049942 8280
0.004998 8280
0.0050018 8280
0.0050055 8280
0.0050093 8280
0.0050131 8280
0.0050168 8280
0.0050206 8280
0.0050244 8280
0.0050282 8280
0.0050319 8280
0.0050357 8280
0.0050395 8280
0.0050432 8280
0.005047 8280
0.0050508 8280
0.0050545 8280
0.0050583 8280
0.0050621 8280
0.0050658 8280
0.0050696 8280
0.0050734 8280
0.0050772 8280
0.0050809 8280
0.0050847 8280
0.0050885 8280
0.0050922 8280
0.005096 8280
0.0050998 8280
0.0051035 8280
0.0051073 8280
0.0051111 8280
0.0051148 8280
0.0051186 8280
0.0051224 8280
0.0051262 8280
0.0051299 8280
0.0051337 8280
0.0051375 8280
0.0051412 8280
0.005145 8280
0.0051488 8280
0.0051525 8280
0.0051563 8280
0.0051601 8280
0.0051638 8280
0.0051676 8280
0.0051714 8280
0.0051752 8280
0.0051789 8280
0.0051827 8280
0.0051865 8280
0.0051902 8280
0.005194 8280
0.0051978 8280
0.0052015 8280
0.0052053 8280
0.0052091 8280
0.0052128 8280
0.0052166 8280
0.0052204 8280
0.0052242 8280
0.0052279 8280
0.0052317 8280
0.0052355 8280
0.0052392 8280
0.005243 8280
0.0052468 8280
0.0052505 8280
0.0052543 8280
0.0052581 8280
0.0052618 8280
0.0052656 8280
0.0052694 8280
0.0052732 8280
0.0052769 8280
0.0052807 8280
0.0052845 8280
0.0052882 8280
0.005292 8280
0.0052958 8280
0.0052995 8280
0.0053033 8280
0.0053071 8280
0.0053108 8280
0.0053146 8280
0.0053184 8280
0.0053222 8280
0.0053259 8280
0.0053297 8280
0.0053335 8280
0.0053372 8280
0.005341 8280
0.0053448 8280
0.0053485 8280
0.0053523 8280
0.0053561 8280
0.0053598 8280
0.0053636 8280
0.0053674 8280
0.0053712 8280
0.0053749 8280
0.0053787 8280
0.0053825 8280
0.0053862 8280
0.00539 8280
0.0053938 8280
0.0053975 8280
0.0054013 8280
0.0054051 8280
0.0054088 8280
0.0054126 8280
0.0054164 8280
0.0054202 8280
0.0054239 8280
0.0054277 8280
0.0054315 8280
0.0054352 8280
0.005439 8280
0.0054428 8280
0.0054465 8280
0.0054503 8280
0.0054541 8280
0.0054578 8280
0.0054616 8280
0.0054654 8280
0.0054692 8280
0.0054729 8280
0.0054767 8280
0.0054805 8280
0.0054842 8280
0.005488 8280
0.0054918 8280
0.0054955 8280
0.0054993 8280
0.0055031 8280
0.0055068 8280
0.0055106 8280
0.0055144 8280
0.0055182 8280
0.0055219 8280
0.0055257 8280
0.0055295 8280
0.0055332 8280
0.005537 8280
0.0055408 8280
0.0055445 8280
0.0055483 8280
0.0055521 8280
0.0055558 8280
0.0055596 8280
0.0055634 8280
0.0055672 8280
0.0055709 8280
0.0055747 8280
0.0055785 8280
0.0055822 8280
0.005586 8280
0.0055898 8280
0.0055935 8280
0.0055973 8280
0.0056011 8280
0.0056048 8280
0.0056086 8280
0.0056124 8280
0.0056162 8280
0.0056199 8280
0.0056237 8280
0.0056275 8280
0.0056312 8280
0.005635 8280
0.0056388 8280
0.0056425 8280
0.0056463 8280
0.0056501 8280
0.0056538 8280
0.0056576 8280
0.0056614 8280
0.0056652 8280
0.0056689 8280
0.0056727 8280
0.0056765 8280
0.0056802 8280
0.005684 8280
0.0056878 8280
0.0056915 8280
0.0056953 8280
0.0056991 8280
0.0057028 8280
0.0057066 8280
0.0057104 8280
0.0057142 8280
0.0057179 8280
0.0057217 8280
0.0057255 8280
0.0057292 8280
0.005733 8280
0.0057368 8280
0.0057405 8280
0.0057443 8280
0.0057481 8280
0.0057518 8280
0.0057556 8280
0.0057594 8280
0.0057632 8280
0.0057669 8280
0.0057707 8280
0.0057745 8280
0.0057782 8280
0.005782 8280
0.0057858 8280
0.0057895 8280
0.0057933 8280
0.0057971 8280
0.0058008 8280
0.0058046 8280
0.0058084 8280
0.0058122 8280
0.0058159 8280
0.0058197 8280
0.0058235 8280
0.0058272 8280
0.005831 8280
0.0058348 8280
0.0058385 8280
0.0058423 8280
0.0058461 8280
0.0058498 8280
0.0058536 8280
0.0058574 8280
0.0058612 8280
0.0058649 8280
0.0058687 8280
0.0058725 8280
0.0058762 8280
0.00588 8280
0.0058838 8280
0.0058875 8280
0.0058913 8280
0.0058951 8280
0.0058988 8280
0.0059026 8280
0.0059064 8280
0.0059102 8280
0.0059139 8280
0.0059177 8280
0.0059215 8280
0.0059252 8280
0.005929 8280
0.0059328 8280
0.0059365 8280
0.0059403 8280
0.0059441 8280
0.0059478 8280
0.0059516 8280
0.0059554 8280
0.0059592 8280
0.0059629 8280
0.0059667 8280
0.0059705 8280
0.0059742 8280
0.005978 8280
0.0059818 8280
0.0059855 8280
0.0059893 8280
0.0059931 8280
0.0059968 8280
0.0060006 8280
0.0060044 8280
0.0060082 8280
0.0060119 8280
0.0060157 8280
0.0060195 8280
0.0060232 8280
0.006027 8280
0.0060308 8280
0.0060345 8280
0.0060383 8280
0.0060421 8280
0.0060458 8280
0.0060496 8280
0.0060534 8280
0.0060572 8280
0.0060609 8280
0.0060647 8280
0.0060685 8280
0.0060722 8280
0.006076 8280
0.0060798 8280
0.0060835 8280
0.0060873 8280
0.0060911 8280
0.0060948 8280
0.0060986 8280
0.0061024 8280
0.0061062 8280
0.0061099 8280
0.0061137 8280
0.0061175 8280
0.0061212 8280
0.006125 8280
0.0061288 8280
0.0061325 8280
0.0061363 8280
0.0061401 8280
0.0061438 8280
0.0061476 8280
0.0061514 8280
0.0061552 8280
0.0061589 8280
0.0061627 8280
0.0061665 8280
0.0061702 8280
0.006174 8280
0.0061778 8280
0.0061815 8280
0.0061853 8280
0.0061891 8280
0.0061928 8280
0.0061966 8280
0.0062004 8280
0.0062042 8280
0.0062079 8280
0.0062117 8280
0.0062155 8280
0.0062192 8280
0.006223 8280
0.0062268 8280
0.0062305 8280
0.0062343 8280
0.0062381 8280
0.0062418 8280
0.0062456 8280
0.0062494 8280
0.0062532 8280
0.0062569 8280
0.0062607 8280
0.0062645 8280
0.0062682 8280
0.006272 8280
0.0062758 8280
0.0062795 8280
0.0062833 8280
0.0062871 8280
0.0062908 8280
0.0062946 8280
0.0062984 8280
0.0063022 8280
0.0063059 8280
0.0063097 8280
0.0063135 8280
0.0063172 8280
0.006321 8280
0.0063248 8280
0.0063285 8280
0.0063323 8280
0.0063361 8280
0.0063398 8280
0.0063436 8280
0.0063474 8280
0.0063512 8280
0.0063549 8280
0.0063587 8280
0.0063625 8280
0.0063662 8280
0.00637 8280
0.0063738 8280
0.0063775 8280
0.0063813 8280
0.0063851 8280
0.0063888 8280
0.0063926 8280
0.0063964 8280
0.0064002 8280
0.0064039 8280
0.0064077 8280
0.0064115 8280
0.0064152 8280
0.006419 8280
0.0064228 8280
0.0064265 8280
0.0064303 8280
0.0064341 8280
0.0064378 8280
0.0064416 8280
0.0064454 8280
0.0064492 8280
0.0064529 8280
0.0064567 8280
0.0064605 8280
0.0064642 8280
0.006468 8280
0.0064718 8280
0.0064755 8280
0.0064793 8280
0.0064831 8280
0.0064868 8280
0.0064906 8280
0.0064944 8280
0.0064982 8280
0.0065019 8280
0.0065057 8280
0.0065095 8280
0.0065132 8280
0.006517 8280
0.0065208 8280
0.0065245 8280
0.0065283 8280
0.0065321 8280
0.0065358 8280
0.0065396 8280
0.0065434 8280
0.0065472 8280
0.0065509 8280
0.0065547 8280
0.0065585 8280
0.0065622 8280
0.006566 8280
0.0065698 8280
0.0065735 8280
0.0065773 8280
0.0065811 8280
0.0065848 8280
0.0065886 8280
0.0065924 8280
0.0065962 8280
0.0065999 8280
0.0066037 8280
0.0066075 8280
0.0066112 8280
0.006615 8280
0.0066188 8280
0.0066225 8280
0.0066263 8280
0.0066301 8280
0.0066338 8280
0.0066376 8280
0.0066414 8280
0.0066452 8280
0.0066489 8280
0.0066527 8280
0.0066565 8280
0.0066602 8280
0.006664 8280
0.0066678 8280
0.0066715 8280
0.0066753 8280
0.0066791 8280
0.0066828 8280
0.0066866 8280
0.0066904 8280
0.0066942 8280
0.0066979 8280
0.0067017 8280
0.0067055 8280
0.0067092 8280
0.006713 8280
0.0067168 8280
0.0067205 8280
0.0067243 8280
0.0067281 8280
0.0067318 8280
0.0067356 8280
0.0067394 8280
0.0067432 8280
0.0067469 8280
0.0067507 8280
0.0067545 8280
0.0067582 8280
0.006762 8280
0.0067658 8280
0.0067695 8280
0.0067733 8280
0.0067771 8280
0.0067808 8280
0.0067846 8280
0.0067884 8280
0.0067922 8280
0.0067959 8280
0.0067997 8280
0.0068035 8280
0.0068072 8280
0.006811 8280
0.0068148 8280
0.0068185 8280
0.0068223 8280
0.0068261 8280
0.0068298 8280
0.0068336 8280
0.0068374 8280
0.0068412 8280
0.0068449 8280
0.0068487 8280
0.0068525 8280
0.0068562 8280
0.00686 8280
0.0068638 8280
0.0068675 8280
0.0068713 8280
0.0068751 8280
0.0068788 8280
0.0068826 8280
0.0068864 8280
0.0068902 8280
0.0068939 8280
0.0068977 8280
0.0069015 8280
0.0069052 8280
0.006909 8280
0.0069128 8280
0.0069165 8280
0.0069203 8280
0.0069241 8280
0.0069278 8280
0.0069316 8280
0.0069354 8280
0.0069392 8280
0.0069429 8280
0.0069467 8280
0.0069505 8280
0.0069542 8280
0.006958 8280
0.0069618 8280
0.0069655 8280
0.0069693 8280
0.0069731 8280
0.0069768 8280
0.0069806 8280
0.0069844 8280
0.0069882 8280
0.0069919 8280
0.0069957 8280
0.0069995 8280
0.0070032 8280
0.007007 8280
0.0070108 8280
0.0070145 8280
0.0070183 8280
0.0070221 8280
0.0070258 8280
0.0070296 8280
0.0070334 8280
0.0070372 8280
0.0070409 8280
0.0070447 8280
0.0070485 8280
0.0070522 8280
0.007056 8280
0.0070598 8280
0.0070635 8280
0.0070673 8280
0.0070711 8280
0.0070748 8280
0.0070786 8280
0.0070824 8280
0.0070862 8280
0.0070899 8280
0.0070937 8280
0.0070975 8280
0.0071012 8280
0.007105 8280
0.0071088 8280
0.0071125 8280
0.0071163 8280
0.0071201 8280
0.0071238 8280
0.0071276 8280
0.0071314 8280
0.0071352 8280
0.0071389 8280
0.0071427 8280
0.0071465 8280
0.0071502 8280
0.007154 8280
0.0071578 8280
0.0071615 8280
0.0071653 8280
0.0071691 8280
0.0071728 8280
0.0071766 8280
0.0071804 8280
0.0071842 8280
0.0071879 8280
0.0071917 8280
0.0071955 8280
0.0071992 8280
0.007203 8280
0.0072068 8280
0.0072105 8280
0.0072143 8280
0.0072181 8280
0.0072218 8280
0.0072256 8280
0.0072294 8280
0.0072332 8280
0.0072369 8280
0.0072407 8280
0.0072445 8280
0.0072482 8280
0.007252 8280
0.0072558 8280
0.0072595 8280
0.0072633 8280
0.0072671 8280
0.0072708 8280
0.0072746 8280
0.0072784 8280
0.0072822 8280
0.0072859 8280
0.0072897 8280
0.0072935 8280
0.0072972 8280
0.007301 8280
0.0073048 8280
0.0073085 8280
0.0073123 8280
0.0073161 8280
0.0073198 8280
0.0073236 8280
0.0073274 8280
0.0073312 8280
0.0073349 8280
0.0073387 8280
0.0073425 8280
0.0073462 8280
0.00735 8280
0.0073538 8280
0.0073575 8280
0.0073613 8280
0.0073651 8280
0.0073688 8280
0.0073726 8280
0.0073764 8280
0.0073802 8280
0.0073839 8280
0.0073877 8280
0.0073915 8280
0.0073952 8280
0.007399 8280
0.0074028 8280
0.0074065 8280
0.0074103 8280
0.0074141 8280
0.0074178 8280
0.0074216 8280
0.0074254 8280
0.0074292 8280
0.0074329 8280
0.0074367 8280
0.0074405 8280
0.0074442 8280
0.007448 8280
0.0074518 8280
0.0074555 8280
0.0074593 8280
0.0074631 8280
0.0074668 8280
0.0074706 8280
0.0074744 8280
0.0074782 8280
0.0074819 8280
0.0074857 8280
0.0074895 8280
0.0074932 8280
0.007497 8280
0.0075008 8280
0.0075045 8280
0.0075083 8280
0.0075121 8280
0.0075158 8280
0.0075196 8280
0.0075234 8280
0.0075272 8280
0.0075309 8280
0.0075347 8280
0.0075385 8280
0.0075422 8280
0.007546 8280
0.0075498 8280
0.0075535 8280
0.0075573 8280
0.0075611 8280
0.0075648 8280
0.0075686 8280
0.0075724 8280
0.0075762 8280
0.0075799 8280
0.0075837 8280
0.0075875 8280
0.0075912 8280
0.007595 8280
0.0075988 8280
0.0076025 8280
0.0076063 8280
0.0076101 8280
0.0076138 8280
0.0076176 8280
0.0076214 8280
0.0076252 8280
0.0076289 8280
0.0076327 8280
0.0076365 8280
0.0076402 8280
0.007644 8280
0.0076478 8280
0.0076515 8280
0.0076553 8280
0.0076591 8280
0.0076628 8280
0.0076666 8280
0.0076704 8280
0.0076742 8280
0.0076779 8280
0.0076817 8280
0.0076855 8280
0.0076892 8280
0.007693 8280
0.0076968 8280
0.0077005 8280
0.0077043 8280
0.0077081 8280
0.0077118 8280
0.0077156 8280
0.0077194 8280
0.0077232 8280
0.0077269 8280
0.0077307 8280
0.0077345 8280
0.0077382 8280
0.007742 8280
0.0077458 8280
0.0077495 8280
0.0077533 8280
0.0077571 8280
0.0077608 8280
0.0077646 8280
0.0077684 8280
0.0077722 8280
0.0077759 8280
0.0077797 8280
0.0077835 8280
0.0077872 8280
0.007791 8280
0.0077948 8280
0.0077985 8280
0.0078023 8280
0.0078061 8280
0.0078098 8280
0.0078136 8280
0.0078174 8280
0.0078212 8280
0.0078249 8280
0.0078287 8280
0.0078325 8280
0.0078362 8280
0.00784 8280
0.0078438 8280
0.0078475 8280
0.0078513 8280
0.0078551 8280
0.0078588 8280
0.0078626 8280
0.0078664 8280
0.0078702 8280
0.0078739 8280
0.0078777 8280
0.0078815 8280
0.0078852 8280
0.007889 8280
0.0078928 8280
0.0078965 8280
0.0079003 8280
0.0079041 8280
0.0079078 8280
0.0079116 8280
0.0079154 8280
0.0079192 8280
0.0079229 8280
0.0079267 8280
0.0079305 8280
0.0079342 8280
0.007938 8280
0.0079418 8280
0.0079455 8280
0.0079493 8280
0.0079531 8280
0.0079568 8280
0.0079606 8280
0.0079644 8280
0.0079682 8280
0.0079719 8280
0.0079757 8280
0.0079795 8280
0.0079832 8280
0.007987 8280
0.0079908 8280
0.0079945 8280
0.0079983 8280
0.0080021 8280
0.0080058 8280
0.0080096 8280
0.0080134 8280
0.0080172 8280
0.0080209 8280
0.0080247 8280
0.0080285 8280
0.0080322 8280
0.008036 8280
0.0080398 8280
0.0080435 8280
0.0080473 8280
0.0080511 8280
0.0080548 8280
0.0080586 8280
0.0080624 8280
0.0080662 8280
0.0080699 8280
0.0080737 8280
0.0080775 8280
0.0080812 8280
0.008085 8280
0.0080888 8280
0.0080925 8280
0.0080963 8280
0.0081001 8280
0.0081038 8280
0.0081076 8280
0.0081114 8280
0.0081152 8280
0.0081189 8280
0.0081227 8280
0.0081265 8280
0.0081302 8280
0.008134 8280
0.0081378 8280
0.0081415 8280
0.0081453 8280
0.0081491 8280
0.0081528 8280
0.0081566 8280
0.0081604 8280
0.0081642 8280
0.0081679 8280
0.0081717 8280
0.0081755 8280
0.0081792 8280
0.008183 8280
0.0081868 8280
0.0081905 8280
0.0081943 8280
0.0081981 8280
0.0082018 8280
0.0082056 8280
0.0082094 8280
0.0082132 8280
0.0082169 8280
0.0082207 8280
0.0082245 8280
0.0082282 8280
0.008232 8280
0.0082358 8280
0.0082395 8280
0.0082433 8280
0.0082471 8280
0.0082508 8280
0.0082546 8280
0.0082584 8280
0.0082622 8280
0.0082659 8280
0.0082697 8280
0.0082735 8280
0.0082772 8280
0.008281 8280
0.0082848 8280
0.0082885 8280
0.0082923 8280
0.0082961 8280
0.0082998 8280
0.0083036 8280
0.0083074 8280
0.0083112 8280
0.0083149 8280
0.0083187 8280
0.0083225 8280
0.0083262 8280
0.00833 8280
0.0083338 8280
0.0083375 8280
0.0083413 8280
0.0083451 8280
0.0083488 8280
0.0083526 8280
0.0083564 8280
0.0083602 8280
0.0083639 8280
0.0083677 8280
0.0083715 8280
0.0083752 8280
0.008379 8280
0.0083828 8280
0.0083865 8280
0.0083903 8280
0.0083941 8280
0.0083978 8280
0.0084016 8280
0.0084054 8280
0.0084092 8280
0.0084129 8280
0.0084167 8280
0.0084205 8280
0.0084242 8280
0.008428 8280
0.0084318 8280
0.0084355 8280
0.0084393 8280
0.0084431 8280
0.0084468 8280
0.0084506 8280
0.0084544 8280
0.0084582 8280
0.0084619 8280
0.0084657 8280
0.0084695 8280
0.0084732 8280
0.008477 8280
0.0084808 8280
0.0084845 8280
0.0084883 8280
0.0084921 8280
0.0084958 8280
0.0084996 8280
0.0085034 8280
0.0085072 8280
0.0085109 8280
0.0085147 8280
0.0085185 8280
0.0085222 8280
0.008526 8280
0.0085298 8280
0.0085335 8280
0.0085373 8280
0.0085411 8280
0.0085448 8280
0.0085486 8280
0.0085524 8280
0.0085562 8280
0.0085599 8280
0.0085637 8280
0.0085675 8280
0.0085712 8280
0.008575 8280
0.0085788 8280
0.0085825 8280
0.0085863 8280
0.0085901 8280
0.0085938 8280
0.0085976 8280
0.0086014 8280
0.0086052 8280
0.0086089 8280
0.0086127 8280
0.0086165 8280
0.0086202 8280
0.008624 8280
0.0086278 8280
0.0086315 8280
0.0086353 8280
0.0086391 8280
0.0086428 8280
0.0086466 8280
0.0086504 8280
0.0086542 8280
0.0086579 8280
0.0086617 8280
0.0086655 8280
0.0086692 8280
0.008673 8280
0.0086768 8280
0.0086805 8280
0.0086843 8280
0.0086881 8280
0.0086918 8280
0.0086956 8280
0.0086994 8280
0.0087032 8280
0.0087069 8280
0.0087107 8280
0.0087145 8280
0.0087182 8280
0.008722 8280
0.0087258 8280
0.0087295 8280
0.0087333 8280
0.0087371 8280
0.0087408 8280
0.0087446 8280
0.0087484 8280
0.0087522 8280
0.0087559 8280
0.0087597 8280
0.0087635 8280
0.0087672 8280
0.008771 8280
0.0087748 8280
0.0087785 8280
0.0087823 8280
0.0087861 8280
0.0087898 8280
0.0087936 8280
0.0087974 8280
0.0088012 8280
0.0088049 8280
0.0088087 8280
0.0088125 8280
0.0088162 8280
0.00882 8280
0.0088238 8280
0.0088275 8280
0.0088313 8280
0.0088351 8280
0.0088388 8280
0.0088426 8280
0.0088464 8280
0.0088502 8280
0.0088539 8280
0.0088577 8280
0.0088615 8280
0.0088652 8280
0.008869 8280
0.0088728 8280
0.0088765 8280
0.0088803 8280
0.0088841 8280
0.0088878 8280
0.0088916 8280
0.0088954 8280
0.0088992 8280
0.0089029 8280
0.0089067 8280
0.0089105 8280
0.0089142 8280
0.008918 8280
0.0089218 8280
0.0089255 8280
0.0089293 8280
0.0089331 8280
0.0089368 8280
0.0089406 8280
0.0089444 8280
0.0089482 8280
0.0089519 8280
0.0089557 8280
0.0089595 8280
0.0089632 8280
0.008967 8280
0.0089708 8280
0.0089745 8280
0.0089783 8280
0.0089821 8280
0.0089858 8280
0.0089896 8280
0.0089934 8280
0.0089972 8280
0.0090009 8280
0.0090047 8280
0.0090085 8280
0.0090122 8280
0.009016 8280
0.0090198 8280
0.0090235 8280
0.0090273 8280
0.0090311 8280
0.0090348 8280
0.0090386 8280
0.0090424 8280
0.0090462 8280
0.0090499 8280
0.0090537 8280
0.0090575 8280
0.0090612 8280
0.009065 8280
0.0090688 8280
0.0090725 8280
0.0090763 8280
0.0090801 8280
0.0090838 8280
0.0090876 8280
0.0090914 8280
0.0090952 8280
0.0090989 8280
0.0091027 8280
0.0091065 8280
0.0091102 8280
0.009114 8280
0.0091178 8280
0.0091215 8280
0.0091253 8280
0.0091291 8280
0.0091328 8280
0.0091366 8280
0.0091404 8280
0.0091442 8280
0.0091479 8280
0.0091517 8280
0.0091555 8280
0.0091592 8280
0.009163 8280
0.0091668 8280
0.0091705 8280
0.0091743 8280
0.0091781 8280
0.0091818 8280
0.0091856 8280
0.0091894 8280
0.0091932 8280
0.0091969 8280
0.0092007 8280
0.0092045 8280
0.0092082 8280
0.009212 8280
0.0092158 8280
0.0092195 8280
0.0092233 8280
0.0092271 8280
0.0092308 8280
0.0092346 8280
0.0092384 8280
0.0092422 8280
0.0092459 8280
0.0092497 8280
0.0092535 8280
0.0092572 8280
0.009261 8280
0.0092648 8280
0.0092685 8280
0.0092723 8280
0.0092761 8280
0.0092798 8280
0.0092836 8280
0.0092874 8280
0.0092912 8280
0.0092949 8280
0.0092987 8280
0.0093025 8280
0.0093062 8280
0.00931 8280
0.0093138 8280
0.0093175 8280
0.0093213 8280
0.0093251 8280
0.0093288 8280
0.0093326 8280
0.0093364 8280
0.0093402 8280
0.0093439 8280
0.0093477 8280
0.0093515 8280
0.0093552 8280
0.009359 8280
0.0093628 8280
0.0093665 8280
0.0093703 8280
0.0093741 8280
0.0093778 8280
0.0093816 8280
0.0093854 8280
0.0093892 8280
0.0093929 8280
0.0093967 8280
0.0094005 8280
0.0094042 8280
0.009408 8280
0.0094118 8280
0.0094155 8280
0.0094193 8280
0.0094231 8280
0.0094268 8280
0.0094306 8280
0.0094344 8280
0.0094382 8280
0.0094419 8280
0.0094457 8280
0.0094495 8280
0.0094532 8280
0.009457 8280
0.0094608 8280
0.0094645 8280
0.0094683 8280
0.0094721 8280
0.0094758 8280
0.0094796 8280
0.0094834 8280
0.0094872 8280
0.0094909 8280
0.0094947 8280
0.0094985 8280
0.0095022 8280
0.009506 8280
0.0095098 8280
0.0095135 8280
0.0095173 8280
0.0095211 8280
0.0095248 8280
0.0095286 8280
0.0095324 8280
0.0095362 8280
0.0095399 8280
0.0095437 8280
0.0095475 8280
0.0095512 8280
0.009555 8280
0.0095588 8280
0.0095625 8280
0.0095663 8280
0.0095701 8280
0.0095738 8280
0.0095776 8280
0.0095814 8280
0.0095852 8280
0.0095889 8280
0.0095927 8280
0.0095965 8280
0.0096002 8280
0.009604 8280
0.0096078 8280
0.0096115 8280
0.0096153 8280
0.0096191 8280
0.0096228 8280
0.0096266 8280
0.0096304 8280
0.0096342 8280
0.0096379 8280
0.0096417 8280
0.0096455 8280
0.0096492 8280
0.009653 8280
0.0096568 8280
0.0096605 8280
0.0096643 8280
0.0096681 8280
0.0096718 8280
0.0096756 8280
0.0096794 8280
0.0096832 8280
0.0096869 8280
0.0096907 8280
0.0096945 8280
0.0096982 8280
0.009702 8280
0.0097058 8280
0.0097095 8280
0.0097133 8280
0.0097171 8280
0.0097208 8280
0.0097246 8280
0.0097284 8280
0.0097322 8280
0.0097359 8280
0.0097397 8280
0.0097435 8280
0.0097472 8280
0.009751 8280
0.0097548 8280
0.0097585 8280
0.0097623 8280
0.0097661 8280
0.0097698 8280
0.0097736 8280
0.0097774 8280
0.0097812 8280
0.0097849 8280
0.0097887 8280
0.0097925 8280
0.0097962 8280
0.0098 8280
0.0098038 8280
0.0098075 8280
0.0098113 8280
0.0098151 8280
0.0098188 8280
0.0098226 8280
0.0098264 8280
0.0098302 8280
0.0098339 8280
0.0098377 8280
0.0098415 8280
0.0098452 8280
0.009849 8280
0.0098528 8280
0.0098565 8280
0.0098603 8280
0.0098641 8280
0.0098678 8280
0.0098716 8280
0.0098754 8280
0.0098792 8280
0.0098829 8280
0.0098867 8280
0.0098905 8280
0.0098942 8280
0.009898 8280
0.0099018 8280
0.0099055 8280
0.0099093 8280
0.0099131 8280
0.0099168 8280
0.0099206 8280
0.0099244 8280
0.0099282 8280
0.0099319 8280
0.0099357 8280
0.0099395 8280
0.0099432 8280
0.009947 8280
0.0099508 8280
0.0099545 8280
0.0099583 8280
0.0099621 8280
0.0099658 8280
0.0099696 8280
0.0099734 8280
0.0099772 8280
0.0099809 8280
0.0099847 8280
0.0099885 8280
0.0099922 8280
0.009996 8280
0.0099998 8280
0.010004 8280
0.010007 8280
0.010011 8280
0.010015 8280
0.010019 8280
0.010022 8280
0.010026 8280
0.01003 8280
0.010034 8280
0.010037 8280
0.010041 8280
0.010045 8280
0.010049 8280
0.010053 8280
0.010056 8280
0.01006 8280
0.010064 8280
0.010068 8280
0.010071 8280
0.010075 8280
0.010079 8280
0.010083 8280
0.010086 8280
0.01009 8280
0.010094 8280
0.010098 8280
0.010102 8280
0.010105 8280
0.010109 8280
0.010113 8280
0.010117 8280
0.01012 8280
0.010124 8280
0.010128 8280
0.010132 8280
0.010135 8280
0.010139 8280
0.010143 8280
0.010147 8280
0.010151 8280
0.010154 8280
0.010158 8280
0.010162 8280
0.010166 8280
0.010169 8280
0.010173 8280
0.010177 8280
0.010181 8280
0.010184 8280
0.010188 8280
0.010192 8280
0.010196 8280
0.0102 8280
0.010203 8280
0.010207 8280
0.010211 8280
0.010215 8280
0.010218 8280
0.010222 8280
0.010226 8280
0.01023 8280
0.010233 8280
0.010237 8280
0.010241 8280
0.010245 8280
0.010249 8280
0.010252 8280
0.010256 8280
0.01026 8280
0.010264 8280
0.010267 8280
0.010271 8280
0.010275 8280
0.010279 8280
0.010282 8280
0.010286 8280
0.01029 8280
0.010294 8280
0.010298 8280
0.010301 8280
0.010305 8280
0.010309 8280
0.010313 8280
0.010316 8280
0.01032 8280
0.010324 8280
0.010328 8280
0.010331 8280
0.010335 8280
0.010339 8280
0.010343 8280
0.010347 8280
0.01035 8280
0.010354 8280
0.010358 8280
0.010362 8280
0.010365 8280
0.010369 8280
0.010373 8280
0.010377 8280
0.01038 8280
0.010384 8280
0.010388 8280
0.010392 8280
0.010396 8280
0.010399 8280
0.010403 8280
0.010407 8280
0.010411 8280
0.010414 8280
0.010418 8280
0.010422 8280
0.010426 8280
0.010429 8280
0.010433 8280
0.010437 8280
0.010441 8280
0.010445 8280
0.010448 8280
0.010452 8280
0.010456 8280
0.01046 8280
0.010463 8280
0.010467 8280
0.010471 8280
0.010475 8280
0.010478 8280
0.010482 8280
0.010486 8280
0.01049 8280
0.010494 8280
0.010497 8280
0.010501 8280
0.010505 8280
0.010509 8280
0.010512 8280
0.010516 8280
0.01052 8280
0.010524 8280
0.010527 8280
0.010531 8280
0.010535 8280
0.010539 8280
0.010543 8280
0.010546 8280
0.01055 8280
0.010554 8280
0.010558 8280
0.010561 8280
0.010565 8280
0.010569 8280
0.010573 8280
0.010576 8280
0.01058 8280
0.010584 8280
0.010588 8280
0.010592 8280
0.010595 8280
0.010599 8280
0.010603 8280
0.010607 8280
0.01061 8280
0.010614 8280
0.010618 8280
0.010622 8280
0.010625 8280
0.010629 8280
0.010633 8280
0.010637 8280
0.010641 8280
0.010644 8280
0.010648 8280
0.010652 8280
0.010656 8280
0.010659 8280
0.010663 8280
0.010667 8280
0.010671 8280
0.010674 8280
0.010678 8280
0.010682 8280
0.010686 8280
0.01069 8280
0.010693 8280
0.010697 8280
0.010701 8280
0.010705 8280
0.010708 8280
0.010712 8280
0.010716 8280
0.01072 8280
0.010723 8280
0.010727 8280
0.010731 8280
0.010735 8280
0.010739 8280
0.010742 8280
0.010746 8280
0.01075 8280
0.010754 8280
0.010757 8280
0.010761 8280
0.010765 8280
0.010769 8280
0.010772 8280
0.010776 8280
0.01078 8280
0.010784 8280
0.010788 8280
0.010791 8280
0.010795 8280
0.010799 8280
0.010803 8280
0.010806 8280
0.01081 8280
0.010814 8280
0.010818 8280
0.010821 8280
0.010825 8280
0.010829 8280
0.010833 8280
0.010837 8280
0.01084 8280
0.010844 8280
0.010848 8280
0.010852 8280
0.010855 8280
0.010859 8280
0.010863 8280
0.010867 8280
0.01087 8280
0.010874 8280
0.010878 8280
0.010882 8280
0.010886 8280
0.010889 8280
0.010893 8280
0.010897 8280
0.010901 8280
0.010904 8280
0.010908 8280
0.010912 8280
0.010916 8280
0.010919 8280
0.010923 8280
0.010927 8280
0.010931 8280
0.010935 8280
0.010938 8280
0.010942 8280
0.010946 8280
0.01095 8280
0.010953 8280
0.010957 8280
0.010961 8280
0.010965 8280
0.010968 8280
0.010972 8280
0.010976 8280
0.01098 8280
0.010984 8280
0.010987 8280
0.010991 8280
0.010995 8280
0.010999 8280
0.011002 8280
0.011006 8280
0.01101 8280
0.011014 8280
0.011017 8280
0.011021 8280
0.011025 8280
0.011029 8280
0.011033 8280
0.011036 8280
0.01104 8280
0.011044 8280
0.011048 8280
0.011051 8280
0.011055 8280
0.011059 8280
0.011063 8280
0.011066 8280
0.01107 8280
0.011074 8280
0.011078 8280
0.011082 8280
0.011085 8280
0.011089 8280
0.011093 8280
0.011097 8280
0.0111 8280
0.011104 8280
0.011108 8280
0.011112 8280
0.011115 8280
0.011119 8280
0.011123 8280
0.011127 8280
0.011131 8280
0.011134 8280
0.011138 8280
0.011142 8280
0.011146 8280
0.011149 8280
0.011153 8280
0.011157 8280
0.011161 8280
0.011164 8280
0.011168 8280
0.011172 8280
0.011176 8280
0.01118 8280
0.011183 8280
0.011187 8280
0.011191 8280
0.011195 8280
0.011198 8280
0.011202 8280
0.011206 8280
0.01121 8280
0.011213 8280
0.011217 8280
0.011221 8280
0.011225 8280
0.011229 8280
0.011232 8280
0.011236 8280
0.01124 8280
0.011244 8280
0.011247 8280
0.011251 8280
0.011255 8280
0.011259 8280
0.011262 8280
0.011266 8280
0.01127 8280
0.011274 8280
0.011278 8280
0.011281 8280
0.011285 8280
0.011289 8280
0.011293 8280
0.011296 8280
0.0113 8280
0.011304 8280
0.011308 8280
0.011311 8280
0.011315 8280
0.011319 8280
0.011323 8280
0.011327 8280
0.01133 8280
0.011334 8280
0.011338 8280
0.011342 8280
0.011345 8280
0.011349 8280
0.011353 8280
0.011357 8280
0.01136 8280
0.011364 8280
0.011368 8280
0.011372 8280
0.011376 8280
0.011379 8280
0.011383 8280
0.011387 8280
0.011391 8280
0.011394 8280
0.011398 8280
0.011402 8280
0.011406 8280
0.011409 8280
0.011413 8280
0.011417 8280
0.011421 8280
0.011425 8280
0.011428 8280
0.011432 8280
0.011436 8280
0.01144 8280
0.011443 8280
0.011447 8280
0.011451 8280
0.011455 8280
0.011458 8280
0.011462 8280
0.011466 8280
0.01147 8280
0.011474 8280
0.011477 8280
0.011481 8280
0.011485 8280
0.011489 8280
0.011492 8280
0.011496 8280
0.0115 8280
0.011504 8280
0.011507 8280
0.011511 8280
0.011515 8280
0.011519 8280
0.011523 8280
0.011526 8280
0.01153 8280
0.011534 8280
0.011538 8280
0.011541 8280
0.011545 8280
0.011549 8280
0.011553 8280
0.011556 8280
0.01156 8280
0.011564 8280
0.011568 8280
0.011572 8280
0.011575 8280
0.011579 8280
0.011583 8280
0.011587 8280
0.01159 8280
0.011594 8280
0.011598 8280
0.011602 8280
0.011605 8280
0.011609 8280
0.011613 8280
0.011617 8280
0.011621 8280
0.011624 8280
0.011628 8280
0.011632 8280
0.011636 8280
0.011639 8280
0.011643 8280
0.011647 8280
0.011651 8280
0.011654 8280
0.011658 8280
0.011662 8280
0.011666 8280
0.01167 8280
0.011673 8280
0.011677 8280
0.011681 8280
0.011685 8280
0.011688 8280
0.011692 8280
0.011696 8280
0.0117 8280
0.011703 8280
0.011707 8280
0.011711 8280
0.011715 8280
0.011719 8280
0.011722 8280
0.011726 8280
0.01173 8280
0.011734 8280
0.011737 8280
0.011741 8280
0.011745 8280
0.011749 8280
0.011752 8280
0.011756 8280
0.01176 8280
0.011764 8280
0.011768 8280
0.011771 8280
0.011775 8280
0.011779 8280
0.011783 8280
0.011786 8280
0.01179 8280
0.011794 8280
0.011798 8280
0.011801 8280
0.011805 8280
0.011809 8280
0.011813 8280
0.011817 8280
0.01182 8280
0.011824 8280
0.011828 8280
0.011832 8280
0.011835 8280
0.011839 8280
0.011843 8280
0.011847 8280
0.01185 8280
0.011854 8280
0.011858 8280
0.011862 8280
0.011866 8280
0.011869 8280
0.011873 8280
0.011877 8280
0.011881 8280
0.011884 8280
0.011888 8280
0.011892 8280
0.011896 8280
0.011899 8280
0.011903 8280
0.011907 8280
0.011911 8280
0.011915 8280
0.011918 8280
0.011922 8280
0.011926 8280
0.01193 8280
0.011933 8280
0.011937 8280
0.011941 8280
0.011945 8280
0.011948 8280
0.011952 8280
0.011956 8280
0.01196 8280
0.011964 8280
0.011967 8280
0.011971 8280
0.011975 8280
0.011979 8280
0.011982 8280
0.011986 8280
0.01199 8280
0.011994 8280
0.011997 8280
0.012001 8280
0.012005 8280
0.012009 8280
0.012013 8280
0.012016 8280
0.01202 8280
0.012024 8280
0.012028 8280
0.012031 8280
0.012035 8280
0.012039 8280
0.012043 8280
0.012046 8280
0.01205 8280
0.012054 8280
0.012058 8280
0.012062 8280
0.012065 8280
0.012069 8280
0.012073 8280
0.012077 8280
0.01208 8280
0.012084 8280
0.012088 8280
0.012092 8280
0.012095 8280
0.012099 8280
0.012103 8280
0.012107 8280
0.012111 8280
0.012114 8280
0.012118 8280
0.012122 8280
0.012126 8280
0.012129 8280
0.012133 8280
0.012137 8280
0.012141 8280
0.012144 8280
0.012148 8280
0.012152 8280
0.012156 8280
0.01216 8280
0.012163 8280
0.012167 8280
0.012171 8280
0.012175 8280
0.012178 8280
0.012182 8280
0.012186 8280
0.01219 8280
0.012193 8280
0.012197 8280
0.012201 8280
0.012205 8280
0.012209 8280
0.012212 8280
0.012216 8280
0.01222 8280
0.012224 8280
0.012227 8280
0.012231 8280
0.012235 8280
0.012239 8280
0.012242 8280
0.012246 8280
0.01225 8280
0.012254 8280
0.012258 8280
0.012261 8280
0.012265 8280
0.012269 8280
0.012273 8280
0.012276 8280
0.01228 8280
0.012284 8280
0.012288 8280
0.012291 8280
0.012295 8280
0.012299 8280
0.012303 8280
0.012307 8280
0.01231 8280
0.012314 8280
0.012318 8280
0.012322 8280
0.012325 8280
0.012329 8280
0.012333 8280
0.012337 8280
0.01234 8280
0.012344 8280
0.012348 8280
0.012352 8280
0.012356 8280
0.012359 8280
0.012363 8280
0.012367 8280
0.012371 8280
0.012374 8280
0.012378 8280
0.012382 8280
0.012386 8280
0.012389 8280
0.012393 8280
0.012397 8280
0.012401 8280
0.012405 8280
0.012408 8280
0.012412 8280
0.012416 8280
0.01242 8280
0.012423 8280
0.012427 8280
0.012431 8280
0.012435 8280
0.012438 8280
0.012442 8280
0.012446 8280
0.01245 8280
0.012454 8280
0.012457 8280
0.012461 8280
0.012465 8280
0.012469 8280
0.012472 8280
0.012476 8280
0.01248 8280
0.012484 8280
0.012487 8280
0.012491 8280
0.012495 8280
0.012499 8280
0.012503 8280
0.012506 8280
0.01251 8280
0.012514 8280
0.012518 8280
0.012521 8280
0.012525 8280
0.012529 8280
0.012533 8280
0.012536 8280
0.01254 8280
0.012544 8280
0.012548 8280
0.012552 8280
0.012555 8280
0.012559 8280
0.012563 8280
0.012567 8280
0.01257 8280
0.012574 8280
0.012578 8280
0.012582 8280
0.012585 8280
0.012589 8280
0.012593 8280
0.012597 8280
0.012601 8280
0.012604 8280
0.012608 8280
0.012612 8280
0.012616 8280
0.012619 8280
0.012623 8280
0.012627 8280
0.012631 8280
0.012634 8280
0.012638 8280
0.012642 8280
0.012646 8280
0.01265 8280
0.012653 8280
0.012657 8280
0.012661 8280
0.012665 8280
0.012668 8280
0.012672 8280
0.012676 8280
0.01268 8280
0.012683 8280
0.012687 8280
0.012691 8280
0.012695 8280
0.012699 8280
0.012702 8280
0.012706 8280
0.01271 8280
0.012714 8280
0.012717 8280
0.012721 8280
0.012725 8280
0.012729 8280
0.012732 8280
0.012736 8280
0.01274 8280
0.012744 8280
0.012748 8280
0.012751 8280
0.012755 8280
0.012759 8280
0.012763 8280
0.012766 8280
0.01277 8280
0.012774 8280
0.012778 8280
0.012781 8280
0.012785 8280
0.012789 8280
0.012793 8280
0.012797 8280
0.0128 8280
0.012804 8280
0.012808 8280
0.012812 8280
0.012815 8280
0.012819 8280
0.012823 8280
0.012827 8280
0.01283 8280
0.012834 8280
0.012838 8280
0.012842 8280
0.012846 8280
0.012849 8280
0.012853 8280
0.012857 8280
0.012861 8280
0.012864 8280
0.012868 8280
0.012872 8280
0.012876 8280
0.012879 8280
0.012883 8280
0.012887 8280
0.012891 8280
0.012895 8280
0.012898 8280
0.012902 8280
0.012906 8280
0.01291 8280
0.012913 8280
0.012917 8280
0.012921 8280
0.012925 8280
0.012928 8280
0.012932 8280
0.012936 8280
0.01294 8280
0.012944 8280
0.012947 8280
0.012951 8280
0.012955 8280
0.012959 8280
0.012962 8280
0.012966 8280
0.01297 8280
0.012974 8280
0.012977 8280
0.012981 8280
0.012985 8280
0.012989 8280
0.012993 8280
0.012996 8280
0.013 8280
0.013004 8280
0.013008 8280
0.013011 8280
0.013015 8280
0.013019 8280
0.013023 8280
0.013026 8280
0.01303 8280
0.013034 8280
0.013038 8280
0.013042 8280
0.013045 8280
0.013049 8280
0.013053 8280
0.013057 8280
0.01306 8280
0.013064 8280
0.013068 8280
0.013072 8280
0.013075 8280
0.013079 8280
0.013083 8280
0.013087 8280
0.013091 8280
0.013094 8280
0.013098 8280
0.013102 8280
0.013106 8280
0.013109 8280
0.013113 8280
0.013117 8280
0.013121 8280
0.013124 8280
0.013128 8280
0.013132 8280
0.013136 8280
0.01314 8280
0.013143 8280
0.013147 8280
0.013151 8280
0.013155 8280
0.013158 8280
0.013162 8280
0.013166 8280
0.01317 8280
0.013173 8280
0.013177 8280
0.013181 8280
0.013185 8280
0.013189 8280
0.013192 8280
1 8280
