3.7692e-06 53782
7.5385e-06 53782
1.1308e-05 53782
1.5077e-05 53781
1.8846e-05 53781
2.2615e-05 53781
2.6385e-05 53781
3.0154e-05 53781
3.3923e-05 53781
3.7692e-05 53781
4.1462e-05 53780
4.5231e-05 53779
4.9e-05 53778
5.2769e-05 53776
5.6538e-05 53774
6.0308e-05 53770
6.4077e-05 53764
6.7846e-05 53756
7.1615e-05 53745
7.5385e-05 53729
7.9154e-05 53706
8.2923e-05 53676
8.6692e-05 53634
9.0462e-05 53577
9.4231e-05 53502
9.8e-05 53402
0.00010177 53272
0.00010554 53103
0.00010931 52888
0.00011308 52616
0.00011685 52275
0.00012062 51854
0.00012438 51340
0.00012815 50719
0.00013192 49980
0.00013569 49109
0.00013946 48099
0.00014323 46941
0.000147 45634
0.00015077 44178
0.00015454 42579
0.00015831 40850
0.00016208 39008
0.00016585 37074
0.00016962 35074
0.00017338 33036
0.00017715 30990
0.00018092 28965
0.00018469 26988
0.00018846 25085
0.00019223 23275
0.000196 21576
0.00019977 19998
0.00020354 18550
0.00020731 17234
0.00021108 16049
0.00021485 14994
0.00021862 14063
0.00022238 13248
0.00022615 12543
0.00022992 11939
0.00023369 11428
0.00023746 11002
0.00024123 10654
0.000245 10376
0.00024877 10162
0.00025254 10006
0.00025631 9903.4
0.00026008 9848.2
0.00026385 9836.5
0.00026762 9864.4
0.00027138 9928.3
0.00027515 10025
0.00027892 10152
0.00028269 10307
0.00028646 10488
0.00029023 10693
0.000294 10920
0.00029777 11168
0.00030154 11435
0.00030531 11722
0.00030908 12026
0.00031285 12348
0.00031662 12687
0.00032038 13042
0.00032415 13413
0.00032792 13800
0.00033169 14203
0.00033546 14621
0.00033923 15054
0.000343 15502
0.00034677 15965
0.00035054 16443
0.00035431 16935
0.00035808 17442
0.00036185 17962
0.00036562 18496
0.00036938 19044
0.00037315 19604
0.00037692 20177
0.00038069 20761
0.00038446 21357
0.00038823 21964
0.000392 22581
0.00039577 23208
0.00039954 23843
0.00040331 24486
0.00040708 25137
0.00041085 25795
0.00041462 26458
0.00041838 27125
0.00042215 27797
0.00042592 28472
0.00042969 29148
0.00043346 29826
0.00043723 30504
0.000441 31181
0.00044477 31857
0.00044854 32530
0.00045231 33199
0.00045608 33864
0.00045985 34523
0.00046362 35177
0.00046738 35823
0.00047115 36462
0.00047492 37091
0.00047869 37712
0.00048246 38323
0.00048623 38923
0.00049 39512
0.00049377 40089
0.00049754 40654
0.00050131 41206
0.00050508 41745
0.00050885 42271
0.00051262 42783
0.00051638 43281
0.00052015 43765
0.00052392 44234
0.00052769 44689
0.00053146 45129
0.00053523 45554
0.000539 45965
0.00054277 46362
0.00054654 46744
0.00055031 47112
0.00055408 47465
0.00055785 47804
0.00056162 48130
0.00056538 48442
0.00056915 48741
0.00057292 49026
0.00057669 49299
0.00058046 49560
0.00058423 49808
0.000588 50044
0.00059177 50269
0.00059554 50483
0.00059931 50686
0.00060308 50879
0.00060685 51062
0.00061062 51235
0.00061438 51398
0.00061815 51553
0.00062192 51699
0.00062569 51837
0.00062946 51967
0.00063323 52090
0.000637 52205
0.00064077 52314
0.00064454 52416
0.00064831 52512
0.00065208 52601
0.00065585 52686
0.00065962 52765
0.00066338 52838
0.00066715 52908
0.00067092 52972
0.00067469 53032
0.00067846 53089
0.00068223 53141
0.000686 53190
0.00068977 53235
0.00069354 53278
0.00069731 53317
0.00070108 53354
0.00070485 53388
0.00070862 53419
0.00071238 53448
0.00071615 53475
0.00071992 53500
0.00072369 53523
0.00072746 53545
0.00073123 53564
0.000735 53583
0.00073877 53600
0.00074254 53615
0.00074631 53629
0.00075008 53642
0.00075385 53655
0.00075762 53666
0.00076138 53676
0.00076515 53685
0.00076892 53694
0.00077269 53702
0.00077646 53709
0.00078023 53715
0.000784 53722
0.00078777 53727
0.00079154 53732
0.00079531 53737
0.00079908 53741
0.00080285 53745
0.00080662 53748
0.00081038 53751
0.00081415 53754
0.00081792 53757
0.00082169 53759
0.00082546 53761
0.00082923 53763
0.000833 53765
0.00083677 53767
0.00084054 53768
0.00084431 53770
0.00084808 53771
0.00085185 53772
0.00085562 53773
0.00085938 53774
0.00086315 53775
0.00086692 53775
0.00087069 53776
0.00087446 53777
0.00087823 53777
0.000882 53778
0.00088577 53778
0.00088954 53778
0.00089331 53779
0.00089708 53779
0.00090085 53779
0.00090462 53780
0.00090838 53780
0.00091215 53780
0.00091592 53780
0.00091969 53780
0.00092346 53780
0.00092723 53781
0.000931 53781
0.00093477 53781
0.00093854 53781
0.00094231 53781
0.00094608 53781
0.00094985 53781
0.00095362 53781
0.00095738 53781
0.00096115 53781
0.00096492 53781
0.00096869 53781
0.00097246 53781
0.00097623 53781
0.00098 53781
0.00098377 53781
0.00098754 53781
0.00099131 53781
0.00099508 53781
0.00099885 53781
0.0010026 53781
0.0010064 53781
0.0010102 53781
0.0010139 53781
0.0010177 53782
0.0010215 53782
0.0010252 53782
0.001029 53782
0.0010328 53782
0.0010365 53782
0.0010403 53782
0.0010441 53782
0.0010478 53782
0.0010516 53782
0.0010554 53782
0.0010592 53782
0.0010629 53782
0.0010667 53782
0.0010705 53782
0.0010742 53782
0.001078 53782
0.0010818 53782
0.0010855 53782
0.0010893 53782
0.0010931 53782
0.0010968 53782
0.0011006 53782
0.0011044 53782
0.0011082 53782
0.0011119 53782
0.0011157 53782
0.0011195 53782
0.0011232 53782
0.001127 53782
0.0011308 53782
0.0011345 53782
0.0011383 53782
0.0011421 53782
0.0011458 53782
0.0011496 53782
0.0011534 53782
0.0011572 53782
0.0011609 53782
0.0011647 53782
0.0011685 53782
0.0011722 53782
0.001176 53782
0.0011798 53782
0.0011835 53782
0.0011873 53782
0.0011911 53782
0.0011948 53782
0.0011986 53782
0.0012024 53782
0.0012062 53782
0.0012099 53782
0.0012137 53782
0.0012175 53782
0.0012212 53782
0.001225 53782
0.0012288 53782
0.0012325 53782
0.0012363 53782
0.0012401 53782
0.0012438 53782
0.0012476 53782
0.0012514 53782
0.0012552 53782
0.0012589 53782
0.0012627 53782
0.0012665 53782
0.0012702 53782
0.001274 53782
0.0012778 53782
0.0012815 53782
0.0012853 53782
0.0012891 53782
0.0012928 53782
0.0012966 53782
0.0013004 53782
0.0013042 53782
0.0013079 53782
0.0013117 53782
0.0013155 53782
0.0013192 53782
0.001323 53782
0.0013268 53782
0.0013305 53782
0.0013343 53782
0.0013381 53782
0.0013418 53782
0.0013456 53782
0.0013494 53782
0.0013532 53782
0.0013569 53782
0.0013607 53782
0.0013645 53782
0.0013682 53782
0.001372 53782
0.0013758 53782
0.0013795 53782
0.0013833 53782
0.0013871 53782
0.0013908 53782
0.0013946 53782
0.0013984 53782
0.0014022 53782
0.0014059 53782
0.0014097 53782
0.0014135 53782
0.0014172 53782
0.001421 53782
0.0014248 53782
0.0014285 53782
0.0014323 53782
0.0014361 53782
0.0014398 53782
0.0014436 53782
0.0014474 53782
0.0014512 53782
0.0014549 53782
0.0014587 53782
0.0014625 53782
0.0014662 53782
0.00147 53782
0.0014738 53782
0.0014775 53782
0.0014813 53782
0.0014851 53782
0.0014888 53782
0.0014926 53782
0.0014964 53782
0.0015002 53782
0.0015039 53782
0.0015077 53782
0.0015115 53782
0.0015152 53782
0.001519 53782
0.0015228 53782
0.0015265 53782
0.0015303 53782
0.0015341 53782
0.0015378 53782
0.0015416 53782
0.0015454 53782
0.0015492 53782
0.0015529 53782
0.0015567 53782
0.0015605 53782
0.0015642 53782
0.001568 53782
0.0015718 53782
0.0015755 53782
0.0015793 53782
0.0015831 53782
0.0015868 53782
0.0015906 53782
0.0015944 53782
0.0015982 53782
0.0016019 53782
0.0016057 53782
0.0016095 53782
0.0016132 53782
0.001617 53782
0.0016208 53782
0.0016245 53782
0.0016283 53782
0.0016321 53782
0.0016358 53782
0.0016396 53782
0.0016434 53782
0.0016472 53782
0.0016509 53782
0.0016547 53782
0.0016585 53782
0.0016622 53782
0.001666 53782
0.0016698 53782
0.0016735 53782
0.0016773 53782
0.0016811 53782
0.0016848 53782
0.0016886 53782
0.0016924 53782
0.0016962 53782
0.0016999 53782
0.0017037 53782
0.0017075 53782
0.0017112 53782
0.001715 53782
0.0017188 53782
0.0017225 53782
0.0017263 53782
0.0017301 53782
0.0017338 53782
0.0017376 53782
0.0017414 53782
0.0017452 53782
0.0017489 53782
0.0017527 53782
0.0017565 53782
0.0017602 53782
0.001764 53782
0.0017678 53782
0.0017715 53782
0.0017753 53782
0.0017791 53782
0.0017828 53782
0.0017866 53782
0.0017904 53782
0.0017942 53782
0.0017979 53782
0.0018017 53782
0.0018055 53782
0.0018092 53782
0.001813 53782
0.0018168 53782
0.0018205 53782
0.0018243 53782
0.0018281 53782
0.0018318 53782
0.0018356 53782
0.0018394 53782
0.0018432 53782
0.0018469 53782
0.0018507 53782
0.0018545 53782
0.0018582 53782
0.001862 53782
0.0018658 53782
0.0018695 53782
0.0018733 53782
0.0018771 53782
0.0018808 53782
0.0018846 53782
0.0018884 53782
0.0018922 53782
0.0018959 53782
0.0018997 53782
0.0019035 53782
0.0019072 53782
0.001911 53782
0.0019148 53782
0.0019185 53782
0.0019223 53782
0.0019261 53782
0.0019298 53782
0.0019336 53782
0.0019374 53782
0.0019412 53782
0.0019449 53782
0.0019487 53782
0.0019525 53782
0.0019562 53782
0.00196 53782
0.0019638 53782
0.0019675 53782
0.0019713 53782
0.0019751 53782
0.0019788 53782
0.0019826 53782
0.0019864 53782
0.0019902 53782
0.0019939 53782
0.0019977 53782
0.0020015 53782
0.0020052 53782
0.002009 53782
0.0020128 53782
0.0020165 53782
0.0020203 53782
0.0020241 53782
0.0020278 53782
0.0020316 53782
0.0020354 53782
0.0020392 53782
0.0020429 53782
0.0020467 53782
0.0020505 53782
0.0020542 53782
0.002058 53782
0.0020618 53782
0.0020655 53782
0.0020693 53782
0.0020731 53782
0.0020768 53782
0.0020806 53782
0.0020844 53782
0.0020882 53782
0.0020919 53782
0.0020957 53782
0.0020995 53782
0.0021032 53782
0.002107 53782
0.0021108 53782
0.0021145 53782
0.0021183 53782
0.0021221 53782
0.0021258 53782
0.0021296 53782
0.0021334 53782
0.0021372 53782
0.0021409 53782
0.0021447 53782
0.0021485 53782
0.0021522 53782
0.002156 53782
0.0021598 53782
0.0021635 53782
0.0021673 53782
0.0021711 53782
0.0021748 53782
0.0021786 53782
0.0021824 53782
0.0021862 53782
0.0021899 53782
0.0021937 53782
0.0021975 53782
0.0022012 53782
0.002205 53782
0.0022088 53782
0.0022125 53782
0.0022163 53782
0.0022201 53782
0.0022238 53782
0.0022276 53782
0.0022314 53782
0.0022352 53782
0.0022389 53782
0.0022427 53782
0.0022465 53782
0.0022502 53782
0.002254 53782
0.0022578 53782
0.0022615 53782
0.0022653 53782
0.0022691 53782
0.0022728 53782
0.0022766 53782
0.0022804 53782
0.0022842 53782
0.0022879 53782
0.0022917 53782
0.0022955 53782
0.0022992 53782
0.002303 53782
0.0023068 53782
0.0023105 53782
0.0023143 53782
0.0023181 53782
0.0023218 53782
0.0023256 53782
0.0023294 53782
0.0023332 53782
0.0023369 53782
0.0023407 53782
0.0023445 53782
0.0023482 53782
0.002352 53782
0.0023558 53782
0.0023595 53782
0.0023633 53782
0.0023671 53782
0.0023708 53782
0.0023746 53782
0.0023784 53782
0.0023822 53782
0.0023859 53782
0.0023897 53782
0.0023935 53782
0.0023972 53782
0.002401 53782
0.0024048 53782
0.0024085 53782
0.0024123 53782
0.0024161 53782
0.0024198 53782
0.0024236 53782
0.0024274 53782
0.0024312 53782
0.0024349 53782
0.0024387 53782
0.0024425 53782
0.0024462 53782
0.00245 53782
0.0024538 53782
0.0024575 53782
0.0024613 53782
0.0024651 53782
0.0024688 53782
0.0024726 53782
0.0024764 53782
0.0024802 53782
0.0024839 53782
0.0024877 53782
0.0024915 53782
0.0024952 53782
0.002499 53782
0.0025028 53782
0.0025065 53782
0.0025103 53782
0.0025141 53782
0.0025178 53782
0.0025216 53782
0.0025254 53782
0.0025292 53782
0.0025329 53782
0.0025367 53782
0.0025405 53782
0.0025442 53782
0.002548 53782
0.0025518 53782
0.0025555 53782
0.0025593 53782
0.0025631 53782
0.0025668 53782
0.0025706 53782
0.0025744 53782
0.0025782 53782
0.0025819 53782
0.0025857 53782
0.0025895 53782
0.0025932 53782
0.002597 53782
0.0026008 53782
0.0026045 53782
0.0026083 53782
0.0026121 53782
0.0026158 53782
0.0026196 53782
0.0026234 53782
0.0026272 53782
0.0026309 53782
0.0026347 53782
0.0026385 53782
0.0026422 53782
0.002646 53782
0.0026498 53782
0.0026535 53782
0.0026573 53782
0.0026611 53782
0.0026648 53782
0.0026686 53782
0.0026724 53782
0.0026762 53782
0.0026799 53782
0.0026837 53782
0.0026875 53782
0.0026912 53782
0.002695 53782
0.0026988 53782
0.0027025 53782
0.0027063 53782
0.0027101 53782
0.0027138 53782
0.0027176 53782
0.0027214 53782
0.0027252 53782
0.0027289 53782
0.0027327 53782
0.0027365 53782
0.0027402 53782
0.002744 53782
0.0027478 53782
0.0027515 53782
0.0027553 53782
0.0027591 53782
0.0027628 53782
0.0027666 53782
0.0027704 53782
0.0027742 53782
0.0027779 53782
0.0027817 53782
0.0027855 53782
0.0027892 53782
0.002793 53782
0.0027968 53782
0.0028005 53782
0.0028043 53782
0.0028081 53782
0.0028118 53782
0.0028156 53782
0.0028194 53782
0.0028232 53782
0.0028269 53782
0.0028307 53782
0.0028345 53782
0.0028382 53782
0.002842 53782
0.0028458 53782
0.0028495 53782
0.0028533 53782
0.0028571 53782
0.0028608 53782
0.0028646 53782
0.0028684 53782
0.0028722 53782
0.0028759 53782
0.0028797 53782
0.0028835 53782
0.0028872 53782
0.002891 53782
0.0028948 53782
0.0028985 53782
0.0029023 53782
0.0029061 53782
0.0029098 53782
0.0029136 53782
0.0029174 53782
0.0029212 53782
0.0029249 53782
0.0029287 53782
0.0029325 53782
0.0029362 53782
0.00294 53782
0.0029438 53782
0.0029475 53782
0.0029513 53782
0.0029551 53782
0.0029588 53782
0.0029626 53782
0.0029664 53782
0.0029702 53782
0.0029739 53782
0.0029777 53782
0.0029815 53782
0.0029852 53782
0.002989 53782
0.0029928 53782
0.0029965 53782
0.0030003 53782
0.0030041 53782
0.0030078 53782
0.0030116 53782
0.0030154 53782
0.0030192 53782
0.0030229 53782
0.0030267 53782
0.0030305 53782
0.0030342 53782
0.003038 53782
0.0030418 53782
0.0030455 53782
0.0030493 53782
0.0030531 53782
0.0030568 53782
0.0030606 53782
0.0030644 53782
0.0030682 53782
0.0030719 53782
0.0030757 53782
0.0030795 53782
0.0030832 53782
0.003087 53782
0.0030908 53782
0.0030945 53782
0.0030983 53782
0.0031021 53782
0.0031058 53782
0.0031096 53782
0.0031134 53782
0.0031172 53782
0.0031209 53782
0.0031247 53782
0.0031285 53782
0.0031322 53782
0.003136 53782
0.0031398 53782
0.0031435 53782
0.0031473 53782
0.0031511 53782
0.0031548 53782
0.0031586 53782
0.0031624 53782
0.0031662 53782
0.0031699 53782
0.0031737 53782
0.0031775 53782
0.0031812 53782
0.003185 53782
0.0031888 53782
0.0031925 53782
0.0031963 53782
0.0032001 53782
0.0032038 53782
0.0032076 53782
0.0032114 53782
0.0032152 53782
0.0032189 53782
0.0032227 53782
0.0032265 53782
0.0032302 53782
0.003234 53782
0.0032378 53782
0.0032415 53782
0.0032453 53782
0.0032491 53782
0.0032528 53782
0.0032566 53782
0.0032604 53782
0.0032642 53782
0.0032679 53782
0.0032717 53782
0.0032755 53782
0.0032792 53782
0.003283 53782
0.0032868 53782
0.0032905 53782
0.0032943 53782
0.0032981 53782
0.0033018 53782
0.0033056 53782
0.0033094 53782
0.0033132 53782
0.0033169 53782
0.0033207 53782
0.0033245 53782
0.0033282 53782
0.003332 53782
0.0033358 53782
0.0033395 53782
0.0033433 53782
0.0033471 53782
0.0033508 53782
0.0033546 53782
0.0033584 53782
0.0033622 53782
0.0033659 53782
0.0033697 53782
0.0033735 53782
0.0033772 53782
0.003381 53782
0.0033848 53782
0.0033885 53782
0.0033923 53782
0.0033961 53782
0.0033998 53782
0.0034036 53782
0.0034074 53782
0.0034112 53782
0.0034149 53782
0.0034187 53782
0.0034225 53782
0.0034262 53782
0.00343 53782
0.0034338 53782
0.0034375 53782
0.0034413 53782
0.0034451 53782
0.0034488 53782
0.0034526 53782
0.0034564 53782
0.0034602 53782
0.0034639 53782
0.0034677 53782
0.0034715 53782
0.0034752 53782
0.003479 53782
0.0034828 53782
0.0034865 53782
0.0034903 53782
0.0034941 53782
0.0034978 53782
0.0035016 53782
0.0035054 53782
0.0035092 53782
0.0035129 53782
0.0035167 53782
0.0035205 53782
0.0035242 53782
0.003528 53782
0.0035318 53782
0.0035355 53782
0.0035393 53782
0.0035431 53782
0.0035468 53782
0.0035506 53782
0.0035544 53782
0.0035582 53782
0.0035619 53782
0.0035657 53782
0.0035695 53782
0.0035732 53782
0.003577 53782
0.0035808 53782
0.0035845 53782
0.0035883 53782
0.0035921 53782
0.0035958 53782
0.0035996 53782
0.0036034 53782
0.0036072 53782
0.0036109 53782
0.0036147 53782
0.0036185 53782
0.0036222 53782
0.003626 53782
0.0036298 53782
0.0036335 53782
0.0036373 53782
0.0036411 53782
0.0036448 53782
0.0036486 53782
0.0036524 53782
0.0036562 53782
0.0036599 53782
0.0036637 53782
0.0036675 53782
0.0036712 53782
0.003675 53782
0.0036788 53782
0.0036825 53782
0.0036863 53782
0.0036901 53782
0.0036938 53782
0.0036976 53782
0.0037014 53782
0.0037052 53782
0.0037089 53782
0.0037127 53782
0.0037165 53782
0.0037202 53782
0.003724 53782
0.0037278 53782
0.0037315 53782
0.0037353 53782
0.0037391 53782
0.0037428 53782
0.0037466 53782
0.0037504 53782
0.0037542 53782
0.0037579 53782
0.0037617 53782
0.0037655 53782
0.0037692 53782
0.003773 53782
0.0037768 53782
0.0037805 53782
0.0037843 53782
0.0037881 53782
0.0037918 53782
0.0037956 53782
0.0037994 53782
0.0038032 53782
0.0038069 53782
0.0038107 53782
0.0038145 53782
0.0038182 53782
0.003822 53782
0.0038258 53782
0.0038295 53782
0.0038333 53782
0.0038371 53782
0.0038408 53782
0.0038446 53782
0.0038484 53782
0.0038522 53782
0.0038559 53782
0.0038597 53782
0.0038635 53782
0.0038672 53782
0.003871 53782
0.0038748 53782
0.0038785 53782
0.0038823 53782
0.0038861 53782
0.0038898 53782
0.0038936 53782
0.0038974 53782
0.0039012 53782
0.0039049 53782
0.0039087 53782
0.0039125 53782
0.0039162 53782
0.00392 53782
0.0039238 53782
0.0039275 53782
0.0039313 53782
0.0039351 53782
0.0039388 53782
0.0039426 53782
0.0039464 53782
0.0039502 53782
0.0039539 53782
0.0039577 53782
0.0039615 53782
0.0039652 53782
0.003969 53782
0.0039728 53782
0.0039765 53782
0.0039803 53782
0.0039841 53782
0.0039878 53782
0.0039916 53782
0.0039954 53782
0.0039992 53782
0.0040029 53782
0.0040067 53782
0.0040105 53782
0.0040142 53782
0.004018 53782
0.0040218 53782
0.0040255 53782
0.0040293 53782
0.0040331 53782
0.0040368 53782
0.0040406 53782
0.0040444 53782
0.0040482 53782
0.0040519 53782
0.0040557 53782
0.0040595 53782
0.0040632 53782
0.004067 53782
0.0040708 53782
0.0040745 53782
0.0040783 53782
0.0040821 53782
0.0040858 53782
0.0040896 53782
0.0040934 53782
0.0040972 53782
0.0041009 53782
0.0041047 53782
0.0041085 53782
0.0041122 53782
0.004116 53782
0.0041198 53782
0.0041235 53782
0.0041273 53782
0.0041311 53782
0.0041348 53782
0.0041386 53782
0.0041424 53782
0.0041462 53782
0.0041499 53782
0.0041537 53782
0.0041575 53782
0.0041612 53782
0.004165 53782
0.0041688 53782
0.0041725 53782
0.0041763 53782
0.0041801 53782
0.0041838 53782
0.0041876 53782
0.0041914 53782
0.0041952 53782
0.0041989 53782
0.0042027 53782
0.0042065 53782
0.0042102 53782
0.004214 53782
0.0042178 53782
0.0042215 53782
0.0042253 53782
0.0042291 53782
0.0042328 53782
0.0042366 53782
0.0042404 53782
0.0042442 53782
0.0042479 53782
0.0042517 53782
0.0042555 53782
0.0042592 53782
0.004263 53782
0.0042668 53782
0.0042705 53782
0.0042743 53782
0.0042781 53782
0.0042818 53782
0.0042856 53782
0.0042894 53782
0.0042932 53782
0.0042969 53782
0.0043007 53782
0.0043045 53782
0.0043082 53782
0.004312 53782
0.0043158 53782
0.0043195 53782
0.0043233 53782
0.0043271 53782
0.0043308 53782
0.0043346 53782
0.0043384 53782
0.0043422 53782
0.0043459 53782
0.0043497 53782
0.0043535 53782
0.0043572 53782
0.004361 53782
0.0043648 53782
0.0043685 53782
0.0043723 53782
0.0043761 53782
0.0043798 53782
0.0043836 53782
0.0043874 53782
0.0043912 53782
0.0043949 53782
0.0043987 53782
0.0044025 53782
0.0044062 53782
0.00441 53782
0.0044138 53782
0.0044175 53782
0.0044213 53782
0.0044251 53782
0.0044288 53782
0.0044326 53782
0.0044364 53782
0.0044402 53782
0.0044439 53782
0.0044477 53782
0.0044515 53782
0.0044552 53782
0.004459 53782
0.0044628 53782
0.0044665 53782
0.0044703 53782
0.0044741 53782
0.0044778 53782
0.0044816 53782
0.0044854 53782
0.0044892 53782
0.0044929 53782
0.0044967 53782
0.0045005 53782
0.0045042 53782
0.004508 53782
0.0045118 53782
0.0045155 53782
0.0045193 53782
0.0045231 53782
0.0045268 53782
0.0045306 53782
0.0045344 53782
0.0045382 53782
0.0045419 53782
0.0045457 53782
0.0045495 53782
0.0045532 53782
0.004557 53782
0.0045608 53782
0.0045645 53782
0.0045683 53782
0.0045721 53782
0.0045758 53782
0.0045796 53782
0.0045834 53782
0.0045872 53782
0.0045909 53782
0.0045947 53782
0.0045985 53782
0.0046022 53782
0.004606 53782
0.0046098 53782
0.0046135 53782
0.0046173 53782
0.0046211 53782
0.0046248 53782
0.0046286 53782
0.0046324 53782
0.0046362 53782
0.0046399 53782
0.0046437 53782
0.0046475 53782
0.0046512 53782
0.004655 53782
0.0046588 53782
0.0046625 53782
0.0046663 53782
0.0046701 53782
0.0046738 53782
0.0046776 53782
0.0046814 53782
0.0046852 53782
0.0046889 53782
0.0046927 53782
0.0046965 53782
0.0047002 53782
0.004704 53782
0.0047078 53782
0.0047115 53782
0.0047153 53782
0.0047191 53782
0.0047228 53782
0.0047266 53782
0.0047304 53782
0.0047342 53782
0.0047379 53782
0.0047417 53782
0.0047455 53782
0.0047492 53782
0.004753 53782
0.0047568 53782
0.0047605 53782
0.0047643 53782
0.0047681 53782
0.0047718 53782
0.0047756 53782
0.0047794 53782
0.0047832 53782
0.0047869 53782
0.0047907 53782
0.0047945 53782
0.0047982 53782
0.004802 53782
0.0048058 53782
0.0048095 53782
0.0048133 53782
0.0048171 53782
0.0048208 53782
0.0048246 53782
0.0048284 53782
0.0048322 53782
0.0048359 53782
0.0048397 53782
0.0048435 53782
0.0048472 53782
0.004851 53782
0.0048548 53782
0.0048585 53782
0.0048623 53782
0.0048661 53782
0.0048698 53782
0.0048736 53782
0.0048774 53782
0.0048812 53782
0.0048849 53782
0.0048887 53782
0.0048925 53782
0.0048962 53782
0.0049 53782
0.0049038 53782
0.0049075 53782
0.0049113 53782
0.0049151 53782
0.0049188 53782
0.0049226 53782
0.0049264 53782
0.0049302 53782
0.0049339 53782
0.0049377 53782
0.0049415 53782
0.0049452 53782
0.004949 53782
0.0049528 53782
0.0049565 53782
0.0049603 53782
0.0049641 53782
0.0049678 53782
0.0049716 53782
0.0049754 53782
0.0049792 53782
0.0049829 53782
0.0049867 53782
0.0049905 53782
0.0049942 53782
0.004998 53782
0.0050018 53782
0.0050055 53782
0.0050093 53782
0.0050131 53782
0.0050168 53782
0.0050206 53782
0.0050244 53782
0.0050282 53782
0.0050319 53782
0.0050357 53782
0.0050395 53782
0.0050432 53782
0.005047 53782
0.0050508 53782
0.0050545 53782
0.0050583 53782
0.0050621 53782
0.0050658 53782
0.0050696 53782
0.0050734 53782
0.0050772 53782
0.0050809 53782
0.0050847 53782
0.0050885 53782
0.0050922 53782
0.005096 53782
0.0050998 53782
0.0051035 53782
0.0051073 53782
0.0051111 53782
0.0051148 53782
0.0051186 53782
0.0051224 53782
0.0051262 53782
0.0051299 53782
0.0051337 53782
0.0051375 53782
0.0051412 53782
0.005145 53782
0.0051488 53782
0.0051525 53782
0.0051563 53782
0.0051601 53782
0.0051638 53782
0.0051676 53782
0.0051714 53782
0.0051752 53782
0.0051789 53782
0.0051827 53782
0.0051865 53782
0.0051902 53782
0.005194 53782
0.0051978 53782
0.0052015 53782
0.0052053 53782
0.0052091 53782
0.0052128 53782
0.0052166 53782
0.0052204 53782
0.0052242 53782
0.0052279 53782
0.0052317 53782
0.0052355 53782
0.0052392 53782
0.005243 53782
0.0052468 53782
0.0052505 53782
0.0052543 53782
0.0052581 53782
0.0052618 53782
0.0052656 53782
0.0052694 53782
0.0052732 53782
0.0052769 53782
0.0052807 53782
0.0052845 53782
0.0052882 53782
0.005292 53782
0.0052958 53782
0.0052995 53782
0.0053033 53782
0.0053071 53782
0.0053108 53782
0.0053146 53782
0.0053184 53782
0.0053222 53782
0.0053259 53782
0.0053297 53782
0.0053335 53782
0.0053372 53782
0.005341 53782
0.0053448 53782
0.0053485 53782
0.0053523 53782
0.0053561 53782
0.0053598 53782
0.0053636 53782
0.0053674 53782
0.0053712 53782
0.0053749 53782
0.0053787 53782
0.0053825 53782
0.0053862 53782
0.00539 53782
0.0053938 53782
0.0053975 53782
0.0054013 53782
0.0054051 53782
0.0054088 53782
0.0054126 53782
0.0054164 53782
0.0054202 53782
0.0054239 53782
0.0054277 53782
0.0054315 53782
0.0054352 53782
0.005439 53782
0.0054428 53782
0.0054465 53782
0.0054503 53782
0.0054541 53782
0.0054578 53782
0.0054616 53782
0.0054654 53782
0.0054692 53782
0.0054729 53782
0.0054767 53782
0.0054805 53782
0.0054842 53782
0.005488 53782
0.0054918 53782
0.0054955 53782
0.0054993 53782
0.0055031 53782
0.0055068 53782
0.0055106 53782
0.0055144 53782
0.0055182 53782
0.0055219 53782
0.0055257 53782
0.0055295 53782
0.0055332 53782
0.005537 53782
0.0055408 53782
0.0055445 53782
0.0055483 53782
0.0055521 53782
0.0055558 53782
0.0055596 53782
0.0055634 53782
0.0055672 53782
0.0055709 53782
0.0055747 53782
0.0055785 53782
0.0055822 53782
0.005586 53782
0.0055898 53782
0.0055935 53782
0.0055973 53782
0.0056011 53782
0.0056048 53782
0.0056086 53782
0.0056124 53782
0.0056162 53782
0.0056199 53782
0.0056237 53782
0.0056275 53782
0.0056312 53782
0.005635 53782
0.0056388 53782
0.0056425 53782
0.0056463 53782
0.0056501 53782
0.0056538 53782
0.0056576 53782
0.0056614 53782
0.0056652 53782
0.0056689 53782
0.0056727 53782
0.0056765 53782
0.0056802 53782
0.005684 53782
0.0056878 53782
0.0056915 53782
0.0056953 53782
0.0056991 53782
0.0057028 53782
0.0057066 53782
0.0057104 53782
0.0057142 53782
0.0057179 53782
0.0057217 53782
0.0057255 53782
0.0057292 53782
0.005733 53782
0.0057368 53782
0.0057405 53782
0.0057443 53782
0.0057481 53782
0.0057518 53782
0.0057556 53782
0.0057594 53782
0.0057632 53782
0.0057669 53782
0.0057707 53782
0.0057745 53782
0.0057782 53782
0.005782 53782
0.0057858 53782
0.0057895 53782
0.0057933 53782
0.0057971 53782
0.0058008 53782
0.0058046 53782
0.0058084 53782
0.0058122 53782
0.0058159 53782
0.0058197 53782
0.0058235 53782
0.0058272 53782
0.005831 53782
0.0058348 53782
0.0058385 53782
0.0058423 53782
0.0058461 53782
0.0058498 53782
0.0058536 53782
0.0058574 53782
0.0058612 53782
0.0058649 53782
0.0058687 53782
0.0058725 53782
0.0058762 53782
0.00588 53782
0.0058838 53782
0.0058875 53782
0.0058913 53782
0.0058951 53782
0.0058988 53782
0.0059026 53782
0.0059064 53782
0.0059102 53782
0.0059139 53782
0.0059177 53782
0.0059215 53782
0.0059252 53782
0.005929 53782
0.0059328 53782
0.0059365 53782
0.0059403 53782
0.0059441 53782
0.0059478 53782
0.0059516 53782
0.0059554 53782
0.0059592 53782
0.0059629 53782
0.0059667 53782
0.0059705 53782
0.0059742 53782
0.005978 53782
0.0059818 53782
0.0059855 53782
0.0059893 53782
0.0059931 53782
0.0059968 53782
0.0060006 53782
0.0060044 53782
0.0060082 53782
0.0060119 53782
0.0060157 53782
0.0060195 53782
0.0060232 53782
0.006027 53782
0.0060308 53782
0.0060345 53782
0.0060383 53782
0.0060421 53782
0.0060458 53782
0.0060496 53782
0.0060534 53782
0.0060572 53782
0.0060609 53782
0.0060647 53782
0.0060685 53782
0.0060722 53782
0.006076 53782
0.0060798 53782
0.0060835 53782
0.0060873 53782
0.0060911 53782
0.0060948 53782
0.0060986 53782
0.0061024 53782
0.0061062 53782
0.0061099 53782
0.0061137 53782
0.0061175 53782
0.0061212 53782
0.006125 53782
0.0061288 53782
0.0061325 53782
0.0061363 53782
0.0061401 53782
0.0061438 53782
0.0061476 53782
0.0061514 53782
0.0061552 53782
0.0061589 53782
0.0061627 53782
0.0061665 53782
0.0061702 53782
0.006174 53782
0.0061778 53782
0.0061815 53782
0.0061853 53782
0.0061891 53782
0.0061928 53782
0.0061966 53782
0.0062004 53782
0.0062042 53782
0.0062079 53782
0.0062117 53782
0.0062155 53782
0.0062192 53782
0.006223 53782
0.0062268 53782
0.0062305 53782
0.0062343 53782
0.0062381 53782
0.0062418 53782
0.0062456 53782
0.0062494 53782
0.0062532 53782
0.0062569 53782
0.0062607 53782
0.0062645 53782
0.0062682 53782
0.006272 53782
0.0062758 53782
0.0062795 53782
0.0062833 53782
0.0062871 53782
0.0062908 53782
0.0062946 53782
0.0062984 53782
0.0063022 53782
0.0063059 53782
0.0063097 53782
0.0063135 53782
0.0063172 53782
0.006321 53782
0.0063248 53782
0.0063285 53782
0.0063323 53782
0.0063361 53782
0.0063398 53782
0.0063436 53782
0.0063474 53782
0.0063512 53782
0.0063549 53782
0.0063587 53782
0.0063625 53782
0.0063662 53782
0.00637 53782
0.0063738 53782
0.0063775 53782
0.0063813 53782
0.0063851 53782
0.0063888 53782
0.0063926 53782
0.0063964 53782
0.0064002 53782
0.0064039 53782
0.0064077 53782
0.0064115 53782
0.0064152 53782
0.006419 53782
0.0064228 53782
0.0064265 53782
0.0064303 53782
0.0064341 53782
0.0064378 53782
0.0064416 53782
0.0064454 53782
0.0064492 53782
0.0064529 53782
0.0064567 53782
0.0064605 53782
0.0064642 53782
0.006468 53782
0.0064718 53782
0.0064755 53782
0.0064793 53782
0.0064831 53782
0.0064868 53782
0.0064906 53782
0.0064944 53782
0.0064982 53782
0.0065019 53782
0.0065057 53782
0.0065095 53782
0.0065132 53782
0.006517 53782
0.0065208 53782
0.0065245 53782
0.0065283 53782
0.0065321 53782
0.0065358 53782
0.0065396 53782
0.0065434 53782
0.0065472 53782
0.0065509 53782
0.0065547 53782
0.0065585 53782
0.0065622 53782
0.006566 53782
0.0065698 53782
0.0065735 53782
0.0065773 53782
0.0065811 53782
0.0065848 53782
0.0065886 53782
0.0065924 53782
0.0065962 53782
0.0065999 53782
0.0066037 53782
0.0066075 53782
0.0066112 53782
0.006615 53782
0.0066188 53782
0.0066225 53782
0.0066263 53782
0.0066301 53782
0.0066338 53782
0.0066376 53782
0.0066414 53782
0.0066452 53782
0.0066489 53782
0.0066527 53782
0.0066565 53782
0.0066602 53782
0.006664 53782
0.0066678 53782
0.0066715 53782
0.0066753 53782
0.0066791 53782
0.0066828 53782
0.0066866 53782
0.0066904 53782
0.0066942 53782
0.0066979 53782
0.0067017 53782
0.0067055 53782
0.0067092 53782
0.006713 53782
0.0067168 53782
0.0067205 53782
0.0067243 53782
0.0067281 53782
0.0067318 53782
0.0067356 53782
0.0067394 53782
0.0067432 53782
0.0067469 53782
0.0067507 53782
0.0067545 53782
0.0067582 53782
0.006762 53782
0.0067658 53782
0.0067695 53782
0.0067733 53782
0.0067771 53782
0.0067808 53782
0.0067846 53782
0.0067884 53782
0.0067922 53782
0.0067959 53782
0.0067997 53782
0.0068035 53782
0.0068072 53782
0.006811 53782
0.0068148 53782
0.0068185 53782
0.0068223 53782
0.0068261 53782
0.0068298 53782
0.0068336 53782
0.0068374 53782
0.0068412 53782
0.0068449 53782
0.0068487 53782
0.0068525 53782
0.0068562 53782
0.00686 53782
0.0068638 53782
0.0068675 53782
0.0068713 53782
0.0068751 53782
0.0068788 53782
0.0068826 53782
0.0068864 53782
0.0068902 53782
0.0068939 53782
0.0068977 53782
0.0069015 53782
0.0069052 53782
0.006909 53782
0.0069128 53782
0.0069165 53782
0.0069203 53782
0.0069241 53782
0.0069278 53782
0.0069316 53782
0.0069354 53782
0.0069392 53782
0.0069429 53782
0.0069467 53782
0.0069505 53782
0.0069542 53782
0.006958 53782
0.0069618 53782
0.0069655 53782
0.0069693 53782
0.0069731 53782
0.0069768 53782
0.0069806 53782
0.0069844 53782
0.0069882 53782
0.0069919 53782
0.0069957 53782
0.0069995 53782
0.0070032 53782
0.007007 53782
0.0070108 53782
0.0070145 53782
0.0070183 53782
0.0070221 53782
0.0070258 53782
0.0070296 53782
0.0070334 53782
0.0070372 53782
0.0070409 53782
0.0070447 53782
0.0070485 53782
0.0070522 53782
0.007056 53782
0.0070598 53782
0.0070635 53782
0.0070673 53782
0.0070711 53782
0.0070748 53782
0.0070786 53782
0.0070824 53782
0.0070862 53782
0.0070899 53782
0.0070937 53782
0.0070975 53782
0.0071012 53782
0.007105 53782
0.0071088 53782
0.0071125 53782
0.0071163 53782
0.0071201 53782
0.0071238 53782
0.0071276 53782
0.0071314 53782
0.0071352 53782
0.0071389 53782
0.0071427 53782
0.0071465 53782
0.0071502 53782
0.007154 53782
0.0071578 53782
0.0071615 53782
0.0071653 53782
0.0071691 53782
0.0071728 53782
0.0071766 53782
0.0071804 53782
0.0071842 53782
0.0071879 53782
0.0071917 53782
0.0071955 53782
0.0071992 53782
0.007203 53782
0.0072068 53782
0.0072105 53782
0.0072143 53782
0.0072181 53782
0.0072218 53782
0.0072256 53782
0.0072294 53782
0.0072332 53782
0.0072369 53782
0.0072407 53782
0.0072445 53782
0.0072482 53782
0.007252 53782
0.0072558 53782
0.0072595 53782
0.0072633 53782
0.0072671 53782
0.0072708 53782
0.0072746 53782
0.0072784 53782
0.0072822 53782
0.0072859 53782
0.0072897 53782
0.0072935 53782
0.0072972 53782
0.007301 53782
0.0073048 53782
0.0073085 53782
0.0073123 53782
0.0073161 53782
0.0073198 53782
0.0073236 53782
0.0073274 53782
0.0073312 53782
0.0073349 53782
0.0073387 53782
0.0073425 53782
0.0073462 53782
0.00735 53782
0.0073538 53782
0.0073575 53782
0.0073613 53782
0.0073651 53782
0.0073688 53782
0.0073726 53782
0.0073764 53782
0.0073802 53782
0.0073839 53782
0.0073877 53782
0.0073915 53782
0.0073952 53782
0.007399 53782
0.0074028 53782
0.0074065 53782
0.0074103 53782
0.0074141 53782
0.0074178 53782
0.0074216 53782
0.0074254 53782
0.0074292 53782
0.0074329 53782
0.0074367 53782
0.0074405 53782
0.0074442 53782
0.007448 53782
0.0074518 53782
0.0074555 53782
0.0074593 53782
0.0074631 53782
0.0074668 53782
0.0074706 53782
0.0074744 53782
0.0074782 53782
0.0074819 53782
0.0074857 53782
0.0074895 53782
0.0074932 53782
0.007497 53782
0.0075008 53782
0.0075045 53782
0.0075083 53782
0.0075121 53782
0.0075158 53782
0.0075196 53782
0.0075234 53782
0.0075272 53782
0.0075309 53782
0.0075347 53782
0.0075385 53782
0.0075422 53782
0.007546 53782
0.0075498 53782
0.0075535 53782
0.0075573 53782
0.0075611 53782
0.0075648 53782
0.0075686 53782
0.0075724 53782
0.0075762 53782
0.0075799 53782
0.0075837 53782
0.0075875 53782
0.0075912 53782
0.007595 53782
0.0075988 53782
0.0076025 53782
0.0076063 53782
0.0076101 53782
0.0076138 53782
0.0076176 53782
0.0076214 53782
0.0076252 53782
0.0076289 53782
0.0076327 53782
0.0076365 53782
0.0076402 53782
0.007644 53782
0.0076478 53782
0.0076515 53782
0.0076553 53782
0.0076591 53782
0.0076628 53782
0.0076666 53782
0.0076704 53782
0.0076742 53782
0.0076779 53782
0.0076817 53782
0.0076855 53782
0.0076892 53782
0.007693 53782
0.0076968 53782
0.0077005 53782
0.0077043 53782
0.0077081 53782
0.0077118 53782
0.0077156 53782
0.0077194 53782
0.0077232 53782
0.0077269 53782
0.0077307 53782
0.0077345 53782
0.0077382 53782
0.007742 53782
0.0077458 53782
0.0077495 53782
0.0077533 53782
0.0077571 53782
0.0077608 53782
0.0077646 53782
0.0077684 53782
0.0077722 53782
0.0077759 53782
0.0077797 53782
0.0077835 53782
0.0077872 53782
0.007791 53782
0.0077948 53782
0.0077985 53782
0.0078023 53782
0.0078061 53782
0.0078098 53782
0.0078136 53782
0.0078174 53782
0.0078212 53782
0.0078249 53782
0.0078287 53782
0.0078325 53782
0.0078362 53782
0.00784 53782
0.0078438 53782
0.0078475 53782
0.0078513 53782
0.0078551 53782
0.0078588 53782
0.0078626 53782
0.0078664 53782
0.0078702 53782
0.0078739 53782
0.0078777 53782
0.0078815 53782
0.0078852 53782
0.007889 53782
0.0078928 53782
0.0078965 53782
0.0079003 53782
0.0079041 53782
0.0079078 53782
0.0079116 53782
0.0079154 53782
0.0079192 53782
0.0079229 53782
0.0079267 53782
0.0079305 53782
0.0079342 53782
0.007938 53782
0.0079418 53782
0.0079455 53782
0.0079493 53782
0.0079531 53782
0.0079568 53782
0.0079606 53782
0.0079644 53782
0.0079682 53782
0.0079719 53782
0.0079757 53782
0.0079795 53782
0.0079832 53782
0.007987 53782
0.0079908 53782
0.0079945 53782
0.0079983 53782
0.0080021 53782
0.0080058 53782
0.0080096 53782
0.0080134 53782
0.0080172 53782
0.0080209 53782
0.0080247 53782
0.0080285 53782
0.0080322 53782
0.008036 53782
0.0080398 53782
0.0080435 53782
0.0080473 53782
0.0080511 53782
0.0080548 53782
0.0080586 53782
0.0080624 53782
0.0080662 53782
0.0080699 53782
0.0080737 53782
0.0080775 53782
0.0080812 53782
0.008085 53782
0.0080888 53782
0.0080925 53782
0.0080963 53782
0.0081001 53782
0.0081038 53782
0.0081076 53782
0.0081114 53782
0.0081152 53782
0.0081189 53782
0.0081227 53782
0.0081265 53782
0.0081302 53782
0.008134 53782
0.0081378 53782
0.0081415 53782
0.0081453 53782
0.0081491 53782
0.0081528 53782
0.0081566 53782
0.0081604 53782
0.0081642 53782
0.0081679 53782
0.0081717 53782
0.0081755 53782
0.0081792 53782
0.008183 53782
0.0081868 53782
0.0081905 53782
0.0081943 53782
0.0081981 53782
0.0082018 53782
0.0082056 53782
0.0082094 53782
0.0082132 53782
0.0082169 53782
0.0082207 53782
0.0082245 53782
0.0082282 53782
0.008232 53782
0.0082358 53782
0.0082395 53782
0.0082433 53782
0.0082471 53782
0.0082508 53782
0.0082546 53782
0.0082584 53782
0.0082622 53782
0.0082659 53782
0.0082697 53782
0.0082735 53782
0.0082772 53782
0.008281 53782
0.0082848 53782
0.0082885 53782
0.0082923 53782
0.0082961 53782
0.0082998 53782
0.0083036 53782
0.0083074 53782
0.0083112 53782
0.0083149 53782
0.0083187 53782
0.0083225 53782
0.0083262 53782
0.00833 53782
0.0083338 53782
0.0083375 53782
0.0083413 53782
0.0083451 53782
0.0083488 53782
0.0083526 53782
0.0083564 53782
0.0083602 53782
0.0083639 53782
0.0083677 53782
0.0083715 53782
0.0083752 53782
0.008379 53782
0.0083828 53782
0.0083865 53782
0.0083903 53782
0.0083941 53782
0.0083978 53782
0.0084016 53782
0.0084054 53782
0.0084092 53782
0.0084129 53782
0.0084167 53782
0.0084205 53782
0.0084242 53782
0.008428 53782
0.0084318 53782
0.0084355 53782
0.0084393 53782
0.0084431 53782
0.0084468 53782
0.0084506 53782
0.0084544 53782
0.0084582 53782
0.0084619 53782
0.0084657 53782
0.0084695 53782
0.0084732 53782
0.008477 53782
0.0084808 53782
0.0084845 53782
0.0084883 53782
0.0084921 53782
0.0084958 53782
0.0084996 53782
0.0085034 53782
0.0085072 53782
0.0085109 53782
0.0085147 53782
0.0085185 53782
0.0085222 53782
0.008526 53782
0.0085298 53782
0.0085335 53782
0.0085373 53782
0.0085411 53782
0.0085448 53782
0.0085486 53782
0.0085524 53782
0.0085562 53782
0.0085599 53782
0.0085637 53782
0.0085675 53782
0.0085712 53782
0.008575 53782
0.0085788 53782
0.0085825 53782
0.0085863 53782
0.0085901 53782
0.0085938 53782
0.0085976 53782
0.0086014 53782
0.0086052 53782
0.0086089 53782
0.0086127 53782
0.0086165 53782
0.0086202 53782
0.008624 53782
0.0086278 53782
0.0086315 53782
0.0086353 53782
0.0086391 53782
0.0086428 53782
0.0086466 53782
0.0086504 53782
0.0086542 53782
0.0086579 53782
0.0086617 53782
0.0086655 53782
0.0086692 53782
0.008673 53782
0.0086768 53782
0.0086805 53782
0.0086843 53782
0.0086881 53782
0.0086918 53782
0.0086956 53782
0.0086994 53782
0.0087032 53782
0.0087069 53782
0.0087107 53782
0.0087145 53782
0.0087182 53782
0.008722 53782
0.0087258 53782
0.0087295 53782
0.0087333 53782
0.0087371 53782
0.0087408 53782
0.0087446 53782
0.0087484 53782
0.0087522 53782
0.0087559 53782
0.0087597 53782
0.0087635 53782
0.0087672 53782
0.008771 53782
0.0087748 53782
0.0087785 53782
0.0087823 53782
0.0087861 53782
0.0087898 53782
0.0087936 53782
0.0087974 53782
0.0088012 53782
0.0088049 53782
0.0088087 53782
0.0088125 53782
0.0088162 53782
0.00882 53782
0.0088238 53782
0.0088275 53782
0.0088313 53782
0.0088351 53782
0.0088388 53782
0.0088426 53782
0.0088464 53782
0.0088502 53782
0.0088539 53782
0.0088577 53782
0.0088615 53782
0.0088652 53782
0.008869 53782
0.0088728 53782
0.0088765 53782
0.0088803 53782
0.0088841 53782
0.0088878 53782
0.0088916 53782
0.0088954 53782
0.0088992 53782
0.0089029 53782
0.0089067 53782
0.0089105 53782
0.0089142 53782
0.008918 53782
0.0089218 53782
0.0089255 53782
0.0089293 53782
0.0089331 53782
0.0089368 53782
0.0089406 53782
0.0089444 53782
0.0089482 53782
0.0089519 53782
0.0089557 53782
0.0089595 53782
0.0089632 53782
0.008967 53782
0.0089708 53782
0.0089745 53782
0.0089783 53782
0.0089821 53782
0.0089858 53782
0.0089896 53782
0.0089934 53782
0.0089972 53782
0.0090009 53782
0.0090047 53782
0.0090085 53782
0.0090122 53782
0.009016 53782
0.0090198 53782
0.0090235 53782
0.0090273 53782
0.0090311 53782
0.0090348 53782
0.0090386 53782
0.0090424 53782
0.0090462 53782
0.0090499 53782
0.0090537 53782
0.0090575 53782
0.0090612 53782
0.009065 53782
0.0090688 53782
0.0090725 53782
0.0090763 53782
0.0090801 53782
0.0090838 53782
0.0090876 53782
0.0090914 53782
0.0090952 53782
0.0090989 53782
0.0091027 53782
0.0091065 53782
0.0091102 53782
0.009114 53782
0.0091178 53782
0.0091215 53782
0.0091253 53782
0.0091291 53782
0.0091328 53782
0.0091366 53782
0.0091404 53782
0.0091442 53782
0.0091479 53782
0.0091517 53782
0.0091555 53782
0.0091592 53782
0.009163 53782
0.0091668 53782
0.0091705 53782
0.0091743 53782
0.0091781 53782
0.0091818 53782
0.0091856 53782
0.0091894 53782
0.0091932 53782
0.0091969 53782
0.0092007 53782
0.0092045 53782
0.0092082 53782
0.009212 53782
0.0092158 53782
0.0092195 53782
0.0092233 53782
0.0092271 53782
0.0092308 53782
0.0092346 53782
0.0092384 53782
0.0092422 53782
0.0092459 53782
0.0092497 53782
0.0092535 53782
0.0092572 53782
0.009261 53782
0.0092648 53782
0.0092685 53782
0.0092723 53782
0.0092761 53782
0.0092798 53782
0.0092836 53782
0.0092874 53782
0.0092912 53782
0.0092949 53782
0.0092987 53782
0.0093025 53782
0.0093062 53782
0.00931 53782
0.0093138 53782
0.0093175 53782
0.0093213 53782
0.0093251 53782
0.0093288 53782
0.0093326 53782
0.0093364 53782
0.0093402 53782
0.0093439 53782
0.0093477 53782
0.0093515 53782
0.0093552 53782
0.009359 53782
0.0093628 53782
0.0093665 53782
0.0093703 53782
0.0093741 53782
0.0093778 53782
0.0093816 53782
0.0093854 53782
0.0093892 53782
0.0093929 53782
0.0093967 53782
0.0094005 53782
0.0094042 53782
0.009408 53782
0.0094118 53782
0.0094155 53782
0.0094193 53782
0.0094231 53782
0.0094268 53782
0.0094306 53782
0.0094344 53782
0.0094382 53782
0.0094419 53782
0.0094457 53782
0.0094495 53782
0.0094532 53782
0.009457 53782
0.0094608 53782
0.0094645 53782
0.0094683 53782
0.0094721 53782
0.0094758 53782
0.0094796 53782
0.0094834 53782
0.0094872 53782
0.0094909 53782
0.0094947 53782
0.0094985 53782
0.0095022 53782
0.009506 53782
0.0095098 53782
0.0095135 53782
0.0095173 53782
0.0095211 53782
0.0095248 53782
0.0095286 53782
0.0095324 53782
0.0095362 53782
0.0095399 53782
0.0095437 53782
0.0095475 53782
0.0095512 53782
0.009555 53782
0.0095588 53782
0.0095625 53782
0.0095663 53782
0.0095701 53782
0.0095738 53782
0.0095776 53782
0.0095814 53782
0.0095852 53782
0.0095889 53782
0.0095927 53782
0.0095965 53782
0.0096002 53782
0.009604 53782
0.0096078 53782
0.0096115 53782
0.0096153 53782
0.0096191 53782
0.0096228 53782
0.0096266 53782
0.0096304 53782
0.0096342 53782
0.0096379 53782
0.0096417 53782
0.0096455 53782
0.0096492 53782
0.009653 53782
0.0096568 53782
0.0096605 53782
0.0096643 53782
0.0096681 53782
0.0096718 53782
0.0096756 53782
0.0096794 53782
0.0096832 53782
0.0096869 53782
0.0096907 53782
0.0096945 53782
0.0096982 53782
0.009702 53782
0.0097058 53782
0.0097095 53782
0.0097133 53782
0.0097171 53782
0.0097208 53782
0.0097246 53782
0.0097284 53782
0.0097322 53782
0.0097359 53782
0.0097397 53782
0.0097435 53782
0.0097472 53782
0.009751 53782
0.0097548 53782
0.0097585 53782
0.0097623 53782
0.0097661 53782
0.0097698 53782
0.0097736 53782
0.0097774 53782
0.0097812 53782
0.0097849 53782
0.0097887 53782
0.0097925 53782
0.0097962 53782
0.0098 53782
0.0098038 53782
0.0098075 53782
0.0098113 53782
0.0098151 53782
0.0098188 53782
0.0098226 53782
0.0098264 53782
0.0098302 53782
0.0098339 53782
0.0098377 53782
0.0098415 53782
0.0098452 53782
0.009849 53782
0.0098528 53782
0.0098565 53782
0.0098603 53782
0.0098641 53782
0.0098678 53782
0.0098716 53782
0.0098754 53782
0.0098792 53782
0.0098829 53782
0.0098867 53782
0.0098905 53782
0.0098942 53782
0.009898 53782
0.0099018 53782
0.0099055 53782
0.0099093 53782
0.0099131 53782
0.0099168 53782
0.0099206 53782
0.0099244 53782
0.0099282 53782
0.0099319 53782
0.0099357 53782
0.0099395 53782
0.0099432 53782
0.009947 53782
0.0099508 53782
0.0099545 53782
0.0099583 53782
0.0099621 53782
0.0099658 53782
0.0099696 53782
0.0099734 53782
0.0099772 53782
0.0099809 53782
0.0099847 53782
0.0099885 53782
0.0099922 53782
0.009996 53782
0.0099998 53782
0.010004 53782
0.010007 53782
0.010011 53782
0.010015 53782
0.010019 53782
0.010022 53782
0.010026 53782
0.01003 53782
0.010034 53782
0.010037 53782
0.010041 53782
0.010045 53782
0.010049 53782
0.010053 53782
0.010056 53782
0.01006 53782
0.010064 53782
0.010068 53782
0.010071 53782
0.010075 53782
0.010079 53782
0.010083 53782
0.010086 53782
0.01009 53782
0.010094 53782
0.010098 53782
0.010102 53782
0.010105 53782
0.010109 53782
0.010113 53782
0.010117 53782
0.01012 53782
0.010124 53782
0.010128 53782
0.010132 53782
0.010135 53782
0.010139 53782
0.010143 53782
0.010147 53782
0.010151 53782
0.010154 53782
0.010158 53782
0.010162 53782
0.010166 53782
0.010169 53782
0.010173 53782
0.010177 53782
0.010181 53782
0.010184 53782
0.010188 53782
0.010192 53782
0.010196 53782
0.0102 53782
0.010203 53782
0.010207 53782
0.010211 53782
0.010215 53782
0.010218 53782
0.010222 53782
0.010226 53782
0.01023 53782
0.010233 53782
0.010237 53782
0.010241 53782
0.010245 53782
0.010249 53782
0.010252 53782
0.010256 53782
0.01026 53782
0.010264 53782
0.010267 53782
0.010271 53782
0.010275 53782
0.010279 53782
0.010282 53782
0.010286 53782
0.01029 53782
0.010294 53782
0.010298 53782
0.010301 53782
0.010305 53782
0.010309 53782
0.010313 53782
0.010316 53782
0.01032 53782
0.010324 53782
0.010328 53782
0.010331 53782
0.010335 53782
0.010339 53782
0.010343 53782
0.010347 53782
0.01035 53782
0.010354 53782
0.010358 53782
0.010362 53782
0.010365 53782
0.010369 53782
0.010373 53782
0.010377 53782
0.01038 53782
0.010384 53782
0.010388 53782
0.010392 53782
0.010396 53782
0.010399 53782
0.010403 53782
0.010407 53782
0.010411 53782
0.010414 53782
0.010418 53782
0.010422 53782
0.010426 53782
0.010429 53782
0.010433 53782
0.010437 53782
0.010441 53782
0.010445 53782
0.010448 53782
0.010452 53782
0.010456 53782
0.01046 53782
0.010463 53782
0.010467 53782
0.010471 53782
0.010475 53782
0.010478 53782
0.010482 53782
0.010486 53782
0.01049 53782
0.010494 53782
0.010497 53782
0.010501 53782
0.010505 53782
0.010509 53782
0.010512 53782
0.010516 53782
0.01052 53782
0.010524 53782
0.010527 53782
0.010531 53782
0.010535 53782
0.010539 53782
0.010543 53782
0.010546 53782
0.01055 53782
0.010554 53782
0.010558 53782
0.010561 53782
0.010565 53782
0.010569 53782
0.010573 53782
0.010576 53782
0.01058 53782
0.010584 53782
0.010588 53782
0.010592 53782
0.010595 53782
0.010599 53782
0.010603 53782
0.010607 53782
0.01061 53782
0.010614 53782
0.010618 53782
0.010622 53782
0.010625 53782
0.010629 53782
0.010633 53782
0.010637 53782
0.010641 53782
0.010644 53782
0.010648 53782
0.010652 53782
0.010656 53782
0.010659 53782
0.010663 53782
0.010667 53782
0.010671 53782
0.010674 53782
0.010678 53782
0.010682 53782
0.010686 53782
0.01069 53782
0.010693 53782
0.010697 53782
0.010701 53782
0.010705 53782
0.010708 53782
0.010712 53782
0.010716 53782
0.01072 53782
0.010723 53782
0.010727 53782
0.010731 53782
0.010735 53782
0.010739 53782
0.010742 53782
0.010746 53782
0.01075 53782
0.010754 53782
0.010757 53782
0.010761 53782
0.010765 53782
0.010769 53782
0.010772 53782
0.010776 53782
0.01078 53782
0.010784 53782
0.010788 53782
0.010791 53782
0.010795 53782
0.010799 53782
0.010803 53782
0.010806 53782
0.01081 53782
0.010814 53782
0.010818 53782
0.010821 53782
0.010825 53782
0.010829 53782
0.010833 53782
0.010837 53782
0.01084 53782
0.010844 53782
0.010848 53782
0.010852 53782
0.010855 53782
0.010859 53782
0.010863 53782
0.010867 53782
0.01087 53782
0.010874 53782
0.010878 53782
0.010882 53782
0.010886 53782
0.010889 53782
0.010893 53782
0.010897 53782
0.010901 53782
0.010904 53782
0.010908 53782
0.010912 53782
0.010916 53782
0.010919 53782
0.010923 53782
0.010927 53782
0.010931 53782
0.010935 53782
0.010938 53782
0.010942 53782
0.010946 53782
0.01095 53782
0.010953 53782
0.010957 53782
0.010961 53782
0.010965 53782
0.010968 53782
0.010972 53782
0.010976 53782
0.01098 53782
0.010984 53782
0.010987 53782
0.010991 53782
0.010995 53782
0.010999 53782
0.011002 53782
0.011006 53782
0.01101 53782
0.011014 53782
0.011017 53782
0.011021 53782
0.011025 53782
0.011029 53782
0.011033 53782
0.011036 53782
0.01104 53782
0.011044 53782
0.011048 53782
0.011051 53782
0.011055 53782
0.011059 53782
0.011063 53782
0.011066 53782
0.01107 53782
0.011074 53782
0.011078 53782
0.011082 53782
0.011085 53782
0.011089 53782
0.011093 53782
0.011097 53782
0.0111 53782
0.011104 53782
0.011108 53782
0.011112 53782
0.011115 53782
0.011119 53782
0.011123 53782
0.011127 53782
0.011131 53782
0.011134 53782
0.011138 53782
0.011142 53782
0.011146 53782
0.011149 53782
0.011153 53782
0.011157 53782
0.011161 53782
0.011164 53782
0.011168 53782
0.011172 53782
0.011176 53782
0.01118 53782
0.011183 53782
0.011187 53782
0.011191 53782
0.011195 53782
0.011198 53782
0.011202 53782
0.011206 53782
0.01121 53782
0.011213 53782
0.011217 53782
0.011221 53782
0.011225 53782
0.011229 53782
0.011232 53782
0.011236 53782
0.01124 53782
0.011244 53782
0.011247 53782
0.011251 53782
0.011255 53782
0.011259 53782
0.011262 53782
0.011266 53782
0.01127 53782
0.011274 53782
0.011278 53782
0.011281 53782
0.011285 53782
0.011289 53782
0.011293 53782
0.011296 53782
0.0113 53782
0.011304 53782
0.011308 53782
0.011311 53782
0.011315 53782
0.011319 53782
0.011323 53782
0.011327 53782
0.01133 53782
0.011334 53782
0.011338 53782
0.011342 53782
0.011345 53782
0.011349 53782
0.011353 53782
0.011357 53782
0.01136 53782
0.011364 53782
0.011368 53782
0.011372 53782
0.011376 53782
0.011379 53782
0.011383 53782
0.011387 53782
0.011391 53782
0.011394 53782
0.011398 53782
0.011402 53782
0.011406 53782
0.011409 53782
0.011413 53782
0.011417 53782
0.011421 53782
0.011425 53782
0.011428 53782
0.011432 53782
0.011436 53782
0.01144 53782
0.011443 53782
0.011447 53782
0.011451 53782
0.011455 53782
0.011458 53782
0.011462 53782
0.011466 53782
0.01147 53782
0.011474 53782
0.011477 53782
0.011481 53782
0.011485 53782
0.011489 53782
0.011492 53782
0.011496 53782
0.0115 53782
0.011504 53782
0.011507 53782
0.011511 53782
0.011515 53782
0.011519 53782
0.011523 53782
0.011526 53782
0.01153 53782
0.011534 53782
0.011538 53782
0.011541 53782
0.011545 53782
0.011549 53782
0.011553 53782
0.011556 53782
0.01156 53782
0.011564 53782
0.011568 53782
0.011572 53782
0.011575 53782
0.011579 53782
0.011583 53782
0.011587 53782
0.01159 53782
0.011594 53782
0.011598 53782
0.011602 53782
0.011605 53782
0.011609 53782
0.011613 53782
0.011617 53782
0.011621 53782
0.011624 53782
0.011628 53782
0.011632 53782
0.011636 53782
0.011639 53782
0.011643 53782
0.011647 53782
0.011651 53782
0.011654 53782
0.011658 53782
0.011662 53782
0.011666 53782
0.01167 53782
0.011673 53782
0.011677 53782
0.011681 53782
0.011685 53782
0.011688 53782
0.011692 53782
0.011696 53782
0.0117 53782
0.011703 53782
0.011707 53782
0.011711 53782
0.011715 53782
0.011719 53782
0.011722 53782
0.011726 53782
0.01173 53782
0.011734 53782
0.011737 53782
0.011741 53782
0.011745 53782
0.011749 53782
0.011752 53782
0.011756 53782
0.01176 53782
0.011764 53782
0.011768 53782
0.011771 53782
0.011775 53782
0.011779 53782
0.011783 53782
0.011786 53782
0.01179 53782
0.011794 53782
0.011798 53782
0.011801 53782
0.011805 53782
0.011809 53782
0.011813 53782
0.011817 53782
0.01182 53782
0.011824 53782
0.011828 53782
0.011832 53782
0.011835 53782
0.011839 53782
0.011843 53782
0.011847 53782
0.01185 53782
0.011854 53782
0.011858 53782
0.011862 53782
0.011866 53782
0.011869 53782
0.011873 53782
0.011877 53782
0.011881 53782
0.011884 53782
0.011888 53782
0.011892 53782
0.011896 53782
0.011899 53782
0.011903 53782
0.011907 53782
0.011911 53782
0.011915 53782
0.011918 53782
0.011922 53782
0.011926 53782
0.01193 53782
0.011933 53782
0.011937 53782
0.011941 53782
0.011945 53782
0.011948 53782
0.011952 53782
0.011956 53782
0.01196 53782
0.011964 53782
0.011967 53782
0.011971 53782
0.011975 53782
0.011979 53782
0.011982 53782
0.011986 53782
0.01199 53782
0.011994 53782
0.011997 53782
0.012001 53782
0.012005 53782
0.012009 53782
0.012013 53782
0.012016 53782
0.01202 53782
0.012024 53782
0.012028 53782
0.012031 53782
0.012035 53782
0.012039 53782
0.012043 53782
0.012046 53782
0.01205 53782
0.012054 53782
0.012058 53782
0.012062 53782
0.012065 53782
0.012069 53782
0.012073 53782
0.012077 53782
0.01208 53782
0.012084 53782
0.012088 53782
0.012092 53782
0.012095 53782
0.012099 53782
0.012103 53782
0.012107 53782
0.012111 53782
0.012114 53782
0.012118 53782
0.012122 53782
0.012126 53782
0.012129 53782
0.012133 53782
0.012137 53782
0.012141 53782
0.012144 53782
0.012148 53782
0.012152 53782
0.012156 53782
0.01216 53782
0.012163 53782
0.012167 53782
0.012171 53782
0.012175 53782
0.012178 53782
0.012182 53782
0.012186 53782
0.01219 53782
0.012193 53782
0.012197 53782
0.012201 53782
0.012205 53782
0.012209 53782
0.012212 53782
0.012216 53782
0.01222 53782
0.012224 53782
0.012227 53782
0.012231 53782
0.012235 53782
0.012239 53782
0.012242 53782
0.012246 53782
0.01225 53782
0.012254 53782
0.012258 53782
0.012261 53782
0.012265 53782
0.012269 53782
0.012273 53782
0.012276 53782
0.01228 53782
0.012284 53782
0.012288 53782
0.012291 53782
0.012295 53782
0.012299 53782
0.012303 53782
0.012307 53782
0.01231 53782
0.012314 53782
0.012318 53782
0.012322 53782
0.012325 53782
0.012329 53782
0.012333 53782
0.012337 53782
0.01234 53782
0.012344 53782
0.012348 53782
0.012352 53782
0.012356 53782
0.012359 53782
0.012363 53782
0.012367 53782
0.012371 53782
0.012374 53782
0.012378 53782
0.012382 53782
0.012386 53782
0.012389 53782
0.012393 53782
0.012397 53782
0.012401 53782
0.012405 53782
0.012408 53782
0.012412 53782
0.012416 53782
0.01242 53782
0.012423 53782
0.012427 53782
0.012431 53782
0.012435 53782
0.012438 53782
0.012442 53782
0.012446 53782
0.01245 53782
0.012454 53782
0.012457 53782
0.012461 53782
0.012465 53782
0.012469 53782
0.012472 53782
0.012476 53782
0.01248 53782
0.012484 53782
0.012487 53782
0.012491 53782
0.012495 53782
0.012499 53782
0.012503 53782
0.012506 53782
0.01251 53782
0.012514 53782
0.012518 53782
0.012521 53782
0.012525 53782
0.012529 53782
0.012533 53782
0.012536 53782
0.01254 53782
0.012544 53782
0.012548 53782
0.012552 53782
0.012555 53782
0.012559 53782
0.012563 53782
0.012567 53782
0.01257 53782
0.012574 53782
0.012578 53782
0.012582 53782
0.012585 53782
0.012589 53782
0.012593 53782
0.012597 53782
0.012601 53782
0.012604 53782
0.012608 53782
0.012612 53782
0.012616 53782
0.012619 53782
0.012623 53782
0.012627 53782
0.012631 53782
0.012634 53782
0.012638 53782
0.012642 53782
0.012646 53782
0.01265 53782
0.012653 53782
0.012657 53782
0.012661 53782
0.012665 53782
0.012668 53782
0.012672 53782
0.012676 53782
0.01268 53782
0.012683 53782
0.012687 53782
0.012691 53782
0.012695 53782
0.012699 53782
0.012702 53782
0.012706 53782
0.01271 53782
0.012714 53782
0.012717 53782
0.012721 53782
0.012725 53782
0.012729 53782
0.012732 53782
0.012736 53782
0.01274 53782
0.012744 53782
0.012748 53782
0.012751 53782
0.012755 53782
0.012759 53782
0.012763 53782
0.012766 53782
0.01277 53782
0.012774 53782
0.012778 53782
0.012781 53782
0.012785 53782
0.012789 53782
0.012793 53782
0.012797 53782
0.0128 53782
0.012804 53782
0.012808 53782
0.012812 53782
0.012815 53782
0.012819 53782
0.012823 53782
0.012827 53782
0.01283 53782
0.012834 53782
0.012838 53782
0.012842 53782
0.012846 53782
0.012849 53782
0.012853 53782
0.012857 53782
0.012861 53782
0.012864 53782
0.012868 53782
0.012872 53782
0.012876 53782
0.012879 53782
0.012883 53782
0.012887 53782
0.012891 53782
0.012895 53782
0.012898 53782
0.012902 53782
0.012906 53782
0.01291 53782
0.012913 53782
0.012917 53782
0.012921 53782
0.012925 53782
0.012928 53782
0.012932 53782
0.012936 53782
0.01294 53782
0.012944 53782
0.012947 53782
0.012951 53782
0.012955 53782
0.012959 53782
0.012962 53782
0.012966 53782
0.01297 53782
0.012974 53782
0.012977 53782
0.012981 53782
0.012985 53782
0.012989 53782
0.012993 53782
0.012996 53782
0.013 53782
0.013004 53782
0.013008 53782
0.013011 53782
0.013015 53782
0.013019 53782
0.013023 53782
0.013026 53782
0.01303 53782
0.013034 53782
0.013038 53782
0.013042 53782
0.013045 53782
0.013049 53782
0.013053 53782
0.013057 53782
0.01306 53782
0.013064 53782
0.013068 53782
0.013072 53782
0.013075 53782
0.013079 53782
0.013083 53782
0.013087 53782
0.013091 53782
0.013094 53782
0.013098 53782
0.013102 53782
0.013106 53782
0.013109 53782
0.013113 53782
0.013117 53782
0.013121 53782
0.013124 53782
0.013128 53782
0.013132 53782
0.013136 53782
0.01314 53782
0.013143 53782
0.013147 53782
0.013151 53782
0.013155 53782
0.013158 53782
0.013162 53782
0.013166 53782
0.01317 53782
0.013173 53782
0.013177 53782
0.013181 53782
0.013185 53782
0.013189 53782
0.013192 53782
1 53782
