3.7692e-06 2.4771e+05
7.5385e-06 2.4771e+05
1.1308e-05 2.4771e+05
1.5077e-05 2.4771e+05
1.8846e-05 2.4771e+05
2.2615e-05 2.4771e+05
2.6385e-05 2.4771e+05
3.0154e-05 2.4771e+05
3.3923e-05 2.4771e+05
3.7692e-05 2.4771e+05
4.1462e-05 2.4771e+05
4.5231e-05 2.4771e+05
4.9e-05 2.4771e+05
5.2769e-05 2.4771e+05
5.6538e-05 2.4771e+05
6.0308e-05 2.4771e+05
6.4077e-05 2.4771e+05
6.7846e-05 2.4771e+05
7.1615e-05 2.4771e+05
7.5385e-05 2.4771e+05
7.9154e-05 2.4771e+05
8.2923e-05 2.4771e+05
8.6692e-05 2.4771e+05
9.0462e-05 2.4771e+05
9.4231e-05 2.4771e+05
9.8e-05 2.4771e+05
0.00010177 2.4771e+05
0.00010554 2.4771e+05
0.00010931 2.4771e+05
0.00011308 2.4771e+05
0.00011685 2.4771e+05
0.00012062 2.4771e+05
0.00012438 2.4771e+05
0.00012815 2.4771e+05
0.00013192 2.4771e+05
0.00013569 2.4771e+05
0.00013946 2.4771e+05
0.00014323 2.4771e+05
0.000147 2.4771e+05
0.00015077 2.4771e+05
0.00015454 2.4771e+05
0.00015831 2.4771e+05
0.00016208 2.4771e+05
0.00016585 2.4771e+05
0.00016962 2.4771e+05
0.00017338 2.4771e+05
0.00017715 2.4771e+05
0.00018092 2.4771e+05
0.00018469 2.4771e+05
0.00018846 2.4771e+05
0.00019223 2.4771e+05
0.000196 2.4771e+05
0.00019977 2.4771e+05
0.00020354 2.4771e+05
0.00020731 2.4771e+05
0.00021108 2.4771e+05
0.00021485 2.4771e+05
0.00021862 2.4771e+05
0.00022238 2.4771e+05
0.00022615 2.4771e+05
0.00022992 2.4771e+05
0.00023369 2.4771e+05
0.00023746 2.4771e+05
0.00024123 2.4771e+05
0.000245 2.4771e+05
0.00024877 2.4771e+05
0.00025254 2.4771e+05
0.00025631 2.4771e+05
0.00026008 2.4771e+05
0.00026385 2.4771e+05
0.00026762 2.4771e+05
0.00027138 2.4771e+05
0.00027515 2.4771e+05
0.00027892 2.4771e+05
0.00028269 2.4771e+05
0.00028646 2.4771e+05
0.00029023 2.4771e+05
0.000294 2.4771e+05
0.00029777 2.4771e+05
0.00030154 2.4771e+05
0.00030531 2.4771e+05
0.00030908 2.4771e+05
0.00031285 2.4771e+05
0.00031662 2.4771e+05
0.00032038 2.4771e+05
0.00032415 2.4771e+05
0.00032792 2.4771e+05
0.00033169 2.4771e+05
0.00033546 2.4771e+05
0.00033923 2.4771e+05
0.000343 2.4771e+05
0.00034677 2.4771e+05
0.00035054 2.4771e+05
0.00035431 2.4771e+05
0.00035808 2.4771e+05
0.00036185 2.4771e+05
0.00036562 2.4771e+05
0.00036938 2.4771e+05
0.00037315 2.4771e+05
0.00037692 2.4771e+05
0.00038069 2.4771e+05
0.00038446 2.4771e+05
0.00038823 2.4771e+05
0.000392 2.4771e+05
0.00039577 2.4771e+05
0.00039954 2.4771e+05
0.00040331 2.4771e+05
0.00040708 2.4771e+05
0.00041085 2.4771e+05
0.00041462 2.4771e+05
0.00041838 2.4771e+05
0.00042215 2.4771e+05
0.00042592 2.4771e+05
0.00042969 2.4771e+05
0.00043346 2.4771e+05
0.00043723 2.4771e+05
0.000441 2.4771e+05
0.00044477 2.4771e+05
0.00044854 2.4771e+05
0.00045231 2.4771e+05
0.00045608 2.4771e+05
0.00045985 2.4771e+05
0.00046362 2.4771e+05
0.00046738 2.4771e+05
0.00047115 2.4771e+05
0.00047492 2.4771e+05
0.00047869 2.4771e+05
0.00048246 2.4771e+05
0.00048623 2.4771e+05
0.00049 2.4771e+05
0.00049377 2.4771e+05
0.00049754 2.4771e+05
0.00050131 2.4771e+05
0.00050508 2.4771e+05
0.00050885 2.4771e+05
0.00051262 2.4771e+05
0.00051638 2.4771e+05
0.00052015 2.4771e+05
0.00052392 2.4771e+05
0.00052769 2.4771e+05
0.00053146 2.4771e+05
0.00053523 2.4771e+05
0.000539 2.4771e+05
0.00054277 2.4771e+05
0.00054654 2.4771e+05
0.00055031 2.4771e+05
0.00055408 2.4771e+05
0.00055785 2.4771e+05
0.00056162 2.4771e+05
0.00056538 2.4771e+05
0.00056915 2.4771e+05
0.00057292 2.4771e+05
0.00057669 2.4771e+05
0.00058046 2.4771e+05
0.00058423 2.4771e+05
0.000588 2.4771e+05
0.00059177 2.4771e+05
0.00059554 2.4771e+05
0.00059931 2.4771e+05
0.00060308 2.4771e+05
0.00060685 2.4771e+05
0.00061062 2.4771e+05
0.00061438 2.4771e+05
0.00061815 2.4771e+05
0.00062192 2.4771e+05
0.00062569 2.4771e+05
0.00062946 2.4771e+05
0.00063323 2.4771e+05
0.000637 2.4771e+05
0.00064077 2.4771e+05
0.00064454 2.4771e+05
0.00064831 2.4771e+05
0.00065208 2.4771e+05
0.00065585 2.4771e+05
0.00065962 2.4771e+05
0.00066338 2.4771e+05
0.00066715 2.4771e+05
0.00067092 2.4771e+05
0.00067469 2.4771e+05
0.00067846 2.4771e+05
0.00068223 2.4771e+05
0.000686 2.4771e+05
0.00068977 2.4771e+05
0.00069354 2.4771e+05
0.00069731 2.4771e+05
0.00070108 2.4771e+05
0.00070485 2.4771e+05
0.00070862 2.4771e+05
0.00071238 2.4771e+05
0.00071615 2.4771e+05
0.00071992 2.4771e+05
0.00072369 2.4771e+05
0.00072746 2.4771e+05
0.00073123 2.4771e+05
0.000735 2.4771e+05
0.00073877 2.4771e+05
0.00074254 2.4771e+05
0.00074631 2.4771e+05
0.00075008 2.4771e+05
0.00075385 2.4771e+05
0.00075762 2.4771e+05
0.00076138 2.4771e+05
0.00076515 2.4771e+05
0.00076892 2.4771e+05
0.00077269 2.4771e+05
0.00077646 2.4771e+05
0.00078023 2.4771e+05
0.000784 2.4771e+05
0.00078777 2.4771e+05
0.00079154 2.4771e+05
0.00079531 2.4771e+05
0.00079908 2.4771e+05
0.00080285 2.4771e+05
0.00080662 2.4771e+05
0.00081038 2.4771e+05
0.00081415 2.4771e+05
0.00081792 2.4771e+05
0.00082169 2.4771e+05
0.00082546 2.4771e+05
0.00082923 2.4771e+05
0.000833 2.4771e+05
0.00083677 2.4771e+05
0.00084054 2.4771e+05
0.00084431 2.4771e+05
0.00084808 2.4771e+05
0.00085185 2.4771e+05
0.00085562 2.4771e+05
0.00085938 2.4771e+05
0.00086315 2.4771e+05
0.00086692 2.4771e+05
0.00087069 2.4771e+05
0.00087446 2.4771e+05
0.00087823 2.4771e+05
0.000882 2.4771e+05
0.00088577 2.4771e+05
0.00088954 2.4771e+05
0.00089331 2.4771e+05
0.00089708 2.4771e+05
0.00090085 2.4771e+05
0.00090462 2.4771e+05
0.00090838 2.4771e+05
0.00091215 2.4771e+05
0.00091592 2.4771e+05
0.00091969 2.4771e+05
0.00092346 2.4771e+05
0.00092723 2.4771e+05
0.000931 2.4771e+05
0.00093477 2.4771e+05
0.00093854 2.4771e+05
0.00094231 2.4771e+05
0.00094608 2.4771e+05
0.00094985 2.4771e+05
0.00095362 2.4771e+05
0.00095738 2.4771e+05
0.00096115 2.4771e+05
0.00096492 2.4771e+05
0.00096869 2.4771e+05
0.00097246 2.4771e+05
0.00097623 2.4771e+05
0.00098 2.4771e+05
0.00098377 2.4771e+05
0.00098754 2.4771e+05
0.00099131 2.4771e+05
0.00099508 2.4771e+05
0.00099885 2.4771e+05
0.0010026 2.4771e+05
0.0010064 2.4771e+05
0.0010102 2.4771e+05
0.0010139 2.4771e+05
0.0010177 2.4771e+05
0.0010215 2.4771e+05
0.0010252 2.4771e+05
0.001029 2.4771e+05
0.0010328 2.4771e+05
0.0010365 2.4771e+05
0.0010403 2.4771e+05
0.0010441 2.4771e+05
0.0010478 2.4771e+05
0.0010516 2.4771e+05
0.0010554 2.4771e+05
0.0010592 2.4771e+05
0.0010629 2.4771e+05
0.0010667 2.4771e+05
0.0010705 2.4771e+05
0.0010742 2.4771e+05
0.001078 2.4771e+05
0.0010818 2.4771e+05
0.0010855 2.4771e+05
0.0010893 2.4771e+05
0.0010931 2.4771e+05
0.0010968 2.4771e+05
0.0011006 2.4771e+05
0.0011044 2.4771e+05
0.0011082 2.4771e+05
0.0011119 2.4771e+05
0.0011157 2.4771e+05
0.0011195 2.4771e+05
0.0011232 2.4771e+05
0.001127 2.4771e+05
0.0011308 2.4771e+05
0.0011345 2.4771e+05
0.0011383 2.4771e+05
0.0011421 2.4771e+05
0.0011458 2.4771e+05
0.0011496 2.4771e+05
0.0011534 2.4771e+05
0.0011572 2.4771e+05
0.0011609 2.4771e+05
0.0011647 2.4771e+05
0.0011685 2.4771e+05
0.0011722 2.4771e+05
0.001176 2.4771e+05
0.0011798 2.4771e+05
0.0011835 2.4771e+05
0.0011873 2.4771e+05
0.0011911 2.4771e+05
0.0011948 2.4771e+05
0.0011986 2.4771e+05
0.0012024 2.4771e+05
0.0012062 2.4771e+05
0.0012099 2.4771e+05
0.0012137 2.4771e+05
0.0012175 2.4771e+05
0.0012212 2.4771e+05
0.001225 2.4771e+05
0.0012288 2.4771e+05
0.0012325 2.4771e+05
0.0012363 2.4771e+05
0.0012401 2.4771e+05
0.0012438 2.4771e+05
0.0012476 2.4771e+05
0.0012514 2.4771e+05
0.0012552 2.4771e+05
0.0012589 2.4771e+05
0.0012627 2.4771e+05
0.0012665 2.4771e+05
0.0012702 2.4771e+05
0.001274 2.4771e+05
0.0012778 2.4771e+05
0.0012815 2.4771e+05
0.0012853 2.4771e+05
0.0012891 2.4771e+05
0.0012928 2.4771e+05
0.0012966 2.4771e+05
0.0013004 2.4771e+05
0.0013042 2.4771e+05
0.0013079 2.4771e+05
0.0013117 2.4771e+05
0.0013155 2.4771e+05
0.0013192 2.4771e+05
0.001323 2.4771e+05
0.0013268 2.4771e+05
0.0013305 2.4771e+05
0.0013343 2.4771e+05
0.0013381 2.4771e+05
0.0013418 2.4771e+05
0.0013456 2.4771e+05
0.0013494 2.4771e+05
0.0013532 2.4771e+05
0.0013569 2.4771e+05
0.0013607 2.4771e+05
0.0013645 2.4771e+05
0.0013682 2.4771e+05
0.001372 2.4771e+05
0.0013758 2.4771e+05
0.0013795 2.4771e+05
0.0013833 2.4771e+05
0.0013871 2.4771e+05
0.0013908 2.4771e+05
0.0013946 2.4771e+05
0.0013984 2.4771e+05
0.0014022 2.4771e+05
0.0014059 2.4771e+05
0.0014097 2.4771e+05
0.0014135 2.4771e+05
0.0014172 2.4771e+05
0.001421 2.4771e+05
0.0014248 2.4771e+05
0.0014285 2.4771e+05
0.0014323 2.4771e+05
0.0014361 2.4771e+05
0.0014398 2.4771e+05
0.0014436 2.4771e+05
0.0014474 2.4771e+05
0.0014512 2.4771e+05
0.0014549 2.4771e+05
0.0014587 2.4771e+05
0.0014625 2.4771e+05
0.0014662 2.4771e+05
0.00147 2.4771e+05
0.0014738 2.4771e+05
0.0014775 2.4771e+05
0.0014813 2.4771e+05
0.0014851 2.4771e+05
0.0014888 2.4771e+05
0.0014926 2.4771e+05
0.0014964 2.4771e+05
0.0015002 2.4771e+05
0.0015039 2.4771e+05
0.0015077 2.4771e+05
0.0015115 2.4771e+05
0.0015152 2.4771e+05
0.001519 2.4771e+05
0.0015228 2.4771e+05
0.0015265 2.4771e+05
0.0015303 2.4771e+05
0.0015341 2.4771e+05
0.0015378 2.4771e+05
0.0015416 2.4771e+05
0.0015454 2.4771e+05
0.0015492 2.4771e+05
0.0015529 2.4771e+05
0.0015567 2.4771e+05
0.0015605 2.4771e+05
0.0015642 2.4771e+05
0.001568 2.4771e+05
0.0015718 2.4771e+05
0.0015755 2.4771e+05
0.0015793 2.4771e+05
0.0015831 2.4771e+05
0.0015868 2.4771e+05
0.0015906 2.4771e+05
0.0015944 2.4771e+05
0.0015982 2.4771e+05
0.0016019 2.4771e+05
0.0016057 2.4771e+05
0.0016095 2.4771e+05
0.0016132 2.4771e+05
0.001617 2.4771e+05
0.0016208 2.4771e+05
0.0016245 2.4771e+05
0.0016283 2.4771e+05
0.0016321 2.4771e+05
0.0016358 2.4771e+05
0.0016396 2.4771e+05
0.0016434 2.4771e+05
0.0016472 2.4771e+05
0.0016509 2.4771e+05
0.0016547 2.4771e+05
0.0016585 2.4771e+05
0.0016622 2.4771e+05
0.001666 2.4771e+05
0.0016698 2.4771e+05
0.0016735 2.4771e+05
0.0016773 2.4771e+05
0.0016811 2.4771e+05
0.0016848 2.4771e+05
0.0016886 2.4771e+05
0.0016924 2.4771e+05
0.0016962 2.4771e+05
0.0016999 2.4771e+05
0.0017037 2.4771e+05
0.0017075 2.4771e+05
0.0017112 2.4771e+05
0.001715 2.4771e+05
0.0017188 2.4771e+05
0.0017225 2.4771e+05
0.0017263 2.4771e+05
0.0017301 2.4771e+05
0.0017338 2.4771e+05
0.0017376 2.4771e+05
0.0017414 2.4771e+05
0.0017452 2.4771e+05
0.0017489 2.4771e+05
0.0017527 2.4771e+05
0.0017565 2.4771e+05
0.0017602 2.4771e+05
0.001764 2.4771e+05
0.0017678 2.4771e+05
0.0017715 2.4771e+05
0.0017753 2.4771e+05
0.0017791 2.4771e+05
0.0017828 2.4771e+05
0.0017866 2.4771e+05
0.0017904 2.4771e+05
0.0017942 2.4771e+05
0.0017979 2.4771e+05
0.0018017 2.4771e+05
0.0018055 2.4771e+05
0.0018092 2.4771e+05
0.001813 2.4771e+05
0.0018168 2.4771e+05
0.0018205 2.4771e+05
0.0018243 2.4771e+05
0.0018281 2.4771e+05
0.0018318 2.4771e+05
0.0018356 2.4771e+05
0.0018394 2.4771e+05
0.0018432 2.4771e+05
0.0018469 2.4771e+05
0.0018507 2.4771e+05
0.0018545 2.4771e+05
0.0018582 2.4771e+05
0.001862 2.4771e+05
0.0018658 2.4771e+05
0.0018695 2.4771e+05
0.0018733 2.4771e+05
0.0018771 2.4771e+05
0.0018808 2.4771e+05
0.0018846 2.4771e+05
0.0018884 2.4771e+05
0.0018922 2.4771e+05
0.0018959 2.4771e+05
0.0018997 2.4771e+05
0.0019035 2.4771e+05
0.0019072 2.4771e+05
0.001911 2.4771e+05
0.0019148 2.4771e+05
0.0019185 2.4771e+05
0.0019223 2.4771e+05
0.0019261 2.4771e+05
0.0019298 2.4771e+05
0.0019336 2.4771e+05
0.0019374 2.4771e+05
0.0019412 2.4771e+05
0.0019449 2.4771e+05
0.0019487 2.4771e+05
0.0019525 2.4771e+05
0.0019562 2.4771e+05
0.00196 2.4771e+05
0.0019638 2.4771e+05
0.0019675 2.4771e+05
0.0019713 2.4771e+05
0.0019751 2.4771e+05
0.0019788 2.4771e+05
0.0019826 2.4771e+05
0.0019864 2.4771e+05
0.0019902 2.4771e+05
0.0019939 2.4771e+05
0.0019977 2.4771e+05
0.0020015 2.4771e+05
0.0020052 2.4771e+05
0.002009 2.4771e+05
0.0020128 2.4771e+05
0.0020165 2.4771e+05
0.0020203 2.4771e+05
0.0020241 2.4771e+05
0.0020278 2.4771e+05
0.0020316 2.4771e+05
0.0020354 2.4771e+05
0.0020392 2.4771e+05
0.0020429 2.4771e+05
0.0020467 2.4771e+05
0.0020505 2.4771e+05
0.0020542 2.4771e+05
0.002058 2.4771e+05
0.0020618 2.4771e+05
0.0020655 2.4771e+05
0.0020693 2.4771e+05
0.0020731 2.4771e+05
0.0020768 2.4771e+05
0.0020806 2.4771e+05
0.0020844 2.4771e+05
0.0020882 2.4771e+05
0.0020919 2.4771e+05
0.0020957 2.4771e+05
0.0020995 2.4771e+05
0.0021032 2.4771e+05
0.002107 2.4771e+05
0.0021108 2.4771e+05
0.0021145 2.4771e+05
0.0021183 2.4771e+05
0.0021221 2.4771e+05
0.0021258 2.4771e+05
0.0021296 2.4771e+05
0.0021334 2.4771e+05
0.0021372 2.4771e+05
0.0021409 2.4771e+05
0.0021447 2.4771e+05
0.0021485 2.4771e+05
0.0021522 2.4771e+05
0.002156 2.4771e+05
0.0021598 2.4771e+05
0.0021635 2.4771e+05
0.0021673 2.4771e+05
0.0021711 2.4771e+05
0.0021748 2.4771e+05
0.0021786 2.4771e+05
0.0021824 2.4771e+05
0.0021862 2.4771e+05
0.0021899 2.4771e+05
0.0021937 2.4771e+05
0.0021975 2.4771e+05
0.0022012 2.4771e+05
0.002205 2.4771e+05
0.0022088 2.4771e+05
0.0022125 2.4771e+05
0.0022163 2.4771e+05
0.0022201 2.4771e+05
0.0022238 2.4771e+05
0.0022276 2.4771e+05
0.0022314 2.4771e+05
0.0022352 2.4771e+05
0.0022389 2.4771e+05
0.0022427 2.4771e+05
0.0022465 2.4771e+05
0.0022502 2.4771e+05
0.002254 2.4771e+05
0.0022578 2.4771e+05
0.0022615 2.4771e+05
0.0022653 2.4771e+05
0.0022691 2.4771e+05
0.0022728 2.4771e+05
0.0022766 2.4771e+05
0.0022804 2.4771e+05
0.0022842 2.4771e+05
0.0022879 2.4771e+05
0.0022917 2.4771e+05
0.0022955 2.4771e+05
0.0022992 2.4771e+05
0.002303 2.4771e+05
0.0023068 2.4771e+05
0.0023105 2.4771e+05
0.0023143 2.4771e+05
0.0023181 2.4771e+05
0.0023218 2.4771e+05
0.0023256 2.4771e+05
0.0023294 2.4771e+05
0.0023332 2.4771e+05
0.0023369 2.4771e+05
0.0023407 2.4771e+05
0.0023445 2.4771e+05
0.0023482 2.4771e+05
0.002352 2.4771e+05
0.0023558 2.4771e+05
0.0023595 2.4771e+05
0.0023633 2.4771e+05
0.0023671 2.4771e+05
0.0023708 2.4771e+05
0.0023746 2.4771e+05
0.0023784 2.4771e+05
0.0023822 2.4771e+05
0.0023859 2.4771e+05
0.0023897 2.4771e+05
0.0023935 2.4771e+05
0.0023972 2.4771e+05
0.002401 2.4771e+05
0.0024048 2.4771e+05
0.0024085 2.4771e+05
0.0024123 2.4771e+05
0.0024161 2.4771e+05
0.0024198 2.4771e+05
0.0024236 2.4771e+05
0.0024274 2.4771e+05
0.0024312 2.4771e+05
0.0024349 2.4771e+05
0.0024387 2.4771e+05
0.0024425 2.4771e+05
0.0024462 2.4771e+05
0.00245 2.4771e+05
0.0024538 2.4771e+05
0.0024575 2.4771e+05
0.0024613 2.4771e+05
0.0024651 2.4771e+05
0.0024688 2.4771e+05
0.0024726 2.4771e+05
0.0024764 2.4771e+05
0.0024802 2.4771e+05
0.0024839 2.4771e+05
0.0024877 2.4771e+05
0.0024915 2.4771e+05
0.0024952 2.4771e+05
0.002499 2.4771e+05
0.0025028 2.4771e+05
0.0025065 2.4771e+05
0.0025103 2.4771e+05
0.0025141 2.4771e+05
0.0025178 2.4771e+05
0.0025216 2.4771e+05
0.0025254 2.4771e+05
0.0025292 2.4771e+05
0.0025329 2.4771e+05
0.0025367 2.4771e+05
0.0025405 2.4771e+05
0.0025442 2.4771e+05
0.002548 2.4771e+05
0.0025518 2.4771e+05
0.0025555 2.4771e+05
0.0025593 2.4771e+05
0.0025631 2.4771e+05
0.0025668 2.4771e+05
0.0025706 2.4771e+05
0.0025744 2.4771e+05
0.0025782 2.4771e+05
0.0025819 2.4771e+05
0.0025857 2.4771e+05
0.0025895 2.4771e+05
0.0025932 2.4771e+05
0.002597 2.4771e+05
0.0026008 2.4771e+05
0.0026045 2.4771e+05
0.0026083 2.4771e+05
0.0026121 2.4771e+05
0.0026158 2.4771e+05
0.0026196 2.4771e+05
0.0026234 2.4771e+05
0.0026272 2.4771e+05
0.0026309 2.4771e+05
0.0026347 2.4771e+05
0.0026385 2.4771e+05
0.0026422 2.4771e+05
0.002646 2.4771e+05
0.0026498 2.4771e+05
0.0026535 2.4771e+05
0.0026573 2.4771e+05
0.0026611 2.4771e+05
0.0026648 2.4771e+05
0.0026686 2.4771e+05
0.0026724 2.4771e+05
0.0026762 2.4771e+05
0.0026799 2.4771e+05
0.0026837 2.4771e+05
0.0026875 2.4771e+05
0.0026912 2.4771e+05
0.002695 2.4771e+05
0.0026988 2.4771e+05
0.0027025 2.4771e+05
0.0027063 2.4771e+05
0.0027101 2.4771e+05
0.0027138 2.4771e+05
0.0027176 2.4771e+05
0.0027214 2.4771e+05
0.0027252 2.4771e+05
0.0027289 2.4771e+05
0.0027327 2.4771e+05
0.0027365 2.4771e+05
0.0027402 2.4771e+05
0.002744 2.4771e+05
0.0027478 2.4771e+05
0.0027515 2.4771e+05
0.0027553 2.4771e+05
0.0027591 2.4771e+05
0.0027628 2.4771e+05
0.0027666 2.4771e+05
0.0027704 2.4771e+05
0.0027742 2.4771e+05
0.0027779 2.4771e+05
0.0027817 2.4771e+05
0.0027855 2.4771e+05
0.0027892 2.4771e+05
0.002793 2.4771e+05
0.0027968 2.4771e+05
0.0028005 2.4771e+05
0.0028043 2.4771e+05
0.0028081 2.4771e+05
0.0028118 2.4771e+05
0.0028156 2.4771e+05
0.0028194 2.4771e+05
0.0028232 2.4771e+05
0.0028269 2.4771e+05
0.0028307 2.4771e+05
0.0028345 2.4771e+05
0.0028382 2.4771e+05
0.002842 2.4771e+05
0.0028458 2.4771e+05
0.0028495 2.4771e+05
0.0028533 2.4771e+05
0.0028571 2.4771e+05
0.0028608 2.4771e+05
0.0028646 2.4771e+05
0.0028684 2.4771e+05
0.0028722 2.4771e+05
0.0028759 2.4771e+05
0.0028797 2.4771e+05
0.0028835 2.4771e+05
0.0028872 2.4771e+05
0.002891 2.4771e+05
0.0028948 2.4771e+05
0.0028985 2.4771e+05
0.0029023 2.4771e+05
0.0029061 2.4771e+05
0.0029098 2.4771e+05
0.0029136 2.4771e+05
0.0029174 2.4771e+05
0.0029212 2.4771e+05
0.0029249 2.4771e+05
0.0029287 2.4771e+05
0.0029325 2.4771e+05
0.0029362 2.4771e+05
0.00294 2.4771e+05
0.0029438 2.4771e+05
0.0029475 2.4771e+05
0.0029513 2.4771e+05
0.0029551 2.4771e+05
0.0029588 2.4771e+05
0.0029626 2.4771e+05
0.0029664 2.4771e+05
0.0029702 2.4771e+05
0.0029739 2.4771e+05
0.0029777 2.4771e+05
0.0029815 2.4771e+05
0.0029852 2.4771e+05
0.002989 2.4771e+05
0.0029928 2.4771e+05
0.0029965 2.4771e+05
0.0030003 2.4771e+05
0.0030041 2.4771e+05
0.0030078 2.4771e+05
0.0030116 2.4771e+05
0.0030154 2.4771e+05
0.0030192 2.4771e+05
0.0030229 2.4771e+05
0.0030267 2.4771e+05
0.0030305 2.4771e+05
0.0030342 2.4771e+05
0.003038 2.4771e+05
0.0030418 2.4771e+05
0.0030455 2.4771e+05
0.0030493 2.4771e+05
0.0030531 2.4771e+05
0.0030568 2.4771e+05
0.0030606 2.4771e+05
0.0030644 2.4771e+05
0.0030682 2.4771e+05
0.0030719 2.4771e+05
0.0030757 2.4771e+05
0.0030795 2.4771e+05
0.0030832 2.4771e+05
0.003087 2.4771e+05
0.0030908 2.4771e+05
0.0030945 2.4771e+05
0.0030983 2.4771e+05
0.0031021 2.4771e+05
0.0031058 2.4771e+05
0.0031096 2.4771e+05
0.0031134 2.4771e+05
0.0031172 2.4771e+05
0.0031209 2.4771e+05
0.0031247 2.4771e+05
0.0031285 2.4771e+05
0.0031322 2.4771e+05
0.003136 2.4771e+05
0.0031398 2.4771e+05
0.0031435 2.4771e+05
0.0031473 2.4771e+05
0.0031511 2.4771e+05
0.0031548 2.4771e+05
0.0031586 2.4771e+05
0.0031624 2.4771e+05
0.0031662 2.4771e+05
0.0031699 2.4771e+05
0.0031737 2.4771e+05
0.0031775 2.4771e+05
0.0031812 2.4771e+05
0.003185 2.4771e+05
0.0031888 2.4771e+05
0.0031925 2.4771e+05
0.0031963 2.4771e+05
0.0032001 2.4771e+05
0.0032038 2.4771e+05
0.0032076 2.4771e+05
0.0032114 2.4771e+05
0.0032152 2.4771e+05
0.0032189 2.4771e+05
0.0032227 2.4771e+05
0.0032265 2.4771e+05
0.0032302 2.4771e+05
0.003234 2.4771e+05
0.0032378 2.4771e+05
0.0032415 2.4771e+05
0.0032453 2.4771e+05
0.0032491 2.4771e+05
0.0032528 2.4771e+05
0.0032566 2.4771e+05
0.0032604 2.4771e+05
0.0032642 2.4771e+05
0.0032679 2.4771e+05
0.0032717 2.4771e+05
0.0032755 2.4771e+05
0.0032792 2.4771e+05
0.003283 2.4771e+05
0.0032868 2.4771e+05
0.0032905 2.4771e+05
0.0032943 2.4771e+05
0.0032981 2.4771e+05
0.0033018 2.4771e+05
0.0033056 2.4771e+05
0.0033094 2.4771e+05
0.0033132 2.4771e+05
0.0033169 2.4771e+05
0.0033207 2.4771e+05
0.0033245 2.4771e+05
0.0033282 2.4771e+05
0.003332 2.4771e+05
0.0033358 2.4771e+05
0.0033395 2.4771e+05
0.0033433 2.4771e+05
0.0033471 2.4771e+05
0.0033508 2.4771e+05
0.0033546 2.4771e+05
0.0033584 2.4771e+05
0.0033622 2.4771e+05
0.0033659 2.4771e+05
0.0033697 2.4771e+05
0.0033735 2.4771e+05
0.0033772 2.4771e+05
0.003381 2.4771e+05
0.0033848 2.4771e+05
0.0033885 2.4771e+05
0.0033923 2.4771e+05
0.0033961 2.4771e+05
0.0033998 2.4771e+05
0.0034036 2.4771e+05
0.0034074 2.4771e+05
0.0034112 2.4771e+05
0.0034149 2.4771e+05
0.0034187 2.4771e+05
0.0034225 2.4771e+05
0.0034262 2.4771e+05
0.00343 2.4771e+05
0.0034338 2.4771e+05
0.0034375 2.4771e+05
0.0034413 2.4771e+05
0.0034451 2.4771e+05
0.0034488 2.4771e+05
0.0034526 2.4771e+05
0.0034564 2.4771e+05
0.0034602 2.4771e+05
0.0034639 2.4771e+05
0.0034677 2.4771e+05
0.0034715 2.4771e+05
0.0034752 2.4771e+05
0.003479 2.4771e+05
0.0034828 2.4771e+05
0.0034865 2.4771e+05
0.0034903 2.4771e+05
0.0034941 2.4771e+05
0.0034978 2.4771e+05
0.0035016 2.4771e+05
0.0035054 2.4771e+05
0.0035092 2.4771e+05
0.0035129 2.4771e+05
0.0035167 2.4771e+05
0.0035205 2.4771e+05
0.0035242 2.4771e+05
0.003528 2.4771e+05
0.0035318 2.4771e+05
0.0035355 2.4771e+05
0.0035393 2.4771e+05
0.0035431 2.4771e+05
0.0035468 2.4771e+05
0.0035506 2.4771e+05
0.0035544 2.4771e+05
0.0035582 2.4771e+05
0.0035619 2.4771e+05
0.0035657 2.4771e+05
0.0035695 2.4771e+05
0.0035732 2.4771e+05
0.003577 2.4771e+05
0.0035808 2.4771e+05
0.0035845 2.4771e+05
0.0035883 2.4771e+05
0.0035921 2.4771e+05
0.0035958 2.4771e+05
0.0035996 2.4771e+05
0.0036034 2.4771e+05
0.0036072 2.4771e+05
0.0036109 2.4771e+05
0.0036147 2.4771e+05
0.0036185 2.4771e+05
0.0036222 2.4771e+05
0.003626 2.4771e+05
0.0036298 2.4771e+05
0.0036335 2.4771e+05
0.0036373 2.4771e+05
0.0036411 2.4771e+05
0.0036448 2.4771e+05
0.0036486 2.4771e+05
0.0036524 2.4771e+05
0.0036562 2.4771e+05
0.0036599 2.4771e+05
0.0036637 2.4771e+05
0.0036675 2.4771e+05
0.0036712 2.4771e+05
0.003675 2.4771e+05
0.0036788 2.4771e+05
0.0036825 2.4771e+05
0.0036863 2.4771e+05
0.0036901 2.4771e+05
0.0036938 2.4771e+05
0.0036976 2.4771e+05
0.0037014 2.4771e+05
0.0037052 2.4771e+05
0.0037089 2.4771e+05
0.0037127 2.4771e+05
0.0037165 2.4771e+05
0.0037202 2.4771e+05
0.003724 2.4771e+05
0.0037278 2.4771e+05
0.0037315 2.4771e+05
0.0037353 2.4771e+05
0.0037391 2.4771e+05
0.0037428 2.4771e+05
0.0037466 2.4771e+05
0.0037504 2.4771e+05
0.0037542 2.4771e+05
0.0037579 2.4771e+05
0.0037617 2.4771e+05
0.0037655 2.4771e+05
0.0037692 2.4771e+05
0.003773 2.4771e+05
0.0037768 2.4771e+05
0.0037805 2.4771e+05
0.0037843 2.4771e+05
0.0037881 2.4771e+05
0.0037918 2.4771e+05
0.0037956 2.4771e+05
0.0037994 2.4771e+05
0.0038032 2.4771e+05
0.0038069 2.4771e+05
0.0038107 2.4771e+05
0.0038145 2.4771e+05
0.0038182 2.4771e+05
0.003822 2.4771e+05
0.0038258 2.4771e+05
0.0038295 2.4771e+05
0.0038333 2.4771e+05
0.0038371 2.4771e+05
0.0038408 2.4771e+05
0.0038446 2.4771e+05
0.0038484 2.4771e+05
0.0038522 2.4771e+05
0.0038559 2.4771e+05
0.0038597 2.4771e+05
0.0038635 2.4771e+05
0.0038672 2.4771e+05
0.003871 2.4771e+05
0.0038748 2.4771e+05
0.0038785 2.4771e+05
0.0038823 2.4771e+05
0.0038861 2.4771e+05
0.0038898 2.4771e+05
0.0038936 2.4771e+05
0.0038974 2.4771e+05
0.0039012 2.4771e+05
0.0039049 2.4771e+05
0.0039087 2.4771e+05
0.0039125 2.4771e+05
0.0039162 2.4771e+05
0.00392 2.4771e+05
0.0039238 2.4771e+05
0.0039275 2.4771e+05
0.0039313 2.4771e+05
0.0039351 2.4771e+05
0.0039388 2.4771e+05
0.0039426 2.4771e+05
0.0039464 2.4771e+05
0.0039502 2.4771e+05
0.0039539 2.4771e+05
0.0039577 2.4771e+05
0.0039615 2.4771e+05
0.0039652 2.4771e+05
0.003969 2.4771e+05
0.0039728 2.4771e+05
0.0039765 2.4771e+05
0.0039803 2.4771e+05
0.0039841 2.4771e+05
0.0039878 2.4771e+05
0.0039916 2.4771e+05
0.0039954 2.4771e+05
0.0039992 2.4771e+05
0.0040029 2.4771e+05
0.0040067 2.4771e+05
0.0040105 2.4771e+05
0.0040142 2.4771e+05
0.004018 2.4771e+05
0.0040218 2.4771e+05
0.0040255 2.4771e+05
0.0040293 2.4771e+05
0.0040331 2.4771e+05
0.0040368 2.4771e+05
0.0040406 2.4771e+05
0.0040444 2.4771e+05
0.0040482 2.4771e+05
0.0040519 2.4771e+05
0.0040557 2.4771e+05
0.0040595 2.4771e+05
0.0040632 2.4771e+05
0.004067 2.4771e+05
0.0040708 2.4771e+05
0.0040745 2.4771e+05
0.0040783 2.4771e+05
0.0040821 2.4771e+05
0.0040858 2.4771e+05
0.0040896 2.4771e+05
0.0040934 2.4771e+05
0.0040972 2.4771e+05
0.0041009 2.4771e+05
0.0041047 2.4771e+05
0.0041085 2.4771e+05
0.0041122 2.4771e+05
0.004116 2.4771e+05
0.0041198 2.4771e+05
0.0041235 2.4771e+05
0.0041273 2.4771e+05
0.0041311 2.4771e+05
0.0041348 2.4771e+05
0.0041386 2.4771e+05
0.0041424 2.4771e+05
0.0041462 2.4771e+05
0.0041499 2.4771e+05
0.0041537 2.4771e+05
0.0041575 2.4771e+05
0.0041612 2.4771e+05
0.004165 2.4771e+05
0.0041688 2.4771e+05
0.0041725 2.4771e+05
0.0041763 2.4771e+05
0.0041801 2.4771e+05
0.0041838 2.4771e+05
0.0041876 2.4771e+05
0.0041914 2.4771e+05
0.0041952 2.4771e+05
0.0041989 2.4771e+05
0.0042027 2.4771e+05
0.0042065 2.4771e+05
0.0042102 2.4771e+05
0.004214 2.4771e+05
0.0042178 2.4771e+05
0.0042215 2.4771e+05
0.0042253 2.4771e+05
0.0042291 2.4771e+05
0.0042328 2.4771e+05
0.0042366 2.4771e+05
0.0042404 2.4771e+05
0.0042442 2.4771e+05
0.0042479 2.4771e+05
0.0042517 2.4771e+05
0.0042555 2.4771e+05
0.0042592 2.4771e+05
0.004263 2.4771e+05
0.0042668 2.4771e+05
0.0042705 2.4771e+05
0.0042743 2.4771e+05
0.0042781 2.4771e+05
0.0042818 2.4771e+05
0.0042856 2.4771e+05
0.0042894 2.4771e+05
0.0042932 2.4771e+05
0.0042969 2.4771e+05
0.0043007 2.4771e+05
0.0043045 2.4771e+05
0.0043082 2.4771e+05
0.004312 2.4771e+05
0.0043158 2.4771e+05
0.0043195 2.4771e+05
0.0043233 2.4771e+05
0.0043271 2.4771e+05
0.0043308 2.4771e+05
0.0043346 2.4771e+05
0.0043384 2.4771e+05
0.0043422 2.4771e+05
0.0043459 2.4771e+05
0.0043497 2.4771e+05
0.0043535 2.4771e+05
0.0043572 2.4771e+05
0.004361 2.4771e+05
0.0043648 2.4771e+05
0.0043685 2.4771e+05
0.0043723 2.4771e+05
0.0043761 2.4771e+05
0.0043798 2.4771e+05
0.0043836 2.4771e+05
0.0043874 2.4771e+05
0.0043912 2.4771e+05
0.0043949 2.4771e+05
0.0043987 2.4771e+05
0.0044025 2.4771e+05
0.0044062 2.4771e+05
0.00441 2.4771e+05
0.0044138 2.4771e+05
0.0044175 2.4771e+05
0.0044213 2.4771e+05
0.0044251 2.4771e+05
0.0044288 2.4771e+05
0.0044326 2.4771e+05
0.0044364 2.4771e+05
0.0044402 2.4771e+05
0.0044439 2.4771e+05
0.0044477 2.4771e+05
0.0044515 2.4771e+05
0.0044552 2.4771e+05
0.004459 2.4771e+05
0.0044628 2.4771e+05
0.0044665 2.4771e+05
0.0044703 2.4771e+05
0.0044741 2.4771e+05
0.0044778 2.4771e+05
0.0044816 2.4771e+05
0.0044854 2.4771e+05
0.0044892 2.4771e+05
0.0044929 2.4771e+05
0.0044967 2.4771e+05
0.0045005 2.4771e+05
0.0045042 2.4771e+05
0.004508 2.4771e+05
0.0045118 2.4771e+05
0.0045155 2.4771e+05
0.0045193 2.4771e+05
0.0045231 2.4771e+05
0.0045268 2.4771e+05
0.0045306 2.4771e+05
0.0045344 2.4771e+05
0.0045382 2.4771e+05
0.0045419 2.4771e+05
0.0045457 2.4771e+05
0.0045495 2.4771e+05
0.0045532 2.4771e+05
0.004557 2.4771e+05
0.0045608 2.4771e+05
0.0045645 2.4771e+05
0.0045683 2.4771e+05
0.0045721 2.4771e+05
0.0045758 2.4771e+05
0.0045796 2.4771e+05
0.0045834 2.4771e+05
0.0045872 2.4771e+05
0.0045909 2.4771e+05
0.0045947 2.4771e+05
0.0045985 2.4771e+05
0.0046022 2.4771e+05
0.004606 2.4771e+05
0.0046098 2.4771e+05
0.0046135 2.4771e+05
0.0046173 2.4771e+05
0.0046211 2.4771e+05
0.0046248 2.4771e+05
0.0046286 2.4771e+05
0.0046324 2.4771e+05
0.0046362 2.4771e+05
0.0046399 2.4771e+05
0.0046437 2.4771e+05
0.0046475 2.4771e+05
0.0046512 2.4771e+05
0.004655 2.4771e+05
0.0046588 2.4771e+05
0.0046625 2.4771e+05
0.0046663 2.4771e+05
0.0046701 2.4771e+05
0.0046738 2.4771e+05
0.0046776 2.4771e+05
0.0046814 2.4771e+05
0.0046852 2.4771e+05
0.0046889 2.4771e+05
0.0046927 2.4771e+05
0.0046965 2.4771e+05
0.0047002 2.4771e+05
0.004704 2.4771e+05
0.0047078 2.4771e+05
0.0047115 2.4771e+05
0.0047153 2.4771e+05
0.0047191 2.4771e+05
0.0047228 2.4771e+05
0.0047266 2.4771e+05
0.0047304 2.4771e+05
0.0047342 2.4771e+05
0.0047379 2.4771e+05
0.0047417 2.4771e+05
0.0047455 2.4771e+05
0.0047492 2.4771e+05
0.004753 2.4771e+05
0.0047568 2.4771e+05
0.0047605 2.4771e+05
0.0047643 2.4771e+05
0.0047681 2.4771e+05
0.0047718 2.4771e+05
0.0047756 2.4771e+05
0.0047794 2.4771e+05
0.0047832 2.4771e+05
0.0047869 2.4771e+05
0.0047907 2.4771e+05
0.0047945 2.4771e+05
0.0047982 2.4771e+05
0.004802 2.4771e+05
0.0048058 2.4771e+05
0.0048095 2.4771e+05
0.0048133 2.4771e+05
0.0048171 2.4771e+05
0.0048208 2.4771e+05
0.0048246 2.4771e+05
0.0048284 2.4771e+05
0.0048322 2.4771e+05
0.0048359 2.4771e+05
0.0048397 2.4771e+05
0.0048435 2.4771e+05
0.0048472 2.4771e+05
0.004851 2.4771e+05
0.0048548 2.4771e+05
0.0048585 2.4771e+05
0.0048623 2.4771e+05
0.0048661 2.4771e+05
0.0048698 2.4771e+05
0.0048736 2.4771e+05
0.0048774 2.4771e+05
0.0048812 2.4771e+05
0.0048849 2.4771e+05
0.0048887 2.4771e+05
0.0048925 2.4771e+05
0.0048962 2.4771e+05
0.0049 2.4771e+05
0.0049038 2.4771e+05
0.0049075 2.4771e+05
0.0049113 2.4771e+05
0.0049151 2.4771e+05
0.0049188 2.4771e+05
0.0049226 2.4771e+05
0.0049264 2.4771e+05
0.0049302 2.4771e+05
0.0049339 2.4771e+05
0.0049377 2.4771e+05
0.0049415 2.4771e+05
0.0049452 2.4771e+05
0.004949 2.4771e+05
0.0049528 2.4771e+05
0.0049565 2.4771e+05
0.0049603 2.4771e+05
0.0049641 2.4771e+05
0.0049678 2.4771e+05
0.0049716 2.4771e+05
0.0049754 2.4771e+05
0.0049792 2.4771e+05
0.0049829 2.4771e+05
0.0049867 2.4771e+05
0.0049905 2.4771e+05
0.0049942 2.4771e+05
0.004998 2.4771e+05
0.0050018 2.4771e+05
0.0050055 2.4771e+05
0.0050093 2.4771e+05
0.0050131 2.4771e+05
0.0050168 2.4771e+05
0.0050206 2.4771e+05
0.0050244 2.4771e+05
0.0050282 2.4771e+05
0.0050319 2.4771e+05
0.0050357 2.4771e+05
0.0050395 2.4771e+05
0.0050432 2.4771e+05
0.005047 2.4771e+05
0.0050508 2.4771e+05
0.0050545 2.4771e+05
0.0050583 2.4771e+05
0.0050621 2.4771e+05
0.0050658 2.4771e+05
0.0050696 2.4771e+05
0.0050734 2.4771e+05
0.0050772 2.4771e+05
0.0050809 2.4771e+05
0.0050847 2.4771e+05
0.0050885 2.4771e+05
0.0050922 2.4771e+05
0.005096 2.4771e+05
0.0050998 2.4771e+05
0.0051035 2.4771e+05
0.0051073 2.4771e+05
0.0051111 2.4771e+05
0.0051148 2.4771e+05
0.0051186 2.4771e+05
0.0051224 2.4771e+05
0.0051262 2.4771e+05
0.0051299 2.4771e+05
0.0051337 2.4771e+05
0.0051375 2.4771e+05
0.0051412 2.4771e+05
0.005145 2.4771e+05
0.0051488 2.4771e+05
0.0051525 2.4771e+05
0.0051563 2.4771e+05
0.0051601 2.4771e+05
0.0051638 2.4771e+05
0.0051676 2.4771e+05
0.0051714 2.4771e+05
0.0051752 2.4771e+05
0.0051789 2.4771e+05
0.0051827 2.4771e+05
0.0051865 2.4771e+05
0.0051902 2.4771e+05
0.005194 2.4771e+05
0.0051978 2.4771e+05
0.0052015 2.4771e+05
0.0052053 2.4771e+05
0.0052091 2.4771e+05
0.0052128 2.4771e+05
0.0052166 2.4771e+05
0.0052204 2.4771e+05
0.0052242 2.4771e+05
0.0052279 2.4771e+05
0.0052317 2.4771e+05
0.0052355 2.4771e+05
0.0052392 2.4771e+05
0.005243 2.4771e+05
0.0052468 2.4771e+05
0.0052505 2.4771e+05
0.0052543 2.4771e+05
0.0052581 2.4771e+05
0.0052618 2.4771e+05
0.0052656 2.4771e+05
0.0052694 2.4771e+05
0.0052732 2.4771e+05
0.0052769 2.4771e+05
0.0052807 2.4771e+05
0.0052845 2.4771e+05
0.0052882 2.4771e+05
0.005292 2.4771e+05
0.0052958 2.4771e+05
0.0052995 2.4771e+05
0.0053033 2.4771e+05
0.0053071 2.4771e+05
0.0053108 2.4771e+05
0.0053146 2.4771e+05
0.0053184 2.4771e+05
0.0053222 2.4771e+05
0.0053259 2.4771e+05
0.0053297 2.4771e+05
0.0053335 2.4771e+05
0.0053372 2.4771e+05
0.005341 2.4771e+05
0.0053448 2.4771e+05
0.0053485 2.4771e+05
0.0053523 2.4771e+05
0.0053561 2.4771e+05
0.0053598 2.4771e+05
0.0053636 2.4771e+05
0.0053674 2.4771e+05
0.0053712 2.4771e+05
0.0053749 2.4771e+05
0.0053787 2.4771e+05
0.0053825 2.4771e+05
0.0053862 2.4771e+05
0.00539 2.4771e+05
0.0053938 2.4771e+05
0.0053975 2.4771e+05
0.0054013 2.4771e+05
0.0054051 2.4771e+05
0.0054088 2.4771e+05
0.0054126 2.4771e+05
0.0054164 2.4771e+05
0.0054202 2.4771e+05
0.0054239 2.4771e+05
0.0054277 2.4771e+05
0.0054315 2.4771e+05
0.0054352 2.4771e+05
0.005439 2.4771e+05
0.0054428 2.4771e+05
0.0054465 2.4771e+05
0.0054503 2.4771e+05
0.0054541 2.4771e+05
0.0054578 2.4771e+05
0.0054616 2.4771e+05
0.0054654 2.4771e+05
0.0054692 2.4771e+05
0.0054729 2.4771e+05
0.0054767 2.4771e+05
0.0054805 2.4771e+05
0.0054842 2.4771e+05
0.005488 2.4771e+05
0.0054918 2.4771e+05
0.0054955 2.4771e+05
0.0054993 2.4771e+05
0.0055031 2.4771e+05
0.0055068 2.4771e+05
0.0055106 2.4771e+05
0.0055144 2.4771e+05
0.0055182 2.4771e+05
0.0055219 2.4771e+05
0.0055257 2.4771e+05
0.0055295 2.4771e+05
0.0055332 2.4771e+05
0.005537 2.4771e+05
0.0055408 2.4771e+05
0.0055445 2.4771e+05
0.0055483 2.4771e+05
0.0055521 2.4771e+05
0.0055558 2.4771e+05
0.0055596 2.4771e+05
0.0055634 2.4771e+05
0.0055672 2.4771e+05
0.0055709 2.4771e+05
0.0055747 2.4771e+05
0.0055785 2.4771e+05
0.0055822 2.4771e+05
0.005586 2.4771e+05
0.0055898 2.4771e+05
0.0055935 2.4771e+05
0.0055973 2.4771e+05
0.0056011 2.4771e+05
0.0056048 2.4771e+05
0.0056086 2.4771e+05
0.0056124 2.4771e+05
0.0056162 2.4771e+05
0.0056199 2.4771e+05
0.0056237 2.4771e+05
0.0056275 2.4771e+05
0.0056312 2.4771e+05
0.005635 2.4771e+05
0.0056388 2.4771e+05
0.0056425 2.4771e+05
0.0056463 2.4771e+05
0.0056501 2.4771e+05
0.0056538 2.4771e+05
0.0056576 2.4771e+05
0.0056614 2.4771e+05
0.0056652 2.4771e+05
0.0056689 2.4771e+05
0.0056727 2.4771e+05
0.0056765 2.4771e+05
0.0056802 2.4771e+05
0.005684 2.4771e+05
0.0056878 2.4771e+05
0.0056915 2.4771e+05
0.0056953 2.4771e+05
0.0056991 2.4771e+05
0.0057028 2.4771e+05
0.0057066 2.4771e+05
0.0057104 2.4771e+05
0.0057142 2.4771e+05
0.0057179 2.4771e+05
0.0057217 2.4771e+05
0.0057255 2.4771e+05
0.0057292 2.4771e+05
0.005733 2.4771e+05
0.0057368 2.4771e+05
0.0057405 2.4771e+05
0.0057443 2.4771e+05
0.0057481 2.4771e+05
0.0057518 2.4771e+05
0.0057556 2.4771e+05
0.0057594 2.4771e+05
0.0057632 2.4771e+05
0.0057669 2.4771e+05
0.0057707 2.4771e+05
0.0057745 2.4771e+05
0.0057782 2.4771e+05
0.005782 2.4771e+05
0.0057858 2.4771e+05
0.0057895 2.4771e+05
0.0057933 2.4771e+05
0.0057971 2.4771e+05
0.0058008 2.4771e+05
0.0058046 2.4771e+05
0.0058084 2.4771e+05
0.0058122 2.4771e+05
0.0058159 2.4771e+05
0.0058197 2.4771e+05
0.0058235 2.4771e+05
0.0058272 2.4771e+05
0.005831 2.4771e+05
0.0058348 2.4771e+05
0.0058385 2.4771e+05
0.0058423 2.4771e+05
0.0058461 2.4771e+05
0.0058498 2.4771e+05
0.0058536 2.4771e+05
0.0058574 2.4771e+05
0.0058612 2.4771e+05
0.0058649 2.4771e+05
0.0058687 2.4771e+05
0.0058725 2.4771e+05
0.0058762 2.4771e+05
0.00588 2.4771e+05
0.0058838 2.4771e+05
0.0058875 2.4771e+05
0.0058913 2.4771e+05
0.0058951 2.4771e+05
0.0058988 2.4771e+05
0.0059026 2.4771e+05
0.0059064 2.4771e+05
0.0059102 2.4771e+05
0.0059139 2.4771e+05
0.0059177 2.4771e+05
0.0059215 2.4771e+05
0.0059252 2.4771e+05
0.005929 2.4771e+05
0.0059328 2.4771e+05
0.0059365 2.4771e+05
0.0059403 2.4771e+05
0.0059441 2.4771e+05
0.0059478 2.4771e+05
0.0059516 2.4771e+05
0.0059554 2.4771e+05
0.0059592 2.4771e+05
0.0059629 2.4771e+05
0.0059667 2.4771e+05
0.0059705 2.4771e+05
0.0059742 2.4771e+05
0.005978 2.4771e+05
0.0059818 2.4771e+05
0.0059855 2.4771e+05
0.0059893 2.4771e+05
0.0059931 2.4771e+05
0.0059968 2.4771e+05
0.0060006 2.4771e+05
0.0060044 2.4771e+05
0.0060082 2.4771e+05
0.0060119 2.4771e+05
0.0060157 2.4771e+05
0.0060195 2.4771e+05
0.0060232 2.4771e+05
0.006027 2.4771e+05
0.0060308 2.4771e+05
0.0060345 2.4771e+05
0.0060383 2.4771e+05
0.0060421 2.4771e+05
0.0060458 2.4771e+05
0.0060496 2.4771e+05
0.0060534 2.4771e+05
0.0060572 2.4771e+05
0.0060609 2.4771e+05
0.0060647 2.4771e+05
0.0060685 2.4771e+05
0.0060722 2.4771e+05
0.006076 2.4771e+05
0.0060798 2.4771e+05
0.0060835 2.4771e+05
0.0060873 2.4771e+05
0.0060911 2.4771e+05
0.0060948 2.4771e+05
0.0060986 2.4771e+05
0.0061024 2.4771e+05
0.0061062 2.4771e+05
0.0061099 2.4771e+05
0.0061137 2.4771e+05
0.0061175 2.4771e+05
0.0061212 2.4771e+05
0.006125 2.4771e+05
0.0061288 2.4771e+05
0.0061325 2.4771e+05
0.0061363 2.4771e+05
0.0061401 2.4771e+05
0.0061438 2.4771e+05
0.0061476 2.4771e+05
0.0061514 2.4771e+05
0.0061552 2.4771e+05
0.0061589 2.4771e+05
0.0061627 2.4771e+05
0.0061665 2.4771e+05
0.0061702 2.4771e+05
0.006174 2.4771e+05
0.0061778 2.4771e+05
0.0061815 2.4771e+05
0.0061853 2.4771e+05
0.0061891 2.4771e+05
0.0061928 2.4771e+05
0.0061966 2.4771e+05
0.0062004 2.4771e+05
0.0062042 2.4771e+05
0.0062079 2.4771e+05
0.0062117 2.4771e+05
0.0062155 2.4771e+05
0.0062192 2.4771e+05
0.006223 2.4771e+05
0.0062268 2.4771e+05
0.0062305 2.4771e+05
0.0062343 2.4771e+05
0.0062381 2.4771e+05
0.0062418 2.4771e+05
0.0062456 2.4771e+05
0.0062494 2.4771e+05
0.0062532 2.4771e+05
0.0062569 2.4771e+05
0.0062607 2.4771e+05
0.0062645 2.4771e+05
0.0062682 2.4771e+05
0.006272 2.4771e+05
0.0062758 2.4771e+05
0.0062795 2.4771e+05
0.0062833 2.4771e+05
0.0062871 2.4771e+05
0.0062908 2.4771e+05
0.0062946 2.4771e+05
0.0062984 2.4771e+05
0.0063022 2.4771e+05
0.0063059 2.4771e+05
0.0063097 2.4771e+05
0.0063135 2.4771e+05
0.0063172 2.4771e+05
0.006321 2.4771e+05
0.0063248 2.4771e+05
0.0063285 2.4771e+05
0.0063323 2.4771e+05
0.0063361 2.4771e+05
0.0063398 2.4771e+05
0.0063436 2.4771e+05
0.0063474 2.4771e+05
0.0063512 2.4771e+05
0.0063549 2.4771e+05
0.0063587 2.4771e+05
0.0063625 2.4771e+05
0.0063662 2.4771e+05
0.00637 2.4771e+05
0.0063738 2.4771e+05
0.0063775 2.4771e+05
0.0063813 2.4771e+05
0.0063851 2.4771e+05
0.0063888 2.4771e+05
0.0063926 2.4771e+05
0.0063964 2.4771e+05
0.0064002 2.4771e+05
0.0064039 2.4771e+05
0.0064077 2.4771e+05
0.0064115 2.4771e+05
0.0064152 2.4771e+05
0.006419 2.4771e+05
0.0064228 2.4771e+05
0.0064265 2.4771e+05
0.0064303 2.4771e+05
0.0064341 2.4771e+05
0.0064378 2.4771e+05
0.0064416 2.4771e+05
0.0064454 2.4771e+05
0.0064492 2.4771e+05
0.0064529 2.4771e+05
0.0064567 2.4771e+05
0.0064605 2.4771e+05
0.0064642 2.4771e+05
0.006468 2.4771e+05
0.0064718 2.4771e+05
0.0064755 2.4771e+05
0.0064793 2.4771e+05
0.0064831 2.4771e+05
0.0064868 2.4771e+05
0.0064906 2.4771e+05
0.0064944 2.4771e+05
0.0064982 2.4771e+05
0.0065019 2.4771e+05
0.0065057 2.4771e+05
0.0065095 2.4771e+05
0.0065132 2.4771e+05
0.006517 2.4771e+05
0.0065208 2.4771e+05
0.0065245 2.4771e+05
0.0065283 2.4771e+05
0.0065321 2.4771e+05
0.0065358 2.4771e+05
0.0065396 2.4771e+05
0.0065434 2.4771e+05
0.0065472 2.4771e+05
0.0065509 2.4771e+05
0.0065547 2.4771e+05
0.0065585 2.4771e+05
0.0065622 2.4771e+05
0.006566 2.4771e+05
0.0065698 2.4771e+05
0.0065735 2.4771e+05
0.0065773 2.4771e+05
0.0065811 2.4771e+05
0.0065848 2.4771e+05
0.0065886 2.4771e+05
0.0065924 2.4771e+05
0.0065962 2.4771e+05
0.0065999 2.4771e+05
0.0066037 2.4771e+05
0.0066075 2.4771e+05
0.0066112 2.4771e+05
0.006615 2.4771e+05
0.0066188 2.4771e+05
0.0066225 2.4771e+05
0.0066263 2.4771e+05
0.0066301 2.4771e+05
0.0066338 2.4771e+05
0.0066376 2.4771e+05
0.0066414 2.4771e+05
0.0066452 2.4771e+05
0.0066489 2.4771e+05
0.0066527 2.4771e+05
0.0066565 2.4771e+05
0.0066602 2.4771e+05
0.006664 2.4771e+05
0.0066678 2.4771e+05
0.0066715 2.4771e+05
0.0066753 2.4771e+05
0.0066791 2.4771e+05
0.0066828 2.4771e+05
0.0066866 2.4771e+05
0.0066904 2.4771e+05
0.0066942 2.4771e+05
0.0066979 2.4771e+05
0.0067017 2.4771e+05
0.0067055 2.4771e+05
0.0067092 2.4771e+05
0.006713 2.4771e+05
0.0067168 2.4771e+05
0.0067205 2.4771e+05
0.0067243 2.4771e+05
0.0067281 2.4771e+05
0.0067318 2.4771e+05
0.0067356 2.4771e+05
0.0067394 2.4771e+05
0.0067432 2.4771e+05
0.0067469 2.4771e+05
0.0067507 2.4771e+05
0.0067545 2.4771e+05
0.0067582 2.4771e+05
0.006762 2.4771e+05
0.0067658 2.4771e+05
0.0067695 2.4771e+05
0.0067733 2.4771e+05
0.0067771 2.4771e+05
0.0067808 2.4771e+05
0.0067846 2.4771e+05
0.0067884 2.4771e+05
0.0067922 2.4771e+05
0.0067959 2.4771e+05
0.0067997 2.4771e+05
0.0068035 2.4771e+05
0.0068072 2.4771e+05
0.006811 2.4771e+05
0.0068148 2.4771e+05
0.0068185 2.4771e+05
0.0068223 2.4771e+05
0.0068261 2.4771e+05
0.0068298 2.4771e+05
0.0068336 2.4771e+05
0.0068374 2.4771e+05
0.0068412 2.4771e+05
0.0068449 2.4771e+05
0.0068487 2.4771e+05
0.0068525 2.4771e+05
0.0068562 2.4771e+05
0.00686 2.4771e+05
0.0068638 2.4771e+05
0.0068675 2.4771e+05
0.0068713 2.4771e+05
0.0068751 2.4771e+05
0.0068788 2.4771e+05
0.0068826 2.4771e+05
0.0068864 2.4771e+05
0.0068902 2.4771e+05
0.0068939 2.4771e+05
0.0068977 2.4771e+05
0.0069015 2.4771e+05
0.0069052 2.4771e+05
0.006909 2.4771e+05
0.0069128 2.4771e+05
0.0069165 2.4771e+05
0.0069203 2.4771e+05
0.0069241 2.4771e+05
0.0069278 2.4771e+05
0.0069316 2.4771e+05
0.0069354 2.4771e+05
0.0069392 2.4771e+05
0.0069429 2.4771e+05
0.0069467 2.4771e+05
0.0069505 2.4771e+05
0.0069542 2.4771e+05
0.006958 2.4771e+05
0.0069618 2.4771e+05
0.0069655 2.4771e+05
0.0069693 2.4771e+05
0.0069731 2.4771e+05
0.0069768 2.4771e+05
0.0069806 2.4771e+05
0.0069844 2.4771e+05
0.0069882 2.4771e+05
0.0069919 2.4771e+05
0.0069957 2.4771e+05
0.0069995 2.4771e+05
0.0070032 2.4771e+05
0.007007 2.4771e+05
0.0070108 2.4771e+05
0.0070145 2.4771e+05
0.0070183 2.4771e+05
0.0070221 2.4771e+05
0.0070258 2.4771e+05
0.0070296 2.4771e+05
0.0070334 2.4771e+05
0.0070372 2.4771e+05
0.0070409 2.4771e+05
0.0070447 2.4771e+05
0.0070485 2.4771e+05
0.0070522 2.4771e+05
0.007056 2.4771e+05
0.0070598 2.4771e+05
0.0070635 2.4771e+05
0.0070673 2.4771e+05
0.0070711 2.4771e+05
0.0070748 2.4771e+05
0.0070786 2.4771e+05
0.0070824 2.4771e+05
0.0070862 2.4771e+05
0.0070899 2.4771e+05
0.0070937 2.4771e+05
0.0070975 2.4771e+05
0.0071012 2.4771e+05
0.007105 2.4771e+05
0.0071088 2.4771e+05
0.0071125 2.4771e+05
0.0071163 2.4771e+05
0.0071201 2.4771e+05
0.0071238 2.4771e+05
0.0071276 2.4771e+05
0.0071314 2.4771e+05
0.0071352 2.4771e+05
0.0071389 2.4771e+05
0.0071427 2.4771e+05
0.0071465 2.4771e+05
0.0071502 2.4771e+05
0.007154 2.4771e+05
0.0071578 2.4771e+05
0.0071615 2.4771e+05
0.0071653 2.4771e+05
0.0071691 2.4771e+05
0.0071728 2.4771e+05
0.0071766 2.4771e+05
0.0071804 2.4771e+05
0.0071842 2.4771e+05
0.0071879 2.4771e+05
0.0071917 2.4771e+05
0.0071955 2.4771e+05
0.0071992 2.4771e+05
0.007203 2.4771e+05
0.0072068 2.4771e+05
0.0072105 2.4771e+05
0.0072143 2.4771e+05
0.0072181 2.4771e+05
0.0072218 2.4771e+05
0.0072256 2.4771e+05
0.0072294 2.4771e+05
0.0072332 2.4771e+05
0.0072369 2.4771e+05
0.0072407 2.4771e+05
0.0072445 2.4771e+05
0.0072482 2.4771e+05
0.007252 2.4771e+05
0.0072558 2.4771e+05
0.0072595 2.4771e+05
0.0072633 2.4771e+05
0.0072671 2.4771e+05
0.0072708 2.4771e+05
0.0072746 2.4771e+05
0.0072784 2.4771e+05
0.0072822 2.4771e+05
0.0072859 2.4771e+05
0.0072897 2.4771e+05
0.0072935 2.4771e+05
0.0072972 2.4771e+05
0.007301 2.4771e+05
0.0073048 2.4771e+05
0.0073085 2.4771e+05
0.0073123 2.4771e+05
0.0073161 2.4771e+05
0.0073198 2.4771e+05
0.0073236 2.4771e+05
0.0073274 2.4771e+05
0.0073312 2.4771e+05
0.0073349 2.4771e+05
0.0073387 2.4771e+05
0.0073425 2.4771e+05
0.0073462 2.4771e+05
0.00735 2.4771e+05
0.0073538 2.4771e+05
0.0073575 2.4771e+05
0.0073613 2.4771e+05
0.0073651 2.4771e+05
0.0073688 2.4771e+05
0.0073726 2.4771e+05
0.0073764 2.4771e+05
0.0073802 2.4771e+05
0.0073839 2.4771e+05
0.0073877 2.4771e+05
0.0073915 2.4771e+05
0.0073952 2.4771e+05
0.007399 2.4771e+05
0.0074028 2.4771e+05
0.0074065 2.4771e+05
0.0074103 2.4771e+05
0.0074141 2.4771e+05
0.0074178 2.4771e+05
0.0074216 2.4771e+05
0.0074254 2.4771e+05
0.0074292 2.4771e+05
0.0074329 2.4771e+05
0.0074367 2.4771e+05
0.0074405 2.4771e+05
0.0074442 2.4771e+05
0.007448 2.4771e+05
0.0074518 2.4771e+05
0.0074555 2.4771e+05
0.0074593 2.4771e+05
0.0074631 2.4771e+05
0.0074668 2.4771e+05
0.0074706 2.4771e+05
0.0074744 2.4771e+05
0.0074782 2.4771e+05
0.0074819 2.4771e+05
0.0074857 2.4771e+05
0.0074895 2.4771e+05
0.0074932 2.4771e+05
0.007497 2.4771e+05
0.0075008 2.4771e+05
0.0075045 2.4771e+05
0.0075083 2.4771e+05
0.0075121 2.4771e+05
0.0075158 2.4771e+05
0.0075196 2.4771e+05
0.0075234 2.4771e+05
0.0075272 2.4771e+05
0.0075309 2.4771e+05
0.0075347 2.4771e+05
0.0075385 2.4771e+05
0.0075422 2.4771e+05
0.007546 2.4771e+05
0.0075498 2.4771e+05
0.0075535 2.4771e+05
0.0075573 2.4771e+05
0.0075611 2.4771e+05
0.0075648 2.4771e+05
0.0075686 2.4771e+05
0.0075724 2.4771e+05
0.0075762 2.4771e+05
0.0075799 2.4771e+05
0.0075837 2.4771e+05
0.0075875 2.4771e+05
0.0075912 2.4771e+05
0.007595 2.4771e+05
0.0075988 2.4771e+05
0.0076025 2.4771e+05
0.0076063 2.4771e+05
0.0076101 2.4771e+05
0.0076138 2.4771e+05
0.0076176 2.4771e+05
0.0076214 2.4771e+05
0.0076252 2.4771e+05
0.0076289 2.4771e+05
0.0076327 2.4771e+05
0.0076365 2.4771e+05
0.0076402 2.4771e+05
0.007644 2.4771e+05
0.0076478 2.4771e+05
0.0076515 2.4771e+05
0.0076553 2.4771e+05
0.0076591 2.4771e+05
0.0076628 2.4771e+05
0.0076666 2.4771e+05
0.0076704 2.4771e+05
0.0076742 2.4771e+05
0.0076779 2.4771e+05
0.0076817 2.4771e+05
0.0076855 2.4771e+05
0.0076892 2.4771e+05
0.007693 2.4771e+05
0.0076968 2.4771e+05
0.0077005 2.4771e+05
0.0077043 2.4771e+05
0.0077081 2.4771e+05
0.0077118 2.4771e+05
0.0077156 2.4771e+05
0.0077194 2.4771e+05
0.0077232 2.4771e+05
0.0077269 2.4771e+05
0.0077307 2.4771e+05
0.0077345 2.4771e+05
0.0077382 2.4771e+05
0.007742 2.4771e+05
0.0077458 2.4771e+05
0.0077495 2.4771e+05
0.0077533 2.4771e+05
0.0077571 2.4771e+05
0.0077608 2.4771e+05
0.0077646 2.4771e+05
0.0077684 2.4771e+05
0.0077722 2.4771e+05
0.0077759 2.4771e+05
0.0077797 2.4771e+05
0.0077835 2.4771e+05
0.0077872 2.4771e+05
0.007791 2.4771e+05
0.0077948 2.4771e+05
0.0077985 2.4771e+05
0.0078023 2.4771e+05
0.0078061 2.4771e+05
0.0078098 2.4771e+05
0.0078136 2.4771e+05
0.0078174 2.4771e+05
0.0078212 2.4771e+05
0.0078249 2.4771e+05
0.0078287 2.4771e+05
0.0078325 2.4771e+05
0.0078362 2.4771e+05
0.00784 2.4771e+05
0.0078438 2.4771e+05
0.0078475 2.4771e+05
0.0078513 2.4771e+05
0.0078551 2.4771e+05
0.0078588 2.4771e+05
0.0078626 2.4771e+05
0.0078664 2.4771e+05
0.0078702 2.4771e+05
0.0078739 2.4771e+05
0.0078777 2.4771e+05
0.0078815 2.4771e+05
0.0078852 2.4771e+05
0.007889 2.4771e+05
0.0078928 2.4771e+05
0.0078965 2.4771e+05
0.0079003 2.4771e+05
0.0079041 2.4771e+05
0.0079078 2.4771e+05
0.0079116 2.4771e+05
0.0079154 2.4771e+05
0.0079192 2.4771e+05
0.0079229 2.4771e+05
0.0079267 2.4771e+05
0.0079305 2.4771e+05
0.0079342 2.4771e+05
0.007938 2.4771e+05
0.0079418 2.4771e+05
0.0079455 2.4771e+05
0.0079493 2.4771e+05
0.0079531 2.4771e+05
0.0079568 2.4771e+05
0.0079606 2.4771e+05
0.0079644 2.4771e+05
0.0079682 2.4771e+05
0.0079719 2.4771e+05
0.0079757 2.4771e+05
0.0079795 2.4771e+05
0.0079832 2.4771e+05
0.007987 2.4771e+05
0.0079908 2.4771e+05
0.0079945 2.4771e+05
0.0079983 2.4771e+05
0.0080021 2.4771e+05
0.0080058 2.4771e+05
0.0080096 2.4771e+05
0.0080134 2.4771e+05
0.0080172 2.4771e+05
0.0080209 2.4771e+05
0.0080247 2.4771e+05
0.0080285 2.4771e+05
0.0080322 2.4771e+05
0.008036 2.4771e+05
0.0080398 2.4771e+05
0.0080435 2.4771e+05
0.0080473 2.4771e+05
0.0080511 2.4771e+05
0.0080548 2.4771e+05
0.0080586 2.4771e+05
0.0080624 2.4771e+05
0.0080662 2.4771e+05
0.0080699 2.4771e+05
0.0080737 2.4771e+05
0.0080775 2.4771e+05
0.0080812 2.4771e+05
0.008085 2.4771e+05
0.0080888 2.4771e+05
0.0080925 2.4771e+05
0.0080963 2.4771e+05
0.0081001 2.4771e+05
0.0081038 2.4771e+05
0.0081076 2.4771e+05
0.0081114 2.4771e+05
0.0081152 2.4771e+05
0.0081189 2.4771e+05
0.0081227 2.4771e+05
0.0081265 2.4771e+05
0.0081302 2.4771e+05
0.008134 2.4771e+05
0.0081378 2.4771e+05
0.0081415 2.4771e+05
0.0081453 2.4771e+05
0.0081491 2.4771e+05
0.0081528 2.4771e+05
0.0081566 2.4771e+05
0.0081604 2.4771e+05
0.0081642 2.4771e+05
0.0081679 2.4771e+05
0.0081717 2.4771e+05
0.0081755 2.4771e+05
0.0081792 2.4771e+05
0.008183 2.4771e+05
0.0081868 2.4771e+05
0.0081905 2.4771e+05
0.0081943 2.4771e+05
0.0081981 2.4771e+05
0.0082018 2.4771e+05
0.0082056 2.4771e+05
0.0082094 2.4771e+05
0.0082132 2.4771e+05
0.0082169 2.4771e+05
0.0082207 2.4771e+05
0.0082245 2.4771e+05
0.0082282 2.4771e+05
0.008232 2.4771e+05
0.0082358 2.4771e+05
0.0082395 2.4771e+05
0.0082433 2.4771e+05
0.0082471 2.4771e+05
0.0082508 2.4771e+05
0.0082546 2.4771e+05
0.0082584 2.4771e+05
0.0082622 2.4771e+05
0.0082659 2.4771e+05
0.0082697 2.4771e+05
0.0082735 2.4771e+05
0.0082772 2.4771e+05
0.008281 2.4771e+05
0.0082848 2.4771e+05
0.0082885 2.4771e+05
0.0082923 2.4771e+05
0.0082961 2.4771e+05
0.0082998 2.4771e+05
0.0083036 2.4771e+05
0.0083074 2.4771e+05
0.0083112 2.4771e+05
0.0083149 2.4771e+05
0.0083187 2.4771e+05
0.0083225 2.4771e+05
0.0083262 2.4771e+05
0.00833 2.4771e+05
0.0083338 2.4771e+05
0.0083375 2.4771e+05
0.0083413 2.4771e+05
0.0083451 2.4771e+05
0.0083488 2.4771e+05
0.0083526 2.4771e+05
0.0083564 2.4771e+05
0.0083602 2.4771e+05
0.0083639 2.4771e+05
0.0083677 2.4771e+05
0.0083715 2.4771e+05
0.0083752 2.4771e+05
0.008379 2.4771e+05
0.0083828 2.4771e+05
0.0083865 2.4771e+05
0.0083903 2.4771e+05
0.0083941 2.4771e+05
0.0083978 2.4771e+05
0.0084016 2.4771e+05
0.0084054 2.4771e+05
0.0084092 2.4771e+05
0.0084129 2.4771e+05
0.0084167 2.4771e+05
0.0084205 2.4771e+05
0.0084242 2.4771e+05
0.008428 2.4771e+05
0.0084318 2.4771e+05
0.0084355 2.4771e+05
0.0084393 2.4771e+05
0.0084431 2.4771e+05
0.0084468 2.4771e+05
0.0084506 2.4771e+05
0.0084544 2.4771e+05
0.0084582 2.4771e+05
0.0084619 2.4771e+05
0.0084657 2.4771e+05
0.0084695 2.4771e+05
0.0084732 2.4771e+05
0.008477 2.4771e+05
0.0084808 2.4771e+05
0.0084845 2.4771e+05
0.0084883 2.4771e+05
0.0084921 2.4771e+05
0.0084958 2.4771e+05
0.0084996 2.4771e+05
0.0085034 2.4771e+05
0.0085072 2.4771e+05
0.0085109 2.4771e+05
0.0085147 2.4771e+05
0.0085185 2.4771e+05
0.0085222 2.4771e+05
0.008526 2.4771e+05
0.0085298 2.4771e+05
0.0085335 2.4771e+05
0.0085373 2.4771e+05
0.0085411 2.4771e+05
0.0085448 2.4771e+05
0.0085486 2.4771e+05
0.0085524 2.4771e+05
0.0085562 2.4771e+05
0.0085599 2.4771e+05
0.0085637 2.4771e+05
0.0085675 2.4771e+05
0.0085712 2.4771e+05
0.008575 2.4771e+05
0.0085788 2.4771e+05
0.0085825 2.4771e+05
0.0085863 2.4771e+05
0.0085901 2.4771e+05
0.0085938 2.4771e+05
0.0085976 2.4771e+05
0.0086014 2.4771e+05
0.0086052 2.4771e+05
0.0086089 2.4771e+05
0.0086127 2.4771e+05
0.0086165 2.4771e+05
0.0086202 2.4771e+05
0.008624 2.4771e+05
0.0086278 2.4771e+05
0.0086315 2.4771e+05
0.0086353 2.4771e+05
0.0086391 2.4771e+05
0.0086428 2.4771e+05
0.0086466 2.4771e+05
0.0086504 2.4771e+05
0.0086542 2.4771e+05
0.0086579 2.4771e+05
0.0086617 2.4771e+05
0.0086655 2.4771e+05
0.0086692 2.4771e+05
0.008673 2.4771e+05
0.0086768 2.4771e+05
0.0086805 2.4771e+05
0.0086843 2.4771e+05
0.0086881 2.4771e+05
0.0086918 2.4771e+05
0.0086956 2.4771e+05
0.0086994 2.4771e+05
0.0087032 2.4771e+05
0.0087069 2.4771e+05
0.0087107 2.4771e+05
0.0087145 2.4771e+05
0.0087182 2.4771e+05
0.008722 2.4771e+05
0.0087258 2.4771e+05
0.0087295 2.4771e+05
0.0087333 2.4771e+05
0.0087371 2.4771e+05
0.0087408 2.4771e+05
0.0087446 2.4771e+05
0.0087484 2.4771e+05
0.0087522 2.4771e+05
0.0087559 2.4771e+05
0.0087597 2.4771e+05
0.0087635 2.4771e+05
0.0087672 2.4771e+05
0.008771 2.4771e+05
0.0087748 2.4771e+05
0.0087785 2.4771e+05
0.0087823 2.4771e+05
0.0087861 2.4771e+05
0.0087898 2.4771e+05
0.0087936 2.4771e+05
0.0087974 2.4771e+05
0.0088012 2.4771e+05
0.0088049 2.4771e+05
0.0088087 2.4771e+05
0.0088125 2.4771e+05
0.0088162 2.4771e+05
0.00882 2.4771e+05
0.0088238 2.4771e+05
0.0088275 2.4771e+05
0.0088313 2.4771e+05
0.0088351 2.4771e+05
0.0088388 2.4771e+05
0.0088426 2.4771e+05
0.0088464 2.4771e+05
0.0088502 2.4771e+05
0.0088539 2.4771e+05
0.0088577 2.4771e+05
0.0088615 2.4771e+05
0.0088652 2.4771e+05
0.008869 2.4771e+05
0.0088728 2.4771e+05
0.0088765 2.4771e+05
0.0088803 2.4771e+05
0.0088841 2.4771e+05
0.0088878 2.4771e+05
0.0088916 2.4771e+05
0.0088954 2.4771e+05
0.0088992 2.4771e+05
0.0089029 2.4771e+05
0.0089067 2.4771e+05
0.0089105 2.4771e+05
0.0089142 2.4771e+05
0.008918 2.4771e+05
0.0089218 2.4771e+05
0.0089255 2.4771e+05
0.0089293 2.4771e+05
0.0089331 2.4771e+05
0.0089368 2.4771e+05
0.0089406 2.4771e+05
0.0089444 2.4771e+05
0.0089482 2.4771e+05
0.0089519 2.4771e+05
0.0089557 2.4771e+05
0.0089595 2.4771e+05
0.0089632 2.4771e+05
0.008967 2.4771e+05
0.0089708 2.4771e+05
0.0089745 2.4771e+05
0.0089783 2.4771e+05
0.0089821 2.4771e+05
0.0089858 2.4771e+05
0.0089896 2.4771e+05
0.0089934 2.4771e+05
0.0089972 2.4771e+05
0.0090009 2.4771e+05
0.0090047 2.4771e+05
0.0090085 2.4771e+05
0.0090122 2.4771e+05
0.009016 2.4771e+05
0.0090198 2.4771e+05
0.0090235 2.4771e+05
0.0090273 2.4771e+05
0.0090311 2.4771e+05
0.0090348 2.4771e+05
0.0090386 2.4771e+05
0.0090424 2.4771e+05
0.0090462 2.4771e+05
0.0090499 2.4771e+05
0.0090537 2.4771e+05
0.0090575 2.4771e+05
0.0090612 2.4771e+05
0.009065 2.4771e+05
0.0090688 2.4771e+05
0.0090725 2.4771e+05
0.0090763 2.4771e+05
0.0090801 2.4771e+05
0.0090838 2.4771e+05
0.0090876 2.4771e+05
0.0090914 2.4771e+05
0.0090952 2.4771e+05
0.0090989 2.4771e+05
0.0091027 2.4771e+05
0.0091065 2.4771e+05
0.0091102 2.4771e+05
0.009114 2.4771e+05
0.0091178 2.4771e+05
0.0091215 2.4771e+05
0.0091253 2.4771e+05
0.0091291 2.4771e+05
0.0091328 2.4771e+05
0.0091366 2.4771e+05
0.0091404 2.4771e+05
0.0091442 2.4771e+05
0.0091479 2.4771e+05
0.0091517 2.4771e+05
0.0091555 2.4771e+05
0.0091592 2.4771e+05
0.009163 2.4771e+05
0.0091668 2.4771e+05
0.0091705 2.4771e+05
0.0091743 2.4771e+05
0.0091781 2.4771e+05
0.0091818 2.4771e+05
0.0091856 2.4771e+05
0.0091894 2.4771e+05
0.0091932 2.4771e+05
0.0091969 2.4771e+05
0.0092007 2.4771e+05
0.0092045 2.4771e+05
0.0092082 2.4771e+05
0.009212 2.4771e+05
0.0092158 2.4771e+05
0.0092195 2.4771e+05
0.0092233 2.4771e+05
0.0092271 2.4771e+05
0.0092308 2.4771e+05
0.0092346 2.4771e+05
0.0092384 2.4771e+05
0.0092422 2.4771e+05
0.0092459 2.4771e+05
0.0092497 2.4771e+05
0.0092535 2.4771e+05
0.0092572 2.4771e+05
0.009261 2.4771e+05
0.0092648 2.4771e+05
0.0092685 2.4771e+05
0.0092723 2.4771e+05
0.0092761 2.4771e+05
0.0092798 2.4771e+05
0.0092836 2.4771e+05
0.0092874 2.4771e+05
0.0092912 2.4771e+05
0.0092949 2.4771e+05
0.0092987 2.4771e+05
0.0093025 2.4771e+05
0.0093062 2.4771e+05
0.00931 2.4771e+05
0.0093138 2.4771e+05
0.0093175 2.4771e+05
0.0093213 2.4771e+05
0.0093251 2.4771e+05
0.0093288 2.4771e+05
0.0093326 2.4771e+05
0.0093364 2.4771e+05
0.0093402 2.4771e+05
0.0093439 2.4771e+05
0.0093477 2.4771e+05
0.0093515 2.4771e+05
0.0093552 2.4771e+05
0.009359 2.4771e+05
0.0093628 2.4771e+05
0.0093665 2.4771e+05
0.0093703 2.4771e+05
0.0093741 2.4771e+05
0.0093778 2.4771e+05
0.0093816 2.4771e+05
0.0093854 2.4771e+05
0.0093892 2.4771e+05
0.0093929 2.4771e+05
0.0093967 2.4771e+05
0.0094005 2.4771e+05
0.0094042 2.4771e+05
0.009408 2.4771e+05
0.0094118 2.4771e+05
0.0094155 2.4771e+05
0.0094193 2.4771e+05
0.0094231 2.4771e+05
0.0094268 2.4771e+05
0.0094306 2.4771e+05
0.0094344 2.4771e+05
0.0094382 2.4771e+05
0.0094419 2.4771e+05
0.0094457 2.4771e+05
0.0094495 2.4771e+05
0.0094532 2.4771e+05
0.009457 2.4771e+05
0.0094608 2.4771e+05
0.0094645 2.4771e+05
0.0094683 2.4771e+05
0.0094721 2.4771e+05
0.0094758 2.4771e+05
0.0094796 2.4771e+05
0.0094834 2.4771e+05
0.0094872 2.4771e+05
0.0094909 2.4771e+05
0.0094947 2.4771e+05
0.0094985 2.4771e+05
0.0095022 2.4771e+05
0.009506 2.4771e+05
0.0095098 2.4771e+05
0.0095135 2.4771e+05
0.0095173 2.4771e+05
0.0095211 2.4771e+05
0.0095248 2.4771e+05
0.0095286 2.4771e+05
0.0095324 2.4771e+05
0.0095362 2.4771e+05
0.0095399 2.4771e+05
0.0095437 2.4771e+05
0.0095475 2.4771e+05
0.0095512 2.4771e+05
0.009555 2.4771e+05
0.0095588 2.4771e+05
0.0095625 2.4771e+05
0.0095663 2.4771e+05
0.0095701 2.4771e+05
0.0095738 2.4771e+05
0.0095776 2.4771e+05
0.0095814 2.4771e+05
0.0095852 2.4771e+05
0.0095889 2.4771e+05
0.0095927 2.4771e+05
0.0095965 2.4771e+05
0.0096002 2.4771e+05
0.009604 2.4771e+05
0.0096078 2.4771e+05
0.0096115 2.4771e+05
0.0096153 2.4771e+05
0.0096191 2.4771e+05
0.0096228 2.4771e+05
0.0096266 2.4771e+05
0.0096304 2.4771e+05
0.0096342 2.4771e+05
0.0096379 2.4771e+05
0.0096417 2.4771e+05
0.0096455 2.4771e+05
0.0096492 2.4771e+05
0.009653 2.4771e+05
0.0096568 2.4771e+05
0.0096605 2.4771e+05
0.0096643 2.4771e+05
0.0096681 2.4771e+05
0.0096718 2.4771e+05
0.0096756 2.4771e+05
0.0096794 2.4771e+05
0.0096832 2.4771e+05
0.0096869 2.4771e+05
0.0096907 2.4771e+05
0.0096945 2.4771e+05
0.0096982 2.4771e+05
0.009702 2.4771e+05
0.0097058 2.4771e+05
0.0097095 2.4771e+05
0.0097133 2.4771e+05
0.0097171 2.4771e+05
0.0097208 2.4771e+05
0.0097246 2.4771e+05
0.0097284 2.4771e+05
0.0097322 2.4771e+05
0.0097359 2.4771e+05
0.0097397 2.4771e+05
0.0097435 2.4771e+05
0.0097472 2.4771e+05
0.009751 2.4771e+05
0.0097548 2.4771e+05
0.0097585 2.4771e+05
0.0097623 2.4771e+05
0.0097661 2.4771e+05
0.0097698 2.4771e+05
0.0097736 2.4771e+05
0.0097774 2.4771e+05
0.0097812 2.4771e+05
0.0097849 2.4771e+05
0.0097887 2.4771e+05
0.0097925 2.4771e+05
0.0097962 2.4771e+05
0.0098 2.4771e+05
0.0098038 2.4771e+05
0.0098075 2.4771e+05
0.0098113 2.4771e+05
0.0098151 2.4771e+05
0.0098188 2.4771e+05
0.0098226 2.4771e+05
0.0098264 2.4771e+05
0.0098302 2.4771e+05
0.0098339 2.4771e+05
0.0098377 2.4771e+05
0.0098415 2.4771e+05
0.0098452 2.4771e+05
0.009849 2.4771e+05
0.0098528 2.4771e+05
0.0098565 2.4771e+05
0.0098603 2.4771e+05
0.0098641 2.4771e+05
0.0098678 2.4771e+05
0.0098716 2.4771e+05
0.0098754 2.4771e+05
0.0098792 2.4771e+05
0.0098829 2.4771e+05
0.0098867 2.4771e+05
0.0098905 2.4771e+05
0.0098942 2.4771e+05
0.009898 2.4771e+05
0.0099018 2.4771e+05
0.0099055 2.4771e+05
0.0099093 2.4771e+05
0.0099131 2.4771e+05
0.0099168 2.4771e+05
0.0099206 2.4771e+05
0.0099244 2.4771e+05
0.0099282 2.4771e+05
0.0099319 2.4771e+05
0.0099357 2.4771e+05
0.0099395 2.4771e+05
0.0099432 2.4771e+05
0.009947 2.4771e+05
0.0099508 2.4771e+05
0.0099545 2.4771e+05
0.0099583 2.4771e+05
0.0099621 2.4771e+05
0.0099658 2.4771e+05
0.0099696 2.4771e+05
0.0099734 2.4771e+05
0.0099772 2.4771e+05
0.0099809 2.4771e+05
0.0099847 2.4771e+05
0.0099885 2.4771e+05
0.0099922 2.4771e+05
0.009996 2.4771e+05
0.0099998 2.4771e+05
0.010004 2.4771e+05
0.010007 2.4771e+05
0.010011 2.4771e+05
0.010015 2.4771e+05
0.010019 2.4771e+05
0.010022 2.4771e+05
0.010026 2.4771e+05
0.01003 2.4771e+05
0.010034 2.4771e+05
0.010037 2.4771e+05
0.010041 2.4771e+05
0.010045 2.4771e+05
0.010049 2.4771e+05
0.010053 2.4771e+05
0.010056 2.4771e+05
0.01006 2.4771e+05
0.010064 2.4771e+05
0.010068 2.4771e+05
0.010071 2.4771e+05
0.010075 2.4771e+05
0.010079 2.4771e+05
0.010083 2.4771e+05
0.010086 2.4771e+05
0.01009 2.4771e+05
0.010094 2.4771e+05
0.010098 2.4771e+05
0.010102 2.4771e+05
0.010105 2.4771e+05
0.010109 2.4771e+05
0.010113 2.4771e+05
0.010117 2.4771e+05
0.01012 2.4771e+05
0.010124 2.4771e+05
0.010128 2.4771e+05
0.010132 2.4771e+05
0.010135 2.4771e+05
0.010139 2.4771e+05
0.010143 2.4771e+05
0.010147 2.4771e+05
0.010151 2.4771e+05
0.010154 2.4771e+05
0.010158 2.4771e+05
0.010162 2.4771e+05
0.010166 2.4771e+05
0.010169 2.4771e+05
0.010173 2.4771e+05
0.010177 2.4771e+05
0.010181 2.4771e+05
0.010184 2.4771e+05
0.010188 2.4771e+05
0.010192 2.4771e+05
0.010196 2.4771e+05
0.0102 2.4771e+05
0.010203 2.4771e+05
0.010207 2.4771e+05
0.010211 2.4771e+05
0.010215 2.4771e+05
0.010218 2.4771e+05
0.010222 2.4771e+05
0.010226 2.4771e+05
0.01023 2.4771e+05
0.010233 2.4771e+05
0.010237 2.4771e+05
0.010241 2.4771e+05
0.010245 2.4771e+05
0.010249 2.4771e+05
0.010252 2.4771e+05
0.010256 2.4771e+05
0.01026 2.4771e+05
0.010264 2.4771e+05
0.010267 2.4771e+05
0.010271 2.4771e+05
0.010275 2.4771e+05
0.010279 2.4771e+05
0.010282 2.4771e+05
0.010286 2.4771e+05
0.01029 2.4771e+05
0.010294 2.4771e+05
0.010298 2.4771e+05
0.010301 2.4771e+05
0.010305 2.4771e+05
0.010309 2.4771e+05
0.010313 2.4771e+05
0.010316 2.4771e+05
0.01032 2.4771e+05
0.010324 2.4771e+05
0.010328 2.4771e+05
0.010331 2.4771e+05
0.010335 2.4771e+05
0.010339 2.4771e+05
0.010343 2.4771e+05
0.010347 2.4771e+05
0.01035 2.4771e+05
0.010354 2.4771e+05
0.010358 2.4771e+05
0.010362 2.4771e+05
0.010365 2.4771e+05
0.010369 2.4771e+05
0.010373 2.4771e+05
0.010377 2.4771e+05
0.01038 2.4771e+05
0.010384 2.4771e+05
0.010388 2.4771e+05
0.010392 2.4771e+05
0.010396 2.4771e+05
0.010399 2.4771e+05
0.010403 2.4771e+05
0.010407 2.4771e+05
0.010411 2.4771e+05
0.010414 2.4771e+05
0.010418 2.4771e+05
0.010422 2.4771e+05
0.010426 2.4771e+05
0.010429 2.4771e+05
0.010433 2.4771e+05
0.010437 2.4771e+05
0.010441 2.4771e+05
0.010445 2.4771e+05
0.010448 2.4771e+05
0.010452 2.4771e+05
0.010456 2.4771e+05
0.01046 2.4771e+05
0.010463 2.4771e+05
0.010467 2.4771e+05
0.010471 2.4771e+05
0.010475 2.4771e+05
0.010478 2.4771e+05
0.010482 2.4771e+05
0.010486 2.4771e+05
0.01049 2.4771e+05
0.010494 2.4771e+05
0.010497 2.4771e+05
0.010501 2.4771e+05
0.010505 2.4771e+05
0.010509 2.4771e+05
0.010512 2.4771e+05
0.010516 2.4771e+05
0.01052 2.4771e+05
0.010524 2.4771e+05
0.010527 2.4771e+05
0.010531 2.4771e+05
0.010535 2.4771e+05
0.010539 2.4771e+05
0.010543 2.4771e+05
0.010546 2.4771e+05
0.01055 2.4771e+05
0.010554 2.4771e+05
0.010558 2.4771e+05
0.010561 2.4771e+05
0.010565 2.4771e+05
0.010569 2.4771e+05
0.010573 2.4771e+05
0.010576 2.4771e+05
0.01058 2.4771e+05
0.010584 2.4771e+05
0.010588 2.4771e+05
0.010592 2.4771e+05
0.010595 2.4771e+05
0.010599 2.4771e+05
0.010603 2.4771e+05
0.010607 2.4771e+05
0.01061 2.4771e+05
0.010614 2.4771e+05
0.010618 2.4771e+05
0.010622 2.4771e+05
0.010625 2.4771e+05
0.010629 2.4771e+05
0.010633 2.4771e+05
0.010637 2.4771e+05
0.010641 2.4771e+05
0.010644 2.4771e+05
0.010648 2.4771e+05
0.010652 2.4771e+05
0.010656 2.4771e+05
0.010659 2.4771e+05
0.010663 2.4771e+05
0.010667 2.4771e+05
0.010671 2.4771e+05
0.010674 2.4771e+05
0.010678 2.4771e+05
0.010682 2.4771e+05
0.010686 2.4771e+05
0.01069 2.4771e+05
0.010693 2.4771e+05
0.010697 2.4771e+05
0.010701 2.4771e+05
0.010705 2.4771e+05
0.010708 2.4771e+05
0.010712 2.4771e+05
0.010716 2.4771e+05
0.01072 2.4771e+05
0.010723 2.4771e+05
0.010727 2.4771e+05
0.010731 2.4771e+05
0.010735 2.4771e+05
0.010739 2.4771e+05
0.010742 2.4771e+05
0.010746 2.4771e+05
0.01075 2.4771e+05
0.010754 2.4771e+05
0.010757 2.4771e+05
0.010761 2.4771e+05
0.010765 2.4771e+05
0.010769 2.4771e+05
0.010772 2.4771e+05
0.010776 2.4771e+05
0.01078 2.4771e+05
0.010784 2.4771e+05
0.010788 2.4771e+05
0.010791 2.4771e+05
0.010795 2.4771e+05
0.010799 2.4771e+05
0.010803 2.4771e+05
0.010806 2.4771e+05
0.01081 2.4771e+05
0.010814 2.4771e+05
0.010818 2.4771e+05
0.010821 2.4771e+05
0.010825 2.4771e+05
0.010829 2.4771e+05
0.010833 2.4771e+05
0.010837 2.4771e+05
0.01084 2.4771e+05
0.010844 2.4771e+05
0.010848 2.4771e+05
0.010852 2.4771e+05
0.010855 2.4771e+05
0.010859 2.4771e+05
0.010863 2.4771e+05
0.010867 2.4771e+05
0.01087 2.4771e+05
0.010874 2.4771e+05
0.010878 2.4771e+05
0.010882 2.4771e+05
0.010886 2.4771e+05
0.010889 2.4771e+05
0.010893 2.4771e+05
0.010897 2.4771e+05
0.010901 2.4771e+05
0.010904 2.4771e+05
0.010908 2.4771e+05
0.010912 2.4771e+05
0.010916 2.4771e+05
0.010919 2.4771e+05
0.010923 2.4771e+05
0.010927 2.4771e+05
0.010931 2.4771e+05
0.010935 2.4771e+05
0.010938 2.4771e+05
0.010942 2.4771e+05
0.010946 2.4771e+05
0.01095 2.4771e+05
0.010953 2.4771e+05
0.010957 2.4771e+05
0.010961 2.4771e+05
0.010965 2.4771e+05
0.010968 2.4771e+05
0.010972 2.4771e+05
0.010976 2.4771e+05
0.01098 2.4771e+05
0.010984 2.4771e+05
0.010987 2.4771e+05
0.010991 2.4771e+05
0.010995 2.4771e+05
0.010999 2.4771e+05
0.011002 2.4771e+05
0.011006 2.4771e+05
0.01101 2.4771e+05
0.011014 2.4771e+05
0.011017 2.4771e+05
0.011021 2.4771e+05
0.011025 2.4771e+05
0.011029 2.4771e+05
0.011033 2.4771e+05
0.011036 2.4771e+05
0.01104 2.4771e+05
0.011044 2.4771e+05
0.011048 2.4771e+05
0.011051 2.4771e+05
0.011055 2.4771e+05
0.011059 2.4771e+05
0.011063 2.4771e+05
0.011066 2.4771e+05
0.01107 2.4771e+05
0.011074 2.4771e+05
0.011078 2.4771e+05
0.011082 2.4771e+05
0.011085 2.4771e+05
0.011089 2.4771e+05
0.011093 2.4771e+05
0.011097 2.4771e+05
0.0111 2.4771e+05
0.011104 2.4771e+05
0.011108 2.4771e+05
0.011112 2.4771e+05
0.011115 2.4771e+05
0.011119 2.4771e+05
0.011123 2.4771e+05
0.011127 2.4771e+05
0.011131 2.4771e+05
0.011134 2.4771e+05
0.011138 2.4771e+05
0.011142 2.4771e+05
0.011146 2.4771e+05
0.011149 2.4771e+05
0.011153 2.4771e+05
0.011157 2.4771e+05
0.011161 2.4771e+05
0.011164 2.4771e+05
0.011168 2.4771e+05
0.011172 2.4771e+05
0.011176 2.4771e+05
0.01118 2.4771e+05
0.011183 2.4771e+05
0.011187 2.4771e+05
0.011191 2.4771e+05
0.011195 2.4771e+05
0.011198 2.4771e+05
0.011202 2.4771e+05
0.011206 2.4771e+05
0.01121 2.4771e+05
0.011213 2.4771e+05
0.011217 2.4771e+05
0.011221 2.4771e+05
0.011225 2.4771e+05
0.011229 2.4771e+05
0.011232 2.4771e+05
0.011236 2.4771e+05
0.01124 2.4771e+05
0.011244 2.4771e+05
0.011247 2.4771e+05
0.011251 2.4771e+05
0.011255 2.4771e+05
0.011259 2.4771e+05
0.011262 2.4771e+05
0.011266 2.4771e+05
0.01127 2.4771e+05
0.011274 2.4771e+05
0.011278 2.4771e+05
0.011281 2.4771e+05
0.011285 2.4771e+05
0.011289 2.4771e+05
0.011293 2.4771e+05
0.011296 2.4771e+05
0.0113 2.4771e+05
0.011304 2.4771e+05
0.011308 2.4771e+05
0.011311 2.4771e+05
0.011315 2.4771e+05
0.011319 2.4771e+05
0.011323 2.4771e+05
0.011327 2.4771e+05
0.01133 2.4771e+05
0.011334 2.4771e+05
0.011338 2.4771e+05
0.011342 2.4771e+05
0.011345 2.4771e+05
0.011349 2.4771e+05
0.011353 2.4771e+05
0.011357 2.4771e+05
0.01136 2.4771e+05
0.011364 2.4771e+05
0.011368 2.4771e+05
0.011372 2.4771e+05
0.011376 2.4771e+05
0.011379 2.4771e+05
0.011383 2.4771e+05
0.011387 2.4771e+05
0.011391 2.4771e+05
0.011394 2.4771e+05
0.011398 2.4771e+05
0.011402 2.4771e+05
0.011406 2.4771e+05
0.011409 2.4771e+05
0.011413 2.4771e+05
0.011417 2.4771e+05
0.011421 2.4771e+05
0.011425 2.4771e+05
0.011428 2.4771e+05
0.011432 2.4771e+05
0.011436 2.4771e+05
0.01144 2.4771e+05
0.011443 2.4771e+05
0.011447 2.4771e+05
0.011451 2.4771e+05
0.011455 2.4771e+05
0.011458 2.4771e+05
0.011462 2.4771e+05
0.011466 2.4771e+05
0.01147 2.4771e+05
0.011474 2.4771e+05
0.011477 2.4771e+05
0.011481 2.4771e+05
0.011485 2.4771e+05
0.011489 2.4771e+05
0.011492 2.4771e+05
0.011496 2.4771e+05
0.0115 2.4771e+05
0.011504 2.4771e+05
0.011507 2.4771e+05
0.011511 2.4771e+05
0.011515 2.4771e+05
0.011519 2.4771e+05
0.011523 2.4771e+05
0.011526 2.4771e+05
0.01153 2.4771e+05
0.011534 2.4771e+05
0.011538 2.4771e+05
0.011541 2.4771e+05
0.011545 2.4771e+05
0.011549 2.4771e+05
0.011553 2.4771e+05
0.011556 2.4771e+05
0.01156 2.4771e+05
0.011564 2.4771e+05
0.011568 2.4771e+05
0.011572 2.4771e+05
0.011575 2.4771e+05
0.011579 2.4771e+05
0.011583 2.4771e+05
0.011587 2.4771e+05
0.01159 2.4771e+05
0.011594 2.4771e+05
0.011598 2.4771e+05
0.011602 2.4771e+05
0.011605 2.4771e+05
0.011609 2.4771e+05
0.011613 2.4771e+05
0.011617 2.4771e+05
0.011621 2.4771e+05
0.011624 2.4771e+05
0.011628 2.4771e+05
0.011632 2.4771e+05
0.011636 2.4771e+05
0.011639 2.4771e+05
0.011643 2.4771e+05
0.011647 2.4771e+05
0.011651 2.4771e+05
0.011654 2.4771e+05
0.011658 2.4771e+05
0.011662 2.4771e+05
0.011666 2.4771e+05
0.01167 2.4771e+05
0.011673 2.4771e+05
0.011677 2.4771e+05
0.011681 2.4771e+05
0.011685 2.4771e+05
0.011688 2.4771e+05
0.011692 2.4771e+05
0.011696 2.4771e+05
0.0117 2.4771e+05
0.011703 2.4771e+05
0.011707 2.4771e+05
0.011711 2.4771e+05
0.011715 2.4771e+05
0.011719 2.4771e+05
0.011722 2.4771e+05
0.011726 2.4771e+05
0.01173 2.4771e+05
0.011734 2.4771e+05
0.011737 2.4771e+05
0.011741 2.4771e+05
0.011745 2.4771e+05
0.011749 2.4771e+05
0.011752 2.4771e+05
0.011756 2.4771e+05
0.01176 2.4771e+05
0.011764 2.4771e+05
0.011768 2.4771e+05
0.011771 2.4771e+05
0.011775 2.4771e+05
0.011779 2.4771e+05
0.011783 2.4771e+05
0.011786 2.4771e+05
0.01179 2.4771e+05
0.011794 2.4771e+05
0.011798 2.4771e+05
0.011801 2.4771e+05
0.011805 2.4771e+05
0.011809 2.4771e+05
0.011813 2.4771e+05
0.011817 2.4771e+05
0.01182 2.4771e+05
0.011824 2.4771e+05
0.011828 2.4771e+05
0.011832 2.4771e+05
0.011835 2.4771e+05
0.011839 2.4771e+05
0.011843 2.4771e+05
0.011847 2.4771e+05
0.01185 2.4771e+05
0.011854 2.4771e+05
0.011858 2.4771e+05
0.011862 2.4771e+05
0.011866 2.4771e+05
0.011869 2.4771e+05
0.011873 2.4771e+05
0.011877 2.4771e+05
0.011881 2.4771e+05
0.011884 2.4771e+05
0.011888 2.4771e+05
0.011892 2.4771e+05
0.011896 2.4771e+05
0.011899 2.4771e+05
0.011903 2.4771e+05
0.011907 2.4771e+05
0.011911 2.4771e+05
0.011915 2.4771e+05
0.011918 2.4771e+05
0.011922 2.4771e+05
0.011926 2.4771e+05
0.01193 2.4771e+05
0.011933 2.4771e+05
0.011937 2.4771e+05
0.011941 2.4771e+05
0.011945 2.4771e+05
0.011948 2.4771e+05
0.011952 2.4771e+05
0.011956 2.4771e+05
0.01196 2.4771e+05
0.011964 2.4771e+05
0.011967 2.4771e+05
0.011971 2.4771e+05
0.011975 2.4771e+05
0.011979 2.4771e+05
0.011982 2.4771e+05
0.011986 2.4771e+05
0.01199 2.4771e+05
0.011994 2.4771e+05
0.011997 2.4771e+05
0.012001 2.4771e+05
0.012005 2.4771e+05
0.012009 2.4771e+05
0.012013 2.4771e+05
0.012016 2.4771e+05
0.01202 2.4771e+05
0.012024 2.4771e+05
0.012028 2.4771e+05
0.012031 2.4771e+05
0.012035 2.4771e+05
0.012039 2.4771e+05
0.012043 2.4771e+05
0.012046 2.4771e+05
0.01205 2.4771e+05
0.012054 2.4771e+05
0.012058 2.4771e+05
0.012062 2.4771e+05
0.012065 2.4771e+05
0.012069 2.4771e+05
0.012073 2.4771e+05
0.012077 2.4771e+05
0.01208 2.4771e+05
0.012084 2.4771e+05
0.012088 2.4771e+05
0.012092 2.4771e+05
0.012095 2.4771e+05
0.012099 2.4771e+05
0.012103 2.4771e+05
0.012107 2.4771e+05
0.012111 2.4771e+05
0.012114 2.4771e+05
0.012118 2.4771e+05
0.012122 2.4771e+05
0.012126 2.4771e+05
0.012129 2.4771e+05
0.012133 2.4771e+05
0.012137 2.4771e+05
0.012141 2.4771e+05
0.012144 2.4771e+05
0.012148 2.4771e+05
0.012152 2.4771e+05
0.012156 2.4771e+05
0.01216 2.4771e+05
0.012163 2.4771e+05
0.012167 2.4771e+05
0.012171 2.4771e+05
0.012175 2.4771e+05
0.012178 2.4771e+05
0.012182 2.4771e+05
0.012186 2.4771e+05
0.01219 2.4771e+05
0.012193 2.4771e+05
0.012197 2.4771e+05
0.012201 2.4771e+05
0.012205 2.4771e+05
0.012209 2.4771e+05
0.012212 2.4771e+05
0.012216 2.4771e+05
0.01222 2.4771e+05
0.012224 2.4771e+05
0.012227 2.4771e+05
0.012231 2.4771e+05
0.012235 2.4771e+05
0.012239 2.4771e+05
0.012242 2.4771e+05
0.012246 2.4771e+05
0.01225 2.4771e+05
0.012254 2.4771e+05
0.012258 2.4771e+05
0.012261 2.4771e+05
0.012265 2.4771e+05
0.012269 2.4771e+05
0.012273 2.4771e+05
0.012276 2.4771e+05
0.01228 2.4771e+05
0.012284 2.4771e+05
0.012288 2.4771e+05
0.012291 2.4771e+05
0.012295 2.4771e+05
0.012299 2.4771e+05
0.012303 2.4771e+05
0.012307 2.4771e+05
0.01231 2.4771e+05
0.012314 2.4771e+05
0.012318 2.4771e+05
0.012322 2.4771e+05
0.012325 2.4771e+05
0.012329 2.4771e+05
0.012333 2.4771e+05
0.012337 2.4771e+05
0.01234 2.4771e+05
0.012344 2.4771e+05
0.012348 2.4771e+05
0.012352 2.4771e+05
0.012356 2.4771e+05
0.012359 2.4771e+05
0.012363 2.4771e+05
0.012367 2.4771e+05
0.012371 2.4771e+05
0.012374 2.4771e+05
0.012378 2.4771e+05
0.012382 2.4771e+05
0.012386 2.4771e+05
0.012389 2.4771e+05
0.012393 2.4771e+05
0.012397 2.4771e+05
0.012401 2.4771e+05
0.012405 2.4771e+05
0.012408 2.4771e+05
0.012412 2.4771e+05
0.012416 2.4771e+05
0.01242 2.4771e+05
0.012423 2.4771e+05
0.012427 2.4771e+05
0.012431 2.4771e+05
0.012435 2.4771e+05
0.012438 2.4771e+05
0.012442 2.4771e+05
0.012446 2.4771e+05
0.01245 2.4771e+05
0.012454 2.4771e+05
0.012457 2.4771e+05
0.012461 2.4771e+05
0.012465 2.4771e+05
0.012469 2.4771e+05
0.012472 2.4771e+05
0.012476 2.4771e+05
0.01248 2.4771e+05
0.012484 2.4771e+05
0.012487 2.4771e+05
0.012491 2.4771e+05
0.012495 2.4771e+05
0.012499 2.4771e+05
0.012503 2.4771e+05
0.012506 2.4771e+05
0.01251 2.4771e+05
0.012514 2.4771e+05
0.012518 2.4771e+05
0.012521 2.4771e+05
0.012525 2.4771e+05
0.012529 2.4771e+05
0.012533 2.4771e+05
0.012536 2.4771e+05
0.01254 2.4771e+05
0.012544 2.4771e+05
0.012548 2.4771e+05
0.012552 2.4771e+05
0.012555 2.4771e+05
0.012559 2.4771e+05
0.012563 2.4771e+05
0.012567 2.4771e+05
0.01257 2.4771e+05
0.012574 2.4771e+05
0.012578 2.4771e+05
0.012582 2.4771e+05
0.012585 2.4771e+05
0.012589 2.4771e+05
0.012593 2.4771e+05
0.012597 2.4771e+05
0.012601 2.4771e+05
0.012604 2.4771e+05
0.012608 2.4771e+05
0.012612 2.4771e+05
0.012616 2.4771e+05
0.012619 2.4771e+05
0.012623 2.4771e+05
0.012627 2.4771e+05
0.012631 2.4771e+05
0.012634 2.4771e+05
0.012638 2.4771e+05
0.012642 2.4771e+05
0.012646 2.4771e+05
0.01265 2.4771e+05
0.012653 2.4771e+05
0.012657 2.4771e+05
0.012661 2.4771e+05
0.012665 2.4771e+05
0.012668 2.4771e+05
0.012672 2.4771e+05
0.012676 2.4771e+05
0.01268 2.4771e+05
0.012683 2.4771e+05
0.012687 2.4771e+05
0.012691 2.4771e+05
0.012695 2.4771e+05
0.012699 2.4771e+05
0.012702 2.4771e+05
0.012706 2.4771e+05
0.01271 2.4771e+05
0.012714 2.4771e+05
0.012717 2.4771e+05
0.012721 2.4771e+05
0.012725 2.4771e+05
0.012729 2.4771e+05
0.012732 2.4771e+05
0.012736 2.4771e+05
0.01274 2.4771e+05
0.012744 2.4771e+05
0.012748 2.4771e+05
0.012751 2.4771e+05
0.012755 2.4771e+05
0.012759 2.4771e+05
0.012763 2.4771e+05
0.012766 2.4771e+05
0.01277 2.4771e+05
0.012774 2.4771e+05
0.012778 2.4771e+05
0.012781 2.4771e+05
0.012785 2.4771e+05
0.012789 2.4771e+05
0.012793 2.4771e+05
0.012797 2.4771e+05
0.0128 2.4771e+05
0.012804 2.4771e+05
0.012808 2.4771e+05
0.012812 2.4771e+05
0.012815 2.4771e+05
0.012819 2.4771e+05
0.012823 2.4771e+05
0.012827 2.4771e+05
0.01283 2.4771e+05
0.012834 2.4771e+05
0.012838 2.4771e+05
0.012842 2.4771e+05
0.012846 2.4771e+05
0.012849 2.4771e+05
0.012853 2.4771e+05
0.012857 2.4771e+05
0.012861 2.4771e+05
0.012864 2.4771e+05
0.012868 2.4771e+05
0.012872 2.4771e+05
0.012876 2.4771e+05
0.012879 2.4771e+05
0.012883 2.4771e+05
0.012887 2.4771e+05
0.012891 2.4771e+05
0.012895 2.4771e+05
0.012898 2.4771e+05
0.012902 2.4771e+05
0.012906 2.4771e+05
0.01291 2.4771e+05
0.012913 2.4771e+05
0.012917 2.4771e+05
0.012921 2.4771e+05
0.012925 2.4771e+05
0.012928 2.4771e+05
0.012932 2.4771e+05
0.012936 2.4771e+05
0.01294 2.4771e+05
0.012944 2.4771e+05
0.012947 2.4771e+05
0.012951 2.4771e+05
0.012955 2.4771e+05
0.012959 2.4771e+05
0.012962 2.4771e+05
0.012966 2.4771e+05
0.01297 2.4771e+05
0.012974 2.4771e+05
0.012977 2.4771e+05
0.012981 2.4771e+05
0.012985 2.4771e+05
0.012989 2.4771e+05
0.012993 2.4771e+05
0.012996 2.4771e+05
0.013 2.4771e+05
0.013004 2.4771e+05
0.013008 2.4771e+05
0.013011 2.4771e+05
0.013015 2.4771e+05
0.013019 2.4771e+05
0.013023 2.4771e+05
0.013026 2.4771e+05
0.01303 2.4771e+05
0.013034 2.4771e+05
0.013038 2.4771e+05
0.013042 2.4771e+05
0.013045 2.4771e+05
0.013049 2.4771e+05
0.013053 2.4771e+05
0.013057 2.4771e+05
0.01306 2.4771e+05
0.013064 2.4771e+05
0.013068 2.4771e+05
0.013072 2.4771e+05
0.013075 2.4771e+05
0.013079 2.4771e+05
0.013083 2.4771e+05
0.013087 2.4771e+05
0.013091 2.4771e+05
0.013094 2.4771e+05
0.013098 2.4771e+05
0.013102 2.4771e+05
0.013106 2.4771e+05
0.013109 2.4771e+05
0.013113 2.4771e+05
0.013117 2.4771e+05
0.013121 2.4771e+05
0.013124 2.4771e+05
0.013128 2.4771e+05
0.013132 2.4771e+05
0.013136 2.4771e+05
0.01314 2.4771e+05
0.013143 2.4771e+05
0.013147 2.4771e+05
0.013151 2.4771e+05
0.013155 2.4771e+05
0.013158 2.4771e+05
0.013162 2.4771e+05
0.013166 2.4771e+05
0.01317 2.4771e+05
0.013173 2.4771e+05
0.013177 2.4771e+05
0.013181 2.4771e+05
0.013185 2.4771e+05
0.013189 2.4771e+05
0.013192 2.4771e+05
1 2.4771e+05
