3.7692e-06 9.176e+05
7.5385e-06 9.176e+05
1.1308e-05 9.176e+05
1.5077e-05 9.176e+05
1.8846e-05 9.176e+05
2.2615e-05 9.176e+05
2.6385e-05 9.176e+05
3.0154e-05 9.176e+05
3.3923e-05 9.176e+05
3.7692e-05 9.1759e+05
4.1462e-05 9.1759e+05
4.5231e-05 9.1758e+05
4.9e-05 9.1757e+05
5.2769e-05 9.1756e+05
5.6538e-05 9.1754e+05
6.0308e-05 9.1751e+05
6.4077e-05 9.1746e+05
6.7846e-05 9.174e+05
7.1615e-05 9.1731e+05
7.5385e-05 9.1718e+05
7.9154e-05 9.17e+05
8.2923e-05 9.1676e+05
8.6692e-05 9.1642e+05
9.0462e-05 9.1597e+05
9.4231e-05 9.1537e+05
9.8e-05 9.1458e+05
0.00010177 9.1353e+05
0.00010554 9.1218e+05
0.00010931 9.1044e+05
0.00011308 9.0824e+05
0.00011685 9.0547e+05
0.00012062 9.0201e+05
0.00012438 8.9776e+05
0.00012815 8.9256e+05
0.00013192 8.8629e+05
0.00013569 8.7879e+05
0.00013946 8.6991e+05
0.00014323 8.5951e+05
0.000147 8.4744e+05
0.00015077 8.3359e+05
0.00015454 8.1785e+05
0.00015831 8.0015e+05
0.00016208 7.8044e+05
0.00016585 7.5872e+05
0.00016962 7.3504e+05
0.00017338 7.0947e+05
0.00017715 6.8217e+05
0.00018092 6.5331e+05
0.00018469 6.2312e+05
0.00018846 5.9189e+05
0.00019223 5.5991e+05
0.000196 5.2753e+05
0.00019977 4.951e+05
0.00020354 4.6299e+05
0.00020731 4.3157e+05
0.00021108 4.0116e+05
0.00021485 3.7212e+05
0.00021862 3.4473e+05
0.00022238 3.1924e+05
0.00022615 2.9588e+05
0.00022992 2.748e+05
0.00023369 2.5612e+05
0.00023746 2.399e+05
0.00024123 2.2616e+05
0.000245 2.1488e+05
0.00024877 2.0599e+05
0.00025254 1.994e+05
0.00025631 1.9498e+05
0.00026008 1.9259e+05
0.00026385 1.9208e+05
0.00026762 1.9329e+05
0.00027138 1.9605e+05
0.00027515 2.002e+05
0.00027892 2.0559e+05
0.00028269 2.1206e+05
0.00028646 2.1948e+05
0.00029023 2.2773e+05
0.000294 2.367e+05
0.00029777 2.4629e+05
0.00030154 2.564e+05
0.00030531 2.6697e+05
0.00030908 2.7792e+05
0.00031285 2.892e+05
0.00031662 3.0076e+05
0.00032038 3.1255e+05
0.00032415 3.2453e+05
0.00032792 3.3668e+05
0.00033169 3.4896e+05
0.00033546 3.6135e+05
0.00033923 3.7382e+05
0.000343 3.8635e+05
0.00034677 3.9892e+05
0.00035054 4.1152e+05
0.00035431 4.2411e+05
0.00035808 4.367e+05
0.00036185 4.4925e+05
0.00036562 4.6177e+05
0.00036938 4.7422e+05
0.00037315 4.866e+05
0.00037692 4.989e+05
0.00038069 5.111e+05
0.00038446 5.2318e+05
0.00038823 5.3515e+05
0.000392 5.4698e+05
0.00039577 5.5867e+05
0.00039954 5.702e+05
0.00040331 5.8158e+05
0.00040708 5.9278e+05
0.00041085 6.038e+05
0.00041462 6.1464e+05
0.00041838 6.2529e+05
0.00042215 6.3573e+05
0.00042592 6.4597e+05
0.00042969 6.5601e+05
0.00043346 6.6582e+05
0.00043723 6.7542e+05
0.000441 6.848e+05
0.00044477 6.9395e+05
0.00044854 7.0288e+05
0.00045231 7.1158e+05
0.00045608 7.2004e+05
0.00045985 7.2828e+05
0.00046362 7.3629e+05
0.00046738 7.4406e+05
0.00047115 7.5161e+05
0.00047492 7.5893e+05
0.00047869 7.6601e+05
0.00048246 7.7287e+05
0.00048623 7.7951e+05
0.00049 7.8592e+05
0.00049377 7.9212e+05
0.00049754 7.9809e+05
0.00050131 8.0385e+05
0.00050508 8.0941e+05
0.00050885 8.1475e+05
0.00051262 8.1989e+05
0.00051638 8.2483e+05
0.00052015 8.2958e+05
0.00052392 8.3413e+05
0.00052769 8.385e+05
0.00053146 8.4269e+05
0.00053523 8.467e+05
0.000539 8.5053e+05
0.00054277 8.542e+05
0.00054654 8.5771e+05
0.00055031 8.6105e+05
0.00055408 8.6424e+05
0.00055785 8.6729e+05
0.00056162 8.7018e+05
0.00056538 8.7294e+05
0.00056915 8.7557e+05
0.00057292 8.7806e+05
0.00057669 8.8043e+05
0.00058046 8.8268e+05
0.00058423 8.8482e+05
0.000588 8.8684e+05
0.00059177 8.8876e+05
0.00059554 8.9057e+05
0.00059931 8.9228e+05
0.00060308 8.9391e+05
0.00060685 8.9544e+05
0.00061062 8.9688e+05
0.00061438 8.9824e+05
0.00061815 8.9953e+05
0.00062192 9.0074e+05
0.00062569 9.0188e+05
0.00062946 9.0295e+05
0.00063323 9.0395e+05
0.000637 9.049e+05
0.00064077 9.0578e+05
0.00064454 9.0662e+05
0.00064831 9.074e+05
0.00065208 9.0813e+05
0.00065585 9.0881e+05
0.00065962 9.0945e+05
0.00066338 9.1004e+05
0.00066715 9.106e+05
0.00067092 9.1112e+05
0.00067469 9.1161e+05
0.00067846 9.1206e+05
0.00068223 9.1248e+05
0.000686 9.1288e+05
0.00068977 9.1324e+05
0.00069354 9.1358e+05
0.00069731 9.139e+05
0.00070108 9.1419e+05
0.00070485 9.1446e+05
0.00070862 9.1471e+05
0.00071238 9.1494e+05
0.00071615 9.1516e+05
0.00071992 9.1536e+05
0.00072369 9.1554e+05
0.00072746 9.1572e+05
0.00073123 9.1587e+05
0.000735 9.1602e+05
0.00073877 9.1615e+05
0.00074254 9.1628e+05
0.00074631 9.1639e+05
0.00075008 9.1649e+05
0.00075385 9.1659e+05
0.00075762 9.1668e+05
0.00076138 9.1676e+05
0.00076515 9.1683e+05
0.00076892 9.169e+05
0.00077269 9.1697e+05
0.00077646 9.1702e+05
0.00078023 9.1707e+05
0.000784 9.1712e+05
0.00078777 9.1717e+05
0.00079154 9.1721e+05
0.00079531 9.1724e+05
0.00079908 9.1728e+05
0.00080285 9.1731e+05
0.00080662 9.1734e+05
0.00081038 9.1736e+05
0.00081415 9.1738e+05
0.00081792 9.174e+05
0.00082169 9.1742e+05
0.00082546 9.1744e+05
0.00082923 9.1746e+05
0.000833 9.1747e+05
0.00083677 9.1748e+05
0.00084054 9.1749e+05
0.00084431 9.1751e+05
0.00084808 9.1752e+05
0.00085185 9.1752e+05
0.00085562 9.1753e+05
0.00085938 9.1754e+05
0.00086315 9.1754e+05
0.00086692 9.1755e+05
0.00087069 9.1756e+05
0.00087446 9.1756e+05
0.00087823 9.1756e+05
0.000882 9.1757e+05
0.00088577 9.1757e+05
0.00088954 9.1757e+05
0.00089331 9.1758e+05
0.00089708 9.1758e+05
0.00090085 9.1758e+05
0.00090462 9.1758e+05
0.00090838 9.1759e+05
0.00091215 9.1759e+05
0.00091592 9.1759e+05
0.00091969 9.1759e+05
0.00092346 9.1759e+05
0.00092723 9.1759e+05
0.000931 9.1759e+05
0.00093477 9.1759e+05
0.00093854 9.1759e+05
0.00094231 9.176e+05
0.00094608 9.176e+05
0.00094985 9.176e+05
0.00095362 9.176e+05
0.00095738 9.176e+05
0.00096115 9.176e+05
0.00096492 9.176e+05
0.00096869 9.176e+05
0.00097246 9.176e+05
0.00097623 9.176e+05
0.00098 9.176e+05
0.00098377 9.176e+05
0.00098754 9.176e+05
0.00099131 9.176e+05
0.00099508 9.176e+05
0.00099885 9.176e+05
0.0010026 9.176e+05
0.0010064 9.176e+05
0.0010102 9.176e+05
0.0010139 9.176e+05
0.0010177 9.176e+05
0.0010215 9.176e+05
0.0010252 9.176e+05
0.001029 9.176e+05
0.0010328 9.176e+05
0.0010365 9.176e+05
0.0010403 9.176e+05
0.0010441 9.176e+05
0.0010478 9.176e+05
0.0010516 9.176e+05
0.0010554 9.176e+05
0.0010592 9.176e+05
0.0010629 9.176e+05
0.0010667 9.176e+05
0.0010705 9.176e+05
0.0010742 9.176e+05
0.001078 9.176e+05
0.0010818 9.176e+05
0.0010855 9.176e+05
0.0010893 9.176e+05
0.0010931 9.176e+05
0.0010968 9.176e+05
0.0011006 9.176e+05
0.0011044 9.176e+05
0.0011082 9.176e+05
0.0011119 9.176e+05
0.0011157 9.176e+05
0.0011195 9.176e+05
0.0011232 9.176e+05
0.001127 9.176e+05
0.0011308 9.176e+05
0.0011345 9.176e+05
0.0011383 9.176e+05
0.0011421 9.176e+05
0.0011458 9.176e+05
0.0011496 9.176e+05
0.0011534 9.176e+05
0.0011572 9.176e+05
0.0011609 9.176e+05
0.0011647 9.176e+05
0.0011685 9.176e+05
0.0011722 9.176e+05
0.001176 9.176e+05
0.0011798 9.176e+05
0.0011835 9.176e+05
0.0011873 9.176e+05
0.0011911 9.176e+05
0.0011948 9.176e+05
0.0011986 9.176e+05
0.0012024 9.176e+05
0.0012062 9.176e+05
0.0012099 9.176e+05
0.0012137 9.176e+05
0.0012175 9.176e+05
0.0012212 9.176e+05
0.001225 9.176e+05
0.0012288 9.176e+05
0.0012325 9.176e+05
0.0012363 9.176e+05
0.0012401 9.176e+05
0.0012438 9.176e+05
0.0012476 9.176e+05
0.0012514 9.176e+05
0.0012552 9.176e+05
0.0012589 9.176e+05
0.0012627 9.176e+05
0.0012665 9.176e+05
0.0012702 9.176e+05
0.001274 9.176e+05
0.0012778 9.176e+05
0.0012815 9.176e+05
0.0012853 9.176e+05
0.0012891 9.176e+05
0.0012928 9.176e+05
0.0012966 9.176e+05
0.0013004 9.176e+05
0.0013042 9.176e+05
0.0013079 9.176e+05
0.0013117 9.176e+05
0.0013155 9.176e+05
0.0013192 9.176e+05
0.001323 9.176e+05
0.0013268 9.176e+05
0.0013305 9.176e+05
0.0013343 9.176e+05
0.0013381 9.176e+05
0.0013418 9.176e+05
0.0013456 9.176e+05
0.0013494 9.176e+05
0.0013532 9.176e+05
0.0013569 9.176e+05
0.0013607 9.176e+05
0.0013645 9.176e+05
0.0013682 9.176e+05
0.001372 9.176e+05
0.0013758 9.176e+05
0.0013795 9.176e+05
0.0013833 9.176e+05
0.0013871 9.176e+05
0.0013908 9.176e+05
0.0013946 9.176e+05
0.0013984 9.176e+05
0.0014022 9.176e+05
0.0014059 9.176e+05
0.0014097 9.176e+05
0.0014135 9.176e+05
0.0014172 9.176e+05
0.001421 9.176e+05
0.0014248 9.176e+05
0.0014285 9.176e+05
0.0014323 9.176e+05
0.0014361 9.176e+05
0.0014398 9.176e+05
0.0014436 9.176e+05
0.0014474 9.176e+05
0.0014512 9.176e+05
0.0014549 9.176e+05
0.0014587 9.176e+05
0.0014625 9.176e+05
0.0014662 9.176e+05
0.00147 9.176e+05
0.0014738 9.176e+05
0.0014775 9.176e+05
0.0014813 9.176e+05
0.0014851 9.176e+05
0.0014888 9.176e+05
0.0014926 9.176e+05
0.0014964 9.176e+05
0.0015002 9.176e+05
0.0015039 9.176e+05
0.0015077 9.176e+05
0.0015115 9.176e+05
0.0015152 9.176e+05
0.001519 9.176e+05
0.0015228 9.176e+05
0.0015265 9.176e+05
0.0015303 9.176e+05
0.0015341 9.176e+05
0.0015378 9.176e+05
0.0015416 9.176e+05
0.0015454 9.176e+05
0.0015492 9.176e+05
0.0015529 9.176e+05
0.0015567 9.176e+05
0.0015605 9.176e+05
0.0015642 9.176e+05
0.001568 9.176e+05
0.0015718 9.176e+05
0.0015755 9.176e+05
0.0015793 9.176e+05
0.0015831 9.176e+05
0.0015868 9.176e+05
0.0015906 9.176e+05
0.0015944 9.176e+05
0.0015982 9.176e+05
0.0016019 9.176e+05
0.0016057 9.176e+05
0.0016095 9.176e+05
0.0016132 9.176e+05
0.001617 9.176e+05
0.0016208 9.176e+05
0.0016245 9.176e+05
0.0016283 9.176e+05
0.0016321 9.176e+05
0.0016358 9.176e+05
0.0016396 9.176e+05
0.0016434 9.176e+05
0.0016472 9.176e+05
0.0016509 9.176e+05
0.0016547 9.176e+05
0.0016585 9.176e+05
0.0016622 9.176e+05
0.001666 9.176e+05
0.0016698 9.176e+05
0.0016735 9.176e+05
0.0016773 9.176e+05
0.0016811 9.176e+05
0.0016848 9.176e+05
0.0016886 9.176e+05
0.0016924 9.176e+05
0.0016962 9.176e+05
0.0016999 9.176e+05
0.0017037 9.176e+05
0.0017075 9.176e+05
0.0017112 9.176e+05
0.001715 9.176e+05
0.0017188 9.176e+05
0.0017225 9.176e+05
0.0017263 9.176e+05
0.0017301 9.176e+05
0.0017338 9.176e+05
0.0017376 9.176e+05
0.0017414 9.176e+05
0.0017452 9.176e+05
0.0017489 9.176e+05
0.0017527 9.176e+05
0.0017565 9.176e+05
0.0017602 9.176e+05
0.001764 9.176e+05
0.0017678 9.176e+05
0.0017715 9.176e+05
0.0017753 9.176e+05
0.0017791 9.176e+05
0.0017828 9.176e+05
0.0017866 9.176e+05
0.0017904 9.176e+05
0.0017942 9.176e+05
0.0017979 9.176e+05
0.0018017 9.176e+05
0.0018055 9.176e+05
0.0018092 9.176e+05
0.001813 9.176e+05
0.0018168 9.176e+05
0.0018205 9.176e+05
0.0018243 9.176e+05
0.0018281 9.176e+05
0.0018318 9.176e+05
0.0018356 9.176e+05
0.0018394 9.176e+05
0.0018432 9.176e+05
0.0018469 9.176e+05
0.0018507 9.176e+05
0.0018545 9.176e+05
0.0018582 9.176e+05
0.001862 9.176e+05
0.0018658 9.176e+05
0.0018695 9.176e+05
0.0018733 9.176e+05
0.0018771 9.176e+05
0.0018808 9.176e+05
0.0018846 9.176e+05
0.0018884 9.176e+05
0.0018922 9.176e+05
0.0018959 9.176e+05
0.0018997 9.176e+05
0.0019035 9.176e+05
0.0019072 9.176e+05
0.001911 9.176e+05
0.0019148 9.176e+05
0.0019185 9.176e+05
0.0019223 9.176e+05
0.0019261 9.176e+05
0.0019298 9.176e+05
0.0019336 9.176e+05
0.0019374 9.176e+05
0.0019412 9.176e+05
0.0019449 9.176e+05
0.0019487 9.176e+05
0.0019525 9.176e+05
0.0019562 9.176e+05
0.00196 9.176e+05
0.0019638 9.176e+05
0.0019675 9.176e+05
0.0019713 9.176e+05
0.0019751 9.176e+05
0.0019788 9.176e+05
0.0019826 9.176e+05
0.0019864 9.176e+05
0.0019902 9.176e+05
0.0019939 9.176e+05
0.0019977 9.176e+05
0.0020015 9.176e+05
0.0020052 9.176e+05
0.002009 9.176e+05
0.0020128 9.176e+05
0.0020165 9.176e+05
0.0020203 9.176e+05
0.0020241 9.176e+05
0.0020278 9.176e+05
0.0020316 9.176e+05
0.0020354 9.176e+05
0.0020392 9.176e+05
0.0020429 9.176e+05
0.0020467 9.176e+05
0.0020505 9.176e+05
0.0020542 9.176e+05
0.002058 9.176e+05
0.0020618 9.176e+05
0.0020655 9.176e+05
0.0020693 9.176e+05
0.0020731 9.176e+05
0.0020768 9.176e+05
0.0020806 9.176e+05
0.0020844 9.176e+05
0.0020882 9.176e+05
0.0020919 9.176e+05
0.0020957 9.176e+05
0.0020995 9.176e+05
0.0021032 9.176e+05
0.002107 9.176e+05
0.0021108 9.176e+05
0.0021145 9.176e+05
0.0021183 9.176e+05
0.0021221 9.176e+05
0.0021258 9.176e+05
0.0021296 9.176e+05
0.0021334 9.176e+05
0.0021372 9.176e+05
0.0021409 9.176e+05
0.0021447 9.176e+05
0.0021485 9.176e+05
0.0021522 9.176e+05
0.002156 9.176e+05
0.0021598 9.176e+05
0.0021635 9.176e+05
0.0021673 9.176e+05
0.0021711 9.176e+05
0.0021748 9.176e+05
0.0021786 9.176e+05
0.0021824 9.176e+05
0.0021862 9.176e+05
0.0021899 9.176e+05
0.0021937 9.176e+05
0.0021975 9.176e+05
0.0022012 9.176e+05
0.002205 9.176e+05
0.0022088 9.176e+05
0.0022125 9.176e+05
0.0022163 9.176e+05
0.0022201 9.176e+05
0.0022238 9.176e+05
0.0022276 9.176e+05
0.0022314 9.176e+05
0.0022352 9.176e+05
0.0022389 9.176e+05
0.0022427 9.176e+05
0.0022465 9.176e+05
0.0022502 9.176e+05
0.002254 9.176e+05
0.0022578 9.176e+05
0.0022615 9.176e+05
0.0022653 9.176e+05
0.0022691 9.176e+05
0.0022728 9.176e+05
0.0022766 9.176e+05
0.0022804 9.176e+05
0.0022842 9.176e+05
0.0022879 9.176e+05
0.0022917 9.176e+05
0.0022955 9.176e+05
0.0022992 9.176e+05
0.002303 9.176e+05
0.0023068 9.176e+05
0.0023105 9.176e+05
0.0023143 9.176e+05
0.0023181 9.176e+05
0.0023218 9.176e+05
0.0023256 9.176e+05
0.0023294 9.176e+05
0.0023332 9.176e+05
0.0023369 9.176e+05
0.0023407 9.176e+05
0.0023445 9.176e+05
0.0023482 9.176e+05
0.002352 9.176e+05
0.0023558 9.176e+05
0.0023595 9.176e+05
0.0023633 9.176e+05
0.0023671 9.176e+05
0.0023708 9.176e+05
0.0023746 9.176e+05
0.0023784 9.176e+05
0.0023822 9.176e+05
0.0023859 9.176e+05
0.0023897 9.176e+05
0.0023935 9.176e+05
0.0023972 9.176e+05
0.002401 9.176e+05
0.0024048 9.176e+05
0.0024085 9.176e+05
0.0024123 9.176e+05
0.0024161 9.176e+05
0.0024198 9.176e+05
0.0024236 9.176e+05
0.0024274 9.176e+05
0.0024312 9.176e+05
0.0024349 9.176e+05
0.0024387 9.176e+05
0.0024425 9.176e+05
0.0024462 9.176e+05
0.00245 9.176e+05
0.0024538 9.176e+05
0.0024575 9.176e+05
0.0024613 9.176e+05
0.0024651 9.176e+05
0.0024688 9.176e+05
0.0024726 9.176e+05
0.0024764 9.176e+05
0.0024802 9.176e+05
0.0024839 9.176e+05
0.0024877 9.176e+05
0.0024915 9.176e+05
0.0024952 9.176e+05
0.002499 9.176e+05
0.0025028 9.176e+05
0.0025065 9.176e+05
0.0025103 9.176e+05
0.0025141 9.176e+05
0.0025178 9.176e+05
0.0025216 9.176e+05
0.0025254 9.176e+05
0.0025292 9.176e+05
0.0025329 9.176e+05
0.0025367 9.176e+05
0.0025405 9.176e+05
0.0025442 9.176e+05
0.002548 9.176e+05
0.0025518 9.176e+05
0.0025555 9.176e+05
0.0025593 9.176e+05
0.0025631 9.176e+05
0.0025668 9.176e+05
0.0025706 9.176e+05
0.0025744 9.176e+05
0.0025782 9.176e+05
0.0025819 9.176e+05
0.0025857 9.176e+05
0.0025895 9.176e+05
0.0025932 9.176e+05
0.002597 9.176e+05
0.0026008 9.176e+05
0.0026045 9.176e+05
0.0026083 9.176e+05
0.0026121 9.176e+05
0.0026158 9.176e+05
0.0026196 9.176e+05
0.0026234 9.176e+05
0.0026272 9.176e+05
0.0026309 9.176e+05
0.0026347 9.176e+05
0.0026385 9.176e+05
0.0026422 9.176e+05
0.002646 9.176e+05
0.0026498 9.176e+05
0.0026535 9.176e+05
0.0026573 9.176e+05
0.0026611 9.176e+05
0.0026648 9.176e+05
0.0026686 9.176e+05
0.0026724 9.176e+05
0.0026762 9.176e+05
0.0026799 9.176e+05
0.0026837 9.176e+05
0.0026875 9.176e+05
0.0026912 9.176e+05
0.002695 9.176e+05
0.0026988 9.176e+05
0.0027025 9.176e+05
0.0027063 9.176e+05
0.0027101 9.176e+05
0.0027138 9.176e+05
0.0027176 9.176e+05
0.0027214 9.176e+05
0.0027252 9.176e+05
0.0027289 9.176e+05
0.0027327 9.176e+05
0.0027365 9.176e+05
0.0027402 9.176e+05
0.002744 9.176e+05
0.0027478 9.176e+05
0.0027515 9.176e+05
0.0027553 9.176e+05
0.0027591 9.176e+05
0.0027628 9.176e+05
0.0027666 9.176e+05
0.0027704 9.176e+05
0.0027742 9.176e+05
0.0027779 9.176e+05
0.0027817 9.176e+05
0.0027855 9.176e+05
0.0027892 9.176e+05
0.002793 9.176e+05
0.0027968 9.176e+05
0.0028005 9.176e+05
0.0028043 9.176e+05
0.0028081 9.176e+05
0.0028118 9.176e+05
0.0028156 9.176e+05
0.0028194 9.176e+05
0.0028232 9.176e+05
0.0028269 9.176e+05
0.0028307 9.176e+05
0.0028345 9.176e+05
0.0028382 9.176e+05
0.002842 9.176e+05
0.0028458 9.176e+05
0.0028495 9.176e+05
0.0028533 9.176e+05
0.0028571 9.176e+05
0.0028608 9.176e+05
0.0028646 9.176e+05
0.0028684 9.176e+05
0.0028722 9.176e+05
0.0028759 9.176e+05
0.0028797 9.176e+05
0.0028835 9.176e+05
0.0028872 9.176e+05
0.002891 9.176e+05
0.0028948 9.176e+05
0.0028985 9.176e+05
0.0029023 9.176e+05
0.0029061 9.176e+05
0.0029098 9.176e+05
0.0029136 9.176e+05
0.0029174 9.176e+05
0.0029212 9.176e+05
0.0029249 9.176e+05
0.0029287 9.176e+05
0.0029325 9.176e+05
0.0029362 9.176e+05
0.00294 9.176e+05
0.0029438 9.176e+05
0.0029475 9.176e+05
0.0029513 9.176e+05
0.0029551 9.176e+05
0.0029588 9.176e+05
0.0029626 9.176e+05
0.0029664 9.176e+05
0.0029702 9.176e+05
0.0029739 9.176e+05
0.0029777 9.176e+05
0.0029815 9.176e+05
0.0029852 9.176e+05
0.002989 9.176e+05
0.0029928 9.176e+05
0.0029965 9.176e+05
0.0030003 9.176e+05
0.0030041 9.176e+05
0.0030078 9.176e+05
0.0030116 9.176e+05
0.0030154 9.176e+05
0.0030192 9.176e+05
0.0030229 9.176e+05
0.0030267 9.176e+05
0.0030305 9.176e+05
0.0030342 9.176e+05
0.003038 9.176e+05
0.0030418 9.176e+05
0.0030455 9.176e+05
0.0030493 9.176e+05
0.0030531 9.176e+05
0.0030568 9.176e+05
0.0030606 9.176e+05
0.0030644 9.176e+05
0.0030682 9.176e+05
0.0030719 9.176e+05
0.0030757 9.176e+05
0.0030795 9.176e+05
0.0030832 9.176e+05
0.003087 9.176e+05
0.0030908 9.176e+05
0.0030945 9.176e+05
0.0030983 9.176e+05
0.0031021 9.176e+05
0.0031058 9.176e+05
0.0031096 9.176e+05
0.0031134 9.176e+05
0.0031172 9.176e+05
0.0031209 9.176e+05
0.0031247 9.176e+05
0.0031285 9.176e+05
0.0031322 9.176e+05
0.003136 9.176e+05
0.0031398 9.176e+05
0.0031435 9.176e+05
0.0031473 9.176e+05
0.0031511 9.176e+05
0.0031548 9.176e+05
0.0031586 9.176e+05
0.0031624 9.176e+05
0.0031662 9.176e+05
0.0031699 9.176e+05
0.0031737 9.176e+05
0.0031775 9.176e+05
0.0031812 9.176e+05
0.003185 9.176e+05
0.0031888 9.176e+05
0.0031925 9.176e+05
0.0031963 9.176e+05
0.0032001 9.176e+05
0.0032038 9.176e+05
0.0032076 9.176e+05
0.0032114 9.176e+05
0.0032152 9.176e+05
0.0032189 9.176e+05
0.0032227 9.176e+05
0.0032265 9.176e+05
0.0032302 9.176e+05
0.003234 9.176e+05
0.0032378 9.176e+05
0.0032415 9.176e+05
0.0032453 9.176e+05
0.0032491 9.176e+05
0.0032528 9.176e+05
0.0032566 9.176e+05
0.0032604 9.176e+05
0.0032642 9.176e+05
0.0032679 9.176e+05
0.0032717 9.176e+05
0.0032755 9.176e+05
0.0032792 9.176e+05
0.003283 9.176e+05
0.0032868 9.176e+05
0.0032905 9.176e+05
0.0032943 9.176e+05
0.0032981 9.176e+05
0.0033018 9.176e+05
0.0033056 9.176e+05
0.0033094 9.176e+05
0.0033132 9.176e+05
0.0033169 9.176e+05
0.0033207 9.176e+05
0.0033245 9.176e+05
0.0033282 9.176e+05
0.003332 9.176e+05
0.0033358 9.176e+05
0.0033395 9.176e+05
0.0033433 9.176e+05
0.0033471 9.176e+05
0.0033508 9.176e+05
0.0033546 9.176e+05
0.0033584 9.176e+05
0.0033622 9.176e+05
0.0033659 9.176e+05
0.0033697 9.176e+05
0.0033735 9.176e+05
0.0033772 9.176e+05
0.003381 9.176e+05
0.0033848 9.176e+05
0.0033885 9.176e+05
0.0033923 9.176e+05
0.0033961 9.176e+05
0.0033998 9.176e+05
0.0034036 9.176e+05
0.0034074 9.176e+05
0.0034112 9.176e+05
0.0034149 9.176e+05
0.0034187 9.176e+05
0.0034225 9.176e+05
0.0034262 9.176e+05
0.00343 9.176e+05
0.0034338 9.176e+05
0.0034375 9.176e+05
0.0034413 9.176e+05
0.0034451 9.176e+05
0.0034488 9.176e+05
0.0034526 9.176e+05
0.0034564 9.176e+05
0.0034602 9.176e+05
0.0034639 9.176e+05
0.0034677 9.176e+05
0.0034715 9.176e+05
0.0034752 9.176e+05
0.003479 9.176e+05
0.0034828 9.176e+05
0.0034865 9.176e+05
0.0034903 9.176e+05
0.0034941 9.176e+05
0.0034978 9.176e+05
0.0035016 9.176e+05
0.0035054 9.176e+05
0.0035092 9.176e+05
0.0035129 9.176e+05
0.0035167 9.176e+05
0.0035205 9.176e+05
0.0035242 9.176e+05
0.003528 9.176e+05
0.0035318 9.176e+05
0.0035355 9.176e+05
0.0035393 9.176e+05
0.0035431 9.176e+05
0.0035468 9.176e+05
0.0035506 9.176e+05
0.0035544 9.176e+05
0.0035582 9.176e+05
0.0035619 9.176e+05
0.0035657 9.176e+05
0.0035695 9.176e+05
0.0035732 9.176e+05
0.003577 9.176e+05
0.0035808 9.176e+05
0.0035845 9.176e+05
0.0035883 9.176e+05
0.0035921 9.176e+05
0.0035958 9.176e+05
0.0035996 9.176e+05
0.0036034 9.176e+05
0.0036072 9.176e+05
0.0036109 9.176e+05
0.0036147 9.176e+05
0.0036185 9.176e+05
0.0036222 9.176e+05
0.003626 9.176e+05
0.0036298 9.176e+05
0.0036335 9.176e+05
0.0036373 9.176e+05
0.0036411 9.176e+05
0.0036448 9.176e+05
0.0036486 9.176e+05
0.0036524 9.176e+05
0.0036562 9.176e+05
0.0036599 9.176e+05
0.0036637 9.176e+05
0.0036675 9.176e+05
0.0036712 9.176e+05
0.003675 9.176e+05
0.0036788 9.176e+05
0.0036825 9.176e+05
0.0036863 9.176e+05
0.0036901 9.176e+05
0.0036938 9.176e+05
0.0036976 9.176e+05
0.0037014 9.176e+05
0.0037052 9.176e+05
0.0037089 9.176e+05
0.0037127 9.176e+05
0.0037165 9.176e+05
0.0037202 9.176e+05
0.003724 9.176e+05
0.0037278 9.176e+05
0.0037315 9.176e+05
0.0037353 9.176e+05
0.0037391 9.176e+05
0.0037428 9.176e+05
0.0037466 9.176e+05
0.0037504 9.176e+05
0.0037542 9.176e+05
0.0037579 9.176e+05
0.0037617 9.176e+05
0.0037655 9.176e+05
0.0037692 9.176e+05
0.003773 9.176e+05
0.0037768 9.176e+05
0.0037805 9.176e+05
0.0037843 9.176e+05
0.0037881 9.176e+05
0.0037918 9.176e+05
0.0037956 9.176e+05
0.0037994 9.176e+05
0.0038032 9.176e+05
0.0038069 9.176e+05
0.0038107 9.176e+05
0.0038145 9.176e+05
0.0038182 9.176e+05
0.003822 9.176e+05
0.0038258 9.176e+05
0.0038295 9.176e+05
0.0038333 9.176e+05
0.0038371 9.176e+05
0.0038408 9.176e+05
0.0038446 9.176e+05
0.0038484 9.176e+05
0.0038522 9.176e+05
0.0038559 9.176e+05
0.0038597 9.176e+05
0.0038635 9.176e+05
0.0038672 9.176e+05
0.003871 9.176e+05
0.0038748 9.176e+05
0.0038785 9.176e+05
0.0038823 9.176e+05
0.0038861 9.176e+05
0.0038898 9.176e+05
0.0038936 9.176e+05
0.0038974 9.176e+05
0.0039012 9.176e+05
0.0039049 9.176e+05
0.0039087 9.176e+05
0.0039125 9.176e+05
0.0039162 9.176e+05
0.00392 9.176e+05
0.0039238 9.176e+05
0.0039275 9.176e+05
0.0039313 9.176e+05
0.0039351 9.176e+05
0.0039388 9.176e+05
0.0039426 9.176e+05
0.0039464 9.176e+05
0.0039502 9.176e+05
0.0039539 9.176e+05
0.0039577 9.176e+05
0.0039615 9.176e+05
0.0039652 9.176e+05
0.003969 9.176e+05
0.0039728 9.176e+05
0.0039765 9.176e+05
0.0039803 9.176e+05
0.0039841 9.176e+05
0.0039878 9.176e+05
0.0039916 9.176e+05
0.0039954 9.176e+05
0.0039992 9.176e+05
0.0040029 9.176e+05
0.0040067 9.176e+05
0.0040105 9.176e+05
0.0040142 9.176e+05
0.004018 9.176e+05
0.0040218 9.176e+05
0.0040255 9.176e+05
0.0040293 9.176e+05
0.0040331 9.176e+05
0.0040368 9.176e+05
0.0040406 9.176e+05
0.0040444 9.176e+05
0.0040482 9.176e+05
0.0040519 9.176e+05
0.0040557 9.176e+05
0.0040595 9.176e+05
0.0040632 9.176e+05
0.004067 9.176e+05
0.0040708 9.176e+05
0.0040745 9.176e+05
0.0040783 9.176e+05
0.0040821 9.176e+05
0.0040858 9.176e+05
0.0040896 9.176e+05
0.0040934 9.176e+05
0.0040972 9.176e+05
0.0041009 9.176e+05
0.0041047 9.176e+05
0.0041085 9.176e+05
0.0041122 9.176e+05
0.004116 9.176e+05
0.0041198 9.176e+05
0.0041235 9.176e+05
0.0041273 9.176e+05
0.0041311 9.176e+05
0.0041348 9.176e+05
0.0041386 9.176e+05
0.0041424 9.176e+05
0.0041462 9.176e+05
0.0041499 9.176e+05
0.0041537 9.176e+05
0.0041575 9.176e+05
0.0041612 9.176e+05
0.004165 9.176e+05
0.0041688 9.176e+05
0.0041725 9.176e+05
0.0041763 9.176e+05
0.0041801 9.176e+05
0.0041838 9.176e+05
0.0041876 9.176e+05
0.0041914 9.176e+05
0.0041952 9.176e+05
0.0041989 9.176e+05
0.0042027 9.176e+05
0.0042065 9.176e+05
0.0042102 9.176e+05
0.004214 9.176e+05
0.0042178 9.176e+05
0.0042215 9.176e+05
0.0042253 9.176e+05
0.0042291 9.176e+05
0.0042328 9.176e+05
0.0042366 9.176e+05
0.0042404 9.176e+05
0.0042442 9.176e+05
0.0042479 9.176e+05
0.0042517 9.176e+05
0.0042555 9.176e+05
0.0042592 9.176e+05
0.004263 9.176e+05
0.0042668 9.176e+05
0.0042705 9.176e+05
0.0042743 9.176e+05
0.0042781 9.176e+05
0.0042818 9.176e+05
0.0042856 9.176e+05
0.0042894 9.176e+05
0.0042932 9.176e+05
0.0042969 9.176e+05
0.0043007 9.176e+05
0.0043045 9.176e+05
0.0043082 9.176e+05
0.004312 9.176e+05
0.0043158 9.176e+05
0.0043195 9.176e+05
0.0043233 9.176e+05
0.0043271 9.176e+05
0.0043308 9.176e+05
0.0043346 9.176e+05
0.0043384 9.176e+05
0.0043422 9.176e+05
0.0043459 9.176e+05
0.0043497 9.176e+05
0.0043535 9.176e+05
0.0043572 9.176e+05
0.004361 9.176e+05
0.0043648 9.176e+05
0.0043685 9.176e+05
0.0043723 9.176e+05
0.0043761 9.176e+05
0.0043798 9.176e+05
0.0043836 9.176e+05
0.0043874 9.176e+05
0.0043912 9.176e+05
0.0043949 9.176e+05
0.0043987 9.176e+05
0.0044025 9.176e+05
0.0044062 9.176e+05
0.00441 9.176e+05
0.0044138 9.176e+05
0.0044175 9.176e+05
0.0044213 9.176e+05
0.0044251 9.176e+05
0.0044288 9.176e+05
0.0044326 9.176e+05
0.0044364 9.176e+05
0.0044402 9.176e+05
0.0044439 9.176e+05
0.0044477 9.176e+05
0.0044515 9.176e+05
0.0044552 9.176e+05
0.004459 9.176e+05
0.0044628 9.176e+05
0.0044665 9.176e+05
0.0044703 9.176e+05
0.0044741 9.176e+05
0.0044778 9.176e+05
0.0044816 9.176e+05
0.0044854 9.176e+05
0.0044892 9.176e+05
0.0044929 9.176e+05
0.0044967 9.176e+05
0.0045005 9.176e+05
0.0045042 9.176e+05
0.004508 9.176e+05
0.0045118 9.176e+05
0.0045155 9.176e+05
0.0045193 9.176e+05
0.0045231 9.176e+05
0.0045268 9.176e+05
0.0045306 9.176e+05
0.0045344 9.176e+05
0.0045382 9.176e+05
0.0045419 9.176e+05
0.0045457 9.176e+05
0.0045495 9.176e+05
0.0045532 9.176e+05
0.004557 9.176e+05
0.0045608 9.176e+05
0.0045645 9.176e+05
0.0045683 9.176e+05
0.0045721 9.176e+05
0.0045758 9.176e+05
0.0045796 9.176e+05
0.0045834 9.176e+05
0.0045872 9.176e+05
0.0045909 9.176e+05
0.0045947 9.176e+05
0.0045985 9.176e+05
0.0046022 9.176e+05
0.004606 9.176e+05
0.0046098 9.176e+05
0.0046135 9.176e+05
0.0046173 9.176e+05
0.0046211 9.176e+05
0.0046248 9.176e+05
0.0046286 9.176e+05
0.0046324 9.176e+05
0.0046362 9.176e+05
0.0046399 9.176e+05
0.0046437 9.176e+05
0.0046475 9.176e+05
0.0046512 9.176e+05
0.004655 9.176e+05
0.0046588 9.176e+05
0.0046625 9.176e+05
0.0046663 9.176e+05
0.0046701 9.176e+05
0.0046738 9.176e+05
0.0046776 9.176e+05
0.0046814 9.176e+05
0.0046852 9.176e+05
0.0046889 9.176e+05
0.0046927 9.176e+05
0.0046965 9.176e+05
0.0047002 9.176e+05
0.004704 9.176e+05
0.0047078 9.176e+05
0.0047115 9.176e+05
0.0047153 9.176e+05
0.0047191 9.176e+05
0.0047228 9.176e+05
0.0047266 9.176e+05
0.0047304 9.176e+05
0.0047342 9.176e+05
0.0047379 9.176e+05
0.0047417 9.176e+05
0.0047455 9.176e+05
0.0047492 9.176e+05
0.004753 9.176e+05
0.0047568 9.176e+05
0.0047605 9.176e+05
0.0047643 9.176e+05
0.0047681 9.176e+05
0.0047718 9.176e+05
0.0047756 9.176e+05
0.0047794 9.176e+05
0.0047832 9.176e+05
0.0047869 9.176e+05
0.0047907 9.176e+05
0.0047945 9.176e+05
0.0047982 9.176e+05
0.004802 9.176e+05
0.0048058 9.176e+05
0.0048095 9.176e+05
0.0048133 9.176e+05
0.0048171 9.176e+05
0.0048208 9.176e+05
0.0048246 9.176e+05
0.0048284 9.176e+05
0.0048322 9.176e+05
0.0048359 9.176e+05
0.0048397 9.176e+05
0.0048435 9.176e+05
0.0048472 9.176e+05
0.004851 9.176e+05
0.0048548 9.176e+05
0.0048585 9.176e+05
0.0048623 9.176e+05
0.0048661 9.176e+05
0.0048698 9.176e+05
0.0048736 9.176e+05
0.0048774 9.176e+05
0.0048812 9.176e+05
0.0048849 9.176e+05
0.0048887 9.176e+05
0.0048925 9.176e+05
0.0048962 9.176e+05
0.0049 9.176e+05
0.0049038 9.176e+05
0.0049075 9.176e+05
0.0049113 9.176e+05
0.0049151 9.176e+05
0.0049188 9.176e+05
0.0049226 9.176e+05
0.0049264 9.176e+05
0.0049302 9.176e+05
0.0049339 9.176e+05
0.0049377 9.176e+05
0.0049415 9.176e+05
0.0049452 9.176e+05
0.004949 9.176e+05
0.0049528 9.176e+05
0.0049565 9.176e+05
0.0049603 9.176e+05
0.0049641 9.176e+05
0.0049678 9.176e+05
0.0049716 9.176e+05
0.0049754 9.176e+05
0.0049792 9.176e+05
0.0049829 9.176e+05
0.0049867 9.176e+05
0.0049905 9.176e+05
0.0049942 9.176e+05
0.004998 9.176e+05
0.0050018 9.176e+05
0.0050055 9.176e+05
0.0050093 9.176e+05
0.0050131 9.176e+05
0.0050168 9.176e+05
0.0050206 9.176e+05
0.0050244 9.176e+05
0.0050282 9.176e+05
0.0050319 9.176e+05
0.0050357 9.176e+05
0.0050395 9.176e+05
0.0050432 9.176e+05
0.005047 9.176e+05
0.0050508 9.176e+05
0.0050545 9.176e+05
0.0050583 9.176e+05
0.0050621 9.176e+05
0.0050658 9.176e+05
0.0050696 9.176e+05
0.0050734 9.176e+05
0.0050772 9.176e+05
0.0050809 9.176e+05
0.0050847 9.176e+05
0.0050885 9.176e+05
0.0050922 9.176e+05
0.005096 9.176e+05
0.0050998 9.176e+05
0.0051035 9.176e+05
0.0051073 9.176e+05
0.0051111 9.176e+05
0.0051148 9.176e+05
0.0051186 9.176e+05
0.0051224 9.176e+05
0.0051262 9.176e+05
0.0051299 9.176e+05
0.0051337 9.176e+05
0.0051375 9.176e+05
0.0051412 9.176e+05
0.005145 9.176e+05
0.0051488 9.176e+05
0.0051525 9.176e+05
0.0051563 9.176e+05
0.0051601 9.176e+05
0.0051638 9.176e+05
0.0051676 9.176e+05
0.0051714 9.176e+05
0.0051752 9.176e+05
0.0051789 9.176e+05
0.0051827 9.176e+05
0.0051865 9.176e+05
0.0051902 9.176e+05
0.005194 9.176e+05
0.0051978 9.176e+05
0.0052015 9.176e+05
0.0052053 9.176e+05
0.0052091 9.176e+05
0.0052128 9.176e+05
0.0052166 9.176e+05
0.0052204 9.176e+05
0.0052242 9.176e+05
0.0052279 9.176e+05
0.0052317 9.176e+05
0.0052355 9.176e+05
0.0052392 9.176e+05
0.005243 9.176e+05
0.0052468 9.176e+05
0.0052505 9.176e+05
0.0052543 9.176e+05
0.0052581 9.176e+05
0.0052618 9.176e+05
0.0052656 9.176e+05
0.0052694 9.176e+05
0.0052732 9.176e+05
0.0052769 9.176e+05
0.0052807 9.176e+05
0.0052845 9.176e+05
0.0052882 9.176e+05
0.005292 9.176e+05
0.0052958 9.176e+05
0.0052995 9.176e+05
0.0053033 9.176e+05
0.0053071 9.176e+05
0.0053108 9.176e+05
0.0053146 9.176e+05
0.0053184 9.176e+05
0.0053222 9.176e+05
0.0053259 9.176e+05
0.0053297 9.176e+05
0.0053335 9.176e+05
0.0053372 9.176e+05
0.005341 9.176e+05
0.0053448 9.176e+05
0.0053485 9.176e+05
0.0053523 9.176e+05
0.0053561 9.176e+05
0.0053598 9.176e+05
0.0053636 9.176e+05
0.0053674 9.176e+05
0.0053712 9.176e+05
0.0053749 9.176e+05
0.0053787 9.176e+05
0.0053825 9.176e+05
0.0053862 9.176e+05
0.00539 9.176e+05
0.0053938 9.176e+05
0.0053975 9.176e+05
0.0054013 9.176e+05
0.0054051 9.176e+05
0.0054088 9.176e+05
0.0054126 9.176e+05
0.0054164 9.176e+05
0.0054202 9.176e+05
0.0054239 9.176e+05
0.0054277 9.176e+05
0.0054315 9.176e+05
0.0054352 9.176e+05
0.005439 9.176e+05
0.0054428 9.176e+05
0.0054465 9.176e+05
0.0054503 9.176e+05
0.0054541 9.176e+05
0.0054578 9.176e+05
0.0054616 9.176e+05
0.0054654 9.176e+05
0.0054692 9.176e+05
0.0054729 9.176e+05
0.0054767 9.176e+05
0.0054805 9.176e+05
0.0054842 9.176e+05
0.005488 9.176e+05
0.0054918 9.176e+05
0.0054955 9.176e+05
0.0054993 9.176e+05
0.0055031 9.176e+05
0.0055068 9.176e+05
0.0055106 9.176e+05
0.0055144 9.176e+05
0.0055182 9.176e+05
0.0055219 9.176e+05
0.0055257 9.176e+05
0.0055295 9.176e+05
0.0055332 9.176e+05
0.005537 9.176e+05
0.0055408 9.176e+05
0.0055445 9.176e+05
0.0055483 9.176e+05
0.0055521 9.176e+05
0.0055558 9.176e+05
0.0055596 9.176e+05
0.0055634 9.176e+05
0.0055672 9.176e+05
0.0055709 9.176e+05
0.0055747 9.176e+05
0.0055785 9.176e+05
0.0055822 9.176e+05
0.005586 9.176e+05
0.0055898 9.176e+05
0.0055935 9.176e+05
0.0055973 9.176e+05
0.0056011 9.176e+05
0.0056048 9.176e+05
0.0056086 9.176e+05
0.0056124 9.176e+05
0.0056162 9.176e+05
0.0056199 9.176e+05
0.0056237 9.176e+05
0.0056275 9.176e+05
0.0056312 9.176e+05
0.005635 9.176e+05
0.0056388 9.176e+05
0.0056425 9.176e+05
0.0056463 9.176e+05
0.0056501 9.176e+05
0.0056538 9.176e+05
0.0056576 9.176e+05
0.0056614 9.176e+05
0.0056652 9.176e+05
0.0056689 9.176e+05
0.0056727 9.176e+05
0.0056765 9.176e+05
0.0056802 9.176e+05
0.005684 9.176e+05
0.0056878 9.176e+05
0.0056915 9.176e+05
0.0056953 9.176e+05
0.0056991 9.176e+05
0.0057028 9.176e+05
0.0057066 9.176e+05
0.0057104 9.176e+05
0.0057142 9.176e+05
0.0057179 9.176e+05
0.0057217 9.176e+05
0.0057255 9.176e+05
0.0057292 9.176e+05
0.005733 9.176e+05
0.0057368 9.176e+05
0.0057405 9.176e+05
0.0057443 9.176e+05
0.0057481 9.176e+05
0.0057518 9.176e+05
0.0057556 9.176e+05
0.0057594 9.176e+05
0.0057632 9.176e+05
0.0057669 9.176e+05
0.0057707 9.176e+05
0.0057745 9.176e+05
0.0057782 9.176e+05
0.005782 9.176e+05
0.0057858 9.176e+05
0.0057895 9.176e+05
0.0057933 9.176e+05
0.0057971 9.176e+05
0.0058008 9.176e+05
0.0058046 9.176e+05
0.0058084 9.176e+05
0.0058122 9.176e+05
0.0058159 9.176e+05
0.0058197 9.176e+05
0.0058235 9.176e+05
0.0058272 9.176e+05
0.005831 9.176e+05
0.0058348 9.176e+05
0.0058385 9.176e+05
0.0058423 9.176e+05
0.0058461 9.176e+05
0.0058498 9.176e+05
0.0058536 9.176e+05
0.0058574 9.176e+05
0.0058612 9.176e+05
0.0058649 9.176e+05
0.0058687 9.176e+05
0.0058725 9.176e+05
0.0058762 9.176e+05
0.00588 9.176e+05
0.0058838 9.176e+05
0.0058875 9.176e+05
0.0058913 9.176e+05
0.0058951 9.176e+05
0.0058988 9.176e+05
0.0059026 9.176e+05
0.0059064 9.176e+05
0.0059102 9.176e+05
0.0059139 9.176e+05
0.0059177 9.176e+05
0.0059215 9.176e+05
0.0059252 9.176e+05
0.005929 9.176e+05
0.0059328 9.176e+05
0.0059365 9.176e+05
0.0059403 9.176e+05
0.0059441 9.176e+05
0.0059478 9.176e+05
0.0059516 9.176e+05
0.0059554 9.176e+05
0.0059592 9.176e+05
0.0059629 9.176e+05
0.0059667 9.176e+05
0.0059705 9.176e+05
0.0059742 9.176e+05
0.005978 9.176e+05
0.0059818 9.176e+05
0.0059855 9.176e+05
0.0059893 9.176e+05
0.0059931 9.176e+05
0.0059968 9.176e+05
0.0060006 9.176e+05
0.0060044 9.176e+05
0.0060082 9.176e+05
0.0060119 9.176e+05
0.0060157 9.176e+05
0.0060195 9.176e+05
0.0060232 9.176e+05
0.006027 9.176e+05
0.0060308 9.176e+05
0.0060345 9.176e+05
0.0060383 9.176e+05
0.0060421 9.176e+05
0.0060458 9.176e+05
0.0060496 9.176e+05
0.0060534 9.176e+05
0.0060572 9.176e+05
0.0060609 9.176e+05
0.0060647 9.176e+05
0.0060685 9.176e+05
0.0060722 9.176e+05
0.006076 9.176e+05
0.0060798 9.176e+05
0.0060835 9.176e+05
0.0060873 9.176e+05
0.0060911 9.176e+05
0.0060948 9.176e+05
0.0060986 9.176e+05
0.0061024 9.176e+05
0.0061062 9.176e+05
0.0061099 9.176e+05
0.0061137 9.176e+05
0.0061175 9.176e+05
0.0061212 9.176e+05
0.006125 9.176e+05
0.0061288 9.176e+05
0.0061325 9.176e+05
0.0061363 9.176e+05
0.0061401 9.176e+05
0.0061438 9.176e+05
0.0061476 9.176e+05
0.0061514 9.176e+05
0.0061552 9.176e+05
0.0061589 9.176e+05
0.0061627 9.176e+05
0.0061665 9.176e+05
0.0061702 9.176e+05
0.006174 9.176e+05
0.0061778 9.176e+05
0.0061815 9.176e+05
0.0061853 9.176e+05
0.0061891 9.176e+05
0.0061928 9.176e+05
0.0061966 9.176e+05
0.0062004 9.176e+05
0.0062042 9.176e+05
0.0062079 9.176e+05
0.0062117 9.176e+05
0.0062155 9.176e+05
0.0062192 9.176e+05
0.006223 9.176e+05
0.0062268 9.176e+05
0.0062305 9.176e+05
0.0062343 9.176e+05
0.0062381 9.176e+05
0.0062418 9.176e+05
0.0062456 9.176e+05
0.0062494 9.176e+05
0.0062532 9.176e+05
0.0062569 9.176e+05
0.0062607 9.176e+05
0.0062645 9.176e+05
0.0062682 9.176e+05
0.006272 9.176e+05
0.0062758 9.176e+05
0.0062795 9.176e+05
0.0062833 9.176e+05
0.0062871 9.176e+05
0.0062908 9.176e+05
0.0062946 9.176e+05
0.0062984 9.176e+05
0.0063022 9.176e+05
0.0063059 9.176e+05
0.0063097 9.176e+05
0.0063135 9.176e+05
0.0063172 9.176e+05
0.006321 9.176e+05
0.0063248 9.176e+05
0.0063285 9.176e+05
0.0063323 9.176e+05
0.0063361 9.176e+05
0.0063398 9.176e+05
0.0063436 9.176e+05
0.0063474 9.176e+05
0.0063512 9.176e+05
0.0063549 9.176e+05
0.0063587 9.176e+05
0.0063625 9.176e+05
0.0063662 9.176e+05
0.00637 9.176e+05
0.0063738 9.176e+05
0.0063775 9.176e+05
0.0063813 9.176e+05
0.0063851 9.176e+05
0.0063888 9.176e+05
0.0063926 9.176e+05
0.0063964 9.176e+05
0.0064002 9.176e+05
0.0064039 9.176e+05
0.0064077 9.176e+05
0.0064115 9.176e+05
0.0064152 9.176e+05
0.006419 9.176e+05
0.0064228 9.176e+05
0.0064265 9.176e+05
0.0064303 9.176e+05
0.0064341 9.176e+05
0.0064378 9.176e+05
0.0064416 9.176e+05
0.0064454 9.176e+05
0.0064492 9.176e+05
0.0064529 9.176e+05
0.0064567 9.176e+05
0.0064605 9.176e+05
0.0064642 9.176e+05
0.006468 9.176e+05
0.0064718 9.176e+05
0.0064755 9.176e+05
0.0064793 9.176e+05
0.0064831 9.176e+05
0.0064868 9.176e+05
0.0064906 9.176e+05
0.0064944 9.176e+05
0.0064982 9.176e+05
0.0065019 9.176e+05
0.0065057 9.176e+05
0.0065095 9.176e+05
0.0065132 9.176e+05
0.006517 9.176e+05
0.0065208 9.176e+05
0.0065245 9.176e+05
0.0065283 9.176e+05
0.0065321 9.176e+05
0.0065358 9.176e+05
0.0065396 9.176e+05
0.0065434 9.176e+05
0.0065472 9.176e+05
0.0065509 9.176e+05
0.0065547 9.176e+05
0.0065585 9.176e+05
0.0065622 9.176e+05
0.006566 9.176e+05
0.0065698 9.176e+05
0.0065735 9.176e+05
0.0065773 9.176e+05
0.0065811 9.176e+05
0.0065848 9.176e+05
0.0065886 9.176e+05
0.0065924 9.176e+05
0.0065962 9.176e+05
0.0065999 9.176e+05
0.0066037 9.176e+05
0.0066075 9.176e+05
0.0066112 9.176e+05
0.006615 9.176e+05
0.0066188 9.176e+05
0.0066225 9.176e+05
0.0066263 9.176e+05
0.0066301 9.176e+05
0.0066338 9.176e+05
0.0066376 9.176e+05
0.0066414 9.176e+05
0.0066452 9.176e+05
0.0066489 9.176e+05
0.0066527 9.176e+05
0.0066565 9.176e+05
0.0066602 9.176e+05
0.006664 9.176e+05
0.0066678 9.176e+05
0.0066715 9.176e+05
0.0066753 9.176e+05
0.0066791 9.176e+05
0.0066828 9.176e+05
0.0066866 9.176e+05
0.0066904 9.176e+05
0.0066942 9.176e+05
0.0066979 9.176e+05
0.0067017 9.176e+05
0.0067055 9.176e+05
0.0067092 9.176e+05
0.006713 9.176e+05
0.0067168 9.176e+05
0.0067205 9.176e+05
0.0067243 9.176e+05
0.0067281 9.176e+05
0.0067318 9.176e+05
0.0067356 9.176e+05
0.0067394 9.176e+05
0.0067432 9.176e+05
0.0067469 9.176e+05
0.0067507 9.176e+05
0.0067545 9.176e+05
0.0067582 9.176e+05
0.006762 9.176e+05
0.0067658 9.176e+05
0.0067695 9.176e+05
0.0067733 9.176e+05
0.0067771 9.176e+05
0.0067808 9.176e+05
0.0067846 9.176e+05
0.0067884 9.176e+05
0.0067922 9.176e+05
0.0067959 9.176e+05
0.0067997 9.176e+05
0.0068035 9.176e+05
0.0068072 9.176e+05
0.006811 9.176e+05
0.0068148 9.176e+05
0.0068185 9.176e+05
0.0068223 9.176e+05
0.0068261 9.176e+05
0.0068298 9.176e+05
0.0068336 9.176e+05
0.0068374 9.176e+05
0.0068412 9.176e+05
0.0068449 9.176e+05
0.0068487 9.176e+05
0.0068525 9.176e+05
0.0068562 9.176e+05
0.00686 9.176e+05
0.0068638 9.176e+05
0.0068675 9.176e+05
0.0068713 9.176e+05
0.0068751 9.176e+05
0.0068788 9.176e+05
0.0068826 9.176e+05
0.0068864 9.176e+05
0.0068902 9.176e+05
0.0068939 9.176e+05
0.0068977 9.176e+05
0.0069015 9.176e+05
0.0069052 9.176e+05
0.006909 9.176e+05
0.0069128 9.176e+05
0.0069165 9.176e+05
0.0069203 9.176e+05
0.0069241 9.176e+05
0.0069278 9.176e+05
0.0069316 9.176e+05
0.0069354 9.176e+05
0.0069392 9.176e+05
0.0069429 9.176e+05
0.0069467 9.176e+05
0.0069505 9.176e+05
0.0069542 9.176e+05
0.006958 9.176e+05
0.0069618 9.176e+05
0.0069655 9.176e+05
0.0069693 9.176e+05
0.0069731 9.176e+05
0.0069768 9.176e+05
0.0069806 9.176e+05
0.0069844 9.176e+05
0.0069882 9.176e+05
0.0069919 9.176e+05
0.0069957 9.176e+05
0.0069995 9.176e+05
0.0070032 9.176e+05
0.007007 9.176e+05
0.0070108 9.176e+05
0.0070145 9.176e+05
0.0070183 9.176e+05
0.0070221 9.176e+05
0.0070258 9.176e+05
0.0070296 9.176e+05
0.0070334 9.176e+05
0.0070372 9.176e+05
0.0070409 9.176e+05
0.0070447 9.176e+05
0.0070485 9.176e+05
0.0070522 9.176e+05
0.007056 9.176e+05
0.0070598 9.176e+05
0.0070635 9.176e+05
0.0070673 9.176e+05
0.0070711 9.176e+05
0.0070748 9.176e+05
0.0070786 9.176e+05
0.0070824 9.176e+05
0.0070862 9.176e+05
0.0070899 9.176e+05
0.0070937 9.176e+05
0.0070975 9.176e+05
0.0071012 9.176e+05
0.007105 9.176e+05
0.0071088 9.176e+05
0.0071125 9.176e+05
0.0071163 9.176e+05
0.0071201 9.176e+05
0.0071238 9.176e+05
0.0071276 9.176e+05
0.0071314 9.176e+05
0.0071352 9.176e+05
0.0071389 9.176e+05
0.0071427 9.176e+05
0.0071465 9.176e+05
0.0071502 9.176e+05
0.007154 9.176e+05
0.0071578 9.176e+05
0.0071615 9.176e+05
0.0071653 9.176e+05
0.0071691 9.176e+05
0.0071728 9.176e+05
0.0071766 9.176e+05
0.0071804 9.176e+05
0.0071842 9.176e+05
0.0071879 9.176e+05
0.0071917 9.176e+05
0.0071955 9.176e+05
0.0071992 9.176e+05
0.007203 9.176e+05
0.0072068 9.176e+05
0.0072105 9.176e+05
0.0072143 9.176e+05
0.0072181 9.176e+05
0.0072218 9.176e+05
0.0072256 9.176e+05
0.0072294 9.176e+05
0.0072332 9.176e+05
0.0072369 9.176e+05
0.0072407 9.176e+05
0.0072445 9.176e+05
0.0072482 9.176e+05
0.007252 9.176e+05
0.0072558 9.176e+05
0.0072595 9.176e+05
0.0072633 9.176e+05
0.0072671 9.176e+05
0.0072708 9.176e+05
0.0072746 9.176e+05
0.0072784 9.176e+05
0.0072822 9.176e+05
0.0072859 9.176e+05
0.0072897 9.176e+05
0.0072935 9.176e+05
0.0072972 9.176e+05
0.007301 9.176e+05
0.0073048 9.176e+05
0.0073085 9.176e+05
0.0073123 9.176e+05
0.0073161 9.176e+05
0.0073198 9.176e+05
0.0073236 9.176e+05
0.0073274 9.176e+05
0.0073312 9.176e+05
0.0073349 9.176e+05
0.0073387 9.176e+05
0.0073425 9.176e+05
0.0073462 9.176e+05
0.00735 9.176e+05
0.0073538 9.176e+05
0.0073575 9.176e+05
0.0073613 9.176e+05
0.0073651 9.176e+05
0.0073688 9.176e+05
0.0073726 9.176e+05
0.0073764 9.176e+05
0.0073802 9.176e+05
0.0073839 9.176e+05
0.0073877 9.176e+05
0.0073915 9.176e+05
0.0073952 9.176e+05
0.007399 9.176e+05
0.0074028 9.176e+05
0.0074065 9.176e+05
0.0074103 9.176e+05
0.0074141 9.176e+05
0.0074178 9.176e+05
0.0074216 9.176e+05
0.0074254 9.176e+05
0.0074292 9.176e+05
0.0074329 9.176e+05
0.0074367 9.176e+05
0.0074405 9.176e+05
0.0074442 9.176e+05
0.007448 9.176e+05
0.0074518 9.176e+05
0.0074555 9.176e+05
0.0074593 9.176e+05
0.0074631 9.176e+05
0.0074668 9.176e+05
0.0074706 9.176e+05
0.0074744 9.176e+05
0.0074782 9.176e+05
0.0074819 9.176e+05
0.0074857 9.176e+05
0.0074895 9.176e+05
0.0074932 9.176e+05
0.007497 9.176e+05
0.0075008 9.176e+05
0.0075045 9.176e+05
0.0075083 9.176e+05
0.0075121 9.176e+05
0.0075158 9.176e+05
0.0075196 9.176e+05
0.0075234 9.176e+05
0.0075272 9.176e+05
0.0075309 9.176e+05
0.0075347 9.176e+05
0.0075385 9.176e+05
0.0075422 9.176e+05
0.007546 9.176e+05
0.0075498 9.176e+05
0.0075535 9.176e+05
0.0075573 9.176e+05
0.0075611 9.176e+05
0.0075648 9.176e+05
0.0075686 9.176e+05
0.0075724 9.176e+05
0.0075762 9.176e+05
0.0075799 9.176e+05
0.0075837 9.176e+05
0.0075875 9.176e+05
0.0075912 9.176e+05
0.007595 9.176e+05
0.0075988 9.176e+05
0.0076025 9.176e+05
0.0076063 9.176e+05
0.0076101 9.176e+05
0.0076138 9.176e+05
0.0076176 9.176e+05
0.0076214 9.176e+05
0.0076252 9.176e+05
0.0076289 9.176e+05
0.0076327 9.176e+05
0.0076365 9.176e+05
0.0076402 9.176e+05
0.007644 9.176e+05
0.0076478 9.176e+05
0.0076515 9.176e+05
0.0076553 9.176e+05
0.0076591 9.176e+05
0.0076628 9.176e+05
0.0076666 9.176e+05
0.0076704 9.176e+05
0.0076742 9.176e+05
0.0076779 9.176e+05
0.0076817 9.176e+05
0.0076855 9.176e+05
0.0076892 9.176e+05
0.007693 9.176e+05
0.0076968 9.176e+05
0.0077005 9.176e+05
0.0077043 9.176e+05
0.0077081 9.176e+05
0.0077118 9.176e+05
0.0077156 9.176e+05
0.0077194 9.176e+05
0.0077232 9.176e+05
0.0077269 9.176e+05
0.0077307 9.176e+05
0.0077345 9.176e+05
0.0077382 9.176e+05
0.007742 9.176e+05
0.0077458 9.176e+05
0.0077495 9.176e+05
0.0077533 9.176e+05
0.0077571 9.176e+05
0.0077608 9.176e+05
0.0077646 9.176e+05
0.0077684 9.176e+05
0.0077722 9.176e+05
0.0077759 9.176e+05
0.0077797 9.176e+05
0.0077835 9.176e+05
0.0077872 9.176e+05
0.007791 9.176e+05
0.0077948 9.176e+05
0.0077985 9.176e+05
0.0078023 9.176e+05
0.0078061 9.176e+05
0.0078098 9.176e+05
0.0078136 9.176e+05
0.0078174 9.176e+05
0.0078212 9.176e+05
0.0078249 9.176e+05
0.0078287 9.176e+05
0.0078325 9.176e+05
0.0078362 9.176e+05
0.00784 9.176e+05
0.0078438 9.176e+05
0.0078475 9.176e+05
0.0078513 9.176e+05
0.0078551 9.176e+05
0.0078588 9.176e+05
0.0078626 9.176e+05
0.0078664 9.176e+05
0.0078702 9.176e+05
0.0078739 9.176e+05
0.0078777 9.176e+05
0.0078815 9.176e+05
0.0078852 9.176e+05
0.007889 9.176e+05
0.0078928 9.176e+05
0.0078965 9.176e+05
0.0079003 9.176e+05
0.0079041 9.176e+05
0.0079078 9.176e+05
0.0079116 9.176e+05
0.0079154 9.176e+05
0.0079192 9.176e+05
0.0079229 9.176e+05
0.0079267 9.176e+05
0.0079305 9.176e+05
0.0079342 9.176e+05
0.007938 9.176e+05
0.0079418 9.176e+05
0.0079455 9.176e+05
0.0079493 9.176e+05
0.0079531 9.176e+05
0.0079568 9.176e+05
0.0079606 9.176e+05
0.0079644 9.176e+05
0.0079682 9.176e+05
0.0079719 9.176e+05
0.0079757 9.176e+05
0.0079795 9.176e+05
0.0079832 9.176e+05
0.007987 9.176e+05
0.0079908 9.176e+05
0.0079945 9.176e+05
0.0079983 9.176e+05
0.0080021 9.176e+05
0.0080058 9.176e+05
0.0080096 9.176e+05
0.0080134 9.176e+05
0.0080172 9.176e+05
0.0080209 9.176e+05
0.0080247 9.176e+05
0.0080285 9.176e+05
0.0080322 9.176e+05
0.008036 9.176e+05
0.0080398 9.176e+05
0.0080435 9.176e+05
0.0080473 9.176e+05
0.0080511 9.176e+05
0.0080548 9.176e+05
0.0080586 9.176e+05
0.0080624 9.176e+05
0.0080662 9.176e+05
0.0080699 9.176e+05
0.0080737 9.176e+05
0.0080775 9.176e+05
0.0080812 9.176e+05
0.008085 9.176e+05
0.0080888 9.176e+05
0.0080925 9.176e+05
0.0080963 9.176e+05
0.0081001 9.176e+05
0.0081038 9.176e+05
0.0081076 9.176e+05
0.0081114 9.176e+05
0.0081152 9.176e+05
0.0081189 9.176e+05
0.0081227 9.176e+05
0.0081265 9.176e+05
0.0081302 9.176e+05
0.008134 9.176e+05
0.0081378 9.176e+05
0.0081415 9.176e+05
0.0081453 9.176e+05
0.0081491 9.176e+05
0.0081528 9.176e+05
0.0081566 9.176e+05
0.0081604 9.176e+05
0.0081642 9.176e+05
0.0081679 9.176e+05
0.0081717 9.176e+05
0.0081755 9.176e+05
0.0081792 9.176e+05
0.008183 9.176e+05
0.0081868 9.176e+05
0.0081905 9.176e+05
0.0081943 9.176e+05
0.0081981 9.176e+05
0.0082018 9.176e+05
0.0082056 9.176e+05
0.0082094 9.176e+05
0.0082132 9.176e+05
0.0082169 9.176e+05
0.0082207 9.176e+05
0.0082245 9.176e+05
0.0082282 9.176e+05
0.008232 9.176e+05
0.0082358 9.176e+05
0.0082395 9.176e+05
0.0082433 9.176e+05
0.0082471 9.176e+05
0.0082508 9.176e+05
0.0082546 9.176e+05
0.0082584 9.176e+05
0.0082622 9.176e+05
0.0082659 9.176e+05
0.0082697 9.176e+05
0.0082735 9.176e+05
0.0082772 9.176e+05
0.008281 9.176e+05
0.0082848 9.176e+05
0.0082885 9.176e+05
0.0082923 9.176e+05
0.0082961 9.176e+05
0.0082998 9.176e+05
0.0083036 9.176e+05
0.0083074 9.176e+05
0.0083112 9.176e+05
0.0083149 9.176e+05
0.0083187 9.176e+05
0.0083225 9.176e+05
0.0083262 9.176e+05
0.00833 9.176e+05
0.0083338 9.176e+05
0.0083375 9.176e+05
0.0083413 9.176e+05
0.0083451 9.176e+05
0.0083488 9.176e+05
0.0083526 9.176e+05
0.0083564 9.176e+05
0.0083602 9.176e+05
0.0083639 9.176e+05
0.0083677 9.176e+05
0.0083715 9.176e+05
0.0083752 9.176e+05
0.008379 9.176e+05
0.0083828 9.176e+05
0.0083865 9.176e+05
0.0083903 9.176e+05
0.0083941 9.176e+05
0.0083978 9.176e+05
0.0084016 9.176e+05
0.0084054 9.176e+05
0.0084092 9.176e+05
0.0084129 9.176e+05
0.0084167 9.176e+05
0.0084205 9.176e+05
0.0084242 9.176e+05
0.008428 9.176e+05
0.0084318 9.176e+05
0.0084355 9.176e+05
0.0084393 9.176e+05
0.0084431 9.176e+05
0.0084468 9.176e+05
0.0084506 9.176e+05
0.0084544 9.176e+05
0.0084582 9.176e+05
0.0084619 9.176e+05
0.0084657 9.176e+05
0.0084695 9.176e+05
0.0084732 9.176e+05
0.008477 9.176e+05
0.0084808 9.176e+05
0.0084845 9.176e+05
0.0084883 9.176e+05
0.0084921 9.176e+05
0.0084958 9.176e+05
0.0084996 9.176e+05
0.0085034 9.176e+05
0.0085072 9.176e+05
0.0085109 9.176e+05
0.0085147 9.176e+05
0.0085185 9.176e+05
0.0085222 9.176e+05
0.008526 9.176e+05
0.0085298 9.176e+05
0.0085335 9.176e+05
0.0085373 9.176e+05
0.0085411 9.176e+05
0.0085448 9.176e+05
0.0085486 9.176e+05
0.0085524 9.176e+05
0.0085562 9.176e+05
0.0085599 9.176e+05
0.0085637 9.176e+05
0.0085675 9.176e+05
0.0085712 9.176e+05
0.008575 9.176e+05
0.0085788 9.176e+05
0.0085825 9.176e+05
0.0085863 9.176e+05
0.0085901 9.176e+05
0.0085938 9.176e+05
0.0085976 9.176e+05
0.0086014 9.176e+05
0.0086052 9.176e+05
0.0086089 9.176e+05
0.0086127 9.176e+05
0.0086165 9.176e+05
0.0086202 9.176e+05
0.008624 9.176e+05
0.0086278 9.176e+05
0.0086315 9.176e+05
0.0086353 9.176e+05
0.0086391 9.176e+05
0.0086428 9.176e+05
0.0086466 9.176e+05
0.0086504 9.176e+05
0.0086542 9.176e+05
0.0086579 9.176e+05
0.0086617 9.176e+05
0.0086655 9.176e+05
0.0086692 9.176e+05
0.008673 9.176e+05
0.0086768 9.176e+05
0.0086805 9.176e+05
0.0086843 9.176e+05
0.0086881 9.176e+05
0.0086918 9.176e+05
0.0086956 9.176e+05
0.0086994 9.176e+05
0.0087032 9.176e+05
0.0087069 9.176e+05
0.0087107 9.176e+05
0.0087145 9.176e+05
0.0087182 9.176e+05
0.008722 9.176e+05
0.0087258 9.176e+05
0.0087295 9.176e+05
0.0087333 9.176e+05
0.0087371 9.176e+05
0.0087408 9.176e+05
0.0087446 9.176e+05
0.0087484 9.176e+05
0.0087522 9.176e+05
0.0087559 9.176e+05
0.0087597 9.176e+05
0.0087635 9.176e+05
0.0087672 9.176e+05
0.008771 9.176e+05
0.0087748 9.176e+05
0.0087785 9.176e+05
0.0087823 9.176e+05
0.0087861 9.176e+05
0.0087898 9.176e+05
0.0087936 9.176e+05
0.0087974 9.176e+05
0.0088012 9.176e+05
0.0088049 9.176e+05
0.0088087 9.176e+05
0.0088125 9.176e+05
0.0088162 9.176e+05
0.00882 9.176e+05
0.0088238 9.176e+05
0.0088275 9.176e+05
0.0088313 9.176e+05
0.0088351 9.176e+05
0.0088388 9.176e+05
0.0088426 9.176e+05
0.0088464 9.176e+05
0.0088502 9.176e+05
0.0088539 9.176e+05
0.0088577 9.176e+05
0.0088615 9.176e+05
0.0088652 9.176e+05
0.008869 9.176e+05
0.0088728 9.176e+05
0.0088765 9.176e+05
0.0088803 9.176e+05
0.0088841 9.176e+05
0.0088878 9.176e+05
0.0088916 9.176e+05
0.0088954 9.176e+05
0.0088992 9.176e+05
0.0089029 9.176e+05
0.0089067 9.176e+05
0.0089105 9.176e+05
0.0089142 9.176e+05
0.008918 9.176e+05
0.0089218 9.176e+05
0.0089255 9.176e+05
0.0089293 9.176e+05
0.0089331 9.176e+05
0.0089368 9.176e+05
0.0089406 9.176e+05
0.0089444 9.176e+05
0.0089482 9.176e+05
0.0089519 9.176e+05
0.0089557 9.176e+05
0.0089595 9.176e+05
0.0089632 9.176e+05
0.008967 9.176e+05
0.0089708 9.176e+05
0.0089745 9.176e+05
0.0089783 9.176e+05
0.0089821 9.176e+05
0.0089858 9.176e+05
0.0089896 9.176e+05
0.0089934 9.176e+05
0.0089972 9.176e+05
0.0090009 9.176e+05
0.0090047 9.176e+05
0.0090085 9.176e+05
0.0090122 9.176e+05
0.009016 9.176e+05
0.0090198 9.176e+05
0.0090235 9.176e+05
0.0090273 9.176e+05
0.0090311 9.176e+05
0.0090348 9.176e+05
0.0090386 9.176e+05
0.0090424 9.176e+05
0.0090462 9.176e+05
0.0090499 9.176e+05
0.0090537 9.176e+05
0.0090575 9.176e+05
0.0090612 9.176e+05
0.009065 9.176e+05
0.0090688 9.176e+05
0.0090725 9.176e+05
0.0090763 9.176e+05
0.0090801 9.176e+05
0.0090838 9.176e+05
0.0090876 9.176e+05
0.0090914 9.176e+05
0.0090952 9.176e+05
0.0090989 9.176e+05
0.0091027 9.176e+05
0.0091065 9.176e+05
0.0091102 9.176e+05
0.009114 9.176e+05
0.0091178 9.176e+05
0.0091215 9.176e+05
0.0091253 9.176e+05
0.0091291 9.176e+05
0.0091328 9.176e+05
0.0091366 9.176e+05
0.0091404 9.176e+05
0.0091442 9.176e+05
0.0091479 9.176e+05
0.0091517 9.176e+05
0.0091555 9.176e+05
0.0091592 9.176e+05
0.009163 9.176e+05
0.0091668 9.176e+05
0.0091705 9.176e+05
0.0091743 9.176e+05
0.0091781 9.176e+05
0.0091818 9.176e+05
0.0091856 9.176e+05
0.0091894 9.176e+05
0.0091932 9.176e+05
0.0091969 9.176e+05
0.0092007 9.176e+05
0.0092045 9.176e+05
0.0092082 9.176e+05
0.009212 9.176e+05
0.0092158 9.176e+05
0.0092195 9.176e+05
0.0092233 9.176e+05
0.0092271 9.176e+05
0.0092308 9.176e+05
0.0092346 9.176e+05
0.0092384 9.176e+05
0.0092422 9.176e+05
0.0092459 9.176e+05
0.0092497 9.176e+05
0.0092535 9.176e+05
0.0092572 9.176e+05
0.009261 9.176e+05
0.0092648 9.176e+05
0.0092685 9.176e+05
0.0092723 9.176e+05
0.0092761 9.176e+05
0.0092798 9.176e+05
0.0092836 9.176e+05
0.0092874 9.176e+05
0.0092912 9.176e+05
0.0092949 9.176e+05
0.0092987 9.176e+05
0.0093025 9.176e+05
0.0093062 9.176e+05
0.00931 9.176e+05
0.0093138 9.176e+05
0.0093175 9.176e+05
0.0093213 9.176e+05
0.0093251 9.176e+05
0.0093288 9.176e+05
0.0093326 9.176e+05
0.0093364 9.176e+05
0.0093402 9.176e+05
0.0093439 9.176e+05
0.0093477 9.176e+05
0.0093515 9.176e+05
0.0093552 9.176e+05
0.009359 9.176e+05
0.0093628 9.176e+05
0.0093665 9.176e+05
0.0093703 9.176e+05
0.0093741 9.176e+05
0.0093778 9.176e+05
0.0093816 9.176e+05
0.0093854 9.176e+05
0.0093892 9.176e+05
0.0093929 9.176e+05
0.0093967 9.176e+05
0.0094005 9.176e+05
0.0094042 9.176e+05
0.009408 9.176e+05
0.0094118 9.176e+05
0.0094155 9.176e+05
0.0094193 9.176e+05
0.0094231 9.176e+05
0.0094268 9.176e+05
0.0094306 9.176e+05
0.0094344 9.176e+05
0.0094382 9.176e+05
0.0094419 9.176e+05
0.0094457 9.176e+05
0.0094495 9.176e+05
0.0094532 9.176e+05
0.009457 9.176e+05
0.0094608 9.176e+05
0.0094645 9.176e+05
0.0094683 9.176e+05
0.0094721 9.176e+05
0.0094758 9.176e+05
0.0094796 9.176e+05
0.0094834 9.176e+05
0.0094872 9.176e+05
0.0094909 9.176e+05
0.0094947 9.176e+05
0.0094985 9.176e+05
0.0095022 9.176e+05
0.009506 9.176e+05
0.0095098 9.176e+05
0.0095135 9.176e+05
0.0095173 9.176e+05
0.0095211 9.176e+05
0.0095248 9.176e+05
0.0095286 9.176e+05
0.0095324 9.176e+05
0.0095362 9.176e+05
0.0095399 9.176e+05
0.0095437 9.176e+05
0.0095475 9.176e+05
0.0095512 9.176e+05
0.009555 9.176e+05
0.0095588 9.176e+05
0.0095625 9.176e+05
0.0095663 9.176e+05
0.0095701 9.176e+05
0.0095738 9.176e+05
0.0095776 9.176e+05
0.0095814 9.176e+05
0.0095852 9.176e+05
0.0095889 9.176e+05
0.0095927 9.176e+05
0.0095965 9.176e+05
0.0096002 9.176e+05
0.009604 9.176e+05
0.0096078 9.176e+05
0.0096115 9.176e+05
0.0096153 9.176e+05
0.0096191 9.176e+05
0.0096228 9.176e+05
0.0096266 9.176e+05
0.0096304 9.176e+05
0.0096342 9.176e+05
0.0096379 9.176e+05
0.0096417 9.176e+05
0.0096455 9.176e+05
0.0096492 9.176e+05
0.009653 9.176e+05
0.0096568 9.176e+05
0.0096605 9.176e+05
0.0096643 9.176e+05
0.0096681 9.176e+05
0.0096718 9.176e+05
0.0096756 9.176e+05
0.0096794 9.176e+05
0.0096832 9.176e+05
0.0096869 9.176e+05
0.0096907 9.176e+05
0.0096945 9.176e+05
0.0096982 9.176e+05
0.009702 9.176e+05
0.0097058 9.176e+05
0.0097095 9.176e+05
0.0097133 9.176e+05
0.0097171 9.176e+05
0.0097208 9.176e+05
0.0097246 9.176e+05
0.0097284 9.176e+05
0.0097322 9.176e+05
0.0097359 9.176e+05
0.0097397 9.176e+05
0.0097435 9.176e+05
0.0097472 9.176e+05
0.009751 9.176e+05
0.0097548 9.176e+05
0.0097585 9.176e+05
0.0097623 9.176e+05
0.0097661 9.176e+05
0.0097698 9.176e+05
0.0097736 9.176e+05
0.0097774 9.176e+05
0.0097812 9.176e+05
0.0097849 9.176e+05
0.0097887 9.176e+05
0.0097925 9.176e+05
0.0097962 9.176e+05
0.0098 9.176e+05
0.0098038 9.176e+05
0.0098075 9.176e+05
0.0098113 9.176e+05
0.0098151 9.176e+05
0.0098188 9.176e+05
0.0098226 9.176e+05
0.0098264 9.176e+05
0.0098302 9.176e+05
0.0098339 9.176e+05
0.0098377 9.176e+05
0.0098415 9.176e+05
0.0098452 9.176e+05
0.009849 9.176e+05
0.0098528 9.176e+05
0.0098565 9.176e+05
0.0098603 9.176e+05
0.0098641 9.176e+05
0.0098678 9.176e+05
0.0098716 9.176e+05
0.0098754 9.176e+05
0.0098792 9.176e+05
0.0098829 9.176e+05
0.0098867 9.176e+05
0.0098905 9.176e+05
0.0098942 9.176e+05
0.009898 9.176e+05
0.0099018 9.176e+05
0.0099055 9.176e+05
0.0099093 9.176e+05
0.0099131 9.176e+05
0.0099168 9.176e+05
0.0099206 9.176e+05
0.0099244 9.176e+05
0.0099282 9.176e+05
0.0099319 9.176e+05
0.0099357 9.176e+05
0.0099395 9.176e+05
0.0099432 9.176e+05
0.009947 9.176e+05
0.0099508 9.176e+05
0.0099545 9.176e+05
0.0099583 9.176e+05
0.0099621 9.176e+05
0.0099658 9.176e+05
0.0099696 9.176e+05
0.0099734 9.176e+05
0.0099772 9.176e+05
0.0099809 9.176e+05
0.0099847 9.176e+05
0.0099885 9.176e+05
0.0099922 9.176e+05
0.009996 9.176e+05
0.0099998 9.176e+05
0.010004 9.176e+05
0.010007 9.176e+05
0.010011 9.176e+05
0.010015 9.176e+05
0.010019 9.176e+05
0.010022 9.176e+05
0.010026 9.176e+05
0.01003 9.176e+05
0.010034 9.176e+05
0.010037 9.176e+05
0.010041 9.176e+05
0.010045 9.176e+05
0.010049 9.176e+05
0.010053 9.176e+05
0.010056 9.176e+05
0.01006 9.176e+05
0.010064 9.176e+05
0.010068 9.176e+05
0.010071 9.176e+05
0.010075 9.176e+05
0.010079 9.176e+05
0.010083 9.176e+05
0.010086 9.176e+05
0.01009 9.176e+05
0.010094 9.176e+05
0.010098 9.176e+05
0.010102 9.176e+05
0.010105 9.176e+05
0.010109 9.176e+05
0.010113 9.176e+05
0.010117 9.176e+05
0.01012 9.176e+05
0.010124 9.176e+05
0.010128 9.176e+05
0.010132 9.176e+05
0.010135 9.176e+05
0.010139 9.176e+05
0.010143 9.176e+05
0.010147 9.176e+05
0.010151 9.176e+05
0.010154 9.176e+05
0.010158 9.176e+05
0.010162 9.176e+05
0.010166 9.176e+05
0.010169 9.176e+05
0.010173 9.176e+05
0.010177 9.176e+05
0.010181 9.176e+05
0.010184 9.176e+05
0.010188 9.176e+05
0.010192 9.176e+05
0.010196 9.176e+05
0.0102 9.176e+05
0.010203 9.176e+05
0.010207 9.176e+05
0.010211 9.176e+05
0.010215 9.176e+05
0.010218 9.176e+05
0.010222 9.176e+05
0.010226 9.176e+05
0.01023 9.176e+05
0.010233 9.176e+05
0.010237 9.176e+05
0.010241 9.176e+05
0.010245 9.176e+05
0.010249 9.176e+05
0.010252 9.176e+05
0.010256 9.176e+05
0.01026 9.176e+05
0.010264 9.176e+05
0.010267 9.176e+05
0.010271 9.176e+05
0.010275 9.176e+05
0.010279 9.176e+05
0.010282 9.176e+05
0.010286 9.176e+05
0.01029 9.176e+05
0.010294 9.176e+05
0.010298 9.176e+05
0.010301 9.176e+05
0.010305 9.176e+05
0.010309 9.176e+05
0.010313 9.176e+05
0.010316 9.176e+05
0.01032 9.176e+05
0.010324 9.176e+05
0.010328 9.176e+05
0.010331 9.176e+05
0.010335 9.176e+05
0.010339 9.176e+05
0.010343 9.176e+05
0.010347 9.176e+05
0.01035 9.176e+05
0.010354 9.176e+05
0.010358 9.176e+05
0.010362 9.176e+05
0.010365 9.176e+05
0.010369 9.176e+05
0.010373 9.176e+05
0.010377 9.176e+05
0.01038 9.176e+05
0.010384 9.176e+05
0.010388 9.176e+05
0.010392 9.176e+05
0.010396 9.176e+05
0.010399 9.176e+05
0.010403 9.176e+05
0.010407 9.176e+05
0.010411 9.176e+05
0.010414 9.176e+05
0.010418 9.176e+05
0.010422 9.176e+05
0.010426 9.176e+05
0.010429 9.176e+05
0.010433 9.176e+05
0.010437 9.176e+05
0.010441 9.176e+05
0.010445 9.176e+05
0.010448 9.176e+05
0.010452 9.176e+05
0.010456 9.176e+05
0.01046 9.176e+05
0.010463 9.176e+05
0.010467 9.176e+05
0.010471 9.176e+05
0.010475 9.176e+05
0.010478 9.176e+05
0.010482 9.176e+05
0.010486 9.176e+05
0.01049 9.176e+05
0.010494 9.176e+05
0.010497 9.176e+05
0.010501 9.176e+05
0.010505 9.176e+05
0.010509 9.176e+05
0.010512 9.176e+05
0.010516 9.176e+05
0.01052 9.176e+05
0.010524 9.176e+05
0.010527 9.176e+05
0.010531 9.176e+05
0.010535 9.176e+05
0.010539 9.176e+05
0.010543 9.176e+05
0.010546 9.176e+05
0.01055 9.176e+05
0.010554 9.176e+05
0.010558 9.176e+05
0.010561 9.176e+05
0.010565 9.176e+05
0.010569 9.176e+05
0.010573 9.176e+05
0.010576 9.176e+05
0.01058 9.176e+05
0.010584 9.176e+05
0.010588 9.176e+05
0.010592 9.176e+05
0.010595 9.176e+05
0.010599 9.176e+05
0.010603 9.176e+05
0.010607 9.176e+05
0.01061 9.176e+05
0.010614 9.176e+05
0.010618 9.176e+05
0.010622 9.176e+05
0.010625 9.176e+05
0.010629 9.176e+05
0.010633 9.176e+05
0.010637 9.176e+05
0.010641 9.176e+05
0.010644 9.176e+05
0.010648 9.176e+05
0.010652 9.176e+05
0.010656 9.176e+05
0.010659 9.176e+05
0.010663 9.176e+05
0.010667 9.176e+05
0.010671 9.176e+05
0.010674 9.176e+05
0.010678 9.176e+05
0.010682 9.176e+05
0.010686 9.176e+05
0.01069 9.176e+05
0.010693 9.176e+05
0.010697 9.176e+05
0.010701 9.176e+05
0.010705 9.176e+05
0.010708 9.176e+05
0.010712 9.176e+05
0.010716 9.176e+05
0.01072 9.176e+05
0.010723 9.176e+05
0.010727 9.176e+05
0.010731 9.176e+05
0.010735 9.176e+05
0.010739 9.176e+05
0.010742 9.176e+05
0.010746 9.176e+05
0.01075 9.176e+05
0.010754 9.176e+05
0.010757 9.176e+05
0.010761 9.176e+05
0.010765 9.176e+05
0.010769 9.176e+05
0.010772 9.176e+05
0.010776 9.176e+05
0.01078 9.176e+05
0.010784 9.176e+05
0.010788 9.176e+05
0.010791 9.176e+05
0.010795 9.176e+05
0.010799 9.176e+05
0.010803 9.176e+05
0.010806 9.176e+05
0.01081 9.176e+05
0.010814 9.176e+05
0.010818 9.176e+05
0.010821 9.176e+05
0.010825 9.176e+05
0.010829 9.176e+05
0.010833 9.176e+05
0.010837 9.176e+05
0.01084 9.176e+05
0.010844 9.176e+05
0.010848 9.176e+05
0.010852 9.176e+05
0.010855 9.176e+05
0.010859 9.176e+05
0.010863 9.176e+05
0.010867 9.176e+05
0.01087 9.176e+05
0.010874 9.176e+05
0.010878 9.176e+05
0.010882 9.176e+05
0.010886 9.176e+05
0.010889 9.176e+05
0.010893 9.176e+05
0.010897 9.176e+05
0.010901 9.176e+05
0.010904 9.176e+05
0.010908 9.176e+05
0.010912 9.176e+05
0.010916 9.176e+05
0.010919 9.176e+05
0.010923 9.176e+05
0.010927 9.176e+05
0.010931 9.176e+05
0.010935 9.176e+05
0.010938 9.176e+05
0.010942 9.176e+05
0.010946 9.176e+05
0.01095 9.176e+05
0.010953 9.176e+05
0.010957 9.176e+05
0.010961 9.176e+05
0.010965 9.176e+05
0.010968 9.176e+05
0.010972 9.176e+05
0.010976 9.176e+05
0.01098 9.176e+05
0.010984 9.176e+05
0.010987 9.176e+05
0.010991 9.176e+05
0.010995 9.176e+05
0.010999 9.176e+05
0.011002 9.176e+05
0.011006 9.176e+05
0.01101 9.176e+05
0.011014 9.176e+05
0.011017 9.176e+05
0.011021 9.176e+05
0.011025 9.176e+05
0.011029 9.176e+05
0.011033 9.176e+05
0.011036 9.176e+05
0.01104 9.176e+05
0.011044 9.176e+05
0.011048 9.176e+05
0.011051 9.176e+05
0.011055 9.176e+05
0.011059 9.176e+05
0.011063 9.176e+05
0.011066 9.176e+05
0.01107 9.176e+05
0.011074 9.176e+05
0.011078 9.176e+05
0.011082 9.176e+05
0.011085 9.176e+05
0.011089 9.176e+05
0.011093 9.176e+05
0.011097 9.176e+05
0.0111 9.176e+05
0.011104 9.176e+05
0.011108 9.176e+05
0.011112 9.176e+05
0.011115 9.176e+05
0.011119 9.176e+05
0.011123 9.176e+05
0.011127 9.176e+05
0.011131 9.176e+05
0.011134 9.176e+05
0.011138 9.176e+05
0.011142 9.176e+05
0.011146 9.176e+05
0.011149 9.176e+05
0.011153 9.176e+05
0.011157 9.176e+05
0.011161 9.176e+05
0.011164 9.176e+05
0.011168 9.176e+05
0.011172 9.176e+05
0.011176 9.176e+05
0.01118 9.176e+05
0.011183 9.176e+05
0.011187 9.176e+05
0.011191 9.176e+05
0.011195 9.176e+05
0.011198 9.176e+05
0.011202 9.176e+05
0.011206 9.176e+05
0.01121 9.176e+05
0.011213 9.176e+05
0.011217 9.176e+05
0.011221 9.176e+05
0.011225 9.176e+05
0.011229 9.176e+05
0.011232 9.176e+05
0.011236 9.176e+05
0.01124 9.176e+05
0.011244 9.176e+05
0.011247 9.176e+05
0.011251 9.176e+05
0.011255 9.176e+05
0.011259 9.176e+05
0.011262 9.176e+05
0.011266 9.176e+05
0.01127 9.176e+05
0.011274 9.176e+05
0.011278 9.176e+05
0.011281 9.176e+05
0.011285 9.176e+05
0.011289 9.176e+05
0.011293 9.176e+05
0.011296 9.176e+05
0.0113 9.176e+05
0.011304 9.176e+05
0.011308 9.176e+05
0.011311 9.176e+05
0.011315 9.176e+05
0.011319 9.176e+05
0.011323 9.176e+05
0.011327 9.176e+05
0.01133 9.176e+05
0.011334 9.176e+05
0.011338 9.176e+05
0.011342 9.176e+05
0.011345 9.176e+05
0.011349 9.176e+05
0.011353 9.176e+05
0.011357 9.176e+05
0.01136 9.176e+05
0.011364 9.176e+05
0.011368 9.176e+05
0.011372 9.176e+05
0.011376 9.176e+05
0.011379 9.176e+05
0.011383 9.176e+05
0.011387 9.176e+05
0.011391 9.176e+05
0.011394 9.176e+05
0.011398 9.176e+05
0.011402 9.176e+05
0.011406 9.176e+05
0.011409 9.176e+05
0.011413 9.176e+05
0.011417 9.176e+05
0.011421 9.176e+05
0.011425 9.176e+05
0.011428 9.176e+05
0.011432 9.176e+05
0.011436 9.176e+05
0.01144 9.176e+05
0.011443 9.176e+05
0.011447 9.176e+05
0.011451 9.176e+05
0.011455 9.176e+05
0.011458 9.176e+05
0.011462 9.176e+05
0.011466 9.176e+05
0.01147 9.176e+05
0.011474 9.176e+05
0.011477 9.176e+05
0.011481 9.176e+05
0.011485 9.176e+05
0.011489 9.176e+05
0.011492 9.176e+05
0.011496 9.176e+05
0.0115 9.176e+05
0.011504 9.176e+05
0.011507 9.176e+05
0.011511 9.176e+05
0.011515 9.176e+05
0.011519 9.176e+05
0.011523 9.176e+05
0.011526 9.176e+05
0.01153 9.176e+05
0.011534 9.176e+05
0.011538 9.176e+05
0.011541 9.176e+05
0.011545 9.176e+05
0.011549 9.176e+05
0.011553 9.176e+05
0.011556 9.176e+05
0.01156 9.176e+05
0.011564 9.176e+05
0.011568 9.176e+05
0.011572 9.176e+05
0.011575 9.176e+05
0.011579 9.176e+05
0.011583 9.176e+05
0.011587 9.176e+05
0.01159 9.176e+05
0.011594 9.176e+05
0.011598 9.176e+05
0.011602 9.176e+05
0.011605 9.176e+05
0.011609 9.176e+05
0.011613 9.176e+05
0.011617 9.176e+05
0.011621 9.176e+05
0.011624 9.176e+05
0.011628 9.176e+05
0.011632 9.176e+05
0.011636 9.176e+05
0.011639 9.176e+05
0.011643 9.176e+05
0.011647 9.176e+05
0.011651 9.176e+05
0.011654 9.176e+05
0.011658 9.176e+05
0.011662 9.176e+05
0.011666 9.176e+05
0.01167 9.176e+05
0.011673 9.176e+05
0.011677 9.176e+05
0.011681 9.176e+05
0.011685 9.176e+05
0.011688 9.176e+05
0.011692 9.176e+05
0.011696 9.176e+05
0.0117 9.176e+05
0.011703 9.176e+05
0.011707 9.176e+05
0.011711 9.176e+05
0.011715 9.176e+05
0.011719 9.176e+05
0.011722 9.176e+05
0.011726 9.176e+05
0.01173 9.176e+05
0.011734 9.176e+05
0.011737 9.176e+05
0.011741 9.176e+05
0.011745 9.176e+05
0.011749 9.176e+05
0.011752 9.176e+05
0.011756 9.176e+05
0.01176 9.176e+05
0.011764 9.176e+05
0.011768 9.176e+05
0.011771 9.176e+05
0.011775 9.176e+05
0.011779 9.176e+05
0.011783 9.176e+05
0.011786 9.176e+05
0.01179 9.176e+05
0.011794 9.176e+05
0.011798 9.176e+05
0.011801 9.176e+05
0.011805 9.176e+05
0.011809 9.176e+05
0.011813 9.176e+05
0.011817 9.176e+05
0.01182 9.176e+05
0.011824 9.176e+05
0.011828 9.176e+05
0.011832 9.176e+05
0.011835 9.176e+05
0.011839 9.176e+05
0.011843 9.176e+05
0.011847 9.176e+05
0.01185 9.176e+05
0.011854 9.176e+05
0.011858 9.176e+05
0.011862 9.176e+05
0.011866 9.176e+05
0.011869 9.176e+05
0.011873 9.176e+05
0.011877 9.176e+05
0.011881 9.176e+05
0.011884 9.176e+05
0.011888 9.176e+05
0.011892 9.176e+05
0.011896 9.176e+05
0.011899 9.176e+05
0.011903 9.176e+05
0.011907 9.176e+05
0.011911 9.176e+05
0.011915 9.176e+05
0.011918 9.176e+05
0.011922 9.176e+05
0.011926 9.176e+05
0.01193 9.176e+05
0.011933 9.176e+05
0.011937 9.176e+05
0.011941 9.176e+05
0.011945 9.176e+05
0.011948 9.176e+05
0.011952 9.176e+05
0.011956 9.176e+05
0.01196 9.176e+05
0.011964 9.176e+05
0.011967 9.176e+05
0.011971 9.176e+05
0.011975 9.176e+05
0.011979 9.176e+05
0.011982 9.176e+05
0.011986 9.176e+05
0.01199 9.176e+05
0.011994 9.176e+05
0.011997 9.176e+05
0.012001 9.176e+05
0.012005 9.176e+05
0.012009 9.176e+05
0.012013 9.176e+05
0.012016 9.176e+05
0.01202 9.176e+05
0.012024 9.176e+05
0.012028 9.176e+05
0.012031 9.176e+05
0.012035 9.176e+05
0.012039 9.176e+05
0.012043 9.176e+05
0.012046 9.176e+05
0.01205 9.176e+05
0.012054 9.176e+05
0.012058 9.176e+05
0.012062 9.176e+05
0.012065 9.176e+05
0.012069 9.176e+05
0.012073 9.176e+05
0.012077 9.176e+05
0.01208 9.176e+05
0.012084 9.176e+05
0.012088 9.176e+05
0.012092 9.176e+05
0.012095 9.176e+05
0.012099 9.176e+05
0.012103 9.176e+05
0.012107 9.176e+05
0.012111 9.176e+05
0.012114 9.176e+05
0.012118 9.176e+05
0.012122 9.176e+05
0.012126 9.176e+05
0.012129 9.176e+05
0.012133 9.176e+05
0.012137 9.176e+05
0.012141 9.176e+05
0.012144 9.176e+05
0.012148 9.176e+05
0.012152 9.176e+05
0.012156 9.176e+05
0.01216 9.176e+05
0.012163 9.176e+05
0.012167 9.176e+05
0.012171 9.176e+05
0.012175 9.176e+05
0.012178 9.176e+05
0.012182 9.176e+05
0.012186 9.176e+05
0.01219 9.176e+05
0.012193 9.176e+05
0.012197 9.176e+05
0.012201 9.176e+05
0.012205 9.176e+05
0.012209 9.176e+05
0.012212 9.176e+05
0.012216 9.176e+05
0.01222 9.176e+05
0.012224 9.176e+05
0.012227 9.176e+05
0.012231 9.176e+05
0.012235 9.176e+05
0.012239 9.176e+05
0.012242 9.176e+05
0.012246 9.176e+05
0.01225 9.176e+05
0.012254 9.176e+05
0.012258 9.176e+05
0.012261 9.176e+05
0.012265 9.176e+05
0.012269 9.176e+05
0.012273 9.176e+05
0.012276 9.176e+05
0.01228 9.176e+05
0.012284 9.176e+05
0.012288 9.176e+05
0.012291 9.176e+05
0.012295 9.176e+05
0.012299 9.176e+05
0.012303 9.176e+05
0.012307 9.176e+05
0.01231 9.176e+05
0.012314 9.176e+05
0.012318 9.176e+05
0.012322 9.176e+05
0.012325 9.176e+05
0.012329 9.176e+05
0.012333 9.176e+05
0.012337 9.176e+05
0.01234 9.176e+05
0.012344 9.176e+05
0.012348 9.176e+05
0.012352 9.176e+05
0.012356 9.176e+05
0.012359 9.176e+05
0.012363 9.176e+05
0.012367 9.176e+05
0.012371 9.176e+05
0.012374 9.176e+05
0.012378 9.176e+05
0.012382 9.176e+05
0.012386 9.176e+05
0.012389 9.176e+05
0.012393 9.176e+05
0.012397 9.176e+05
0.012401 9.176e+05
0.012405 9.176e+05
0.012408 9.176e+05
0.012412 9.176e+05
0.012416 9.176e+05
0.01242 9.176e+05
0.012423 9.176e+05
0.012427 9.176e+05
0.012431 9.176e+05
0.012435 9.176e+05
0.012438 9.176e+05
0.012442 9.176e+05
0.012446 9.176e+05
0.01245 9.176e+05
0.012454 9.176e+05
0.012457 9.176e+05
0.012461 9.176e+05
0.012465 9.176e+05
0.012469 9.176e+05
0.012472 9.176e+05
0.012476 9.176e+05
0.01248 9.176e+05
0.012484 9.176e+05
0.012487 9.176e+05
0.012491 9.176e+05
0.012495 9.176e+05
0.012499 9.176e+05
0.012503 9.176e+05
0.012506 9.176e+05
0.01251 9.176e+05
0.012514 9.176e+05
0.012518 9.176e+05
0.012521 9.176e+05
0.012525 9.176e+05
0.012529 9.176e+05
0.012533 9.176e+05
0.012536 9.176e+05
0.01254 9.176e+05
0.012544 9.176e+05
0.012548 9.176e+05
0.012552 9.176e+05
0.012555 9.176e+05
0.012559 9.176e+05
0.012563 9.176e+05
0.012567 9.176e+05
0.01257 9.176e+05
0.012574 9.176e+05
0.012578 9.176e+05
0.012582 9.176e+05
0.012585 9.176e+05
0.012589 9.176e+05
0.012593 9.176e+05
0.012597 9.176e+05
0.012601 9.176e+05
0.012604 9.176e+05
0.012608 9.176e+05
0.012612 9.176e+05
0.012616 9.176e+05
0.012619 9.176e+05
0.012623 9.176e+05
0.012627 9.176e+05
0.012631 9.176e+05
0.012634 9.176e+05
0.012638 9.176e+05
0.012642 9.176e+05
0.012646 9.176e+05
0.01265 9.176e+05
0.012653 9.176e+05
0.012657 9.176e+05
0.012661 9.176e+05
0.012665 9.176e+05
0.012668 9.176e+05
0.012672 9.176e+05
0.012676 9.176e+05
0.01268 9.176e+05
0.012683 9.176e+05
0.012687 9.176e+05
0.012691 9.176e+05
0.012695 9.176e+05
0.012699 9.176e+05
0.012702 9.176e+05
0.012706 9.176e+05
0.01271 9.176e+05
0.012714 9.176e+05
0.012717 9.176e+05
0.012721 9.176e+05
0.012725 9.176e+05
0.012729 9.176e+05
0.012732 9.176e+05
0.012736 9.176e+05
0.01274 9.176e+05
0.012744 9.176e+05
0.012748 9.176e+05
0.012751 9.176e+05
0.012755 9.176e+05
0.012759 9.176e+05
0.012763 9.176e+05
0.012766 9.176e+05
0.01277 9.176e+05
0.012774 9.176e+05
0.012778 9.176e+05
0.012781 9.176e+05
0.012785 9.176e+05
0.012789 9.176e+05
0.012793 9.176e+05
0.012797 9.176e+05
0.0128 9.176e+05
0.012804 9.176e+05
0.012808 9.176e+05
0.012812 9.176e+05
0.012815 9.176e+05
0.012819 9.176e+05
0.012823 9.176e+05
0.012827 9.176e+05
0.01283 9.176e+05
0.012834 9.176e+05
0.012838 9.176e+05
0.012842 9.176e+05
0.012846 9.176e+05
0.012849 9.176e+05
0.012853 9.176e+05
0.012857 9.176e+05
0.012861 9.176e+05
0.012864 9.176e+05
0.012868 9.176e+05
0.012872 9.176e+05
0.012876 9.176e+05
0.012879 9.176e+05
0.012883 9.176e+05
0.012887 9.176e+05
0.012891 9.176e+05
0.012895 9.176e+05
0.012898 9.176e+05
0.012902 9.176e+05
0.012906 9.176e+05
0.01291 9.176e+05
0.012913 9.176e+05
0.012917 9.176e+05
0.012921 9.176e+05
0.012925 9.176e+05
0.012928 9.176e+05
0.012932 9.176e+05
0.012936 9.176e+05
0.01294 9.176e+05
0.012944 9.176e+05
0.012947 9.176e+05
0.012951 9.176e+05
0.012955 9.176e+05
0.012959 9.176e+05
0.012962 9.176e+05
0.012966 9.176e+05
0.01297 9.176e+05
0.012974 9.176e+05
0.012977 9.176e+05
0.012981 9.176e+05
0.012985 9.176e+05
0.012989 9.176e+05
0.012993 9.176e+05
0.012996 9.176e+05
0.013 9.176e+05
0.013004 9.176e+05
0.013008 9.176e+05
0.013011 9.176e+05
0.013015 9.176e+05
0.013019 9.176e+05
0.013023 9.176e+05
0.013026 9.176e+05
0.01303 9.176e+05
0.013034 9.176e+05
0.013038 9.176e+05
0.013042 9.176e+05
0.013045 9.176e+05
0.013049 9.176e+05
0.013053 9.176e+05
0.013057 9.176e+05
0.01306 9.176e+05
0.013064 9.176e+05
0.013068 9.176e+05
0.013072 9.176e+05
0.013075 9.176e+05
0.013079 9.176e+05
0.013083 9.176e+05
0.013087 9.176e+05
0.013091 9.176e+05
0.013094 9.176e+05
0.013098 9.176e+05
0.013102 9.176e+05
0.013106 9.176e+05
0.013109 9.176e+05
0.013113 9.176e+05
0.013117 9.176e+05
0.013121 9.176e+05
0.013124 9.176e+05
0.013128 9.176e+05
0.013132 9.176e+05
0.013136 9.176e+05
0.01314 9.176e+05
0.013143 9.176e+05
0.013147 9.176e+05
0.013151 9.176e+05
0.013155 9.176e+05
0.013158 9.176e+05
0.013162 9.176e+05
0.013166 9.176e+05
0.01317 9.176e+05
0.013173 9.176e+05
0.013177 9.176e+05
0.013181 9.176e+05
0.013185 9.176e+05
0.013189 9.176e+05
0.013192 9.176e+05
1 9.176e+05
