3.7692e-06 1.1509e+07
7.5385e-06 1.1509e+07
1.1308e-05 1.1509e+07
1.5077e-05 1.1509e+07
1.8846e-05 1.1509e+07
2.2615e-05 1.1509e+07
2.6385e-05 1.1509e+07
3.0154e-05 1.1508e+07
3.3923e-05 1.1508e+07
3.7692e-05 1.1508e+07
4.1462e-05 1.1508e+07
4.5231e-05 1.1507e+07
4.9e-05 1.1506e+07
5.2769e-05 1.1505e+07
5.6538e-05 1.1504e+07
6.0308e-05 1.1501e+07
6.4077e-05 1.1498e+07
6.7846e-05 1.1492e+07
7.1615e-05 1.1485e+07
7.5385e-05 1.1475e+07
7.9154e-05 1.146e+07
8.2923e-05 1.1441e+07
8.6692e-05 1.1414e+07
9.0462e-05 1.1378e+07
9.4231e-05 1.133e+07
9.8e-05 1.1267e+07
0.00010177 1.1184e+07
0.00010554 1.1078e+07
0.00010931 1.0944e+07
0.00011308 1.0776e+07
0.00011685 1.0568e+07
0.00012062 1.0314e+07
0.00012438 1.001e+07
0.00012815 9.6515e+06
0.00013192 9.2351e+06
0.00013569 8.7608e+06
0.00013946 8.2307e+06
0.00014323 7.6503e+06
0.000147 7.0283e+06
0.00015077 6.3763e+06
0.00015454 5.7085e+06
0.00015831 5.0405e+06
0.00016208 4.3884e+06
0.00016585 3.7671e+06
0.00016962 3.1894e+06
0.00017338 2.6648e+06
0.00017715 2.1995e+06
0.00018092 1.7956e+06
0.00018469 1.4523e+06
0.00018846 1.166e+06
0.00019223 9.3133e+05
0.000196 7.4175e+05
0.00019977 5.9057e+05
0.00020354 4.7125e+05
0.00020731 3.7783e+05
0.00021108 3.0514e+05
0.00021485 2.4879e+05
0.00021862 2.0522e+05
0.00022238 1.7156e+05
0.00022615 1.4558e+05
0.00022992 1.2553e+05
0.00023369 1.1008e+05
0.00023746 98219
0.00024123 89178
0.000245 82380
0.00024877 77390
0.00025254 73885
0.00025631 71626
0.00026008 70435
0.00026385 70184
0.00026762 70782
0.00027138 72168
0.00027515 74304
0.00027892 77170
0.00028269 80762
0.00028646 85089
0.00029023 90171
0.000294 96038
0.00029777 1.0273e+05
0.00030154 1.103e+05
0.00030531 1.1881e+05
0.00030908 1.2831e+05
0.00031285 1.389e+05
0.00031662 1.5065e+05
0.00032038 1.6367e+05
0.00032415 1.7806e+05
0.00032792 1.9393e+05
0.00033169 2.1142e+05
0.00033546 2.3065e+05
0.00033923 2.5178e+05
0.000343 2.7496e+05
0.00034677 3.0037e+05
0.00035054 3.2817e+05
0.00035431 3.5855e+05
0.00035808 3.9172e+05
0.00036185 4.2786e+05
0.00036562 4.672e+05
0.00036938 5.0994e+05
0.00037315 5.5631e+05
0.00037692 6.0653e+05
0.00038069 6.6082e+05
0.00038446 7.1942e+05
0.00038823 7.8254e+05
0.000392 8.5041e+05
0.00039577 9.2323e+05
0.00039954 1.0012e+06
0.00040331 1.0845e+06
0.00040708 1.1734e+06
0.00041085 1.2679e+06
0.00041462 1.3683e+06
0.00041838 1.4746e+06
0.00042215 1.587e+06
0.00042592 1.7054e+06
0.00042969 1.83e+06
0.00043346 1.9607e+06
0.00043723 2.0976e+06
0.000441 2.2405e+06
0.00044477 2.3894e+06
0.00044854 2.5441e+06
0.00045231 2.7045e+06
0.00045608 2.8704e+06
0.00045985 3.0415e+06
0.00046362 3.2176e+06
0.00046738 3.3984e+06
0.00047115 3.5835e+06
0.00047492 3.7726e+06
0.00047869 3.9653e+06
0.00048246 4.1612e+06
0.00048623 4.3599e+06
0.00049 4.5609e+06
0.00049377 4.7639e+06
0.00049754 4.9682e+06
0.00050131 5.1736e+06
0.00050508 5.3795e+06
0.00050885 5.5854e+06
0.00051262 5.7909e+06
0.00051638 5.9956e+06
0.00052015 6.199e+06
0.00052392 6.4007e+06
0.00052769 6.6003e+06
0.00053146 6.7974e+06
0.00053523 6.9917e+06
0.000539 7.1827e+06
0.00054277 7.3703e+06
0.00054654 7.5541e+06
0.00055031 7.7339e+06
0.00055408 7.9094e+06
0.00055785 8.0804e+06
0.00056162 8.2467e+06
0.00056538 8.4082e+06
0.00056915 8.5648e+06
0.00057292 8.7164e+06
0.00057669 8.8628e+06
0.00058046 9.0041e+06
0.00058423 9.1401e+06
0.000588 9.271e+06
0.00059177 9.3967e+06
0.00059554 9.5172e+06
0.00059931 9.6326e+06
0.00060308 9.743e+06
0.00060685 9.8484e+06
0.00061062 9.9489e+06
0.00061438 1.0045e+07
0.00061815 1.0136e+07
0.00062192 1.0222e+07
0.00062569 1.0304e+07
0.00062946 1.0382e+07
0.00063323 1.0456e+07
0.000637 1.0526e+07
0.00064077 1.0591e+07
0.00064454 1.0654e+07
0.00064831 1.0712e+07
0.00065208 1.0767e+07
0.00065585 1.0819e+07
0.00065962 1.0868e+07
0.00066338 1.0913e+07
0.00066715 1.0956e+07
0.00067092 1.0996e+07
0.00067469 1.1034e+07
0.00067846 1.1069e+07
0.00068223 1.1102e+07
0.000686 1.1133e+07
0.00068977 1.1161e+07
0.00069354 1.1188e+07
0.00069731 1.1213e+07
0.00070108 1.1236e+07
0.00070485 1.1257e+07
0.00070862 1.1277e+07
0.00071238 1.1296e+07
0.00071615 1.1313e+07
0.00071992 1.1329e+07
0.00072369 1.1344e+07
0.00072746 1.1357e+07
0.00073123 1.137e+07
0.000735 1.1381e+07
0.00073877 1.1392e+07
0.00074254 1.1402e+07
0.00074631 1.1411e+07
0.00075008 1.142e+07
0.00075385 1.1427e+07
0.00075762 1.1434e+07
0.00076138 1.1441e+07
0.00076515 1.1447e+07
0.00076892 1.1452e+07
0.00077269 1.1457e+07
0.00077646 1.1462e+07
0.00078023 1.1466e+07
0.000784 1.147e+07
0.00078777 1.1474e+07
0.00079154 1.1477e+07
0.00079531 1.148e+07
0.00079908 1.1483e+07
0.00080285 1.1485e+07
0.00080662 1.1487e+07
0.00081038 1.1489e+07
0.00081415 1.1491e+07
0.00081792 1.1493e+07
0.00082169 1.1494e+07
0.00082546 1.1496e+07
0.00082923 1.1497e+07
0.000833 1.1498e+07
0.00083677 1.1499e+07
0.00084054 1.15e+07
0.00084431 1.1501e+07
0.00084808 1.1502e+07
0.00085185 1.1502e+07
0.00085562 1.1503e+07
0.00085938 1.1504e+07
0.00086315 1.1504e+07
0.00086692 1.1505e+07
0.00087069 1.1505e+07
0.00087446 1.1505e+07
0.00087823 1.1506e+07
0.000882 1.1506e+07
0.00088577 1.1506e+07
0.00088954 1.1507e+07
0.00089331 1.1507e+07
0.00089708 1.1507e+07
0.00090085 1.1507e+07
0.00090462 1.1507e+07
0.00090838 1.1508e+07
0.00091215 1.1508e+07
0.00091592 1.1508e+07
0.00091969 1.1508e+07
0.00092346 1.1508e+07
0.00092723 1.1508e+07
0.000931 1.1508e+07
0.00093477 1.1508e+07
0.00093854 1.1508e+07
0.00094231 1.1508e+07
0.00094608 1.1508e+07
0.00094985 1.1508e+07
0.00095362 1.1508e+07
0.00095738 1.1508e+07
0.00096115 1.1508e+07
0.00096492 1.1508e+07
0.00096869 1.1509e+07
0.00097246 1.1509e+07
0.00097623 1.1509e+07
0.00098 1.1509e+07
0.00098377 1.1509e+07
0.00098754 1.1509e+07
0.00099131 1.1509e+07
0.00099508 1.1509e+07
0.00099885 1.1509e+07
0.0010026 1.1509e+07
0.0010064 1.1509e+07
0.0010102 1.1509e+07
0.0010139 1.1509e+07
0.0010177 1.1509e+07
0.0010215 1.1509e+07
0.0010252 1.1509e+07
0.001029 1.1509e+07
0.0010328 1.1509e+07
0.0010365 1.1509e+07
0.0010403 1.1509e+07
0.0010441 1.1509e+07
0.0010478 1.1509e+07
0.0010516 1.1509e+07
0.0010554 1.1509e+07
0.0010592 1.1509e+07
0.0010629 1.1509e+07
0.0010667 1.1509e+07
0.0010705 1.1509e+07
0.0010742 1.1509e+07
0.001078 1.1509e+07
0.0010818 1.1509e+07
0.0010855 1.1509e+07
0.0010893 1.1509e+07
0.0010931 1.1509e+07
0.0010968 1.1509e+07
0.0011006 1.1509e+07
0.0011044 1.1509e+07
0.0011082 1.1509e+07
0.0011119 1.1509e+07
0.0011157 1.1509e+07
0.0011195 1.1509e+07
0.0011232 1.1509e+07
0.001127 1.1509e+07
0.0011308 1.1509e+07
0.0011345 1.1509e+07
0.0011383 1.1509e+07
0.0011421 1.1509e+07
0.0011458 1.1509e+07
0.0011496 1.1509e+07
0.0011534 1.1509e+07
0.0011572 1.1509e+07
0.0011609 1.1509e+07
0.0011647 1.1509e+07
0.0011685 1.1509e+07
0.0011722 1.1509e+07
0.001176 1.1509e+07
0.0011798 1.1509e+07
0.0011835 1.1509e+07
0.0011873 1.1509e+07
0.0011911 1.1509e+07
0.0011948 1.1509e+07
0.0011986 1.1509e+07
0.0012024 1.1509e+07
0.0012062 1.1509e+07
0.0012099 1.1509e+07
0.0012137 1.1509e+07
0.0012175 1.1509e+07
0.0012212 1.1509e+07
0.001225 1.1509e+07
0.0012288 1.1509e+07
0.0012325 1.1509e+07
0.0012363 1.1509e+07
0.0012401 1.1509e+07
0.0012438 1.1509e+07
0.0012476 1.1509e+07
0.0012514 1.1509e+07
0.0012552 1.1509e+07
0.0012589 1.1509e+07
0.0012627 1.1509e+07
0.0012665 1.1509e+07
0.0012702 1.1509e+07
0.001274 1.1509e+07
0.0012778 1.1509e+07
0.0012815 1.1509e+07
0.0012853 1.1509e+07
0.0012891 1.1509e+07
0.0012928 1.1509e+07
0.0012966 1.1509e+07
0.0013004 1.1509e+07
0.0013042 1.1509e+07
0.0013079 1.1509e+07
0.0013117 1.1509e+07
0.0013155 1.1509e+07
0.0013192 1.1509e+07
0.001323 1.1509e+07
0.0013268 1.1509e+07
0.0013305 1.1509e+07
0.0013343 1.1509e+07
0.0013381 1.1509e+07
0.0013418 1.1509e+07
0.0013456 1.1509e+07
0.0013494 1.1509e+07
0.0013532 1.1509e+07
0.0013569 1.1509e+07
0.0013607 1.1509e+07
0.0013645 1.1509e+07
0.0013682 1.1509e+07
0.001372 1.1509e+07
0.0013758 1.1509e+07
0.0013795 1.1509e+07
0.0013833 1.1509e+07
0.0013871 1.1509e+07
0.0013908 1.1509e+07
0.0013946 1.1509e+07
0.0013984 1.1509e+07
0.0014022 1.1509e+07
0.0014059 1.1509e+07
0.0014097 1.1509e+07
0.0014135 1.1509e+07
0.0014172 1.1509e+07
0.001421 1.1509e+07
0.0014248 1.1509e+07
0.0014285 1.1509e+07
0.0014323 1.1509e+07
0.0014361 1.1509e+07
0.0014398 1.1509e+07
0.0014436 1.1509e+07
0.0014474 1.1509e+07
0.0014512 1.1509e+07
0.0014549 1.1509e+07
0.0014587 1.1509e+07
0.0014625 1.1509e+07
0.0014662 1.1509e+07
0.00147 1.1509e+07
0.0014738 1.1509e+07
0.0014775 1.1509e+07
0.0014813 1.1509e+07
0.0014851 1.1509e+07
0.0014888 1.1509e+07
0.0014926 1.1509e+07
0.0014964 1.1509e+07
0.0015002 1.1509e+07
0.0015039 1.1509e+07
0.0015077 1.1509e+07
0.0015115 1.1509e+07
0.0015152 1.1509e+07
0.001519 1.1509e+07
0.0015228 1.1509e+07
0.0015265 1.1509e+07
0.0015303 1.1509e+07
0.0015341 1.1509e+07
0.0015378 1.1509e+07
0.0015416 1.1509e+07
0.0015454 1.1509e+07
0.0015492 1.1509e+07
0.0015529 1.1509e+07
0.0015567 1.1509e+07
0.0015605 1.1509e+07
0.0015642 1.1509e+07
0.001568 1.1509e+07
0.0015718 1.1509e+07
0.0015755 1.1509e+07
0.0015793 1.1509e+07
0.0015831 1.1509e+07
0.0015868 1.1509e+07
0.0015906 1.1509e+07
0.0015944 1.1509e+07
0.0015982 1.1509e+07
0.0016019 1.1509e+07
0.0016057 1.1509e+07
0.0016095 1.1509e+07
0.0016132 1.1509e+07
0.001617 1.1509e+07
0.0016208 1.1509e+07
0.0016245 1.1509e+07
0.0016283 1.1509e+07
0.0016321 1.1509e+07
0.0016358 1.1509e+07
0.0016396 1.1509e+07
0.0016434 1.1509e+07
0.0016472 1.1509e+07
0.0016509 1.1509e+07
0.0016547 1.1509e+07
0.0016585 1.1509e+07
0.0016622 1.1509e+07
0.001666 1.1509e+07
0.0016698 1.1509e+07
0.0016735 1.1509e+07
0.0016773 1.1509e+07
0.0016811 1.1509e+07
0.0016848 1.1509e+07
0.0016886 1.1509e+07
0.0016924 1.1509e+07
0.0016962 1.1509e+07
0.0016999 1.1509e+07
0.0017037 1.1509e+07
0.0017075 1.1509e+07
0.0017112 1.1509e+07
0.001715 1.1509e+07
0.0017188 1.1509e+07
0.0017225 1.1509e+07
0.0017263 1.1509e+07
0.0017301 1.1509e+07
0.0017338 1.1509e+07
0.0017376 1.1509e+07
0.0017414 1.1509e+07
0.0017452 1.1509e+07
0.0017489 1.1509e+07
0.0017527 1.1509e+07
0.0017565 1.1509e+07
0.0017602 1.1509e+07
0.001764 1.1509e+07
0.0017678 1.1509e+07
0.0017715 1.1509e+07
0.0017753 1.1509e+07
0.0017791 1.1509e+07
0.0017828 1.1509e+07
0.0017866 1.1509e+07
0.0017904 1.1509e+07
0.0017942 1.1509e+07
0.0017979 1.1509e+07
0.0018017 1.1509e+07
0.0018055 1.1509e+07
0.0018092 1.1509e+07
0.001813 1.1509e+07
0.0018168 1.1509e+07
0.0018205 1.1509e+07
0.0018243 1.1509e+07
0.0018281 1.1509e+07
0.0018318 1.1509e+07
0.0018356 1.1509e+07
0.0018394 1.1509e+07
0.0018432 1.1509e+07
0.0018469 1.1509e+07
0.0018507 1.1509e+07
0.0018545 1.1509e+07
0.0018582 1.1509e+07
0.001862 1.1509e+07
0.0018658 1.1509e+07
0.0018695 1.1509e+07
0.0018733 1.1509e+07
0.0018771 1.1509e+07
0.0018808 1.1509e+07
0.0018846 1.1509e+07
0.0018884 1.1509e+07
0.0018922 1.1509e+07
0.0018959 1.1509e+07
0.0018997 1.1509e+07
0.0019035 1.1509e+07
0.0019072 1.1509e+07
0.001911 1.1509e+07
0.0019148 1.1509e+07
0.0019185 1.1509e+07
0.0019223 1.1509e+07
0.0019261 1.1509e+07
0.0019298 1.1509e+07
0.0019336 1.1509e+07
0.0019374 1.1509e+07
0.0019412 1.1509e+07
0.0019449 1.1509e+07
0.0019487 1.1509e+07
0.0019525 1.1509e+07
0.0019562 1.1509e+07
0.00196 1.1509e+07
0.0019638 1.1509e+07
0.0019675 1.1509e+07
0.0019713 1.1509e+07
0.0019751 1.1509e+07
0.0019788 1.1509e+07
0.0019826 1.1509e+07
0.0019864 1.1509e+07
0.0019902 1.1509e+07
0.0019939 1.1509e+07
0.0019977 1.1509e+07
0.0020015 1.1509e+07
0.0020052 1.1509e+07
0.002009 1.1509e+07
0.0020128 1.1509e+07
0.0020165 1.1509e+07
0.0020203 1.1509e+07
0.0020241 1.1509e+07
0.0020278 1.1509e+07
0.0020316 1.1509e+07
0.0020354 1.1509e+07
0.0020392 1.1509e+07
0.0020429 1.1509e+07
0.0020467 1.1509e+07
0.0020505 1.1509e+07
0.0020542 1.1509e+07
0.002058 1.1509e+07
0.0020618 1.1509e+07
0.0020655 1.1509e+07
0.0020693 1.1509e+07
0.0020731 1.1509e+07
0.0020768 1.1509e+07
0.0020806 1.1509e+07
0.0020844 1.1509e+07
0.0020882 1.1509e+07
0.0020919 1.1509e+07
0.0020957 1.1509e+07
0.0020995 1.1509e+07
0.0021032 1.1509e+07
0.002107 1.1509e+07
0.0021108 1.1509e+07
0.0021145 1.1509e+07
0.0021183 1.1509e+07
0.0021221 1.1509e+07
0.0021258 1.1509e+07
0.0021296 1.1509e+07
0.0021334 1.1509e+07
0.0021372 1.1509e+07
0.0021409 1.1509e+07
0.0021447 1.1509e+07
0.0021485 1.1509e+07
0.0021522 1.1509e+07
0.002156 1.1509e+07
0.0021598 1.1509e+07
0.0021635 1.1509e+07
0.0021673 1.1509e+07
0.0021711 1.1509e+07
0.0021748 1.1509e+07
0.0021786 1.1509e+07
0.0021824 1.1509e+07
0.0021862 1.1509e+07
0.0021899 1.1509e+07
0.0021937 1.1509e+07
0.0021975 1.1509e+07
0.0022012 1.1509e+07
0.002205 1.1509e+07
0.0022088 1.1509e+07
0.0022125 1.1509e+07
0.0022163 1.1509e+07
0.0022201 1.1509e+07
0.0022238 1.1509e+07
0.0022276 1.1509e+07
0.0022314 1.1509e+07
0.0022352 1.1509e+07
0.0022389 1.1509e+07
0.0022427 1.1509e+07
0.0022465 1.1509e+07
0.0022502 1.1509e+07
0.002254 1.1509e+07
0.0022578 1.1509e+07
0.0022615 1.1509e+07
0.0022653 1.1509e+07
0.0022691 1.1509e+07
0.0022728 1.1509e+07
0.0022766 1.1509e+07
0.0022804 1.1509e+07
0.0022842 1.1509e+07
0.0022879 1.1509e+07
0.0022917 1.1509e+07
0.0022955 1.1509e+07
0.0022992 1.1509e+07
0.002303 1.1509e+07
0.0023068 1.1509e+07
0.0023105 1.1509e+07
0.0023143 1.1509e+07
0.0023181 1.1509e+07
0.0023218 1.1509e+07
0.0023256 1.1509e+07
0.0023294 1.1509e+07
0.0023332 1.1509e+07
0.0023369 1.1509e+07
0.0023407 1.1509e+07
0.0023445 1.1509e+07
0.0023482 1.1509e+07
0.002352 1.1509e+07
0.0023558 1.1509e+07
0.0023595 1.1509e+07
0.0023633 1.1509e+07
0.0023671 1.1509e+07
0.0023708 1.1509e+07
0.0023746 1.1509e+07
0.0023784 1.1509e+07
0.0023822 1.1509e+07
0.0023859 1.1509e+07
0.0023897 1.1509e+07
0.0023935 1.1509e+07
0.0023972 1.1509e+07
0.002401 1.1509e+07
0.0024048 1.1509e+07
0.0024085 1.1509e+07
0.0024123 1.1509e+07
0.0024161 1.1509e+07
0.0024198 1.1509e+07
0.0024236 1.1509e+07
0.0024274 1.1509e+07
0.0024312 1.1509e+07
0.0024349 1.1509e+07
0.0024387 1.1509e+07
0.0024425 1.1509e+07
0.0024462 1.1509e+07
0.00245 1.1509e+07
0.0024538 1.1509e+07
0.0024575 1.1509e+07
0.0024613 1.1509e+07
0.0024651 1.1509e+07
0.0024688 1.1509e+07
0.0024726 1.1509e+07
0.0024764 1.1509e+07
0.0024802 1.1509e+07
0.0024839 1.1509e+07
0.0024877 1.1509e+07
0.0024915 1.1509e+07
0.0024952 1.1509e+07
0.002499 1.1509e+07
0.0025028 1.1509e+07
0.0025065 1.1509e+07
0.0025103 1.1509e+07
0.0025141 1.1509e+07
0.0025178 1.1509e+07
0.0025216 1.1509e+07
0.0025254 1.1509e+07
0.0025292 1.1509e+07
0.0025329 1.1509e+07
0.0025367 1.1509e+07
0.0025405 1.1509e+07
0.0025442 1.1509e+07
0.002548 1.1509e+07
0.0025518 1.1509e+07
0.0025555 1.1509e+07
0.0025593 1.1509e+07
0.0025631 1.1509e+07
0.0025668 1.1509e+07
0.0025706 1.1509e+07
0.0025744 1.1509e+07
0.0025782 1.1509e+07
0.0025819 1.1509e+07
0.0025857 1.1509e+07
0.0025895 1.1509e+07
0.0025932 1.1509e+07
0.002597 1.1509e+07
0.0026008 1.1509e+07
0.0026045 1.1509e+07
0.0026083 1.1509e+07
0.0026121 1.1509e+07
0.0026158 1.1509e+07
0.0026196 1.1509e+07
0.0026234 1.1509e+07
0.0026272 1.1509e+07
0.0026309 1.1509e+07
0.0026347 1.1509e+07
0.0026385 1.1509e+07
0.0026422 1.1509e+07
0.002646 1.1509e+07
0.0026498 1.1509e+07
0.0026535 1.1509e+07
0.0026573 1.1509e+07
0.0026611 1.1509e+07
0.0026648 1.1509e+07
0.0026686 1.1509e+07
0.0026724 1.1509e+07
0.0026762 1.1509e+07
0.0026799 1.1509e+07
0.0026837 1.1509e+07
0.0026875 1.1509e+07
0.0026912 1.1509e+07
0.002695 1.1509e+07
0.0026988 1.1509e+07
0.0027025 1.1509e+07
0.0027063 1.1509e+07
0.0027101 1.1509e+07
0.0027138 1.1509e+07
0.0027176 1.1509e+07
0.0027214 1.1509e+07
0.0027252 1.1509e+07
0.0027289 1.1509e+07
0.0027327 1.1509e+07
0.0027365 1.1509e+07
0.0027402 1.1509e+07
0.002744 1.1509e+07
0.0027478 1.1509e+07
0.0027515 1.1509e+07
0.0027553 1.1509e+07
0.0027591 1.1509e+07
0.0027628 1.1509e+07
0.0027666 1.1509e+07
0.0027704 1.1509e+07
0.0027742 1.1509e+07
0.0027779 1.1509e+07
0.0027817 1.1509e+07
0.0027855 1.1509e+07
0.0027892 1.1509e+07
0.002793 1.1509e+07
0.0027968 1.1509e+07
0.0028005 1.1509e+07
0.0028043 1.1509e+07
0.0028081 1.1509e+07
0.0028118 1.1509e+07
0.0028156 1.1509e+07
0.0028194 1.1509e+07
0.0028232 1.1509e+07
0.0028269 1.1509e+07
0.0028307 1.1509e+07
0.0028345 1.1509e+07
0.0028382 1.1509e+07
0.002842 1.1509e+07
0.0028458 1.1509e+07
0.0028495 1.1509e+07
0.0028533 1.1509e+07
0.0028571 1.1509e+07
0.0028608 1.1509e+07
0.0028646 1.1509e+07
0.0028684 1.1509e+07
0.0028722 1.1509e+07
0.0028759 1.1509e+07
0.0028797 1.1509e+07
0.0028835 1.1509e+07
0.0028872 1.1509e+07
0.002891 1.1509e+07
0.0028948 1.1509e+07
0.0028985 1.1509e+07
0.0029023 1.1509e+07
0.0029061 1.1509e+07
0.0029098 1.1509e+07
0.0029136 1.1509e+07
0.0029174 1.1509e+07
0.0029212 1.1509e+07
0.0029249 1.1509e+07
0.0029287 1.1509e+07
0.0029325 1.1509e+07
0.0029362 1.1509e+07
0.00294 1.1509e+07
0.0029438 1.1509e+07
0.0029475 1.1509e+07
0.0029513 1.1509e+07
0.0029551 1.1509e+07
0.0029588 1.1509e+07
0.0029626 1.1509e+07
0.0029664 1.1509e+07
0.0029702 1.1509e+07
0.0029739 1.1509e+07
0.0029777 1.1509e+07
0.0029815 1.1509e+07
0.0029852 1.1509e+07
0.002989 1.1509e+07
0.0029928 1.1509e+07
0.0029965 1.1509e+07
0.0030003 1.1509e+07
0.0030041 1.1509e+07
0.0030078 1.1509e+07
0.0030116 1.1509e+07
0.0030154 1.1509e+07
0.0030192 1.1509e+07
0.0030229 1.1509e+07
0.0030267 1.1509e+07
0.0030305 1.1509e+07
0.0030342 1.1509e+07
0.003038 1.1509e+07
0.0030418 1.1509e+07
0.0030455 1.1509e+07
0.0030493 1.1509e+07
0.0030531 1.1509e+07
0.0030568 1.1509e+07
0.0030606 1.1509e+07
0.0030644 1.1509e+07
0.0030682 1.1509e+07
0.0030719 1.1509e+07
0.0030757 1.1509e+07
0.0030795 1.1509e+07
0.0030832 1.1509e+07
0.003087 1.1509e+07
0.0030908 1.1509e+07
0.0030945 1.1509e+07
0.0030983 1.1509e+07
0.0031021 1.1509e+07
0.0031058 1.1509e+07
0.0031096 1.1509e+07
0.0031134 1.1509e+07
0.0031172 1.1509e+07
0.0031209 1.1509e+07
0.0031247 1.1509e+07
0.0031285 1.1509e+07
0.0031322 1.1509e+07
0.003136 1.1509e+07
0.0031398 1.1509e+07
0.0031435 1.1509e+07
0.0031473 1.1509e+07
0.0031511 1.1509e+07
0.0031548 1.1509e+07
0.0031586 1.1509e+07
0.0031624 1.1509e+07
0.0031662 1.1509e+07
0.0031699 1.1509e+07
0.0031737 1.1509e+07
0.0031775 1.1509e+07
0.0031812 1.1509e+07
0.003185 1.1509e+07
0.0031888 1.1509e+07
0.0031925 1.1509e+07
0.0031963 1.1509e+07
0.0032001 1.1509e+07
0.0032038 1.1509e+07
0.0032076 1.1509e+07
0.0032114 1.1509e+07
0.0032152 1.1509e+07
0.0032189 1.1509e+07
0.0032227 1.1509e+07
0.0032265 1.1509e+07
0.0032302 1.1509e+07
0.003234 1.1509e+07
0.0032378 1.1509e+07
0.0032415 1.1509e+07
0.0032453 1.1509e+07
0.0032491 1.1509e+07
0.0032528 1.1509e+07
0.0032566 1.1509e+07
0.0032604 1.1509e+07
0.0032642 1.1509e+07
0.0032679 1.1509e+07
0.0032717 1.1509e+07
0.0032755 1.1509e+07
0.0032792 1.1509e+07
0.003283 1.1509e+07
0.0032868 1.1509e+07
0.0032905 1.1509e+07
0.0032943 1.1509e+07
0.0032981 1.1509e+07
0.0033018 1.1509e+07
0.0033056 1.1509e+07
0.0033094 1.1509e+07
0.0033132 1.1509e+07
0.0033169 1.1509e+07
0.0033207 1.1509e+07
0.0033245 1.1509e+07
0.0033282 1.1509e+07
0.003332 1.1509e+07
0.0033358 1.1509e+07
0.0033395 1.1509e+07
0.0033433 1.1509e+07
0.0033471 1.1509e+07
0.0033508 1.1509e+07
0.0033546 1.1509e+07
0.0033584 1.1509e+07
0.0033622 1.1509e+07
0.0033659 1.1509e+07
0.0033697 1.1509e+07
0.0033735 1.1509e+07
0.0033772 1.1509e+07
0.003381 1.1509e+07
0.0033848 1.1509e+07
0.0033885 1.1509e+07
0.0033923 1.1509e+07
0.0033961 1.1509e+07
0.0033998 1.1509e+07
0.0034036 1.1509e+07
0.0034074 1.1509e+07
0.0034112 1.1509e+07
0.0034149 1.1509e+07
0.0034187 1.1509e+07
0.0034225 1.1509e+07
0.0034262 1.1509e+07
0.00343 1.1509e+07
0.0034338 1.1509e+07
0.0034375 1.1509e+07
0.0034413 1.1509e+07
0.0034451 1.1509e+07
0.0034488 1.1509e+07
0.0034526 1.1509e+07
0.0034564 1.1509e+07
0.0034602 1.1509e+07
0.0034639 1.1509e+07
0.0034677 1.1509e+07
0.0034715 1.1509e+07
0.0034752 1.1509e+07
0.003479 1.1509e+07
0.0034828 1.1509e+07
0.0034865 1.1509e+07
0.0034903 1.1509e+07
0.0034941 1.1509e+07
0.0034978 1.1509e+07
0.0035016 1.1509e+07
0.0035054 1.1509e+07
0.0035092 1.1509e+07
0.0035129 1.1509e+07
0.0035167 1.1509e+07
0.0035205 1.1509e+07
0.0035242 1.1509e+07
0.003528 1.1509e+07
0.0035318 1.1509e+07
0.0035355 1.1509e+07
0.0035393 1.1509e+07
0.0035431 1.1509e+07
0.0035468 1.1509e+07
0.0035506 1.1509e+07
0.0035544 1.1509e+07
0.0035582 1.1509e+07
0.0035619 1.1509e+07
0.0035657 1.1509e+07
0.0035695 1.1509e+07
0.0035732 1.1509e+07
0.003577 1.1509e+07
0.0035808 1.1509e+07
0.0035845 1.1509e+07
0.0035883 1.1509e+07
0.0035921 1.1509e+07
0.0035958 1.1509e+07
0.0035996 1.1509e+07
0.0036034 1.1509e+07
0.0036072 1.1509e+07
0.0036109 1.1509e+07
0.0036147 1.1509e+07
0.0036185 1.1509e+07
0.0036222 1.1509e+07
0.003626 1.1509e+07
0.0036298 1.1509e+07
0.0036335 1.1509e+07
0.0036373 1.1509e+07
0.0036411 1.1509e+07
0.0036448 1.1509e+07
0.0036486 1.1509e+07
0.0036524 1.1509e+07
0.0036562 1.1509e+07
0.0036599 1.1509e+07
0.0036637 1.1509e+07
0.0036675 1.1509e+07
0.0036712 1.1509e+07
0.003675 1.1509e+07
0.0036788 1.1509e+07
0.0036825 1.1509e+07
0.0036863 1.1509e+07
0.0036901 1.1509e+07
0.0036938 1.1509e+07
0.0036976 1.1509e+07
0.0037014 1.1509e+07
0.0037052 1.1509e+07
0.0037089 1.1509e+07
0.0037127 1.1509e+07
0.0037165 1.1509e+07
0.0037202 1.1509e+07
0.003724 1.1509e+07
0.0037278 1.1509e+07
0.0037315 1.1509e+07
0.0037353 1.1509e+07
0.0037391 1.1509e+07
0.0037428 1.1509e+07
0.0037466 1.1509e+07
0.0037504 1.1509e+07
0.0037542 1.1509e+07
0.0037579 1.1509e+07
0.0037617 1.1509e+07
0.0037655 1.1509e+07
0.0037692 1.1509e+07
0.003773 1.1509e+07
0.0037768 1.1509e+07
0.0037805 1.1509e+07
0.0037843 1.1509e+07
0.0037881 1.1509e+07
0.0037918 1.1509e+07
0.0037956 1.1509e+07
0.0037994 1.1509e+07
0.0038032 1.1509e+07
0.0038069 1.1509e+07
0.0038107 1.1509e+07
0.0038145 1.1509e+07
0.0038182 1.1509e+07
0.003822 1.1509e+07
0.0038258 1.1509e+07
0.0038295 1.1509e+07
0.0038333 1.1509e+07
0.0038371 1.1509e+07
0.0038408 1.1509e+07
0.0038446 1.1509e+07
0.0038484 1.1509e+07
0.0038522 1.1509e+07
0.0038559 1.1509e+07
0.0038597 1.1509e+07
0.0038635 1.1509e+07
0.0038672 1.1509e+07
0.003871 1.1509e+07
0.0038748 1.1509e+07
0.0038785 1.1509e+07
0.0038823 1.1509e+07
0.0038861 1.1509e+07
0.0038898 1.1509e+07
0.0038936 1.1509e+07
0.0038974 1.1509e+07
0.0039012 1.1509e+07
0.0039049 1.1509e+07
0.0039087 1.1509e+07
0.0039125 1.1509e+07
0.0039162 1.1509e+07
0.00392 1.1509e+07
0.0039238 1.1509e+07
0.0039275 1.1509e+07
0.0039313 1.1509e+07
0.0039351 1.1509e+07
0.0039388 1.1509e+07
0.0039426 1.1509e+07
0.0039464 1.1509e+07
0.0039502 1.1509e+07
0.0039539 1.1509e+07
0.0039577 1.1509e+07
0.0039615 1.1509e+07
0.0039652 1.1509e+07
0.003969 1.1509e+07
0.0039728 1.1509e+07
0.0039765 1.1509e+07
0.0039803 1.1509e+07
0.0039841 1.1509e+07
0.0039878 1.1509e+07
0.0039916 1.1509e+07
0.0039954 1.1509e+07
0.0039992 1.1509e+07
0.0040029 1.1509e+07
0.0040067 1.1509e+07
0.0040105 1.1509e+07
0.0040142 1.1509e+07
0.004018 1.1509e+07
0.0040218 1.1509e+07
0.0040255 1.1509e+07
0.0040293 1.1509e+07
0.0040331 1.1509e+07
0.0040368 1.1509e+07
0.0040406 1.1509e+07
0.0040444 1.1509e+07
0.0040482 1.1509e+07
0.0040519 1.1509e+07
0.0040557 1.1509e+07
0.0040595 1.1509e+07
0.0040632 1.1509e+07
0.004067 1.1509e+07
0.0040708 1.1509e+07
0.0040745 1.1509e+07
0.0040783 1.1509e+07
0.0040821 1.1509e+07
0.0040858 1.1509e+07
0.0040896 1.1509e+07
0.0040934 1.1509e+07
0.0040972 1.1509e+07
0.0041009 1.1509e+07
0.0041047 1.1509e+07
0.0041085 1.1509e+07
0.0041122 1.1509e+07
0.004116 1.1509e+07
0.0041198 1.1509e+07
0.0041235 1.1509e+07
0.0041273 1.1509e+07
0.0041311 1.1509e+07
0.0041348 1.1509e+07
0.0041386 1.1509e+07
0.0041424 1.1509e+07
0.0041462 1.1509e+07
0.0041499 1.1509e+07
0.0041537 1.1509e+07
0.0041575 1.1509e+07
0.0041612 1.1509e+07
0.004165 1.1509e+07
0.0041688 1.1509e+07
0.0041725 1.1509e+07
0.0041763 1.1509e+07
0.0041801 1.1509e+07
0.0041838 1.1509e+07
0.0041876 1.1509e+07
0.0041914 1.1509e+07
0.0041952 1.1509e+07
0.0041989 1.1509e+07
0.0042027 1.1509e+07
0.0042065 1.1509e+07
0.0042102 1.1509e+07
0.004214 1.1509e+07
0.0042178 1.1509e+07
0.0042215 1.1509e+07
0.0042253 1.1509e+07
0.0042291 1.1509e+07
0.0042328 1.1509e+07
0.0042366 1.1509e+07
0.0042404 1.1509e+07
0.0042442 1.1509e+07
0.0042479 1.1509e+07
0.0042517 1.1509e+07
0.0042555 1.1509e+07
0.0042592 1.1509e+07
0.004263 1.1509e+07
0.0042668 1.1509e+07
0.0042705 1.1509e+07
0.0042743 1.1509e+07
0.0042781 1.1509e+07
0.0042818 1.1509e+07
0.0042856 1.1509e+07
0.0042894 1.1509e+07
0.0042932 1.1509e+07
0.0042969 1.1509e+07
0.0043007 1.1509e+07
0.0043045 1.1509e+07
0.0043082 1.1509e+07
0.004312 1.1509e+07
0.0043158 1.1509e+07
0.0043195 1.1509e+07
0.0043233 1.1509e+07
0.0043271 1.1509e+07
0.0043308 1.1509e+07
0.0043346 1.1509e+07
0.0043384 1.1509e+07
0.0043422 1.1509e+07
0.0043459 1.1509e+07
0.0043497 1.1509e+07
0.0043535 1.1509e+07
0.0043572 1.1509e+07
0.004361 1.1509e+07
0.0043648 1.1509e+07
0.0043685 1.1509e+07
0.0043723 1.1509e+07
0.0043761 1.1509e+07
0.0043798 1.1509e+07
0.0043836 1.1509e+07
0.0043874 1.1509e+07
0.0043912 1.1509e+07
0.0043949 1.1509e+07
0.0043987 1.1509e+07
0.0044025 1.1509e+07
0.0044062 1.1509e+07
0.00441 1.1509e+07
0.0044138 1.1509e+07
0.0044175 1.1509e+07
0.0044213 1.1509e+07
0.0044251 1.1509e+07
0.0044288 1.1509e+07
0.0044326 1.1509e+07
0.0044364 1.1509e+07
0.0044402 1.1509e+07
0.0044439 1.1509e+07
0.0044477 1.1509e+07
0.0044515 1.1509e+07
0.0044552 1.1509e+07
0.004459 1.1509e+07
0.0044628 1.1509e+07
0.0044665 1.1509e+07
0.0044703 1.1509e+07
0.0044741 1.1509e+07
0.0044778 1.1509e+07
0.0044816 1.1509e+07
0.0044854 1.1509e+07
0.0044892 1.1509e+07
0.0044929 1.1509e+07
0.0044967 1.1509e+07
0.0045005 1.1509e+07
0.0045042 1.1509e+07
0.004508 1.1509e+07
0.0045118 1.1509e+07
0.0045155 1.1509e+07
0.0045193 1.1509e+07
0.0045231 1.1509e+07
0.0045268 1.1509e+07
0.0045306 1.1509e+07
0.0045344 1.1509e+07
0.0045382 1.1509e+07
0.0045419 1.1509e+07
0.0045457 1.1509e+07
0.0045495 1.1509e+07
0.0045532 1.1509e+07
0.004557 1.1509e+07
0.0045608 1.1509e+07
0.0045645 1.1509e+07
0.0045683 1.1509e+07
0.0045721 1.1509e+07
0.0045758 1.1509e+07
0.0045796 1.1509e+07
0.0045834 1.1509e+07
0.0045872 1.1509e+07
0.0045909 1.1509e+07
0.0045947 1.1509e+07
0.0045985 1.1509e+07
0.0046022 1.1509e+07
0.004606 1.1509e+07
0.0046098 1.1509e+07
0.0046135 1.1509e+07
0.0046173 1.1509e+07
0.0046211 1.1509e+07
0.0046248 1.1509e+07
0.0046286 1.1509e+07
0.0046324 1.1509e+07
0.0046362 1.1509e+07
0.0046399 1.1509e+07
0.0046437 1.1509e+07
0.0046475 1.1509e+07
0.0046512 1.1509e+07
0.004655 1.1509e+07
0.0046588 1.1509e+07
0.0046625 1.1509e+07
0.0046663 1.1509e+07
0.0046701 1.1509e+07
0.0046738 1.1509e+07
0.0046776 1.1509e+07
0.0046814 1.1509e+07
0.0046852 1.1509e+07
0.0046889 1.1509e+07
0.0046927 1.1509e+07
0.0046965 1.1509e+07
0.0047002 1.1509e+07
0.004704 1.1509e+07
0.0047078 1.1509e+07
0.0047115 1.1509e+07
0.0047153 1.1509e+07
0.0047191 1.1509e+07
0.0047228 1.1509e+07
0.0047266 1.1509e+07
0.0047304 1.1509e+07
0.0047342 1.1509e+07
0.0047379 1.1509e+07
0.0047417 1.1509e+07
0.0047455 1.1509e+07
0.0047492 1.1509e+07
0.004753 1.1509e+07
0.0047568 1.1509e+07
0.0047605 1.1509e+07
0.0047643 1.1509e+07
0.0047681 1.1509e+07
0.0047718 1.1509e+07
0.0047756 1.1509e+07
0.0047794 1.1509e+07
0.0047832 1.1509e+07
0.0047869 1.1509e+07
0.0047907 1.1509e+07
0.0047945 1.1509e+07
0.0047982 1.1509e+07
0.004802 1.1509e+07
0.0048058 1.1509e+07
0.0048095 1.1509e+07
0.0048133 1.1509e+07
0.0048171 1.1509e+07
0.0048208 1.1509e+07
0.0048246 1.1509e+07
0.0048284 1.1509e+07
0.0048322 1.1509e+07
0.0048359 1.1509e+07
0.0048397 1.1509e+07
0.0048435 1.1509e+07
0.0048472 1.1509e+07
0.004851 1.1509e+07
0.0048548 1.1509e+07
0.0048585 1.1509e+07
0.0048623 1.1509e+07
0.0048661 1.1509e+07
0.0048698 1.1509e+07
0.0048736 1.1509e+07
0.0048774 1.1509e+07
0.0048812 1.1509e+07
0.0048849 1.1509e+07
0.0048887 1.1509e+07
0.0048925 1.1509e+07
0.0048962 1.1509e+07
0.0049 1.1509e+07
0.0049038 1.1509e+07
0.0049075 1.1509e+07
0.0049113 1.1509e+07
0.0049151 1.1509e+07
0.0049188 1.1509e+07
0.0049226 1.1509e+07
0.0049264 1.1509e+07
0.0049302 1.1509e+07
0.0049339 1.1509e+07
0.0049377 1.1509e+07
0.0049415 1.1509e+07
0.0049452 1.1509e+07
0.004949 1.1509e+07
0.0049528 1.1509e+07
0.0049565 1.1509e+07
0.0049603 1.1509e+07
0.0049641 1.1509e+07
0.0049678 1.1509e+07
0.0049716 1.1509e+07
0.0049754 1.1509e+07
0.0049792 1.1509e+07
0.0049829 1.1509e+07
0.0049867 1.1509e+07
0.0049905 1.1509e+07
0.0049942 1.1509e+07
0.004998 1.1509e+07
0.0050018 1.1509e+07
0.0050055 1.1509e+07
0.0050093 1.1509e+07
0.0050131 1.1509e+07
0.0050168 1.1509e+07
0.0050206 1.1509e+07
0.0050244 1.1509e+07
0.0050282 1.1509e+07
0.0050319 1.1509e+07
0.0050357 1.1509e+07
0.0050395 1.1509e+07
0.0050432 1.1509e+07
0.005047 1.1509e+07
0.0050508 1.1509e+07
0.0050545 1.1509e+07
0.0050583 1.1509e+07
0.0050621 1.1509e+07
0.0050658 1.1509e+07
0.0050696 1.1509e+07
0.0050734 1.1509e+07
0.0050772 1.1509e+07
0.0050809 1.1509e+07
0.0050847 1.1509e+07
0.0050885 1.1509e+07
0.0050922 1.1509e+07
0.005096 1.1509e+07
0.0050998 1.1509e+07
0.0051035 1.1509e+07
0.0051073 1.1509e+07
0.0051111 1.1509e+07
0.0051148 1.1509e+07
0.0051186 1.1509e+07
0.0051224 1.1509e+07
0.0051262 1.1509e+07
0.0051299 1.1509e+07
0.0051337 1.1509e+07
0.0051375 1.1509e+07
0.0051412 1.1509e+07
0.005145 1.1509e+07
0.0051488 1.1509e+07
0.0051525 1.1509e+07
0.0051563 1.1509e+07
0.0051601 1.1509e+07
0.0051638 1.1509e+07
0.0051676 1.1509e+07
0.0051714 1.1509e+07
0.0051752 1.1509e+07
0.0051789 1.1509e+07
0.0051827 1.1509e+07
0.0051865 1.1509e+07
0.0051902 1.1509e+07
0.005194 1.1509e+07
0.0051978 1.1509e+07
0.0052015 1.1509e+07
0.0052053 1.1509e+07
0.0052091 1.1509e+07
0.0052128 1.1509e+07
0.0052166 1.1509e+07
0.0052204 1.1509e+07
0.0052242 1.1509e+07
0.0052279 1.1509e+07
0.0052317 1.1509e+07
0.0052355 1.1509e+07
0.0052392 1.1509e+07
0.005243 1.1509e+07
0.0052468 1.1509e+07
0.0052505 1.1509e+07
0.0052543 1.1509e+07
0.0052581 1.1509e+07
0.0052618 1.1509e+07
0.0052656 1.1509e+07
0.0052694 1.1509e+07
0.0052732 1.1509e+07
0.0052769 1.1509e+07
0.0052807 1.1509e+07
0.0052845 1.1509e+07
0.0052882 1.1509e+07
0.005292 1.1509e+07
0.0052958 1.1509e+07
0.0052995 1.1509e+07
0.0053033 1.1509e+07
0.0053071 1.1509e+07
0.0053108 1.1509e+07
0.0053146 1.1509e+07
0.0053184 1.1509e+07
0.0053222 1.1509e+07
0.0053259 1.1509e+07
0.0053297 1.1509e+07
0.0053335 1.1509e+07
0.0053372 1.1509e+07
0.005341 1.1509e+07
0.0053448 1.1509e+07
0.0053485 1.1509e+07
0.0053523 1.1509e+07
0.0053561 1.1509e+07
0.0053598 1.1509e+07
0.0053636 1.1509e+07
0.0053674 1.1509e+07
0.0053712 1.1509e+07
0.0053749 1.1509e+07
0.0053787 1.1509e+07
0.0053825 1.1509e+07
0.0053862 1.1509e+07
0.00539 1.1509e+07
0.0053938 1.1509e+07
0.0053975 1.1509e+07
0.0054013 1.1509e+07
0.0054051 1.1509e+07
0.0054088 1.1509e+07
0.0054126 1.1509e+07
0.0054164 1.1509e+07
0.0054202 1.1509e+07
0.0054239 1.1509e+07
0.0054277 1.1509e+07
0.0054315 1.1509e+07
0.0054352 1.1509e+07
0.005439 1.1509e+07
0.0054428 1.1509e+07
0.0054465 1.1509e+07
0.0054503 1.1509e+07
0.0054541 1.1509e+07
0.0054578 1.1509e+07
0.0054616 1.1509e+07
0.0054654 1.1509e+07
0.0054692 1.1509e+07
0.0054729 1.1509e+07
0.0054767 1.1509e+07
0.0054805 1.1509e+07
0.0054842 1.1509e+07
0.005488 1.1509e+07
0.0054918 1.1509e+07
0.0054955 1.1509e+07
0.0054993 1.1509e+07
0.0055031 1.1509e+07
0.0055068 1.1509e+07
0.0055106 1.1509e+07
0.0055144 1.1509e+07
0.0055182 1.1509e+07
0.0055219 1.1509e+07
0.0055257 1.1509e+07
0.0055295 1.1509e+07
0.0055332 1.1509e+07
0.005537 1.1509e+07
0.0055408 1.1509e+07
0.0055445 1.1509e+07
0.0055483 1.1509e+07
0.0055521 1.1509e+07
0.0055558 1.1509e+07
0.0055596 1.1509e+07
0.0055634 1.1509e+07
0.0055672 1.1509e+07
0.0055709 1.1509e+07
0.0055747 1.1509e+07
0.0055785 1.1509e+07
0.0055822 1.1509e+07
0.005586 1.1509e+07
0.0055898 1.1509e+07
0.0055935 1.1509e+07
0.0055973 1.1509e+07
0.0056011 1.1509e+07
0.0056048 1.1509e+07
0.0056086 1.1509e+07
0.0056124 1.1509e+07
0.0056162 1.1509e+07
0.0056199 1.1509e+07
0.0056237 1.1509e+07
0.0056275 1.1509e+07
0.0056312 1.1509e+07
0.005635 1.1509e+07
0.0056388 1.1509e+07
0.0056425 1.1509e+07
0.0056463 1.1509e+07
0.0056501 1.1509e+07
0.0056538 1.1509e+07
0.0056576 1.1509e+07
0.0056614 1.1509e+07
0.0056652 1.1509e+07
0.0056689 1.1509e+07
0.0056727 1.1509e+07
0.0056765 1.1509e+07
0.0056802 1.1509e+07
0.005684 1.1509e+07
0.0056878 1.1509e+07
0.0056915 1.1509e+07
0.0056953 1.1509e+07
0.0056991 1.1509e+07
0.0057028 1.1509e+07
0.0057066 1.1509e+07
0.0057104 1.1509e+07
0.0057142 1.1509e+07
0.0057179 1.1509e+07
0.0057217 1.1509e+07
0.0057255 1.1509e+07
0.0057292 1.1509e+07
0.005733 1.1509e+07
0.0057368 1.1509e+07
0.0057405 1.1509e+07
0.0057443 1.1509e+07
0.0057481 1.1509e+07
0.0057518 1.1509e+07
0.0057556 1.1509e+07
0.0057594 1.1509e+07
0.0057632 1.1509e+07
0.0057669 1.1509e+07
0.0057707 1.1509e+07
0.0057745 1.1509e+07
0.0057782 1.1509e+07
0.005782 1.1509e+07
0.0057858 1.1509e+07
0.0057895 1.1509e+07
0.0057933 1.1509e+07
0.0057971 1.1509e+07
0.0058008 1.1509e+07
0.0058046 1.1509e+07
0.0058084 1.1509e+07
0.0058122 1.1509e+07
0.0058159 1.1509e+07
0.0058197 1.1509e+07
0.0058235 1.1509e+07
0.0058272 1.1509e+07
0.005831 1.1509e+07
0.0058348 1.1509e+07
0.0058385 1.1509e+07
0.0058423 1.1509e+07
0.0058461 1.1509e+07
0.0058498 1.1509e+07
0.0058536 1.1509e+07
0.0058574 1.1509e+07
0.0058612 1.1509e+07
0.0058649 1.1509e+07
0.0058687 1.1509e+07
0.0058725 1.1509e+07
0.0058762 1.1509e+07
0.00588 1.1509e+07
0.0058838 1.1509e+07
0.0058875 1.1509e+07
0.0058913 1.1509e+07
0.0058951 1.1509e+07
0.0058988 1.1509e+07
0.0059026 1.1509e+07
0.0059064 1.1509e+07
0.0059102 1.1509e+07
0.0059139 1.1509e+07
0.0059177 1.1509e+07
0.0059215 1.1509e+07
0.0059252 1.1509e+07
0.005929 1.1509e+07
0.0059328 1.1509e+07
0.0059365 1.1509e+07
0.0059403 1.1509e+07
0.0059441 1.1509e+07
0.0059478 1.1509e+07
0.0059516 1.1509e+07
0.0059554 1.1509e+07
0.0059592 1.1509e+07
0.0059629 1.1509e+07
0.0059667 1.1509e+07
0.0059705 1.1509e+07
0.0059742 1.1509e+07
0.005978 1.1509e+07
0.0059818 1.1509e+07
0.0059855 1.1509e+07
0.0059893 1.1509e+07
0.0059931 1.1509e+07
0.0059968 1.1509e+07
0.0060006 1.1509e+07
0.0060044 1.1509e+07
0.0060082 1.1509e+07
0.0060119 1.1509e+07
0.0060157 1.1509e+07
0.0060195 1.1509e+07
0.0060232 1.1509e+07
0.006027 1.1509e+07
0.0060308 1.1509e+07
0.0060345 1.1509e+07
0.0060383 1.1509e+07
0.0060421 1.1509e+07
0.0060458 1.1509e+07
0.0060496 1.1509e+07
0.0060534 1.1509e+07
0.0060572 1.1509e+07
0.0060609 1.1509e+07
0.0060647 1.1509e+07
0.0060685 1.1509e+07
0.0060722 1.1509e+07
0.006076 1.1509e+07
0.0060798 1.1509e+07
0.0060835 1.1509e+07
0.0060873 1.1509e+07
0.0060911 1.1509e+07
0.0060948 1.1509e+07
0.0060986 1.1509e+07
0.0061024 1.1509e+07
0.0061062 1.1509e+07
0.0061099 1.1509e+07
0.0061137 1.1509e+07
0.0061175 1.1509e+07
0.0061212 1.1509e+07
0.006125 1.1509e+07
0.0061288 1.1509e+07
0.0061325 1.1509e+07
0.0061363 1.1509e+07
0.0061401 1.1509e+07
0.0061438 1.1509e+07
0.0061476 1.1509e+07
0.0061514 1.1509e+07
0.0061552 1.1509e+07
0.0061589 1.1509e+07
0.0061627 1.1509e+07
0.0061665 1.1509e+07
0.0061702 1.1509e+07
0.006174 1.1509e+07
0.0061778 1.1509e+07
0.0061815 1.1509e+07
0.0061853 1.1509e+07
0.0061891 1.1509e+07
0.0061928 1.1509e+07
0.0061966 1.1509e+07
0.0062004 1.1509e+07
0.0062042 1.1509e+07
0.0062079 1.1509e+07
0.0062117 1.1509e+07
0.0062155 1.1509e+07
0.0062192 1.1509e+07
0.006223 1.1509e+07
0.0062268 1.1509e+07
0.0062305 1.1509e+07
0.0062343 1.1509e+07
0.0062381 1.1509e+07
0.0062418 1.1509e+07
0.0062456 1.1509e+07
0.0062494 1.1509e+07
0.0062532 1.1509e+07
0.0062569 1.1509e+07
0.0062607 1.1509e+07
0.0062645 1.1509e+07
0.0062682 1.1509e+07
0.006272 1.1509e+07
0.0062758 1.1509e+07
0.0062795 1.1509e+07
0.0062833 1.1509e+07
0.0062871 1.1509e+07
0.0062908 1.1509e+07
0.0062946 1.1509e+07
0.0062984 1.1509e+07
0.0063022 1.1509e+07
0.0063059 1.1509e+07
0.0063097 1.1509e+07
0.0063135 1.1509e+07
0.0063172 1.1509e+07
0.006321 1.1509e+07
0.0063248 1.1509e+07
0.0063285 1.1509e+07
0.0063323 1.1509e+07
0.0063361 1.1509e+07
0.0063398 1.1509e+07
0.0063436 1.1509e+07
0.0063474 1.1509e+07
0.0063512 1.1509e+07
0.0063549 1.1509e+07
0.0063587 1.1509e+07
0.0063625 1.1509e+07
0.0063662 1.1509e+07
0.00637 1.1509e+07
0.0063738 1.1509e+07
0.0063775 1.1509e+07
0.0063813 1.1509e+07
0.0063851 1.1509e+07
0.0063888 1.1509e+07
0.0063926 1.1509e+07
0.0063964 1.1509e+07
0.0064002 1.1509e+07
0.0064039 1.1509e+07
0.0064077 1.1509e+07
0.0064115 1.1509e+07
0.0064152 1.1509e+07
0.006419 1.1509e+07
0.0064228 1.1509e+07
0.0064265 1.1509e+07
0.0064303 1.1509e+07
0.0064341 1.1509e+07
0.0064378 1.1509e+07
0.0064416 1.1509e+07
0.0064454 1.1509e+07
0.0064492 1.1509e+07
0.0064529 1.1509e+07
0.0064567 1.1509e+07
0.0064605 1.1509e+07
0.0064642 1.1509e+07
0.006468 1.1509e+07
0.0064718 1.1509e+07
0.0064755 1.1509e+07
0.0064793 1.1509e+07
0.0064831 1.1509e+07
0.0064868 1.1509e+07
0.0064906 1.1509e+07
0.0064944 1.1509e+07
0.0064982 1.1509e+07
0.0065019 1.1509e+07
0.0065057 1.1509e+07
0.0065095 1.1509e+07
0.0065132 1.1509e+07
0.006517 1.1509e+07
0.0065208 1.1509e+07
0.0065245 1.1509e+07
0.0065283 1.1509e+07
0.0065321 1.1509e+07
0.0065358 1.1509e+07
0.0065396 1.1509e+07
0.0065434 1.1509e+07
0.0065472 1.1509e+07
0.0065509 1.1509e+07
0.0065547 1.1509e+07
0.0065585 1.1509e+07
0.0065622 1.1509e+07
0.006566 1.1509e+07
0.0065698 1.1509e+07
0.0065735 1.1509e+07
0.0065773 1.1509e+07
0.0065811 1.1509e+07
0.0065848 1.1509e+07
0.0065886 1.1509e+07
0.0065924 1.1509e+07
0.0065962 1.1509e+07
0.0065999 1.1509e+07
0.0066037 1.1509e+07
0.0066075 1.1509e+07
0.0066112 1.1509e+07
0.006615 1.1509e+07
0.0066188 1.1509e+07
0.0066225 1.1509e+07
0.0066263 1.1509e+07
0.0066301 1.1509e+07
0.0066338 1.1509e+07
0.0066376 1.1509e+07
0.0066414 1.1509e+07
0.0066452 1.1509e+07
0.0066489 1.1509e+07
0.0066527 1.1509e+07
0.0066565 1.1509e+07
0.0066602 1.1509e+07
0.006664 1.1509e+07
0.0066678 1.1509e+07
0.0066715 1.1509e+07
0.0066753 1.1509e+07
0.0066791 1.1509e+07
0.0066828 1.1509e+07
0.0066866 1.1509e+07
0.0066904 1.1509e+07
0.0066942 1.1509e+07
0.0066979 1.1509e+07
0.0067017 1.1509e+07
0.0067055 1.1509e+07
0.0067092 1.1509e+07
0.006713 1.1509e+07
0.0067168 1.1509e+07
0.0067205 1.1509e+07
0.0067243 1.1509e+07
0.0067281 1.1509e+07
0.0067318 1.1509e+07
0.0067356 1.1509e+07
0.0067394 1.1509e+07
0.0067432 1.1509e+07
0.0067469 1.1509e+07
0.0067507 1.1509e+07
0.0067545 1.1509e+07
0.0067582 1.1509e+07
0.006762 1.1509e+07
0.0067658 1.1509e+07
0.0067695 1.1509e+07
0.0067733 1.1509e+07
0.0067771 1.1509e+07
0.0067808 1.1509e+07
0.0067846 1.1509e+07
0.0067884 1.1509e+07
0.0067922 1.1509e+07
0.0067959 1.1509e+07
0.0067997 1.1509e+07
0.0068035 1.1509e+07
0.0068072 1.1509e+07
0.006811 1.1509e+07
0.0068148 1.1509e+07
0.0068185 1.1509e+07
0.0068223 1.1509e+07
0.0068261 1.1509e+07
0.0068298 1.1509e+07
0.0068336 1.1509e+07
0.0068374 1.1509e+07
0.0068412 1.1509e+07
0.0068449 1.1509e+07
0.0068487 1.1509e+07
0.0068525 1.1509e+07
0.0068562 1.1509e+07
0.00686 1.1509e+07
0.0068638 1.1509e+07
0.0068675 1.1509e+07
0.0068713 1.1509e+07
0.0068751 1.1509e+07
0.0068788 1.1509e+07
0.0068826 1.1509e+07
0.0068864 1.1509e+07
0.0068902 1.1509e+07
0.0068939 1.1509e+07
0.0068977 1.1509e+07
0.0069015 1.1509e+07
0.0069052 1.1509e+07
0.006909 1.1509e+07
0.0069128 1.1509e+07
0.0069165 1.1509e+07
0.0069203 1.1509e+07
0.0069241 1.1509e+07
0.0069278 1.1509e+07
0.0069316 1.1509e+07
0.0069354 1.1509e+07
0.0069392 1.1509e+07
0.0069429 1.1509e+07
0.0069467 1.1509e+07
0.0069505 1.1509e+07
0.0069542 1.1509e+07
0.006958 1.1509e+07
0.0069618 1.1509e+07
0.0069655 1.1509e+07
0.0069693 1.1509e+07
0.0069731 1.1509e+07
0.0069768 1.1509e+07
0.0069806 1.1509e+07
0.0069844 1.1509e+07
0.0069882 1.1509e+07
0.0069919 1.1509e+07
0.0069957 1.1509e+07
0.0069995 1.1509e+07
0.0070032 1.1509e+07
0.007007 1.1509e+07
0.0070108 1.1509e+07
0.0070145 1.1509e+07
0.0070183 1.1509e+07
0.0070221 1.1509e+07
0.0070258 1.1509e+07
0.0070296 1.1509e+07
0.0070334 1.1509e+07
0.0070372 1.1509e+07
0.0070409 1.1509e+07
0.0070447 1.1509e+07
0.0070485 1.1509e+07
0.0070522 1.1509e+07
0.007056 1.1509e+07
0.0070598 1.1509e+07
0.0070635 1.1509e+07
0.0070673 1.1509e+07
0.0070711 1.1509e+07
0.0070748 1.1509e+07
0.0070786 1.1509e+07
0.0070824 1.1509e+07
0.0070862 1.1509e+07
0.0070899 1.1509e+07
0.0070937 1.1509e+07
0.0070975 1.1509e+07
0.0071012 1.1509e+07
0.007105 1.1509e+07
0.0071088 1.1509e+07
0.0071125 1.1509e+07
0.0071163 1.1509e+07
0.0071201 1.1509e+07
0.0071238 1.1509e+07
0.0071276 1.1509e+07
0.0071314 1.1509e+07
0.0071352 1.1509e+07
0.0071389 1.1509e+07
0.0071427 1.1509e+07
0.0071465 1.1509e+07
0.0071502 1.1509e+07
0.007154 1.1509e+07
0.0071578 1.1509e+07
0.0071615 1.1509e+07
0.0071653 1.1509e+07
0.0071691 1.1509e+07
0.0071728 1.1509e+07
0.0071766 1.1509e+07
0.0071804 1.1509e+07
0.0071842 1.1509e+07
0.0071879 1.1509e+07
0.0071917 1.1509e+07
0.0071955 1.1509e+07
0.0071992 1.1509e+07
0.007203 1.1509e+07
0.0072068 1.1509e+07
0.0072105 1.1509e+07
0.0072143 1.1509e+07
0.0072181 1.1509e+07
0.0072218 1.1509e+07
0.0072256 1.1509e+07
0.0072294 1.1509e+07
0.0072332 1.1509e+07
0.0072369 1.1509e+07
0.0072407 1.1509e+07
0.0072445 1.1509e+07
0.0072482 1.1509e+07
0.007252 1.1509e+07
0.0072558 1.1509e+07
0.0072595 1.1509e+07
0.0072633 1.1509e+07
0.0072671 1.1509e+07
0.0072708 1.1509e+07
0.0072746 1.1509e+07
0.0072784 1.1509e+07
0.0072822 1.1509e+07
0.0072859 1.1509e+07
0.0072897 1.1509e+07
0.0072935 1.1509e+07
0.0072972 1.1509e+07
0.007301 1.1509e+07
0.0073048 1.1509e+07
0.0073085 1.1509e+07
0.0073123 1.1509e+07
0.0073161 1.1509e+07
0.0073198 1.1509e+07
0.0073236 1.1509e+07
0.0073274 1.1509e+07
0.0073312 1.1509e+07
0.0073349 1.1509e+07
0.0073387 1.1509e+07
0.0073425 1.1509e+07
0.0073462 1.1509e+07
0.00735 1.1509e+07
0.0073538 1.1509e+07
0.0073575 1.1509e+07
0.0073613 1.1509e+07
0.0073651 1.1509e+07
0.0073688 1.1509e+07
0.0073726 1.1509e+07
0.0073764 1.1509e+07
0.0073802 1.1509e+07
0.0073839 1.1509e+07
0.0073877 1.1509e+07
0.0073915 1.1509e+07
0.0073952 1.1509e+07
0.007399 1.1509e+07
0.0074028 1.1509e+07
0.0074065 1.1509e+07
0.0074103 1.1509e+07
0.0074141 1.1509e+07
0.0074178 1.1509e+07
0.0074216 1.1509e+07
0.0074254 1.1509e+07
0.0074292 1.1509e+07
0.0074329 1.1509e+07
0.0074367 1.1509e+07
0.0074405 1.1509e+07
0.0074442 1.1509e+07
0.007448 1.1509e+07
0.0074518 1.1509e+07
0.0074555 1.1509e+07
0.0074593 1.1509e+07
0.0074631 1.1509e+07
0.0074668 1.1509e+07
0.0074706 1.1509e+07
0.0074744 1.1509e+07
0.0074782 1.1509e+07
0.0074819 1.1509e+07
0.0074857 1.1509e+07
0.0074895 1.1509e+07
0.0074932 1.1509e+07
0.007497 1.1509e+07
0.0075008 1.1509e+07
0.0075045 1.1509e+07
0.0075083 1.1509e+07
0.0075121 1.1509e+07
0.0075158 1.1509e+07
0.0075196 1.1509e+07
0.0075234 1.1509e+07
0.0075272 1.1509e+07
0.0075309 1.1509e+07
0.0075347 1.1509e+07
0.0075385 1.1509e+07
0.0075422 1.1509e+07
0.007546 1.1509e+07
0.0075498 1.1509e+07
0.0075535 1.1509e+07
0.0075573 1.1509e+07
0.0075611 1.1509e+07
0.0075648 1.1509e+07
0.0075686 1.1509e+07
0.0075724 1.1509e+07
0.0075762 1.1509e+07
0.0075799 1.1509e+07
0.0075837 1.1509e+07
0.0075875 1.1509e+07
0.0075912 1.1509e+07
0.007595 1.1509e+07
0.0075988 1.1509e+07
0.0076025 1.1509e+07
0.0076063 1.1509e+07
0.0076101 1.1509e+07
0.0076138 1.1509e+07
0.0076176 1.1509e+07
0.0076214 1.1509e+07
0.0076252 1.1509e+07
0.0076289 1.1509e+07
0.0076327 1.1509e+07
0.0076365 1.1509e+07
0.0076402 1.1509e+07
0.007644 1.1509e+07
0.0076478 1.1509e+07
0.0076515 1.1509e+07
0.0076553 1.1509e+07
0.0076591 1.1509e+07
0.0076628 1.1509e+07
0.0076666 1.1509e+07
0.0076704 1.1509e+07
0.0076742 1.1509e+07
0.0076779 1.1509e+07
0.0076817 1.1509e+07
0.0076855 1.1509e+07
0.0076892 1.1509e+07
0.007693 1.1509e+07
0.0076968 1.1509e+07
0.0077005 1.1509e+07
0.0077043 1.1509e+07
0.0077081 1.1509e+07
0.0077118 1.1509e+07
0.0077156 1.1509e+07
0.0077194 1.1509e+07
0.0077232 1.1509e+07
0.0077269 1.1509e+07
0.0077307 1.1509e+07
0.0077345 1.1509e+07
0.0077382 1.1509e+07
0.007742 1.1509e+07
0.0077458 1.1509e+07
0.0077495 1.1509e+07
0.0077533 1.1509e+07
0.0077571 1.1509e+07
0.0077608 1.1509e+07
0.0077646 1.1509e+07
0.0077684 1.1509e+07
0.0077722 1.1509e+07
0.0077759 1.1509e+07
0.0077797 1.1509e+07
0.0077835 1.1509e+07
0.0077872 1.1509e+07
0.007791 1.1509e+07
0.0077948 1.1509e+07
0.0077985 1.1509e+07
0.0078023 1.1509e+07
0.0078061 1.1509e+07
0.0078098 1.1509e+07
0.0078136 1.1509e+07
0.0078174 1.1509e+07
0.0078212 1.1509e+07
0.0078249 1.1509e+07
0.0078287 1.1509e+07
0.0078325 1.1509e+07
0.0078362 1.1509e+07
0.00784 1.1509e+07
0.0078438 1.1509e+07
0.0078475 1.1509e+07
0.0078513 1.1509e+07
0.0078551 1.1509e+07
0.0078588 1.1509e+07
0.0078626 1.1509e+07
0.0078664 1.1509e+07
0.0078702 1.1509e+07
0.0078739 1.1509e+07
0.0078777 1.1509e+07
0.0078815 1.1509e+07
0.0078852 1.1509e+07
0.007889 1.1509e+07
0.0078928 1.1509e+07
0.0078965 1.1509e+07
0.0079003 1.1509e+07
0.0079041 1.1509e+07
0.0079078 1.1509e+07
0.0079116 1.1509e+07
0.0079154 1.1509e+07
0.0079192 1.1509e+07
0.0079229 1.1509e+07
0.0079267 1.1509e+07
0.0079305 1.1509e+07
0.0079342 1.1509e+07
0.007938 1.1509e+07
0.0079418 1.1509e+07
0.0079455 1.1509e+07
0.0079493 1.1509e+07
0.0079531 1.1509e+07
0.0079568 1.1509e+07
0.0079606 1.1509e+07
0.0079644 1.1509e+07
0.0079682 1.1509e+07
0.0079719 1.1509e+07
0.0079757 1.1509e+07
0.0079795 1.1509e+07
0.0079832 1.1509e+07
0.007987 1.1509e+07
0.0079908 1.1509e+07
0.0079945 1.1509e+07
0.0079983 1.1509e+07
0.0080021 1.1509e+07
0.0080058 1.1509e+07
0.0080096 1.1509e+07
0.0080134 1.1509e+07
0.0080172 1.1509e+07
0.0080209 1.1509e+07
0.0080247 1.1509e+07
0.0080285 1.1509e+07
0.0080322 1.1509e+07
0.008036 1.1509e+07
0.0080398 1.1509e+07
0.0080435 1.1509e+07
0.0080473 1.1509e+07
0.0080511 1.1509e+07
0.0080548 1.1509e+07
0.0080586 1.1509e+07
0.0080624 1.1509e+07
0.0080662 1.1509e+07
0.0080699 1.1509e+07
0.0080737 1.1509e+07
0.0080775 1.1509e+07
0.0080812 1.1509e+07
0.008085 1.1509e+07
0.0080888 1.1509e+07
0.0080925 1.1509e+07
0.0080963 1.1509e+07
0.0081001 1.1509e+07
0.0081038 1.1509e+07
0.0081076 1.1509e+07
0.0081114 1.1509e+07
0.0081152 1.1509e+07
0.0081189 1.1509e+07
0.0081227 1.1509e+07
0.0081265 1.1509e+07
0.0081302 1.1509e+07
0.008134 1.1509e+07
0.0081378 1.1509e+07
0.0081415 1.1509e+07
0.0081453 1.1509e+07
0.0081491 1.1509e+07
0.0081528 1.1509e+07
0.0081566 1.1509e+07
0.0081604 1.1509e+07
0.0081642 1.1509e+07
0.0081679 1.1509e+07
0.0081717 1.1509e+07
0.0081755 1.1509e+07
0.0081792 1.1509e+07
0.008183 1.1509e+07
0.0081868 1.1509e+07
0.0081905 1.1509e+07
0.0081943 1.1509e+07
0.0081981 1.1509e+07
0.0082018 1.1509e+07
0.0082056 1.1509e+07
0.0082094 1.1509e+07
0.0082132 1.1509e+07
0.0082169 1.1509e+07
0.0082207 1.1509e+07
0.0082245 1.1509e+07
0.0082282 1.1509e+07
0.008232 1.1509e+07
0.0082358 1.1509e+07
0.0082395 1.1509e+07
0.0082433 1.1509e+07
0.0082471 1.1509e+07
0.0082508 1.1509e+07
0.0082546 1.1509e+07
0.0082584 1.1509e+07
0.0082622 1.1509e+07
0.0082659 1.1509e+07
0.0082697 1.1509e+07
0.0082735 1.1509e+07
0.0082772 1.1509e+07
0.008281 1.1509e+07
0.0082848 1.1509e+07
0.0082885 1.1509e+07
0.0082923 1.1509e+07
0.0082961 1.1509e+07
0.0082998 1.1509e+07
0.0083036 1.1509e+07
0.0083074 1.1509e+07
0.0083112 1.1509e+07
0.0083149 1.1509e+07
0.0083187 1.1509e+07
0.0083225 1.1509e+07
0.0083262 1.1509e+07
0.00833 1.1509e+07
0.0083338 1.1509e+07
0.0083375 1.1509e+07
0.0083413 1.1509e+07
0.0083451 1.1509e+07
0.0083488 1.1509e+07
0.0083526 1.1509e+07
0.0083564 1.1509e+07
0.0083602 1.1509e+07
0.0083639 1.1509e+07
0.0083677 1.1509e+07
0.0083715 1.1509e+07
0.0083752 1.1509e+07
0.008379 1.1509e+07
0.0083828 1.1509e+07
0.0083865 1.1509e+07
0.0083903 1.1509e+07
0.0083941 1.1509e+07
0.0083978 1.1509e+07
0.0084016 1.1509e+07
0.0084054 1.1509e+07
0.0084092 1.1509e+07
0.0084129 1.1509e+07
0.0084167 1.1509e+07
0.0084205 1.1509e+07
0.0084242 1.1509e+07
0.008428 1.1509e+07
0.0084318 1.1509e+07
0.0084355 1.1509e+07
0.0084393 1.1509e+07
0.0084431 1.1509e+07
0.0084468 1.1509e+07
0.0084506 1.1509e+07
0.0084544 1.1509e+07
0.0084582 1.1509e+07
0.0084619 1.1509e+07
0.0084657 1.1509e+07
0.0084695 1.1509e+07
0.0084732 1.1509e+07
0.008477 1.1509e+07
0.0084808 1.1509e+07
0.0084845 1.1509e+07
0.0084883 1.1509e+07
0.0084921 1.1509e+07
0.0084958 1.1509e+07
0.0084996 1.1509e+07
0.0085034 1.1509e+07
0.0085072 1.1509e+07
0.0085109 1.1509e+07
0.0085147 1.1509e+07
0.0085185 1.1509e+07
0.0085222 1.1509e+07
0.008526 1.1509e+07
0.0085298 1.1509e+07
0.0085335 1.1509e+07
0.0085373 1.1509e+07
0.0085411 1.1509e+07
0.0085448 1.1509e+07
0.0085486 1.1509e+07
0.0085524 1.1509e+07
0.0085562 1.1509e+07
0.0085599 1.1509e+07
0.0085637 1.1509e+07
0.0085675 1.1509e+07
0.0085712 1.1509e+07
0.008575 1.1509e+07
0.0085788 1.1509e+07
0.0085825 1.1509e+07
0.0085863 1.1509e+07
0.0085901 1.1509e+07
0.0085938 1.1509e+07
0.0085976 1.1509e+07
0.0086014 1.1509e+07
0.0086052 1.1509e+07
0.0086089 1.1509e+07
0.0086127 1.1509e+07
0.0086165 1.1509e+07
0.0086202 1.1509e+07
0.008624 1.1509e+07
0.0086278 1.1509e+07
0.0086315 1.1509e+07
0.0086353 1.1509e+07
0.0086391 1.1509e+07
0.0086428 1.1509e+07
0.0086466 1.1509e+07
0.0086504 1.1509e+07
0.0086542 1.1509e+07
0.0086579 1.1509e+07
0.0086617 1.1509e+07
0.0086655 1.1509e+07
0.0086692 1.1509e+07
0.008673 1.1509e+07
0.0086768 1.1509e+07
0.0086805 1.1509e+07
0.0086843 1.1509e+07
0.0086881 1.1509e+07
0.0086918 1.1509e+07
0.0086956 1.1509e+07
0.0086994 1.1509e+07
0.0087032 1.1509e+07
0.0087069 1.1509e+07
0.0087107 1.1509e+07
0.0087145 1.1509e+07
0.0087182 1.1509e+07
0.008722 1.1509e+07
0.0087258 1.1509e+07
0.0087295 1.1509e+07
0.0087333 1.1509e+07
0.0087371 1.1509e+07
0.0087408 1.1509e+07
0.0087446 1.1509e+07
0.0087484 1.1509e+07
0.0087522 1.1509e+07
0.0087559 1.1509e+07
0.0087597 1.1509e+07
0.0087635 1.1509e+07
0.0087672 1.1509e+07
0.008771 1.1509e+07
0.0087748 1.1509e+07
0.0087785 1.1509e+07
0.0087823 1.1509e+07
0.0087861 1.1509e+07
0.0087898 1.1509e+07
0.0087936 1.1509e+07
0.0087974 1.1509e+07
0.0088012 1.1509e+07
0.0088049 1.1509e+07
0.0088087 1.1509e+07
0.0088125 1.1509e+07
0.0088162 1.1509e+07
0.00882 1.1509e+07
0.0088238 1.1509e+07
0.0088275 1.1509e+07
0.0088313 1.1509e+07
0.0088351 1.1509e+07
0.0088388 1.1509e+07
0.0088426 1.1509e+07
0.0088464 1.1509e+07
0.0088502 1.1509e+07
0.0088539 1.1509e+07
0.0088577 1.1509e+07
0.0088615 1.1509e+07
0.0088652 1.1509e+07
0.008869 1.1509e+07
0.0088728 1.1509e+07
0.0088765 1.1509e+07
0.0088803 1.1509e+07
0.0088841 1.1509e+07
0.0088878 1.1509e+07
0.0088916 1.1509e+07
0.0088954 1.1509e+07
0.0088992 1.1509e+07
0.0089029 1.1509e+07
0.0089067 1.1509e+07
0.0089105 1.1509e+07
0.0089142 1.1509e+07
0.008918 1.1509e+07
0.0089218 1.1509e+07
0.0089255 1.1509e+07
0.0089293 1.1509e+07
0.0089331 1.1509e+07
0.0089368 1.1509e+07
0.0089406 1.1509e+07
0.0089444 1.1509e+07
0.0089482 1.1509e+07
0.0089519 1.1509e+07
0.0089557 1.1509e+07
0.0089595 1.1509e+07
0.0089632 1.1509e+07
0.008967 1.1509e+07
0.0089708 1.1509e+07
0.0089745 1.1509e+07
0.0089783 1.1509e+07
0.0089821 1.1509e+07
0.0089858 1.1509e+07
0.0089896 1.1509e+07
0.0089934 1.1509e+07
0.0089972 1.1509e+07
0.0090009 1.1509e+07
0.0090047 1.1509e+07
0.0090085 1.1509e+07
0.0090122 1.1509e+07
0.009016 1.1509e+07
0.0090198 1.1509e+07
0.0090235 1.1509e+07
0.0090273 1.1509e+07
0.0090311 1.1509e+07
0.0090348 1.1509e+07
0.0090386 1.1509e+07
0.0090424 1.1509e+07
0.0090462 1.1509e+07
0.0090499 1.1509e+07
0.0090537 1.1509e+07
0.0090575 1.1509e+07
0.0090612 1.1509e+07
0.009065 1.1509e+07
0.0090688 1.1509e+07
0.0090725 1.1509e+07
0.0090763 1.1509e+07
0.0090801 1.1509e+07
0.0090838 1.1509e+07
0.0090876 1.1509e+07
0.0090914 1.1509e+07
0.0090952 1.1509e+07
0.0090989 1.1509e+07
0.0091027 1.1509e+07
0.0091065 1.1509e+07
0.0091102 1.1509e+07
0.009114 1.1509e+07
0.0091178 1.1509e+07
0.0091215 1.1509e+07
0.0091253 1.1509e+07
0.0091291 1.1509e+07
0.0091328 1.1509e+07
0.0091366 1.1509e+07
0.0091404 1.1509e+07
0.0091442 1.1509e+07
0.0091479 1.1509e+07
0.0091517 1.1509e+07
0.0091555 1.1509e+07
0.0091592 1.1509e+07
0.009163 1.1509e+07
0.0091668 1.1509e+07
0.0091705 1.1509e+07
0.0091743 1.1509e+07
0.0091781 1.1509e+07
0.0091818 1.1509e+07
0.0091856 1.1509e+07
0.0091894 1.1509e+07
0.0091932 1.1509e+07
0.0091969 1.1509e+07
0.0092007 1.1509e+07
0.0092045 1.1509e+07
0.0092082 1.1509e+07
0.009212 1.1509e+07
0.0092158 1.1509e+07
0.0092195 1.1509e+07
0.0092233 1.1509e+07
0.0092271 1.1509e+07
0.0092308 1.1509e+07
0.0092346 1.1509e+07
0.0092384 1.1509e+07
0.0092422 1.1509e+07
0.0092459 1.1509e+07
0.0092497 1.1509e+07
0.0092535 1.1509e+07
0.0092572 1.1509e+07
0.009261 1.1509e+07
0.0092648 1.1509e+07
0.0092685 1.1509e+07
0.0092723 1.1509e+07
0.0092761 1.1509e+07
0.0092798 1.1509e+07
0.0092836 1.1509e+07
0.0092874 1.1509e+07
0.0092912 1.1509e+07
0.0092949 1.1509e+07
0.0092987 1.1509e+07
0.0093025 1.1509e+07
0.0093062 1.1509e+07
0.00931 1.1509e+07
0.0093138 1.1509e+07
0.0093175 1.1509e+07
0.0093213 1.1509e+07
0.0093251 1.1509e+07
0.0093288 1.1509e+07
0.0093326 1.1509e+07
0.0093364 1.1509e+07
0.0093402 1.1509e+07
0.0093439 1.1509e+07
0.0093477 1.1509e+07
0.0093515 1.1509e+07
0.0093552 1.1509e+07
0.009359 1.1509e+07
0.0093628 1.1509e+07
0.0093665 1.1509e+07
0.0093703 1.1509e+07
0.0093741 1.1509e+07
0.0093778 1.1509e+07
0.0093816 1.1509e+07
0.0093854 1.1509e+07
0.0093892 1.1509e+07
0.0093929 1.1509e+07
0.0093967 1.1509e+07
0.0094005 1.1509e+07
0.0094042 1.1509e+07
0.009408 1.1509e+07
0.0094118 1.1509e+07
0.0094155 1.1509e+07
0.0094193 1.1509e+07
0.0094231 1.1509e+07
0.0094268 1.1509e+07
0.0094306 1.1509e+07
0.0094344 1.1509e+07
0.0094382 1.1509e+07
0.0094419 1.1509e+07
0.0094457 1.1509e+07
0.0094495 1.1509e+07
0.0094532 1.1509e+07
0.009457 1.1509e+07
0.0094608 1.1509e+07
0.0094645 1.1509e+07
0.0094683 1.1509e+07
0.0094721 1.1509e+07
0.0094758 1.1509e+07
0.0094796 1.1509e+07
0.0094834 1.1509e+07
0.0094872 1.1509e+07
0.0094909 1.1509e+07
0.0094947 1.1509e+07
0.0094985 1.1509e+07
0.0095022 1.1509e+07
0.009506 1.1509e+07
0.0095098 1.1509e+07
0.0095135 1.1509e+07
0.0095173 1.1509e+07
0.0095211 1.1509e+07
0.0095248 1.1509e+07
0.0095286 1.1509e+07
0.0095324 1.1509e+07
0.0095362 1.1509e+07
0.0095399 1.1509e+07
0.0095437 1.1509e+07
0.0095475 1.1509e+07
0.0095512 1.1509e+07
0.009555 1.1509e+07
0.0095588 1.1509e+07
0.0095625 1.1509e+07
0.0095663 1.1509e+07
0.0095701 1.1509e+07
0.0095738 1.1509e+07
0.0095776 1.1509e+07
0.0095814 1.1509e+07
0.0095852 1.1509e+07
0.0095889 1.1509e+07
0.0095927 1.1509e+07
0.0095965 1.1509e+07
0.0096002 1.1509e+07
0.009604 1.1509e+07
0.0096078 1.1509e+07
0.0096115 1.1509e+07
0.0096153 1.1509e+07
0.0096191 1.1509e+07
0.0096228 1.1509e+07
0.0096266 1.1509e+07
0.0096304 1.1509e+07
0.0096342 1.1509e+07
0.0096379 1.1509e+07
0.0096417 1.1509e+07
0.0096455 1.1509e+07
0.0096492 1.1509e+07
0.009653 1.1509e+07
0.0096568 1.1509e+07
0.0096605 1.1509e+07
0.0096643 1.1509e+07
0.0096681 1.1509e+07
0.0096718 1.1509e+07
0.0096756 1.1509e+07
0.0096794 1.1509e+07
0.0096832 1.1509e+07
0.0096869 1.1509e+07
0.0096907 1.1509e+07
0.0096945 1.1509e+07
0.0096982 1.1509e+07
0.009702 1.1509e+07
0.0097058 1.1509e+07
0.0097095 1.1509e+07
0.0097133 1.1509e+07
0.0097171 1.1509e+07
0.0097208 1.1509e+07
0.0097246 1.1509e+07
0.0097284 1.1509e+07
0.0097322 1.1509e+07
0.0097359 1.1509e+07
0.0097397 1.1509e+07
0.0097435 1.1509e+07
0.0097472 1.1509e+07
0.009751 1.1509e+07
0.0097548 1.1509e+07
0.0097585 1.1509e+07
0.0097623 1.1509e+07
0.0097661 1.1509e+07
0.0097698 1.1509e+07
0.0097736 1.1509e+07
0.0097774 1.1509e+07
0.0097812 1.1509e+07
0.0097849 1.1509e+07
0.0097887 1.1509e+07
0.0097925 1.1509e+07
0.0097962 1.1509e+07
0.0098 1.1509e+07
0.0098038 1.1509e+07
0.0098075 1.1509e+07
0.0098113 1.1509e+07
0.0098151 1.1509e+07
0.0098188 1.1509e+07
0.0098226 1.1509e+07
0.0098264 1.1509e+07
0.0098302 1.1509e+07
0.0098339 1.1509e+07
0.0098377 1.1509e+07
0.0098415 1.1509e+07
0.0098452 1.1509e+07
0.009849 1.1509e+07
0.0098528 1.1509e+07
0.0098565 1.1509e+07
0.0098603 1.1509e+07
0.0098641 1.1509e+07
0.0098678 1.1509e+07
0.0098716 1.1509e+07
0.0098754 1.1509e+07
0.0098792 1.1509e+07
0.0098829 1.1509e+07
0.0098867 1.1509e+07
0.0098905 1.1509e+07
0.0098942 1.1509e+07
0.009898 1.1509e+07
0.0099018 1.1509e+07
0.0099055 1.1509e+07
0.0099093 1.1509e+07
0.0099131 1.1509e+07
0.0099168 1.1509e+07
0.0099206 1.1509e+07
0.0099244 1.1509e+07
0.0099282 1.1509e+07
0.0099319 1.1509e+07
0.0099357 1.1509e+07
0.0099395 1.1509e+07
0.0099432 1.1509e+07
0.009947 1.1509e+07
0.0099508 1.1509e+07
0.0099545 1.1509e+07
0.0099583 1.1509e+07
0.0099621 1.1509e+07
0.0099658 1.1509e+07
0.0099696 1.1509e+07
0.0099734 1.1509e+07
0.0099772 1.1509e+07
0.0099809 1.1509e+07
0.0099847 1.1509e+07
0.0099885 1.1509e+07
0.0099922 1.1509e+07
0.009996 1.1509e+07
0.0099998 1.1509e+07
0.010004 1.1509e+07
0.010007 1.1509e+07
0.010011 1.1509e+07
0.010015 1.1509e+07
0.010019 1.1509e+07
0.010022 1.1509e+07
0.010026 1.1509e+07
0.01003 1.1509e+07
0.010034 1.1509e+07
0.010037 1.1509e+07
0.010041 1.1509e+07
0.010045 1.1509e+07
0.010049 1.1509e+07
0.010053 1.1509e+07
0.010056 1.1509e+07
0.01006 1.1509e+07
0.010064 1.1509e+07
0.010068 1.1509e+07
0.010071 1.1509e+07
0.010075 1.1509e+07
0.010079 1.1509e+07
0.010083 1.1509e+07
0.010086 1.1509e+07
0.01009 1.1509e+07
0.010094 1.1509e+07
0.010098 1.1509e+07
0.010102 1.1509e+07
0.010105 1.1509e+07
0.010109 1.1509e+07
0.010113 1.1509e+07
0.010117 1.1509e+07
0.01012 1.1509e+07
0.010124 1.1509e+07
0.010128 1.1509e+07
0.010132 1.1509e+07
0.010135 1.1509e+07
0.010139 1.1509e+07
0.010143 1.1509e+07
0.010147 1.1509e+07
0.010151 1.1509e+07
0.010154 1.1509e+07
0.010158 1.1509e+07
0.010162 1.1509e+07
0.010166 1.1509e+07
0.010169 1.1509e+07
0.010173 1.1509e+07
0.010177 1.1509e+07
0.010181 1.1509e+07
0.010184 1.1509e+07
0.010188 1.1509e+07
0.010192 1.1509e+07
0.010196 1.1509e+07
0.0102 1.1509e+07
0.010203 1.1509e+07
0.010207 1.1509e+07
0.010211 1.1509e+07
0.010215 1.1509e+07
0.010218 1.1509e+07
0.010222 1.1509e+07
0.010226 1.1509e+07
0.01023 1.1509e+07
0.010233 1.1509e+07
0.010237 1.1509e+07
0.010241 1.1509e+07
0.010245 1.1509e+07
0.010249 1.1509e+07
0.010252 1.1509e+07
0.010256 1.1509e+07
0.01026 1.1509e+07
0.010264 1.1509e+07
0.010267 1.1509e+07
0.010271 1.1509e+07
0.010275 1.1509e+07
0.010279 1.1509e+07
0.010282 1.1509e+07
0.010286 1.1509e+07
0.01029 1.1509e+07
0.010294 1.1509e+07
0.010298 1.1509e+07
0.010301 1.1509e+07
0.010305 1.1509e+07
0.010309 1.1509e+07
0.010313 1.1509e+07
0.010316 1.1509e+07
0.01032 1.1509e+07
0.010324 1.1509e+07
0.010328 1.1509e+07
0.010331 1.1509e+07
0.010335 1.1509e+07
0.010339 1.1509e+07
0.010343 1.1509e+07
0.010347 1.1509e+07
0.01035 1.1509e+07
0.010354 1.1509e+07
0.010358 1.1509e+07
0.010362 1.1509e+07
0.010365 1.1509e+07
0.010369 1.1509e+07
0.010373 1.1509e+07
0.010377 1.1509e+07
0.01038 1.1509e+07
0.010384 1.1509e+07
0.010388 1.1509e+07
0.010392 1.1509e+07
0.010396 1.1509e+07
0.010399 1.1509e+07
0.010403 1.1509e+07
0.010407 1.1509e+07
0.010411 1.1509e+07
0.010414 1.1509e+07
0.010418 1.1509e+07
0.010422 1.1509e+07
0.010426 1.1509e+07
0.010429 1.1509e+07
0.010433 1.1509e+07
0.010437 1.1509e+07
0.010441 1.1509e+07
0.010445 1.1509e+07
0.010448 1.1509e+07
0.010452 1.1509e+07
0.010456 1.1509e+07
0.01046 1.1509e+07
0.010463 1.1509e+07
0.010467 1.1509e+07
0.010471 1.1509e+07
0.010475 1.1509e+07
0.010478 1.1509e+07
0.010482 1.1509e+07
0.010486 1.1509e+07
0.01049 1.1509e+07
0.010494 1.1509e+07
0.010497 1.1509e+07
0.010501 1.1509e+07
0.010505 1.1509e+07
0.010509 1.1509e+07
0.010512 1.1509e+07
0.010516 1.1509e+07
0.01052 1.1509e+07
0.010524 1.1509e+07
0.010527 1.1509e+07
0.010531 1.1509e+07
0.010535 1.1509e+07
0.010539 1.1509e+07
0.010543 1.1509e+07
0.010546 1.1509e+07
0.01055 1.1509e+07
0.010554 1.1509e+07
0.010558 1.1509e+07
0.010561 1.1509e+07
0.010565 1.1509e+07
0.010569 1.1509e+07
0.010573 1.1509e+07
0.010576 1.1509e+07
0.01058 1.1509e+07
0.010584 1.1509e+07
0.010588 1.1509e+07
0.010592 1.1509e+07
0.010595 1.1509e+07
0.010599 1.1509e+07
0.010603 1.1509e+07
0.010607 1.1509e+07
0.01061 1.1509e+07
0.010614 1.1509e+07
0.010618 1.1509e+07
0.010622 1.1509e+07
0.010625 1.1509e+07
0.010629 1.1509e+07
0.010633 1.1509e+07
0.010637 1.1509e+07
0.010641 1.1509e+07
0.010644 1.1509e+07
0.010648 1.1509e+07
0.010652 1.1509e+07
0.010656 1.1509e+07
0.010659 1.1509e+07
0.010663 1.1509e+07
0.010667 1.1509e+07
0.010671 1.1509e+07
0.010674 1.1509e+07
0.010678 1.1509e+07
0.010682 1.1509e+07
0.010686 1.1509e+07
0.01069 1.1509e+07
0.010693 1.1509e+07
0.010697 1.1509e+07
0.010701 1.1509e+07
0.010705 1.1509e+07
0.010708 1.1509e+07
0.010712 1.1509e+07
0.010716 1.1509e+07
0.01072 1.1509e+07
0.010723 1.1509e+07
0.010727 1.1509e+07
0.010731 1.1509e+07
0.010735 1.1509e+07
0.010739 1.1509e+07
0.010742 1.1509e+07
0.010746 1.1509e+07
0.01075 1.1509e+07
0.010754 1.1509e+07
0.010757 1.1509e+07
0.010761 1.1509e+07
0.010765 1.1509e+07
0.010769 1.1509e+07
0.010772 1.1509e+07
0.010776 1.1509e+07
0.01078 1.1509e+07
0.010784 1.1509e+07
0.010788 1.1509e+07
0.010791 1.1509e+07
0.010795 1.1509e+07
0.010799 1.1509e+07
0.010803 1.1509e+07
0.010806 1.1509e+07
0.01081 1.1509e+07
0.010814 1.1509e+07
0.010818 1.1509e+07
0.010821 1.1509e+07
0.010825 1.1509e+07
0.010829 1.1509e+07
0.010833 1.1509e+07
0.010837 1.1509e+07
0.01084 1.1509e+07
0.010844 1.1509e+07
0.010848 1.1509e+07
0.010852 1.1509e+07
0.010855 1.1509e+07
0.010859 1.1509e+07
0.010863 1.1509e+07
0.010867 1.1509e+07
0.01087 1.1509e+07
0.010874 1.1509e+07
0.010878 1.1509e+07
0.010882 1.1509e+07
0.010886 1.1509e+07
0.010889 1.1509e+07
0.010893 1.1509e+07
0.010897 1.1509e+07
0.010901 1.1509e+07
0.010904 1.1509e+07
0.010908 1.1509e+07
0.010912 1.1509e+07
0.010916 1.1509e+07
0.010919 1.1509e+07
0.010923 1.1509e+07
0.010927 1.1509e+07
0.010931 1.1509e+07
0.010935 1.1509e+07
0.010938 1.1509e+07
0.010942 1.1509e+07
0.010946 1.1509e+07
0.01095 1.1509e+07
0.010953 1.1509e+07
0.010957 1.1509e+07
0.010961 1.1509e+07
0.010965 1.1509e+07
0.010968 1.1509e+07
0.010972 1.1509e+07
0.010976 1.1509e+07
0.01098 1.1509e+07
0.010984 1.1509e+07
0.010987 1.1509e+07
0.010991 1.1509e+07
0.010995 1.1509e+07
0.010999 1.1509e+07
0.011002 1.1509e+07
0.011006 1.1509e+07
0.01101 1.1509e+07
0.011014 1.1509e+07
0.011017 1.1509e+07
0.011021 1.1509e+07
0.011025 1.1509e+07
0.011029 1.1509e+07
0.011033 1.1509e+07
0.011036 1.1509e+07
0.01104 1.1509e+07
0.011044 1.1509e+07
0.011048 1.1509e+07
0.011051 1.1509e+07
0.011055 1.1509e+07
0.011059 1.1509e+07
0.011063 1.1509e+07
0.011066 1.1509e+07
0.01107 1.1509e+07
0.011074 1.1509e+07
0.011078 1.1509e+07
0.011082 1.1509e+07
0.011085 1.1509e+07
0.011089 1.1509e+07
0.011093 1.1509e+07
0.011097 1.1509e+07
0.0111 1.1509e+07
0.011104 1.1509e+07
0.011108 1.1509e+07
0.011112 1.1509e+07
0.011115 1.1509e+07
0.011119 1.1509e+07
0.011123 1.1509e+07
0.011127 1.1509e+07
0.011131 1.1509e+07
0.011134 1.1509e+07
0.011138 1.1509e+07
0.011142 1.1509e+07
0.011146 1.1509e+07
0.011149 1.1509e+07
0.011153 1.1509e+07
0.011157 1.1509e+07
0.011161 1.1509e+07
0.011164 1.1509e+07
0.011168 1.1509e+07
0.011172 1.1509e+07
0.011176 1.1509e+07
0.01118 1.1509e+07
0.011183 1.1509e+07
0.011187 1.1509e+07
0.011191 1.1509e+07
0.011195 1.1509e+07
0.011198 1.1509e+07
0.011202 1.1509e+07
0.011206 1.1509e+07
0.01121 1.1509e+07
0.011213 1.1509e+07
0.011217 1.1509e+07
0.011221 1.1509e+07
0.011225 1.1509e+07
0.011229 1.1509e+07
0.011232 1.1509e+07
0.011236 1.1509e+07
0.01124 1.1509e+07
0.011244 1.1509e+07
0.011247 1.1509e+07
0.011251 1.1509e+07
0.011255 1.1509e+07
0.011259 1.1509e+07
0.011262 1.1509e+07
0.011266 1.1509e+07
0.01127 1.1509e+07
0.011274 1.1509e+07
0.011278 1.1509e+07
0.011281 1.1509e+07
0.011285 1.1509e+07
0.011289 1.1509e+07
0.011293 1.1509e+07
0.011296 1.1509e+07
0.0113 1.1509e+07
0.011304 1.1509e+07
0.011308 1.1509e+07
0.011311 1.1509e+07
0.011315 1.1509e+07
0.011319 1.1509e+07
0.011323 1.1509e+07
0.011327 1.1509e+07
0.01133 1.1509e+07
0.011334 1.1509e+07
0.011338 1.1509e+07
0.011342 1.1509e+07
0.011345 1.1509e+07
0.011349 1.1509e+07
0.011353 1.1509e+07
0.011357 1.1509e+07
0.01136 1.1509e+07
0.011364 1.1509e+07
0.011368 1.1509e+07
0.011372 1.1509e+07
0.011376 1.1509e+07
0.011379 1.1509e+07
0.011383 1.1509e+07
0.011387 1.1509e+07
0.011391 1.1509e+07
0.011394 1.1509e+07
0.011398 1.1509e+07
0.011402 1.1509e+07
0.011406 1.1509e+07
0.011409 1.1509e+07
0.011413 1.1509e+07
0.011417 1.1509e+07
0.011421 1.1509e+07
0.011425 1.1509e+07
0.011428 1.1509e+07
0.011432 1.1509e+07
0.011436 1.1509e+07
0.01144 1.1509e+07
0.011443 1.1509e+07
0.011447 1.1509e+07
0.011451 1.1509e+07
0.011455 1.1509e+07
0.011458 1.1509e+07
0.011462 1.1509e+07
0.011466 1.1509e+07
0.01147 1.1509e+07
0.011474 1.1509e+07
0.011477 1.1509e+07
0.011481 1.1509e+07
0.011485 1.1509e+07
0.011489 1.1509e+07
0.011492 1.1509e+07
0.011496 1.1509e+07
0.0115 1.1509e+07
0.011504 1.1509e+07
0.011507 1.1509e+07
0.011511 1.1509e+07
0.011515 1.1509e+07
0.011519 1.1509e+07
0.011523 1.1509e+07
0.011526 1.1509e+07
0.01153 1.1509e+07
0.011534 1.1509e+07
0.011538 1.1509e+07
0.011541 1.1509e+07
0.011545 1.1509e+07
0.011549 1.1509e+07
0.011553 1.1509e+07
0.011556 1.1509e+07
0.01156 1.1509e+07
0.011564 1.1509e+07
0.011568 1.1509e+07
0.011572 1.1509e+07
0.011575 1.1509e+07
0.011579 1.1509e+07
0.011583 1.1509e+07
0.011587 1.1509e+07
0.01159 1.1509e+07
0.011594 1.1509e+07
0.011598 1.1509e+07
0.011602 1.1509e+07
0.011605 1.1509e+07
0.011609 1.1509e+07
0.011613 1.1509e+07
0.011617 1.1509e+07
0.011621 1.1509e+07
0.011624 1.1509e+07
0.011628 1.1509e+07
0.011632 1.1509e+07
0.011636 1.1509e+07
0.011639 1.1509e+07
0.011643 1.1509e+07
0.011647 1.1509e+07
0.011651 1.1509e+07
0.011654 1.1509e+07
0.011658 1.1509e+07
0.011662 1.1509e+07
0.011666 1.1509e+07
0.01167 1.1509e+07
0.011673 1.1509e+07
0.011677 1.1509e+07
0.011681 1.1509e+07
0.011685 1.1509e+07
0.011688 1.1509e+07
0.011692 1.1509e+07
0.011696 1.1509e+07
0.0117 1.1509e+07
0.011703 1.1509e+07
0.011707 1.1509e+07
0.011711 1.1509e+07
0.011715 1.1509e+07
0.011719 1.1509e+07
0.011722 1.1509e+07
0.011726 1.1509e+07
0.01173 1.1509e+07
0.011734 1.1509e+07
0.011737 1.1509e+07
0.011741 1.1509e+07
0.011745 1.1509e+07
0.011749 1.1509e+07
0.011752 1.1509e+07
0.011756 1.1509e+07
0.01176 1.1509e+07
0.011764 1.1509e+07
0.011768 1.1509e+07
0.011771 1.1509e+07
0.011775 1.1509e+07
0.011779 1.1509e+07
0.011783 1.1509e+07
0.011786 1.1509e+07
0.01179 1.1509e+07
0.011794 1.1509e+07
0.011798 1.1509e+07
0.011801 1.1509e+07
0.011805 1.1509e+07
0.011809 1.1509e+07
0.011813 1.1509e+07
0.011817 1.1509e+07
0.01182 1.1509e+07
0.011824 1.1509e+07
0.011828 1.1509e+07
0.011832 1.1509e+07
0.011835 1.1509e+07
0.011839 1.1509e+07
0.011843 1.1509e+07
0.011847 1.1509e+07
0.01185 1.1509e+07
0.011854 1.1509e+07
0.011858 1.1509e+07
0.011862 1.1509e+07
0.011866 1.1509e+07
0.011869 1.1509e+07
0.011873 1.1509e+07
0.011877 1.1509e+07
0.011881 1.1509e+07
0.011884 1.1509e+07
0.011888 1.1509e+07
0.011892 1.1509e+07
0.011896 1.1509e+07
0.011899 1.1509e+07
0.011903 1.1509e+07
0.011907 1.1509e+07
0.011911 1.1509e+07
0.011915 1.1509e+07
0.011918 1.1509e+07
0.011922 1.1509e+07
0.011926 1.1509e+07
0.01193 1.1509e+07
0.011933 1.1509e+07
0.011937 1.1509e+07
0.011941 1.1509e+07
0.011945 1.1509e+07
0.011948 1.1509e+07
0.011952 1.1509e+07
0.011956 1.1509e+07
0.01196 1.1509e+07
0.011964 1.1509e+07
0.011967 1.1509e+07
0.011971 1.1509e+07
0.011975 1.1509e+07
0.011979 1.1509e+07
0.011982 1.1509e+07
0.011986 1.1509e+07
0.01199 1.1509e+07
0.011994 1.1509e+07
0.011997 1.1509e+07
0.012001 1.1509e+07
0.012005 1.1509e+07
0.012009 1.1509e+07
0.012013 1.1509e+07
0.012016 1.1509e+07
0.01202 1.1509e+07
0.012024 1.1509e+07
0.012028 1.1509e+07
0.012031 1.1509e+07
0.012035 1.1509e+07
0.012039 1.1509e+07
0.012043 1.1509e+07
0.012046 1.1509e+07
0.01205 1.1509e+07
0.012054 1.1509e+07
0.012058 1.1509e+07
0.012062 1.1509e+07
0.012065 1.1509e+07
0.012069 1.1509e+07
0.012073 1.1509e+07
0.012077 1.1509e+07
0.01208 1.1509e+07
0.012084 1.1509e+07
0.012088 1.1509e+07
0.012092 1.1509e+07
0.012095 1.1509e+07
0.012099 1.1509e+07
0.012103 1.1509e+07
0.012107 1.1509e+07
0.012111 1.1509e+07
0.012114 1.1509e+07
0.012118 1.1509e+07
0.012122 1.1509e+07
0.012126 1.1509e+07
0.012129 1.1509e+07
0.012133 1.1509e+07
0.012137 1.1509e+07
0.012141 1.1509e+07
0.012144 1.1509e+07
0.012148 1.1509e+07
0.012152 1.1509e+07
0.012156 1.1509e+07
0.01216 1.1509e+07
0.012163 1.1509e+07
0.012167 1.1509e+07
0.012171 1.1509e+07
0.012175 1.1509e+07
0.012178 1.1509e+07
0.012182 1.1509e+07
0.012186 1.1509e+07
0.01219 1.1509e+07
0.012193 1.1509e+07
0.012197 1.1509e+07
0.012201 1.1509e+07
0.012205 1.1509e+07
0.012209 1.1509e+07
0.012212 1.1509e+07
0.012216 1.1509e+07
0.01222 1.1509e+07
0.012224 1.1509e+07
0.012227 1.1509e+07
0.012231 1.1509e+07
0.012235 1.1509e+07
0.012239 1.1509e+07
0.012242 1.1509e+07
0.012246 1.1509e+07
0.01225 1.1509e+07
0.012254 1.1509e+07
0.012258 1.1509e+07
0.012261 1.1509e+07
0.012265 1.1509e+07
0.012269 1.1509e+07
0.012273 1.1509e+07
0.012276 1.1509e+07
0.01228 1.1509e+07
0.012284 1.1509e+07
0.012288 1.1509e+07
0.012291 1.1509e+07
0.012295 1.1509e+07
0.012299 1.1509e+07
0.012303 1.1509e+07
0.012307 1.1509e+07
0.01231 1.1509e+07
0.012314 1.1509e+07
0.012318 1.1509e+07
0.012322 1.1509e+07
0.012325 1.1509e+07
0.012329 1.1509e+07
0.012333 1.1509e+07
0.012337 1.1509e+07
0.01234 1.1509e+07
0.012344 1.1509e+07
0.012348 1.1509e+07
0.012352 1.1509e+07
0.012356 1.1509e+07
0.012359 1.1509e+07
0.012363 1.1509e+07
0.012367 1.1509e+07
0.012371 1.1509e+07
0.012374 1.1509e+07
0.012378 1.1509e+07
0.012382 1.1509e+07
0.012386 1.1509e+07
0.012389 1.1509e+07
0.012393 1.1509e+07
0.012397 1.1509e+07
0.012401 1.1509e+07
0.012405 1.1509e+07
0.012408 1.1509e+07
0.012412 1.1509e+07
0.012416 1.1509e+07
0.01242 1.1509e+07
0.012423 1.1509e+07
0.012427 1.1509e+07
0.012431 1.1509e+07
0.012435 1.1509e+07
0.012438 1.1509e+07
0.012442 1.1509e+07
0.012446 1.1509e+07
0.01245 1.1509e+07
0.012454 1.1509e+07
0.012457 1.1509e+07
0.012461 1.1509e+07
0.012465 1.1509e+07
0.012469 1.1509e+07
0.012472 1.1509e+07
0.012476 1.1509e+07
0.01248 1.1509e+07
0.012484 1.1509e+07
0.012487 1.1509e+07
0.012491 1.1509e+07
0.012495 1.1509e+07
0.012499 1.1509e+07
0.012503 1.1509e+07
0.012506 1.1509e+07
0.01251 1.1509e+07
0.012514 1.1509e+07
0.012518 1.1509e+07
0.012521 1.1509e+07
0.012525 1.1509e+07
0.012529 1.1509e+07
0.012533 1.1509e+07
0.012536 1.1509e+07
0.01254 1.1509e+07
0.012544 1.1509e+07
0.012548 1.1509e+07
0.012552 1.1509e+07
0.012555 1.1509e+07
0.012559 1.1509e+07
0.012563 1.1509e+07
0.012567 1.1509e+07
0.01257 1.1509e+07
0.012574 1.1509e+07
0.012578 1.1509e+07
0.012582 1.1509e+07
0.012585 1.1509e+07
0.012589 1.1509e+07
0.012593 1.1509e+07
0.012597 1.1509e+07
0.012601 1.1509e+07
0.012604 1.1509e+07
0.012608 1.1509e+07
0.012612 1.1509e+07
0.012616 1.1509e+07
0.012619 1.1509e+07
0.012623 1.1509e+07
0.012627 1.1509e+07
0.012631 1.1509e+07
0.012634 1.1509e+07
0.012638 1.1509e+07
0.012642 1.1509e+07
0.012646 1.1509e+07
0.01265 1.1509e+07
0.012653 1.1509e+07
0.012657 1.1509e+07
0.012661 1.1509e+07
0.012665 1.1509e+07
0.012668 1.1509e+07
0.012672 1.1509e+07
0.012676 1.1509e+07
0.01268 1.1509e+07
0.012683 1.1509e+07
0.012687 1.1509e+07
0.012691 1.1509e+07
0.012695 1.1509e+07
0.012699 1.1509e+07
0.012702 1.1509e+07
0.012706 1.1509e+07
0.01271 1.1509e+07
0.012714 1.1509e+07
0.012717 1.1509e+07
0.012721 1.1509e+07
0.012725 1.1509e+07
0.012729 1.1509e+07
0.012732 1.1509e+07
0.012736 1.1509e+07
0.01274 1.1509e+07
0.012744 1.1509e+07
0.012748 1.1509e+07
0.012751 1.1509e+07
0.012755 1.1509e+07
0.012759 1.1509e+07
0.012763 1.1509e+07
0.012766 1.1509e+07
0.01277 1.1509e+07
0.012774 1.1509e+07
0.012778 1.1509e+07
0.012781 1.1509e+07
0.012785 1.1509e+07
0.012789 1.1509e+07
0.012793 1.1509e+07
0.012797 1.1509e+07
0.0128 1.1509e+07
0.012804 1.1509e+07
0.012808 1.1509e+07
0.012812 1.1509e+07
0.012815 1.1509e+07
0.012819 1.1509e+07
0.012823 1.1509e+07
0.012827 1.1509e+07
0.01283 1.1509e+07
0.012834 1.1509e+07
0.012838 1.1509e+07
0.012842 1.1509e+07
0.012846 1.1509e+07
0.012849 1.1509e+07
0.012853 1.1509e+07
0.012857 1.1509e+07
0.012861 1.1509e+07
0.012864 1.1509e+07
0.012868 1.1509e+07
0.012872 1.1509e+07
0.012876 1.1509e+07
0.012879 1.1509e+07
0.012883 1.1509e+07
0.012887 1.1509e+07
0.012891 1.1509e+07
0.012895 1.1509e+07
0.012898 1.1509e+07
0.012902 1.1509e+07
0.012906 1.1509e+07
0.01291 1.1509e+07
0.012913 1.1509e+07
0.012917 1.1509e+07
0.012921 1.1509e+07
0.012925 1.1509e+07
0.012928 1.1509e+07
0.012932 1.1509e+07
0.012936 1.1509e+07
0.01294 1.1509e+07
0.012944 1.1509e+07
0.012947 1.1509e+07
0.012951 1.1509e+07
0.012955 1.1509e+07
0.012959 1.1509e+07
0.012962 1.1509e+07
0.012966 1.1509e+07
0.01297 1.1509e+07
0.012974 1.1509e+07
0.012977 1.1509e+07
0.012981 1.1509e+07
0.012985 1.1509e+07
0.012989 1.1509e+07
0.012993 1.1509e+07
0.012996 1.1509e+07
0.013 1.1509e+07
0.013004 1.1509e+07
0.013008 1.1509e+07
0.013011 1.1509e+07
0.013015 1.1509e+07
0.013019 1.1509e+07
0.013023 1.1509e+07
0.013026 1.1509e+07
0.01303 1.1509e+07
0.013034 1.1509e+07
0.013038 1.1509e+07
0.013042 1.1509e+07
0.013045 1.1509e+07
0.013049 1.1509e+07
0.013053 1.1509e+07
0.013057 1.1509e+07
0.01306 1.1509e+07
0.013064 1.1509e+07
0.013068 1.1509e+07
0.013072 1.1509e+07
0.013075 1.1509e+07
0.013079 1.1509e+07
0.013083 1.1509e+07
0.013087 1.1509e+07
0.013091 1.1509e+07
0.013094 1.1509e+07
0.013098 1.1509e+07
0.013102 1.1509e+07
0.013106 1.1509e+07
0.013109 1.1509e+07
0.013113 1.1509e+07
0.013117 1.1509e+07
0.013121 1.1509e+07
0.013124 1.1509e+07
0.013128 1.1509e+07
0.013132 1.1509e+07
0.013136 1.1509e+07
0.01314 1.1509e+07
0.013143 1.1509e+07
0.013147 1.1509e+07
0.013151 1.1509e+07
0.013155 1.1509e+07
0.013158 1.1509e+07
0.013162 1.1509e+07
0.013166 1.1509e+07
0.01317 1.1509e+07
0.013173 1.1509e+07
0.013177 1.1509e+07
0.013181 1.1509e+07
0.013185 1.1509e+07
0.013189 1.1509e+07
0.013192 1.1509e+07
1 1.1509e+07
