3.7692e-06 70112
7.5385e-06 70112
1.1308e-05 70112
1.5077e-05 70112
1.8846e-05 70112
2.2615e-05 70112
2.6385e-05 70112
3.0154e-05 70111
3.3923e-05 70111
3.7692e-05 70110
4.1462e-05 70109
4.5231e-05 70107
4.9e-05 70104
5.2769e-05 70099
5.6538e-05 70093
6.0308e-05 70084
6.4077e-05 70070
6.7846e-05 70051
7.1615e-05 70023
7.5385e-05 69985
7.9154e-05 69931
8.2923e-05 69857
8.6692e-05 69756
9.0462e-05 69621
9.4231e-05 69440
9.8e-05 69201
0.00010177 68890
0.00010554 68489
0.00010931 67977
0.00011308 67332
0.00011685 66529
0.00012062 65544
0.00012438 64349
0.00012815 62920
0.00013192 61237
0.00013569 59283
0.00013946 57051
0.00014323 54542
0.000147 51770
0.00015077 48762
0.00015454 45554
0.00015831 42198
0.00016208 38752
0.00016585 35279
0.00016962 31846
0.00017338 28515
0.00017715 25340
0.00018092 22368
0.00018469 19632
0.00018846 17152
0.00019223 14938
0.000196 12987
0.00019977 11288
0.00020354 9825.2
0.00020731 8577.1
0.00021108 7520.8
0.00021485 6633.5
0.00021862 5892.7
0.00022238 5278
0.00022615 4771
0.00022992 4355.4
0.00023369 4017.5
0.00023746 3745.5
0.00024123 3529.6
0.000245 3361.6
0.00024877 3234.9
0.00025254 3144
0.00025631 3084.5
0.00026008 3052.8
0.00026385 3046.1
0.00026762 3062.1
0.00027138 3098.8
0.00027515 3154.9
0.00027892 3229.2
0.00028269 3320.8
0.00028646 3429.1
0.00029023 3553.7
0.000294 3694.1
0.00029777 3850.4
0.00030154 4022.5
0.00030531 4210.5
0.00030908 4414.6
0.00031285 4635.2
0.00031662 4872.6
0.00032038 5127.4
0.00032415 5400.1
0.00032792 5691.2
0.00033169 6001.5
0.00033546 6331.7
0.00033923 6682.4
0.000343 7054.3
0.00034677 7448.3
0.00035054 7865
0.00035431 8305.2
0.00035808 8769.5
0.00036185 9258.6
0.00036562 9773.2
0.00036938 10314
0.00037315 10881
0.00037692 11475
0.00038069 12096
0.00038446 12745
0.00038823 13421
0.000392 14126
0.00039577 14858
0.00039954 15617
0.00040331 16405
0.00040708 17218
0.00041085 18059
0.00041462 18925
0.00041838 19816
0.00042215 20732
0.00042592 21670
0.00042969 22630
0.00043346 23611
0.00043723 24612
0.000441 25630
0.00044477 26664
0.00044854 27713
0.00045231 28775
0.00045608 29848
0.00045985 30930
0.00046362 32019
0.00046738 33114
0.00047115 34212
0.00047492 35311
0.00047869 36409
0.00048246 37505
0.00048623 38597
0.00049 39682
0.00049377 40758
0.00049754 41825
0.00050131 42880
0.00050508 43921
0.00050885 44948
0.00051262 45958
0.00051638 46950
0.00052015 47923
0.00052392 48876
0.00052769 49808
0.00053146 50718
0.00053523 51604
0.000539 52467
0.00054277 53305
0.00054654 54119
0.00055031 54907
0.00055408 55670
0.00055785 56407
0.00056162 57119
0.00056538 57804
0.00056915 58464
0.00057292 59098
0.00057669 59706
0.00058046 60290
0.00058423 60849
0.000588 61383
0.00059177 61893
0.00059554 62380
0.00059931 62845
0.00060308 63286
0.00060685 63707
0.00061062 64106
0.00061438 64484
0.00061815 64843
0.00062192 65183
0.00062569 65505
0.00062946 65809
0.00063323 66095
0.000637 66366
0.00064077 66621
0.00064454 66861
0.00064831 67086
0.00065208 67299
0.00065585 67498
0.00065962 67684
0.00066338 67859
0.00066715 68023
0.00067092 68176
0.00067469 68320
0.00067846 68454
0.00068223 68578
0.000686 68695
0.00068977 68803
0.00069354 68904
0.00069731 68998
0.00070108 69086
0.00070485 69167
0.00070862 69242
0.00071238 69312
0.00071615 69377
0.00071992 69437
0.00072369 69492
0.00072746 69543
0.00073123 69591
0.000735 69634
0.00073877 69675
0.00074254 69712
0.00074631 69746
0.00075008 69778
0.00075385 69807
0.00075762 69833
0.00076138 69858
0.00076515 69880
0.00076892 69901
0.00077269 69920
0.00077646 69937
0.00078023 69953
0.000784 69968
0.00078777 69981
0.00079154 69993
0.00079531 70004
0.00079908 70014
0.00080285 70023
0.00080662 70032
0.00081038 70040
0.00081415 70047
0.00081792 70053
0.00082169 70059
0.00082546 70064
0.00082923 70069
0.000833 70073
0.00083677 70077
0.00084054 70080
0.00084431 70083
0.00084808 70086
0.00085185 70089
0.00085562 70091
0.00085938 70093
0.00086315 70095
0.00086692 70097
0.00087069 70099
0.00087446 70100
0.00087823 70101
0.000882 70103
0.00088577 70104
0.00088954 70104
0.00089331 70105
0.00089708 70106
0.00090085 70107
0.00090462 70107
0.00090838 70108
0.00091215 70108
0.00091592 70109
0.00091969 70109
0.00092346 70109
0.00092723 70110
0.000931 70110
0.00093477 70110
0.00093854 70110
0.00094231 70111
0.00094608 70111
0.00094985 70111
0.00095362 70111
0.00095738 70111
0.00096115 70111
0.00096492 70111
0.00096869 70111
0.00097246 70112
0.00097623 70112
0.00098 70112
0.00098377 70112
0.00098754 70112
0.00099131 70112
0.00099508 70112
0.00099885 70112
0.0010026 70112
0.0010064 70112
0.0010102 70112
0.0010139 70112
0.0010177 70112
0.0010215 70112
0.0010252 70112
0.001029 70112
0.0010328 70112
0.0010365 70112
0.0010403 70112
0.0010441 70112
0.0010478 70112
0.0010516 70112
0.0010554 70112
0.0010592 70112
0.0010629 70112
0.0010667 70112
0.0010705 70112
0.0010742 70112
0.001078 70112
0.0010818 70112
0.0010855 70112
0.0010893 70112
0.0010931 70112
0.0010968 70112
0.0011006 70112
0.0011044 70112
0.0011082 70112
0.0011119 70112
0.0011157 70112
0.0011195 70112
0.0011232 70112
0.001127 70112
0.0011308 70112
0.0011345 70112
0.0011383 70112
0.0011421 70112
0.0011458 70112
0.0011496 70112
0.0011534 70112
0.0011572 70112
0.0011609 70112
0.0011647 70112
0.0011685 70112
0.0011722 70112
0.001176 70112
0.0011798 70112
0.0011835 70112
0.0011873 70112
0.0011911 70112
0.0011948 70112
0.0011986 70112
0.0012024 70112
0.0012062 70112
0.0012099 70112
0.0012137 70112
0.0012175 70112
0.0012212 70112
0.001225 70112
0.0012288 70112
0.0012325 70112
0.0012363 70112
0.0012401 70112
0.0012438 70112
0.0012476 70112
0.0012514 70112
0.0012552 70112
0.0012589 70112
0.0012627 70112
0.0012665 70112
0.0012702 70112
0.001274 70112
0.0012778 70112
0.0012815 70112
0.0012853 70112
0.0012891 70112
0.0012928 70112
0.0012966 70112
0.0013004 70112
0.0013042 70112
0.0013079 70112
0.0013117 70112
0.0013155 70112
0.0013192 70112
0.001323 70112
0.0013268 70112
0.0013305 70112
0.0013343 70112
0.0013381 70112
0.0013418 70112
0.0013456 70112
0.0013494 70112
0.0013532 70112
0.0013569 70112
0.0013607 70112
0.0013645 70112
0.0013682 70112
0.001372 70112
0.0013758 70112
0.0013795 70112
0.0013833 70112
0.0013871 70112
0.0013908 70112
0.0013946 70112
0.0013984 70112
0.0014022 70112
0.0014059 70112
0.0014097 70112
0.0014135 70112
0.0014172 70112
0.001421 70112
0.0014248 70112
0.0014285 70112
0.0014323 70112
0.0014361 70112
0.0014398 70112
0.0014436 70112
0.0014474 70112
0.0014512 70112
0.0014549 70112
0.0014587 70112
0.0014625 70112
0.0014662 70112
0.00147 70112
0.0014738 70112
0.0014775 70112
0.0014813 70112
0.0014851 70112
0.0014888 70112
0.0014926 70112
0.0014964 70112
0.0015002 70112
0.0015039 70112
0.0015077 70112
0.0015115 70112
0.0015152 70112
0.001519 70112
0.0015228 70112
0.0015265 70112
0.0015303 70112
0.0015341 70112
0.0015378 70112
0.0015416 70112
0.0015454 70112
0.0015492 70112
0.0015529 70112
0.0015567 70112
0.0015605 70112
0.0015642 70112
0.001568 70112
0.0015718 70112
0.0015755 70112
0.0015793 70112
0.0015831 70112
0.0015868 70112
0.0015906 70112
0.0015944 70112
0.0015982 70112
0.0016019 70112
0.0016057 70112
0.0016095 70112
0.0016132 70112
0.001617 70112
0.0016208 70112
0.0016245 70112
0.0016283 70112
0.0016321 70112
0.0016358 70112
0.0016396 70112
0.0016434 70112
0.0016472 70112
0.0016509 70112
0.0016547 70112
0.0016585 70112
0.0016622 70112
0.001666 70112
0.0016698 70112
0.0016735 70112
0.0016773 70112
0.0016811 70112
0.0016848 70112
0.0016886 70112
0.0016924 70112
0.0016962 70112
0.0016999 70112
0.0017037 70112
0.0017075 70112
0.0017112 70112
0.001715 70112
0.0017188 70112
0.0017225 70112
0.0017263 70112
0.0017301 70112
0.0017338 70112
0.0017376 70112
0.0017414 70112
0.0017452 70112
0.0017489 70112
0.0017527 70112
0.0017565 70112
0.0017602 70112
0.001764 70112
0.0017678 70112
0.0017715 70112
0.0017753 70112
0.0017791 70112
0.0017828 70112
0.0017866 70112
0.0017904 70112
0.0017942 70112
0.0017979 70112
0.0018017 70112
0.0018055 70112
0.0018092 70112
0.001813 70112
0.0018168 70112
0.0018205 70112
0.0018243 70112
0.0018281 70112
0.0018318 70112
0.0018356 70112
0.0018394 70112
0.0018432 70112
0.0018469 70112
0.0018507 70112
0.0018545 70112
0.0018582 70112
0.001862 70112
0.0018658 70112
0.0018695 70112
0.0018733 70112
0.0018771 70112
0.0018808 70112
0.0018846 70112
0.0018884 70112
0.0018922 70112
0.0018959 70112
0.0018997 70112
0.0019035 70112
0.0019072 70112
0.001911 70112
0.0019148 70112
0.0019185 70112
0.0019223 70112
0.0019261 70112
0.0019298 70112
0.0019336 70112
0.0019374 70112
0.0019412 70112
0.0019449 70112
0.0019487 70112
0.0019525 70112
0.0019562 70112
0.00196 70112
0.0019638 70112
0.0019675 70112
0.0019713 70112
0.0019751 70112
0.0019788 70112
0.0019826 70112
0.0019864 70112
0.0019902 70112
0.0019939 70112
0.0019977 70112
0.0020015 70112
0.0020052 70112
0.002009 70112
0.0020128 70112
0.0020165 70112
0.0020203 70112
0.0020241 70112
0.0020278 70112
0.0020316 70112
0.0020354 70112
0.0020392 70112
0.0020429 70112
0.0020467 70112
0.0020505 70112
0.0020542 70112
0.002058 70112
0.0020618 70112
0.0020655 70112
0.0020693 70112
0.0020731 70112
0.0020768 70112
0.0020806 70112
0.0020844 70112
0.0020882 70112
0.0020919 70112
0.0020957 70112
0.0020995 70112
0.0021032 70112
0.002107 70112
0.0021108 70112
0.0021145 70112
0.0021183 70112
0.0021221 70112
0.0021258 70112
0.0021296 70112
0.0021334 70112
0.0021372 70112
0.0021409 70112
0.0021447 70112
0.0021485 70112
0.0021522 70112
0.002156 70112
0.0021598 70112
0.0021635 70112
0.0021673 70112
0.0021711 70112
0.0021748 70112
0.0021786 70112
0.0021824 70112
0.0021862 70112
0.0021899 70112
0.0021937 70112
0.0021975 70112
0.0022012 70112
0.002205 70112
0.0022088 70112
0.0022125 70112
0.0022163 70112
0.0022201 70112
0.0022238 70112
0.0022276 70112
0.0022314 70112
0.0022352 70112
0.0022389 70112
0.0022427 70112
0.0022465 70112
0.0022502 70112
0.002254 70112
0.0022578 70112
0.0022615 70112
0.0022653 70112
0.0022691 70112
0.0022728 70112
0.0022766 70112
0.0022804 70112
0.0022842 70112
0.0022879 70112
0.0022917 70112
0.0022955 70112
0.0022992 70112
0.002303 70112
0.0023068 70112
0.0023105 70112
0.0023143 70112
0.0023181 70112
0.0023218 70112
0.0023256 70112
0.0023294 70112
0.0023332 70112
0.0023369 70112
0.0023407 70112
0.0023445 70112
0.0023482 70112
0.002352 70112
0.0023558 70112
0.0023595 70112
0.0023633 70112
0.0023671 70112
0.0023708 70112
0.0023746 70112
0.0023784 70112
0.0023822 70112
0.0023859 70112
0.0023897 70112
0.0023935 70112
0.0023972 70112
0.002401 70112
0.0024048 70112
0.0024085 70112
0.0024123 70112
0.0024161 70112
0.0024198 70112
0.0024236 70112
0.0024274 70112
0.0024312 70112
0.0024349 70112
0.0024387 70112
0.0024425 70112
0.0024462 70112
0.00245 70112
0.0024538 70112
0.0024575 70112
0.0024613 70112
0.0024651 70112
0.0024688 70112
0.0024726 70112
0.0024764 70112
0.0024802 70112
0.0024839 70112
0.0024877 70112
0.0024915 70112
0.0024952 70112
0.002499 70112
0.0025028 70112
0.0025065 70112
0.0025103 70112
0.0025141 70112
0.0025178 70112
0.0025216 70112
0.0025254 70112
0.0025292 70112
0.0025329 70112
0.0025367 70112
0.0025405 70112
0.0025442 70112
0.002548 70112
0.0025518 70112
0.0025555 70112
0.0025593 70112
0.0025631 70112
0.0025668 70112
0.0025706 70112
0.0025744 70112
0.0025782 70112
0.0025819 70112
0.0025857 70112
0.0025895 70112
0.0025932 70112
0.002597 70112
0.0026008 70112
0.0026045 70112
0.0026083 70112
0.0026121 70112
0.0026158 70112
0.0026196 70112
0.0026234 70112
0.0026272 70112
0.0026309 70112
0.0026347 70112
0.0026385 70112
0.0026422 70112
0.002646 70112
0.0026498 70112
0.0026535 70112
0.0026573 70112
0.0026611 70112
0.0026648 70112
0.0026686 70112
0.0026724 70112
0.0026762 70112
0.0026799 70112
0.0026837 70112
0.0026875 70112
0.0026912 70112
0.002695 70112
0.0026988 70112
0.0027025 70112
0.0027063 70112
0.0027101 70112
0.0027138 70112
0.0027176 70112
0.0027214 70112
0.0027252 70112
0.0027289 70112
0.0027327 70112
0.0027365 70112
0.0027402 70112
0.002744 70112
0.0027478 70112
0.0027515 70112
0.0027553 70112
0.0027591 70112
0.0027628 70112
0.0027666 70112
0.0027704 70112
0.0027742 70112
0.0027779 70112
0.0027817 70112
0.0027855 70112
0.0027892 70112
0.002793 70112
0.0027968 70112
0.0028005 70112
0.0028043 70112
0.0028081 70112
0.0028118 70112
0.0028156 70112
0.0028194 70112
0.0028232 70112
0.0028269 70112
0.0028307 70112
0.0028345 70112
0.0028382 70112
0.002842 70112
0.0028458 70112
0.0028495 70112
0.0028533 70112
0.0028571 70112
0.0028608 70112
0.0028646 70112
0.0028684 70112
0.0028722 70112
0.0028759 70112
0.0028797 70112
0.0028835 70112
0.0028872 70112
0.002891 70112
0.0028948 70112
0.0028985 70112
0.0029023 70112
0.0029061 70112
0.0029098 70112
0.0029136 70112
0.0029174 70112
0.0029212 70112
0.0029249 70112
0.0029287 70112
0.0029325 70112
0.0029362 70112
0.00294 70112
0.0029438 70112
0.0029475 70112
0.0029513 70112
0.0029551 70112
0.0029588 70112
0.0029626 70112
0.0029664 70112
0.0029702 70112
0.0029739 70112
0.0029777 70112
0.0029815 70112
0.0029852 70112
0.002989 70112
0.0029928 70112
0.0029965 70112
0.0030003 70112
0.0030041 70112
0.0030078 70112
0.0030116 70112
0.0030154 70112
0.0030192 70112
0.0030229 70112
0.0030267 70112
0.0030305 70112
0.0030342 70112
0.003038 70112
0.0030418 70112
0.0030455 70112
0.0030493 70112
0.0030531 70112
0.0030568 70112
0.0030606 70112
0.0030644 70112
0.0030682 70112
0.0030719 70112
0.0030757 70112
0.0030795 70112
0.0030832 70112
0.003087 70112
0.0030908 70112
0.0030945 70112
0.0030983 70112
0.0031021 70112
0.0031058 70112
0.0031096 70112
0.0031134 70112
0.0031172 70112
0.0031209 70112
0.0031247 70112
0.0031285 70112
0.0031322 70112
0.003136 70112
0.0031398 70112
0.0031435 70112
0.0031473 70112
0.0031511 70112
0.0031548 70112
0.0031586 70112
0.0031624 70112
0.0031662 70112
0.0031699 70112
0.0031737 70112
0.0031775 70112
0.0031812 70112
0.003185 70112
0.0031888 70112
0.0031925 70112
0.0031963 70112
0.0032001 70112
0.0032038 70112
0.0032076 70112
0.0032114 70112
0.0032152 70112
0.0032189 70112
0.0032227 70112
0.0032265 70112
0.0032302 70112
0.003234 70112
0.0032378 70112
0.0032415 70112
0.0032453 70112
0.0032491 70112
0.0032528 70112
0.0032566 70112
0.0032604 70112
0.0032642 70112
0.0032679 70112
0.0032717 70112
0.0032755 70112
0.0032792 70112
0.003283 70112
0.0032868 70112
0.0032905 70112
0.0032943 70112
0.0032981 70112
0.0033018 70112
0.0033056 70112
0.0033094 70112
0.0033132 70112
0.0033169 70112
0.0033207 70112
0.0033245 70112
0.0033282 70112
0.003332 70112
0.0033358 70112
0.0033395 70112
0.0033433 70112
0.0033471 70112
0.0033508 70112
0.0033546 70112
0.0033584 70112
0.0033622 70112
0.0033659 70112
0.0033697 70112
0.0033735 70112
0.0033772 70112
0.003381 70112
0.0033848 70112
0.0033885 70112
0.0033923 70112
0.0033961 70112
0.0033998 70112
0.0034036 70112
0.0034074 70112
0.0034112 70112
0.0034149 70112
0.0034187 70112
0.0034225 70112
0.0034262 70112
0.00343 70112
0.0034338 70112
0.0034375 70112
0.0034413 70112
0.0034451 70112
0.0034488 70112
0.0034526 70112
0.0034564 70112
0.0034602 70112
0.0034639 70112
0.0034677 70112
0.0034715 70112
0.0034752 70112
0.003479 70112
0.0034828 70112
0.0034865 70112
0.0034903 70112
0.0034941 70112
0.0034978 70112
0.0035016 70112
0.0035054 70112
0.0035092 70112
0.0035129 70112
0.0035167 70112
0.0035205 70112
0.0035242 70112
0.003528 70112
0.0035318 70112
0.0035355 70112
0.0035393 70112
0.0035431 70112
0.0035468 70112
0.0035506 70112
0.0035544 70112
0.0035582 70112
0.0035619 70112
0.0035657 70112
0.0035695 70112
0.0035732 70112
0.003577 70112
0.0035808 70112
0.0035845 70112
0.0035883 70112
0.0035921 70112
0.0035958 70112
0.0035996 70112
0.0036034 70112
0.0036072 70112
0.0036109 70112
0.0036147 70112
0.0036185 70112
0.0036222 70112
0.003626 70112
0.0036298 70112
0.0036335 70112
0.0036373 70112
0.0036411 70112
0.0036448 70112
0.0036486 70112
0.0036524 70112
0.0036562 70112
0.0036599 70112
0.0036637 70112
0.0036675 70112
0.0036712 70112
0.003675 70112
0.0036788 70112
0.0036825 70112
0.0036863 70112
0.0036901 70112
0.0036938 70112
0.0036976 70112
0.0037014 70112
0.0037052 70112
0.0037089 70112
0.0037127 70112
0.0037165 70112
0.0037202 70112
0.003724 70112
0.0037278 70112
0.0037315 70112
0.0037353 70112
0.0037391 70112
0.0037428 70112
0.0037466 70112
0.0037504 70112
0.0037542 70112
0.0037579 70112
0.0037617 70112
0.0037655 70112
0.0037692 70112
0.003773 70112
0.0037768 70112
0.0037805 70112
0.0037843 70112
0.0037881 70112
0.0037918 70112
0.0037956 70112
0.0037994 70112
0.0038032 70112
0.0038069 70112
0.0038107 70112
0.0038145 70112
0.0038182 70112
0.003822 70112
0.0038258 70112
0.0038295 70112
0.0038333 70112
0.0038371 70112
0.0038408 70112
0.0038446 70112
0.0038484 70112
0.0038522 70112
0.0038559 70112
0.0038597 70112
0.0038635 70112
0.0038672 70112
0.003871 70112
0.0038748 70112
0.0038785 70112
0.0038823 70112
0.0038861 70112
0.0038898 70112
0.0038936 70112
0.0038974 70112
0.0039012 70112
0.0039049 70112
0.0039087 70112
0.0039125 70112
0.0039162 70112
0.00392 70112
0.0039238 70112
0.0039275 70112
0.0039313 70112
0.0039351 70112
0.0039388 70112
0.0039426 70112
0.0039464 70112
0.0039502 70112
0.0039539 70112
0.0039577 70112
0.0039615 70112
0.0039652 70112
0.003969 70112
0.0039728 70112
0.0039765 70112
0.0039803 70112
0.0039841 70112
0.0039878 70112
0.0039916 70112
0.0039954 70112
0.0039992 70112
0.0040029 70112
0.0040067 70112
0.0040105 70112
0.0040142 70112
0.004018 70112
0.0040218 70112
0.0040255 70112
0.0040293 70112
0.0040331 70112
0.0040368 70112
0.0040406 70112
0.0040444 70112
0.0040482 70112
0.0040519 70112
0.0040557 70112
0.0040595 70112
0.0040632 70112
0.004067 70112
0.0040708 70112
0.0040745 70112
0.0040783 70112
0.0040821 70112
0.0040858 70112
0.0040896 70112
0.0040934 70112
0.0040972 70112
0.0041009 70112
0.0041047 70112
0.0041085 70112
0.0041122 70112
0.004116 70112
0.0041198 70112
0.0041235 70112
0.0041273 70112
0.0041311 70112
0.0041348 70112
0.0041386 70112
0.0041424 70112
0.0041462 70112
0.0041499 70112
0.0041537 70112
0.0041575 70112
0.0041612 70112
0.004165 70112
0.0041688 70112
0.0041725 70112
0.0041763 70112
0.0041801 70112
0.0041838 70112
0.0041876 70112
0.0041914 70112
0.0041952 70112
0.0041989 70112
0.0042027 70112
0.0042065 70112
0.0042102 70112
0.004214 70112
0.0042178 70112
0.0042215 70112
0.0042253 70112
0.0042291 70112
0.0042328 70112
0.0042366 70112
0.0042404 70112
0.0042442 70112
0.0042479 70112
0.0042517 70112
0.0042555 70112
0.0042592 70112
0.004263 70112
0.0042668 70112
0.0042705 70112
0.0042743 70112
0.0042781 70112
0.0042818 70112
0.0042856 70112
0.0042894 70112
0.0042932 70112
0.0042969 70112
0.0043007 70112
0.0043045 70112
0.0043082 70112
0.004312 70112
0.0043158 70112
0.0043195 70112
0.0043233 70112
0.0043271 70112
0.0043308 70112
0.0043346 70112
0.0043384 70112
0.0043422 70112
0.0043459 70112
0.0043497 70112
0.0043535 70112
0.0043572 70112
0.004361 70112
0.0043648 70112
0.0043685 70112
0.0043723 70112
0.0043761 70112
0.0043798 70112
0.0043836 70112
0.0043874 70112
0.0043912 70112
0.0043949 70112
0.0043987 70112
0.0044025 70112
0.0044062 70112
0.00441 70112
0.0044138 70112
0.0044175 70112
0.0044213 70112
0.0044251 70112
0.0044288 70112
0.0044326 70112
0.0044364 70112
0.0044402 70112
0.0044439 70112
0.0044477 70112
0.0044515 70112
0.0044552 70112
0.004459 70112
0.0044628 70112
0.0044665 70112
0.0044703 70112
0.0044741 70112
0.0044778 70112
0.0044816 70112
0.0044854 70112
0.0044892 70112
0.0044929 70112
0.0044967 70112
0.0045005 70112
0.0045042 70112
0.004508 70112
0.0045118 70112
0.0045155 70112
0.0045193 70112
0.0045231 70112
0.0045268 70112
0.0045306 70112
0.0045344 70112
0.0045382 70112
0.0045419 70112
0.0045457 70112
0.0045495 70112
0.0045532 70112
0.004557 70112
0.0045608 70112
0.0045645 70112
0.0045683 70112
0.0045721 70112
0.0045758 70112
0.0045796 70112
0.0045834 70112
0.0045872 70112
0.0045909 70112
0.0045947 70112
0.0045985 70112
0.0046022 70112
0.004606 70112
0.0046098 70112
0.0046135 70112
0.0046173 70112
0.0046211 70112
0.0046248 70112
0.0046286 70112
0.0046324 70112
0.0046362 70112
0.0046399 70112
0.0046437 70112
0.0046475 70112
0.0046512 70112
0.004655 70112
0.0046588 70112
0.0046625 70112
0.0046663 70112
0.0046701 70112
0.0046738 70112
0.0046776 70112
0.0046814 70112
0.0046852 70112
0.0046889 70112
0.0046927 70112
0.0046965 70112
0.0047002 70112
0.004704 70112
0.0047078 70112
0.0047115 70112
0.0047153 70112
0.0047191 70112
0.0047228 70112
0.0047266 70112
0.0047304 70112
0.0047342 70112
0.0047379 70112
0.0047417 70112
0.0047455 70112
0.0047492 70112
0.004753 70112
0.0047568 70112
0.0047605 70112
0.0047643 70112
0.0047681 70112
0.0047718 70112
0.0047756 70112
0.0047794 70112
0.0047832 70112
0.0047869 70112
0.0047907 70112
0.0047945 70112
0.0047982 70112
0.004802 70112
0.0048058 70112
0.0048095 70112
0.0048133 70112
0.0048171 70112
0.0048208 70112
0.0048246 70112
0.0048284 70112
0.0048322 70112
0.0048359 70112
0.0048397 70112
0.0048435 70112
0.0048472 70112
0.004851 70112
0.0048548 70112
0.0048585 70112
0.0048623 70112
0.0048661 70112
0.0048698 70112
0.0048736 70112
0.0048774 70112
0.0048812 70112
0.0048849 70112
0.0048887 70112
0.0048925 70112
0.0048962 70112
0.0049 70112
0.0049038 70112
0.0049075 70112
0.0049113 70112
0.0049151 70112
0.0049188 70112
0.0049226 70112
0.0049264 70112
0.0049302 70112
0.0049339 70112
0.0049377 70112
0.0049415 70112
0.0049452 70112
0.004949 70112
0.0049528 70112
0.0049565 70112
0.0049603 70112
0.0049641 70112
0.0049678 70112
0.0049716 70112
0.0049754 70112
0.0049792 70112
0.0049829 70112
0.0049867 70112
0.0049905 70112
0.0049942 70112
0.004998 70112
0.0050018 70112
0.0050055 70112
0.0050093 70112
0.0050131 70112
0.0050168 70112
0.0050206 70112
0.0050244 70112
0.0050282 70112
0.0050319 70112
0.0050357 70112
0.0050395 70112
0.0050432 70112
0.005047 70112
0.0050508 70112
0.0050545 70112
0.0050583 70112
0.0050621 70112
0.0050658 70112
0.0050696 70112
0.0050734 70112
0.0050772 70112
0.0050809 70112
0.0050847 70112
0.0050885 70112
0.0050922 70112
0.005096 70112
0.0050998 70112
0.0051035 70112
0.0051073 70112
0.0051111 70112
0.0051148 70112
0.0051186 70112
0.0051224 70112
0.0051262 70112
0.0051299 70112
0.0051337 70112
0.0051375 70112
0.0051412 70112
0.005145 70112
0.0051488 70112
0.0051525 70112
0.0051563 70112
0.0051601 70112
0.0051638 70112
0.0051676 70112
0.0051714 70112
0.0051752 70112
0.0051789 70112
0.0051827 70112
0.0051865 70112
0.0051902 70112
0.005194 70112
0.0051978 70112
0.0052015 70112
0.0052053 70112
0.0052091 70112
0.0052128 70112
0.0052166 70112
0.0052204 70112
0.0052242 70112
0.0052279 70112
0.0052317 70112
0.0052355 70112
0.0052392 70112
0.005243 70112
0.0052468 70112
0.0052505 70112
0.0052543 70112
0.0052581 70112
0.0052618 70112
0.0052656 70112
0.0052694 70112
0.0052732 70112
0.0052769 70112
0.0052807 70112
0.0052845 70112
0.0052882 70112
0.005292 70112
0.0052958 70112
0.0052995 70112
0.0053033 70112
0.0053071 70112
0.0053108 70112
0.0053146 70112
0.0053184 70112
0.0053222 70112
0.0053259 70112
0.0053297 70112
0.0053335 70112
0.0053372 70112
0.005341 70112
0.0053448 70112
0.0053485 70112
0.0053523 70112
0.0053561 70112
0.0053598 70112
0.0053636 70112
0.0053674 70112
0.0053712 70112
0.0053749 70112
0.0053787 70112
0.0053825 70112
0.0053862 70112
0.00539 70112
0.0053938 70112
0.0053975 70112
0.0054013 70112
0.0054051 70112
0.0054088 70112
0.0054126 70112
0.0054164 70112
0.0054202 70112
0.0054239 70112
0.0054277 70112
0.0054315 70112
0.0054352 70112
0.005439 70112
0.0054428 70112
0.0054465 70112
0.0054503 70112
0.0054541 70112
0.0054578 70112
0.0054616 70112
0.0054654 70112
0.0054692 70112
0.0054729 70112
0.0054767 70112
0.0054805 70112
0.0054842 70112
0.005488 70112
0.0054918 70112
0.0054955 70112
0.0054993 70112
0.0055031 70112
0.0055068 70112
0.0055106 70112
0.0055144 70112
0.0055182 70112
0.0055219 70112
0.0055257 70112
0.0055295 70112
0.0055332 70112
0.005537 70112
0.0055408 70112
0.0055445 70112
0.0055483 70112
0.0055521 70112
0.0055558 70112
0.0055596 70112
0.0055634 70112
0.0055672 70112
0.0055709 70112
0.0055747 70112
0.0055785 70112
0.0055822 70112
0.005586 70112
0.0055898 70112
0.0055935 70112
0.0055973 70112
0.0056011 70112
0.0056048 70112
0.0056086 70112
0.0056124 70112
0.0056162 70112
0.0056199 70112
0.0056237 70112
0.0056275 70112
0.0056312 70112
0.005635 70112
0.0056388 70112
0.0056425 70112
0.0056463 70112
0.0056501 70112
0.0056538 70112
0.0056576 70112
0.0056614 70112
0.0056652 70112
0.0056689 70112
0.0056727 70112
0.0056765 70112
0.0056802 70112
0.005684 70112
0.0056878 70112
0.0056915 70112
0.0056953 70112
0.0056991 70112
0.0057028 70112
0.0057066 70112
0.0057104 70112
0.0057142 70112
0.0057179 70112
0.0057217 70112
0.0057255 70112
0.0057292 70112
0.005733 70112
0.0057368 70112
0.0057405 70112
0.0057443 70112
0.0057481 70112
0.0057518 70112
0.0057556 70112
0.0057594 70112
0.0057632 70112
0.0057669 70112
0.0057707 70112
0.0057745 70112
0.0057782 70112
0.005782 70112
0.0057858 70112
0.0057895 70112
0.0057933 70112
0.0057971 70112
0.0058008 70112
0.0058046 70112
0.0058084 70112
0.0058122 70112
0.0058159 70112
0.0058197 70112
0.0058235 70112
0.0058272 70112
0.005831 70112
0.0058348 70112
0.0058385 70112
0.0058423 70112
0.0058461 70112
0.0058498 70112
0.0058536 70112
0.0058574 70112
0.0058612 70112
0.0058649 70112
0.0058687 70112
0.0058725 70112
0.0058762 70112
0.00588 70112
0.0058838 70112
0.0058875 70112
0.0058913 70112
0.0058951 70112
0.0058988 70112
0.0059026 70112
0.0059064 70112
0.0059102 70112
0.0059139 70112
0.0059177 70112
0.0059215 70112
0.0059252 70112
0.005929 70112
0.0059328 70112
0.0059365 70112
0.0059403 70112
0.0059441 70112
0.0059478 70112
0.0059516 70112
0.0059554 70112
0.0059592 70112
0.0059629 70112
0.0059667 70112
0.0059705 70112
0.0059742 70112
0.005978 70112
0.0059818 70112
0.0059855 70112
0.0059893 70112
0.0059931 70112
0.0059968 70112
0.0060006 70112
0.0060044 70112
0.0060082 70112
0.0060119 70112
0.0060157 70112
0.0060195 70112
0.0060232 70112
0.006027 70112
0.0060308 70112
0.0060345 70112
0.0060383 70112
0.0060421 70112
0.0060458 70112
0.0060496 70112
0.0060534 70112
0.0060572 70112
0.0060609 70112
0.0060647 70112
0.0060685 70112
0.0060722 70112
0.006076 70112
0.0060798 70112
0.0060835 70112
0.0060873 70112
0.0060911 70112
0.0060948 70112
0.0060986 70112
0.0061024 70112
0.0061062 70112
0.0061099 70112
0.0061137 70112
0.0061175 70112
0.0061212 70112
0.006125 70112
0.0061288 70112
0.0061325 70112
0.0061363 70112
0.0061401 70112
0.0061438 70112
0.0061476 70112
0.0061514 70112
0.0061552 70112
0.0061589 70112
0.0061627 70112
0.0061665 70112
0.0061702 70112
0.006174 70112
0.0061778 70112
0.0061815 70112
0.0061853 70112
0.0061891 70112
0.0061928 70112
0.0061966 70112
0.0062004 70112
0.0062042 70112
0.0062079 70112
0.0062117 70112
0.0062155 70112
0.0062192 70112
0.006223 70112
0.0062268 70112
0.0062305 70112
0.0062343 70112
0.0062381 70112
0.0062418 70112
0.0062456 70112
0.0062494 70112
0.0062532 70112
0.0062569 70112
0.0062607 70112
0.0062645 70112
0.0062682 70112
0.006272 70112
0.0062758 70112
0.0062795 70112
0.0062833 70112
0.0062871 70112
0.0062908 70112
0.0062946 70112
0.0062984 70112
0.0063022 70112
0.0063059 70112
0.0063097 70112
0.0063135 70112
0.0063172 70112
0.006321 70112
0.0063248 70112
0.0063285 70112
0.0063323 70112
0.0063361 70112
0.0063398 70112
0.0063436 70112
0.0063474 70112
0.0063512 70112
0.0063549 70112
0.0063587 70112
0.0063625 70112
0.0063662 70112
0.00637 70112
0.0063738 70112
0.0063775 70112
0.0063813 70112
0.0063851 70112
0.0063888 70112
0.0063926 70112
0.0063964 70112
0.0064002 70112
0.0064039 70112
0.0064077 70112
0.0064115 70112
0.0064152 70112
0.006419 70112
0.0064228 70112
0.0064265 70112
0.0064303 70112
0.0064341 70112
0.0064378 70112
0.0064416 70112
0.0064454 70112
0.0064492 70112
0.0064529 70112
0.0064567 70112
0.0064605 70112
0.0064642 70112
0.006468 70112
0.0064718 70112
0.0064755 70112
0.0064793 70112
0.0064831 70112
0.0064868 70112
0.0064906 70112
0.0064944 70112
0.0064982 70112
0.0065019 70112
0.0065057 70112
0.0065095 70112
0.0065132 70112
0.006517 70112
0.0065208 70112
0.0065245 70112
0.0065283 70112
0.0065321 70112
0.0065358 70112
0.0065396 70112
0.0065434 70112
0.0065472 70112
0.0065509 70112
0.0065547 70112
0.0065585 70112
0.0065622 70112
0.006566 70112
0.0065698 70112
0.0065735 70112
0.0065773 70112
0.0065811 70112
0.0065848 70112
0.0065886 70112
0.0065924 70112
0.0065962 70112
0.0065999 70112
0.0066037 70112
0.0066075 70112
0.0066112 70112
0.006615 70112
0.0066188 70112
0.0066225 70112
0.0066263 70112
0.0066301 70112
0.0066338 70112
0.0066376 70112
0.0066414 70112
0.0066452 70112
0.0066489 70112
0.0066527 70112
0.0066565 70112
0.0066602 70112
0.006664 70112
0.0066678 70112
0.0066715 70112
0.0066753 70112
0.0066791 70112
0.0066828 70112
0.0066866 70112
0.0066904 70112
0.0066942 70112
0.0066979 70112
0.0067017 70112
0.0067055 70112
0.0067092 70112
0.006713 70112
0.0067168 70112
0.0067205 70112
0.0067243 70112
0.0067281 70112
0.0067318 70112
0.0067356 70112
0.0067394 70112
0.0067432 70112
0.0067469 70112
0.0067507 70112
0.0067545 70112
0.0067582 70112
0.006762 70112
0.0067658 70112
0.0067695 70112
0.0067733 70112
0.0067771 70112
0.0067808 70112
0.0067846 70112
0.0067884 70112
0.0067922 70112
0.0067959 70112
0.0067997 70112
0.0068035 70112
0.0068072 70112
0.006811 70112
0.0068148 70112
0.0068185 70112
0.0068223 70112
0.0068261 70112
0.0068298 70112
0.0068336 70112
0.0068374 70112
0.0068412 70112
0.0068449 70112
0.0068487 70112
0.0068525 70112
0.0068562 70112
0.00686 70112
0.0068638 70112
0.0068675 70112
0.0068713 70112
0.0068751 70112
0.0068788 70112
0.0068826 70112
0.0068864 70112
0.0068902 70112
0.0068939 70112
0.0068977 70112
0.0069015 70112
0.0069052 70112
0.006909 70112
0.0069128 70112
0.0069165 70112
0.0069203 70112
0.0069241 70112
0.0069278 70112
0.0069316 70112
0.0069354 70112
0.0069392 70112
0.0069429 70112
0.0069467 70112
0.0069505 70112
0.0069542 70112
0.006958 70112
0.0069618 70112
0.0069655 70112
0.0069693 70112
0.0069731 70112
0.0069768 70112
0.0069806 70112
0.0069844 70112
0.0069882 70112
0.0069919 70112
0.0069957 70112
0.0069995 70112
0.0070032 70112
0.007007 70112
0.0070108 70112
0.0070145 70112
0.0070183 70112
0.0070221 70112
0.0070258 70112
0.0070296 70112
0.0070334 70112
0.0070372 70112
0.0070409 70112
0.0070447 70112
0.0070485 70112
0.0070522 70112
0.007056 70112
0.0070598 70112
0.0070635 70112
0.0070673 70112
0.0070711 70112
0.0070748 70112
0.0070786 70112
0.0070824 70112
0.0070862 70112
0.0070899 70112
0.0070937 70112
0.0070975 70112
0.0071012 70112
0.007105 70112
0.0071088 70112
0.0071125 70112
0.0071163 70112
0.0071201 70112
0.0071238 70112
0.0071276 70112
0.0071314 70112
0.0071352 70112
0.0071389 70112
0.0071427 70112
0.0071465 70112
0.0071502 70112
0.007154 70112
0.0071578 70112
0.0071615 70112
0.0071653 70112
0.0071691 70112
0.0071728 70112
0.0071766 70112
0.0071804 70112
0.0071842 70112
0.0071879 70112
0.0071917 70112
0.0071955 70112
0.0071992 70112
0.007203 70112
0.0072068 70112
0.0072105 70112
0.0072143 70112
0.0072181 70112
0.0072218 70112
0.0072256 70112
0.0072294 70112
0.0072332 70112
0.0072369 70112
0.0072407 70112
0.0072445 70112
0.0072482 70112
0.007252 70112
0.0072558 70112
0.0072595 70112
0.0072633 70112
0.0072671 70112
0.0072708 70112
0.0072746 70112
0.0072784 70112
0.0072822 70112
0.0072859 70112
0.0072897 70112
0.0072935 70112
0.0072972 70112
0.007301 70112
0.0073048 70112
0.0073085 70112
0.0073123 70112
0.0073161 70112
0.0073198 70112
0.0073236 70112
0.0073274 70112
0.0073312 70112
0.0073349 70112
0.0073387 70112
0.0073425 70112
0.0073462 70112
0.00735 70112
0.0073538 70112
0.0073575 70112
0.0073613 70112
0.0073651 70112
0.0073688 70112
0.0073726 70112
0.0073764 70112
0.0073802 70112
0.0073839 70112
0.0073877 70112
0.0073915 70112
0.0073952 70112
0.007399 70112
0.0074028 70112
0.0074065 70112
0.0074103 70112
0.0074141 70112
0.0074178 70112
0.0074216 70112
0.0074254 70112
0.0074292 70112
0.0074329 70112
0.0074367 70112
0.0074405 70112
0.0074442 70112
0.007448 70112
0.0074518 70112
0.0074555 70112
0.0074593 70112
0.0074631 70112
0.0074668 70112
0.0074706 70112
0.0074744 70112
0.0074782 70112
0.0074819 70112
0.0074857 70112
0.0074895 70112
0.0074932 70112
0.007497 70112
0.0075008 70112
0.0075045 70112
0.0075083 70112
0.0075121 70112
0.0075158 70112
0.0075196 70112
0.0075234 70112
0.0075272 70112
0.0075309 70112
0.0075347 70112
0.0075385 70112
0.0075422 70112
0.007546 70112
0.0075498 70112
0.0075535 70112
0.0075573 70112
0.0075611 70112
0.0075648 70112
0.0075686 70112
0.0075724 70112
0.0075762 70112
0.0075799 70112
0.0075837 70112
0.0075875 70112
0.0075912 70112
0.007595 70112
0.0075988 70112
0.0076025 70112
0.0076063 70112
0.0076101 70112
0.0076138 70112
0.0076176 70112
0.0076214 70112
0.0076252 70112
0.0076289 70112
0.0076327 70112
0.0076365 70112
0.0076402 70112
0.007644 70112
0.0076478 70112
0.0076515 70112
0.0076553 70112
0.0076591 70112
0.0076628 70112
0.0076666 70112
0.0076704 70112
0.0076742 70112
0.0076779 70112
0.0076817 70112
0.0076855 70112
0.0076892 70112
0.007693 70112
0.0076968 70112
0.0077005 70112
0.0077043 70112
0.0077081 70112
0.0077118 70112
0.0077156 70112
0.0077194 70112
0.0077232 70112
0.0077269 70112
0.0077307 70112
0.0077345 70112
0.0077382 70112
0.007742 70112
0.0077458 70112
0.0077495 70112
0.0077533 70112
0.0077571 70112
0.0077608 70112
0.0077646 70112
0.0077684 70112
0.0077722 70112
0.0077759 70112
0.0077797 70112
0.0077835 70112
0.0077872 70112
0.007791 70112
0.0077948 70112
0.0077985 70112
0.0078023 70112
0.0078061 70112
0.0078098 70112
0.0078136 70112
0.0078174 70112
0.0078212 70112
0.0078249 70112
0.0078287 70112
0.0078325 70112
0.0078362 70112
0.00784 70112
0.0078438 70112
0.0078475 70112
0.0078513 70112
0.0078551 70112
0.0078588 70112
0.0078626 70112
0.0078664 70112
0.0078702 70112
0.0078739 70112
0.0078777 70112
0.0078815 70112
0.0078852 70112
0.007889 70112
0.0078928 70112
0.0078965 70112
0.0079003 70112
0.0079041 70112
0.0079078 70112
0.0079116 70112
0.0079154 70112
0.0079192 70112
0.0079229 70112
0.0079267 70112
0.0079305 70112
0.0079342 70112
0.007938 70112
0.0079418 70112
0.0079455 70112
0.0079493 70112
0.0079531 70112
0.0079568 70112
0.0079606 70112
0.0079644 70112
0.0079682 70112
0.0079719 70112
0.0079757 70112
0.0079795 70112
0.0079832 70112
0.007987 70112
0.0079908 70112
0.0079945 70112
0.0079983 70112
0.0080021 70112
0.0080058 70112
0.0080096 70112
0.0080134 70112
0.0080172 70112
0.0080209 70112
0.0080247 70112
0.0080285 70112
0.0080322 70112
0.008036 70112
0.0080398 70112
0.0080435 70112
0.0080473 70112
0.0080511 70112
0.0080548 70112
0.0080586 70112
0.0080624 70112
0.0080662 70112
0.0080699 70112
0.0080737 70112
0.0080775 70112
0.0080812 70112
0.008085 70112
0.0080888 70112
0.0080925 70112
0.0080963 70112
0.0081001 70112
0.0081038 70112
0.0081076 70112
0.0081114 70112
0.0081152 70112
0.0081189 70112
0.0081227 70112
0.0081265 70112
0.0081302 70112
0.008134 70112
0.0081378 70112
0.0081415 70112
0.0081453 70112
0.0081491 70112
0.0081528 70112
0.0081566 70112
0.0081604 70112
0.0081642 70112
0.0081679 70112
0.0081717 70112
0.0081755 70112
0.0081792 70112
0.008183 70112
0.0081868 70112
0.0081905 70112
0.0081943 70112
0.0081981 70112
0.0082018 70112
0.0082056 70112
0.0082094 70112
0.0082132 70112
0.0082169 70112
0.0082207 70112
0.0082245 70112
0.0082282 70112
0.008232 70112
0.0082358 70112
0.0082395 70112
0.0082433 70112
0.0082471 70112
0.0082508 70112
0.0082546 70112
0.0082584 70112
0.0082622 70112
0.0082659 70112
0.0082697 70112
0.0082735 70112
0.0082772 70112
0.008281 70112
0.0082848 70112
0.0082885 70112
0.0082923 70112
0.0082961 70112
0.0082998 70112
0.0083036 70112
0.0083074 70112
0.0083112 70112
0.0083149 70112
0.0083187 70112
0.0083225 70112
0.0083262 70112
0.00833 70112
0.0083338 70112
0.0083375 70112
0.0083413 70112
0.0083451 70112
0.0083488 70112
0.0083526 70112
0.0083564 70112
0.0083602 70112
0.0083639 70112
0.0083677 70112
0.0083715 70112
0.0083752 70112
0.008379 70112
0.0083828 70112
0.0083865 70112
0.0083903 70112
0.0083941 70112
0.0083978 70112
0.0084016 70112
0.0084054 70112
0.0084092 70112
0.0084129 70112
0.0084167 70112
0.0084205 70112
0.0084242 70112
0.008428 70112
0.0084318 70112
0.0084355 70112
0.0084393 70112
0.0084431 70112
0.0084468 70112
0.0084506 70112
0.0084544 70112
0.0084582 70112
0.0084619 70112
0.0084657 70112
0.0084695 70112
0.0084732 70112
0.008477 70112
0.0084808 70112
0.0084845 70112
0.0084883 70112
0.0084921 70112
0.0084958 70112
0.0084996 70112
0.0085034 70112
0.0085072 70112
0.0085109 70112
0.0085147 70112
0.0085185 70112
0.0085222 70112
0.008526 70112
0.0085298 70112
0.0085335 70112
0.0085373 70112
0.0085411 70112
0.0085448 70112
0.0085486 70112
0.0085524 70112
0.0085562 70112
0.0085599 70112
0.0085637 70112
0.0085675 70112
0.0085712 70112
0.008575 70112
0.0085788 70112
0.0085825 70112
0.0085863 70112
0.0085901 70112
0.0085938 70112
0.0085976 70112
0.0086014 70112
0.0086052 70112
0.0086089 70112
0.0086127 70112
0.0086165 70112
0.0086202 70112
0.008624 70112
0.0086278 70112
0.0086315 70112
0.0086353 70112
0.0086391 70112
0.0086428 70112
0.0086466 70112
0.0086504 70112
0.0086542 70112
0.0086579 70112
0.0086617 70112
0.0086655 70112
0.0086692 70112
0.008673 70112
0.0086768 70112
0.0086805 70112
0.0086843 70112
0.0086881 70112
0.0086918 70112
0.0086956 70112
0.0086994 70112
0.0087032 70112
0.0087069 70112
0.0087107 70112
0.0087145 70112
0.0087182 70112
0.008722 70112
0.0087258 70112
0.0087295 70112
0.0087333 70112
0.0087371 70112
0.0087408 70112
0.0087446 70112
0.0087484 70112
0.0087522 70112
0.0087559 70112
0.0087597 70112
0.0087635 70112
0.0087672 70112
0.008771 70112
0.0087748 70112
0.0087785 70112
0.0087823 70112
0.0087861 70112
0.0087898 70112
0.0087936 70112
0.0087974 70112
0.0088012 70112
0.0088049 70112
0.0088087 70112
0.0088125 70112
0.0088162 70112
0.00882 70112
0.0088238 70112
0.0088275 70112
0.0088313 70112
0.0088351 70112
0.0088388 70112
0.0088426 70112
0.0088464 70112
0.0088502 70112
0.0088539 70112
0.0088577 70112
0.0088615 70112
0.0088652 70112
0.008869 70112
0.0088728 70112
0.0088765 70112
0.0088803 70112
0.0088841 70112
0.0088878 70112
0.0088916 70112
0.0088954 70112
0.0088992 70112
0.0089029 70112
0.0089067 70112
0.0089105 70112
0.0089142 70112
0.008918 70112
0.0089218 70112
0.0089255 70112
0.0089293 70112
0.0089331 70112
0.0089368 70112
0.0089406 70112
0.0089444 70112
0.0089482 70112
0.0089519 70112
0.0089557 70112
0.0089595 70112
0.0089632 70112
0.008967 70112
0.0089708 70112
0.0089745 70112
0.0089783 70112
0.0089821 70112
0.0089858 70112
0.0089896 70112
0.0089934 70112
0.0089972 70112
0.0090009 70112
0.0090047 70112
0.0090085 70112
0.0090122 70112
0.009016 70112
0.0090198 70112
0.0090235 70112
0.0090273 70112
0.0090311 70112
0.0090348 70112
0.0090386 70112
0.0090424 70112
0.0090462 70112
0.0090499 70112
0.0090537 70112
0.0090575 70112
0.0090612 70112
0.009065 70112
0.0090688 70112
0.0090725 70112
0.0090763 70112
0.0090801 70112
0.0090838 70112
0.0090876 70112
0.0090914 70112
0.0090952 70112
0.0090989 70112
0.0091027 70112
0.0091065 70112
0.0091102 70112
0.009114 70112
0.0091178 70112
0.0091215 70112
0.0091253 70112
0.0091291 70112
0.0091328 70112
0.0091366 70112
0.0091404 70112
0.0091442 70112
0.0091479 70112
0.0091517 70112
0.0091555 70112
0.0091592 70112
0.009163 70112
0.0091668 70112
0.0091705 70112
0.0091743 70112
0.0091781 70112
0.0091818 70112
0.0091856 70112
0.0091894 70112
0.0091932 70112
0.0091969 70112
0.0092007 70112
0.0092045 70112
0.0092082 70112
0.009212 70112
0.0092158 70112
0.0092195 70112
0.0092233 70112
0.0092271 70112
0.0092308 70112
0.0092346 70112
0.0092384 70112
0.0092422 70112
0.0092459 70112
0.0092497 70112
0.0092535 70112
0.0092572 70112
0.009261 70112
0.0092648 70112
0.0092685 70112
0.0092723 70112
0.0092761 70112
0.0092798 70112
0.0092836 70112
0.0092874 70112
0.0092912 70112
0.0092949 70112
0.0092987 70112
0.0093025 70112
0.0093062 70112
0.00931 70112
0.0093138 70112
0.0093175 70112
0.0093213 70112
0.0093251 70112
0.0093288 70112
0.0093326 70112
0.0093364 70112
0.0093402 70112
0.0093439 70112
0.0093477 70112
0.0093515 70112
0.0093552 70112
0.009359 70112
0.0093628 70112
0.0093665 70112
0.0093703 70112
0.0093741 70112
0.0093778 70112
0.0093816 70112
0.0093854 70112
0.0093892 70112
0.0093929 70112
0.0093967 70112
0.0094005 70112
0.0094042 70112
0.009408 70112
0.0094118 70112
0.0094155 70112
0.0094193 70112
0.0094231 70112
0.0094268 70112
0.0094306 70112
0.0094344 70112
0.0094382 70112
0.0094419 70112
0.0094457 70112
0.0094495 70112
0.0094532 70112
0.009457 70112
0.0094608 70112
0.0094645 70112
0.0094683 70112
0.0094721 70112
0.0094758 70112
0.0094796 70112
0.0094834 70112
0.0094872 70112
0.0094909 70112
0.0094947 70112
0.0094985 70112
0.0095022 70112
0.009506 70112
0.0095098 70112
0.0095135 70112
0.0095173 70112
0.0095211 70112
0.0095248 70112
0.0095286 70112
0.0095324 70112
0.0095362 70112
0.0095399 70112
0.0095437 70112
0.0095475 70112
0.0095512 70112
0.009555 70112
0.0095588 70112
0.0095625 70112
0.0095663 70112
0.0095701 70112
0.0095738 70112
0.0095776 70112
0.0095814 70112
0.0095852 70112
0.0095889 70112
0.0095927 70112
0.0095965 70112
0.0096002 70112
0.009604 70112
0.0096078 70112
0.0096115 70112
0.0096153 70112
0.0096191 70112
0.0096228 70112
0.0096266 70112
0.0096304 70112
0.0096342 70112
0.0096379 70112
0.0096417 70112
0.0096455 70112
0.0096492 70112
0.009653 70112
0.0096568 70112
0.0096605 70112
0.0096643 70112
0.0096681 70112
0.0096718 70112
0.0096756 70112
0.0096794 70112
0.0096832 70112
0.0096869 70112
0.0096907 70112
0.0096945 70112
0.0096982 70112
0.009702 70112
0.0097058 70112
0.0097095 70112
0.0097133 70112
0.0097171 70112
0.0097208 70112
0.0097246 70112
0.0097284 70112
0.0097322 70112
0.0097359 70112
0.0097397 70112
0.0097435 70112
0.0097472 70112
0.009751 70112
0.0097548 70112
0.0097585 70112
0.0097623 70112
0.0097661 70112
0.0097698 70112
0.0097736 70112
0.0097774 70112
0.0097812 70112
0.0097849 70112
0.0097887 70112
0.0097925 70112
0.0097962 70112
0.0098 70112
0.0098038 70112
0.0098075 70112
0.0098113 70112
0.0098151 70112
0.0098188 70112
0.0098226 70112
0.0098264 70112
0.0098302 70112
0.0098339 70112
0.0098377 70112
0.0098415 70112
0.0098452 70112
0.009849 70112
0.0098528 70112
0.0098565 70112
0.0098603 70112
0.0098641 70112
0.0098678 70112
0.0098716 70112
0.0098754 70112
0.0098792 70112
0.0098829 70112
0.0098867 70112
0.0098905 70112
0.0098942 70112
0.009898 70112
0.0099018 70112
0.0099055 70112
0.0099093 70112
0.0099131 70112
0.0099168 70112
0.0099206 70112
0.0099244 70112
0.0099282 70112
0.0099319 70112
0.0099357 70112
0.0099395 70112
0.0099432 70112
0.009947 70112
0.0099508 70112
0.0099545 70112
0.0099583 70112
0.0099621 70112
0.0099658 70112
0.0099696 70112
0.0099734 70112
0.0099772 70112
0.0099809 70112
0.0099847 70112
0.0099885 70112
0.0099922 70112
0.009996 70112
0.0099998 70112
0.010004 70112
0.010007 70112
0.010011 70112
0.010015 70112
0.010019 70112
0.010022 70112
0.010026 70112
0.01003 70112
0.010034 70112
0.010037 70112
0.010041 70112
0.010045 70112
0.010049 70112
0.010053 70112
0.010056 70112
0.01006 70112
0.010064 70112
0.010068 70112
0.010071 70112
0.010075 70112
0.010079 70112
0.010083 70112
0.010086 70112
0.01009 70112
0.010094 70112
0.010098 70112
0.010102 70112
0.010105 70112
0.010109 70112
0.010113 70112
0.010117 70112
0.01012 70112
0.010124 70112
0.010128 70112
0.010132 70112
0.010135 70112
0.010139 70112
0.010143 70112
0.010147 70112
0.010151 70112
0.010154 70112
0.010158 70112
0.010162 70112
0.010166 70112
0.010169 70112
0.010173 70112
0.010177 70112
0.010181 70112
0.010184 70112
0.010188 70112
0.010192 70112
0.010196 70112
0.0102 70112
0.010203 70112
0.010207 70112
0.010211 70112
0.010215 70112
0.010218 70112
0.010222 70112
0.010226 70112
0.01023 70112
0.010233 70112
0.010237 70112
0.010241 70112
0.010245 70112
0.010249 70112
0.010252 70112
0.010256 70112
0.01026 70112
0.010264 70112
0.010267 70112
0.010271 70112
0.010275 70112
0.010279 70112
0.010282 70112
0.010286 70112
0.01029 70112
0.010294 70112
0.010298 70112
0.010301 70112
0.010305 70112
0.010309 70112
0.010313 70112
0.010316 70112
0.01032 70112
0.010324 70112
0.010328 70112
0.010331 70112
0.010335 70112
0.010339 70112
0.010343 70112
0.010347 70112
0.01035 70112
0.010354 70112
0.010358 70112
0.010362 70112
0.010365 70112
0.010369 70112
0.010373 70112
0.010377 70112
0.01038 70112
0.010384 70112
0.010388 70112
0.010392 70112
0.010396 70112
0.010399 70112
0.010403 70112
0.010407 70112
0.010411 70112
0.010414 70112
0.010418 70112
0.010422 70112
0.010426 70112
0.010429 70112
0.010433 70112
0.010437 70112
0.010441 70112
0.010445 70112
0.010448 70112
0.010452 70112
0.010456 70112
0.01046 70112
0.010463 70112
0.010467 70112
0.010471 70112
0.010475 70112
0.010478 70112
0.010482 70112
0.010486 70112
0.01049 70112
0.010494 70112
0.010497 70112
0.010501 70112
0.010505 70112
0.010509 70112
0.010512 70112
0.010516 70112
0.01052 70112
0.010524 70112
0.010527 70112
0.010531 70112
0.010535 70112
0.010539 70112
0.010543 70112
0.010546 70112
0.01055 70112
0.010554 70112
0.010558 70112
0.010561 70112
0.010565 70112
0.010569 70112
0.010573 70112
0.010576 70112
0.01058 70112
0.010584 70112
0.010588 70112
0.010592 70112
0.010595 70112
0.010599 70112
0.010603 70112
0.010607 70112
0.01061 70112
0.010614 70112
0.010618 70112
0.010622 70112
0.010625 70112
0.010629 70112
0.010633 70112
0.010637 70112
0.010641 70112
0.010644 70112
0.010648 70112
0.010652 70112
0.010656 70112
0.010659 70112
0.010663 70112
0.010667 70112
0.010671 70112
0.010674 70112
0.010678 70112
0.010682 70112
0.010686 70112
0.01069 70112
0.010693 70112
0.010697 70112
0.010701 70112
0.010705 70112
0.010708 70112
0.010712 70112
0.010716 70112
0.01072 70112
0.010723 70112
0.010727 70112
0.010731 70112
0.010735 70112
0.010739 70112
0.010742 70112
0.010746 70112
0.01075 70112
0.010754 70112
0.010757 70112
0.010761 70112
0.010765 70112
0.010769 70112
0.010772 70112
0.010776 70112
0.01078 70112
0.010784 70112
0.010788 70112
0.010791 70112
0.010795 70112
0.010799 70112
0.010803 70112
0.010806 70112
0.01081 70112
0.010814 70112
0.010818 70112
0.010821 70112
0.010825 70112
0.010829 70112
0.010833 70112
0.010837 70112
0.01084 70112
0.010844 70112
0.010848 70112
0.010852 70112
0.010855 70112
0.010859 70112
0.010863 70112
0.010867 70112
0.01087 70112
0.010874 70112
0.010878 70112
0.010882 70112
0.010886 70112
0.010889 70112
0.010893 70112
0.010897 70112
0.010901 70112
0.010904 70112
0.010908 70112
0.010912 70112
0.010916 70112
0.010919 70112
0.010923 70112
0.010927 70112
0.010931 70112
0.010935 70112
0.010938 70112
0.010942 70112
0.010946 70112
0.01095 70112
0.010953 70112
0.010957 70112
0.010961 70112
0.010965 70112
0.010968 70112
0.010972 70112
0.010976 70112
0.01098 70112
0.010984 70112
0.010987 70112
0.010991 70112
0.010995 70112
0.010999 70112
0.011002 70112
0.011006 70112
0.01101 70112
0.011014 70112
0.011017 70112
0.011021 70112
0.011025 70112
0.011029 70112
0.011033 70112
0.011036 70112
0.01104 70112
0.011044 70112
0.011048 70112
0.011051 70112
0.011055 70112
0.011059 70112
0.011063 70112
0.011066 70112
0.01107 70112
0.011074 70112
0.011078 70112
0.011082 70112
0.011085 70112
0.011089 70112
0.011093 70112
0.011097 70112
0.0111 70112
0.011104 70112
0.011108 70112
0.011112 70112
0.011115 70112
0.011119 70112
0.011123 70112
0.011127 70112
0.011131 70112
0.011134 70112
0.011138 70112
0.011142 70112
0.011146 70112
0.011149 70112
0.011153 70112
0.011157 70112
0.011161 70112
0.011164 70112
0.011168 70112
0.011172 70112
0.011176 70112
0.01118 70112
0.011183 70112
0.011187 70112
0.011191 70112
0.011195 70112
0.011198 70112
0.011202 70112
0.011206 70112
0.01121 70112
0.011213 70112
0.011217 70112
0.011221 70112
0.011225 70112
0.011229 70112
0.011232 70112
0.011236 70112
0.01124 70112
0.011244 70112
0.011247 70112
0.011251 70112
0.011255 70112
0.011259 70112
0.011262 70112
0.011266 70112
0.01127 70112
0.011274 70112
0.011278 70112
0.011281 70112
0.011285 70112
0.011289 70112
0.011293 70112
0.011296 70112
0.0113 70112
0.011304 70112
0.011308 70112
0.011311 70112
0.011315 70112
0.011319 70112
0.011323 70112
0.011327 70112
0.01133 70112
0.011334 70112
0.011338 70112
0.011342 70112
0.011345 70112
0.011349 70112
0.011353 70112
0.011357 70112
0.01136 70112
0.011364 70112
0.011368 70112
0.011372 70112
0.011376 70112
0.011379 70112
0.011383 70112
0.011387 70112
0.011391 70112
0.011394 70112
0.011398 70112
0.011402 70112
0.011406 70112
0.011409 70112
0.011413 70112
0.011417 70112
0.011421 70112
0.011425 70112
0.011428 70112
0.011432 70112
0.011436 70112
0.01144 70112
0.011443 70112
0.011447 70112
0.011451 70112
0.011455 70112
0.011458 70112
0.011462 70112
0.011466 70112
0.01147 70112
0.011474 70112
0.011477 70112
0.011481 70112
0.011485 70112
0.011489 70112
0.011492 70112
0.011496 70112
0.0115 70112
0.011504 70112
0.011507 70112
0.011511 70112
0.011515 70112
0.011519 70112
0.011523 70112
0.011526 70112
0.01153 70112
0.011534 70112
0.011538 70112
0.011541 70112
0.011545 70112
0.011549 70112
0.011553 70112
0.011556 70112
0.01156 70112
0.011564 70112
0.011568 70112
0.011572 70112
0.011575 70112
0.011579 70112
0.011583 70112
0.011587 70112
0.01159 70112
0.011594 70112
0.011598 70112
0.011602 70112
0.011605 70112
0.011609 70112
0.011613 70112
0.011617 70112
0.011621 70112
0.011624 70112
0.011628 70112
0.011632 70112
0.011636 70112
0.011639 70112
0.011643 70112
0.011647 70112
0.011651 70112
0.011654 70112
0.011658 70112
0.011662 70112
0.011666 70112
0.01167 70112
0.011673 70112
0.011677 70112
0.011681 70112
0.011685 70112
0.011688 70112
0.011692 70112
0.011696 70112
0.0117 70112
0.011703 70112
0.011707 70112
0.011711 70112
0.011715 70112
0.011719 70112
0.011722 70112
0.011726 70112
0.01173 70112
0.011734 70112
0.011737 70112
0.011741 70112
0.011745 70112
0.011749 70112
0.011752 70112
0.011756 70112
0.01176 70112
0.011764 70112
0.011768 70112
0.011771 70112
0.011775 70112
0.011779 70112
0.011783 70112
0.011786 70112
0.01179 70112
0.011794 70112
0.011798 70112
0.011801 70112
0.011805 70112
0.011809 70112
0.011813 70112
0.011817 70112
0.01182 70112
0.011824 70112
0.011828 70112
0.011832 70112
0.011835 70112
0.011839 70112
0.011843 70112
0.011847 70112
0.01185 70112
0.011854 70112
0.011858 70112
0.011862 70112
0.011866 70112
0.011869 70112
0.011873 70112
0.011877 70112
0.011881 70112
0.011884 70112
0.011888 70112
0.011892 70112
0.011896 70112
0.011899 70112
0.011903 70112
0.011907 70112
0.011911 70112
0.011915 70112
0.011918 70112
0.011922 70112
0.011926 70112
0.01193 70112
0.011933 70112
0.011937 70112
0.011941 70112
0.011945 70112
0.011948 70112
0.011952 70112
0.011956 70112
0.01196 70112
0.011964 70112
0.011967 70112
0.011971 70112
0.011975 70112
0.011979 70112
0.011982 70112
0.011986 70112
0.01199 70112
0.011994 70112
0.011997 70112
0.012001 70112
0.012005 70112
0.012009 70112
0.012013 70112
0.012016 70112
0.01202 70112
0.012024 70112
0.012028 70112
0.012031 70112
0.012035 70112
0.012039 70112
0.012043 70112
0.012046 70112
0.01205 70112
0.012054 70112
0.012058 70112
0.012062 70112
0.012065 70112
0.012069 70112
0.012073 70112
0.012077 70112
0.01208 70112
0.012084 70112
0.012088 70112
0.012092 70112
0.012095 70112
0.012099 70112
0.012103 70112
0.012107 70112
0.012111 70112
0.012114 70112
0.012118 70112
0.012122 70112
0.012126 70112
0.012129 70112
0.012133 70112
0.012137 70112
0.012141 70112
0.012144 70112
0.012148 70112
0.012152 70112
0.012156 70112
0.01216 70112
0.012163 70112
0.012167 70112
0.012171 70112
0.012175 70112
0.012178 70112
0.012182 70112
0.012186 70112
0.01219 70112
0.012193 70112
0.012197 70112
0.012201 70112
0.012205 70112
0.012209 70112
0.012212 70112
0.012216 70112
0.01222 70112
0.012224 70112
0.012227 70112
0.012231 70112
0.012235 70112
0.012239 70112
0.012242 70112
0.012246 70112
0.01225 70112
0.012254 70112
0.012258 70112
0.012261 70112
0.012265 70112
0.012269 70112
0.012273 70112
0.012276 70112
0.01228 70112
0.012284 70112
0.012288 70112
0.012291 70112
0.012295 70112
0.012299 70112
0.012303 70112
0.012307 70112
0.01231 70112
0.012314 70112
0.012318 70112
0.012322 70112
0.012325 70112
0.012329 70112
0.012333 70112
0.012337 70112
0.01234 70112
0.012344 70112
0.012348 70112
0.012352 70112
0.012356 70112
0.012359 70112
0.012363 70112
0.012367 70112
0.012371 70112
0.012374 70112
0.012378 70112
0.012382 70112
0.012386 70112
0.012389 70112
0.012393 70112
0.012397 70112
0.012401 70112
0.012405 70112
0.012408 70112
0.012412 70112
0.012416 70112
0.01242 70112
0.012423 70112
0.012427 70112
0.012431 70112
0.012435 70112
0.012438 70112
0.012442 70112
0.012446 70112
0.01245 70112
0.012454 70112
0.012457 70112
0.012461 70112
0.012465 70112
0.012469 70112
0.012472 70112
0.012476 70112
0.01248 70112
0.012484 70112
0.012487 70112
0.012491 70112
0.012495 70112
0.012499 70112
0.012503 70112
0.012506 70112
0.01251 70112
0.012514 70112
0.012518 70112
0.012521 70112
0.012525 70112
0.012529 70112
0.012533 70112
0.012536 70112
0.01254 70112
0.012544 70112
0.012548 70112
0.012552 70112
0.012555 70112
0.012559 70112
0.012563 70112
0.012567 70112
0.01257 70112
0.012574 70112
0.012578 70112
0.012582 70112
0.012585 70112
0.012589 70112
0.012593 70112
0.012597 70112
0.012601 70112
0.012604 70112
0.012608 70112
0.012612 70112
0.012616 70112
0.012619 70112
0.012623 70112
0.012627 70112
0.012631 70112
0.012634 70112
0.012638 70112
0.012642 70112
0.012646 70112
0.01265 70112
0.012653 70112
0.012657 70112
0.012661 70112
0.012665 70112
0.012668 70112
0.012672 70112
0.012676 70112
0.01268 70112
0.012683 70112
0.012687 70112
0.012691 70112
0.012695 70112
0.012699 70112
0.012702 70112
0.012706 70112
0.01271 70112
0.012714 70112
0.012717 70112
0.012721 70112
0.012725 70112
0.012729 70112
0.012732 70112
0.012736 70112
0.01274 70112
0.012744 70112
0.012748 70112
0.012751 70112
0.012755 70112
0.012759 70112
0.012763 70112
0.012766 70112
0.01277 70112
0.012774 70112
0.012778 70112
0.012781 70112
0.012785 70112
0.012789 70112
0.012793 70112
0.012797 70112
0.0128 70112
0.012804 70112
0.012808 70112
0.012812 70112
0.012815 70112
0.012819 70112
0.012823 70112
0.012827 70112
0.01283 70112
0.012834 70112
0.012838 70112
0.012842 70112
0.012846 70112
0.012849 70112
0.012853 70112
0.012857 70112
0.012861 70112
0.012864 70112
0.012868 70112
0.012872 70112
0.012876 70112
0.012879 70112
0.012883 70112
0.012887 70112
0.012891 70112
0.012895 70112
0.012898 70112
0.012902 70112
0.012906 70112
0.01291 70112
0.012913 70112
0.012917 70112
0.012921 70112
0.012925 70112
0.012928 70112
0.012932 70112
0.012936 70112
0.01294 70112
0.012944 70112
0.012947 70112
0.012951 70112
0.012955 70112
0.012959 70112
0.012962 70112
0.012966 70112
0.01297 70112
0.012974 70112
0.012977 70112
0.012981 70112
0.012985 70112
0.012989 70112
0.012993 70112
0.012996 70112
0.013 70112
0.013004 70112
0.013008 70112
0.013011 70112
0.013015 70112
0.013019 70112
0.013023 70112
0.013026 70112
0.01303 70112
0.013034 70112
0.013038 70112
0.013042 70112
0.013045 70112
0.013049 70112
0.013053 70112
0.013057 70112
0.01306 70112
0.013064 70112
0.013068 70112
0.013072 70112
0.013075 70112
0.013079 70112
0.013083 70112
0.013087 70112
0.013091 70112
0.013094 70112
0.013098 70112
0.013102 70112
0.013106 70112
0.013109 70112
0.013113 70112
0.013117 70112
0.013121 70112
0.013124 70112
0.013128 70112
0.013132 70112
0.013136 70112
0.01314 70112
0.013143 70112
0.013147 70112
0.013151 70112
0.013155 70112
0.013158 70112
0.013162 70112
0.013166 70112
0.01317 70112
0.013173 70112
0.013177 70112
0.013181 70112
0.013185 70112
0.013189 70112
0.013192 70112
1 70112
