3.7692e-06 39380
7.5385e-06 39380
1.1308e-05 39380
1.5077e-05 39380
1.8846e-05 39380
2.2615e-05 39380
2.6385e-05 39380
3.0154e-05 39380
3.3923e-05 39381
3.7692e-05 39382
4.1462e-05 39383
4.5231e-05 39384
4.9e-05 39387
5.2769e-05 39391
5.6538e-05 39397
6.0308e-05 39405
6.4077e-05 39418
6.7846e-05 39435
7.1615e-05 39461
7.5385e-05 39496
7.9154e-05 39545
8.2923e-05 39614
8.6692e-05 39707
9.0462e-05 39832
9.4231e-05 40001
9.8e-05 40226
0.00010177 40522
0.00010554 40909
0.00010931 41411
0.00011308 42058
0.00011685 42886
0.00012062 43939
0.00012438 45274
0.00012815 46957
0.00013192 49074
0.00013569 51731
0.00013946 55063
0.00014323 59240
0.000147 64483
0.00015077 71077
0.00015454 79392
0.00015831 89913
0.00016208 1.0327e+05
0.00016585 1.2031e+05
0.00016962 1.421e+05
0.00017338 1.7007e+05
0.00017715 2.0605e+05
0.00018092 2.524e+05
0.00018469 3.1205e+05
0.00018846 3.8867e+05
0.00019223 4.8662e+05
0.000196 6.11e+05
0.00019977 7.6741e+05
0.00020354 9.6172e+05
0.00020731 1.1995e+06
0.00021108 1.4852e+06
0.00021485 1.8216e+06
0.00021862 2.2084e+06
0.00022238 2.6417e+06
0.00022615 3.1132e+06
0.00022992 3.6104e+06
0.00023369 4.1171e+06
0.00023746 4.6142e+06
0.00024123 5.082e+06
0.000245 5.5014e+06
0.00024877 5.8561e+06
0.00025254 6.1339e+06
0.00025631 6.3274e+06
0.00026008 6.4344e+06
0.00026385 6.4574e+06
0.00026762 6.4029e+06
0.00027138 6.2799e+06
0.00027515 6.0993e+06
0.00027892 5.8728e+06
0.00028269 5.6116e+06
0.00028646 5.3263e+06
0.00029023 5.0261e+06
0.000294 4.719e+06
0.00029777 4.4116e+06
0.00030154 4.1088e+06
0.00030531 3.8147e+06
0.00030908 3.5321e+06
0.00031285 3.2628e+06
0.00031662 3.0083e+06
0.00032038 2.769e+06
0.00032415 2.5453e+06
0.00032792 2.337e+06
0.00033169 2.1437e+06
0.00033546 1.9649e+06
0.00033923 1.8e+06
0.000343 1.6482e+06
0.00034677 1.5088e+06
0.00035054 1.381e+06
0.00035431 1.264e+06
0.00035808 1.157e+06
0.00036185 1.0592e+06
0.00036562 9.7006e+05
0.00036938 8.8875e+05
0.00037315 8.1467e+05
0.00037692 7.4722e+05
0.00038069 6.8582e+05
0.00038446 6.2996e+05
0.00038823 5.7914e+05
0.000392 5.3293e+05
0.00039577 4.9089e+05
0.00039954 4.5266e+05
0.00040331 4.1788e+05
0.00040708 3.8623e+05
0.00041085 3.5744e+05
0.00041462 3.3122e+05
0.00041838 3.0734e+05
0.00042215 2.8558e+05
0.00042592 2.6575e+05
0.00042969 2.4765e+05
0.00043346 2.3114e+05
0.00043723 2.1606e+05
0.000441 2.0228e+05
0.00044477 1.8967e+05
0.00044854 1.7814e+05
0.00045231 1.6757e+05
0.00045608 1.5789e+05
0.00045985 1.4901e+05
0.00046362 1.4085e+05
0.00046738 1.3336e+05
0.00047115 1.2647e+05
0.00047492 1.2013e+05
0.00047869 1.1429e+05
0.00048246 1.0891e+05
0.00048623 1.0395e+05
0.00049 99367
0.00049377 95134
0.00049754 91221
0.00050131 87600
0.00050508 84247
0.00050885 81141
0.00051262 78262
0.00051638 75590
0.00052015 73110
0.00052392 70806
0.00052769 68665
0.00053146 66673
0.00053523 64821
0.000539 63097
0.00054277 61491
0.00054654 59994
0.00055031 58600
0.00055408 57300
0.00055785 56087
0.00056162 54956
0.00056538 53900
0.00056915 52915
0.00057292 51995
0.00057669 51136
0.00058046 50334
0.00058423 49584
0.000588 48884
0.00059177 48230
0.00059554 47620
0.00059931 47049
0.00060308 46516
0.00060685 46018
0.00061062 45553
0.00061438 45119
0.00061815 44714
0.00062192 44335
0.00062569 43982
0.00062946 43652
0.00063323 43344
0.000637 43058
0.00064077 42790
0.00064454 42541
0.00064831 42308
0.00065208 42092
0.00065585 41890
0.00065962 41702
0.00066338 41527
0.00066715 41365
0.00067092 41214
0.00067469 41073
0.00067846 40943
0.00068223 40822
0.000686 40709
0.00068977 40605
0.00069354 40508
0.00069731 40418
0.00070108 40335
0.00070485 40258
0.00070862 40187
0.00071238 40121
0.00071615 40061
0.00071992 40004
0.00072369 39953
0.00072746 39905
0.00073123 39861
0.000735 39820
0.00073877 39782
0.00074254 39748
0.00074631 39716
0.00075008 39687
0.00075385 39660
0.00075762 39635
0.00076138 39613
0.00076515 39592
0.00076892 39573
0.00077269 39556
0.00077646 39540
0.00078023 39525
0.000784 39512
0.00078777 39500
0.00079154 39488
0.00079531 39478
0.00079908 39469
0.00080285 39461
0.00080662 39453
0.00081038 39446
0.00081415 39440
0.00081792 39434
0.00082169 39428
0.00082546 39424
0.00082923 39419
0.000833 39415
0.00083677 39412
0.00084054 39409
0.00084431 39406
0.00084808 39403
0.00085185 39401
0.00085562 39399
0.00085938 39397
0.00086315 39395
0.00086692 39393
0.00087069 39392
0.00087446 39391
0.00087823 39389
0.000882 39388
0.00088577 39387
0.00088954 39387
0.00089331 39386
0.00089708 39385
0.00090085 39385
0.00090462 39384
0.00090838 39383
0.00091215 39383
0.00091592 39383
0.00091969 39382
0.00092346 39382
0.00092723 39382
0.000931 39381
0.00093477 39381
0.00093854 39381
0.00094231 39381
0.00094608 39381
0.00094985 39381
0.00095362 39380
0.00095738 39380
0.00096115 39380
0.00096492 39380
0.00096869 39380
0.00097246 39380
0.00097623 39380
0.00098 39380
0.00098377 39380
0.00098754 39380
0.00099131 39380
0.00099508 39380
0.00099885 39380
0.0010026 39380
0.0010064 39380
0.0010102 39380
0.0010139 39380
0.0010177 39380
0.0010215 39380
0.0010252 39380
0.001029 39380
0.0010328 39380
0.0010365 39380
0.0010403 39380
0.0010441 39380
0.0010478 39380
0.0010516 39380
0.0010554 39380
0.0010592 39380
0.0010629 39380
0.0010667 39380
0.0010705 39380
0.0010742 39380
0.001078 39380
0.0010818 39380
0.0010855 39380
0.0010893 39380
0.0010931 39380
0.0010968 39380
0.0011006 39380
0.0011044 39380
0.0011082 39380
0.0011119 39380
0.0011157 39380
0.0011195 39380
0.0011232 39380
0.001127 39380
0.0011308 39380
0.0011345 39380
0.0011383 39380
0.0011421 39380
0.0011458 39380
0.0011496 39380
0.0011534 39380
0.0011572 39380
0.0011609 39380
0.0011647 39380
0.0011685 39380
0.0011722 39380
0.001176 39380
0.0011798 39380
0.0011835 39380
0.0011873 39380
0.0011911 39380
0.0011948 39380
0.0011986 39380
0.0012024 39380
0.0012062 39380
0.0012099 39380
0.0012137 39380
0.0012175 39380
0.0012212 39380
0.001225 39380
0.0012288 39380
0.0012325 39380
0.0012363 39380
0.0012401 39380
0.0012438 39380
0.0012476 39380
0.0012514 39380
0.0012552 39380
0.0012589 39380
0.0012627 39380
0.0012665 39380
0.0012702 39380
0.001274 39380
0.0012778 39380
0.0012815 39380
0.0012853 39380
0.0012891 39380
0.0012928 39380
0.0012966 39380
0.0013004 39380
0.0013042 39380
0.0013079 39380
0.0013117 39380
0.0013155 39380
0.0013192 39380
0.001323 39380
0.0013268 39380
0.0013305 39380
0.0013343 39380
0.0013381 39380
0.0013418 39380
0.0013456 39380
0.0013494 39380
0.0013532 39380
0.0013569 39380
0.0013607 39380
0.0013645 39380
0.0013682 39380
0.001372 39380
0.0013758 39380
0.0013795 39380
0.0013833 39380
0.0013871 39380
0.0013908 39380
0.0013946 39380
0.0013984 39380
0.0014022 39380
0.0014059 39380
0.0014097 39380
0.0014135 39380
0.0014172 39380
0.001421 39380
0.0014248 39380
0.0014285 39380
0.0014323 39380
0.0014361 39380
0.0014398 39380
0.0014436 39380
0.0014474 39380
0.0014512 39380
0.0014549 39380
0.0014587 39380
0.0014625 39380
0.0014662 39380
0.00147 39380
0.0014738 39380
0.0014775 39380
0.0014813 39380
0.0014851 39380
0.0014888 39380
0.0014926 39380
0.0014964 39380
0.0015002 39380
0.0015039 39380
0.0015077 39380
0.0015115 39380
0.0015152 39380
0.001519 39380
0.0015228 39380
0.0015265 39380
0.0015303 39380
0.0015341 39380
0.0015378 39380
0.0015416 39380
0.0015454 39380
0.0015492 39380
0.0015529 39380
0.0015567 39380
0.0015605 39380
0.0015642 39380
0.001568 39380
0.0015718 39380
0.0015755 39380
0.0015793 39380
0.0015831 39380
0.0015868 39380
0.0015906 39380
0.0015944 39380
0.0015982 39380
0.0016019 39380
0.0016057 39380
0.0016095 39380
0.0016132 39380
0.001617 39380
0.0016208 39380
0.0016245 39380
0.0016283 39380
0.0016321 39380
0.0016358 39380
0.0016396 39380
0.0016434 39380
0.0016472 39380
0.0016509 39380
0.0016547 39380
0.0016585 39380
0.0016622 39380
0.001666 39380
0.0016698 39380
0.0016735 39380
0.0016773 39380
0.0016811 39380
0.0016848 39380
0.0016886 39380
0.0016924 39380
0.0016962 39380
0.0016999 39380
0.0017037 39380
0.0017075 39380
0.0017112 39380
0.001715 39380
0.0017188 39380
0.0017225 39380
0.0017263 39380
0.0017301 39380
0.0017338 39380
0.0017376 39380
0.0017414 39380
0.0017452 39380
0.0017489 39380
0.0017527 39380
0.0017565 39380
0.0017602 39380
0.001764 39380
0.0017678 39380
0.0017715 39380
0.0017753 39380
0.0017791 39380
0.0017828 39380
0.0017866 39380
0.0017904 39380
0.0017942 39380
0.0017979 39380
0.0018017 39380
0.0018055 39380
0.0018092 39380
0.001813 39380
0.0018168 39380
0.0018205 39380
0.0018243 39380
0.0018281 39380
0.0018318 39380
0.0018356 39380
0.0018394 39380
0.0018432 39380
0.0018469 39380
0.0018507 39380
0.0018545 39380
0.0018582 39380
0.001862 39380
0.0018658 39380
0.0018695 39380
0.0018733 39380
0.0018771 39380
0.0018808 39380
0.0018846 39380
0.0018884 39380
0.0018922 39380
0.0018959 39380
0.0018997 39380
0.0019035 39380
0.0019072 39380
0.001911 39380
0.0019148 39380
0.0019185 39380
0.0019223 39380
0.0019261 39380
0.0019298 39380
0.0019336 39380
0.0019374 39380
0.0019412 39380
0.0019449 39380
0.0019487 39380
0.0019525 39380
0.0019562 39380
0.00196 39380
0.0019638 39380
0.0019675 39380
0.0019713 39380
0.0019751 39380
0.0019788 39380
0.0019826 39380
0.0019864 39380
0.0019902 39380
0.0019939 39380
0.0019977 39380
0.0020015 39380
0.0020052 39380
0.002009 39380
0.0020128 39380
0.0020165 39380
0.0020203 39380
0.0020241 39380
0.0020278 39380
0.0020316 39380
0.0020354 39380
0.0020392 39380
0.0020429 39380
0.0020467 39380
0.0020505 39380
0.0020542 39380
0.002058 39380
0.0020618 39380
0.0020655 39380
0.0020693 39380
0.0020731 39380
0.0020768 39380
0.0020806 39380
0.0020844 39380
0.0020882 39380
0.0020919 39380
0.0020957 39380
0.0020995 39380
0.0021032 39380
0.002107 39380
0.0021108 39380
0.0021145 39380
0.0021183 39380
0.0021221 39380
0.0021258 39380
0.0021296 39380
0.0021334 39380
0.0021372 39380
0.0021409 39380
0.0021447 39380
0.0021485 39380
0.0021522 39380
0.002156 39380
0.0021598 39380
0.0021635 39380
0.0021673 39380
0.0021711 39380
0.0021748 39380
0.0021786 39380
0.0021824 39380
0.0021862 39380
0.0021899 39380
0.0021937 39380
0.0021975 39380
0.0022012 39380
0.002205 39380
0.0022088 39380
0.0022125 39380
0.0022163 39380
0.0022201 39380
0.0022238 39380
0.0022276 39380
0.0022314 39380
0.0022352 39380
0.0022389 39380
0.0022427 39380
0.0022465 39380
0.0022502 39380
0.002254 39380
0.0022578 39380
0.0022615 39380
0.0022653 39380
0.0022691 39380
0.0022728 39380
0.0022766 39380
0.0022804 39380
0.0022842 39380
0.0022879 39380
0.0022917 39380
0.0022955 39380
0.0022992 39380
0.002303 39380
0.0023068 39380
0.0023105 39380
0.0023143 39380
0.0023181 39380
0.0023218 39380
0.0023256 39380
0.0023294 39380
0.0023332 39380
0.0023369 39380
0.0023407 39380
0.0023445 39380
0.0023482 39380
0.002352 39380
0.0023558 39380
0.0023595 39380
0.0023633 39380
0.0023671 39380
0.0023708 39380
0.0023746 39380
0.0023784 39380
0.0023822 39380
0.0023859 39380
0.0023897 39380
0.0023935 39380
0.0023972 39380
0.002401 39380
0.0024048 39380
0.0024085 39380
0.0024123 39380
0.0024161 39380
0.0024198 39380
0.0024236 39380
0.0024274 39380
0.0024312 39380
0.0024349 39380
0.0024387 39380
0.0024425 39380
0.0024462 39380
0.00245 39380
0.0024538 39380
0.0024575 39380
0.0024613 39380
0.0024651 39380
0.0024688 39380
0.0024726 39380
0.0024764 39380
0.0024802 39380
0.0024839 39380
0.0024877 39380
0.0024915 39380
0.0024952 39380
0.002499 39380
0.0025028 39380
0.0025065 39380
0.0025103 39380
0.0025141 39380
0.0025178 39380
0.0025216 39380
0.0025254 39380
0.0025292 39380
0.0025329 39380
0.0025367 39380
0.0025405 39380
0.0025442 39380
0.002548 39380
0.0025518 39380
0.0025555 39380
0.0025593 39380
0.0025631 39380
0.0025668 39380
0.0025706 39380
0.0025744 39380
0.0025782 39380
0.0025819 39380
0.0025857 39380
0.0025895 39380
0.0025932 39380
0.002597 39380
0.0026008 39380
0.0026045 39380
0.0026083 39380
0.0026121 39380
0.0026158 39380
0.0026196 39380
0.0026234 39380
0.0026272 39380
0.0026309 39380
0.0026347 39380
0.0026385 39380
0.0026422 39380
0.002646 39380
0.0026498 39380
0.0026535 39380
0.0026573 39380
0.0026611 39380
0.0026648 39380
0.0026686 39380
0.0026724 39380
0.0026762 39380
0.0026799 39380
0.0026837 39380
0.0026875 39380
0.0026912 39380
0.002695 39380
0.0026988 39380
0.0027025 39380
0.0027063 39380
0.0027101 39380
0.0027138 39380
0.0027176 39380
0.0027214 39380
0.0027252 39380
0.0027289 39380
0.0027327 39380
0.0027365 39380
0.0027402 39380
0.002744 39380
0.0027478 39380
0.0027515 39380
0.0027553 39380
0.0027591 39380
0.0027628 39380
0.0027666 39380
0.0027704 39380
0.0027742 39380
0.0027779 39380
0.0027817 39380
0.0027855 39380
0.0027892 39380
0.002793 39380
0.0027968 39380
0.0028005 39380
0.0028043 39380
0.0028081 39380
0.0028118 39380
0.0028156 39380
0.0028194 39380
0.0028232 39380
0.0028269 39380
0.0028307 39380
0.0028345 39380
0.0028382 39380
0.002842 39380
0.0028458 39380
0.0028495 39380
0.0028533 39380
0.0028571 39380
0.0028608 39380
0.0028646 39380
0.0028684 39380
0.0028722 39380
0.0028759 39380
0.0028797 39380
0.0028835 39380
0.0028872 39380
0.002891 39380
0.0028948 39380
0.0028985 39380
0.0029023 39380
0.0029061 39380
0.0029098 39380
0.0029136 39380
0.0029174 39380
0.0029212 39380
0.0029249 39380
0.0029287 39380
0.0029325 39380
0.0029362 39380
0.00294 39380
0.0029438 39380
0.0029475 39380
0.0029513 39380
0.0029551 39380
0.0029588 39380
0.0029626 39380
0.0029664 39380
0.0029702 39380
0.0029739 39380
0.0029777 39380
0.0029815 39380
0.0029852 39380
0.002989 39380
0.0029928 39380
0.0029965 39380
0.0030003 39380
0.0030041 39380
0.0030078 39380
0.0030116 39380
0.0030154 39380
0.0030192 39380
0.0030229 39380
0.0030267 39380
0.0030305 39380
0.0030342 39380
0.003038 39380
0.0030418 39380
0.0030455 39380
0.0030493 39380
0.0030531 39380
0.0030568 39380
0.0030606 39380
0.0030644 39380
0.0030682 39380
0.0030719 39380
0.0030757 39380
0.0030795 39380
0.0030832 39380
0.003087 39380
0.0030908 39380
0.0030945 39380
0.0030983 39380
0.0031021 39380
0.0031058 39380
0.0031096 39380
0.0031134 39380
0.0031172 39380
0.0031209 39380
0.0031247 39380
0.0031285 39380
0.0031322 39380
0.003136 39380
0.0031398 39380
0.0031435 39380
0.0031473 39380
0.0031511 39380
0.0031548 39380
0.0031586 39380
0.0031624 39380
0.0031662 39380
0.0031699 39380
0.0031737 39380
0.0031775 39380
0.0031812 39380
0.003185 39380
0.0031888 39380
0.0031925 39380
0.0031963 39380
0.0032001 39380
0.0032038 39380
0.0032076 39380
0.0032114 39380
0.0032152 39380
0.0032189 39380
0.0032227 39380
0.0032265 39380
0.0032302 39380
0.003234 39380
0.0032378 39380
0.0032415 39380
0.0032453 39380
0.0032491 39380
0.0032528 39380
0.0032566 39380
0.0032604 39380
0.0032642 39380
0.0032679 39380
0.0032717 39380
0.0032755 39380
0.0032792 39380
0.003283 39380
0.0032868 39380
0.0032905 39380
0.0032943 39380
0.0032981 39380
0.0033018 39380
0.0033056 39380
0.0033094 39380
0.0033132 39380
0.0033169 39380
0.0033207 39380
0.0033245 39380
0.0033282 39380
0.003332 39380
0.0033358 39380
0.0033395 39380
0.0033433 39380
0.0033471 39380
0.0033508 39380
0.0033546 39380
0.0033584 39380
0.0033622 39380
0.0033659 39380
0.0033697 39380
0.0033735 39380
0.0033772 39380
0.003381 39380
0.0033848 39380
0.0033885 39380
0.0033923 39380
0.0033961 39380
0.0033998 39380
0.0034036 39380
0.0034074 39380
0.0034112 39380
0.0034149 39380
0.0034187 39380
0.0034225 39380
0.0034262 39380
0.00343 39380
0.0034338 39380
0.0034375 39380
0.0034413 39380
0.0034451 39380
0.0034488 39380
0.0034526 39380
0.0034564 39380
0.0034602 39380
0.0034639 39380
0.0034677 39380
0.0034715 39380
0.0034752 39380
0.003479 39380
0.0034828 39380
0.0034865 39380
0.0034903 39380
0.0034941 39380
0.0034978 39380
0.0035016 39380
0.0035054 39380
0.0035092 39380
0.0035129 39380
0.0035167 39380
0.0035205 39380
0.0035242 39380
0.003528 39380
0.0035318 39380
0.0035355 39380
0.0035393 39380
0.0035431 39380
0.0035468 39380
0.0035506 39380
0.0035544 39380
0.0035582 39380
0.0035619 39380
0.0035657 39380
0.0035695 39380
0.0035732 39380
0.003577 39380
0.0035808 39380
0.0035845 39380
0.0035883 39380
0.0035921 39380
0.0035958 39380
0.0035996 39380
0.0036034 39380
0.0036072 39380
0.0036109 39380
0.0036147 39380
0.0036185 39380
0.0036222 39380
0.003626 39380
0.0036298 39380
0.0036335 39380
0.0036373 39380
0.0036411 39380
0.0036448 39380
0.0036486 39380
0.0036524 39380
0.0036562 39380
0.0036599 39380
0.0036637 39380
0.0036675 39380
0.0036712 39380
0.003675 39380
0.0036788 39380
0.0036825 39380
0.0036863 39380
0.0036901 39380
0.0036938 39380
0.0036976 39380
0.0037014 39380
0.0037052 39380
0.0037089 39380
0.0037127 39380
0.0037165 39380
0.0037202 39380
0.003724 39380
0.0037278 39380
0.0037315 39380
0.0037353 39380
0.0037391 39380
0.0037428 39380
0.0037466 39380
0.0037504 39380
0.0037542 39380
0.0037579 39380
0.0037617 39380
0.0037655 39380
0.0037692 39380
0.003773 39380
0.0037768 39380
0.0037805 39380
0.0037843 39380
0.0037881 39380
0.0037918 39380
0.0037956 39380
0.0037994 39380
0.0038032 39380
0.0038069 39380
0.0038107 39380
0.0038145 39380
0.0038182 39380
0.003822 39380
0.0038258 39380
0.0038295 39380
0.0038333 39380
0.0038371 39380
0.0038408 39380
0.0038446 39380
0.0038484 39380
0.0038522 39380
0.0038559 39380
0.0038597 39380
0.0038635 39380
0.0038672 39380
0.003871 39380
0.0038748 39380
0.0038785 39380
0.0038823 39380
0.0038861 39380
0.0038898 39380
0.0038936 39380
0.0038974 39380
0.0039012 39380
0.0039049 39380
0.0039087 39380
0.0039125 39380
0.0039162 39380
0.00392 39380
0.0039238 39380
0.0039275 39380
0.0039313 39380
0.0039351 39380
0.0039388 39380
0.0039426 39380
0.0039464 39380
0.0039502 39380
0.0039539 39380
0.0039577 39380
0.0039615 39380
0.0039652 39380
0.003969 39380
0.0039728 39380
0.0039765 39380
0.0039803 39380
0.0039841 39380
0.0039878 39380
0.0039916 39380
0.0039954 39380
0.0039992 39380
0.0040029 39380
0.0040067 39380
0.0040105 39380
0.0040142 39380
0.004018 39380
0.0040218 39380
0.0040255 39380
0.0040293 39380
0.0040331 39380
0.0040368 39380
0.0040406 39380
0.0040444 39380
0.0040482 39380
0.0040519 39380
0.0040557 39380
0.0040595 39380
0.0040632 39380
0.004067 39380
0.0040708 39380
0.0040745 39380
0.0040783 39380
0.0040821 39380
0.0040858 39380
0.0040896 39380
0.0040934 39380
0.0040972 39380
0.0041009 39380
0.0041047 39380
0.0041085 39380
0.0041122 39380
0.004116 39380
0.0041198 39380
0.0041235 39380
0.0041273 39380
0.0041311 39380
0.0041348 39380
0.0041386 39380
0.0041424 39380
0.0041462 39380
0.0041499 39380
0.0041537 39380
0.0041575 39380
0.0041612 39380
0.004165 39380
0.0041688 39380
0.0041725 39380
0.0041763 39380
0.0041801 39380
0.0041838 39380
0.0041876 39380
0.0041914 39380
0.0041952 39380
0.0041989 39380
0.0042027 39380
0.0042065 39380
0.0042102 39380
0.004214 39380
0.0042178 39380
0.0042215 39380
0.0042253 39380
0.0042291 39380
0.0042328 39380
0.0042366 39380
0.0042404 39380
0.0042442 39380
0.0042479 39380
0.0042517 39380
0.0042555 39380
0.0042592 39380
0.004263 39380
0.0042668 39380
0.0042705 39380
0.0042743 39380
0.0042781 39380
0.0042818 39380
0.0042856 39380
0.0042894 39380
0.0042932 39380
0.0042969 39380
0.0043007 39380
0.0043045 39380
0.0043082 39380
0.004312 39380
0.0043158 39380
0.0043195 39380
0.0043233 39380
0.0043271 39380
0.0043308 39380
0.0043346 39380
0.0043384 39380
0.0043422 39380
0.0043459 39380
0.0043497 39380
0.0043535 39380
0.0043572 39380
0.004361 39380
0.0043648 39380
0.0043685 39380
0.0043723 39380
0.0043761 39380
0.0043798 39380
0.0043836 39380
0.0043874 39380
0.0043912 39380
0.0043949 39380
0.0043987 39380
0.0044025 39380
0.0044062 39380
0.00441 39380
0.0044138 39380
0.0044175 39380
0.0044213 39380
0.0044251 39380
0.0044288 39380
0.0044326 39380
0.0044364 39380
0.0044402 39380
0.0044439 39380
0.0044477 39380
0.0044515 39380
0.0044552 39380
0.004459 39380
0.0044628 39380
0.0044665 39380
0.0044703 39380
0.0044741 39380
0.0044778 39380
0.0044816 39380
0.0044854 39380
0.0044892 39380
0.0044929 39380
0.0044967 39380
0.0045005 39380
0.0045042 39380
0.004508 39380
0.0045118 39380
0.0045155 39380
0.0045193 39380
0.0045231 39380
0.0045268 39380
0.0045306 39380
0.0045344 39380
0.0045382 39380
0.0045419 39380
0.0045457 39380
0.0045495 39380
0.0045532 39380
0.004557 39380
0.0045608 39380
0.0045645 39380
0.0045683 39380
0.0045721 39380
0.0045758 39380
0.0045796 39380
0.0045834 39380
0.0045872 39380
0.0045909 39380
0.0045947 39380
0.0045985 39380
0.0046022 39380
0.004606 39380
0.0046098 39380
0.0046135 39380
0.0046173 39380
0.0046211 39380
0.0046248 39380
0.0046286 39380
0.0046324 39380
0.0046362 39380
0.0046399 39380
0.0046437 39380
0.0046475 39380
0.0046512 39380
0.004655 39380
0.0046588 39380
0.0046625 39380
0.0046663 39380
0.0046701 39380
0.0046738 39380
0.0046776 39380
0.0046814 39380
0.0046852 39380
0.0046889 39380
0.0046927 39380
0.0046965 39380
0.0047002 39380
0.004704 39380
0.0047078 39380
0.0047115 39380
0.0047153 39380
0.0047191 39380
0.0047228 39380
0.0047266 39380
0.0047304 39380
0.0047342 39380
0.0047379 39380
0.0047417 39380
0.0047455 39380
0.0047492 39380
0.004753 39380
0.0047568 39380
0.0047605 39380
0.0047643 39380
0.0047681 39380
0.0047718 39380
0.0047756 39380
0.0047794 39380
0.0047832 39380
0.0047869 39380
0.0047907 39380
0.0047945 39380
0.0047982 39380
0.004802 39380
0.0048058 39380
0.0048095 39380
0.0048133 39380
0.0048171 39380
0.0048208 39380
0.0048246 39380
0.0048284 39380
0.0048322 39380
0.0048359 39380
0.0048397 39380
0.0048435 39380
0.0048472 39380
0.004851 39380
0.0048548 39380
0.0048585 39380
0.0048623 39380
0.0048661 39380
0.0048698 39380
0.0048736 39380
0.0048774 39380
0.0048812 39380
0.0048849 39380
0.0048887 39380
0.0048925 39380
0.0048962 39380
0.0049 39380
0.0049038 39380
0.0049075 39380
0.0049113 39380
0.0049151 39380
0.0049188 39380
0.0049226 39380
0.0049264 39380
0.0049302 39380
0.0049339 39380
0.0049377 39380
0.0049415 39380
0.0049452 39380
0.004949 39380
0.0049528 39380
0.0049565 39380
0.0049603 39380
0.0049641 39380
0.0049678 39380
0.0049716 39380
0.0049754 39380
0.0049792 39380
0.0049829 39380
0.0049867 39380
0.0049905 39380
0.0049942 39380
0.004998 39380
0.0050018 39380
0.0050055 39380
0.0050093 39380
0.0050131 39380
0.0050168 39380
0.0050206 39380
0.0050244 39380
0.0050282 39380
0.0050319 39380
0.0050357 39380
0.0050395 39380
0.0050432 39380
0.005047 39380
0.0050508 39380
0.0050545 39380
0.0050583 39380
0.0050621 39380
0.0050658 39380
0.0050696 39380
0.0050734 39380
0.0050772 39380
0.0050809 39380
0.0050847 39380
0.0050885 39380
0.0050922 39380
0.005096 39380
0.0050998 39380
0.0051035 39380
0.0051073 39380
0.0051111 39380
0.0051148 39380
0.0051186 39380
0.0051224 39380
0.0051262 39380
0.0051299 39380
0.0051337 39380
0.0051375 39380
0.0051412 39380
0.005145 39380
0.0051488 39380
0.0051525 39380
0.0051563 39380
0.0051601 39380
0.0051638 39380
0.0051676 39380
0.0051714 39380
0.0051752 39380
0.0051789 39380
0.0051827 39380
0.0051865 39380
0.0051902 39380
0.005194 39380
0.0051978 39380
0.0052015 39380
0.0052053 39380
0.0052091 39380
0.0052128 39380
0.0052166 39380
0.0052204 39380
0.0052242 39380
0.0052279 39380
0.0052317 39380
0.0052355 39380
0.0052392 39380
0.005243 39380
0.0052468 39380
0.0052505 39380
0.0052543 39380
0.0052581 39380
0.0052618 39380
0.0052656 39380
0.0052694 39380
0.0052732 39380
0.0052769 39380
0.0052807 39380
0.0052845 39380
0.0052882 39380
0.005292 39380
0.0052958 39380
0.0052995 39380
0.0053033 39380
0.0053071 39380
0.0053108 39380
0.0053146 39380
0.0053184 39380
0.0053222 39380
0.0053259 39380
0.0053297 39380
0.0053335 39380
0.0053372 39380
0.005341 39380
0.0053448 39380
0.0053485 39380
0.0053523 39380
0.0053561 39380
0.0053598 39380
0.0053636 39380
0.0053674 39380
0.0053712 39380
0.0053749 39380
0.0053787 39380
0.0053825 39380
0.0053862 39380
0.00539 39380
0.0053938 39380
0.0053975 39380
0.0054013 39380
0.0054051 39380
0.0054088 39380
0.0054126 39380
0.0054164 39380
0.0054202 39380
0.0054239 39380
0.0054277 39380
0.0054315 39380
0.0054352 39380
0.005439 39380
0.0054428 39380
0.0054465 39380
0.0054503 39380
0.0054541 39380
0.0054578 39380
0.0054616 39380
0.0054654 39380
0.0054692 39380
0.0054729 39380
0.0054767 39380
0.0054805 39380
0.0054842 39380
0.005488 39380
0.0054918 39380
0.0054955 39380
0.0054993 39380
0.0055031 39380
0.0055068 39380
0.0055106 39380
0.0055144 39380
0.0055182 39380
0.0055219 39380
0.0055257 39380
0.0055295 39380
0.0055332 39380
0.005537 39380
0.0055408 39380
0.0055445 39380
0.0055483 39380
0.0055521 39380
0.0055558 39380
0.0055596 39380
0.0055634 39380
0.0055672 39380
0.0055709 39380
0.0055747 39380
0.0055785 39380
0.0055822 39380
0.005586 39380
0.0055898 39380
0.0055935 39380
0.0055973 39380
0.0056011 39380
0.0056048 39380
0.0056086 39380
0.0056124 39380
0.0056162 39380
0.0056199 39380
0.0056237 39380
0.0056275 39380
0.0056312 39380
0.005635 39380
0.0056388 39380
0.0056425 39380
0.0056463 39380
0.0056501 39380
0.0056538 39380
0.0056576 39380
0.0056614 39380
0.0056652 39380
0.0056689 39380
0.0056727 39380
0.0056765 39380
0.0056802 39380
0.005684 39380
0.0056878 39380
0.0056915 39380
0.0056953 39380
0.0056991 39380
0.0057028 39380
0.0057066 39380
0.0057104 39380
0.0057142 39380
0.0057179 39380
0.0057217 39380
0.0057255 39380
0.0057292 39380
0.005733 39380
0.0057368 39380
0.0057405 39380
0.0057443 39380
0.0057481 39380
0.0057518 39380
0.0057556 39380
0.0057594 39380
0.0057632 39380
0.0057669 39380
0.0057707 39380
0.0057745 39380
0.0057782 39380
0.005782 39380
0.0057858 39380
0.0057895 39380
0.0057933 39380
0.0057971 39380
0.0058008 39380
0.0058046 39380
0.0058084 39380
0.0058122 39380
0.0058159 39380
0.0058197 39380
0.0058235 39380
0.0058272 39380
0.005831 39380
0.0058348 39380
0.0058385 39380
0.0058423 39380
0.0058461 39380
0.0058498 39380
0.0058536 39380
0.0058574 39380
0.0058612 39380
0.0058649 39380
0.0058687 39380
0.0058725 39380
0.0058762 39380
0.00588 39380
0.0058838 39380
0.0058875 39380
0.0058913 39380
0.0058951 39380
0.0058988 39380
0.0059026 39380
0.0059064 39380
0.0059102 39380
0.0059139 39380
0.0059177 39380
0.0059215 39380
0.0059252 39380
0.005929 39380
0.0059328 39380
0.0059365 39380
0.0059403 39380
0.0059441 39380
0.0059478 39380
0.0059516 39380
0.0059554 39380
0.0059592 39380
0.0059629 39380
0.0059667 39380
0.0059705 39380
0.0059742 39380
0.005978 39380
0.0059818 39380
0.0059855 39380
0.0059893 39380
0.0059931 39380
0.0059968 39380
0.0060006 39380
0.0060044 39380
0.0060082 39380
0.0060119 39380
0.0060157 39380
0.0060195 39380
0.0060232 39380
0.006027 39380
0.0060308 39380
0.0060345 39380
0.0060383 39380
0.0060421 39380
0.0060458 39380
0.0060496 39380
0.0060534 39380
0.0060572 39380
0.0060609 39380
0.0060647 39380
0.0060685 39380
0.0060722 39380
0.006076 39380
0.0060798 39380
0.0060835 39380
0.0060873 39380
0.0060911 39380
0.0060948 39380
0.0060986 39380
0.0061024 39380
0.0061062 39380
0.0061099 39380
0.0061137 39380
0.0061175 39380
0.0061212 39380
0.006125 39380
0.0061288 39380
0.0061325 39380
0.0061363 39380
0.0061401 39380
0.0061438 39380
0.0061476 39380
0.0061514 39380
0.0061552 39380
0.0061589 39380
0.0061627 39380
0.0061665 39380
0.0061702 39380
0.006174 39380
0.0061778 39380
0.0061815 39380
0.0061853 39380
0.0061891 39380
0.0061928 39380
0.0061966 39380
0.0062004 39380
0.0062042 39380
0.0062079 39380
0.0062117 39380
0.0062155 39380
0.0062192 39380
0.006223 39380
0.0062268 39380
0.0062305 39380
0.0062343 39380
0.0062381 39380
0.0062418 39380
0.0062456 39380
0.0062494 39380
0.0062532 39380
0.0062569 39380
0.0062607 39380
0.0062645 39380
0.0062682 39380
0.006272 39380
0.0062758 39380
0.0062795 39380
0.0062833 39380
0.0062871 39380
0.0062908 39380
0.0062946 39380
0.0062984 39380
0.0063022 39380
0.0063059 39380
0.0063097 39380
0.0063135 39380
0.0063172 39380
0.006321 39380
0.0063248 39380
0.0063285 39380
0.0063323 39380
0.0063361 39380
0.0063398 39380
0.0063436 39380
0.0063474 39380
0.0063512 39380
0.0063549 39380
0.0063587 39380
0.0063625 39380
0.0063662 39380
0.00637 39380
0.0063738 39380
0.0063775 39380
0.0063813 39380
0.0063851 39380
0.0063888 39380
0.0063926 39380
0.0063964 39380
0.0064002 39380
0.0064039 39380
0.0064077 39380
0.0064115 39380
0.0064152 39380
0.006419 39380
0.0064228 39380
0.0064265 39380
0.0064303 39380
0.0064341 39380
0.0064378 39380
0.0064416 39380
0.0064454 39380
0.0064492 39380
0.0064529 39380
0.0064567 39380
0.0064605 39380
0.0064642 39380
0.006468 39380
0.0064718 39380
0.0064755 39380
0.0064793 39380
0.0064831 39380
0.0064868 39380
0.0064906 39380
0.0064944 39380
0.0064982 39380
0.0065019 39380
0.0065057 39380
0.0065095 39380
0.0065132 39380
0.006517 39380
0.0065208 39380
0.0065245 39380
0.0065283 39380
0.0065321 39380
0.0065358 39380
0.0065396 39380
0.0065434 39380
0.0065472 39380
0.0065509 39380
0.0065547 39380
0.0065585 39380
0.0065622 39380
0.006566 39380
0.0065698 39380
0.0065735 39380
0.0065773 39380
0.0065811 39380
0.0065848 39380
0.0065886 39380
0.0065924 39380
0.0065962 39380
0.0065999 39380
0.0066037 39380
0.0066075 39380
0.0066112 39380
0.006615 39380
0.0066188 39380
0.0066225 39380
0.0066263 39380
0.0066301 39380
0.0066338 39380
0.0066376 39380
0.0066414 39380
0.0066452 39380
0.0066489 39380
0.0066527 39380
0.0066565 39380
0.0066602 39380
0.006664 39380
0.0066678 39380
0.0066715 39380
0.0066753 39380
0.0066791 39380
0.0066828 39380
0.0066866 39380
0.0066904 39380
0.0066942 39380
0.0066979 39380
0.0067017 39380
0.0067055 39380
0.0067092 39380
0.006713 39380
0.0067168 39380
0.0067205 39380
0.0067243 39380
0.0067281 39380
0.0067318 39380
0.0067356 39380
0.0067394 39380
0.0067432 39380
0.0067469 39380
0.0067507 39380
0.0067545 39380
0.0067582 39380
0.006762 39380
0.0067658 39380
0.0067695 39380
0.0067733 39380
0.0067771 39380
0.0067808 39380
0.0067846 39380
0.0067884 39380
0.0067922 39380
0.0067959 39380
0.0067997 39380
0.0068035 39380
0.0068072 39380
0.006811 39380
0.0068148 39380
0.0068185 39380
0.0068223 39380
0.0068261 39380
0.0068298 39380
0.0068336 39380
0.0068374 39380
0.0068412 39380
0.0068449 39380
0.0068487 39380
0.0068525 39380
0.0068562 39380
0.00686 39380
0.0068638 39380
0.0068675 39380
0.0068713 39380
0.0068751 39380
0.0068788 39380
0.0068826 39380
0.0068864 39380
0.0068902 39380
0.0068939 39380
0.0068977 39380
0.0069015 39380
0.0069052 39380
0.006909 39380
0.0069128 39380
0.0069165 39380
0.0069203 39380
0.0069241 39380
0.0069278 39380
0.0069316 39380
0.0069354 39380
0.0069392 39380
0.0069429 39380
0.0069467 39380
0.0069505 39380
0.0069542 39380
0.006958 39380
0.0069618 39380
0.0069655 39380
0.0069693 39380
0.0069731 39380
0.0069768 39380
0.0069806 39380
0.0069844 39380
0.0069882 39380
0.0069919 39380
0.0069957 39380
0.0069995 39380
0.0070032 39380
0.007007 39380
0.0070108 39380
0.0070145 39380
0.0070183 39380
0.0070221 39380
0.0070258 39380
0.0070296 39380
0.0070334 39380
0.0070372 39380
0.0070409 39380
0.0070447 39380
0.0070485 39380
0.0070522 39380
0.007056 39380
0.0070598 39380
0.0070635 39380
0.0070673 39380
0.0070711 39380
0.0070748 39380
0.0070786 39380
0.0070824 39380
0.0070862 39380
0.0070899 39380
0.0070937 39380
0.0070975 39380
0.0071012 39380
0.007105 39380
0.0071088 39380
0.0071125 39380
0.0071163 39380
0.0071201 39380
0.0071238 39380
0.0071276 39380
0.0071314 39380
0.0071352 39380
0.0071389 39380
0.0071427 39380
0.0071465 39380
0.0071502 39380
0.007154 39380
0.0071578 39380
0.0071615 39380
0.0071653 39380
0.0071691 39380
0.0071728 39380
0.0071766 39380
0.0071804 39380
0.0071842 39380
0.0071879 39380
0.0071917 39380
0.0071955 39380
0.0071992 39380
0.007203 39380
0.0072068 39380
0.0072105 39380
0.0072143 39380
0.0072181 39380
0.0072218 39380
0.0072256 39380
0.0072294 39380
0.0072332 39380
0.0072369 39380
0.0072407 39380
0.0072445 39380
0.0072482 39380
0.007252 39380
0.0072558 39380
0.0072595 39380
0.0072633 39380
0.0072671 39380
0.0072708 39380
0.0072746 39380
0.0072784 39380
0.0072822 39380
0.0072859 39380
0.0072897 39380
0.0072935 39380
0.0072972 39380
0.007301 39380
0.0073048 39380
0.0073085 39380
0.0073123 39380
0.0073161 39380
0.0073198 39380
0.0073236 39380
0.0073274 39380
0.0073312 39380
0.0073349 39380
0.0073387 39380
0.0073425 39380
0.0073462 39380
0.00735 39380
0.0073538 39380
0.0073575 39380
0.0073613 39380
0.0073651 39380
0.0073688 39380
0.0073726 39380
0.0073764 39380
0.0073802 39380
0.0073839 39380
0.0073877 39380
0.0073915 39380
0.0073952 39380
0.007399 39380
0.0074028 39380
0.0074065 39380
0.0074103 39380
0.0074141 39380
0.0074178 39380
0.0074216 39380
0.0074254 39380
0.0074292 39380
0.0074329 39380
0.0074367 39380
0.0074405 39380
0.0074442 39380
0.007448 39380
0.0074518 39380
0.0074555 39380
0.0074593 39380
0.0074631 39380
0.0074668 39380
0.0074706 39380
0.0074744 39380
0.0074782 39380
0.0074819 39380
0.0074857 39380
0.0074895 39380
0.0074932 39380
0.007497 39380
0.0075008 39380
0.0075045 39380
0.0075083 39380
0.0075121 39380
0.0075158 39380
0.0075196 39380
0.0075234 39380
0.0075272 39380
0.0075309 39380
0.0075347 39380
0.0075385 39380
0.0075422 39380
0.007546 39380
0.0075498 39380
0.0075535 39380
0.0075573 39380
0.0075611 39380
0.0075648 39380
0.0075686 39380
0.0075724 39380
0.0075762 39380
0.0075799 39380
0.0075837 39380
0.0075875 39380
0.0075912 39380
0.007595 39380
0.0075988 39380
0.0076025 39380
0.0076063 39380
0.0076101 39380
0.0076138 39380
0.0076176 39380
0.0076214 39380
0.0076252 39380
0.0076289 39380
0.0076327 39380
0.0076365 39380
0.0076402 39380
0.007644 39380
0.0076478 39380
0.0076515 39380
0.0076553 39380
0.0076591 39380
0.0076628 39380
0.0076666 39380
0.0076704 39380
0.0076742 39380
0.0076779 39380
0.0076817 39380
0.0076855 39380
0.0076892 39380
0.007693 39380
0.0076968 39380
0.0077005 39380
0.0077043 39380
0.0077081 39380
0.0077118 39380
0.0077156 39380
0.0077194 39380
0.0077232 39380
0.0077269 39380
0.0077307 39380
0.0077345 39380
0.0077382 39380
0.007742 39380
0.0077458 39380
0.0077495 39380
0.0077533 39380
0.0077571 39380
0.0077608 39380
0.0077646 39380
0.0077684 39380
0.0077722 39380
0.0077759 39380
0.0077797 39380
0.0077835 39380
0.0077872 39380
0.007791 39380
0.0077948 39380
0.0077985 39380
0.0078023 39380
0.0078061 39380
0.0078098 39380
0.0078136 39380
0.0078174 39380
0.0078212 39380
0.0078249 39380
0.0078287 39380
0.0078325 39380
0.0078362 39380
0.00784 39380
0.0078438 39380
0.0078475 39380
0.0078513 39380
0.0078551 39380
0.0078588 39380
0.0078626 39380
0.0078664 39380
0.0078702 39380
0.0078739 39380
0.0078777 39380
0.0078815 39380
0.0078852 39380
0.007889 39380
0.0078928 39380
0.0078965 39380
0.0079003 39380
0.0079041 39380
0.0079078 39380
0.0079116 39380
0.0079154 39380
0.0079192 39380
0.0079229 39380
0.0079267 39380
0.0079305 39380
0.0079342 39380
0.007938 39380
0.0079418 39380
0.0079455 39380
0.0079493 39380
0.0079531 39380
0.0079568 39380
0.0079606 39380
0.0079644 39380
0.0079682 39380
0.0079719 39380
0.0079757 39380
0.0079795 39380
0.0079832 39380
0.007987 39380
0.0079908 39380
0.0079945 39380
0.0079983 39380
0.0080021 39380
0.0080058 39380
0.0080096 39380
0.0080134 39380
0.0080172 39380
0.0080209 39380
0.0080247 39380
0.0080285 39380
0.0080322 39380
0.008036 39380
0.0080398 39380
0.0080435 39380
0.0080473 39380
0.0080511 39380
0.0080548 39380
0.0080586 39380
0.0080624 39380
0.0080662 39380
0.0080699 39380
0.0080737 39380
0.0080775 39380
0.0080812 39380
0.008085 39380
0.0080888 39380
0.0080925 39380
0.0080963 39380
0.0081001 39380
0.0081038 39380
0.0081076 39380
0.0081114 39380
0.0081152 39380
0.0081189 39380
0.0081227 39380
0.0081265 39380
0.0081302 39380
0.008134 39380
0.0081378 39380
0.0081415 39380
0.0081453 39380
0.0081491 39380
0.0081528 39380
0.0081566 39380
0.0081604 39380
0.0081642 39380
0.0081679 39380
0.0081717 39380
0.0081755 39380
0.0081792 39380
0.008183 39380
0.0081868 39380
0.0081905 39380
0.0081943 39380
0.0081981 39380
0.0082018 39380
0.0082056 39380
0.0082094 39380
0.0082132 39380
0.0082169 39380
0.0082207 39380
0.0082245 39380
0.0082282 39380
0.008232 39380
0.0082358 39380
0.0082395 39380
0.0082433 39380
0.0082471 39380
0.0082508 39380
0.0082546 39380
0.0082584 39380
0.0082622 39380
0.0082659 39380
0.0082697 39380
0.0082735 39380
0.0082772 39380
0.008281 39380
0.0082848 39380
0.0082885 39380
0.0082923 39380
0.0082961 39380
0.0082998 39380
0.0083036 39380
0.0083074 39380
0.0083112 39380
0.0083149 39380
0.0083187 39380
0.0083225 39380
0.0083262 39380
0.00833 39380
0.0083338 39380
0.0083375 39380
0.0083413 39380
0.0083451 39380
0.0083488 39380
0.0083526 39380
0.0083564 39380
0.0083602 39380
0.0083639 39380
0.0083677 39380
0.0083715 39380
0.0083752 39380
0.008379 39380
0.0083828 39380
0.0083865 39380
0.0083903 39380
0.0083941 39380
0.0083978 39380
0.0084016 39380
0.0084054 39380
0.0084092 39380
0.0084129 39380
0.0084167 39380
0.0084205 39380
0.0084242 39380
0.008428 39380
0.0084318 39380
0.0084355 39380
0.0084393 39380
0.0084431 39380
0.0084468 39380
0.0084506 39380
0.0084544 39380
0.0084582 39380
0.0084619 39380
0.0084657 39380
0.0084695 39380
0.0084732 39380
0.008477 39380
0.0084808 39380
0.0084845 39380
0.0084883 39380
0.0084921 39380
0.0084958 39380
0.0084996 39380
0.0085034 39380
0.0085072 39380
0.0085109 39380
0.0085147 39380
0.0085185 39380
0.0085222 39380
0.008526 39380
0.0085298 39380
0.0085335 39380
0.0085373 39380
0.0085411 39380
0.0085448 39380
0.0085486 39380
0.0085524 39380
0.0085562 39380
0.0085599 39380
0.0085637 39380
0.0085675 39380
0.0085712 39380
0.008575 39380
0.0085788 39380
0.0085825 39380
0.0085863 39380
0.0085901 39380
0.0085938 39380
0.0085976 39380
0.0086014 39380
0.0086052 39380
0.0086089 39380
0.0086127 39380
0.0086165 39380
0.0086202 39380
0.008624 39380
0.0086278 39380
0.0086315 39380
0.0086353 39380
0.0086391 39380
0.0086428 39380
0.0086466 39380
0.0086504 39380
0.0086542 39380
0.0086579 39380
0.0086617 39380
0.0086655 39380
0.0086692 39380
0.008673 39380
0.0086768 39380
0.0086805 39380
0.0086843 39380
0.0086881 39380
0.0086918 39380
0.0086956 39380
0.0086994 39380
0.0087032 39380
0.0087069 39380
0.0087107 39380
0.0087145 39380
0.0087182 39380
0.008722 39380
0.0087258 39380
0.0087295 39380
0.0087333 39380
0.0087371 39380
0.0087408 39380
0.0087446 39380
0.0087484 39380
0.0087522 39380
0.0087559 39380
0.0087597 39380
0.0087635 39380
0.0087672 39380
0.008771 39380
0.0087748 39380
0.0087785 39380
0.0087823 39380
0.0087861 39380
0.0087898 39380
0.0087936 39380
0.0087974 39380
0.0088012 39380
0.0088049 39380
0.0088087 39380
0.0088125 39380
0.0088162 39380
0.00882 39380
0.0088238 39380
0.0088275 39380
0.0088313 39380
0.0088351 39380
0.0088388 39380
0.0088426 39380
0.0088464 39380
0.0088502 39380
0.0088539 39380
0.0088577 39380
0.0088615 39380
0.0088652 39380
0.008869 39380
0.0088728 39380
0.0088765 39380
0.0088803 39380
0.0088841 39380
0.0088878 39380
0.0088916 39380
0.0088954 39380
0.0088992 39380
0.0089029 39380
0.0089067 39380
0.0089105 39380
0.0089142 39380
0.008918 39380
0.0089218 39380
0.0089255 39380
0.0089293 39380
0.0089331 39380
0.0089368 39380
0.0089406 39380
0.0089444 39380
0.0089482 39380
0.0089519 39380
0.0089557 39380
0.0089595 39380
0.0089632 39380
0.008967 39380
0.0089708 39380
0.0089745 39380
0.0089783 39380
0.0089821 39380
0.0089858 39380
0.0089896 39380
0.0089934 39380
0.0089972 39380
0.0090009 39380
0.0090047 39380
0.0090085 39380
0.0090122 39380
0.009016 39380
0.0090198 39380
0.0090235 39380
0.0090273 39380
0.0090311 39380
0.0090348 39380
0.0090386 39380
0.0090424 39380
0.0090462 39380
0.0090499 39380
0.0090537 39380
0.0090575 39380
0.0090612 39380
0.009065 39380
0.0090688 39380
0.0090725 39380
0.0090763 39380
0.0090801 39380
0.0090838 39380
0.0090876 39380
0.0090914 39380
0.0090952 39380
0.0090989 39380
0.0091027 39380
0.0091065 39380
0.0091102 39380
0.009114 39380
0.0091178 39380
0.0091215 39380
0.0091253 39380
0.0091291 39380
0.0091328 39380
0.0091366 39380
0.0091404 39380
0.0091442 39380
0.0091479 39380
0.0091517 39380
0.0091555 39380
0.0091592 39380
0.009163 39380
0.0091668 39380
0.0091705 39380
0.0091743 39380
0.0091781 39380
0.0091818 39380
0.0091856 39380
0.0091894 39380
0.0091932 39380
0.0091969 39380
0.0092007 39380
0.0092045 39380
0.0092082 39380
0.009212 39380
0.0092158 39380
0.0092195 39380
0.0092233 39380
0.0092271 39380
0.0092308 39380
0.0092346 39380
0.0092384 39380
0.0092422 39380
0.0092459 39380
0.0092497 39380
0.0092535 39380
0.0092572 39380
0.009261 39380
0.0092648 39380
0.0092685 39380
0.0092723 39380
0.0092761 39380
0.0092798 39380
0.0092836 39380
0.0092874 39380
0.0092912 39380
0.0092949 39380
0.0092987 39380
0.0093025 39380
0.0093062 39380
0.00931 39380
0.0093138 39380
0.0093175 39380
0.0093213 39380
0.0093251 39380
0.0093288 39380
0.0093326 39380
0.0093364 39380
0.0093402 39380
0.0093439 39380
0.0093477 39380
0.0093515 39380
0.0093552 39380
0.009359 39380
0.0093628 39380
0.0093665 39380
0.0093703 39380
0.0093741 39380
0.0093778 39380
0.0093816 39380
0.0093854 39380
0.0093892 39380
0.0093929 39380
0.0093967 39380
0.0094005 39380
0.0094042 39380
0.009408 39380
0.0094118 39380
0.0094155 39380
0.0094193 39380
0.0094231 39380
0.0094268 39380
0.0094306 39380
0.0094344 39380
0.0094382 39380
0.0094419 39380
0.0094457 39380
0.0094495 39380
0.0094532 39380
0.009457 39380
0.0094608 39380
0.0094645 39380
0.0094683 39380
0.0094721 39380
0.0094758 39380
0.0094796 39380
0.0094834 39380
0.0094872 39380
0.0094909 39380
0.0094947 39380
0.0094985 39380
0.0095022 39380
0.009506 39380
0.0095098 39380
0.0095135 39380
0.0095173 39380
0.0095211 39380
0.0095248 39380
0.0095286 39380
0.0095324 39380
0.0095362 39380
0.0095399 39380
0.0095437 39380
0.0095475 39380
0.0095512 39380
0.009555 39380
0.0095588 39380
0.0095625 39380
0.0095663 39380
0.0095701 39380
0.0095738 39380
0.0095776 39380
0.0095814 39380
0.0095852 39380
0.0095889 39380
0.0095927 39380
0.0095965 39380
0.0096002 39380
0.009604 39380
0.0096078 39380
0.0096115 39380
0.0096153 39380
0.0096191 39380
0.0096228 39380
0.0096266 39380
0.0096304 39380
0.0096342 39380
0.0096379 39380
0.0096417 39380
0.0096455 39380
0.0096492 39380
0.009653 39380
0.0096568 39380
0.0096605 39380
0.0096643 39380
0.0096681 39380
0.0096718 39380
0.0096756 39380
0.0096794 39380
0.0096832 39380
0.0096869 39380
0.0096907 39380
0.0096945 39380
0.0096982 39380
0.009702 39380
0.0097058 39380
0.0097095 39380
0.0097133 39380
0.0097171 39380
0.0097208 39380
0.0097246 39380
0.0097284 39380
0.0097322 39380
0.0097359 39380
0.0097397 39380
0.0097435 39380
0.0097472 39380
0.009751 39380
0.0097548 39380
0.0097585 39380
0.0097623 39380
0.0097661 39380
0.0097698 39380
0.0097736 39380
0.0097774 39380
0.0097812 39380
0.0097849 39380
0.0097887 39380
0.0097925 39380
0.0097962 39380
0.0098 39380
0.0098038 39380
0.0098075 39380
0.0098113 39380
0.0098151 39380
0.0098188 39380
0.0098226 39380
0.0098264 39380
0.0098302 39380
0.0098339 39380
0.0098377 39380
0.0098415 39380
0.0098452 39380
0.009849 39380
0.0098528 39380
0.0098565 39380
0.0098603 39380
0.0098641 39380
0.0098678 39380
0.0098716 39380
0.0098754 39380
0.0098792 39380
0.0098829 39380
0.0098867 39380
0.0098905 39380
0.0098942 39380
0.009898 39380
0.0099018 39380
0.0099055 39380
0.0099093 39380
0.0099131 39380
0.0099168 39380
0.0099206 39380
0.0099244 39380
0.0099282 39380
0.0099319 39380
0.0099357 39380
0.0099395 39380
0.0099432 39380
0.009947 39380
0.0099508 39380
0.0099545 39380
0.0099583 39380
0.0099621 39380
0.0099658 39380
0.0099696 39380
0.0099734 39380
0.0099772 39380
0.0099809 39380
0.0099847 39380
0.0099885 39380
0.0099922 39380
0.009996 39380
0.0099998 39380
0.010004 39380
0.010007 39380
0.010011 39380
0.010015 39380
0.010019 39380
0.010022 39380
0.010026 39380
0.01003 39380
0.010034 39380
0.010037 39380
0.010041 39380
0.010045 39380
0.010049 39380
0.010053 39380
0.010056 39380
0.01006 39380
0.010064 39380
0.010068 39380
0.010071 39380
0.010075 39380
0.010079 39380
0.010083 39380
0.010086 39380
0.01009 39380
0.010094 39380
0.010098 39380
0.010102 39380
0.010105 39380
0.010109 39380
0.010113 39380
0.010117 39380
0.01012 39380
0.010124 39380
0.010128 39380
0.010132 39380
0.010135 39380
0.010139 39380
0.010143 39380
0.010147 39380
0.010151 39380
0.010154 39380
0.010158 39380
0.010162 39380
0.010166 39380
0.010169 39380
0.010173 39380
0.010177 39380
0.010181 39380
0.010184 39380
0.010188 39380
0.010192 39380
0.010196 39380
0.0102 39380
0.010203 39380
0.010207 39380
0.010211 39380
0.010215 39380
0.010218 39380
0.010222 39380
0.010226 39380
0.01023 39380
0.010233 39380
0.010237 39380
0.010241 39380
0.010245 39380
0.010249 39380
0.010252 39380
0.010256 39380
0.01026 39380
0.010264 39380
0.010267 39380
0.010271 39380
0.010275 39380
0.010279 39380
0.010282 39380
0.010286 39380
0.01029 39380
0.010294 39380
0.010298 39380
0.010301 39380
0.010305 39380
0.010309 39380
0.010313 39380
0.010316 39380
0.01032 39380
0.010324 39380
0.010328 39380
0.010331 39380
0.010335 39380
0.010339 39380
0.010343 39380
0.010347 39380
0.01035 39380
0.010354 39380
0.010358 39380
0.010362 39380
0.010365 39380
0.010369 39380
0.010373 39380
0.010377 39380
0.01038 39380
0.010384 39380
0.010388 39380
0.010392 39380
0.010396 39380
0.010399 39380
0.010403 39380
0.010407 39380
0.010411 39380
0.010414 39380
0.010418 39380
0.010422 39380
0.010426 39380
0.010429 39380
0.010433 39380
0.010437 39380
0.010441 39380
0.010445 39380
0.010448 39380
0.010452 39380
0.010456 39380
0.01046 39380
0.010463 39380
0.010467 39380
0.010471 39380
0.010475 39380
0.010478 39380
0.010482 39380
0.010486 39380
0.01049 39380
0.010494 39380
0.010497 39380
0.010501 39380
0.010505 39380
0.010509 39380
0.010512 39380
0.010516 39380
0.01052 39380
0.010524 39380
0.010527 39380
0.010531 39380
0.010535 39380
0.010539 39380
0.010543 39380
0.010546 39380
0.01055 39380
0.010554 39380
0.010558 39380
0.010561 39380
0.010565 39380
0.010569 39380
0.010573 39380
0.010576 39380
0.01058 39380
0.010584 39380
0.010588 39380
0.010592 39380
0.010595 39380
0.010599 39380
0.010603 39380
0.010607 39380
0.01061 39380
0.010614 39380
0.010618 39380
0.010622 39380
0.010625 39380
0.010629 39380
0.010633 39380
0.010637 39380
0.010641 39380
0.010644 39380
0.010648 39380
0.010652 39380
0.010656 39380
0.010659 39380
0.010663 39380
0.010667 39380
0.010671 39380
0.010674 39380
0.010678 39380
0.010682 39380
0.010686 39380
0.01069 39380
0.010693 39380
0.010697 39380
0.010701 39380
0.010705 39380
0.010708 39380
0.010712 39380
0.010716 39380
0.01072 39380
0.010723 39380
0.010727 39380
0.010731 39380
0.010735 39380
0.010739 39380
0.010742 39380
0.010746 39380
0.01075 39380
0.010754 39380
0.010757 39380
0.010761 39380
0.010765 39380
0.010769 39380
0.010772 39380
0.010776 39380
0.01078 39380
0.010784 39380
0.010788 39380
0.010791 39380
0.010795 39380
0.010799 39380
0.010803 39380
0.010806 39380
0.01081 39380
0.010814 39380
0.010818 39380
0.010821 39380
0.010825 39380
0.010829 39380
0.010833 39380
0.010837 39380
0.01084 39380
0.010844 39380
0.010848 39380
0.010852 39380
0.010855 39380
0.010859 39380
0.010863 39380
0.010867 39380
0.01087 39380
0.010874 39380
0.010878 39380
0.010882 39380
0.010886 39380
0.010889 39380
0.010893 39380
0.010897 39380
0.010901 39380
0.010904 39380
0.010908 39380
0.010912 39380
0.010916 39380
0.010919 39380
0.010923 39380
0.010927 39380
0.010931 39380
0.010935 39380
0.010938 39380
0.010942 39380
0.010946 39380
0.01095 39380
0.010953 39380
0.010957 39380
0.010961 39380
0.010965 39380
0.010968 39380
0.010972 39380
0.010976 39380
0.01098 39380
0.010984 39380
0.010987 39380
0.010991 39380
0.010995 39380
0.010999 39380
0.011002 39380
0.011006 39380
0.01101 39380
0.011014 39380
0.011017 39380
0.011021 39380
0.011025 39380
0.011029 39380
0.011033 39380
0.011036 39380
0.01104 39380
0.011044 39380
0.011048 39380
0.011051 39380
0.011055 39380
0.011059 39380
0.011063 39380
0.011066 39380
0.01107 39380
0.011074 39380
0.011078 39380
0.011082 39380
0.011085 39380
0.011089 39380
0.011093 39380
0.011097 39380
0.0111 39380
0.011104 39380
0.011108 39380
0.011112 39380
0.011115 39380
0.011119 39380
0.011123 39380
0.011127 39380
0.011131 39380
0.011134 39380
0.011138 39380
0.011142 39380
0.011146 39380
0.011149 39380
0.011153 39380
0.011157 39380
0.011161 39380
0.011164 39380
0.011168 39380
0.011172 39380
0.011176 39380
0.01118 39380
0.011183 39380
0.011187 39380
0.011191 39380
0.011195 39380
0.011198 39380
0.011202 39380
0.011206 39380
0.01121 39380
0.011213 39380
0.011217 39380
0.011221 39380
0.011225 39380
0.011229 39380
0.011232 39380
0.011236 39380
0.01124 39380
0.011244 39380
0.011247 39380
0.011251 39380
0.011255 39380
0.011259 39380
0.011262 39380
0.011266 39380
0.01127 39380
0.011274 39380
0.011278 39380
0.011281 39380
0.011285 39380
0.011289 39380
0.011293 39380
0.011296 39380
0.0113 39380
0.011304 39380
0.011308 39380
0.011311 39380
0.011315 39380
0.011319 39380
0.011323 39380
0.011327 39380
0.01133 39380
0.011334 39380
0.011338 39380
0.011342 39380
0.011345 39380
0.011349 39380
0.011353 39380
0.011357 39380
0.01136 39380
0.011364 39380
0.011368 39380
0.011372 39380
0.011376 39380
0.011379 39380
0.011383 39380
0.011387 39380
0.011391 39380
0.011394 39380
0.011398 39380
0.011402 39380
0.011406 39380
0.011409 39380
0.011413 39380
0.011417 39380
0.011421 39380
0.011425 39380
0.011428 39380
0.011432 39380
0.011436 39380
0.01144 39380
0.011443 39380
0.011447 39380
0.011451 39380
0.011455 39380
0.011458 39380
0.011462 39380
0.011466 39380
0.01147 39380
0.011474 39380
0.011477 39380
0.011481 39380
0.011485 39380
0.011489 39380
0.011492 39380
0.011496 39380
0.0115 39380
0.011504 39380
0.011507 39380
0.011511 39380
0.011515 39380
0.011519 39380
0.011523 39380
0.011526 39380
0.01153 39380
0.011534 39380
0.011538 39380
0.011541 39380
0.011545 39380
0.011549 39380
0.011553 39380
0.011556 39380
0.01156 39380
0.011564 39380
0.011568 39380
0.011572 39380
0.011575 39380
0.011579 39380
0.011583 39380
0.011587 39380
0.01159 39380
0.011594 39380
0.011598 39380
0.011602 39380
0.011605 39380
0.011609 39380
0.011613 39380
0.011617 39380
0.011621 39380
0.011624 39380
0.011628 39380
0.011632 39380
0.011636 39380
0.011639 39380
0.011643 39380
0.011647 39380
0.011651 39380
0.011654 39380
0.011658 39380
0.011662 39380
0.011666 39380
0.01167 39380
0.011673 39380
0.011677 39380
0.011681 39380
0.011685 39380
0.011688 39380
0.011692 39380
0.011696 39380
0.0117 39380
0.011703 39380
0.011707 39380
0.011711 39380
0.011715 39380
0.011719 39380
0.011722 39380
0.011726 39380
0.01173 39380
0.011734 39380
0.011737 39380
0.011741 39380
0.011745 39380
0.011749 39380
0.011752 39380
0.011756 39380
0.01176 39380
0.011764 39380
0.011768 39380
0.011771 39380
0.011775 39380
0.011779 39380
0.011783 39380
0.011786 39380
0.01179 39380
0.011794 39380
0.011798 39380
0.011801 39380
0.011805 39380
0.011809 39380
0.011813 39380
0.011817 39380
0.01182 39380
0.011824 39380
0.011828 39380
0.011832 39380
0.011835 39380
0.011839 39380
0.011843 39380
0.011847 39380
0.01185 39380
0.011854 39380
0.011858 39380
0.011862 39380
0.011866 39380
0.011869 39380
0.011873 39380
0.011877 39380
0.011881 39380
0.011884 39380
0.011888 39380
0.011892 39380
0.011896 39380
0.011899 39380
0.011903 39380
0.011907 39380
0.011911 39380
0.011915 39380
0.011918 39380
0.011922 39380
0.011926 39380
0.01193 39380
0.011933 39380
0.011937 39380
0.011941 39380
0.011945 39380
0.011948 39380
0.011952 39380
0.011956 39380
0.01196 39380
0.011964 39380
0.011967 39380
0.011971 39380
0.011975 39380
0.011979 39380
0.011982 39380
0.011986 39380
0.01199 39380
0.011994 39380
0.011997 39380
0.012001 39380
0.012005 39380
0.012009 39380
0.012013 39380
0.012016 39380
0.01202 39380
0.012024 39380
0.012028 39380
0.012031 39380
0.012035 39380
0.012039 39380
0.012043 39380
0.012046 39380
0.01205 39380
0.012054 39380
0.012058 39380
0.012062 39380
0.012065 39380
0.012069 39380
0.012073 39380
0.012077 39380
0.01208 39380
0.012084 39380
0.012088 39380
0.012092 39380
0.012095 39380
0.012099 39380
0.012103 39380
0.012107 39380
0.012111 39380
0.012114 39380
0.012118 39380
0.012122 39380
0.012126 39380
0.012129 39380
0.012133 39380
0.012137 39380
0.012141 39380
0.012144 39380
0.012148 39380
0.012152 39380
0.012156 39380
0.01216 39380
0.012163 39380
0.012167 39380
0.012171 39380
0.012175 39380
0.012178 39380
0.012182 39380
0.012186 39380
0.01219 39380
0.012193 39380
0.012197 39380
0.012201 39380
0.012205 39380
0.012209 39380
0.012212 39380
0.012216 39380
0.01222 39380
0.012224 39380
0.012227 39380
0.012231 39380
0.012235 39380
0.012239 39380
0.012242 39380
0.012246 39380
0.01225 39380
0.012254 39380
0.012258 39380
0.012261 39380
0.012265 39380
0.012269 39380
0.012273 39380
0.012276 39380
0.01228 39380
0.012284 39380
0.012288 39380
0.012291 39380
0.012295 39380
0.012299 39380
0.012303 39380
0.012307 39380
0.01231 39380
0.012314 39380
0.012318 39380
0.012322 39380
0.012325 39380
0.012329 39380
0.012333 39380
0.012337 39380
0.01234 39380
0.012344 39380
0.012348 39380
0.012352 39380
0.012356 39380
0.012359 39380
0.012363 39380
0.012367 39380
0.012371 39380
0.012374 39380
0.012378 39380
0.012382 39380
0.012386 39380
0.012389 39380
0.012393 39380
0.012397 39380
0.012401 39380
0.012405 39380
0.012408 39380
0.012412 39380
0.012416 39380
0.01242 39380
0.012423 39380
0.012427 39380
0.012431 39380
0.012435 39380
0.012438 39380
0.012442 39380
0.012446 39380
0.01245 39380
0.012454 39380
0.012457 39380
0.012461 39380
0.012465 39380
0.012469 39380
0.012472 39380
0.012476 39380
0.01248 39380
0.012484 39380
0.012487 39380
0.012491 39380
0.012495 39380
0.012499 39380
0.012503 39380
0.012506 39380
0.01251 39380
0.012514 39380
0.012518 39380
0.012521 39380
0.012525 39380
0.012529 39380
0.012533 39380
0.012536 39380
0.01254 39380
0.012544 39380
0.012548 39380
0.012552 39380
0.012555 39380
0.012559 39380
0.012563 39380
0.012567 39380
0.01257 39380
0.012574 39380
0.012578 39380
0.012582 39380
0.012585 39380
0.012589 39380
0.012593 39380
0.012597 39380
0.012601 39380
0.012604 39380
0.012608 39380
0.012612 39380
0.012616 39380
0.012619 39380
0.012623 39380
0.012627 39380
0.012631 39380
0.012634 39380
0.012638 39380
0.012642 39380
0.012646 39380
0.01265 39380
0.012653 39380
0.012657 39380
0.012661 39380
0.012665 39380
0.012668 39380
0.012672 39380
0.012676 39380
0.01268 39380
0.012683 39380
0.012687 39380
0.012691 39380
0.012695 39380
0.012699 39380
0.012702 39380
0.012706 39380
0.01271 39380
0.012714 39380
0.012717 39380
0.012721 39380
0.012725 39380
0.012729 39380
0.012732 39380
0.012736 39380
0.01274 39380
0.012744 39380
0.012748 39380
0.012751 39380
0.012755 39380
0.012759 39380
0.012763 39380
0.012766 39380
0.01277 39380
0.012774 39380
0.012778 39380
0.012781 39380
0.012785 39380
0.012789 39380
0.012793 39380
0.012797 39380
0.0128 39380
0.012804 39380
0.012808 39380
0.012812 39380
0.012815 39380
0.012819 39380
0.012823 39380
0.012827 39380
0.01283 39380
0.012834 39380
0.012838 39380
0.012842 39380
0.012846 39380
0.012849 39380
0.012853 39380
0.012857 39380
0.012861 39380
0.012864 39380
0.012868 39380
0.012872 39380
0.012876 39380
0.012879 39380
0.012883 39380
0.012887 39380
0.012891 39380
0.012895 39380
0.012898 39380
0.012902 39380
0.012906 39380
0.01291 39380
0.012913 39380
0.012917 39380
0.012921 39380
0.012925 39380
0.012928 39380
0.012932 39380
0.012936 39380
0.01294 39380
0.012944 39380
0.012947 39380
0.012951 39380
0.012955 39380
0.012959 39380
0.012962 39380
0.012966 39380
0.01297 39380
0.012974 39380
0.012977 39380
0.012981 39380
0.012985 39380
0.012989 39380
0.012993 39380
0.012996 39380
0.013 39380
0.013004 39380
0.013008 39380
0.013011 39380
0.013015 39380
0.013019 39380
0.013023 39380
0.013026 39380
0.01303 39380
0.013034 39380
0.013038 39380
0.013042 39380
0.013045 39380
0.013049 39380
0.013053 39380
0.013057 39380
0.01306 39380
0.013064 39380
0.013068 39380
0.013072 39380
0.013075 39380
0.013079 39380
0.013083 39380
0.013087 39380
0.013091 39380
0.013094 39380
0.013098 39380
0.013102 39380
0.013106 39380
0.013109 39380
0.013113 39380
0.013117 39380
0.013121 39380
0.013124 39380
0.013128 39380
0.013132 39380
0.013136 39380
0.01314 39380
0.013143 39380
0.013147 39380
0.013151 39380
0.013155 39380
0.013158 39380
0.013162 39380
0.013166 39380
0.01317 39380
0.013173 39380
0.013177 39380
0.013181 39380
0.013185 39380
0.013189 39380
0.013192 39380
1 39380
