4e-06 114.9
8e-06 114.9
1.2e-05 114.9
1.6e-05 114.9
2e-05 114.9
2.4e-05 114.9
2.8e-05 114.9
3.2e-05 114.9
3.6e-05 114.9
4e-05 114.9
4.4e-05 114.91
4.8e-05 114.91
5.2e-05 114.92
5.6e-05 114.93
6e-05 114.94
6.4e-05 114.96
6.8e-05 115
7.2e-05 115.04
7.6e-05 115.11
8e-05 115.2
8.4e-05 115.33
8.8e-05 115.51
9.2e-05 115.75
9.6e-05 116.08
0.0001 116.52
0.000104 117.11
0.000108 117.88
0.000112 118.88
0.000116 120.19
0.00012 121.87
0.000124 124.01
0.000128 126.74
0.000132 130.18
0.000136 134.5
0.00014 139.92
0.000144 146.68
0.000148 155.11
0.000152 165.61
0.000156 178.67
0.00016 194.94
0.000164 215.24
0.000168 240.61
0.000172 272.38
0.000176 312.27
0.00018 362.46
0.000184 425.72
0.000188 505.54
0.000192 606.22
0.000196 733.04
0.0002 892.27
0.000204 1091.2
0.000208 1337.8
0.000212 1640.6
0.000216 2008
0.00022 2447.1
0.000224 2963.1
0.000228 3557.3
0.000232 4226.6
0.000236 4961.8
0.00024 5747.7
0.000244 6563.1
0.000248 7381.8
0.000252 8175.1
0.000256 8913.2
0.00026 9569
0.000264 10120
0.000268 10548
0.000272 10846
0.000276 11010
0.00028 11045
0.000284 10961
0.000288 10773
0.000292 10495
0.000296 10145
0.0003 9740.4
0.000304 9295.8
0.000308 8825.3
0.000312 8341
0.000316 7852.8
0.00032 7368.5
0.000324 6894.5
0.000328 6435.4
0.000332 5994.4
0.000336 5573.9
0.00034 5175.3
0.000344 4799.3
0.000348 4446.1
0.000352 4115.4
0.000356 3806.8
0.00036 3519.5
0.000364 3252.6
0.000368 3005.2
0.000372 2776.2
0.000376 2564.6
0.00038 2369.3
0.000384 2189.3
0.000388 2023.6
0.000392 1871
0.000396 1730.8
0.0004 1601.9
0.000404 1483.5
0.000408 1374.9
0.000412 1275.2
0.000416 1183.7
0.00042 1099.7
0.000424 1022.7
0.000428 952.07
0.000432 887.26
0.000436 827.79
0.00044 773.22
0.000444 723.12
0.000448 677.11
0.000452 634.85
0.000456 596.01
0.00046 560.31
0.000464 527.46
0.000468 497.24
0.000472 469.4
0.000476 443.76
0.00048 420.12
0.000484 398.32
0.000488 378.2
0.000492 359.61
0.000496 342.44
0.0005 326.56
0.000504 311.87
0.000508 298.26
0.000512 285.66
0.000516 273.98
0.00052 263.14
0.000524 253.08
0.000528 243.74
0.000532 235.06
0.000536 226.99
0.00054 219.48
0.000544 212.5
0.000548 205.99
0.000552 199.93
0.000556 194.28
0.00056 189.01
0.000564 184.1
0.000568 179.51
0.000572 175.23
0.000576 171.23
0.00058 167.5
0.000584 164.01
0.000588 160.74
0.000592 157.7
0.000596 154.84
0.0006 152.18
0.000604 149.69
0.000608 147.35
0.000612 145.17
0.000616 143.13
0.00062 141.22
0.000624 139.44
0.000628 137.77
0.000632 136.2
0.000636 134.74
0.00064 133.37
0.000644 132.09
0.000648 130.9
0.000652 129.78
0.000656 128.74
0.00066 127.76
0.000664 126.85
0.000668 126
0.000672 125.2
0.000676 124.46
0.00068 123.77
0.000684 123.12
0.000688 122.52
0.000692 121.96
0.000696 121.43
0.0007 120.95
0.000704 120.49
0.000708 120.07
0.000712 119.68
0.000716 119.31
0.00072 118.97
0.000724 118.66
0.000728 118.36
0.000732 118.09
0.000736 117.84
0.00074 117.61
0.000744 117.39
0.000748 117.19
0.000752 117.01
0.000756 116.83
0.00076 116.67
0.000764 116.53
0.000768 116.39
0.000772 116.27
0.000776 116.15
0.00078 116.05
0.000784 115.95
0.000788 115.86
0.000792 115.78
0.000796 115.7
0.0008 115.63
0.000804 115.57
0.000808 115.51
0.000812 115.45
0.000816 115.4
0.00082 115.36
0.000824 115.32
0.000828 115.28
0.000832 115.24
0.000836 115.21
0.00084 115.18
0.000844 115.16
0.000848 115.13
0.000852 115.11
0.000856 115.09
0.00086 115.07
0.000864 115.05
0.000868 115.04
0.000872 115.03
0.000876 115.01
0.00088 115
0.000884 114.99
0.000888 114.98
0.000892 114.97
0.000896 114.97
0.0009 114.96
0.000904 114.95
0.000908 114.95
0.000912 114.94
0.000916 114.94
0.00092 114.93
0.000924 114.93
0.000928 114.93
0.000932 114.92
0.000936 114.92
0.00094 114.92
0.000944 114.92
0.000948 114.91
0.000952 114.91
0.000956 114.91
0.00096 114.91
0.000964 114.91
0.000968 114.91
0.000972 114.91
0.000976 114.9
0.00098 114.9
0.000984 114.9
0.000988 114.9
0.000992 114.9
0.000996 114.9
0.001 114.9
0.001004 114.9
0.001008 114.9
0.001012 114.9
0.001016 114.9
0.00102 114.9
0.001024 114.9
0.001028 114.9
0.001032 114.9
0.001036 114.9
0.00104 114.9
0.001044 114.9
0.001048 114.9
0.001052 114.9
0.001056 114.9
0.00106 114.9
0.001064 114.9
0.001068 114.9
0.001072 114.9
0.001076 114.9
0.00108 114.9
0.001084 114.9
0.001088 114.9
0.001092 114.9
0.001096 114.9
0.0011 114.9
0.001104 114.9
0.001108 114.9
0.001112 114.9
0.001116 114.9
0.00112 114.9
0.001124 114.9
0.001128 114.9
0.001132 114.9
0.001136 114.9
0.00114 114.9
0.001144 114.9
0.001148 114.9
0.001152 114.9
0.001156 114.9
0.00116 114.9
0.001164 114.9
0.001168 114.9
0.001172 114.9
0.001176 114.9
0.00118 114.9
0.001184 114.9
0.001188 114.9
0.001192 114.9
0.001196 114.9
0.0012 114.9
0.001204 114.9
0.001208 114.9
0.001212 114.9
0.001216 114.9
0.00122 114.9
0.001224 114.9
0.001228 114.9
0.001232 114.9
0.001236 114.9
0.00124 114.9
0.001244 114.9
0.001248 114.9
0.001252 114.9
0.001256 114.9
0.00126 114.9
0.001264 114.9
0.001268 114.9
0.001272 114.9
0.001276 114.9
0.00128 114.9
0.001284 114.9
0.001288 114.9
0.001292 114.9
0.001296 114.9
0.0013 114.9
0.001304 114.9
0.001308 114.9
0.001312 114.9
0.001316 114.9
0.00132 114.9
0.001324 114.9
0.001328 114.9
0.001332 114.9
0.001336 114.9
0.00134 114.9
0.001344 114.9
0.001348 114.9
0.001352 114.9
0.001356 114.9
0.00136 114.9
0.001364 114.9
0.001368 114.9
0.001372 114.9
0.001376 114.9
0.00138 114.9
0.001384 114.9
0.001388 114.9
0.001392 114.9
0.001396 114.9
0.0014 114.9
0.001404 114.9
0.001408 114.9
0.001412 114.9
0.001416 114.9
0.00142 114.9
0.001424 114.9
0.001428 114.9
0.001432 114.9
0.001436 114.9
0.00144 114.9
0.001444 114.9
0.001448 114.9
0.001452 114.9
0.001456 114.9
0.00146 114.9
0.001464 114.9
0.001468 114.9
0.001472 114.9
0.001476 114.9
0.00148 114.9
0.001484 114.9
0.001488 114.9
0.001492 114.9
0.001496 114.9
0.0015 114.9
0.001504 114.9
0.001508 114.9
0.001512 114.9
0.001516 114.9
0.00152 114.9
0.001524 114.9
0.001528 114.9
0.001532 114.9
0.001536 114.9
0.00154 114.9
0.001544 114.9
0.001548 114.9
0.001552 114.9
0.001556 114.9
0.00156 114.9
0.001564 114.9
0.001568 114.9
0.001572 114.9
0.001576 114.9
0.00158 114.9
0.001584 114.9
0.001588 114.9
0.001592 114.9
0.001596 114.9
0.0016 114.9
0.001604 114.9
0.001608 114.9
0.001612 114.9
0.001616 114.9
0.00162 114.9
0.001624 114.9
0.001628 114.9
0.001632 114.9
0.001636 114.9
0.00164 114.9
0.001644 114.9
0.001648 114.9
0.001652 114.9
0.001656 114.9
0.00166 114.9
0.001664 114.9
0.001668 114.9
0.001672 114.9
0.001676 114.9
0.00168 114.9
0.001684 114.9
0.001688 114.9
0.001692 114.9
0.001696 114.9
0.0017 114.9
0.001704 114.9
0.001708 114.9
0.001712 114.9
0.001716 114.9
0.00172 114.9
0.001724 114.9
0.001728 114.9
0.001732 114.9
0.001736 114.9
0.00174 114.9
0.001744 114.9
0.001748 114.9
0.001752 114.9
0.001756 114.9
0.00176 114.9
0.001764 114.9
0.001768 114.9
0.001772 114.9
0.001776 114.9
0.00178 114.9
0.001784 114.9
0.001788 114.9
0.001792 114.9
0.001796 114.9
0.0018 114.9
0.001804 114.9
0.001808 114.9
0.001812 114.9
0.001816 114.9
0.00182 114.9
0.001824 114.9
0.001828 114.9
0.001832 114.9
0.001836 114.9
0.00184 114.9
0.001844 114.9
0.001848 114.9
0.001852 114.9
0.001856 114.9
0.00186 114.9
0.001864 114.9
0.001868 114.9
0.001872 114.9
0.001876 114.9
0.00188 114.9
0.001884 114.9
0.001888 114.9
0.001892 114.9
0.001896 114.9
0.0019 114.9
0.001904 114.9
0.001908 114.9
0.001912 114.9
0.001916 114.9
0.00192 114.9
0.001924 114.9
0.001928 114.9
0.001932 114.9
0.001936 114.9
0.00194 114.9
0.001944 114.9
0.001948 114.9
0.001952 114.9
0.001956 114.9
0.00196 114.9
0.001964 114.9
0.001968 114.9
0.001972 114.9
0.001976 114.9
0.00198 114.9
0.001984 114.9
0.001988 114.9
0.001992 114.9
0.001996 114.9
0.002 114.9
0.002004 114.9
0.002008 114.9
0.002012 114.9
0.002016 114.9
0.00202 114.9
0.002024 114.9
0.002028 114.9
0.002032 114.9
0.002036 114.9
0.00204 114.9
0.002044 114.9
0.002048 114.9
0.002052 114.9
0.002056 114.9
0.00206 114.9
0.002064 114.9
0.002068 114.9
0.002072 114.9
0.002076 114.9
0.00208 114.9
0.002084 114.9
0.002088 114.9
0.002092 114.9
0.002096 114.9
0.0021 114.9
0.002104 114.9
0.002108 114.9
0.002112 114.9
0.002116 114.9
0.00212 114.9
0.002124 114.9
0.002128 114.9
0.002132 114.9
0.002136 114.9
0.00214 114.9
0.002144 114.9
0.002148 114.9
0.002152 114.9
0.002156 114.9
0.00216 114.9
0.002164 114.9
0.002168 114.9
0.002172 114.9
0.002176 114.9
0.00218 114.9
0.002184 114.9
0.002188 114.9
0.002192 114.9
0.002196 114.9
0.0022 114.9
0.002204 114.9
0.002208 114.9
0.002212 114.9
0.002216 114.9
0.00222 114.9
0.002224 114.9
0.002228 114.9
0.002232 114.9
0.002236 114.9
0.00224 114.9
0.002244 114.9
0.002248 114.9
0.002252 114.9
0.002256 114.9
0.00226 114.9
0.002264 114.9
0.002268 114.9
0.002272 114.9
0.002276 114.9
0.00228 114.9
0.002284 114.9
0.002288 114.9
0.002292 114.9
0.002296 114.9
0.0023 114.9
0.002304 114.9
0.002308 114.9
0.002312 114.9
0.002316 114.9
0.00232 114.9
0.002324 114.9
0.002328 114.9
0.002332 114.9
0.002336 114.9
0.00234 114.9
0.002344 114.9
0.002348 114.9
0.002352 114.9
0.002356 114.9
0.00236 114.9
0.002364 114.9
0.002368 114.9
0.002372 114.9
0.002376 114.9
0.00238 114.9
0.002384 114.9
0.002388 114.9
0.002392 114.9
0.002396 114.9
0.0024 114.9
0.002404 114.9
0.002408 114.9
0.002412 114.9
0.002416 114.9
0.00242 114.9
0.002424 114.9
0.002428 114.9
0.002432 114.9
0.002436 114.9
0.00244 114.9
0.002444 114.9
0.002448 114.9
0.002452 114.9
0.002456 114.9
0.00246 114.9
0.002464 114.9
0.002468 114.9
0.002472 114.9
0.002476 114.9
0.00248 114.9
0.002484 114.9
0.002488 114.9
0.002492 114.9
0.002496 114.9
0.0025 114.9
0.002504 114.9
0.002508 114.9
0.002512 114.9
0.002516 114.9
0.00252 114.9
0.002524 114.9
0.002528 114.9
0.002532 114.9
0.002536 114.9
0.00254 114.9
0.002544 114.9
0.002548 114.9
0.002552 114.9
0.002556 114.9
0.00256 114.9
0.002564 114.9
0.002568 114.9
0.002572 114.9
0.002576 114.9
0.00258 114.9
0.002584 114.9
0.002588 114.9
0.002592 114.9
0.002596 114.9
0.0026 114.9
0.002604 114.9
0.002608 114.9
0.002612 114.9
0.002616 114.9
0.00262 114.9
0.002624 114.9
0.002628 114.9
0.002632 114.9
0.002636 114.9
0.00264 114.9
0.002644 114.9
0.002648 114.9
0.002652 114.9
0.002656 114.9
0.00266 114.9
0.002664 114.9
0.002668 114.9
0.002672 114.9
0.002676 114.9
0.00268 114.9
0.002684 114.9
0.002688 114.9
0.002692 114.9
0.002696 114.9
0.0027 114.9
0.002704 114.9
0.002708 114.9
0.002712 114.9
0.002716 114.9
0.00272 114.9
0.002724 114.9
0.002728 114.9
0.002732 114.9
0.002736 114.9
0.00274 114.9
0.002744 114.9
0.002748 114.9
0.002752 114.9
0.002756 114.9
0.00276 114.9
0.002764 114.9
0.002768 114.9
0.002772 114.9
0.002776 114.9
0.00278 114.9
0.002784 114.9
0.002788 114.9
0.002792 114.9
0.002796 114.9
0.0028 114.9
0.002804 114.9
0.002808 114.9
0.002812 114.9
0.002816 114.9
0.00282 114.9
0.002824 114.9
0.002828 114.9
0.002832 114.9
0.002836 114.9
0.00284 114.9
0.002844 114.9
0.002848 114.9
0.002852 114.9
0.002856 114.9
0.00286 114.9
0.002864 114.9
0.002868 114.9
0.002872 114.9
0.002876 114.9
0.00288 114.9
0.002884 114.9
0.002888 114.9
0.002892 114.9
0.002896 114.9
0.0029 114.9
0.002904 114.9
0.002908 114.9
0.002912 114.9
0.002916 114.9
0.00292 114.9
0.002924 114.9
0.002928 114.9
0.002932 114.9
0.002936 114.9
0.00294 114.9
0.002944 114.9
0.002948 114.9
0.002952 114.9
0.002956 114.9
0.00296 114.9
0.002964 114.9
0.002968 114.9
0.002972 114.9
0.002976 114.9
0.00298 114.9
0.002984 114.9
0.002988 114.9
0.002992 114.9
0.002996 114.9
0.003 114.9
0.003004 114.9
0.003008 114.9
0.003012 114.9
0.003016 114.9
0.00302 114.9
0.003024 114.9
0.003028 114.9
0.003032 114.9
0.003036 114.9
0.00304 114.9
0.003044 114.9
0.003048 114.9
0.003052 114.9
0.003056 114.9
0.00306 114.9
0.003064 114.9
0.003068 114.9
0.003072 114.9
0.003076 114.9
0.00308 114.9
0.003084 114.9
0.003088 114.9
0.003092 114.9
0.003096 114.9
0.0031 114.9
0.003104 114.9
0.003108 114.9
0.003112 114.9
0.003116 114.9
0.00312 114.9
0.003124 114.9
0.003128 114.9
0.003132 114.9
0.003136 114.9
0.00314 114.9
0.003144 114.9
0.003148 114.9
0.003152 114.9
0.003156 114.9
0.00316 114.9
0.003164 114.9
0.003168 114.9
0.003172 114.9
0.003176 114.9
0.00318 114.9
0.003184 114.9
0.003188 114.9
0.003192 114.9
0.003196 114.9
0.0032 114.9
0.003204 114.9
0.003208 114.9
0.003212 114.9
0.003216 114.9
0.00322 114.9
0.003224 114.9
0.003228 114.9
0.003232 114.9
0.003236 114.9
0.00324 114.9
0.003244 114.9
0.003248 114.9
0.003252 114.9
0.003256 114.9
0.00326 114.9
0.003264 114.9
0.003268 114.9
0.003272 114.9
0.003276 114.9
0.00328 114.9
0.003284 114.9
0.003288 114.9
0.003292 114.9
0.003296 114.9
0.0033 114.9
0.003304 114.9
0.003308 114.9
0.003312 114.9
0.003316 114.9
0.00332 114.9
0.003324 114.9
0.003328 114.9
0.003332 114.9
0.003336 114.9
0.00334 114.9
0.003344 114.9
0.003348 114.9
0.003352 114.9
0.003356 114.9
0.00336 114.9
0.003364 114.9
0.003368 114.9
0.003372 114.9
0.003376 114.9
0.00338 114.9
0.003384 114.9
0.003388 114.9
0.003392 114.9
0.003396 114.9
0.0034 114.9
0.003404 114.9
0.003408 114.9
0.003412 114.9
0.003416 114.9
0.00342 114.9
0.003424 114.9
0.003428 114.9
0.003432 114.9
0.003436 114.9
0.00344 114.9
0.003444 114.9
0.003448 114.9
0.003452 114.9
0.003456 114.9
0.00346 114.9
0.003464 114.9
0.003468 114.9
0.003472 114.9
0.003476 114.9
0.00348 114.9
0.003484 114.9
0.003488 114.9
0.003492 114.9
0.003496 114.9
0.0035 114.9
0.003504 114.9
0.003508 114.9
0.003512 114.9
0.003516 114.9
0.00352 114.9
0.003524 114.9
0.003528 114.9
0.003532 114.9
0.003536 114.9
0.00354 114.9
0.003544 114.9
0.003548 114.9
0.003552 114.9
0.003556 114.9
0.00356 114.9
0.003564 114.9
0.003568 114.9
0.003572 114.9
0.003576 114.9
0.00358 114.9
0.003584 114.9
0.003588 114.9
0.003592 114.9
0.003596 114.9
0.0036 114.9
0.003604 114.9
0.003608 114.9
0.003612 114.9
0.003616 114.9
0.00362 114.9
0.003624 114.9
0.003628 114.9
0.003632 114.9
0.003636 114.9
0.00364 114.9
0.003644 114.9
0.003648 114.9
0.003652 114.9
0.003656 114.9
0.00366 114.9
0.003664 114.9
0.003668 114.9
0.003672 114.9
0.003676 114.9
0.00368 114.9
0.003684 114.9
0.003688 114.9
0.003692 114.9
0.003696 114.9
0.0037 114.9
0.003704 114.9
0.003708 114.9
0.003712 114.9
0.003716 114.9
0.00372 114.9
0.003724 114.9
0.003728 114.9
0.003732 114.9
0.003736 114.9
0.00374 114.9
0.003744 114.9
0.003748 114.9
0.003752 114.9
0.003756 114.9
0.00376 114.9
0.003764 114.9
0.003768 114.9
0.003772 114.9
0.003776 114.9
0.00378 114.9
0.003784 114.9
0.003788 114.9
0.003792 114.9
0.003796 114.9
0.0038 114.9
0.003804 114.9
0.003808 114.9
0.003812 114.9
0.003816 114.9
0.00382 114.9
0.003824 114.9
0.003828 114.9
0.003832 114.9
0.003836 114.9
0.00384 114.9
0.003844 114.9
0.003848 114.9
0.003852 114.9
0.003856 114.9
0.00386 114.9
0.003864 114.9
0.003868 114.9
0.003872 114.9
0.003876 114.9
0.00388 114.9
0.003884 114.9
0.003888 114.9
0.003892 114.9
0.003896 114.9
0.0039 114.9
0.003904 114.9
0.003908 114.9
0.003912 114.9
0.003916 114.9
0.00392 114.9
0.003924 114.9
0.003928 114.9
0.003932 114.9
0.003936 114.9
0.00394 114.9
0.003944 114.9
0.003948 114.9
0.003952 114.9
0.003956 114.9
0.00396 114.9
0.003964 114.9
0.003968 114.9
0.003972 114.9
0.003976 114.9
0.00398 114.9
0.003984 114.9
0.003988 114.9
0.003992 114.9
0.003996 114.9
0.004 114.9
0.004004 114.9
0.004008 114.9
0.004012 114.9
0.004016 114.9
0.00402 114.9
0.004024 114.9
0.004028 114.9
0.004032 114.9
0.004036 114.9
0.00404 114.9
0.004044 114.9
0.004048 114.9
0.004052 114.9
0.004056 114.9
0.00406 114.9
0.004064 114.9
0.004068 114.9
0.004072 114.9
0.004076 114.9
0.00408 114.9
0.004084 114.9
0.004088 114.9
0.004092 114.9
0.004096 114.9
0.0041 114.9
0.004104 114.9
0.004108 114.9
0.004112 114.9
0.004116 114.9
0.00412 114.9
0.004124 114.9
0.004128 114.9
0.004132 114.9
0.004136 114.9
0.00414 114.9
0.004144 114.9
0.004148 114.9
0.004152 114.9
0.004156 114.9
0.00416 114.9
0.004164 114.9
0.004168 114.9
0.004172 114.9
0.004176 114.9
0.00418 114.9
0.004184 114.9
0.004188 114.9
0.004192 114.9
0.004196 114.9
0.0042 114.9
0.004204 114.9
0.004208 114.9
0.004212 114.9
0.004216 114.9
0.00422 114.9
0.004224 114.9
0.004228 114.9
0.004232 114.9
0.004236 114.9
0.00424 114.9
0.004244 114.9
0.004248 114.9
0.004252 114.9
0.004256 114.9
0.00426 114.9
0.004264 114.9
0.004268 114.9
0.004272 114.9
0.004276 114.9
0.00428 114.9
0.004284 114.9
0.004288 114.9
0.004292 114.9
0.004296 114.9
0.0043 114.9
0.004304 114.9
0.004308 114.9
0.004312 114.9
0.004316 114.9
0.00432 114.9
0.004324 114.9
0.004328 114.9
0.004332 114.9
0.004336 114.9
0.00434 114.9
0.004344 114.9
0.004348 114.9
0.004352 114.9
0.004356 114.9
0.00436 114.9
0.004364 114.9
0.004368 114.9
0.004372 114.9
0.004376 114.9
0.00438 114.9
0.004384 114.9
0.004388 114.9
0.004392 114.9
0.004396 114.9
0.0044 114.9
0.004404 114.9
0.004408 114.9
0.004412 114.9
0.004416 114.9
0.00442 114.9
0.004424 114.9
0.004428 114.9
0.004432 114.9
0.004436 114.9
0.00444 114.9
0.004444 114.9
0.004448 114.9
0.004452 114.9
0.004456 114.9
0.00446 114.9
0.004464 114.9
0.004468 114.9
0.004472 114.9
0.004476 114.9
0.00448 114.9
0.004484 114.9
0.004488 114.9
0.004492 114.9
0.004496 114.9
0.0045 114.9
0.004504 114.9
0.004508 114.9
0.004512 114.9
0.004516 114.9
0.00452 114.9
0.004524 114.9
0.004528 114.9
0.004532 114.9
0.004536 114.9
0.00454 114.9
0.004544 114.9
0.004548 114.9
0.004552 114.9
0.004556 114.9
0.00456 114.9
0.004564 114.9
0.004568 114.9
0.004572 114.9
0.004576 114.9
0.00458 114.9
0.004584 114.9
0.004588 114.9
0.004592 114.9
0.004596 114.9
0.0046 114.9
0.004604 114.9
0.004608 114.9
0.004612 114.9
0.004616 114.9
0.00462 114.9
0.004624 114.9
0.004628 114.9
0.004632 114.9
0.004636 114.9
0.00464 114.9
0.004644 114.9
0.004648 114.9
0.004652 114.9
0.004656 114.9
0.00466 114.9
0.004664 114.9
0.004668 114.9
0.004672 114.9
0.004676 114.9
0.00468 114.9
0.004684 114.9
0.004688 114.9
0.004692 114.9
0.004696 114.9
0.0047 114.9
0.004704 114.9
0.004708 114.9
0.004712 114.9
0.004716 114.9
0.00472 114.9
0.004724 114.9
0.004728 114.9
0.004732 114.9
0.004736 114.9
0.00474 114.9
0.004744 114.9
0.004748 114.9
0.004752 114.9
0.004756 114.9
0.00476 114.9
0.004764 114.9
0.004768 114.9
0.004772 114.9
0.004776 114.9
0.00478 114.9
0.004784 114.9
0.004788 114.9
0.004792 114.9
0.004796 114.9
0.0048 114.9
0.004804 114.9
0.004808 114.9
0.004812 114.9
0.004816 114.9
0.00482 114.9
0.004824 114.9
0.004828 114.9
0.004832 114.9
0.004836 114.9
0.00484 114.9
0.004844 114.9
0.004848 114.9
0.004852 114.9
0.004856 114.9
0.00486 114.9
0.004864 114.9
0.004868 114.9
0.004872 114.9
0.004876 114.9
0.00488 114.9
0.004884 114.9
0.004888 114.9
0.004892 114.9
0.004896 114.9
0.0049 114.9
0.004904 114.9
0.004908 114.9
0.004912 114.9
0.004916 114.9
0.00492 114.9
0.004924 114.9
0.004928 114.9
0.004932 114.9
0.004936 114.9
0.00494 114.9
0.004944 114.9
0.004948 114.9
0.004952 114.9
0.004956 114.9
0.00496 114.9
0.004964 114.9
0.004968 114.9
0.004972 114.9
0.004976 114.9
0.00498 114.9
0.004984 114.9
0.004988 114.9
0.004992 114.9
0.004996 114.9
0.005 114.9
0.005004 114.9
0.005008 114.9
0.005012 114.9
0.005016 114.9
0.00502 114.9
0.005024 114.9
0.005028 114.9
0.005032 114.9
0.005036 114.9
0.00504 114.9
0.005044 114.9
0.005048 114.9
0.005052 114.9
0.005056 114.9
0.00506 114.9
0.005064 114.9
0.005068 114.9
0.005072 114.9
0.005076 114.9
0.00508 114.9
0.005084 114.9
0.005088 114.9
0.005092 114.9
0.005096 114.9
0.0051 114.9
0.005104 114.9
0.005108 114.9
0.005112 114.9
0.005116 114.9
0.00512 114.9
0.005124 114.9
0.005128 114.9
0.005132 114.9
0.005136 114.9
0.00514 114.9
0.005144 114.9
0.005148 114.9
0.005152 114.9
0.005156 114.9
0.00516 114.9
0.005164 114.9
0.005168 114.9
0.005172 114.9
0.005176 114.9
0.00518 114.9
0.005184 114.9
0.005188 114.9
0.005192 114.9
0.005196 114.9
0.0052 114.9
0.005204 114.9
0.005208 114.9
0.005212 114.9
0.005216 114.9
0.00522 114.9
0.005224 114.9
0.005228 114.9
0.005232 114.9
0.005236 114.9
0.00524 114.9
0.005244 114.9
0.005248 114.9
0.005252 114.9
0.005256 114.9
0.00526 114.9
0.005264 114.9
0.005268 114.9
0.005272 114.9
0.005276 114.9
0.00528 114.9
0.005284 114.9
0.005288 114.9
0.005292 114.9
0.005296 114.9
0.0053 114.9
0.005304 114.9
0.005308 114.9
0.005312 114.9
0.005316 114.9
0.00532 114.9
0.005324 114.9
0.005328 114.9
0.005332 114.9
0.005336 114.9
0.00534 114.9
0.005344 114.9
0.005348 114.9
0.005352 114.9
0.005356 114.9
0.00536 114.9
0.005364 114.9
0.005368 114.9
0.005372 114.9
0.005376 114.9
0.00538 114.9
0.005384 114.9
0.005388 114.9
0.005392 114.9
0.005396 114.9
0.0054 114.9
0.005404 114.9
0.005408 114.9
0.005412 114.9
0.005416 114.9
0.00542 114.9
0.005424 114.9
0.005428 114.9
0.005432 114.9
0.005436 114.9
0.00544 114.9
0.005444 114.9
0.005448 114.9
0.005452 114.9
0.005456 114.9
0.00546 114.9
0.005464 114.9
0.005468 114.9
0.005472 114.9
0.005476 114.9
0.00548 114.9
0.005484 114.9
0.005488 114.9
0.005492 114.9
0.005496 114.9
0.0055 114.9
0.005504 114.9
0.005508 114.9
0.005512 114.9
0.005516 114.9
0.00552 114.9
0.005524 114.9
0.005528 114.9
0.005532 114.9
0.005536 114.9
0.00554 114.9
0.005544 114.9
0.005548 114.9
0.005552 114.9
0.005556 114.9
0.00556 114.9
0.005564 114.9
0.005568 114.9
0.005572 114.9
0.005576 114.9
0.00558 114.9
0.005584 114.9
0.005588 114.9
0.005592 114.9
0.005596 114.9
0.0056 114.9
0.005604 114.9
0.005608 114.9
0.005612 114.9
0.005616 114.9
0.00562 114.9
0.005624 114.9
0.005628 114.9
0.005632 114.9
0.005636 114.9
0.00564 114.9
0.005644 114.9
0.005648 114.9
0.005652 114.9
0.005656 114.9
0.00566 114.9
0.005664 114.9
0.005668 114.9
0.005672 114.9
0.005676 114.9
0.00568 114.9
0.005684 114.9
0.005688 114.9
0.005692 114.9
0.005696 114.9
0.0057 114.9
0.005704 114.9
0.005708 114.9
0.005712 114.9
0.005716 114.9
0.00572 114.9
0.005724 114.9
0.005728 114.9
0.005732 114.9
0.005736 114.9
0.00574 114.9
0.005744 114.9
0.005748 114.9
0.005752 114.9
0.005756 114.9
0.00576 114.9
0.005764 114.9
0.005768 114.9
0.005772 114.9
0.005776 114.9
0.00578 114.9
0.005784 114.9
0.005788 114.9
0.005792 114.9
0.005796 114.9
0.0058 114.9
0.005804 114.9
0.005808 114.9
0.005812 114.9
0.005816 114.9
0.00582 114.9
0.005824 114.9
0.005828 114.9
0.005832 114.9
0.005836 114.9
0.00584 114.9
0.005844 114.9
0.005848 114.9
0.005852 114.9
0.005856 114.9
0.00586 114.9
0.005864 114.9
0.005868 114.9
0.005872 114.9
0.005876 114.9
0.00588 114.9
0.005884 114.9
0.005888 114.9
0.005892 114.9
0.005896 114.9
0.0059 114.9
0.005904 114.9
0.005908 114.9
0.005912 114.9
0.005916 114.9
0.00592 114.9
0.005924 114.9
0.005928 114.9
0.005932 114.9
0.005936 114.9
0.00594 114.9
0.005944 114.9
0.005948 114.9
0.005952 114.9
0.005956 114.9
0.00596 114.9
0.005964 114.9
0.005968 114.9
0.005972 114.9
0.005976 114.9
0.00598 114.9
0.005984 114.9
0.005988 114.9
0.005992 114.9
0.005996 114.9
0.006 114.9
0.006004 114.9
0.006008 114.9
0.006012 114.9
0.006016 114.9
0.00602 114.9
0.006024 114.9
0.006028 114.9
0.006032 114.9
0.006036 114.9
0.00604 114.9
0.006044 114.9
0.006048 114.9
0.006052 114.9
0.006056 114.9
0.00606 114.9
0.006064 114.9
0.006068 114.9
0.006072 114.9
0.006076 114.9
0.00608 114.9
0.006084 114.9
0.006088 114.9
0.006092 114.9
0.006096 114.9
0.0061 114.9
0.006104 114.9
0.006108 114.9
0.006112 114.9
0.006116 114.9
0.00612 114.9
0.006124 114.9
0.006128 114.9
0.006132 114.9
0.006136 114.9
0.00614 114.9
0.006144 114.9
0.006148 114.9
0.006152 114.9
0.006156 114.9
0.00616 114.9
0.006164 114.9
0.006168 114.9
0.006172 114.9
0.006176 114.9
0.00618 114.9
0.006184 114.9
0.006188 114.9
0.006192 114.9
0.006196 114.9
0.0062 114.9
0.006204 114.9
0.006208 114.9
0.006212 114.9
0.006216 114.9
0.00622 114.9
0.006224 114.9
0.006228 114.9
0.006232 114.9
0.006236 114.9
0.00624 114.9
0.006244 114.9
0.006248 114.9
0.006252 114.9
0.006256 114.9
0.00626 114.9
0.006264 114.9
0.006268 114.9
0.006272 114.9
0.006276 114.9
0.00628 114.9
0.006284 114.9
0.006288 114.9
0.006292 114.9
0.006296 114.9
0.0063 114.9
0.006304 114.9
0.006308 114.9
0.006312 114.9
0.006316 114.9
0.00632 114.9
0.006324 114.9
0.006328 114.9
0.006332 114.9
0.006336 114.9
0.00634 114.9
0.006344 114.9
0.006348 114.9
0.006352 114.9
0.006356 114.9
0.00636 114.9
0.006364 114.9
0.006368 114.9
0.006372 114.9
0.006376 114.9
0.00638 114.9
0.006384 114.9
0.006388 114.9
0.006392 114.9
0.006396 114.9
0.0064 114.9
0.006404 114.9
0.006408 114.9
0.006412 114.9
0.006416 114.9
0.00642 114.9
0.006424 114.9
0.006428 114.9
0.006432 114.9
0.006436 114.9
0.00644 114.9
0.006444 114.9
0.006448 114.9
0.006452 114.9
0.006456 114.9
0.00646 114.9
0.006464 114.9
0.006468 114.9
0.006472 114.9
0.006476 114.9
0.00648 114.9
0.006484 114.9
0.006488 114.9
0.006492 114.9
0.006496 114.9
0.0065 114.9
0.006504 114.9
0.006508 114.9
0.006512 114.9
0.006516 114.9
0.00652 114.9
0.006524 114.9
0.006528 114.9
0.006532 114.9
0.006536 114.9
0.00654 114.9
0.006544 114.9
0.006548 114.9
0.006552 114.9
0.006556 114.9
0.00656 114.9
0.006564 114.9
0.006568 114.9
0.006572 114.9
0.006576 114.9
0.00658 114.9
0.006584 114.9
0.006588 114.9
0.006592 114.9
0.006596 114.9
0.0066 114.9
0.006604 114.9
0.006608 114.9
0.006612 114.9
0.006616 114.9
0.00662 114.9
0.006624 114.9
0.006628 114.9
0.006632 114.9
0.006636 114.9
0.00664 114.9
0.006644 114.9
0.006648 114.9
0.006652 114.9
0.006656 114.9
0.00666 114.9
0.006664 114.9
0.006668 114.9
0.006672 114.9
0.006676 114.9
0.00668 114.9
0.006684 114.9
0.006688 114.9
0.006692 114.9
0.006696 114.9
0.0067 114.9
0.006704 114.9
0.006708 114.9
0.006712 114.9
0.006716 114.9
0.00672 114.9
0.006724 114.9
0.006728 114.9
0.006732 114.9
0.006736 114.9
0.00674 114.9
0.006744 114.9
0.006748 114.9
0.006752 114.9
0.006756 114.9
0.00676 114.9
0.006764 114.9
0.006768 114.9
0.006772 114.9
0.006776 114.9
0.00678 114.9
0.006784 114.9
0.006788 114.9
0.006792 114.9
0.006796 114.9
0.0068 114.9
0.006804 114.9
0.006808 114.9
0.006812 114.9
0.006816 114.9
0.00682 114.9
0.006824 114.9
0.006828 114.9
0.006832 114.9
0.006836 114.9
0.00684 114.9
0.006844 114.9
0.006848 114.9
0.006852 114.9
0.006856 114.9
0.00686 114.9
0.006864 114.9
0.006868 114.9
0.006872 114.9
0.006876 114.9
0.00688 114.9
0.006884 114.9
0.006888 114.9
0.006892 114.9
0.006896 114.9
0.0069 114.9
0.006904 114.9
0.006908 114.9
0.006912 114.9
0.006916 114.9
0.00692 114.9
0.006924 114.9
0.006928 114.9
0.006932 114.9
0.006936 114.9
0.00694 114.9
0.006944 114.9
0.006948 114.9
0.006952 114.9
0.006956 114.9
0.00696 114.9
0.006964 114.9
0.006968 114.9
0.006972 114.9
0.006976 114.9
0.00698 114.9
0.006984 114.9
0.006988 114.9
0.006992 114.9
0.006996 114.9
0.007 114.9
0.007004 114.9
0.007008 114.9
0.007012 114.9
0.007016 114.9
0.00702 114.9
0.007024 114.9
0.007028 114.9
0.007032 114.9
0.007036 114.9
0.00704 114.9
0.007044 114.9
0.007048 114.9
0.007052 114.9
0.007056 114.9
0.00706 114.9
0.007064 114.9
0.007068 114.9
0.007072 114.9
0.007076 114.9
0.00708 114.9
0.007084 114.9
0.007088 114.9
0.007092 114.9
0.007096 114.9
0.0071 114.9
0.007104 114.9
0.007108 114.9
0.007112 114.9
0.007116 114.9
0.00712 114.9
0.007124 114.9
0.007128 114.9
0.007132 114.9
0.007136 114.9
0.00714 114.9
0.007144 114.9
0.007148 114.9
0.007152 114.9
0.007156 114.9
0.00716 114.9
0.007164 114.9
0.007168 114.9
0.007172 114.9
0.007176 114.9
0.00718 114.9
0.007184 114.9
0.007188 114.9
0.007192 114.9
0.007196 114.9
0.0072 114.9
0.007204 114.9
0.007208 114.9
0.007212 114.9
0.007216 114.9
0.00722 114.9
0.007224 114.9
0.007228 114.9
0.007232 114.9
0.007236 114.9
0.00724 114.9
0.007244 114.9
0.007248 114.9
0.007252 114.9
0.007256 114.9
0.00726 114.9
0.007264 114.9
0.007268 114.9
0.007272 114.9
0.007276 114.9
0.00728 114.9
0.007284 114.9
0.007288 114.9
0.007292 114.9
0.007296 114.9
0.0073 114.9
0.007304 114.9
0.007308 114.9
0.007312 114.9
0.007316 114.9
0.00732 114.9
0.007324 114.9
0.007328 114.9
0.007332 114.9
0.007336 114.9
0.00734 114.9
0.007344 114.9
0.007348 114.9
0.007352 114.9
0.007356 114.9
0.00736 114.9
0.007364 114.9
0.007368 114.9
0.007372 114.9
0.007376 114.9
0.00738 114.9
0.007384 114.9
0.007388 114.9
0.007392 114.9
0.007396 114.9
0.0074 114.9
0.007404 114.9
0.007408 114.9
0.007412 114.9
0.007416 114.9
0.00742 114.9
0.007424 114.9
0.007428 114.9
0.007432 114.9
0.007436 114.9
0.00744 114.9
0.007444 114.9
0.007448 114.9
0.007452 114.9
0.007456 114.9
0.00746 114.9
0.007464 114.9
0.007468 114.9
0.007472 114.9
0.007476 114.9
0.00748 114.9
0.007484 114.9
0.007488 114.9
0.007492 114.9
0.007496 114.9
0.0075 114.9
0.007504 114.9
0.007508 114.9
0.007512 114.9
0.007516 114.9
0.00752 114.9
0.007524 114.9
0.007528 114.9
0.007532 114.9
0.007536 114.9
0.00754 114.9
0.007544 114.9
0.007548 114.9
0.007552 114.9
0.007556 114.9
0.00756 114.9
0.007564 114.9
0.007568 114.9
0.007572 114.9
0.007576 114.9
0.00758 114.9
0.007584 114.9
0.007588 114.9
0.007592 114.9
0.007596 114.9
0.0076 114.9
0.007604 114.9
0.007608 114.9
0.007612 114.9
0.007616 114.9
0.00762 114.9
0.007624 114.9
0.007628 114.9
0.007632 114.9
0.007636 114.9
0.00764 114.9
0.007644 114.9
0.007648 114.9
0.007652 114.9
0.007656 114.9
0.00766 114.9
0.007664 114.9
0.007668 114.9
0.007672 114.9
0.007676 114.9
0.00768 114.9
0.007684 114.9
0.007688 114.9
0.007692 114.9
0.007696 114.9
0.0077 114.9
0.007704 114.9
0.007708 114.9
0.007712 114.9
0.007716 114.9
0.00772 114.9
0.007724 114.9
0.007728 114.9
0.007732 114.9
0.007736 114.9
0.00774 114.9
0.007744 114.9
0.007748 114.9
0.007752 114.9
0.007756 114.9
0.00776 114.9
0.007764 114.9
0.007768 114.9
0.007772 114.9
0.007776 114.9
0.00778 114.9
0.007784 114.9
0.007788 114.9
0.007792 114.9
0.007796 114.9
0.0078 114.9
0.007804 114.9
0.007808 114.9
0.007812 114.9
0.007816 114.9
0.00782 114.9
0.007824 114.9
0.007828 114.9
0.007832 114.9
0.007836 114.9
0.00784 114.9
0.007844 114.9
0.007848 114.9
0.007852 114.9
0.007856 114.9
0.00786 114.9
0.007864 114.9
0.007868 114.9
0.007872 114.9
0.007876 114.9
0.00788 114.9
0.007884 114.9
0.007888 114.9
0.007892 114.9
0.007896 114.9
0.0079 114.9
0.007904 114.9
0.007908 114.9
0.007912 114.9
0.007916 114.9
0.00792 114.9
0.007924 114.9
0.007928 114.9
0.007932 114.9
0.007936 114.9
0.00794 114.9
0.007944 114.9
0.007948 114.9
0.007952 114.9
0.007956 114.9
0.00796 114.9
0.007964 114.9
0.007968 114.9
0.007972 114.9
0.007976 114.9
0.00798 114.9
0.007984 114.9
0.007988 114.9
0.007992 114.9
0.007996 114.9
0.008 114.9
0.008004 114.9
0.008008 114.9
0.008012 114.9
0.008016 114.9
0.00802 114.9
0.008024 114.9
0.008028 114.9
0.008032 114.9
0.008036 114.9
0.00804 114.9
0.008044 114.9
0.008048 114.9
0.008052 114.9
0.008056 114.9
0.00806 114.9
0.008064 114.9
0.008068 114.9
0.008072 114.9
0.008076 114.9
0.00808 114.9
0.008084 114.9
0.008088 114.9
0.008092 114.9
0.008096 114.9
0.0081 114.9
0.008104 114.9
0.008108 114.9
0.008112 114.9
0.008116 114.9
0.00812 114.9
0.008124 114.9
0.008128 114.9
0.008132 114.9
0.008136 114.9
0.00814 114.9
0.008144 114.9
0.008148 114.9
0.008152 114.9
0.008156 114.9
0.00816 114.9
0.008164 114.9
0.008168 114.9
0.008172 114.9
0.008176 114.9
0.00818 114.9
0.008184 114.9
0.008188 114.9
0.008192 114.9
0.008196 114.9
0.0082 114.9
0.008204 114.9
0.008208 114.9
0.008212 114.9
0.008216 114.9
0.00822 114.9
0.008224 114.9
0.008228 114.9
0.008232 114.9
0.008236 114.9
0.00824 114.9
0.008244 114.9
0.008248 114.9
0.008252 114.9
0.008256 114.9
0.00826 114.9
0.008264 114.9
0.008268 114.9
0.008272 114.9
0.008276 114.9
0.00828 114.9
0.008284 114.9
0.008288 114.9
0.008292 114.9
0.008296 114.9
0.0083 114.9
0.008304 114.9
0.008308 114.9
0.008312 114.9
0.008316 114.9
0.00832 114.9
0.008324 114.9
0.008328 114.9
0.008332 114.9
0.008336 114.9
0.00834 114.9
0.008344 114.9
0.008348 114.9
0.008352 114.9
0.008356 114.9
0.00836 114.9
0.008364 114.9
0.008368 114.9
0.008372 114.9
0.008376 114.9
0.00838 114.9
0.008384 114.9
0.008388 114.9
0.008392 114.9
0.008396 114.9
0.0084 114.9
0.008404 114.9
0.008408 114.9
0.008412 114.9
0.008416 114.9
0.00842 114.9
0.008424 114.9
0.008428 114.9
0.008432 114.9
0.008436 114.9
0.00844 114.9
0.008444 114.9
0.008448 114.9
0.008452 114.9
0.008456 114.9
0.00846 114.9
0.008464 114.9
0.008468 114.9
0.008472 114.9
0.008476 114.9
0.00848 114.9
0.008484 114.9
0.008488 114.9
0.008492 114.9
0.008496 114.9
0.0085 114.9
0.008504 114.9
0.008508 114.9
0.008512 114.9
0.008516 114.9
0.00852 114.9
0.008524 114.9
0.008528 114.9
0.008532 114.9
0.008536 114.9
0.00854 114.9
0.008544 114.9
0.008548 114.9
0.008552 114.9
0.008556 114.9
0.00856 114.9
0.008564 114.9
0.008568 114.9
0.008572 114.9
0.008576 114.9
0.00858 114.9
0.008584 114.9
0.008588 114.9
0.008592 114.9
0.008596 114.9
0.0086 114.9
0.008604 114.9
0.008608 114.9
0.008612 114.9
0.008616 114.9
0.00862 114.9
0.008624 114.9
0.008628 114.9
0.008632 114.9
0.008636 114.9
0.00864 114.9
0.008644 114.9
0.008648 114.9
0.008652 114.9
0.008656 114.9
0.00866 114.9
0.008664 114.9
0.008668 114.9
0.008672 114.9
0.008676 114.9
0.00868 114.9
0.008684 114.9
0.008688 114.9
0.008692 114.9
0.008696 114.9
0.0087 114.9
0.008704 114.9
0.008708 114.9
0.008712 114.9
0.008716 114.9
0.00872 114.9
0.008724 114.9
0.008728 114.9
0.008732 114.9
0.008736 114.9
0.00874 114.9
0.008744 114.9
0.008748 114.9
0.008752 114.9
0.008756 114.9
0.00876 114.9
0.008764 114.9
0.008768 114.9
0.008772 114.9
0.008776 114.9
0.00878 114.9
0.008784 114.9
0.008788 114.9
0.008792 114.9
0.008796 114.9
0.0088 114.9
0.008804 114.9
0.008808 114.9
0.008812 114.9
0.008816 114.9
0.00882 114.9
0.008824 114.9
0.008828 114.9
0.008832 114.9
0.008836 114.9
0.00884 114.9
0.008844 114.9
0.008848 114.9
0.008852 114.9
0.008856 114.9
0.00886 114.9
0.008864 114.9
0.008868 114.9
0.008872 114.9
0.008876 114.9
0.00888 114.9
0.008884 114.9
0.008888 114.9
0.008892 114.9
0.008896 114.9
0.0089 114.9
0.008904 114.9
0.008908 114.9
0.008912 114.9
0.008916 114.9
0.00892 114.9
0.008924 114.9
0.008928 114.9
0.008932 114.9
0.008936 114.9
0.00894 114.9
0.008944 114.9
0.008948 114.9
0.008952 114.9
0.008956 114.9
0.00896 114.9
0.008964 114.9
0.008968 114.9
0.008972 114.9
0.008976 114.9
0.00898 114.9
0.008984 114.9
0.008988 114.9
0.008992 114.9
0.008996 114.9
0.009 114.9
0.009004 114.9
0.009008 114.9
0.009012 114.9
0.009016 114.9
0.00902 114.9
0.009024 114.9
0.009028 114.9
0.009032 114.9
0.009036 114.9
0.00904 114.9
0.009044 114.9
0.009048 114.9
0.009052 114.9
0.009056 114.9
0.00906 114.9
0.009064 114.9
0.009068 114.9
0.009072 114.9
0.009076 114.9
0.00908 114.9
0.009084 114.9
0.009088 114.9
0.009092 114.9
0.009096 114.9
0.0091 114.9
0.009104 114.9
0.009108 114.9
0.009112 114.9
0.009116 114.9
0.00912 114.9
0.009124 114.9
0.009128 114.9
0.009132 114.9
0.009136 114.9
0.00914 114.9
0.009144 114.9
0.009148 114.9
0.009152 114.9
0.009156 114.9
0.00916 114.9
0.009164 114.9
0.009168 114.9
0.009172 114.9
0.009176 114.9
0.00918 114.9
0.009184 114.9
0.009188 114.9
0.009192 114.9
0.009196 114.9
0.0092 114.9
0.009204 114.9
0.009208 114.9
0.009212 114.9
0.009216 114.9
0.00922 114.9
0.009224 114.9
0.009228 114.9
0.009232 114.9
0.009236 114.9
0.00924 114.9
0.009244 114.9
0.009248 114.9
0.009252 114.9
0.009256 114.9
0.00926 114.9
0.009264 114.9
0.009268 114.9
0.009272 114.9
0.009276 114.9
0.00928 114.9
0.009284 114.9
0.009288 114.9
0.009292 114.9
0.009296 114.9
0.0093 114.9
0.009304 114.9
0.009308 114.9
0.009312 114.9
0.009316 114.9
0.00932 114.9
0.009324 114.9
0.009328 114.9
0.009332 114.9
0.009336 114.9
0.00934 114.9
0.009344 114.9
0.009348 114.9
0.009352 114.9
0.009356 114.9
0.00936 114.9
0.009364 114.9
0.009368 114.9
0.009372 114.9
0.009376 114.9
0.00938 114.9
0.009384 114.9
0.009388 114.9
0.009392 114.9
0.009396 114.9
0.0094 114.9
0.009404 114.9
0.009408 114.9
0.009412 114.9
0.009416 114.9
0.00942 114.9
0.009424 114.9
0.009428 114.9
0.009432 114.9
0.009436 114.9
0.00944 114.9
0.009444 114.9
0.009448 114.9
0.009452 114.9
0.009456 114.9
0.00946 114.9
0.009464 114.9
0.009468 114.9
0.009472 114.9
0.009476 114.9
0.00948 114.9
0.009484 114.9
0.009488 114.9
0.009492 114.9
0.009496 114.9
0.0095 114.9
0.009504 114.9
0.009508 114.9
0.009512 114.9
0.009516 114.9
0.00952 114.9
0.009524 114.9
0.009528 114.9
0.009532 114.9
0.009536 114.9
0.00954 114.9
0.009544 114.9
0.009548 114.9
0.009552 114.9
0.009556 114.9
0.00956 114.9
0.009564 114.9
0.009568 114.9
0.009572 114.9
0.009576 114.9
0.00958 114.9
0.009584 114.9
0.009588 114.9
0.009592 114.9
0.009596 114.9
0.0096 114.9
0.009604 114.9
0.009608 114.9
0.009612 114.9
0.009616 114.9
0.00962 114.9
0.009624 114.9
0.009628 114.9
0.009632 114.9
0.009636 114.9
0.00964 114.9
0.009644 114.9
0.009648 114.9
0.009652 114.9
0.009656 114.9
0.00966 114.9
0.009664 114.9
0.009668 114.9
0.009672 114.9
0.009676 114.9
0.00968 114.9
0.009684 114.9
0.009688 114.9
0.009692 114.9
0.009696 114.9
0.0097 114.9
0.009704 114.9
0.009708 114.9
0.009712 114.9
0.009716 114.9
0.00972 114.9
0.009724 114.9
0.009728 114.9
0.009732 114.9
0.009736 114.9
0.00974 114.9
0.009744 114.9
0.009748 114.9
0.009752 114.9
0.009756 114.9
0.00976 114.9
0.009764 114.9
0.009768 114.9
0.009772 114.9
0.009776 114.9
0.00978 114.9
0.009784 114.9
0.009788 114.9
0.009792 114.9
0.009796 114.9
0.0098 114.9
0.009804 114.9
0.009808 114.9
0.009812 114.9
0.009816 114.9
0.00982 114.9
0.009824 114.9
0.009828 114.9
0.009832 114.9
0.009836 114.9
0.00984 114.9
0.009844 114.9
0.009848 114.9
0.009852 114.9
0.009856 114.9
0.00986 114.9
0.009864 114.9
0.009868 114.9
0.009872 114.9
0.009876 114.9
0.00988 114.9
0.009884 114.9
0.009888 114.9
0.009892 114.9
0.009896 114.9
0.0099 114.9
0.009904 114.9
0.009908 114.9
0.009912 114.9
0.009916 114.9
0.00992 114.9
0.009924 114.9
0.009928 114.9
0.009932 114.9
0.009936 114.9
0.00994 114.9
0.009944 114.9
0.009948 114.9
0.009952 114.9
0.009956 114.9
0.00996 114.9
0.009964 114.9
0.009968 114.9
0.009972 114.9
0.009976 114.9
0.00998 114.9
0.009984 114.9
0.009988 114.9
0.009992 114.9
0.009996 114.9
0.01 114.9
0.010004 114.9
0.010008 114.9
0.010012 114.9
0.010016 114.9
0.01002 114.9
0.010024 114.9
0.010028 114.9
0.010032 114.9
0.010036 114.9
0.01004 114.9
0.010044 114.9
0.010048 114.9
0.010052 114.9
0.010056 114.9
0.01006 114.9
0.010064 114.9
0.010068 114.9
0.010072 114.9
0.010076 114.9
0.01008 114.9
0.010084 114.9
0.010088 114.9
0.010092 114.9
0.010096 114.9
0.0101 114.9
0.010104 114.9
0.010108 114.9
0.010112 114.9
0.010116 114.9
0.01012 114.9
0.010124 114.9
0.010128 114.9
0.010132 114.9
0.010136 114.9
0.01014 114.9
0.010144 114.9
0.010148 114.9
0.010152 114.9
0.010156 114.9
0.01016 114.9
0.010164 114.9
0.010168 114.9
0.010172 114.9
0.010176 114.9
0.01018 114.9
0.010184 114.9
0.010188 114.9
0.010192 114.9
0.010196 114.9
0.0102 114.9
0.010204 114.9
0.010208 114.9
0.010212 114.9
0.010216 114.9
0.01022 114.9
0.010224 114.9
0.010228 114.9
0.010232 114.9
0.010236 114.9
0.01024 114.9
0.010244 114.9
0.010248 114.9
0.010252 114.9
0.010256 114.9
0.01026 114.9
0.010264 114.9
0.010268 114.9
0.010272 114.9
0.010276 114.9
0.01028 114.9
0.010284 114.9
0.010288 114.9
0.010292 114.9
0.010296 114.9
0.0103 114.9
0.010304 114.9
0.010308 114.9
0.010312 114.9
0.010316 114.9
0.01032 114.9
0.010324 114.9
0.010328 114.9
0.010332 114.9
0.010336 114.9
0.01034 114.9
0.010344 114.9
0.010348 114.9
0.010352 114.9
0.010356 114.9
0.01036 114.9
0.010364 114.9
0.010368 114.9
0.010372 114.9
0.010376 114.9
0.01038 114.9
0.010384 114.9
0.010388 114.9
0.010392 114.9
0.010396 114.9
0.0104 114.9
0.010404 114.9
0.010408 114.9
0.010412 114.9
0.010416 114.9
0.01042 114.9
0.010424 114.9
0.010428 114.9
0.010432 114.9
0.010436 114.9
0.01044 114.9
0.010444 114.9
0.010448 114.9
0.010452 114.9
0.010456 114.9
0.01046 114.9
0.010464 114.9
0.010468 114.9
0.010472 114.9
0.010476 114.9
0.01048 114.9
0.010484 114.9
0.010488 114.9
0.010492 114.9
0.010496 114.9
0.0105 114.9
0.010504 114.9
0.010508 114.9
0.010512 114.9
0.010516 114.9
0.01052 114.9
0.010524 114.9
0.010528 114.9
0.010532 114.9
0.010536 114.9
0.01054 114.9
0.010544 114.9
0.010548 114.9
0.010552 114.9
0.010556 114.9
0.01056 114.9
0.010564 114.9
0.010568 114.9
0.010572 114.9
0.010576 114.9
0.01058 114.9
0.010584 114.9
0.010588 114.9
0.010592 114.9
0.010596 114.9
0.0106 114.9
0.010604 114.9
0.010608 114.9
0.010612 114.9
0.010616 114.9
0.01062 114.9
0.010624 114.9
0.010628 114.9
0.010632 114.9
0.010636 114.9
0.01064 114.9
0.010644 114.9
0.010648 114.9
0.010652 114.9
0.010656 114.9
0.01066 114.9
0.010664 114.9
0.010668 114.9
0.010672 114.9
0.010676 114.9
0.01068 114.9
0.010684 114.9
0.010688 114.9
0.010692 114.9
0.010696 114.9
0.0107 114.9
0.010704 114.9
0.010708 114.9
0.010712 114.9
0.010716 114.9
0.01072 114.9
0.010724 114.9
0.010728 114.9
0.010732 114.9
0.010736 114.9
0.01074 114.9
0.010744 114.9
0.010748 114.9
0.010752 114.9
0.010756 114.9
0.01076 114.9
0.010764 114.9
0.010768 114.9
0.010772 114.9
0.010776 114.9
0.01078 114.9
0.010784 114.9
0.010788 114.9
0.010792 114.9
0.010796 114.9
0.0108 114.9
0.010804 114.9
0.010808 114.9
0.010812 114.9
0.010816 114.9
0.01082 114.9
0.010824 114.9
0.010828 114.9
0.010832 114.9
0.010836 114.9
0.01084 114.9
0.010844 114.9
0.010848 114.9
0.010852 114.9
0.010856 114.9
0.01086 114.9
0.010864 114.9
0.010868 114.9
0.010872 114.9
0.010876 114.9
0.01088 114.9
0.010884 114.9
0.010888 114.9
0.010892 114.9
0.010896 114.9
0.0109 114.9
0.010904 114.9
0.010908 114.9
0.010912 114.9
0.010916 114.9
0.01092 114.9
0.010924 114.9
0.010928 114.9
0.010932 114.9
0.010936 114.9
0.01094 114.9
0.010944 114.9
0.010948 114.9
0.010952 114.9
0.010956 114.9
0.01096 114.9
0.010964 114.9
0.010968 114.9
0.010972 114.9
0.010976 114.9
0.01098 114.9
0.010984 114.9
0.010988 114.9
0.010992 114.9
0.010996 114.9
0.011 114.9
0.011004 114.9
0.011008 114.9
0.011012 114.9
0.011016 114.9
0.01102 114.9
0.011024 114.9
0.011028 114.9
0.011032 114.9
0.011036 114.9
0.01104 114.9
0.011044 114.9
0.011048 114.9
0.011052 114.9
0.011056 114.9
0.01106 114.9
0.011064 114.9
0.011068 114.9
0.011072 114.9
0.011076 114.9
0.01108 114.9
0.011084 114.9
0.011088 114.9
0.011092 114.9
0.011096 114.9
0.0111 114.9
0.011104 114.9
0.011108 114.9
0.011112 114.9
0.011116 114.9
0.01112 114.9
0.011124 114.9
0.011128 114.9
0.011132 114.9
0.011136 114.9
0.01114 114.9
0.011144 114.9
0.011148 114.9
0.011152 114.9
0.011156 114.9
0.01116 114.9
0.011164 114.9
0.011168 114.9
0.011172 114.9
0.011176 114.9
0.01118 114.9
0.011184 114.9
0.011188 114.9
0.011192 114.9
0.011196 114.9
0.0112 114.9
0.011204 114.9
0.011208 114.9
0.011212 114.9
0.011216 114.9
0.01122 114.9
0.011224 114.9
0.011228 114.9
0.011232 114.9
0.011236 114.9
0.01124 114.9
0.011244 114.9
0.011248 114.9
0.011252 114.9
0.011256 114.9
0.01126 114.9
0.011264 114.9
0.011268 114.9
0.011272 114.9
0.011276 114.9
0.01128 114.9
0.011284 114.9
0.011288 114.9
0.011292 114.9
0.011296 114.9
0.0113 114.9
0.011304 114.9
0.011308 114.9
0.011312 114.9
0.011316 114.9
0.01132 114.9
0.011324 114.9
0.011328 114.9
0.011332 114.9
0.011336 114.9
0.01134 114.9
0.011344 114.9
0.011348 114.9
0.011352 114.9
0.011356 114.9
0.01136 114.9
0.011364 114.9
0.011368 114.9
0.011372 114.9
0.011376 114.9
0.01138 114.9
0.011384 114.9
0.011388 114.9
0.011392 114.9
0.011396 114.9
0.0114 114.9
0.011404 114.9
0.011408 114.9
0.011412 114.9
0.011416 114.9
0.01142 114.9
0.011424 114.9
0.011428 114.9
0.011432 114.9
0.011436 114.9
0.01144 114.9
0.011444 114.9
0.011448 114.9
0.011452 114.9
0.011456 114.9
0.01146 114.9
0.011464 114.9
0.011468 114.9
0.011472 114.9
0.011476 114.9
0.01148 114.9
0.011484 114.9
0.011488 114.9
0.011492 114.9
0.011496 114.9
0.0115 114.9
0.011504 114.9
0.011508 114.9
0.011512 114.9
0.011516 114.9
0.01152 114.9
0.011524 114.9
0.011528 114.9
0.011532 114.9
0.011536 114.9
0.01154 114.9
0.011544 114.9
0.011548 114.9
0.011552 114.9
0.011556 114.9
0.01156 114.9
0.011564 114.9
0.011568 114.9
0.011572 114.9
0.011576 114.9
0.01158 114.9
0.011584 114.9
0.011588 114.9
0.011592 114.9
0.011596 114.9
0.0116 114.9
0.011604 114.9
0.011608 114.9
0.011612 114.9
0.011616 114.9
0.01162 114.9
0.011624 114.9
0.011628 114.9
0.011632 114.9
0.011636 114.9
0.01164 114.9
0.011644 114.9
0.011648 114.9
0.011652 114.9
0.011656 114.9
0.01166 114.9
0.011664 114.9
0.011668 114.9
0.011672 114.9
0.011676 114.9
0.01168 114.9
0.011684 114.9
0.011688 114.9
0.011692 114.9
0.011696 114.9
0.0117 114.9
0.011704 114.9
0.011708 114.9
0.011712 114.9
0.011716 114.9
0.01172 114.9
0.011724 114.9
0.011728 114.9
0.011732 114.9
0.011736 114.9
0.01174 114.9
0.011744 114.9
0.011748 114.9
0.011752 114.9
0.011756 114.9
0.01176 114.9
0.011764 114.9
0.011768 114.9
0.011772 114.9
0.011776 114.9
0.01178 114.9
0.011784 114.9
0.011788 114.9
0.011792 114.9
0.011796 114.9
0.0118 114.9
0.011804 114.9
0.011808 114.9
0.011812 114.9
0.011816 114.9
0.01182 114.9
0.011824 114.9
0.011828 114.9
0.011832 114.9
0.011836 114.9
0.01184 114.9
0.011844 114.9
0.011848 114.9
0.011852 114.9
0.011856 114.9
0.01186 114.9
0.011864 114.9
0.011868 114.9
0.011872 114.9
0.011876 114.9
0.01188 114.9
0.011884 114.9
0.011888 114.9
0.011892 114.9
0.011896 114.9
0.0119 114.9
0.011904 114.9
0.011908 114.9
0.011912 114.9
0.011916 114.9
0.01192 114.9
0.011924 114.9
0.011928 114.9
0.011932 114.9
0.011936 114.9
0.01194 114.9
0.011944 114.9
0.011948 114.9
0.011952 114.9
0.011956 114.9
0.01196 114.9
0.011964 114.9
0.011968 114.9
0.011972 114.9
0.011976 114.9
0.01198 114.9
0.011984 114.9
0.011988 114.9
0.011992 114.9
0.011996 114.9
0.012 114.9
0.012004 114.9
0.012008 114.9
0.012012 114.9
0.012016 114.9
0.01202 114.9
0.012024 114.9
0.012028 114.9
0.012032 114.9
0.012036 114.9
0.01204 114.9
0.012044 114.9
0.012048 114.9
0.012052 114.9
0.012056 114.9
0.01206 114.9
0.012064 114.9
0.012068 114.9
0.012072 114.9
0.012076 114.9
0.01208 114.9
0.012084 114.9
0.012088 114.9
0.012092 114.9
0.012096 114.9
0.0121 114.9
0.012104 114.9
0.012108 114.9
0.012112 114.9
0.012116 114.9
0.01212 114.9
0.012124 114.9
0.012128 114.9
0.012132 114.9
0.012136 114.9
0.01214 114.9
0.012144 114.9
0.012148 114.9
0.012152 114.9
0.012156 114.9
0.01216 114.9
0.012164 114.9
0.012168 114.9
0.012172 114.9
0.012176 114.9
0.01218 114.9
0.012184 114.9
0.012188 114.9
0.012192 114.9
0.012196 114.9
0.0122 114.9
0.012204 114.9
0.012208 114.9
0.012212 114.9
0.012216 114.9
0.01222 114.9
0.012224 114.9
0.012228 114.9
0.012232 114.9
0.012236 114.9
0.01224 114.9
0.012244 114.9
0.012248 114.9
0.012252 114.9
0.012256 114.9
0.01226 114.9
0.012264 114.9
0.012268 114.9
0.012272 114.9
0.012276 114.9
0.01228 114.9
0.012284 114.9
0.012288 114.9
0.012292 114.9
0.012296 114.9
0.0123 114.9
0.012304 114.9
0.012308 114.9
0.012312 114.9
0.012316 114.9
0.01232 114.9
0.012324 114.9
0.012328 114.9
0.012332 114.9
0.012336 114.9
0.01234 114.9
0.012344 114.9
0.012348 114.9
0.012352 114.9
0.012356 114.9
0.01236 114.9
0.012364 114.9
0.012368 114.9
0.012372 114.9
0.012376 114.9
0.01238 114.9
0.012384 114.9
0.012388 114.9
0.012392 114.9
0.012396 114.9
0.0124 114.9
0.012404 114.9
0.012408 114.9
0.012412 114.9
0.012416 114.9
0.01242 114.9
0.012424 114.9
0.012428 114.9
0.012432 114.9
0.012436 114.9
0.01244 114.9
0.012444 114.9
0.012448 114.9
0.012452 114.9
0.012456 114.9
0.01246 114.9
0.012464 114.9
0.012468 114.9
0.012472 114.9
0.012476 114.9
0.01248 114.9
0.012484 114.9
0.012488 114.9
0.012492 114.9
0.012496 114.9
0.0125 114.9
0.012504 114.9
0.012508 114.9
0.012512 114.9
0.012516 114.9
0.01252 114.9
0.012524 114.9
0.012528 114.9
0.012532 114.9
0.012536 114.9
0.01254 114.9
0.012544 114.9
0.012548 114.9
0.012552 114.9
0.012556 114.9
0.01256 114.9
0.012564 114.9
0.012568 114.9
0.012572 114.9
0.012576 114.9
0.01258 114.9
0.012584 114.9
0.012588 114.9
0.012592 114.9
0.012596 114.9
0.0126 114.9
0.012604 114.9
0.012608 114.9
0.012612 114.9
0.012616 114.9
0.01262 114.9
0.012624 114.9
0.012628 114.9
0.012632 114.9
0.012636 114.9
0.01264 114.9
0.012644 114.9
0.012648 114.9
0.012652 114.9
0.012656 114.9
0.01266 114.9
0.012664 114.9
0.012668 114.9
0.012672 114.9
0.012676 114.9
0.01268 114.9
0.012684 114.9
0.012688 114.9
0.012692 114.9
0.012696 114.9
0.0127 114.9
0.012704 114.9
0.012708 114.9
0.012712 114.9
0.012716 114.9
0.01272 114.9
0.012724 114.9
0.012728 114.9
0.012732 114.9
0.012736 114.9
0.01274 114.9
0.012744 114.9
0.012748 114.9
0.012752 114.9
0.012756 114.9
0.01276 114.9
0.012764 114.9
0.012768 114.9
0.012772 114.9
0.012776 114.9
0.01278 114.9
0.012784 114.9
0.012788 114.9
0.012792 114.9
0.012796 114.9
0.0128 114.9
0.012804 114.9
0.012808 114.9
0.012812 114.9
0.012816 114.9
0.01282 114.9
0.012824 114.9
0.012828 114.9
0.012832 114.9
0.012836 114.9
0.01284 114.9
0.012844 114.9
0.012848 114.9
0.012852 114.9
0.012856 114.9
0.01286 114.9
0.012864 114.9
0.012868 114.9
0.012872 114.9
0.012876 114.9
0.01288 114.9
0.012884 114.9
0.012888 114.9
0.012892 114.9
0.012896 114.9
0.0129 114.9
0.012904 114.9
0.012908 114.9
0.012912 114.9
0.012916 114.9
0.01292 114.9
0.012924 114.9
0.012928 114.9
0.012932 114.9
0.012936 114.9
0.01294 114.9
0.012944 114.9
0.012948 114.9
0.012952 114.9
0.012956 114.9
0.01296 114.9
0.012964 114.9
0.012968 114.9
0.012972 114.9
0.012976 114.9
0.01298 114.9
0.012984 114.9
0.012988 114.9
0.012992 114.9
0.012996 114.9
0.013 114.9
0.013004 114.9
0.013008 114.9
0.013012 114.9
0.013016 114.9
0.01302 114.9
0.013024 114.9
0.013028 114.9
0.013032 114.9
0.013036 114.9
0.01304 114.9
0.013044 114.9
0.013048 114.9
0.013052 114.9
0.013056 114.9
0.01306 114.9
0.013064 114.9
0.013068 114.9
0.013072 114.9
0.013076 114.9
0.01308 114.9
0.013084 114.9
0.013088 114.9
0.013092 114.9
0.013096 114.9
0.0131 114.9
0.013104 114.9
0.013108 114.9
0.013112 114.9
0.013116 114.9
0.01312 114.9
0.013124 114.9
0.013128 114.9
0.013132 114.9
0.013136 114.9
0.01314 114.9
0.013144 114.9
0.013148 114.9
0.013152 114.9
0.013156 114.9
0.01316 114.9
0.013164 114.9
0.013168 114.9
0.013172 114.9
0.013176 114.9
0.01318 114.9
0.013184 114.9
0.013188 114.9
0.013192 114.9
0.013196 114.9
0.0132 114.9
0.013204 114.9
0.013208 114.9
0.013212 114.9
0.013216 114.9
0.01322 114.9
0.013224 114.9
0.013228 114.9
0.013232 114.9
0.013236 114.9
0.01324 114.9
0.013244 114.9
0.013248 114.9
0.013252 114.9
0.013256 114.9
0.01326 114.9
0.013264 114.9
0.013268 114.9
0.013272 114.9
0.013276 114.9
0.01328 114.9
0.013284 114.9
0.013288 114.9
0.013292 114.9
0.013296 114.9
0.0133 114.9
0.013304 114.9
0.013308 114.9
0.013312 114.9
0.013316 114.9
0.01332 114.9
0.013324 114.9
0.013328 114.9
0.013332 114.9
0.013336 114.9
0.01334 114.9
0.013344 114.9
0.013348 114.9
0.013352 114.9
0.013356 114.9
0.01336 114.9
0.013364 114.9
0.013368 114.9
0.013372 114.9
0.013376 114.9
0.01338 114.9
0.013384 114.9
0.013388 114.9
0.013392 114.9
0.013396 114.9
0.0134 114.9
0.013404 114.9
0.013408 114.9
0.013412 114.9
0.013416 114.9
0.01342 114.9
0.013424 114.9
0.013428 114.9
0.013432 114.9
0.013436 114.9
0.01344 114.9
0.013444 114.9
0.013448 114.9
0.013452 114.9
0.013456 114.9
0.01346 114.9
0.013464 114.9
0.013468 114.9
0.013472 114.9
0.013476 114.9
0.01348 114.9
0.013484 114.9
0.013488 114.9
0.013492 114.9
0.013496 114.9
0.0135 114.9
0.013504 114.9
0.013508 114.9
0.013512 114.9
0.013516 114.9
0.01352 114.9
0.013524 114.9
0.013528 114.9
0.013532 114.9
0.013536 114.9
0.01354 114.9
0.013544 114.9
0.013548 114.9
0.013552 114.9
0.013556 114.9
0.01356 114.9
0.013564 114.9
0.013568 114.9
0.013572 114.9
0.013576 114.9
0.01358 114.9
0.013584 114.9
0.013588 114.9
0.013592 114.9
0.013596 114.9
0.0136 114.9
0.013604 114.9
0.013608 114.9
0.013612 114.9
0.013616 114.9
0.01362 114.9
0.013624 114.9
0.013628 114.9
0.013632 114.9
0.013636 114.9
0.01364 114.9
0.013644 114.9
0.013648 114.9
0.013652 114.9
0.013656 114.9
0.01366 114.9
0.013664 114.9
0.013668 114.9
0.013672 114.9
0.013676 114.9
0.01368 114.9
0.013684 114.9
0.013688 114.9
0.013692 114.9
0.013696 114.9
0.0137 114.9
0.013704 114.9
0.013708 114.9
0.013712 114.9
0.013716 114.9
0.01372 114.9
0.013724 114.9
0.013728 114.9
0.013732 114.9
0.013736 114.9
0.01374 114.9
0.013744 114.9
0.013748 114.9
0.013752 114.9
0.013756 114.9
0.01376 114.9
0.013764 114.9
0.013768 114.9
0.013772 114.9
0.013776 114.9
0.01378 114.9
0.013784 114.9
0.013788 114.9
0.013792 114.9
0.013796 114.9
0.0138 114.9
0.013804 114.9
0.013808 114.9
0.013812 114.9
0.013816 114.9
0.01382 114.9
0.013824 114.9
0.013828 114.9
0.013832 114.9
0.013836 114.9
0.01384 114.9
0.013844 114.9
0.013848 114.9
0.013852 114.9
0.013856 114.9
0.01386 114.9
0.013864 114.9
0.013868 114.9
0.013872 114.9
0.013876 114.9
0.01388 114.9
0.013884 114.9
0.013888 114.9
0.013892 114.9
0.013896 114.9
0.0139 114.9
0.013904 114.9
0.013908 114.9
0.013912 114.9
0.013916 114.9
0.01392 114.9
0.013924 114.9
0.013928 114.9
0.013932 114.9
0.013936 114.9
0.01394 114.9
0.013944 114.9
0.013948 114.9
0.013952 114.9
0.013956 114.9
0.01396 114.9
0.013964 114.9
0.013968 114.9
0.013972 114.9
0.013976 114.9
0.01398 114.9
0.013984 114.9
0.013988 114.9
0.013992 114.9
0.013996 114.9
0.014 114.9
1 114.9
