4e-06 57996
8e-06 57996
1.2e-05 57995
1.6e-05 57995
2e-05 57995
2.4e-05 57995
2.8e-05 57995
3.2e-05 57994
3.6e-05 57993
4e-05 57991
4.4e-05 57989
4.8e-05 57986
5.2e-05 57980
5.6e-05 57972
6e-05 57960
6.4e-05 57943
6.8e-05 57917
7.2e-05 57881
7.6e-05 57830
8e-05 57758
8.4e-05 57658
8.8e-05 57520
9.2e-05 57333
9.6e-05 57081
0.0001 56746
0.000104 56306
0.000108 55735
0.000112 55003
0.000116 54078
0.00012 52925
0.000124 51509
0.000128 49799
0.000132 47770
0.000136 45405
0.00014 42704
0.000144 39685
0.000148 36386
0.000152 32868
0.000156 29211
0.00016 25512
0.000164 21874
0.000168 18398
0.000172 15174
0.000176 12272
0.00018 9735.4
0.000184 7582.8
0.000188 5806.5
0.000192 4379.2
0.000196 3260.2
0.0002 2402.4
0.000204 1757.5
0.000208 1280.7
0.000212 932.77
0.000216 681.49
0.00022 501.22
0.000224 372.37
0.000228 280.33
0.000232 214.48
0.000236 167.18
0.00024 133.05
0.000244 108.27
0.000248 90.198
0.000252 76.974
0.000256 67.301
0.00026 60.274
0.000264 55.258
0.000268 51.809
0.000272 49.619
0.000276 48.475
0.00028 48.235
0.000284 48.808
0.000288 50.142
0.000292 52.218
0.000296 55.04
0.0003 58.635
0.000304 63.048
0.000308 68.345
0.000312 74.607
0.000316 81.936
0.00032 90.45
0.000324 100.29
0.000328 111.62
0.000332 124.64
0.000336 139.54
0.00034 156.59
0.000344 176.05
0.000348 198.25
0.000352 223.54
0.000356 252.32
0.00036 285.03
0.000364 322.17
0.000368 364.29
0.000372 412.02
0.000376 466.01
0.00038 527.01
0.000384 595.84
0.000388 673.36
0.000392 760.53
0.000396 858.38
0.0004 968.01
0.000404 1090.6
0.000408 1227.4
0.000412 1379.7
0.000416 1548.8
0.00042 1736.3
0.000424 1943.5
0.000428 2172.1
0.000432 2423.5
0.000436 2699.2
0.00044 3000.9
0.000444 3330
0.000448 3687.9
0.000452 4076.3
0.000456 4496.2
0.00046 4949.1
0.000464 5435.9
0.000468 5957.8
0.000472 6515.4
0.000476 7109.5
0.00048 7740.4
0.000484 8408.4
0.000488 9113.5
0.000492 9855.4
0.000496 10634
0.0005 11448
0.000504 12296
0.000508 13178
0.000512 14093
0.000516 15037
0.00052 16010
0.000524 17009
0.000528 18032
0.000532 19077
0.000536 20141
0.00054 21221
0.000544 22315
0.000548 23419
0.000552 24531
0.000556 25648
0.00056 26767
0.000564 27885
0.000568 29000
0.000572 30108
0.000576 31207
0.00058 32294
0.000584 33368
0.000588 34425
0.000592 35465
0.000596 36484
0.0006 37482
0.000604 38456
0.000608 39405
0.000612 40329
0.000616 41226
0.00062 42095
0.000624 42935
0.000628 43747
0.000632 44529
0.000636 45282
0.00064 46005
0.000644 46699
0.000648 47363
0.000652 47998
0.000656 48604
0.00066 49182
0.000664 49732
0.000668 50256
0.000672 50752
0.000676 51223
0.00068 51669
0.000684 52091
0.000688 52489
0.000692 52865
0.000696 53220
0.0007 53553
0.000704 53867
0.000708 54161
0.000712 54438
0.000716 54697
0.00072 54939
0.000724 55166
0.000728 55378
0.000732 55576
0.000736 55761
0.00074 55933
0.000744 56093
0.000748 56242
0.000752 56381
0.000756 56510
0.00076 56629
0.000764 56740
0.000768 56842
0.000772 56937
0.000776 57025
0.00078 57106
0.000784 57181
0.000788 57250
0.000792 57313
0.000796 57372
0.0008 57426
0.000804 57476
0.000808 57521
0.000812 57563
0.000816 57602
0.00082 57637
0.000824 57669
0.000828 57699
0.000832 57726
0.000836 57751
0.00084 57773
0.000844 57794
0.000848 57813
0.000852 57830
0.000856 57846
0.00086 57860
0.000864 57873
0.000868 57885
0.000872 57896
0.000876 57905
0.00088 57914
0.000884 57922
0.000888 57930
0.000892 57936
0.000896 57942
0.0009 57948
0.000904 57952
0.000908 57957
0.000912 57961
0.000916 57964
0.00092 57968
0.000924 57971
0.000928 57973
0.000932 57976
0.000936 57978
0.00094 57980
0.000944 57981
0.000948 57983
0.000952 57984
0.000956 57985
0.00096 57987
0.000964 57988
0.000968 57988
0.000972 57989
0.000976 57990
0.00098 57991
0.000984 57991
0.000988 57992
0.000992 57992
0.000996 57993
0.001 57993
0.001004 57993
0.001008 57993
0.001012 57994
0.001016 57994
0.00102 57994
0.001024 57994
0.001028 57994
0.001032 57995
0.001036 57995
0.00104 57995
0.001044 57995
0.001048 57995
0.001052 57995
0.001056 57995
0.00106 57995
0.001064 57995
0.001068 57995
0.001072 57995
0.001076 57995
0.00108 57995
0.001084 57995
0.001088 57995
0.001092 57995
0.001096 57996
0.0011 57996
0.001104 57996
0.001108 57996
0.001112 57996
0.001116 57996
0.00112 57996
0.001124 57996
0.001128 57996
0.001132 57996
0.001136 57996
0.00114 57996
0.001144 57996
0.001148 57996
0.001152 57996
0.001156 57996
0.00116 57996
0.001164 57996
0.001168 57996
0.001172 57996
0.001176 57996
0.00118 57996
0.001184 57996
0.001188 57996
0.001192 57996
0.001196 57996
0.0012 57996
0.001204 57996
0.001208 57996
0.001212 57996
0.001216 57996
0.00122 57996
0.001224 57996
0.001228 57996
0.001232 57996
0.001236 57996
0.00124 57996
0.001244 57996
0.001248 57996
0.001252 57996
0.001256 57996
0.00126 57996
0.001264 57996
0.001268 57996
0.001272 57996
0.001276 57996
0.00128 57996
0.001284 57996
0.001288 57996
0.001292 57996
0.001296 57996
0.0013 57996
0.001304 57996
0.001308 57996
0.001312 57996
0.001316 57996
0.00132 57996
0.001324 57996
0.001328 57996
0.001332 57996
0.001336 57996
0.00134 57996
0.001344 57996
0.001348 57996
0.001352 57996
0.001356 57996
0.00136 57996
0.001364 57996
0.001368 57996
0.001372 57996
0.001376 57996
0.00138 57996
0.001384 57996
0.001388 57996
0.001392 57996
0.001396 57996
0.0014 57996
0.001404 57996
0.001408 57996
0.001412 57996
0.001416 57996
0.00142 57996
0.001424 57996
0.001428 57996
0.001432 57996
0.001436 57996
0.00144 57996
0.001444 57996
0.001448 57996
0.001452 57996
0.001456 57996
0.00146 57996
0.001464 57996
0.001468 57996
0.001472 57996
0.001476 57996
0.00148 57996
0.001484 57996
0.001488 57996
0.001492 57996
0.001496 57996
0.0015 57996
0.001504 57996
0.001508 57996
0.001512 57996
0.001516 57996
0.00152 57996
0.001524 57996
0.001528 57996
0.001532 57996
0.001536 57996
0.00154 57996
0.001544 57996
0.001548 57996
0.001552 57996
0.001556 57996
0.00156 57996
0.001564 57996
0.001568 57996
0.001572 57996
0.001576 57996
0.00158 57996
0.001584 57996
0.001588 57996
0.001592 57996
0.001596 57996
0.0016 57996
0.001604 57996
0.001608 57996
0.001612 57996
0.001616 57996
0.00162 57996
0.001624 57996
0.001628 57996
0.001632 57996
0.001636 57996
0.00164 57996
0.001644 57996
0.001648 57996
0.001652 57996
0.001656 57996
0.00166 57996
0.001664 57996
0.001668 57996
0.001672 57996
0.001676 57996
0.00168 57996
0.001684 57996
0.001688 57996
0.001692 57996
0.001696 57996
0.0017 57996
0.001704 57996
0.001708 57996
0.001712 57996
0.001716 57996
0.00172 57996
0.001724 57996
0.001728 57996
0.001732 57996
0.001736 57996
0.00174 57996
0.001744 57996
0.001748 57996
0.001752 57996
0.001756 57996
0.00176 57996
0.001764 57996
0.001768 57996
0.001772 57996
0.001776 57996
0.00178 57996
0.001784 57996
0.001788 57996
0.001792 57996
0.001796 57996
0.0018 57996
0.001804 57996
0.001808 57996
0.001812 57996
0.001816 57996
0.00182 57996
0.001824 57996
0.001828 57996
0.001832 57996
0.001836 57996
0.00184 57996
0.001844 57996
0.001848 57996
0.001852 57996
0.001856 57996
0.00186 57996
0.001864 57996
0.001868 57996
0.001872 57996
0.001876 57996
0.00188 57996
0.001884 57996
0.001888 57996
0.001892 57996
0.001896 57996
0.0019 57996
0.001904 57996
0.001908 57996
0.001912 57996
0.001916 57996
0.00192 57996
0.001924 57996
0.001928 57996
0.001932 57996
0.001936 57996
0.00194 57996
0.001944 57996
0.001948 57996
0.001952 57996
0.001956 57996
0.00196 57996
0.001964 57996
0.001968 57996
0.001972 57996
0.001976 57996
0.00198 57996
0.001984 57996
0.001988 57996
0.001992 57996
0.001996 57996
0.002 57996
0.002004 57996
0.002008 57996
0.002012 57996
0.002016 57996
0.00202 57996
0.002024 57996
0.002028 57996
0.002032 57996
0.002036 57996
0.00204 57996
0.002044 57996
0.002048 57996
0.002052 57996
0.002056 57996
0.00206 57996
0.002064 57996
0.002068 57996
0.002072 57996
0.002076 57996
0.00208 57996
0.002084 57996
0.002088 57996
0.002092 57996
0.002096 57996
0.0021 57996
0.002104 57996
0.002108 57996
0.002112 57996
0.002116 57996
0.00212 57996
0.002124 57996
0.002128 57996
0.002132 57996
0.002136 57996
0.00214 57996
0.002144 57996
0.002148 57996
0.002152 57996
0.002156 57996
0.00216 57996
0.002164 57996
0.002168 57996
0.002172 57996
0.002176 57996
0.00218 57996
0.002184 57996
0.002188 57996
0.002192 57996
0.002196 57996
0.0022 57996
0.002204 57996
0.002208 57996
0.002212 57996
0.002216 57996
0.00222 57996
0.002224 57996
0.002228 57996
0.002232 57996
0.002236 57996
0.00224 57996
0.002244 57996
0.002248 57996
0.002252 57996
0.002256 57996
0.00226 57996
0.002264 57996
0.002268 57996
0.002272 57996
0.002276 57996
0.00228 57996
0.002284 57996
0.002288 57996
0.002292 57996
0.002296 57996
0.0023 57996
0.002304 57996
0.002308 57996
0.002312 57996
0.002316 57996
0.00232 57996
0.002324 57996
0.002328 57996
0.002332 57996
0.002336 57996
0.00234 57996
0.002344 57996
0.002348 57996
0.002352 57996
0.002356 57996
0.00236 57996
0.002364 57996
0.002368 57996
0.002372 57996
0.002376 57996
0.00238 57996
0.002384 57996
0.002388 57996
0.002392 57996
0.002396 57996
0.0024 57996
0.002404 57996
0.002408 57996
0.002412 57996
0.002416 57996
0.00242 57996
0.002424 57996
0.002428 57996
0.002432 57996
0.002436 57996
0.00244 57996
0.002444 57996
0.002448 57996
0.002452 57996
0.002456 57996
0.00246 57996
0.002464 57996
0.002468 57996
0.002472 57996
0.002476 57996
0.00248 57996
0.002484 57996
0.002488 57996
0.002492 57996
0.002496 57996
0.0025 57996
0.002504 57996
0.002508 57996
0.002512 57996
0.002516 57996
0.00252 57996
0.002524 57996
0.002528 57996
0.002532 57996
0.002536 57996
0.00254 57996
0.002544 57996
0.002548 57996
0.002552 57996
0.002556 57996
0.00256 57996
0.002564 57996
0.002568 57996
0.002572 57996
0.002576 57996
0.00258 57996
0.002584 57996
0.002588 57996
0.002592 57996
0.002596 57996
0.0026 57996
0.002604 57996
0.002608 57996
0.002612 57996
0.002616 57996
0.00262 57996
0.002624 57996
0.002628 57996
0.002632 57996
0.002636 57996
0.00264 57996
0.002644 57996
0.002648 57996
0.002652 57996
0.002656 57996
0.00266 57996
0.002664 57996
0.002668 57996
0.002672 57996
0.002676 57996
0.00268 57996
0.002684 57996
0.002688 57996
0.002692 57996
0.002696 57996
0.0027 57996
0.002704 57996
0.002708 57996
0.002712 57996
0.002716 57996
0.00272 57996
0.002724 57996
0.002728 57996
0.002732 57996
0.002736 57996
0.00274 57996
0.002744 57996
0.002748 57996
0.002752 57996
0.002756 57996
0.00276 57996
0.002764 57996
0.002768 57996
0.002772 57996
0.002776 57996
0.00278 57996
0.002784 57996
0.002788 57996
0.002792 57996
0.002796 57996
0.0028 57996
0.002804 57996
0.002808 57996
0.002812 57996
0.002816 57996
0.00282 57996
0.002824 57996
0.002828 57996
0.002832 57996
0.002836 57996
0.00284 57996
0.002844 57996
0.002848 57996
0.002852 57996
0.002856 57996
0.00286 57996
0.002864 57996
0.002868 57996
0.002872 57996
0.002876 57996
0.00288 57996
0.002884 57996
0.002888 57996
0.002892 57996
0.002896 57996
0.0029 57996
0.002904 57996
0.002908 57996
0.002912 57996
0.002916 57996
0.00292 57996
0.002924 57996
0.002928 57996
0.002932 57996
0.002936 57996
0.00294 57996
0.002944 57996
0.002948 57996
0.002952 57996
0.002956 57996
0.00296 57996
0.002964 57996
0.002968 57996
0.002972 57996
0.002976 57996
0.00298 57996
0.002984 57996
0.002988 57996
0.002992 57996
0.002996 57996
0.003 57996
0.003004 57996
0.003008 57996
0.003012 57996
0.003016 57996
0.00302 57996
0.003024 57996
0.003028 57996
0.003032 57996
0.003036 57996
0.00304 57996
0.003044 57996
0.003048 57996
0.003052 57996
0.003056 57996
0.00306 57996
0.003064 57996
0.003068 57996
0.003072 57996
0.003076 57996
0.00308 57996
0.003084 57996
0.003088 57996
0.003092 57996
0.003096 57996
0.0031 57996
0.003104 57996
0.003108 57996
0.003112 57996
0.003116 57996
0.00312 57996
0.003124 57996
0.003128 57996
0.003132 57996
0.003136 57996
0.00314 57996
0.003144 57996
0.003148 57996
0.003152 57996
0.003156 57996
0.00316 57996
0.003164 57996
0.003168 57996
0.003172 57996
0.003176 57996
0.00318 57996
0.003184 57996
0.003188 57996
0.003192 57996
0.003196 57996
0.0032 57996
0.003204 57996
0.003208 57996
0.003212 57996
0.003216 57996
0.00322 57996
0.003224 57996
0.003228 57996
0.003232 57996
0.003236 57996
0.00324 57996
0.003244 57996
0.003248 57996
0.003252 57996
0.003256 57996
0.00326 57996
0.003264 57996
0.003268 57996
0.003272 57996
0.003276 57996
0.00328 57996
0.003284 57996
0.003288 57996
0.003292 57996
0.003296 57996
0.0033 57996
0.003304 57996
0.003308 57996
0.003312 57996
0.003316 57996
0.00332 57996
0.003324 57996
0.003328 57996
0.003332 57996
0.003336 57996
0.00334 57996
0.003344 57996
0.003348 57996
0.003352 57996
0.003356 57996
0.00336 57996
0.003364 57996
0.003368 57996
0.003372 57996
0.003376 57996
0.00338 57996
0.003384 57996
0.003388 57996
0.003392 57996
0.003396 57996
0.0034 57996
0.003404 57996
0.003408 57996
0.003412 57996
0.003416 57996
0.00342 57996
0.003424 57996
0.003428 57996
0.003432 57996
0.003436 57996
0.00344 57996
0.003444 57996
0.003448 57996
0.003452 57996
0.003456 57996
0.00346 57996
0.003464 57996
0.003468 57996
0.003472 57996
0.003476 57996
0.00348 57996
0.003484 57996
0.003488 57996
0.003492 57996
0.003496 57996
0.0035 57996
0.003504 57996
0.003508 57996
0.003512 57996
0.003516 57996
0.00352 57996
0.003524 57996
0.003528 57996
0.003532 57996
0.003536 57996
0.00354 57996
0.003544 57996
0.003548 57996
0.003552 57996
0.003556 57996
0.00356 57996
0.003564 57996
0.003568 57996
0.003572 57996
0.003576 57996
0.00358 57996
0.003584 57996
0.003588 57996
0.003592 57996
0.003596 57996
0.0036 57996
0.003604 57996
0.003608 57996
0.003612 57996
0.003616 57996
0.00362 57996
0.003624 57996
0.003628 57996
0.003632 57996
0.003636 57996
0.00364 57996
0.003644 57996
0.003648 57996
0.003652 57996
0.003656 57996
0.00366 57996
0.003664 57996
0.003668 57996
0.003672 57996
0.003676 57996
0.00368 57996
0.003684 57996
0.003688 57996
0.003692 57996
0.003696 57996
0.0037 57996
0.003704 57996
0.003708 57996
0.003712 57996
0.003716 57996
0.00372 57996
0.003724 57996
0.003728 57996
0.003732 57996
0.003736 57996
0.00374 57996
0.003744 57996
0.003748 57996
0.003752 57996
0.003756 57996
0.00376 57996
0.003764 57996
0.003768 57996
0.003772 57996
0.003776 57996
0.00378 57996
0.003784 57996
0.003788 57996
0.003792 57996
0.003796 57996
0.0038 57996
0.003804 57996
0.003808 57996
0.003812 57996
0.003816 57996
0.00382 57996
0.003824 57996
0.003828 57996
0.003832 57996
0.003836 57996
0.00384 57996
0.003844 57996
0.003848 57996
0.003852 57996
0.003856 57996
0.00386 57996
0.003864 57996
0.003868 57996
0.003872 57996
0.003876 57996
0.00388 57996
0.003884 57996
0.003888 57996
0.003892 57996
0.003896 57996
0.0039 57996
0.003904 57996
0.003908 57996
0.003912 57996
0.003916 57996
0.00392 57996
0.003924 57996
0.003928 57996
0.003932 57996
0.003936 57996
0.00394 57996
0.003944 57996
0.003948 57996
0.003952 57996
0.003956 57996
0.00396 57996
0.003964 57996
0.003968 57996
0.003972 57996
0.003976 57996
0.00398 57996
0.003984 57996
0.003988 57996
0.003992 57996
0.003996 57996
0.004 57996
0.004004 57996
0.004008 57996
0.004012 57996
0.004016 57996
0.00402 57996
0.004024 57996
0.004028 57996
0.004032 57996
0.004036 57996
0.00404 57996
0.004044 57996
0.004048 57996
0.004052 57996
0.004056 57996
0.00406 57996
0.004064 57996
0.004068 57996
0.004072 57996
0.004076 57996
0.00408 57996
0.004084 57996
0.004088 57996
0.004092 57996
0.004096 57996
0.0041 57996
0.004104 57996
0.004108 57996
0.004112 57996
0.004116 57996
0.00412 57996
0.004124 57996
0.004128 57996
0.004132 57996
0.004136 57996
0.00414 57996
0.004144 57996
0.004148 57996
0.004152 57996
0.004156 57996
0.00416 57996
0.004164 57996
0.004168 57996
0.004172 57996
0.004176 57996
0.00418 57996
0.004184 57996
0.004188 57996
0.004192 57996
0.004196 57996
0.0042 57996
0.004204 57996
0.004208 57996
0.004212 57996
0.004216 57996
0.00422 57996
0.004224 57996
0.004228 57996
0.004232 57996
0.004236 57996
0.00424 57996
0.004244 57996
0.004248 57996
0.004252 57996
0.004256 57996
0.00426 57996
0.004264 57996
0.004268 57996
0.004272 57996
0.004276 57996
0.00428 57996
0.004284 57996
0.004288 57996
0.004292 57996
0.004296 57996
0.0043 57996
0.004304 57996
0.004308 57996
0.004312 57996
0.004316 57996
0.00432 57996
0.004324 57996
0.004328 57996
0.004332 57996
0.004336 57996
0.00434 57996
0.004344 57996
0.004348 57996
0.004352 57996
0.004356 57996
0.00436 57996
0.004364 57996
0.004368 57996
0.004372 57996
0.004376 57996
0.00438 57996
0.004384 57996
0.004388 57996
0.004392 57996
0.004396 57996
0.0044 57996
0.004404 57996
0.004408 57996
0.004412 57996
0.004416 57996
0.00442 57996
0.004424 57996
0.004428 57996
0.004432 57996
0.004436 57996
0.00444 57996
0.004444 57996
0.004448 57996
0.004452 57996
0.004456 57996
0.00446 57996
0.004464 57996
0.004468 57996
0.004472 57996
0.004476 57996
0.00448 57996
0.004484 57996
0.004488 57996
0.004492 57996
0.004496 57996
0.0045 57996
0.004504 57996
0.004508 57996
0.004512 57996
0.004516 57996
0.00452 57996
0.004524 57996
0.004528 57996
0.004532 57996
0.004536 57996
0.00454 57996
0.004544 57996
0.004548 57996
0.004552 57996
0.004556 57996
0.00456 57996
0.004564 57996
0.004568 57996
0.004572 57996
0.004576 57996
0.00458 57996
0.004584 57996
0.004588 57996
0.004592 57996
0.004596 57996
0.0046 57996
0.004604 57996
0.004608 57996
0.004612 57996
0.004616 57996
0.00462 57996
0.004624 57996
0.004628 57996
0.004632 57996
0.004636 57996
0.00464 57996
0.004644 57996
0.004648 57996
0.004652 57996
0.004656 57996
0.00466 57996
0.004664 57996
0.004668 57996
0.004672 57996
0.004676 57996
0.00468 57996
0.004684 57996
0.004688 57996
0.004692 57996
0.004696 57996
0.0047 57996
0.004704 57996
0.004708 57996
0.004712 57996
0.004716 57996
0.00472 57996
0.004724 57996
0.004728 57996
0.004732 57996
0.004736 57996
0.00474 57996
0.004744 57996
0.004748 57996
0.004752 57996
0.004756 57996
0.00476 57996
0.004764 57996
0.004768 57996
0.004772 57996
0.004776 57996
0.00478 57996
0.004784 57996
0.004788 57996
0.004792 57996
0.004796 57996
0.0048 57996
0.004804 57996
0.004808 57996
0.004812 57996
0.004816 57996
0.00482 57996
0.004824 57996
0.004828 57996
0.004832 57996
0.004836 57996
0.00484 57996
0.004844 57996
0.004848 57996
0.004852 57996
0.004856 57996
0.00486 57996
0.004864 57996
0.004868 57996
0.004872 57996
0.004876 57996
0.00488 57996
0.004884 57996
0.004888 57996
0.004892 57996
0.004896 57996
0.0049 57996
0.004904 57996
0.004908 57996
0.004912 57996
0.004916 57996
0.00492 57996
0.004924 57996
0.004928 57996
0.004932 57996
0.004936 57996
0.00494 57996
0.004944 57996
0.004948 57996
0.004952 57996
0.004956 57996
0.00496 57996
0.004964 57996
0.004968 57996
0.004972 57996
0.004976 57996
0.00498 57996
0.004984 57996
0.004988 57996
0.004992 57996
0.004996 57996
0.005 57996
0.005004 57996
0.005008 57996
0.005012 57996
0.005016 57996
0.00502 57996
0.005024 57996
0.005028 57996
0.005032 57996
0.005036 57996
0.00504 57996
0.005044 57996
0.005048 57996
0.005052 57996
0.005056 57996
0.00506 57996
0.005064 57996
0.005068 57996
0.005072 57996
0.005076 57996
0.00508 57996
0.005084 57996
0.005088 57996
0.005092 57996
0.005096 57996
0.0051 57996
0.005104 57996
0.005108 57996
0.005112 57996
0.005116 57996
0.00512 57996
0.005124 57996
0.005128 57996
0.005132 57996
0.005136 57996
0.00514 57996
0.005144 57996
0.005148 57996
0.005152 57996
0.005156 57996
0.00516 57996
0.005164 57996
0.005168 57996
0.005172 57996
0.005176 57996
0.00518 57996
0.005184 57996
0.005188 57996
0.005192 57996
0.005196 57996
0.0052 57996
0.005204 57996
0.005208 57996
0.005212 57996
0.005216 57996
0.00522 57996
0.005224 57996
0.005228 57996
0.005232 57996
0.005236 57996
0.00524 57996
0.005244 57996
0.005248 57996
0.005252 57996
0.005256 57996
0.00526 57996
0.005264 57996
0.005268 57996
0.005272 57996
0.005276 57996
0.00528 57996
0.005284 57996
0.005288 57996
0.005292 57996
0.005296 57996
0.0053 57996
0.005304 57996
0.005308 57996
0.005312 57996
0.005316 57996
0.00532 57996
0.005324 57996
0.005328 57996
0.005332 57996
0.005336 57996
0.00534 57996
0.005344 57996
0.005348 57996
0.005352 57996
0.005356 57996
0.00536 57996
0.005364 57996
0.005368 57996
0.005372 57996
0.005376 57996
0.00538 57996
0.005384 57996
0.005388 57996
0.005392 57996
0.005396 57996
0.0054 57996
0.005404 57996
0.005408 57996
0.005412 57996
0.005416 57996
0.00542 57996
0.005424 57996
0.005428 57996
0.005432 57996
0.005436 57996
0.00544 57996
0.005444 57996
0.005448 57996
0.005452 57996
0.005456 57996
0.00546 57996
0.005464 57996
0.005468 57996
0.005472 57996
0.005476 57996
0.00548 57996
0.005484 57996
0.005488 57996
0.005492 57996
0.005496 57996
0.0055 57996
0.005504 57996
0.005508 57996
0.005512 57996
0.005516 57996
0.00552 57996
0.005524 57996
0.005528 57996
0.005532 57996
0.005536 57996
0.00554 57996
0.005544 57996
0.005548 57996
0.005552 57996
0.005556 57996
0.00556 57996
0.005564 57996
0.005568 57996
0.005572 57996
0.005576 57996
0.00558 57996
0.005584 57996
0.005588 57996
0.005592 57996
0.005596 57996
0.0056 57996
0.005604 57996
0.005608 57996
0.005612 57996
0.005616 57996
0.00562 57996
0.005624 57996
0.005628 57996
0.005632 57996
0.005636 57996
0.00564 57996
0.005644 57996
0.005648 57996
0.005652 57996
0.005656 57996
0.00566 57996
0.005664 57996
0.005668 57996
0.005672 57996
0.005676 57996
0.00568 57996
0.005684 57996
0.005688 57996
0.005692 57996
0.005696 57996
0.0057 57996
0.005704 57996
0.005708 57996
0.005712 57996
0.005716 57996
0.00572 57996
0.005724 57996
0.005728 57996
0.005732 57996
0.005736 57996
0.00574 57996
0.005744 57996
0.005748 57996
0.005752 57996
0.005756 57996
0.00576 57996
0.005764 57996
0.005768 57996
0.005772 57996
0.005776 57996
0.00578 57996
0.005784 57996
0.005788 57996
0.005792 57996
0.005796 57996
0.0058 57996
0.005804 57996
0.005808 57996
0.005812 57996
0.005816 57996
0.00582 57996
0.005824 57996
0.005828 57996
0.005832 57996
0.005836 57996
0.00584 57996
0.005844 57996
0.005848 57996
0.005852 57996
0.005856 57996
0.00586 57996
0.005864 57996
0.005868 57996
0.005872 57996
0.005876 57996
0.00588 57996
0.005884 57996
0.005888 57996
0.005892 57996
0.005896 57996
0.0059 57996
0.005904 57996
0.005908 57996
0.005912 57996
0.005916 57996
0.00592 57996
0.005924 57996
0.005928 57996
0.005932 57996
0.005936 57996
0.00594 57996
0.005944 57996
0.005948 57996
0.005952 57996
0.005956 57996
0.00596 57996
0.005964 57996
0.005968 57996
0.005972 57996
0.005976 57996
0.00598 57996
0.005984 57996
0.005988 57996
0.005992 57996
0.005996 57996
0.006 57996
0.006004 57996
0.006008 57996
0.006012 57996
0.006016 57996
0.00602 57996
0.006024 57996
0.006028 57996
0.006032 57996
0.006036 57996
0.00604 57996
0.006044 57996
0.006048 57996
0.006052 57996
0.006056 57996
0.00606 57996
0.006064 57996
0.006068 57996
0.006072 57996
0.006076 57996
0.00608 57996
0.006084 57996
0.006088 57996
0.006092 57996
0.006096 57996
0.0061 57996
0.006104 57996
0.006108 57996
0.006112 57996
0.006116 57996
0.00612 57996
0.006124 57996
0.006128 57996
0.006132 57996
0.006136 57996
0.00614 57996
0.006144 57996
0.006148 57996
0.006152 57996
0.006156 57996
0.00616 57996
0.006164 57996
0.006168 57996
0.006172 57996
0.006176 57996
0.00618 57996
0.006184 57996
0.006188 57996
0.006192 57996
0.006196 57996
0.0062 57996
0.006204 57996
0.006208 57996
0.006212 57996
0.006216 57996
0.00622 57996
0.006224 57996
0.006228 57996
0.006232 57996
0.006236 57996
0.00624 57996
0.006244 57996
0.006248 57996
0.006252 57996
0.006256 57996
0.00626 57996
0.006264 57996
0.006268 57996
0.006272 57996
0.006276 57996
0.00628 57996
0.006284 57996
0.006288 57996
0.006292 57996
0.006296 57996
0.0063 57996
0.006304 57996
0.006308 57996
0.006312 57996
0.006316 57996
0.00632 57996
0.006324 57996
0.006328 57996
0.006332 57996
0.006336 57996
0.00634 57996
0.006344 57996
0.006348 57996
0.006352 57996
0.006356 57996
0.00636 57996
0.006364 57996
0.006368 57996
0.006372 57996
0.006376 57996
0.00638 57996
0.006384 57996
0.006388 57996
0.006392 57996
0.006396 57996
0.0064 57996
0.006404 57996
0.006408 57996
0.006412 57996
0.006416 57996
0.00642 57996
0.006424 57996
0.006428 57996
0.006432 57996
0.006436 57996
0.00644 57996
0.006444 57996
0.006448 57996
0.006452 57996
0.006456 57996
0.00646 57996
0.006464 57996
0.006468 57996
0.006472 57996
0.006476 57996
0.00648 57996
0.006484 57996
0.006488 57996
0.006492 57996
0.006496 57996
0.0065 57996
0.006504 57996
0.006508 57996
0.006512 57996
0.006516 57996
0.00652 57996
0.006524 57996
0.006528 57996
0.006532 57996
0.006536 57996
0.00654 57996
0.006544 57996
0.006548 57996
0.006552 57996
0.006556 57996
0.00656 57996
0.006564 57996
0.006568 57996
0.006572 57996
0.006576 57996
0.00658 57996
0.006584 57996
0.006588 57996
0.006592 57996
0.006596 57996
0.0066 57996
0.006604 57996
0.006608 57996
0.006612 57996
0.006616 57996
0.00662 57996
0.006624 57996
0.006628 57996
0.006632 57996
0.006636 57996
0.00664 57996
0.006644 57996
0.006648 57996
0.006652 57996
0.006656 57996
0.00666 57996
0.006664 57996
0.006668 57996
0.006672 57996
0.006676 57996
0.00668 57996
0.006684 57996
0.006688 57996
0.006692 57996
0.006696 57996
0.0067 57996
0.006704 57996
0.006708 57996
0.006712 57996
0.006716 57996
0.00672 57996
0.006724 57996
0.006728 57996
0.006732 57996
0.006736 57996
0.00674 57996
0.006744 57996
0.006748 57996
0.006752 57996
0.006756 57996
0.00676 57996
0.006764 57996
0.006768 57996
0.006772 57996
0.006776 57996
0.00678 57996
0.006784 57996
0.006788 57996
0.006792 57996
0.006796 57996
0.0068 57996
0.006804 57996
0.006808 57996
0.006812 57996
0.006816 57996
0.00682 57996
0.006824 57996
0.006828 57996
0.006832 57996
0.006836 57996
0.00684 57996
0.006844 57996
0.006848 57996
0.006852 57996
0.006856 57996
0.00686 57996
0.006864 57996
0.006868 57996
0.006872 57996
0.006876 57996
0.00688 57996
0.006884 57996
0.006888 57996
0.006892 57996
0.006896 57996
0.0069 57996
0.006904 57996
0.006908 57996
0.006912 57996
0.006916 57996
0.00692 57996
0.006924 57996
0.006928 57996
0.006932 57996
0.006936 57996
0.00694 57996
0.006944 57996
0.006948 57996
0.006952 57996
0.006956 57996
0.00696 57996
0.006964 57996
0.006968 57996
0.006972 57996
0.006976 57996
0.00698 57996
0.006984 57996
0.006988 57996
0.006992 57996
0.006996 57996
0.007 57996
0.007004 57996
0.007008 57996
0.007012 57996
0.007016 57996
0.00702 57996
0.007024 57996
0.007028 57996
0.007032 57996
0.007036 57996
0.00704 57996
0.007044 57996
0.007048 57996
0.007052 57996
0.007056 57996
0.00706 57996
0.007064 57996
0.007068 57996
0.007072 57996
0.007076 57996
0.00708 57996
0.007084 57996
0.007088 57996
0.007092 57996
0.007096 57996
0.0071 57996
0.007104 57996
0.007108 57996
0.007112 57996
0.007116 57996
0.00712 57996
0.007124 57996
0.007128 57996
0.007132 57996
0.007136 57996
0.00714 57996
0.007144 57996
0.007148 57996
0.007152 57996
0.007156 57996
0.00716 57996
0.007164 57996
0.007168 57996
0.007172 57996
0.007176 57996
0.00718 57996
0.007184 57996
0.007188 57996
0.007192 57996
0.007196 57996
0.0072 57996
0.007204 57996
0.007208 57996
0.007212 57996
0.007216 57996
0.00722 57996
0.007224 57996
0.007228 57996
0.007232 57996
0.007236 57996
0.00724 57996
0.007244 57996
0.007248 57996
0.007252 57996
0.007256 57996
0.00726 57996
0.007264 57996
0.007268 57996
0.007272 57996
0.007276 57996
0.00728 57996
0.007284 57996
0.007288 57996
0.007292 57996
0.007296 57996
0.0073 57996
0.007304 57996
0.007308 57996
0.007312 57996
0.007316 57996
0.00732 57996
0.007324 57996
0.007328 57996
0.007332 57996
0.007336 57996
0.00734 57996
0.007344 57996
0.007348 57996
0.007352 57996
0.007356 57996
0.00736 57996
0.007364 57996
0.007368 57996
0.007372 57996
0.007376 57996
0.00738 57996
0.007384 57996
0.007388 57996
0.007392 57996
0.007396 57996
0.0074 57996
0.007404 57996
0.007408 57996
0.007412 57996
0.007416 57996
0.00742 57996
0.007424 57996
0.007428 57996
0.007432 57996
0.007436 57996
0.00744 57996
0.007444 57996
0.007448 57996
0.007452 57996
0.007456 57996
0.00746 57996
0.007464 57996
0.007468 57996
0.007472 57996
0.007476 57996
0.00748 57996
0.007484 57996
0.007488 57996
0.007492 57996
0.007496 57996
0.0075 57996
0.007504 57996
0.007508 57996
0.007512 57996
0.007516 57996
0.00752 57996
0.007524 57996
0.007528 57996
0.007532 57996
0.007536 57996
0.00754 57996
0.007544 57996
0.007548 57996
0.007552 57996
0.007556 57996
0.00756 57996
0.007564 57996
0.007568 57996
0.007572 57996
0.007576 57996
0.00758 57996
0.007584 57996
0.007588 57996
0.007592 57996
0.007596 57996
0.0076 57996
0.007604 57996
0.007608 57996
0.007612 57996
0.007616 57996
0.00762 57996
0.007624 57996
0.007628 57996
0.007632 57996
0.007636 57996
0.00764 57996
0.007644 57996
0.007648 57996
0.007652 57996
0.007656 57996
0.00766 57996
0.007664 57996
0.007668 57996
0.007672 57996
0.007676 57996
0.00768 57996
0.007684 57996
0.007688 57996
0.007692 57996
0.007696 57996
0.0077 57996
0.007704 57996
0.007708 57996
0.007712 57996
0.007716 57996
0.00772 57996
0.007724 57996
0.007728 57996
0.007732 57996
0.007736 57996
0.00774 57996
0.007744 57996
0.007748 57996
0.007752 57996
0.007756 57996
0.00776 57996
0.007764 57996
0.007768 57996
0.007772 57996
0.007776 57996
0.00778 57996
0.007784 57996
0.007788 57996
0.007792 57996
0.007796 57996
0.0078 57996
0.007804 57996
0.007808 57996
0.007812 57996
0.007816 57996
0.00782 57996
0.007824 57996
0.007828 57996
0.007832 57996
0.007836 57996
0.00784 57996
0.007844 57996
0.007848 57996
0.007852 57996
0.007856 57996
0.00786 57996
0.007864 57996
0.007868 57996
0.007872 57996
0.007876 57996
0.00788 57996
0.007884 57996
0.007888 57996
0.007892 57996
0.007896 57996
0.0079 57996
0.007904 57996
0.007908 57996
0.007912 57996
0.007916 57996
0.00792 57996
0.007924 57996
0.007928 57996
0.007932 57996
0.007936 57996
0.00794 57996
0.007944 57996
0.007948 57996
0.007952 57996
0.007956 57996
0.00796 57996
0.007964 57996
0.007968 57996
0.007972 57996
0.007976 57996
0.00798 57996
0.007984 57996
0.007988 57996
0.007992 57996
0.007996 57996
0.008 57996
0.008004 57996
0.008008 57996
0.008012 57996
0.008016 57996
0.00802 57996
0.008024 57996
0.008028 57996
0.008032 57996
0.008036 57996
0.00804 57996
0.008044 57996
0.008048 57996
0.008052 57996
0.008056 57996
0.00806 57996
0.008064 57996
0.008068 57996
0.008072 57996
0.008076 57996
0.00808 57996
0.008084 57996
0.008088 57996
0.008092 57996
0.008096 57996
0.0081 57996
0.008104 57996
0.008108 57996
0.008112 57996
0.008116 57996
0.00812 57996
0.008124 57996
0.008128 57996
0.008132 57996
0.008136 57996
0.00814 57996
0.008144 57996
0.008148 57996
0.008152 57996
0.008156 57996
0.00816 57996
0.008164 57996
0.008168 57996
0.008172 57996
0.008176 57996
0.00818 57996
0.008184 57996
0.008188 57996
0.008192 57996
0.008196 57996
0.0082 57996
0.008204 57996
0.008208 57996
0.008212 57996
0.008216 57996
0.00822 57996
0.008224 57996
0.008228 57996
0.008232 57996
0.008236 57996
0.00824 57996
0.008244 57996
0.008248 57996
0.008252 57996
0.008256 57996
0.00826 57996
0.008264 57996
0.008268 57996
0.008272 57996
0.008276 57996
0.00828 57996
0.008284 57996
0.008288 57996
0.008292 57996
0.008296 57996
0.0083 57996
0.008304 57996
0.008308 57996
0.008312 57996
0.008316 57996
0.00832 57996
0.008324 57996
0.008328 57996
0.008332 57996
0.008336 57996
0.00834 57996
0.008344 57996
0.008348 57996
0.008352 57996
0.008356 57996
0.00836 57996
0.008364 57996
0.008368 57996
0.008372 57996
0.008376 57996
0.00838 57996
0.008384 57996
0.008388 57996
0.008392 57996
0.008396 57996
0.0084 57996
0.008404 57996
0.008408 57996
0.008412 57996
0.008416 57996
0.00842 57996
0.008424 57996
0.008428 57996
0.008432 57996
0.008436 57996
0.00844 57996
0.008444 57996
0.008448 57996
0.008452 57996
0.008456 57996
0.00846 57996
0.008464 57996
0.008468 57996
0.008472 57996
0.008476 57996
0.00848 57996
0.008484 57996
0.008488 57996
0.008492 57996
0.008496 57996
0.0085 57996
0.008504 57996
0.008508 57996
0.008512 57996
0.008516 57996
0.00852 57996
0.008524 57996
0.008528 57996
0.008532 57996
0.008536 57996
0.00854 57996
0.008544 57996
0.008548 57996
0.008552 57996
0.008556 57996
0.00856 57996
0.008564 57996
0.008568 57996
0.008572 57996
0.008576 57996
0.00858 57996
0.008584 57996
0.008588 57996
0.008592 57996
0.008596 57996
0.0086 57996
0.008604 57996
0.008608 57996
0.008612 57996
0.008616 57996
0.00862 57996
0.008624 57996
0.008628 57996
0.008632 57996
0.008636 57996
0.00864 57996
0.008644 57996
0.008648 57996
0.008652 57996
0.008656 57996
0.00866 57996
0.008664 57996
0.008668 57996
0.008672 57996
0.008676 57996
0.00868 57996
0.008684 57996
0.008688 57996
0.008692 57996
0.008696 57996
0.0087 57996
0.008704 57996
0.008708 57996
0.008712 57996
0.008716 57996
0.00872 57996
0.008724 57996
0.008728 57996
0.008732 57996
0.008736 57996
0.00874 57996
0.008744 57996
0.008748 57996
0.008752 57996
0.008756 57996
0.00876 57996
0.008764 57996
0.008768 57996
0.008772 57996
0.008776 57996
0.00878 57996
0.008784 57996
0.008788 57996
0.008792 57996
0.008796 57996
0.0088 57996
0.008804 57996
0.008808 57996
0.008812 57996
0.008816 57996
0.00882 57996
0.008824 57996
0.008828 57996
0.008832 57996
0.008836 57996
0.00884 57996
0.008844 57996
0.008848 57996
0.008852 57996
0.008856 57996
0.00886 57996
0.008864 57996
0.008868 57996
0.008872 57996
0.008876 57996
0.00888 57996
0.008884 57996
0.008888 57996
0.008892 57996
0.008896 57996
0.0089 57996
0.008904 57996
0.008908 57996
0.008912 57996
0.008916 57996
0.00892 57996
0.008924 57996
0.008928 57996
0.008932 57996
0.008936 57996
0.00894 57996
0.008944 57996
0.008948 57996
0.008952 57996
0.008956 57996
0.00896 57996
0.008964 57996
0.008968 57996
0.008972 57996
0.008976 57996
0.00898 57996
0.008984 57996
0.008988 57996
0.008992 57996
0.008996 57996
0.009 57996
0.009004 57996
0.009008 57996
0.009012 57996
0.009016 57996
0.00902 57996
0.009024 57996
0.009028 57996
0.009032 57996
0.009036 57996
0.00904 57996
0.009044 57996
0.009048 57996
0.009052 57996
0.009056 57996
0.00906 57996
0.009064 57996
0.009068 57996
0.009072 57996
0.009076 57996
0.00908 57996
0.009084 57996
0.009088 57996
0.009092 57996
0.009096 57996
0.0091 57996
0.009104 57996
0.009108 57996
0.009112 57996
0.009116 57996
0.00912 57996
0.009124 57996
0.009128 57996
0.009132 57996
0.009136 57996
0.00914 57996
0.009144 57996
0.009148 57996
0.009152 57996
0.009156 57996
0.00916 57996
0.009164 57996
0.009168 57996
0.009172 57996
0.009176 57996
0.00918 57996
0.009184 57996
0.009188 57996
0.009192 57996
0.009196 57996
0.0092 57996
0.009204 57996
0.009208 57996
0.009212 57996
0.009216 57996
0.00922 57996
0.009224 57996
0.009228 57996
0.009232 57996
0.009236 57996
0.00924 57996
0.009244 57996
0.009248 57996
0.009252 57996
0.009256 57996
0.00926 57996
0.009264 57996
0.009268 57996
0.009272 57996
0.009276 57996
0.00928 57996
0.009284 57996
0.009288 57996
0.009292 57996
0.009296 57996
0.0093 57996
0.009304 57996
0.009308 57996
0.009312 57996
0.009316 57996
0.00932 57996
0.009324 57996
0.009328 57996
0.009332 57996
0.009336 57996
0.00934 57996
0.009344 57996
0.009348 57996
0.009352 57996
0.009356 57996
0.00936 57996
0.009364 57996
0.009368 57996
0.009372 57996
0.009376 57996
0.00938 57996
0.009384 57996
0.009388 57996
0.009392 57996
0.009396 57996
0.0094 57996
0.009404 57996
0.009408 57996
0.009412 57996
0.009416 57996
0.00942 57996
0.009424 57996
0.009428 57996
0.009432 57996
0.009436 57996
0.00944 57996
0.009444 57996
0.009448 57996
0.009452 57996
0.009456 57996
0.00946 57996
0.009464 57996
0.009468 57996
0.009472 57996
0.009476 57996
0.00948 57996
0.009484 57996
0.009488 57996
0.009492 57996
0.009496 57996
0.0095 57996
0.009504 57996
0.009508 57996
0.009512 57996
0.009516 57996
0.00952 57996
0.009524 57996
0.009528 57996
0.009532 57996
0.009536 57996
0.00954 57996
0.009544 57996
0.009548 57996
0.009552 57996
0.009556 57996
0.00956 57996
0.009564 57996
0.009568 57996
0.009572 57996
0.009576 57996
0.00958 57996
0.009584 57996
0.009588 57996
0.009592 57996
0.009596 57996
0.0096 57996
0.009604 57996
0.009608 57996
0.009612 57996
0.009616 57996
0.00962 57996
0.009624 57996
0.009628 57996
0.009632 57996
0.009636 57996
0.00964 57996
0.009644 57996
0.009648 57996
0.009652 57996
0.009656 57996
0.00966 57996
0.009664 57996
0.009668 57996
0.009672 57996
0.009676 57996
0.00968 57996
0.009684 57996
0.009688 57996
0.009692 57996
0.009696 57996
0.0097 57996
0.009704 57996
0.009708 57996
0.009712 57996
0.009716 57996
0.00972 57996
0.009724 57996
0.009728 57996
0.009732 57996
0.009736 57996
0.00974 57996
0.009744 57996
0.009748 57996
0.009752 57996
0.009756 57996
0.00976 57996
0.009764 57996
0.009768 57996
0.009772 57996
0.009776 57996
0.00978 57996
0.009784 57996
0.009788 57996
0.009792 57996
0.009796 57996
0.0098 57996
0.009804 57996
0.009808 57996
0.009812 57996
0.009816 57996
0.00982 57996
0.009824 57996
0.009828 57996
0.009832 57996
0.009836 57996
0.00984 57996
0.009844 57996
0.009848 57996
0.009852 57996
0.009856 57996
0.00986 57996
0.009864 57996
0.009868 57996
0.009872 57996
0.009876 57996
0.00988 57996
0.009884 57996
0.009888 57996
0.009892 57996
0.009896 57996
0.0099 57996
0.009904 57996
0.009908 57996
0.009912 57996
0.009916 57996
0.00992 57996
0.009924 57996
0.009928 57996
0.009932 57996
0.009936 57996
0.00994 57996
0.009944 57996
0.009948 57996
0.009952 57996
0.009956 57996
0.00996 57996
0.009964 57996
0.009968 57996
0.009972 57996
0.009976 57996
0.00998 57996
0.009984 57996
0.009988 57996
0.009992 57996
0.009996 57996
0.01 57996
0.010004 57996
0.010008 57996
0.010012 57996
0.010016 57996
0.01002 57996
0.010024 57996
0.010028 57996
0.010032 57996
0.010036 57996
0.01004 57996
0.010044 57996
0.010048 57996
0.010052 57996
0.010056 57996
0.01006 57996
0.010064 57996
0.010068 57996
0.010072 57996
0.010076 57996
0.01008 57996
0.010084 57996
0.010088 57996
0.010092 57996
0.010096 57996
0.0101 57996
0.010104 57996
0.010108 57996
0.010112 57996
0.010116 57996
0.01012 57996
0.010124 57996
0.010128 57996
0.010132 57996
0.010136 57996
0.01014 57996
0.010144 57996
0.010148 57996
0.010152 57996
0.010156 57996
0.01016 57996
0.010164 57996
0.010168 57996
0.010172 57996
0.010176 57996
0.01018 57996
0.010184 57996
0.010188 57996
0.010192 57996
0.010196 57996
0.0102 57996
0.010204 57996
0.010208 57996
0.010212 57996
0.010216 57996
0.01022 57996
0.010224 57996
0.010228 57996
0.010232 57996
0.010236 57996
0.01024 57996
0.010244 57996
0.010248 57996
0.010252 57996
0.010256 57996
0.01026 57996
0.010264 57996
0.010268 57996
0.010272 57996
0.010276 57996
0.01028 57996
0.010284 57996
0.010288 57996
0.010292 57996
0.010296 57996
0.0103 57996
0.010304 57996
0.010308 57996
0.010312 57996
0.010316 57996
0.01032 57996
0.010324 57996
0.010328 57996
0.010332 57996
0.010336 57996
0.01034 57996
0.010344 57996
0.010348 57996
0.010352 57996
0.010356 57996
0.01036 57996
0.010364 57996
0.010368 57996
0.010372 57996
0.010376 57996
0.01038 57996
0.010384 57996
0.010388 57996
0.010392 57996
0.010396 57996
0.0104 57996
0.010404 57996
0.010408 57996
0.010412 57996
0.010416 57996
0.01042 57996
0.010424 57996
0.010428 57996
0.010432 57996
0.010436 57996
0.01044 57996
0.010444 57996
0.010448 57996
0.010452 57996
0.010456 57996
0.01046 57996
0.010464 57996
0.010468 57996
0.010472 57996
0.010476 57996
0.01048 57996
0.010484 57996
0.010488 57996
0.010492 57996
0.010496 57996
0.0105 57996
0.010504 57996
0.010508 57996
0.010512 57996
0.010516 57996
0.01052 57996
0.010524 57996
0.010528 57996
0.010532 57996
0.010536 57996
0.01054 57996
0.010544 57996
0.010548 57996
0.010552 57996
0.010556 57996
0.01056 57996
0.010564 57996
0.010568 57996
0.010572 57996
0.010576 57996
0.01058 57996
0.010584 57996
0.010588 57996
0.010592 57996
0.010596 57996
0.0106 57996
0.010604 57996
0.010608 57996
0.010612 57996
0.010616 57996
0.01062 57996
0.010624 57996
0.010628 57996
0.010632 57996
0.010636 57996
0.01064 57996
0.010644 57996
0.010648 57996
0.010652 57996
0.010656 57996
0.01066 57996
0.010664 57996
0.010668 57996
0.010672 57996
0.010676 57996
0.01068 57996
0.010684 57996
0.010688 57996
0.010692 57996
0.010696 57996
0.0107 57996
0.010704 57996
0.010708 57996
0.010712 57996
0.010716 57996
0.01072 57996
0.010724 57996
0.010728 57996
0.010732 57996
0.010736 57996
0.01074 57996
0.010744 57996
0.010748 57996
0.010752 57996
0.010756 57996
0.01076 57996
0.010764 57996
0.010768 57996
0.010772 57996
0.010776 57996
0.01078 57996
0.010784 57996
0.010788 57996
0.010792 57996
0.010796 57996
0.0108 57996
0.010804 57996
0.010808 57996
0.010812 57996
0.010816 57996
0.01082 57996
0.010824 57996
0.010828 57996
0.010832 57996
0.010836 57996
0.01084 57996
0.010844 57996
0.010848 57996
0.010852 57996
0.010856 57996
0.01086 57996
0.010864 57996
0.010868 57996
0.010872 57996
0.010876 57996
0.01088 57996
0.010884 57996
0.010888 57996
0.010892 57996
0.010896 57996
0.0109 57996
0.010904 57996
0.010908 57996
0.010912 57996
0.010916 57996
0.01092 57996
0.010924 57996
0.010928 57996
0.010932 57996
0.010936 57996
0.01094 57996
0.010944 57996
0.010948 57996
0.010952 57996
0.010956 57996
0.01096 57996
0.010964 57996
0.010968 57996
0.010972 57996
0.010976 57996
0.01098 57996
0.010984 57996
0.010988 57996
0.010992 57996
0.010996 57996
0.011 57996
0.011004 57996
0.011008 57996
0.011012 57996
0.011016 57996
0.01102 57996
0.011024 57996
0.011028 57996
0.011032 57996
0.011036 57996
0.01104 57996
0.011044 57996
0.011048 57996
0.011052 57996
0.011056 57996
0.01106 57996
0.011064 57996
0.011068 57996
0.011072 57996
0.011076 57996
0.01108 57996
0.011084 57996
0.011088 57996
0.011092 57996
0.011096 57996
0.0111 57996
0.011104 57996
0.011108 57996
0.011112 57996
0.011116 57996
0.01112 57996
0.011124 57996
0.011128 57996
0.011132 57996
0.011136 57996
0.01114 57996
0.011144 57996
0.011148 57996
0.011152 57996
0.011156 57996
0.01116 57996
0.011164 57996
0.011168 57996
0.011172 57996
0.011176 57996
0.01118 57996
0.011184 57996
0.011188 57996
0.011192 57996
0.011196 57996
0.0112 57996
0.011204 57996
0.011208 57996
0.011212 57996
0.011216 57996
0.01122 57996
0.011224 57996
0.011228 57996
0.011232 57996
0.011236 57996
0.01124 57996
0.011244 57996
0.011248 57996
0.011252 57996
0.011256 57996
0.01126 57996
0.011264 57996
0.011268 57996
0.011272 57996
0.011276 57996
0.01128 57996
0.011284 57996
0.011288 57996
0.011292 57996
0.011296 57996
0.0113 57996
0.011304 57996
0.011308 57996
0.011312 57996
0.011316 57996
0.01132 57996
0.011324 57996
0.011328 57996
0.011332 57996
0.011336 57996
0.01134 57996
0.011344 57996
0.011348 57996
0.011352 57996
0.011356 57996
0.01136 57996
0.011364 57996
0.011368 57996
0.011372 57996
0.011376 57996
0.01138 57996
0.011384 57996
0.011388 57996
0.011392 57996
0.011396 57996
0.0114 57996
0.011404 57996
0.011408 57996
0.011412 57996
0.011416 57996
0.01142 57996
0.011424 57996
0.011428 57996
0.011432 57996
0.011436 57996
0.01144 57996
0.011444 57996
0.011448 57996
0.011452 57996
0.011456 57996
0.01146 57996
0.011464 57996
0.011468 57996
0.011472 57996
0.011476 57996
0.01148 57996
0.011484 57996
0.011488 57996
0.011492 57996
0.011496 57996
0.0115 57996
0.011504 57996
0.011508 57996
0.011512 57996
0.011516 57996
0.01152 57996
0.011524 57996
0.011528 57996
0.011532 57996
0.011536 57996
0.01154 57996
0.011544 57996
0.011548 57996
0.011552 57996
0.011556 57996
0.01156 57996
0.011564 57996
0.011568 57996
0.011572 57996
0.011576 57996
0.01158 57996
0.011584 57996
0.011588 57996
0.011592 57996
0.011596 57996
0.0116 57996
0.011604 57996
0.011608 57996
0.011612 57996
0.011616 57996
0.01162 57996
0.011624 57996
0.011628 57996
0.011632 57996
0.011636 57996
0.01164 57996
0.011644 57996
0.011648 57996
0.011652 57996
0.011656 57996
0.01166 57996
0.011664 57996
0.011668 57996
0.011672 57996
0.011676 57996
0.01168 57996
0.011684 57996
0.011688 57996
0.011692 57996
0.011696 57996
0.0117 57996
0.011704 57996
0.011708 57996
0.011712 57996
0.011716 57996
0.01172 57996
0.011724 57996
0.011728 57996
0.011732 57996
0.011736 57996
0.01174 57996
0.011744 57996
0.011748 57996
0.011752 57996
0.011756 57996
0.01176 57996
0.011764 57996
0.011768 57996
0.011772 57996
0.011776 57996
0.01178 57996
0.011784 57996
0.011788 57996
0.011792 57996
0.011796 57996
0.0118 57996
0.011804 57996
0.011808 57996
0.011812 57996
0.011816 57996
0.01182 57996
0.011824 57996
0.011828 57996
0.011832 57996
0.011836 57996
0.01184 57996
0.011844 57996
0.011848 57996
0.011852 57996
0.011856 57996
0.01186 57996
0.011864 57996
0.011868 57996
0.011872 57996
0.011876 57996
0.01188 57996
0.011884 57996
0.011888 57996
0.011892 57996
0.011896 57996
0.0119 57996
0.011904 57996
0.011908 57996
0.011912 57996
0.011916 57996
0.01192 57996
0.011924 57996
0.011928 57996
0.011932 57996
0.011936 57996
0.01194 57996
0.011944 57996
0.011948 57996
0.011952 57996
0.011956 57996
0.01196 57996
0.011964 57996
0.011968 57996
0.011972 57996
0.011976 57996
0.01198 57996
0.011984 57996
0.011988 57996
0.011992 57996
0.011996 57996
0.012 57996
0.012004 57996
0.012008 57996
0.012012 57996
0.012016 57996
0.01202 57996
0.012024 57996
0.012028 57996
0.012032 57996
0.012036 57996
0.01204 57996
0.012044 57996
0.012048 57996
0.012052 57996
0.012056 57996
0.01206 57996
0.012064 57996
0.012068 57996
0.012072 57996
0.012076 57996
0.01208 57996
0.012084 57996
0.012088 57996
0.012092 57996
0.012096 57996
0.0121 57996
0.012104 57996
0.012108 57996
0.012112 57996
0.012116 57996
0.01212 57996
0.012124 57996
0.012128 57996
0.012132 57996
0.012136 57996
0.01214 57996
0.012144 57996
0.012148 57996
0.012152 57996
0.012156 57996
0.01216 57996
0.012164 57996
0.012168 57996
0.012172 57996
0.012176 57996
0.01218 57996
0.012184 57996
0.012188 57996
0.012192 57996
0.012196 57996
0.0122 57996
0.012204 57996
0.012208 57996
0.012212 57996
0.012216 57996
0.01222 57996
0.012224 57996
0.012228 57996
0.012232 57996
0.012236 57996
0.01224 57996
0.012244 57996
0.012248 57996
0.012252 57996
0.012256 57996
0.01226 57996
0.012264 57996
0.012268 57996
0.012272 57996
0.012276 57996
0.01228 57996
0.012284 57996
0.012288 57996
0.012292 57996
0.012296 57996
0.0123 57996
0.012304 57996
0.012308 57996
0.012312 57996
0.012316 57996
0.01232 57996
0.012324 57996
0.012328 57996
0.012332 57996
0.012336 57996
0.01234 57996
0.012344 57996
0.012348 57996
0.012352 57996
0.012356 57996
0.01236 57996
0.012364 57996
0.012368 57996
0.012372 57996
0.012376 57996
0.01238 57996
0.012384 57996
0.012388 57996
0.012392 57996
0.012396 57996
0.0124 57996
0.012404 57996
0.012408 57996
0.012412 57996
0.012416 57996
0.01242 57996
0.012424 57996
0.012428 57996
0.012432 57996
0.012436 57996
0.01244 57996
0.012444 57996
0.012448 57996
0.012452 57996
0.012456 57996
0.01246 57996
0.012464 57996
0.012468 57996
0.012472 57996
0.012476 57996
0.01248 57996
0.012484 57996
0.012488 57996
0.012492 57996
0.012496 57996
0.0125 57996
0.012504 57996
0.012508 57996
0.012512 57996
0.012516 57996
0.01252 57996
0.012524 57996
0.012528 57996
0.012532 57996
0.012536 57996
0.01254 57996
0.012544 57996
0.012548 57996
0.012552 57996
0.012556 57996
0.01256 57996
0.012564 57996
0.012568 57996
0.012572 57996
0.012576 57996
0.01258 57996
0.012584 57996
0.012588 57996
0.012592 57996
0.012596 57996
0.0126 57996
0.012604 57996
0.012608 57996
0.012612 57996
0.012616 57996
0.01262 57996
0.012624 57996
0.012628 57996
0.012632 57996
0.012636 57996
0.01264 57996
0.012644 57996
0.012648 57996
0.012652 57996
0.012656 57996
0.01266 57996
0.012664 57996
0.012668 57996
0.012672 57996
0.012676 57996
0.01268 57996
0.012684 57996
0.012688 57996
0.012692 57996
0.012696 57996
0.0127 57996
0.012704 57996
0.012708 57996
0.012712 57996
0.012716 57996
0.01272 57996
0.012724 57996
0.012728 57996
0.012732 57996
0.012736 57996
0.01274 57996
0.012744 57996
0.012748 57996
0.012752 57996
0.012756 57996
0.01276 57996
0.012764 57996
0.012768 57996
0.012772 57996
0.012776 57996
0.01278 57996
0.012784 57996
0.012788 57996
0.012792 57996
0.012796 57996
0.0128 57996
0.012804 57996
0.012808 57996
0.012812 57996
0.012816 57996
0.01282 57996
0.012824 57996
0.012828 57996
0.012832 57996
0.012836 57996
0.01284 57996
0.012844 57996
0.012848 57996
0.012852 57996
0.012856 57996
0.01286 57996
0.012864 57996
0.012868 57996
0.012872 57996
0.012876 57996
0.01288 57996
0.012884 57996
0.012888 57996
0.012892 57996
0.012896 57996
0.0129 57996
0.012904 57996
0.012908 57996
0.012912 57996
0.012916 57996
0.01292 57996
0.012924 57996
0.012928 57996
0.012932 57996
0.012936 57996
0.01294 57996
0.012944 57996
0.012948 57996
0.012952 57996
0.012956 57996
0.01296 57996
0.012964 57996
0.012968 57996
0.012972 57996
0.012976 57996
0.01298 57996
0.012984 57996
0.012988 57996
0.012992 57996
0.012996 57996
0.013 57996
0.013004 57996
0.013008 57996
0.013012 57996
0.013016 57996
0.01302 57996
0.013024 57996
0.013028 57996
0.013032 57996
0.013036 57996
0.01304 57996
0.013044 57996
0.013048 57996
0.013052 57996
0.013056 57996
0.01306 57996
0.013064 57996
0.013068 57996
0.013072 57996
0.013076 57996
0.01308 57996
0.013084 57996
0.013088 57996
0.013092 57996
0.013096 57996
0.0131 57996
0.013104 57996
0.013108 57996
0.013112 57996
0.013116 57996
0.01312 57996
0.013124 57996
0.013128 57996
0.013132 57996
0.013136 57996
0.01314 57996
0.013144 57996
0.013148 57996
0.013152 57996
0.013156 57996
0.01316 57996
0.013164 57996
0.013168 57996
0.013172 57996
0.013176 57996
0.01318 57996
0.013184 57996
0.013188 57996
0.013192 57996
0.013196 57996
0.0132 57996
0.013204 57996
0.013208 57996
0.013212 57996
0.013216 57996
0.01322 57996
0.013224 57996
0.013228 57996
0.013232 57996
0.013236 57996
0.01324 57996
0.013244 57996
0.013248 57996
0.013252 57996
0.013256 57996
0.01326 57996
0.013264 57996
0.013268 57996
0.013272 57996
0.013276 57996
0.01328 57996
0.013284 57996
0.013288 57996
0.013292 57996
0.013296 57996
0.0133 57996
0.013304 57996
0.013308 57996
0.013312 57996
0.013316 57996
0.01332 57996
0.013324 57996
0.013328 57996
0.013332 57996
0.013336 57996
0.01334 57996
0.013344 57996
0.013348 57996
0.013352 57996
0.013356 57996
0.01336 57996
0.013364 57996
0.013368 57996
0.013372 57996
0.013376 57996
0.01338 57996
0.013384 57996
0.013388 57996
0.013392 57996
0.013396 57996
0.0134 57996
0.013404 57996
0.013408 57996
0.013412 57996
0.013416 57996
0.01342 57996
0.013424 57996
0.013428 57996
0.013432 57996
0.013436 57996
0.01344 57996
0.013444 57996
0.013448 57996
0.013452 57996
0.013456 57996
0.01346 57996
0.013464 57996
0.013468 57996
0.013472 57996
0.013476 57996
0.01348 57996
0.013484 57996
0.013488 57996
0.013492 57996
0.013496 57996
0.0135 57996
0.013504 57996
0.013508 57996
0.013512 57996
0.013516 57996
0.01352 57996
0.013524 57996
0.013528 57996
0.013532 57996
0.013536 57996
0.01354 57996
0.013544 57996
0.013548 57996
0.013552 57996
0.013556 57996
0.01356 57996
0.013564 57996
0.013568 57996
0.013572 57996
0.013576 57996
0.01358 57996
0.013584 57996
0.013588 57996
0.013592 57996
0.013596 57996
0.0136 57996
0.013604 57996
0.013608 57996
0.013612 57996
0.013616 57996
0.01362 57996
0.013624 57996
0.013628 57996
0.013632 57996
0.013636 57996
0.01364 57996
0.013644 57996
0.013648 57996
0.013652 57996
0.013656 57996
0.01366 57996
0.013664 57996
0.013668 57996
0.013672 57996
0.013676 57996
0.01368 57996
0.013684 57996
0.013688 57996
0.013692 57996
0.013696 57996
0.0137 57996
0.013704 57996
0.013708 57996
0.013712 57996
0.013716 57996
0.01372 57996
0.013724 57996
0.013728 57996
0.013732 57996
0.013736 57996
0.01374 57996
0.013744 57996
0.013748 57996
0.013752 57996
0.013756 57996
0.01376 57996
0.013764 57996
0.013768 57996
0.013772 57996
0.013776 57996
0.01378 57996
0.013784 57996
0.013788 57996
0.013792 57996
0.013796 57996
0.0138 57996
0.013804 57996
0.013808 57996
0.013812 57996
0.013816 57996
0.01382 57996
0.013824 57996
0.013828 57996
0.013832 57996
0.013836 57996
0.01384 57996
0.013844 57996
0.013848 57996
0.013852 57996
0.013856 57996
0.01386 57996
0.013864 57996
0.013868 57996
0.013872 57996
0.013876 57996
0.01388 57996
0.013884 57996
0.013888 57996
0.013892 57996
0.013896 57996
0.0139 57996
0.013904 57996
0.013908 57996
0.013912 57996
0.013916 57996
0.01392 57996
0.013924 57996
0.013928 57996
0.013932 57996
0.013936 57996
0.01394 57996
0.013944 57996
0.013948 57996
0.013952 57996
0.013956 57996
0.01396 57996
0.013964 57996
0.013968 57996
0.013972 57996
0.013976 57996
0.01398 57996
0.013984 57996
0.013988 57996
0.013992 57996
0.013996 57996
0.014 57996
1 57996
