9.4231e-06 2876
1.8846e-05 2876
2.8269e-05 2876
3.7692e-05 2876
4.7115e-05 2876
5.6538e-05 2876.1
6.5962e-05 2876.1
7.5385e-05 2876.1
8.4808e-05 2876.1
9.4231e-05 2876.1
0.00010365 2876.1
0.00011308 2876.1
0.0001225 2876.1
0.00013192 2876.2
0.00014135 2876.2
0.00015077 2876.3
0.00016019 2876.5
0.00016962 2876.7
0.00017904 2877
0.00018846 2877.4
0.00019788 2877.9
0.00020731 2878.7
0.00021673 2879.7
0.00022615 2881.1
0.00023558 2883
0.000245 2885.5
0.00025442 2888.8
0.00026385 2893
0.00027327 2898.5
0.00028269 2905.4
0.00029212 2914.2
0.00030154 2925.1
0.00031096 2938.7
0.00032038 2955.3
0.00032981 2975.5
0.00033923 2999.8
0.00034865 3028.9
0.00035808 3063.3
0.0003675 3103.6
0.00037692 3150.6
0.00038635 3204.9
0.00039577 3267.1
0.00040519 3337.8
0.00041462 3417.4
0.00042404 3506.4
0.00043346 3605.1
0.00044288 3713.5
0.00045231 3831.7
0.00046173 3959.3
0.00047115 4095.9
0.00048058 4240.5
0.00049 4392.2
0.00049942 4549.6
0.00050885 4710.9
0.00051827 4874.4
0.00052769 5038
0.00053712 5199.3
0.00054654 5356.2
0.00055596 5506.5
0.00056538 5647.9
0.00057481 5778.7
0.00058423 5897
0.00059365 6001.8
0.00060308 6091.9
0.0006125 6167
0.00062192 6226.8
0.00063135 6271.5
0.00064077 6301.7
0.00065019 6318
0.00065962 6321.5
0.00066904 6321.5
0.00067846 6321.5
0.00068788 6321.5
0.00069731 6321.5
0.00070673 6321.5
0.00071615 6321.5
0.00072558 6321.5
0.000735 6321.5
0.00074442 6321.5
0.00075385 6321.5
0.00076327 6321.5
0.00077269 6321.5
0.00078212 6321.5
0.00079154 6321.5
0.00080096 6321.5
0.00081038 6321.5
0.00081981 6321.5
0.00082923 6321.5
0.00083865 6321.5
0.00084808 6321.5
0.0008575 6321.5
0.00086692 6321.5
0.00087635 6321.5
0.00088577 6321.5
0.00089519 6321.5
0.00090462 6321.5
0.00091404 6321.5
0.00092346 6321.5
0.00093288 6321.5
0.00094231 6321.5
0.00095173 6321.5
0.00096115 6321.5
0.00097058 6321.5
0.00098 6321.5
0.00098942 6321.5
0.00099885 6321.5
0.0010083 6321.5
0.0010177 6321.5
0.0010271 6321.5
0.0010365 6321.5
0.001046 6321.5
0.0010554 6321.5
0.0010648 6321.5
0.0010742 6321.5
0.0010837 6321.5
0.0010931 6321.5
0.0011025 6321.5
0.0011119 6321.5
0.0011213 6321.5
0.0011308 6321.5
0.0011402 6321.5
0.0011496 6321.5
0.001159 6321.5
0.0011685 6321.5
0.0011779 6321.5
0.0011873 6321.5
0.0011967 6321.5
0.0012062 6321.5
0.0012156 6321.5
0.001225 6321.5
0.0012344 6321.5
0.0012438 6321.5
0.0012533 6321.5
0.0012627 6321.5
0.0012721 6321.5
0.0012815 6321.5
0.001291 6321.5
0.0013004 6321.5
0.0013098 6321.5
0.0013192 6321.5
0.0013287 6321.5
0.0013381 6321.5
0.0013475 6321.5
0.0013569 6321.5
0.0013663 6321.5
0.0013758 6321.5
0.0013852 6321.5
0.0013946 6321.5
0.001404 6321.5
0.0014135 6321.5
0.0014229 6321.5
0.0014323 6313.2
0.0014417 6294.3
0.0014512 6266
0.0014606 6229.5
0.00147 6185.9
0.0014794 6136.3
0.0014888 6081.5
0.0014983 6022.6
0.0015077 5960.3
0.0015171 5895.2
0.0015265 5828
0.001536 5759.1
0.0015454 5689
0.0015548 5618.1
0.0015642 5546.7
0.0015737 5475
0.0015831 5403.2
0.0015925 5331.7
0.0016019 5260.5
0.0016113 5189.7
0.0016208 5119.6
0.0016302 5050.2
0.0016396 4981.7
0.001649 4914
0.0016585 4847.3
0.0016679 4781.7
0.0016773 4717.2
0.0016867 4653.9
0.0016962 4591.7
0.0017056 4530.9
0.001715 4471.3
0.0017244 4413
0.0017338 4356
0.0017433 4300.5
0.0017527 4246.2
0.0017621 4193.4
0.0017715 4141.9
0.001781 4091.9
0.0017904 4043.2
0.0017998 3995.9
0.0018092 3950
0.0018187 3905.5
0.0018281 3862.3
0.0018375 3820.5
0.0018469 3780
0.0018563 3740.8
0.0018658 3702.9
0.0018752 3666.3
0.0018846 3631
0.001894 3596.8
0.0019035 3563.9
0.0019129 3532.2
0.0019223 3501.6
0.0019317 3472.2
0.0019412 3443.9
0.0019506 3416.6
0.00196 3390.4
0.0019694 3365.3
0.0019788 3341.1
0.0019883 3318
0.0019977 3295.7
0.0020071 3274.4
0.0020165 3254
0.002026 3234.5
0.0020354 3215.7
0.0020448 3197.9
0.0020542 3180.7
0.0020637 3164.4
0.0020731 3148.8
0.0020825 3133.9
0.0020919 3119.7
0.0021013 3106.1
0.0021108 3093.2
0.0021202 3080.9
0.0021296 3069.2
0.002139 3058.1
0.0021485 3047.5
0.0021579 3037.5
0.0021673 3027.9
0.0021767 3018.9
0.0021862 3010.3
0.0021956 3002.2
0.002205 2994.4
0.0022144 2987.1
0.0022238 2980.2
0.0022333 2973.7
0.0022427 2967.5
0.0022521 2961.7
0.0022615 2956.2
0.002271 2951
0.0022804 2946.1
0.0022898 2941.5
0.0022992 2937.1
0.0023087 2933
0.0023181 2929.2
0.0023275 2925.6
0.0023369 2922.2
0.0023463 2919
0.0023558 2916
0.0023652 2913.2
0.0023746 2910.5
0.002384 2908.1
0.0023935 2905.8
0.0024029 2903.6
0.0024123 2901.6
0.0024217 2899.7
0.0024312 2898
0.0024406 2896.3
0.00245 2894.8
0.0024594 2893.4
0.0024688 2892.1
0.0024783 2890.8
0.0024877 2889.7
0.0024971 2888.6
0.0025065 2887.6
0.002516 2886.7
0.0025254 2885.9
0.0025348 2885.1
0.0025442 2884.3
0.0025537 2883.7
0.0025631 2883
0.0025725 2882.5
0.0025819 2881.9
0.0025913 2881.4
0.0026008 2881
0.0026102 2880.6
0.0026196 2880.2
0.002629 2879.8
0.0026385 2879.5
0.0026479 2879.2
0.0026573 2878.9
0.0026667 2878.7
0.0026762 2878.4
0.0026856 2878.2
0.002695 2878
0.0027044 2877.9
0.0027138 2877.7
0.0027233 2877.5
0.0027327 2877.4
0.0027421 2877.3
0.0027515 2877.2
0.002761 2877.1
0.0027704 2877
0.0027798 2876.9
0.0027892 2876.8
0.0027987 2876.7
0.0028081 2876.7
0.0028175 2876.6
0.0028269 2876.5
0.0028363 2876.5
0.0028458 2876.5
0.0028552 2876.4
0.0028646 2876.4
0.002874 2876.3
0.0028835 2876.3
0.0028929 2876.3
0.0029023 2876.3
0.0029117 2876.2
0.0029212 2876.2
0.0029306 2876.2
0.00294 2876.2
0.0029494 2876.2
0.0029588 2876.2
0.0029683 2876.1
0.0029777 2876.1
0.0029871 2876.1
0.0029965 2876.1
0.003006 2876.1
0.0030154 2876.1
0.0030248 2876.1
0.0030342 2876.1
0.0030437 2876.1
0.0030531 2876.1
0.0030625 2876.1
0.0030719 2876.1
0.0030813 2876.1
0.0030908 2876.1
0.0031002 2876.1
0.0031096 2876.1
0.003119 2876.1
0.0031285 2876.1
0.0031379 2876.1
0.0031473 2876.1
0.0031567 2876.1
0.0031662 2876.1
0.0031756 2876.1
0.003185 2876.1
0.0031944 2876.1
0.0032038 2876.1
0.0032133 2876.1
0.0032227 2876.1
0.0032321 2876.1
0.0032415 2876.1
0.003251 2876.1
0.0032604 2876
0.0032698 2876
0.0032792 2876
0.0032887 2876
0.0032981 2876
0.0033075 2876
0.0033169 2876
0.0033263 2876
0.0033358 2876
0.0033452 2876
0.0033546 2876
0.003364 2876
0.0033735 2876
0.0033829 2876
0.0033923 2876
0.0034017 2876
0.0034112 2876
0.0034206 2876
0.00343 2876
0.0034394 2876
0.0034488 2876
0.0034583 2876
0.0034677 2876
0.0034771 2876
0.0034865 2876
0.003496 2876
0.0035054 2876
0.0035148 2876
0.0035242 2876
0.0035337 2876
0.0035431 2876
0.0035525 2876
0.0035619 2876
0.0035713 2876
0.0035808 2876
0.0035902 2876
0.0035996 2876
0.003609 2876
0.0036185 2876
0.0036279 2876
0.0036373 2876
0.0036467 2876
0.0036562 2876
0.0036656 2876
0.003675 2876
0.0036844 2876
0.0036938 2876
0.0037033 2876
0.0037127 2876
0.0037221 2876
0.0037315 2876
0.003741 2876
0.0037504 2876
0.0037598 2876
0.0037692 2876
0.0037787 2876
0.0037881 2876
0.0037975 2876
0.0038069 2876
0.0038163 2876
0.0038258 2876
0.0038352 2876
0.0038446 2876
0.003854 2876
0.0038635 2876
0.0038729 2876
0.0038823 2876
0.0038917 2876
0.0039012 2876
0.0039106 2876
0.00392 2876
0.0039294 2876
0.0039388 2876
0.0039483 2876
0.0039577 2876
0.0039671 2876
0.0039765 2876
0.003986 2876
0.0039954 2876
0.0040048 2876
0.0040142 2876
0.0040237 2876
0.0040331 2876
0.0040425 2876
0.0040519 2876
0.0040613 2876
0.00501 3097
1 3097
