9.4231e-06 2.4011e+05
1.8846e-05 2.4011e+05
2.8269e-05 2.4011e+05
3.7692e-05 2.4011e+05
4.7115e-05 2.4011e+05
5.6538e-05 2.4011e+05
6.5962e-05 2.4011e+05
7.5385e-05 2.4011e+05
8.4808e-05 2.4011e+05
9.4231e-05 2.4011e+05
0.00010365 2.401e+05
0.00011308 2.401e+05
0.0001225 2.401e+05
0.00013192 2.401e+05
0.00014135 2.4009e+05
0.00015077 2.4008e+05
0.00016019 2.4007e+05
0.00016962 2.4005e+05
0.00017904 2.4003e+05
0.00018846 2.4e+05
0.00019788 2.3995e+05
0.00020731 2.3989e+05
0.00021673 2.398e+05
0.00022615 2.3968e+05
0.00023558 2.3953e+05
0.000245 2.3932e+05
0.00025442 2.3905e+05
0.00026385 2.387e+05
0.00027327 2.3825e+05
0.00028269 2.3768e+05
0.00029212 2.3697e+05
0.00030154 2.3608e+05
0.00031096 2.3499e+05
0.00032038 2.3367e+05
0.00032981 2.3208e+05
0.00033923 2.302e+05
0.00034865 2.2799e+05
0.00035808 2.2543e+05
0.0003675 2.225e+05
0.00037692 2.1918e+05
0.00038635 2.1547e+05
0.00039577 2.1137e+05
0.00040519 2.0689e+05
0.00041462 2.0207e+05
0.00042404 1.9694e+05
0.00043346 1.9155e+05
0.00044288 1.8596e+05
0.00045231 1.8022e+05
0.00046173 1.7441e+05
0.00047115 1.686e+05
0.00048058 1.6285e+05
0.00049 1.5722e+05
0.00049942 1.5179e+05
0.00050885 1.4659e+05
0.00051827 1.4167e+05
0.00052769 1.3707e+05
0.00053712 1.3282e+05
0.00054654 1.2893e+05
0.00055596 1.2541e+05
0.00056538 1.2227e+05
0.00057481 1.195e+05
0.00058423 1.171e+05
0.00059365 1.1506e+05
0.00060308 1.1336e+05
0.0006125 1.1198e+05
0.00062192 1.109e+05
0.00063135 1.1011e+05
0.00064077 1.0958e+05
0.00065019 1.093e+05
0.00065962 1.0924e+05
0.00066904 1.0924e+05
0.00067846 1.0924e+05
0.00068788 1.0924e+05
0.00069731 1.0924e+05
0.00070673 1.0924e+05
0.00071615 1.0924e+05
0.00072558 1.0924e+05
0.000735 1.0924e+05
0.00074442 1.0924e+05
0.00075385 1.0924e+05
0.00076327 1.0924e+05
0.00077269 1.0924e+05
0.00078212 1.0924e+05
0.00079154 1.0924e+05
0.00080096 1.0924e+05
0.00081038 1.0924e+05
0.00081981 1.0924e+05
0.00082923 1.0924e+05
0.00083865 1.0924e+05
0.00084808 1.0924e+05
0.0008575 1.0924e+05
0.00086692 1.0924e+05
0.00087635 1.0924e+05
0.00088577 1.0924e+05
0.00089519 1.0924e+05
0.00090462 1.0924e+05
0.00091404 1.0924e+05
0.00092346 1.0924e+05
0.00093288 1.0924e+05
0.00094231 1.0924e+05
0.00095173 1.0924e+05
0.00096115 1.0924e+05
0.00097058 1.0924e+05
0.00098 1.0924e+05
0.00098942 1.0924e+05
0.00099885 1.0924e+05
0.0010083 1.0924e+05
0.0010177 1.0924e+05
0.0010271 1.0924e+05
0.0010365 1.0924e+05
0.001046 1.0924e+05
0.0010554 1.0924e+05
0.0010648 1.0924e+05
0.0010742 1.0924e+05
0.0010837 1.0924e+05
0.0010931 1.0924e+05
0.0011025 1.0924e+05
0.0011119 1.0924e+05
0.0011213 1.0924e+05
0.0011308 1.0924e+05
0.0011402 1.0924e+05
0.0011496 1.0924e+05
0.001159 1.0924e+05
0.0011685 1.0924e+05
0.0011779 1.0924e+05
0.0011873 1.0924e+05
0.0011967 1.0924e+05
0.0012062 1.0924e+05
0.0012156 1.0924e+05
0.001225 1.0924e+05
0.0012344 1.0924e+05
0.0012438 1.0924e+05
0.0012533 1.0924e+05
0.0012627 1.0924e+05
0.0012721 1.0924e+05
0.0012815 1.0924e+05
0.001291 1.0924e+05
0.0013004 1.0924e+05
0.0013098 1.0924e+05
0.0013192 1.0924e+05
0.0013287 1.0924e+05
0.0013381 1.0924e+05
0.0013475 1.0924e+05
0.0013569 1.0924e+05
0.0013663 1.0924e+05
0.0013758 1.0924e+05
0.0013852 1.0924e+05
0.0013946 1.0924e+05
0.001404 1.0924e+05
0.0014135 1.0924e+05
0.0014229 1.0924e+05
0.0014323 1.0938e+05
0.0014417 1.0971e+05
0.0014512 1.1021e+05
0.0014606 1.1085e+05
0.00147 1.1163e+05
0.0014794 1.1254e+05
0.0014888 1.1355e+05
0.0014983 1.1466e+05
0.0015077 1.1586e+05
0.0015171 1.1714e+05
0.0015265 1.1849e+05
0.001536 1.1991e+05
0.0015454 1.2138e+05
0.0015548 1.2292e+05
0.0015642 1.245e+05
0.0015737 1.2613e+05
0.0015831 1.278e+05
0.0015925 1.2952e+05
0.0016019 1.3127e+05
0.0016113 1.3306e+05
0.0016208 1.3488e+05
0.0016302 1.3674e+05
0.0016396 1.3862e+05
0.001649 1.4053e+05
0.0016585 1.4246e+05
0.0016679 1.4442e+05
0.0016773 1.4639e+05
0.0016867 1.4838e+05
0.0016962 1.5039e+05
0.0017056 1.5241e+05
0.001715 1.5444e+05
0.0017244 1.5648e+05
0.0017338 1.5853e+05
0.0017433 1.6058e+05
0.0017527 1.6263e+05
0.0017621 1.6468e+05
0.0017715 1.6672e+05
0.001781 1.6876e+05
0.0017904 1.708e+05
0.0017998 1.7282e+05
0.0018092 1.7482e+05
0.0018187 1.7682e+05
0.0018281 1.7879e+05
0.0018375 1.8075e+05
0.0018469 1.8269e+05
0.0018563 1.846e+05
0.0018658 1.8649e+05
0.0018752 1.8835e+05
0.0018846 1.9019e+05
0.001894 1.9199e+05
0.0019035 1.9376e+05
0.0019129 1.955e+05
0.0019223 1.9721e+05
0.0019317 1.9888e+05
0.0019412 2.0052e+05
0.0019506 2.0212e+05
0.00196 2.0368e+05
0.0019694 2.052e+05
0.0019788 2.0668e+05
0.0019883 2.0813e+05
0.0019977 2.0953e+05
0.0020071 2.109e+05
0.0020165 2.1222e+05
0.002026 2.135e+05
0.0020354 2.1474e+05
0.0020448 2.1595e+05
0.0020542 2.1711e+05
0.0020637 2.1823e+05
0.0020731 2.1931e+05
0.0020825 2.2035e+05
0.0020919 2.2136e+05
0.0021013 2.2232e+05
0.0021108 2.2325e+05
0.0021202 2.2414e+05
0.0021296 2.2499e+05
0.002139 2.2581e+05
0.0021485 2.266e+05
0.0021579 2.2735e+05
0.0021673 2.2806e+05
0.0021767 2.2875e+05
0.0021862 2.294e+05
0.0021956 2.3002e+05
0.002205 2.3061e+05
0.0022144 2.3118e+05
0.0022238 2.3171e+05
0.0022333 2.3222e+05
0.0022427 2.3271e+05
0.0022521 2.3316e+05
0.0022615 2.336e+05
0.002271 2.3401e+05
0.0022804 2.344e+05
0.0022898 2.3477e+05
0.0022992 2.3511e+05
0.0023087 2.3544e+05
0.0023181 2.3575e+05
0.0023275 2.3604e+05
0.0023369 2.3632e+05
0.0023463 2.3658e+05
0.0023558 2.3682e+05
0.0023652 2.3705e+05
0.0023746 2.3726e+05
0.002384 2.3746e+05
0.0023935 2.3765e+05
0.0024029 2.3783e+05
0.0024123 2.3799e+05
0.0024217 2.3815e+05
0.0024312 2.3829e+05
0.0024406 2.3843e+05
0.00245 2.3855e+05
0.0024594 2.3867e+05
0.0024688 2.3878e+05
0.0024783 2.3888e+05
0.0024877 2.3897e+05
0.0024971 2.3906e+05
0.0025065 2.3914e+05
0.002516 2.3922e+05
0.0025254 2.3929e+05
0.0025348 2.3936e+05
0.0025442 2.3942e+05
0.0025537 2.3947e+05
0.0025631 2.3952e+05
0.0025725 2.3957e+05
0.0025819 2.3962e+05
0.0025913 2.3966e+05
0.0026008 2.397e+05
0.0026102 2.3973e+05
0.0026196 2.3976e+05
0.002629 2.3979e+05
0.0026385 2.3982e+05
0.0026479 2.3984e+05
0.0026573 2.3987e+05
0.0026667 2.3989e+05
0.0026762 2.3991e+05
0.0026856 2.3993e+05
0.002695 2.3994e+05
0.0027044 2.3996e+05
0.0027138 2.3997e+05
0.0027233 2.3998e+05
0.0027327 2.3999e+05
0.0027421 2.4e+05
0.0027515 2.4001e+05
0.002761 2.4002e+05
0.0027704 2.4003e+05
0.0027798 2.4004e+05
0.0027892 2.4004e+05
0.0027987 2.4005e+05
0.0028081 2.4006e+05
0.0028175 2.4006e+05
0.0028269 2.4007e+05
0.0028363 2.4007e+05
0.0028458 2.4007e+05
0.0028552 2.4008e+05
0.0028646 2.4008e+05
0.002874 2.4008e+05
0.0028835 2.4009e+05
0.0028929 2.4009e+05
0.0029023 2.4009e+05
0.0029117 2.4009e+05
0.0029212 2.4009e+05
0.0029306 2.4009e+05
0.00294 2.401e+05
0.0029494 2.401e+05
0.0029588 2.401e+05
0.0029683 2.401e+05
0.0029777 2.401e+05
0.0029871 2.401e+05
0.0029965 2.401e+05
0.003006 2.401e+05
0.0030154 2.401e+05
0.0030248 2.401e+05
0.0030342 2.401e+05
0.0030437 2.401e+05
0.0030531 2.401e+05
0.0030625 2.401e+05
0.0030719 2.401e+05
0.0030813 2.4011e+05
0.0030908 2.4011e+05
0.0031002 2.4011e+05
0.0031096 2.4011e+05
0.003119 2.4011e+05
0.0031285 2.4011e+05
0.0031379 2.4011e+05
0.0031473 2.4011e+05
0.0031567 2.4011e+05
0.0031662 2.4011e+05
0.0031756 2.4011e+05
0.003185 2.4011e+05
0.0031944 2.4011e+05
0.0032038 2.4011e+05
0.0032133 2.4011e+05
0.0032227 2.4011e+05
0.0032321 2.4011e+05
0.0032415 2.4011e+05
0.003251 2.4011e+05
0.0032604 2.4011e+05
0.0032698 2.4011e+05
0.0032792 2.4011e+05
0.0032887 2.4011e+05
0.0032981 2.4011e+05
0.0033075 2.4011e+05
0.0033169 2.4011e+05
0.0033263 2.4011e+05
0.0033358 2.4011e+05
0.0033452 2.4011e+05
0.0033546 2.4011e+05
0.003364 2.4011e+05
0.0033735 2.4011e+05
0.0033829 2.4011e+05
0.0033923 2.4011e+05
0.0034017 2.4011e+05
0.0034112 2.4011e+05
0.0034206 2.4011e+05
0.00343 2.4011e+05
0.0034394 2.4011e+05
0.0034488 2.4011e+05
0.0034583 2.4011e+05
0.0034677 2.4011e+05
0.0034771 2.4011e+05
0.0034865 2.4011e+05
0.003496 2.4011e+05
0.0035054 2.4011e+05
0.0035148 2.4011e+05
0.0035242 2.4011e+05
0.0035337 2.4011e+05
0.0035431 2.4011e+05
0.0035525 2.4011e+05
0.0035619 2.4011e+05
0.0035713 2.4011e+05
0.0035808 2.4011e+05
0.0035902 2.4011e+05
0.0035996 2.4011e+05
0.003609 2.4011e+05
0.0036185 2.4011e+05
0.0036279 2.4011e+05
0.0036373 2.4011e+05
0.0036467 2.4011e+05
0.0036562 2.4011e+05
0.0036656 2.4011e+05
0.003675 2.4011e+05
0.0036844 2.4011e+05
0.0036938 2.4011e+05
0.0037033 2.4011e+05
0.0037127 2.4011e+05
0.0037221 2.4011e+05
0.0037315 2.4011e+05
0.003741 2.4011e+05
0.0037504 2.4011e+05
0.0037598 2.4011e+05
0.0037692 2.4011e+05
0.0037787 2.4011e+05
0.0037881 2.4011e+05
0.0037975 2.4011e+05
0.0038069 2.4011e+05
0.0038163 2.4011e+05
0.0038258 2.4011e+05
0.0038352 2.4011e+05
0.0038446 2.4011e+05
0.003854 2.4011e+05
0.0038635 2.4011e+05
0.0038729 2.4011e+05
0.0038823 2.4011e+05
0.0038917 2.4011e+05
0.0039012 2.4011e+05
0.0039106 2.4011e+05
0.00392 2.4011e+05
0.0039294 2.4011e+05
0.0039388 2.4011e+05
0.0039483 2.4011e+05
0.0039577 2.4011e+05
0.0039671 2.4011e+05
0.0039765 2.4011e+05
0.003986 2.4011e+05
0.0039954 2.4011e+05
0.0040048 2.4011e+05
0.0040142 2.4011e+05
0.0040237 2.4011e+05
0.0040331 2.4011e+05
0.0040425 2.4011e+05
0.0040519 2.4011e+05
0.0040613 2.4011e+05
0.00501 2.2297e+05
1 2.2297e+05
