8e-06 57.449
1.6e-05 57.449
2.4e-05 57.449
3.2e-05 57.449
4e-05 57.449
4.8e-05 57.449
5.6e-05 57.449
6.4e-05 57.45
7.2e-05 57.45
8e-05 57.451
8.8e-05 57.453
9.6e-05 57.455
0.000104 57.459
0.000112 57.464
0.00012 57.471
0.000128 57.482
0.000136 57.499
0.000144 57.522
0.000152 57.555
0.00016 57.601
0.000168 57.665
0.000176 57.754
0.000184 57.876
0.000192 58.04
0.0002 58.26
0.000208 58.553
0.000216 58.938
0.000224 59.442
0.000232 60.095
0.00024 60.934
0.000248 62.007
0.000256 63.369
0.000264 65.09
0.000272 67.252
0.00028 69.961
0.000288 73.342
0.000296 77.557
0.000304 82.804
0.000312 89.336
0.00032 97.472
0.000328 107.62
0.000336 120.3
0.000344 136.19
0.000352 156.14
0.00036 181.23
0.000368 212.86
0.000376 252.77
0.000384 303.11
0.000392 366.52
0.0004 446.13
0.000408 545.58
0.000416 668.88
0.000424 820.3
0.000432 1004
0.00044 1223.6
0.000448 1481.5
0.000456 1778.7
0.000464 2113.3
0.000472 2480.9
0.00048 2873.8
0.000488 3281.5
0.000496 3690.9
0.000504 4087.5
0.000512 4456.6
0.00052 4784.5
0.000528 5059.8
0.000536 5274.1
0.000544 5422.8
0.000552 5504.9
0.00056 5522.5
0.000568 5480.7
0.000576 5386.3
0.000584 5247.5
0.000592 5072.7
0.0006 4870.2
0.000608 4647.9
0.000616 4412.7
0.000624 4170.5
0.000632 3926.4
0.00064 3684.3
0.000648 3447.3
0.000656 3217.7
0.000664 2997.2
0.000672 2787
0.00068 2587.7
0.000688 2399.7
0.000696 2223.1
0.000704 2057.7
0.000712 1903.4
0.00072 1759.7
0.000728 1626.3
0.000736 1502.6
0.000744 1388.1
0.000752 1282.3
0.00076 1184.7
0.000768 1094.7
0.000776 1011.8
0.000784 935.51
0.000792 865.38
0.0008 800.95
0.000808 741.77
0.000816 687.44
0.000824 637.58
0.000832 591.83
0.00084 549.86
0.000848 511.35
0.000856 476.03
0.000864 443.63
0.000872 413.9
0.00088 386.61
0.000888 361.56
0.000896 338.56
0.000904 317.43
0.000912 298.01
0.00092 280.15
0.000928 263.73
0.000936 248.62
0.000944 234.7
0.000952 221.88
0.00096 210.06
0.000968 199.16
0.000976 189.1
0.000984 179.81
0.000992 171.22
0.001 163.28
0.001008 155.93
0.001016 149.13
0.001024 142.83
0.001032 136.99
0.00104 131.57
0.001048 126.54
0.001056 121.87
0.001064 117.53
0.001072 113.5
0.00108 109.74
0.001088 106.25
0.001096 103
0.001104 99.964
0.001112 97.139
0.00112 94.505
0.001128 92.048
0.001136 89.755
0.001144 87.614
0.001152 85.615
0.00116 83.748
0.001168 82.003
0.001176 80.372
0.001184 78.848
0.001192 77.422
0.0012 76.09
0.001208 74.843
0.001216 73.677
0.001224 72.586
0.001232 71.566
0.00124 70.611
0.001248 69.718
0.001256 68.883
0.001264 68.101
0.001272 67.37
0.00128 66.686
0.001288 66.047
0.001296 65.449
0.001304 64.891
0.001312 64.368
0.00132 63.88
0.001328 63.424
0.001336 62.998
0.001344 62.601
0.001352 62.23
0.00136 61.883
0.001368 61.56
0.001376 61.259
0.001384 60.978
0.001392 60.717
0.0014 60.473
0.001408 60.246
0.001416 60.035
0.001424 59.839
0.001432 59.656
0.00144 59.486
0.001448 59.329
0.001456 59.182
0.001464 59.046
0.001472 58.92
0.00148 58.804
0.001488 58.695
0.001496 58.595
0.001504 58.503
0.001512 58.417
0.00152 58.337
0.001528 58.264
0.001536 58.197
0.001544 58.134
0.001552 58.077
0.00156 58.023
0.001568 57.975
0.001576 57.93
0.001584 57.888
0.001592 57.85
0.0016 57.815
0.001608 57.783
0.001616 57.753
0.001624 57.726
0.001632 57.701
0.00164 57.679
0.001648 57.658
0.001656 57.639
0.001664 57.621
0.001672 57.605
0.00168 57.591
0.001688 57.578
0.001696 57.566
0.001704 57.555
0.001712 57.544
0.00172 57.535
0.001728 57.527
0.001736 57.519
0.001744 57.513
0.001752 57.506
0.00176 57.501
0.001768 57.496
0.001776 57.491
0.001784 57.487
0.001792 57.483
0.0018 57.479
0.001808 57.476
0.001816 57.473
0.001824 57.471
0.001832 57.469
0.00184 57.467
0.001848 57.465
0.001856 57.463
0.001864 57.462
0.001872 57.46
0.00188 57.459
0.001888 57.458
0.001896 57.457
0.001904 57.456
0.001912 57.455
0.00192 57.454
0.001928 57.454
0.001936 57.453
0.001944 57.453
0.001952 57.452
0.00196 57.452
0.001968 57.452
0.001976 57.451
0.001984 57.451
0.001992 57.451
0.002 57.45
0.002008 57.45
0.002016 57.45
0.002024 57.45
0.002032 57.45
0.00204 57.45
0.002048 57.45
0.002056 57.449
0.002064 57.449
0.002072 57.449
0.00208 57.449
0.002088 57.449
0.002096 57.449
0.002104 57.449
0.002112 57.449
0.00212 57.449
0.002128 57.449
0.002136 57.449
0.002144 57.449
0.002152 57.449
0.00216 57.449
0.002168 57.449
0.002176 57.449
0.002184 57.449
0.002192 57.449
0.0022 57.449
0.002208 57.449
0.002216 57.449
0.002224 57.449
0.002232 57.449
0.00224 57.449
0.002248 57.449
0.002256 57.449
0.002264 57.449
0.002272 57.449
0.00228 57.449
0.002288 57.449
0.002296 57.449
0.002304 57.449
0.002312 57.449
0.00232 57.449
0.002328 57.449
0.002336 57.449
0.002344 57.449
0.002352 57.449
0.00236 57.449
0.002368 57.449
0.002376 57.449
0.002384 57.449
0.002392 57.449
0.0024 57.449
0.002408 57.449
0.002416 57.449
0.002424 57.449
0.002432 57.449
0.00244 57.449
0.002448 57.449
0.002456 57.449
0.002464 57.449
0.002472 57.449
0.00248 57.449
0.002488 57.449
0.002496 57.449
0.002504 57.449
0.002512 57.449
0.00252 57.449
0.002528 57.449
0.002536 57.449
0.002544 57.449
0.002552 57.449
0.00256 57.449
0.002568 57.449
0.002576 57.449
0.002584 57.449
0.002592 57.449
0.0026 57.449
0.002608 57.449
0.002616 57.449
0.002624 57.449
0.002632 57.449
0.00264 57.449
0.002648 57.449
0.002656 57.449
0.002664 57.449
0.002672 57.449
0.00268 57.449
0.002688 57.449
0.002696 57.449
0.002704 57.449
0.002712 57.449
0.00272 57.449
0.002728 57.449
0.002736 57.449
0.002744 57.449
0.002752 57.449
0.00276 57.449
0.002768 57.449
0.002776 57.449
0.002784 57.449
0.002792 57.449
0.0028 57.449
0.002808 57.449
0.002816 57.449
0.002824 57.449
0.002832 57.449
0.00284 57.449
0.002848 57.449
0.002856 57.449
0.002864 57.449
0.002872 57.449
0.00288 57.449
0.002888 57.449
0.002896 57.449
0.002904 57.449
0.002912 57.449
0.00292 57.449
0.002928 57.449
0.002936 57.449
0.002944 57.449
0.002952 57.449
0.00296 57.449
0.002968 57.449
0.002976 57.449
0.002984 57.449
0.002992 57.449
0.003 57.449
0.003008 57.449
0.003016 57.449
0.003024 57.449
0.003032 57.449
0.00304 57.449
0.003048 57.449
0.003056 57.449
0.003064 57.449
0.003072 57.449
0.00308 57.449
0.003088 57.449
0.003096 57.449
0.003104 57.449
0.003112 57.449
0.00312 57.449
0.003128 57.449
0.003136 57.449
0.003144 57.449
0.003152 57.449
0.00316 57.449
0.003168 57.449
0.003176 57.449
0.003184 57.449
0.003192 57.449
0.0032 57.449
0.003208 57.449
0.003216 57.449
0.003224 57.449
0.003232 57.449
0.00324 57.449
0.003248 57.449
0.003256 57.449
0.003264 57.449
0.003272 57.449
0.00328 57.449
0.003288 57.449
0.003296 57.449
0.003304 57.449
0.003312 57.449
0.00332 57.449
0.003328 57.449
0.003336 57.449
0.003344 57.449
0.003352 57.449
0.00336 57.449
0.003368 57.449
0.003376 57.449
0.003384 57.449
0.003392 57.449
0.0034 57.449
0.003408 57.449
0.003416 57.449
0.003424 57.449
0.003432 57.449
0.00344 57.449
0.003448 57.449
0.003456 57.449
0.003464 57.449
0.003472 57.449
0.00348 57.449
0.003488 57.449
0.003496 57.449
0.003504 57.449
0.003512 57.449
0.00352 57.449
0.003528 57.449
0.003536 57.449
0.003544 57.449
0.003552 57.449
0.00356 57.449
0.003568 57.449
0.003576 57.449
0.003584 57.449
0.003592 57.449
0.0036 57.449
0.003608 57.449
0.003616 57.449
0.003624 57.449
0.003632 57.449
0.00364 57.449
0.003648 57.449
0.003656 57.449
0.003664 57.449
0.003672 57.449
0.00368 57.449
0.003688 57.449
0.003696 57.449
0.003704 57.449
0.003712 57.449
0.00372 57.449
0.003728 57.449
0.003736 57.449
0.003744 57.449
0.003752 57.449
0.00376 57.449
0.003768 57.449
0.003776 57.449
0.003784 57.449
0.003792 57.449
0.0038 57.449
0.003808 57.449
0.003816 57.449
0.003824 57.449
0.003832 57.449
0.00384 57.449
0.003848 57.449
0.003856 57.449
0.003864 57.449
0.003872 57.449
0.00388 57.449
0.003888 57.449
0.003896 57.449
0.003904 57.449
0.003912 57.449
0.00392 57.449
0.003928 57.449
0.003936 57.449
0.003944 57.449
0.003952 57.449
0.00396 57.449
0.003968 57.449
0.003976 57.449
0.003984 57.449
0.003992 57.449
0.004 57.449
0.004008 57.449
0.004016 57.449
0.004024 57.449
0.004032 57.449
0.00404 57.449
0.004048 57.449
0.004056 57.449
0.004064 57.449
0.004072 57.449
0.00408 57.449
0.004088 57.449
0.004096 57.449
0.004104 57.449
0.004112 57.449
0.00412 57.449
0.004128 57.449
0.004136 57.449
0.004144 57.449
0.004152 57.449
0.00416 57.449
0.004168 57.449
0.004176 57.449
0.004184 57.449
0.004192 57.449
0.0042 57.449
0.004208 57.449
0.004216 57.449
0.004224 57.449
0.004232 57.449
0.00424 57.449
0.004248 57.449
0.004256 57.449
0.004264 57.449
0.004272 57.449
0.00428 57.449
0.004288 57.449
0.004296 57.449
0.004304 57.449
0.004312 57.449
0.00432 57.449
0.004328 57.449
0.004336 57.449
0.004344 57.449
0.004352 57.449
0.00436 57.449
0.004368 57.449
0.004376 57.449
0.004384 57.449
0.004392 57.449
0.0044 57.449
0.004408 57.449
0.004416 57.449
0.004424 57.449
0.004432 57.449
0.00444 57.449
0.004448 57.449
0.004456 57.449
0.004464 57.449
0.004472 57.449
0.00448 57.449
0.004488 57.449
0.004496 57.449
0.004504 57.449
0.004512 57.449
0.00452 57.449
0.004528 57.449
0.004536 57.449
0.004544 57.449
0.004552 57.449
0.00456 57.449
0.004568 57.449
0.004576 57.449
0.004584 57.449
0.004592 57.449
0.0046 57.449
0.004608 57.449
0.004616 57.449
0.004624 57.449
0.004632 57.449
0.00464 57.449
0.004648 57.449
0.004656 57.449
0.004664 57.449
0.004672 57.449
0.00468 57.449
0.004688 57.449
0.004696 57.449
0.004704 57.449
0.004712 57.449
0.00472 57.449
0.004728 57.449
0.004736 57.449
0.004744 57.449
0.004752 57.449
0.00476 57.449
0.004768 57.449
0.004776 57.449
0.004784 57.449
0.004792 57.449
0.0048 57.449
0.004808 57.449
0.004816 57.449
0.004824 57.449
0.004832 57.449
0.00484 57.449
0.004848 57.449
0.004856 57.449
0.004864 57.449
0.004872 57.449
0.00488 57.449
0.004888 57.449
0.004896 57.449
0.004904 57.449
0.004912 57.449
0.00492 57.449
0.004928 57.449
0.004936 57.449
0.004944 57.449
0.004952 57.449
0.00496 57.449
0.004968 57.449
0.004976 57.449
0.004984 57.449
0.004992 57.449
0.005 57.449
0.005008 57.449
0.005016 57.449
0.005024 57.449
0.005032 57.449
0.00504 57.449
0.005048 57.449
0.005056 57.449
0.005064 57.449
0.005072 57.449
0.00508 57.449
0.005088 57.449
0.005096 57.449
0.005104 57.449
0.005112 57.449
0.00512 57.449
0.005128 57.449
0.005136 57.449
0.005144 57.449
0.005152 57.449
0.00516 57.449
0.005168 57.449
0.005176 57.449
0.005184 57.449
0.005192 57.449
0.0052 57.449
0.005208 57.449
0.005216 57.449
0.005224 57.449
0.005232 57.449
0.00524 57.449
0.005248 57.449
0.005256 57.449
0.005264 57.449
0.005272 57.449
0.00528 57.449
0.005288 57.449
0.005296 57.449
0.005304 57.449
0.005312 57.449
0.00532 57.449
0.005328 57.449
0.005336 57.449
0.005344 57.449
0.005352 57.449
0.00536 57.449
0.005368 57.449
0.005376 57.449
0.005384 57.449
0.005392 57.449
0.0054 57.449
0.005408 57.449
0.005416 57.449
0.005424 57.449
0.005432 57.449
0.00544 57.449
0.005448 57.449
0.005456 57.449
0.005464 57.449
0.005472 57.449
0.00548 57.449
0.005488 57.449
0.005496 57.449
0.005504 57.449
0.005512 57.449
0.00552 57.449
0.005528 57.449
0.005536 57.449
0.005544 57.449
0.005552 57.449
0.00556 57.449
0.005568 57.449
0.005576 57.449
0.005584 57.449
0.005592 57.449
0.0056 57.449
0.005608 57.449
0.005616 57.449
0.005624 57.449
0.005632 57.449
0.00564 57.449
0.005648 57.449
0.005656 57.449
0.005664 57.449
0.005672 57.449
0.00568 57.449
0.005688 57.449
0.005696 57.449
0.005704 57.449
0.005712 57.449
0.00572 57.449
0.005728 57.449
0.005736 57.449
0.005744 57.449
0.005752 57.449
0.00576 57.449
0.005768 57.449
0.005776 57.449
0.005784 57.449
0.005792 57.449
0.0058 57.449
0.005808 57.449
0.005816 57.449
0.005824 57.449
0.005832 57.449
0.00584 57.449
0.005848 57.449
0.005856 57.449
0.005864 57.449
0.005872 57.449
0.00588 57.449
0.005888 57.449
0.005896 57.449
0.005904 57.449
0.005912 57.449
0.00592 57.449
0.005928 57.449
0.005936 57.449
0.005944 57.449
0.005952 57.449
0.00596 57.449
0.005968 57.449
0.005976 57.449
0.005984 57.449
0.005992 57.449
0.006 57.449
0.006008 57.449
0.006016 57.449
0.006024 57.449
0.006032 57.449
0.00604 57.449
0.006048 57.449
0.006056 57.449
0.006064 57.449
0.006072 57.449
0.00608 57.449
0.006088 57.449
0.006096 57.449
0.006104 57.449
0.006112 57.449
0.00612 57.449
0.006128 57.449
0.006136 57.449
0.006144 57.449
0.006152 57.449
0.00616 57.449
0.006168 57.449
0.006176 57.449
0.006184 57.449
0.006192 57.449
0.0062 57.449
0.006208 57.449
0.006216 57.449
0.006224 57.449
0.006232 57.449
0.00624 57.449
0.006248 57.449
0.006256 57.449
0.006264 57.449
0.006272 57.449
0.00628 57.449
0.006288 57.449
0.006296 57.449
0.006304 57.449
0.006312 57.449
0.00632 57.449
0.006328 57.449
0.006336 57.449
0.006344 57.449
0.006352 57.449
0.00636 57.449
0.006368 57.449
0.006376 57.449
0.006384 57.449
0.006392 57.449
0.0064 57.449
0.006408 57.449
0.006416 57.449
0.006424 57.449
0.006432 57.449
0.00644 57.449
0.006448 57.449
0.006456 57.449
0.006464 57.449
0.006472 57.449
0.00648 57.449
0.006488 57.449
0.006496 57.449
0.006504 57.449
0.006512 57.449
0.00652 57.449
0.006528 57.449
0.006536 57.449
0.006544 57.449
0.006552 57.449
0.00656 57.449
0.006568 57.449
0.006576 57.449
0.006584 57.449
0.006592 57.449
0.0066 57.449
0.006608 57.449
0.006616 57.449
0.006624 57.449
0.006632 57.449
0.00664 57.449
0.006648 57.449
0.006656 57.449
0.006664 57.449
0.006672 57.449
0.00668 57.449
0.006688 57.449
0.006696 57.449
0.006704 57.449
0.006712 57.449
0.00672 57.449
0.006728 57.449
0.006736 57.449
0.006744 57.449
0.006752 57.449
0.00676 57.449
0.006768 57.449
0.006776 57.449
0.006784 57.449
0.006792 57.449
0.0068 57.449
0.006808 57.449
0.006816 57.449
0.006824 57.449
0.006832 57.449
0.00684 57.449
0.006848 57.449
0.006856 57.449
0.006864 57.449
0.006872 57.449
0.00688 57.449
0.006888 57.449
0.006896 57.449
0.006904 57.449
0.006912 57.449
0.00692 57.449
0.006928 57.449
0.006936 57.449
0.006944 57.449
0.006952 57.449
0.00696 57.449
0.006968 57.449
0.006976 57.449
0.006984 57.449
0.006992 57.449
0.007 57.449
0.007008 57.449
0.007016 57.449
0.007024 57.449
0.007032 57.449
0.00704 57.449
0.007048 57.449
0.007056 57.449
0.007064 57.449
0.007072 57.449
0.00708 57.449
0.007088 57.449
0.007096 57.449
0.007104 57.449
0.007112 57.449
0.00712 57.449
0.007128 57.449
0.007136 57.449
0.007144 57.449
0.007152 57.449
0.00716 57.449
0.007168 57.449
0.007176 57.449
0.007184 57.449
0.007192 57.449
0.0072 57.449
0.007208 57.449
0.007216 57.449
0.007224 57.449
0.007232 57.449
0.00724 57.449
0.007248 57.449
0.007256 57.449
0.007264 57.449
0.007272 57.449
0.00728 57.449
0.007288 57.449
0.007296 57.449
0.007304 57.449
0.007312 57.449
0.00732 57.449
0.007328 57.449
0.007336 57.449
0.007344 57.449
0.007352 57.449
0.00736 57.449
0.007368 57.449
0.007376 57.449
0.007384 57.449
0.007392 57.449
0.0074 57.449
0.007408 57.449
0.007416 57.449
0.007424 57.449
0.007432 57.449
0.00744 57.449
0.007448 57.449
0.007456 57.449
0.007464 57.449
0.007472 57.449
0.00748 57.449
0.007488 57.449
0.007496 57.449
0.007504 57.449
0.007512 57.449
0.00752 57.449
0.007528 57.449
0.007536 57.449
0.007544 57.449
0.007552 57.449
0.00756 57.449
0.007568 57.449
0.007576 57.449
0.007584 57.449
0.007592 57.449
0.0076 57.449
0.007608 57.449
0.007616 57.449
0.007624 57.449
0.007632 57.449
0.00764 57.449
0.007648 57.449
0.007656 57.449
0.007664 57.449
0.007672 57.449
0.00768 57.449
0.007688 57.449
0.007696 57.449
0.007704 57.449
0.007712 57.449
0.00772 57.449
0.007728 57.449
0.007736 57.449
0.007744 57.449
0.007752 57.449
0.00776 57.449
0.007768 57.449
0.007776 57.449
0.007784 57.449
0.007792 57.449
0.0078 57.449
0.007808 57.449
0.007816 57.449
0.007824 57.449
0.007832 57.449
0.00784 57.449
0.007848 57.449
0.007856 57.449
0.007864 57.449
0.007872 57.449
0.00788 57.449
0.007888 57.449
0.007896 57.449
0.007904 57.449
0.007912 57.449
0.00792 57.449
0.007928 57.449
0.007936 57.449
0.007944 57.449
0.007952 57.449
0.00796 57.449
0.007968 57.449
0.007976 57.449
0.007984 57.449
0.007992 57.449
0.008 57.449
0.008008 57.449
0.008016 57.449
0.008024 57.449
0.008032 57.449
0.00804 57.449
0.008048 57.449
0.008056 57.449
0.008064 57.449
0.008072 57.449
0.00808 57.449
0.008088 57.449
0.008096 57.449
0.008104 57.449
0.008112 57.449
0.00812 57.449
0.008128 57.449
0.008136 57.449
0.008144 57.449
0.008152 57.449
0.00816 57.449
0.008168 57.449
0.008176 57.449
0.008184 57.449
0.008192 57.449
0.0082 57.449
0.008208 57.449
0.008216 57.449
0.008224 57.449
0.008232 57.449
0.00824 57.449
0.008248 57.449
0.008256 57.449
0.008264 57.449
0.008272 57.449
0.00828 57.449
0.008288 57.449
0.008296 57.449
0.008304 57.449
0.008312 57.449
0.00832 57.449
0.008328 57.449
0.008336 57.449
0.008344 57.449
0.008352 57.449
0.00836 57.449
0.008368 57.449
0.008376 57.449
0.008384 57.449
0.008392 57.449
0.0084 57.449
0.008408 57.449
0.008416 57.449
0.008424 57.449
0.008432 57.449
0.00844 57.449
0.008448 57.449
0.008456 57.449
0.008464 57.449
0.008472 57.449
0.00848 57.449
0.008488 57.449
0.008496 57.449
0.008504 57.449
0.008512 57.449
0.00852 57.449
0.008528 57.449
0.008536 57.449
0.008544 57.449
0.008552 57.449
0.00856 57.449
0.008568 57.449
0.008576 57.449
0.008584 57.449
0.008592 57.449
0.0086 57.449
0.008608 57.449
0.008616 57.449
0.008624 57.449
0.008632 57.449
0.00864 57.449
0.008648 57.449
0.008656 57.449
0.008664 57.449
0.008672 57.449
0.00868 57.449
0.008688 57.449
0.008696 57.449
0.008704 57.449
0.008712 57.449
0.00872 57.449
0.008728 57.449
0.008736 57.449
0.008744 57.449
0.008752 57.449
0.00876 57.449
0.008768 57.449
0.008776 57.449
0.008784 57.449
0.008792 57.449
0.0088 57.449
0.008808 57.449
0.008816 57.449
0.008824 57.449
0.008832 57.449
0.00884 57.449
0.008848 57.449
0.008856 57.449
0.008864 57.449
0.008872 57.449
0.00888 57.449
0.008888 57.449
0.008896 57.449
0.008904 57.449
0.008912 57.449
0.00892 57.449
0.008928 57.449
0.008936 57.449
0.008944 57.449
0.008952 57.449
0.00896 57.449
0.008968 57.449
0.008976 57.449
0.008984 57.449
0.008992 57.449
0.009 57.449
0.009008 57.449
0.009016 57.449
0.009024 57.449
0.009032 57.449
0.00904 57.449
0.009048 57.449
0.009056 57.449
0.009064 57.449
0.009072 57.449
0.00908 57.449
0.009088 57.449
0.009096 57.449
0.009104 57.449
0.009112 57.449
0.00912 57.449
0.009128 57.449
0.009136 57.449
0.009144 57.449
0.009152 57.449
0.00916 57.449
0.009168 57.449
0.009176 57.449
0.009184 57.449
0.009192 57.449
0.0092 57.449
0.009208 57.449
0.009216 57.449
0.009224 57.449
0.009232 57.449
0.00924 57.449
0.009248 57.449
0.009256 57.449
0.009264 57.449
0.009272 57.449
0.00928 57.449
0.009288 57.449
0.009296 57.449
0.009304 57.449
0.009312 57.449
0.00932 57.449
0.009328 57.449
0.009336 57.449
0.009344 57.449
0.009352 57.449
0.00936 57.449
0.009368 57.449
0.009376 57.449
0.009384 57.449
0.009392 57.449
0.0094 57.449
0.009408 57.449
0.009416 57.449
0.009424 57.449
0.009432 57.449
0.00944 57.449
0.009448 57.449
0.009456 57.449
0.009464 57.449
0.009472 57.449
0.00948 57.449
0.009488 57.449
0.009496 57.449
0.009504 57.449
0.009512 57.449
0.00952 57.449
0.009528 57.449
0.009536 57.449
0.009544 57.449
0.009552 57.449
0.00956 57.449
0.009568 57.449
0.009576 57.449
0.009584 57.449
0.009592 57.449
0.0096 57.449
0.009608 57.449
0.009616 57.449
0.009624 57.449
0.009632 57.449
0.00964 57.449
0.009648 57.449
0.009656 57.449
0.009664 57.449
0.009672 57.449
0.00968 57.449
0.009688 57.449
0.009696 57.449
0.009704 57.449
0.009712 57.449
0.00972 57.449
0.009728 57.449
0.009736 57.449
0.009744 57.449
0.009752 57.449
0.00976 57.449
0.009768 57.449
0.009776 57.449
0.009784 57.449
0.009792 57.449
0.0098 57.449
0.009808 57.449
0.009816 57.449
0.009824 57.449
0.009832 57.449
0.00984 57.449
0.009848 57.449
0.009856 57.449
0.009864 57.449
0.009872 57.449
0.00988 57.449
0.009888 57.449
0.009896 57.449
0.009904 57.449
0.009912 57.449
0.00992 57.449
0.009928 57.449
0.009936 57.449
0.009944 57.449
0.009952 57.449
0.00996 57.449
0.009968 57.449
0.009976 57.449
0.009984 57.449
0.009992 57.449
0.01 57.449
0.010008 57.449
0.010016 57.449
0.010024 57.449
0.010032 57.449
0.01004 57.449
0.010048 57.449
0.010056 57.449
0.010064 57.449
0.010072 57.449
0.01008 57.449
0.010088 57.449
0.010096 57.449
0.010104 57.449
0.010112 57.449
0.01012 57.449
0.010128 57.449
0.010136 57.449
0.010144 57.449
0.010152 57.449
0.01016 57.449
0.010168 57.449
0.010176 57.449
0.010184 57.449
0.010192 57.449
0.0102 57.449
0.010208 57.449
0.010216 57.449
0.010224 57.449
0.010232 57.449
0.01024 57.449
0.010248 57.449
0.010256 57.449
0.010264 57.449
0.010272 57.449
0.01028 57.449
0.010288 57.449
0.010296 57.449
0.010304 57.449
0.010312 57.449
0.01032 57.449
0.010328 57.449
0.010336 57.449
0.010344 57.449
0.010352 57.449
0.01036 57.449
0.010368 57.449
0.010376 57.449
0.010384 57.449
0.010392 57.449
0.0104 57.449
0.010408 57.449
0.010416 57.449
0.010424 57.449
0.010432 57.449
0.01044 57.449
0.010448 57.449
0.010456 57.449
0.010464 57.449
0.010472 57.449
0.01048 57.449
0.010488 57.449
0.010496 57.449
0.010504 57.449
0.010512 57.449
0.01052 57.449
0.010528 57.449
0.010536 57.449
0.010544 57.449
0.010552 57.449
0.01056 57.449
0.010568 57.449
0.010576 57.449
0.010584 57.449
0.010592 57.449
0.0106 57.449
0.010608 57.449
0.010616 57.449
0.010624 57.449
0.010632 57.449
0.01064 57.449
0.010648 57.449
0.010656 57.449
0.010664 57.449
0.010672 57.449
0.01068 57.449
0.010688 57.449
0.010696 57.449
0.010704 57.449
0.010712 57.449
0.01072 57.449
0.010728 57.449
0.010736 57.449
0.010744 57.449
0.010752 57.449
0.01076 57.449
0.010768 57.449
0.010776 57.449
0.010784 57.449
0.010792 57.449
0.0108 57.449
0.010808 57.449
0.010816 57.449
0.010824 57.449
0.010832 57.449
0.01084 57.449
0.010848 57.449
0.010856 57.449
0.010864 57.449
0.010872 57.449
0.01088 57.449
0.010888 57.449
0.010896 57.449
0.010904 57.449
0.010912 57.449
0.01092 57.449
0.010928 57.449
0.010936 57.449
0.010944 57.449
0.010952 57.449
0.01096 57.449
0.010968 57.449
0.010976 57.449
0.010984 57.449
0.010992 57.449
0.011 57.449
0.011008 57.449
0.011016 57.449
0.011024 57.449
0.011032 57.449
0.01104 57.449
0.011048 57.449
0.011056 57.449
0.011064 57.449
0.011072 57.449
0.01108 57.449
0.011088 57.449
0.011096 57.449
0.011104 57.449
0.011112 57.449
0.01112 57.449
0.011128 57.449
0.011136 57.449
0.011144 57.449
0.011152 57.449
0.01116 57.449
0.011168 57.449
0.011176 57.449
0.011184 57.449
0.011192 57.449
0.0112 57.449
0.011208 57.449
0.011216 57.449
0.011224 57.449
0.011232 57.449
0.01124 57.449
0.011248 57.449
0.011256 57.449
0.011264 57.449
0.011272 57.449
0.01128 57.449
0.011288 57.449
0.011296 57.449
0.011304 57.449
0.011312 57.449
0.01132 57.449
0.011328 57.449
0.011336 57.449
0.011344 57.449
0.011352 57.449
0.01136 57.449
0.011368 57.449
0.011376 57.449
0.011384 57.449
0.011392 57.449
0.0114 57.449
0.011408 57.449
0.011416 57.449
0.011424 57.449
0.011432 57.449
0.01144 57.449
0.011448 57.449
0.011456 57.449
0.011464 57.449
0.011472 57.449
0.01148 57.449
0.011488 57.449
0.011496 57.449
0.011504 57.449
0.011512 57.449
0.01152 57.449
0.011528 57.449
0.011536 57.449
0.011544 57.449
0.011552 57.449
0.01156 57.449
0.011568 57.449
0.011576 57.449
0.011584 57.449
0.011592 57.449
0.0116 57.449
0.011608 57.449
0.011616 57.449
0.011624 57.449
0.011632 57.449
0.01164 57.449
0.011648 57.449
0.011656 57.449
0.011664 57.449
0.011672 57.449
0.01168 57.449
0.011688 57.449
0.011696 57.449
0.011704 57.449
0.011712 57.449
0.01172 57.449
0.011728 57.449
0.011736 57.449
0.011744 57.449
0.011752 57.449
0.01176 57.449
0.011768 57.449
0.011776 57.449
0.011784 57.449
0.011792 57.449
0.0118 57.449
0.011808 57.449
0.011816 57.449
0.011824 57.449
0.011832 57.449
0.01184 57.449
0.011848 57.449
0.011856 57.449
0.011864 57.449
0.011872 57.449
0.01188 57.449
0.011888 57.449
0.011896 57.449
0.011904 57.449
0.011912 57.449
0.01192 57.449
0.011928 57.449
0.011936 57.449
0.011944 57.449
0.011952 57.449
0.01196 57.449
0.011968 57.449
0.011976 57.449
0.011984 57.449
0.011992 57.449
0.012 57.449
0.012008 57.449
0.012016 57.449
0.012024 57.449
0.012032 57.449
0.01204 57.449
0.012048 57.449
0.012056 57.449
0.012064 57.449
0.012072 57.449
0.01208 57.449
0.012088 57.449
0.012096 57.449
0.012104 57.449
0.012112 57.449
0.01212 57.449
0.012128 57.449
0.012136 57.449
0.012144 57.449
0.012152 57.449
0.01216 57.449
0.012168 57.449
0.012176 57.449
0.012184 57.449
0.012192 57.449
0.0122 57.449
0.012208 57.449
0.012216 57.449
0.012224 57.449
0.012232 57.449
0.01224 57.449
0.012248 57.449
0.012256 57.449
0.012264 57.449
0.012272 57.449
0.01228 57.449
0.012288 57.449
0.012296 57.449
0.012304 57.449
0.012312 57.449
0.01232 57.449
0.012328 57.449
0.012336 57.449
0.012344 57.449
0.012352 57.449
0.01236 57.449
0.012368 57.449
0.012376 57.449
0.012384 57.449
0.012392 57.449
0.0124 57.449
0.012408 57.449
0.012416 57.449
0.012424 57.449
0.012432 57.449
0.01244 57.449
0.012448 57.449
0.012456 57.449
0.012464 57.449
0.012472 57.449
0.01248 57.449
0.012488 57.449
0.012496 57.449
0.012504 57.449
0.012512 57.449
0.01252 57.449
0.012528 57.449
0.012536 57.449
0.012544 57.449
0.012552 57.449
0.01256 57.449
0.012568 57.449
0.012576 57.449
0.012584 57.449
0.012592 57.449
0.0126 57.449
0.012608 57.449
0.012616 57.449
0.012624 57.449
0.012632 57.449
0.01264 57.449
0.012648 57.449
0.012656 57.449
0.012664 57.449
0.012672 57.449
0.01268 57.449
0.012688 57.449
0.012696 57.449
0.012704 57.449
0.012712 57.449
0.01272 57.449
0.012728 57.449
0.012736 57.449
0.012744 57.449
0.012752 57.449
0.01276 57.449
0.012768 57.449
0.012776 57.449
0.012784 57.449
0.012792 57.449
0.0128 57.449
0.012808 57.449
0.012816 57.449
0.012824 57.449
0.012832 57.449
0.01284 57.449
0.012848 57.449
0.012856 57.449
0.012864 57.449
0.012872 57.449
0.01288 57.449
0.012888 57.449
0.012896 57.449
0.012904 57.449
0.012912 57.449
0.01292 57.449
0.012928 57.449
0.012936 57.449
0.012944 57.449
0.012952 57.449
0.01296 57.449
0.012968 57.449
0.012976 57.449
0.012984 57.449
0.012992 57.449
0.013 57.449
0.013008 57.449
0.013016 57.449
0.013024 57.449
0.013032 57.449
0.01304 57.449
0.013048 57.449
0.013056 57.449
0.013064 57.449
0.013072 57.449
0.01308 57.449
0.013088 57.449
0.013096 57.449
0.013104 57.449
0.013112 57.449
0.01312 57.449
0.013128 57.449
0.013136 57.449
0.013144 57.449
0.013152 57.449
0.01316 57.449
0.013168 57.449
0.013176 57.449
0.013184 57.449
0.013192 57.449
0.0132 57.449
0.013208 57.449
0.013216 57.449
0.013224 57.449
0.013232 57.449
0.01324 57.449
0.013248 57.449
0.013256 57.449
0.013264 57.449
0.013272 57.449
0.01328 57.449
0.013288 57.449
0.013296 57.449
0.013304 57.449
0.013312 57.449
0.01332 57.449
0.013328 57.449
0.013336 57.449
0.013344 57.449
0.013352 57.449
0.01336 57.449
0.013368 57.449
0.013376 57.449
0.013384 57.449
0.013392 57.449
0.0134 57.449
0.013408 57.449
0.013416 57.449
0.013424 57.449
0.013432 57.449
0.01344 57.449
0.013448 57.449
0.013456 57.449
0.013464 57.449
0.013472 57.449
0.01348 57.449
0.013488 57.449
0.013496 57.449
0.013504 57.449
0.013512 57.449
0.01352 57.449
0.013528 57.449
0.013536 57.449
0.013544 57.449
0.013552 57.449
0.01356 57.449
0.013568 57.449
0.013576 57.449
0.013584 57.449
0.013592 57.449
0.0136 57.449
0.013608 57.449
0.013616 57.449
0.013624 57.449
0.013632 57.449
0.01364 57.449
0.013648 57.449
0.013656 57.449
0.013664 57.449
0.013672 57.449
0.01368 57.449
0.013688 57.449
0.013696 57.449
0.013704 57.449
0.013712 57.449
0.01372 57.449
0.013728 57.449
0.013736 57.449
0.013744 57.449
0.013752 57.449
0.01376 57.449
0.013768 57.449
0.013776 57.449
0.013784 57.449
0.013792 57.449
0.0138 57.449
0.013808 57.449
0.013816 57.449
0.013824 57.449
0.013832 57.449
0.01384 57.449
0.013848 57.449
0.013856 57.449
0.013864 57.449
0.013872 57.449
0.01388 57.449
0.013888 57.449
0.013896 57.449
0.013904 57.449
0.013912 57.449
0.01392 57.449
0.013928 57.449
0.013936 57.449
0.013944 57.449
0.013952 57.449
0.01396 57.449
0.013968 57.449
0.013976 57.449
0.013984 57.449
0.013992 57.449
0.014 57.449
0.014008 57.449
0.014016 57.449
0.014024 57.449
0.014032 57.449
0.01404 57.449
0.014048 57.449
0.014056 57.449
0.014064 57.449
0.014072 57.449
0.01408 57.449
0.014088 57.449
0.014096 57.449
0.014104 57.449
0.014112 57.449
0.01412 57.449
0.014128 57.449
0.014136 57.449
0.014144 57.449
0.014152 57.449
0.01416 57.449
0.014168 57.449
0.014176 57.449
0.014184 57.449
0.014192 57.449
0.0142 57.449
0.014208 57.449
0.014216 57.449
0.014224 57.449
0.014232 57.449
0.01424 57.449
0.014248 57.449
0.014256 57.449
0.014264 57.449
0.014272 57.449
0.01428 57.449
0.014288 57.449
0.014296 57.449
0.014304 57.449
0.014312 57.449
0.01432 57.449
0.014328 57.449
0.014336 57.449
0.014344 57.449
0.014352 57.449
0.01436 57.449
0.014368 57.449
0.014376 57.449
0.014384 57.449
0.014392 57.449
0.0144 57.449
0.014408 57.449
0.014416 57.449
0.014424 57.449
0.014432 57.449
0.01444 57.449
0.014448 57.449
0.014456 57.449
0.014464 57.449
0.014472 57.449
0.01448 57.449
0.014488 57.449
0.014496 57.449
0.014504 57.449
0.014512 57.449
0.01452 57.449
0.014528 57.449
0.014536 57.449
0.014544 57.449
0.014552 57.449
0.01456 57.449
0.014568 57.449
0.014576 57.449
0.014584 57.449
0.014592 57.449
0.0146 57.449
0.014608 57.449
0.014616 57.449
0.014624 57.449
0.014632 57.449
0.01464 57.449
0.014648 57.449
0.014656 57.449
0.014664 57.449
0.014672 57.449
0.01468 57.449
0.014688 57.449
0.014696 57.449
0.014704 57.449
0.014712 57.449
0.01472 57.449
0.014728 57.449
0.014736 57.449
0.014744 57.449
0.014752 57.449
0.01476 57.449
0.014768 57.449
0.014776 57.449
0.014784 57.449
0.014792 57.449
0.0148 57.449
0.014808 57.449
0.014816 57.449
0.014824 57.449
0.014832 57.449
0.01484 57.449
0.014848 57.449
0.014856 57.449
0.014864 57.449
0.014872 57.449
0.01488 57.449
0.014888 57.449
0.014896 57.449
0.014904 57.449
0.014912 57.449
0.01492 57.449
0.014928 57.449
0.014936 57.449
0.014944 57.449
0.014952 57.449
0.01496 57.449
0.014968 57.449
0.014976 57.449
0.014984 57.449
0.014992 57.449
0.015 57.449
0.015008 57.449
0.015016 57.449
0.015024 57.449
0.015032 57.449
0.01504 57.449
0.015048 57.449
0.015056 57.449
0.015064 57.449
0.015072 57.449
0.01508 57.449
0.015088 57.449
0.015096 57.449
0.015104 57.449
0.015112 57.449
0.01512 57.449
0.015128 57.449
0.015136 57.449
0.015144 57.449
0.015152 57.449
0.01516 57.449
0.015168 57.449
0.015176 57.449
0.015184 57.449
0.015192 57.449
0.0152 57.449
0.015208 57.449
0.015216 57.449
0.015224 57.449
0.015232 57.449
0.01524 57.449
0.015248 57.449
0.015256 57.449
0.015264 57.449
0.015272 57.449
0.01528 57.449
0.015288 57.449
0.015296 57.449
0.015304 57.449
0.015312 57.449
0.01532 57.449
0.015328 57.449
0.015336 57.449
0.015344 57.449
0.015352 57.449
0.01536 57.449
0.015368 57.449
0.015376 57.449
0.015384 57.449
0.015392 57.449
0.0154 57.449
0.015408 57.449
0.015416 57.449
0.015424 57.449
0.015432 57.449
0.01544 57.449
0.015448 57.449
0.015456 57.449
0.015464 57.449
0.015472 57.449
0.01548 57.449
0.015488 57.449
0.015496 57.449
0.015504 57.449
0.015512 57.449
0.01552 57.449
0.015528 57.449
0.015536 57.449
0.015544 57.449
0.015552 57.449
0.01556 57.449
0.015568 57.449
0.015576 57.449
0.015584 57.449
0.015592 57.449
0.0156 57.449
0.015608 57.449
0.015616 57.449
0.015624 57.449
0.015632 57.449
0.01564 57.449
0.015648 57.449
0.015656 57.449
0.015664 57.449
0.015672 57.449
0.01568 57.449
0.015688 57.449
0.015696 57.449
0.015704 57.449
0.015712 57.449
0.01572 57.449
0.015728 57.449
0.015736 57.449
0.015744 57.449
0.015752 57.449
0.01576 57.449
0.015768 57.449
0.015776 57.449
0.015784 57.449
0.015792 57.449
0.0158 57.449
0.015808 57.449
0.015816 57.449
0.015824 57.449
0.015832 57.449
0.01584 57.449
0.015848 57.449
0.015856 57.449
0.015864 57.449
0.015872 57.449
0.01588 57.449
0.015888 57.449
0.015896 57.449
0.015904 57.449
0.015912 57.449
0.01592 57.449
0.015928 57.449
0.015936 57.449
0.015944 57.449
0.015952 57.449
0.01596 57.449
0.015968 57.449
0.015976 57.449
0.015984 57.449
0.015992 57.449
0.016 57.449
0.016008 57.449
0.016016 57.449
0.016024 57.449
0.016032 57.449
0.01604 57.449
0.016048 57.449
0.016056 57.449
0.016064 57.449
0.016072 57.449
0.01608 57.449
0.016088 57.449
0.016096 57.449
0.016104 57.449
0.016112 57.449
0.01612 57.449
0.016128 57.449
0.016136 57.449
0.016144 57.449
0.016152 57.449
0.01616 57.449
0.016168 57.449
0.016176 57.449
0.016184 57.449
0.016192 57.449
0.0162 57.449
0.016208 57.449
0.016216 57.449
0.016224 57.449
0.016232 57.449
0.01624 57.449
0.016248 57.449
0.016256 57.449
0.016264 57.449
0.016272 57.449
0.01628 57.449
0.016288 57.449
0.016296 57.449
0.016304 57.449
0.016312 57.449
0.01632 57.449
0.016328 57.449
0.016336 57.449
0.016344 57.449
0.016352 57.449
0.01636 57.449
0.016368 57.449
0.016376 57.449
0.016384 57.449
0.016392 57.449
0.0164 57.449
0.016408 57.449
0.016416 57.449
0.016424 57.449
0.016432 57.449
0.01644 57.449
0.016448 57.449
0.016456 57.449
0.016464 57.449
0.016472 57.449
0.01648 57.449
0.016488 57.449
0.016496 57.449
0.016504 57.449
0.016512 57.449
0.01652 57.449
0.016528 57.449
0.016536 57.449
0.016544 57.449
0.016552 57.449
0.01656 57.449
0.016568 57.449
0.016576 57.449
0.016584 57.449
0.016592 57.449
0.0166 57.449
0.016608 57.449
0.016616 57.449
0.016624 57.449
0.016632 57.449
0.01664 57.449
0.016648 57.449
0.016656 57.449
0.016664 57.449
0.016672 57.449
0.01668 57.449
0.016688 57.449
0.016696 57.449
0.016704 57.449
0.016712 57.449
0.01672 57.449
0.016728 57.449
0.016736 57.449
0.016744 57.449
0.016752 57.449
0.01676 57.449
0.016768 57.449
0.016776 57.449
0.016784 57.449
0.016792 57.449
0.0168 57.449
0.016808 57.449
0.016816 57.449
0.016824 57.449
0.016832 57.449
0.01684 57.449
0.016848 57.449
0.016856 57.449
0.016864 57.449
0.016872 57.449
0.01688 57.449
0.016888 57.449
0.016896 57.449
0.016904 57.449
0.016912 57.449
0.01692 57.449
0.016928 57.449
0.016936 57.449
0.016944 57.449
0.016952 57.449
0.01696 57.449
0.016968 57.449
0.016976 57.449
0.016984 57.449
0.016992 57.449
0.017 57.449
0.017008 57.449
0.017016 57.449
0.017024 57.449
0.017032 57.449
0.01704 57.449
0.017048 57.449
0.017056 57.449
0.017064 57.449
0.017072 57.449
0.01708 57.449
0.017088 57.449
0.017096 57.449
0.017104 57.449
0.017112 57.449
0.01712 57.449
0.017128 57.449
0.017136 57.449
0.017144 57.449
0.017152 57.449
0.01716 57.449
0.017168 57.449
0.017176 57.449
0.017184 57.449
0.017192 57.449
0.0172 57.449
0.017208 57.449
0.017216 57.449
0.017224 57.449
0.017232 57.449
0.01724 57.449
0.017248 57.449
0.017256 57.449
0.017264 57.449
0.017272 57.449
0.01728 57.449
0.017288 57.449
0.017296 57.449
0.017304 57.449
0.017312 57.449
0.01732 57.449
0.017328 57.449
0.017336 57.449
0.017344 57.449
0.017352 57.449
0.01736 57.449
0.017368 57.449
0.017376 57.449
0.017384 57.449
0.017392 57.449
0.0174 57.449
0.017408 57.449
0.017416 57.449
0.017424 57.449
0.017432 57.449
0.01744 57.449
0.017448 57.449
0.017456 57.449
0.017464 57.449
0.017472 57.449
0.01748 57.449
0.017488 57.449
0.017496 57.449
0.017504 57.449
0.017512 57.449
0.01752 57.449
0.017528 57.449
0.017536 57.449
0.017544 57.449
0.017552 57.449
0.01756 57.449
0.017568 57.449
0.017576 57.449
0.017584 57.449
0.017592 57.449
0.0176 57.449
0.017608 57.449
0.017616 57.449
0.017624 57.449
0.017632 57.449
0.01764 57.449
0.017648 57.449
0.017656 57.449
0.017664 57.449
0.017672 57.449
0.01768 57.449
0.017688 57.449
0.017696 57.449
0.017704 57.449
0.017712 57.449
0.01772 57.449
0.017728 57.449
0.017736 57.449
0.017744 57.449
0.017752 57.449
0.01776 57.449
0.017768 57.449
0.017776 57.449
0.017784 57.449
0.017792 57.449
0.0178 57.449
0.017808 57.449
0.017816 57.449
0.017824 57.449
0.017832 57.449
0.01784 57.449
0.017848 57.449
0.017856 57.449
0.017864 57.449
0.017872 57.449
0.01788 57.449
0.017888 57.449
0.017896 57.449
0.017904 57.449
0.017912 57.449
0.01792 57.449
0.017928 57.449
0.017936 57.449
0.017944 57.449
0.017952 57.449
0.01796 57.449
0.017968 57.449
0.017976 57.449
0.017984 57.449
0.017992 57.449
0.018 57.449
0.018008 57.449
0.018016 57.449
0.018024 57.449
0.018032 57.449
0.01804 57.449
0.018048 57.449
0.018056 57.449
0.018064 57.449
0.018072 57.449
0.01808 57.449
0.018088 57.449
0.018096 57.449
0.018104 57.449
0.018112 57.449
0.01812 57.449
0.018128 57.449
0.018136 57.449
0.018144 57.449
0.018152 57.449
0.01816 57.449
0.018168 57.449
0.018176 57.449
0.018184 57.449
0.018192 57.449
0.0182 57.449
0.018208 57.449
0.018216 57.449
0.018224 57.449
0.018232 57.449
0.01824 57.449
0.018248 57.449
0.018256 57.449
0.018264 57.449
0.018272 57.449
0.01828 57.449
0.018288 57.449
0.018296 57.449
0.018304 57.449
0.018312 57.449
0.01832 57.449
0.018328 57.449
0.018336 57.449
0.018344 57.449
0.018352 57.449
0.01836 57.449
0.018368 57.449
0.018376 57.449
0.018384 57.449
0.018392 57.449
0.0184 57.449
0.018408 57.449
0.018416 57.449
0.018424 57.449
0.018432 57.449
0.01844 57.449
0.018448 57.449
0.018456 57.449
0.018464 57.449
0.018472 57.449
0.01848 57.449
0.018488 57.449
0.018496 57.449
0.018504 57.449
0.018512 57.449
0.01852 57.449
0.018528 57.449
0.018536 57.449
0.018544 57.449
0.018552 57.449
0.01856 57.449
0.018568 57.449
0.018576 57.449
0.018584 57.449
0.018592 57.449
0.0186 57.449
0.018608 57.449
0.018616 57.449
0.018624 57.449
0.018632 57.449
0.01864 57.449
0.018648 57.449
0.018656 57.449
0.018664 57.449
0.018672 57.449
0.01868 57.449
0.018688 57.449
0.018696 57.449
0.018704 57.449
0.018712 57.449
0.01872 57.449
0.018728 57.449
0.018736 57.449
0.018744 57.449
0.018752 57.449
0.01876 57.449
0.018768 57.449
0.018776 57.449
0.018784 57.449
0.018792 57.449
0.0188 57.449
0.018808 57.449
0.018816 57.449
0.018824 57.449
0.018832 57.449
0.01884 57.449
0.018848 57.449
0.018856 57.449
0.018864 57.449
0.018872 57.449
0.01888 57.449
0.018888 57.449
0.018896 57.449
0.018904 57.449
0.018912 57.449
0.01892 57.449
0.018928 57.449
0.018936 57.449
0.018944 57.449
0.018952 57.449
0.01896 57.449
0.018968 57.449
0.018976 57.449
0.018984 57.449
0.018992 57.449
0.019 57.449
0.019008 57.449
0.019016 57.449
0.019024 57.449
0.019032 57.449
0.01904 57.449
0.019048 57.449
0.019056 57.449
0.019064 57.449
0.019072 57.449
0.01908 57.449
0.019088 57.449
0.019096 57.449
0.019104 57.449
0.019112 57.449
0.01912 57.449
0.019128 57.449
0.019136 57.449
0.019144 57.449
0.019152 57.449
0.01916 57.449
0.019168 57.449
0.019176 57.449
0.019184 57.449
0.019192 57.449
0.0192 57.449
0.019208 57.449
0.019216 57.449
0.019224 57.449
0.019232 57.449
0.01924 57.449
0.019248 57.449
0.019256 57.449
0.019264 57.449
0.019272 57.449
0.01928 57.449
0.019288 57.449
0.019296 57.449
0.019304 57.449
0.019312 57.449
0.01932 57.449
0.019328 57.449
0.019336 57.449
0.019344 57.449
0.019352 57.449
0.01936 57.449
0.019368 57.449
0.019376 57.449
0.019384 57.449
0.019392 57.449
0.0194 57.449
0.019408 57.449
0.019416 57.449
0.019424 57.449
0.019432 57.449
0.01944 57.449
0.019448 57.449
0.019456 57.449
0.019464 57.449
0.019472 57.449
0.01948 57.449
0.019488 57.449
0.019496 57.449
0.019504 57.449
0.019512 57.449
0.01952 57.449
0.019528 57.449
0.019536 57.449
0.019544 57.449
0.019552 57.449
0.01956 57.449
0.019568 57.449
0.019576 57.449
0.019584 57.449
0.019592 57.449
0.0196 57.449
0.019608 57.449
0.019616 57.449
0.019624 57.449
0.019632 57.449
0.01964 57.449
0.019648 57.449
0.019656 57.449
0.019664 57.449
0.019672 57.449
0.01968 57.449
0.019688 57.449
0.019696 57.449
0.019704 57.449
0.019712 57.449
0.01972 57.449
0.019728 57.449
0.019736 57.449
0.019744 57.449
0.019752 57.449
0.01976 57.449
0.019768 57.449
0.019776 57.449
0.019784 57.449
0.019792 57.449
0.0198 57.449
0.019808 57.449
0.019816 57.449
0.019824 57.449
0.019832 57.449
0.01984 57.449
0.019848 57.449
0.019856 57.449
0.019864 57.449
0.019872 57.449
0.01988 57.449
0.019888 57.449
0.019896 57.449
0.019904 57.449
0.019912 57.449
0.01992 57.449
0.019928 57.449
0.019936 57.449
0.019944 57.449
0.019952 57.449
0.01996 57.449
0.019968 57.449
0.019976 57.449
0.019984 57.449
0.019992 57.449
0.02 57.449
0.020008 57.449
0.020016 57.449
0.020024 57.449
0.020032 57.449
0.02004 57.449
0.020048 57.449
0.020056 57.449
0.020064 57.449
0.020072 57.449
0.02008 57.449
0.020088 57.449
0.020096 57.449
0.020104 57.449
0.020112 57.449
0.02012 57.449
0.020128 57.449
0.020136 57.449
0.020144 57.449
0.020152 57.449
0.02016 57.449
0.020168 57.449
0.020176 57.449
0.020184 57.449
0.020192 57.449
0.0202 57.449
0.020208 57.449
0.020216 57.449
0.020224 57.449
0.020232 57.449
0.02024 57.449
0.020248 57.449
0.020256 57.449
0.020264 57.449
0.020272 57.449
0.02028 57.449
0.020288 57.449
0.020296 57.449
0.020304 57.449
0.020312 57.449
0.02032 57.449
0.020328 57.449
0.020336 57.449
0.020344 57.449
0.020352 57.449
0.02036 57.449
0.020368 57.449
0.020376 57.449
0.020384 57.449
0.020392 57.449
0.0204 57.449
0.020408 57.449
0.020416 57.449
0.020424 57.449
0.020432 57.449
0.02044 57.449
0.020448 57.449
0.020456 57.449
0.020464 57.449
0.020472 57.449
0.02048 57.449
0.020488 57.449
0.020496 57.449
0.020504 57.449
0.020512 57.449
0.02052 57.449
0.020528 57.449
0.020536 57.449
0.020544 57.449
0.020552 57.449
0.02056 57.449
0.020568 57.449
0.020576 57.449
0.020584 57.449
0.020592 57.449
0.0206 57.449
0.020608 57.449
0.020616 57.449
0.020624 57.449
0.020632 57.449
0.02064 57.449
0.020648 57.449
0.020656 57.449
0.020664 57.449
0.020672 57.449
0.02068 57.449
0.020688 57.449
0.020696 57.449
0.020704 57.449
0.020712 57.449
0.02072 57.449
0.020728 57.449
0.020736 57.449
0.020744 57.449
0.020752 57.449
0.02076 57.449
0.020768 57.449
0.020776 57.449
0.020784 57.449
0.020792 57.449
0.0208 57.449
0.020808 57.449
0.020816 57.449
0.020824 57.449
0.020832 57.449
0.02084 57.449
0.020848 57.449
0.020856 57.449
0.020864 57.449
0.020872 57.449
0.02088 57.449
0.020888 57.449
0.020896 57.449
0.020904 57.449
0.020912 57.449
0.02092 57.449
0.020928 57.449
0.020936 57.449
0.020944 57.449
0.020952 57.449
0.02096 57.449
0.020968 57.449
0.020976 57.449
0.020984 57.449
0.020992 57.449
0.021 57.449
0.021008 57.449
0.021016 57.449
0.021024 57.449
0.021032 57.449
0.02104 57.449
0.021048 57.449
0.021056 57.449
0.021064 57.449
0.021072 57.449
0.02108 57.449
0.021088 57.449
0.021096 57.449
0.021104 57.449
0.021112 57.449
0.02112 57.449
0.021128 57.449
0.021136 57.449
0.021144 57.449
0.021152 57.449
0.02116 57.449
0.021168 57.449
0.021176 57.449
0.021184 57.449
0.021192 57.449
0.0212 57.449
0.021208 57.449
0.021216 57.449
0.021224 57.449
0.021232 57.449
0.02124 57.449
0.021248 57.449
0.021256 57.449
0.021264 57.449
0.021272 57.449
0.02128 57.449
0.021288 57.449
0.021296 57.449
0.021304 57.449
0.021312 57.449
0.02132 57.449
0.021328 57.449
0.021336 57.449
0.021344 57.449
0.021352 57.449
0.02136 57.449
0.021368 57.449
0.021376 57.449
0.021384 57.449
0.021392 57.449
0.0214 57.449
0.021408 57.449
0.021416 57.449
0.021424 57.449
0.021432 57.449
0.02144 57.449
0.021448 57.449
0.021456 57.449
0.021464 57.449
0.021472 57.449
0.02148 57.449
0.021488 57.449
0.021496 57.449
0.021504 57.449
0.021512 57.449
0.02152 57.449
0.021528 57.449
0.021536 57.449
0.021544 57.449
0.021552 57.449
0.02156 57.449
0.021568 57.449
0.021576 57.449
0.021584 57.449
0.021592 57.449
0.0216 57.449
0.021608 57.449
0.021616 57.449
0.021624 57.449
0.021632 57.449
0.02164 57.449
0.021648 57.449
0.021656 57.449
0.021664 57.449
0.021672 57.449
0.02168 57.449
0.021688 57.449
0.021696 57.449
0.021704 57.449
0.021712 57.449
0.02172 57.449
0.021728 57.449
0.021736 57.449
0.021744 57.449
0.021752 57.449
0.02176 57.449
0.021768 57.449
0.021776 57.449
0.021784 57.449
0.021792 57.449
0.0218 57.449
0.021808 57.449
0.021816 57.449
0.021824 57.449
0.021832 57.449
0.02184 57.449
0.021848 57.449
0.021856 57.449
0.021864 57.449
0.021872 57.449
0.02188 57.449
0.021888 57.449
0.021896 57.449
0.021904 57.449
0.021912 57.449
0.02192 57.449
0.021928 57.449
0.021936 57.449
0.021944 57.449
0.021952 57.449
0.02196 57.449
0.021968 57.449
0.021976 57.449
0.021984 57.449
0.021992 57.449
0.022 57.449
0.022008 57.449
0.022016 57.449
0.022024 57.449
0.022032 57.449
0.02204 57.449
0.022048 57.449
0.022056 57.449
0.022064 57.449
0.022072 57.449
0.02208 57.449
0.022088 57.449
0.022096 57.449
0.022104 57.449
0.022112 57.449
0.02212 57.449
0.022128 57.449
0.022136 57.449
0.022144 57.449
0.022152 57.449
0.02216 57.449
0.022168 57.449
0.022176 57.449
0.022184 57.449
0.022192 57.449
0.0222 57.449
0.022208 57.449
0.022216 57.449
0.022224 57.449
0.022232 57.449
0.02224 57.449
0.022248 57.449
0.022256 57.449
0.022264 57.449
0.022272 57.449
0.02228 57.449
0.022288 57.449
0.022296 57.449
0.022304 57.449
0.022312 57.449
0.02232 57.449
0.022328 57.449
0.022336 57.449
0.022344 57.449
0.022352 57.449
0.02236 57.449
0.022368 57.449
0.022376 57.449
0.022384 57.449
0.022392 57.449
0.0224 57.449
0.022408 57.449
0.022416 57.449
0.022424 57.449
0.022432 57.449
0.02244 57.449
0.022448 57.449
0.022456 57.449
0.022464 57.449
0.022472 57.449
0.02248 57.449
0.022488 57.449
0.022496 57.449
0.022504 57.449
0.022512 57.449
0.02252 57.449
0.022528 57.449
0.022536 57.449
0.022544 57.449
0.022552 57.449
0.02256 57.449
0.022568 57.449
0.022576 57.449
0.022584 57.449
0.022592 57.449
0.0226 57.449
0.022608 57.449
0.022616 57.449
0.022624 57.449
0.022632 57.449
0.02264 57.449
0.022648 57.449
0.022656 57.449
0.022664 57.449
0.022672 57.449
0.02268 57.449
0.022688 57.449
0.022696 57.449
0.022704 57.449
0.022712 57.449
0.02272 57.449
0.022728 57.449
0.022736 57.449
0.022744 57.449
0.022752 57.449
0.02276 57.449
0.022768 57.449
0.022776 57.449
0.022784 57.449
0.022792 57.449
0.0228 57.449
0.022808 57.449
0.022816 57.449
0.022824 57.449
0.022832 57.449
0.02284 57.449
0.022848 57.449
0.022856 57.449
0.022864 57.449
0.022872 57.449
0.02288 57.449
0.022888 57.449
0.022896 57.449
0.022904 57.449
0.022912 57.449
0.02292 57.449
0.022928 57.449
0.022936 57.449
0.022944 57.449
0.022952 57.449
0.02296 57.449
0.022968 57.449
0.022976 57.449
0.022984 57.449
0.022992 57.449
0.023 57.449
0.023008 57.449
0.023016 57.449
0.023024 57.449
0.023032 57.449
0.02304 57.449
0.023048 57.449
0.023056 57.449
0.023064 57.449
0.023072 57.449
0.02308 57.449
0.023088 57.449
0.023096 57.449
0.023104 57.449
0.023112 57.449
0.02312 57.449
0.023128 57.449
0.023136 57.449
0.023144 57.449
0.023152 57.449
0.02316 57.449
0.023168 57.449
0.023176 57.449
0.023184 57.449
0.023192 57.449
0.0232 57.449
0.023208 57.449
0.023216 57.449
0.023224 57.449
0.023232 57.449
0.02324 57.449
0.023248 57.449
0.023256 57.449
0.023264 57.449
0.023272 57.449
0.02328 57.449
0.023288 57.449
0.023296 57.449
0.023304 57.449
0.023312 57.449
0.02332 57.449
0.023328 57.449
0.023336 57.449
0.023344 57.449
0.023352 57.449
0.02336 57.449
0.023368 57.449
0.023376 57.449
0.023384 57.449
0.023392 57.449
0.0234 57.449
0.023408 57.449
0.023416 57.449
0.023424 57.449
0.023432 57.449
0.02344 57.449
0.023448 57.449
0.023456 57.449
0.023464 57.449
0.023472 57.449
0.02348 57.449
0.023488 57.449
0.023496 57.449
0.023504 57.449
0.023512 57.449
0.02352 57.449
0.023528 57.449
0.023536 57.449
0.023544 57.449
0.023552 57.449
0.02356 57.449
0.023568 57.449
0.023576 57.449
0.023584 57.449
0.023592 57.449
0.0236 57.449
0.023608 57.449
0.023616 57.449
0.023624 57.449
0.023632 57.449
0.02364 57.449
0.023648 57.449
0.023656 57.449
0.023664 57.449
0.023672 57.449
0.02368 57.449
0.023688 57.449
0.023696 57.449
0.023704 57.449
0.023712 57.449
0.02372 57.449
0.023728 57.449
0.023736 57.449
0.023744 57.449
0.023752 57.449
0.02376 57.449
0.023768 57.449
0.023776 57.449
0.023784 57.449
0.023792 57.449
0.0238 57.449
0.023808 57.449
0.023816 57.449
0.023824 57.449
0.023832 57.449
0.02384 57.449
0.023848 57.449
0.023856 57.449
0.023864 57.449
0.023872 57.449
0.02388 57.449
0.023888 57.449
0.023896 57.449
0.023904 57.449
0.023912 57.449
0.02392 57.449
0.023928 57.449
0.023936 57.449
0.023944 57.449
0.023952 57.449
0.02396 57.449
0.023968 57.449
0.023976 57.449
0.023984 57.449
0.023992 57.449
0.024 57.449
0.024008 57.449
0.024016 57.449
0.024024 57.449
0.024032 57.449
0.02404 57.449
0.024048 57.449
0.024056 57.449
0.024064 57.449
0.024072 57.449
0.02408 57.449
0.024088 57.449
0.024096 57.449
0.024104 57.449
0.024112 57.449
0.02412 57.449
0.024128 57.449
0.024136 57.449
0.024144 57.449
0.024152 57.449
0.02416 57.449
0.024168 57.449
0.024176 57.449
0.024184 57.449
0.024192 57.449
0.0242 57.449
0.024208 57.449
0.024216 57.449
0.024224 57.449
0.024232 57.449
0.02424 57.449
0.024248 57.449
0.024256 57.449
0.024264 57.449
0.024272 57.449
0.02428 57.449
0.024288 57.449
0.024296 57.449
0.024304 57.449
0.024312 57.449
0.02432 57.449
0.024328 57.449
0.024336 57.449
0.024344 57.449
0.024352 57.449
0.02436 57.449
0.024368 57.449
0.024376 57.449
0.024384 57.449
0.024392 57.449
0.0244 57.449
0.024408 57.449
0.024416 57.449
0.024424 57.449
0.024432 57.449
0.02444 57.449
0.024448 57.449
0.024456 57.449
0.024464 57.449
0.024472 57.449
0.02448 57.449
0.024488 57.449
0.024496 57.449
0.024504 57.449
0.024512 57.449
0.02452 57.449
0.024528 57.449
0.024536 57.449
0.024544 57.449
0.024552 57.449
0.02456 57.449
0.024568 57.449
0.024576 57.449
0.024584 57.449
0.024592 57.449
0.0246 57.449
0.024608 57.449
0.024616 57.449
0.024624 57.449
0.024632 57.449
0.02464 57.449
0.024648 57.449
0.024656 57.449
0.024664 57.449
0.024672 57.449
0.02468 57.449
0.024688 57.449
0.024696 57.449
0.024704 57.449
0.024712 57.449
0.02472 57.449
0.024728 57.449
0.024736 57.449
0.024744 57.449
0.024752 57.449
0.02476 57.449
0.024768 57.449
0.024776 57.449
0.024784 57.449
0.024792 57.449
0.0248 57.449
0.024808 57.449
0.024816 57.449
0.024824 57.449
0.024832 57.449
0.02484 57.449
0.024848 57.449
0.024856 57.449
0.024864 57.449
0.024872 57.449
0.02488 57.449
0.024888 57.449
0.024896 57.449
0.024904 57.449
0.024912 57.449
0.02492 57.449
0.024928 57.449
0.024936 57.449
0.024944 57.449
0.024952 57.449
0.02496 57.449
0.024968 57.449
0.024976 57.449
0.024984 57.449
0.024992 57.449
0.025 57.449
0.025008 57.449
0.025016 57.449
0.025024 57.449
0.025032 57.449
0.02504 57.449
0.025048 57.449
0.025056 57.449
0.025064 57.449
0.025072 57.449
0.02508 57.449
0.025088 57.449
0.025096 57.449
0.025104 57.449
0.025112 57.449
0.02512 57.449
0.025128 57.449
0.025136 57.449
0.025144 57.449
0.025152 57.449
0.02516 57.449
0.025168 57.449
0.025176 57.449
0.025184 57.449
0.025192 57.449
0.0252 57.449
0.025208 57.449
0.025216 57.449
0.025224 57.449
0.025232 57.449
0.02524 57.449
0.025248 57.449
0.025256 57.449
0.025264 57.449
0.025272 57.449
0.02528 57.449
0.025288 57.449
0.025296 57.449
0.025304 57.449
0.025312 57.449
0.02532 57.449
0.025328 57.449
0.025336 57.449
0.025344 57.449
0.025352 57.449
0.02536 57.449
0.025368 57.449
0.025376 57.449
0.025384 57.449
0.025392 57.449
0.0254 57.449
0.025408 57.449
0.025416 57.449
0.025424 57.449
0.025432 57.449
0.02544 57.449
0.025448 57.449
0.025456 57.449
0.025464 57.449
0.025472 57.449
0.02548 57.449
0.025488 57.449
0.025496 57.449
0.025504 57.449
0.025512 57.449
0.02552 57.449
0.025528 57.449
0.025536 57.449
0.025544 57.449
0.025552 57.449
0.02556 57.449
0.025568 57.449
0.025576 57.449
0.025584 57.449
0.025592 57.449
0.0256 57.449
0.025608 57.449
0.025616 57.449
0.025624 57.449
0.025632 57.449
0.02564 57.449
0.025648 57.449
0.025656 57.449
0.025664 57.449
0.025672 57.449
0.02568 57.449
0.025688 57.449
0.025696 57.449
0.025704 57.449
0.025712 57.449
0.02572 57.449
0.025728 57.449
0.025736 57.449
0.025744 57.449
0.025752 57.449
0.02576 57.449
0.025768 57.449
0.025776 57.449
0.025784 57.449
0.025792 57.449
0.0258 57.449
0.025808 57.449
0.025816 57.449
0.025824 57.449
0.025832 57.449
0.02584 57.449
0.025848 57.449
0.025856 57.449
0.025864 57.449
0.025872 57.449
0.02588 57.449
0.025888 57.449
0.025896 57.449
0.025904 57.449
0.025912 57.449
0.02592 57.449
0.025928 57.449
0.025936 57.449
0.025944 57.449
0.025952 57.449
0.02596 57.449
0.025968 57.449
0.025976 57.449
0.025984 57.449
0.025992 57.449
0.026 57.449
0.026008 57.449
0.026016 57.449
0.026024 57.449
0.026032 57.449
0.02604 57.449
0.026048 57.449
0.026056 57.449
0.026064 57.449
0.026072 57.449
0.02608 57.449
0.026088 57.449
0.026096 57.449
0.026104 57.449
0.026112 57.449
0.02612 57.449
0.026128 57.449
0.026136 57.449
0.026144 57.449
0.026152 57.449
0.02616 57.449
0.026168 57.449
0.026176 57.449
0.026184 57.449
0.026192 57.449
0.0262 57.449
0.026208 57.449
0.026216 57.449
0.026224 57.449
0.026232 57.449
0.02624 57.449
0.026248 57.449
0.026256 57.449
0.026264 57.449
0.026272 57.449
0.02628 57.449
0.026288 57.449
0.026296 57.449
0.026304 57.449
0.026312 57.449
0.02632 57.449
0.026328 57.449
0.026336 57.449
0.026344 57.449
0.026352 57.449
0.02636 57.449
0.026368 57.449
0.026376 57.449
0.026384 57.449
0.026392 57.449
0.0264 57.449
0.026408 57.449
0.026416 57.449
0.026424 57.449
0.026432 57.449
0.02644 57.449
0.026448 57.449
0.026456 57.449
0.026464 57.449
0.026472 57.449
0.02648 57.449
0.026488 57.449
0.026496 57.449
0.026504 57.449
0.026512 57.449
0.02652 57.449
0.026528 57.449
0.026536 57.449
0.026544 57.449
0.026552 57.449
0.02656 57.449
0.026568 57.449
0.026576 57.449
0.026584 57.449
0.026592 57.449
0.0266 57.449
0.026608 57.449
0.026616 57.449
0.026624 57.449
0.026632 57.449
0.02664 57.449
0.026648 57.449
0.026656 57.449
0.026664 57.449
0.026672 57.449
0.02668 57.449
0.026688 57.449
0.026696 57.449
0.026704 57.449
0.026712 57.449
0.02672 57.449
0.026728 57.449
0.026736 57.449
0.026744 57.449
0.026752 57.449
0.02676 57.449
0.026768 57.449
0.026776 57.449
0.026784 57.449
0.026792 57.449
0.0268 57.449
0.026808 57.449
0.026816 57.449
0.026824 57.449
0.026832 57.449
0.02684 57.449
0.026848 57.449
0.026856 57.449
0.026864 57.449
0.026872 57.449
0.02688 57.449
0.026888 57.449
0.026896 57.449
0.026904 57.449
0.026912 57.449
0.02692 57.449
0.026928 57.449
0.026936 57.449
0.026944 57.449
0.026952 57.449
0.02696 57.449
0.026968 57.449
0.026976 57.449
0.026984 57.449
0.026992 57.449
0.027 57.449
0.027008 57.449
0.027016 57.449
0.027024 57.449
0.027032 57.449
0.02704 57.449
0.027048 57.449
0.027056 57.449
0.027064 57.449
0.027072 57.449
0.02708 57.449
0.027088 57.449
0.027096 57.449
0.027104 57.449
0.027112 57.449
0.02712 57.449
0.027128 57.449
0.027136 57.449
0.027144 57.449
0.027152 57.449
0.02716 57.449
0.027168 57.449
0.027176 57.449
0.027184 57.449
0.027192 57.449
0.0272 57.449
0.027208 57.449
0.027216 57.449
0.027224 57.449
0.027232 57.449
0.02724 57.449
0.027248 57.449
0.027256 57.449
0.027264 57.449
0.027272 57.449
0.02728 57.449
0.027288 57.449
0.027296 57.449
0.027304 57.449
0.027312 57.449
0.02732 57.449
0.027328 57.449
0.027336 57.449
0.027344 57.449
0.027352 57.449
0.02736 57.449
0.027368 57.449
0.027376 57.449
0.027384 57.449
0.027392 57.449
0.0274 57.449
0.027408 57.449
0.027416 57.449
0.027424 57.449
0.027432 57.449
0.02744 57.449
0.027448 57.449
0.027456 57.449
0.027464 57.449
0.027472 57.449
0.02748 57.449
0.027488 57.449
0.027496 57.449
0.027504 57.449
0.027512 57.449
0.02752 57.449
0.027528 57.449
0.027536 57.449
0.027544 57.449
0.027552 57.449
0.02756 57.449
0.027568 57.449
0.027576 57.449
0.027584 57.449
0.027592 57.449
0.0276 57.449
0.027608 57.449
0.027616 57.449
0.027624 57.449
0.027632 57.449
0.02764 57.449
0.027648 57.449
0.027656 57.449
0.027664 57.449
0.027672 57.449
0.02768 57.449
0.027688 57.449
0.027696 57.449
0.027704 57.449
0.027712 57.449
0.02772 57.449
0.027728 57.449
0.027736 57.449
0.027744 57.449
0.027752 57.449
0.02776 57.449
0.027768 57.449
0.027776 57.449
0.027784 57.449
0.027792 57.449
0.0278 57.449
0.027808 57.449
0.027816 57.449
0.027824 57.449
0.027832 57.449
0.02784 57.449
0.027848 57.449
0.027856 57.449
0.027864 57.449
0.027872 57.449
0.02788 57.449
0.027888 57.449
0.027896 57.449
0.027904 57.449
0.027912 57.449
0.02792 57.449
0.027928 57.449
0.027936 57.449
0.027944 57.449
0.027952 57.449
0.02796 57.449
0.027968 57.449
0.027976 57.449
0.027984 57.449
0.027992 57.449
0.028 57.449
1 57.449
