8e-06 28998
1.6e-05 28998
2.4e-05 28998
3.2e-05 28998
4e-05 28998
4.8e-05 28997
5.6e-05 28997
6.4e-05 28997
7.2e-05 28996
8e-05 28996
8.8e-05 28995
9.6e-05 28993
0.000104 28990
0.000112 28986
0.00012 28980
0.000128 28971
0.000136 28959
0.000144 28941
0.000152 28915
0.00016 28879
0.000168 28829
0.000176 28760
0.000184 28666
0.000192 28540
0.0002 28373
0.000208 28153
0.000216 27867
0.000224 27502
0.000232 27039
0.00024 26462
0.000248 25755
0.000256 24900
0.000264 23885
0.000272 22703
0.00028 21352
0.000288 19842
0.000296 18193
0.000304 16434
0.000312 14606
0.00032 12756
0.000328 10937
0.000336 9199
0.000344 7587
0.000352 6135.8
0.00036 4867.7
0.000368 3791.4
0.000376 2903.2
0.000384 2189.6
0.000392 1630.1
0.0004 1201.2
0.000408 878.75
0.000416 640.33
0.000424 466.38
0.000432 340.74
0.00044 250.61
0.000448 186.18
0.000456 140.16
0.000464 107.24
0.000472 83.591
0.00048 66.523
0.000488 54.135
0.000496 45.099
0.000504 38.487
0.000512 33.651
0.00052 30.137
0.000528 27.629
0.000536 25.904
0.000544 24.809
0.000552 24.238
0.00056 24.117
0.000568 24.404
0.000576 25.071
0.000584 26.109
0.000592 27.52
0.0006 29.317
0.000608 31.524
0.000616 34.173
0.000624 37.304
0.000632 40.968
0.00064 45.225
0.000648 50.146
0.000656 55.812
0.000664 62.318
0.000672 69.771
0.00068 78.294
0.000688 88.026
0.000696 99.126
0.000704 111.77
0.000712 126.16
0.00072 142.51
0.000728 161.08
0.000736 182.15
0.000744 206.01
0.000752 233.01
0.00076 263.51
0.000768 297.92
0.000776 336.68
0.000784 380.26
0.000792 429.19
0.0008 484
0.000808 545.29
0.000816 613.68
0.000824 689.83
0.000832 774.41
0.00084 868.15
0.000848 971.77
0.000856 1086
0.000864 1211.7
0.000872 1349.6
0.00088 1500.4
0.000888 1665
0.000896 1844
0.000904 2038.1
0.000912 2248.1
0.00092 2474.5
0.000928 2718
0.000936 2978.9
0.000944 3257.7
0.000952 3554.7
0.00096 3870.2
0.000968 4204.2
0.000976 4556.7
0.000984 4927.7
0.000992 5316.9
0.001 5723.9
0.001008 6148.2
0.001016 6589.2
0.001024 7046.3
0.001032 7518.5
0.00104 8004.9
0.001048 8504.5
0.001056 9016.1
0.001064 9538.5
0.001072 10070
0.00108 10610
0.001088 11157
0.001096 11710
0.001104 12266
0.001112 12824
0.00112 13384
0.001128 13943
0.001136 14500
0.001144 15054
0.001152 15603
0.00116 16147
0.001168 16684
0.001176 17213
0.001184 17732
0.001192 18242
0.0012 18741
0.001208 19228
0.001216 19703
0.001224 20165
0.001232 20613
0.00124 21047
0.001248 21468
0.001256 21873
0.001264 22265
0.001272 22641
0.00128 23003
0.001288 23349
0.001296 23681
0.001304 23999
0.001312 24302
0.00132 24591
0.001328 24866
0.001336 25128
0.001344 25376
0.001352 25612
0.00136 25835
0.001368 26046
0.001376 26245
0.001384 26433
0.001392 26610
0.0014 26777
0.001408 26933
0.001416 27081
0.001424 27219
0.001432 27348
0.00144 27470
0.001448 27583
0.001456 27689
0.001464 27788
0.001472 27881
0.00148 27967
0.001488 28047
0.001496 28121
0.001504 28190
0.001512 28255
0.00152 28314
0.001528 28370
0.001536 28421
0.001544 28468
0.001552 28512
0.00156 28553
0.001568 28590
0.001576 28625
0.001584 28657
0.001592 28686
0.0016 28713
0.001608 28738
0.001616 28761
0.001624 28782
0.001632 28801
0.00164 28818
0.001648 28835
0.001656 28849
0.001664 28863
0.001672 28875
0.00168 28887
0.001688 28897
0.001696 28906
0.001704 28915
0.001712 28923
0.00172 28930
0.001728 28937
0.001736 28942
0.001744 28948
0.001752 28953
0.00176 28957
0.001768 28961
0.001776 28965
0.001784 28968
0.001792 28971
0.0018 28974
0.001808 28976
0.001816 28978
0.001824 28980
0.001832 28982
0.00184 28984
0.001848 28985
0.001856 28987
0.001864 28988
0.001872 28989
0.00188 28990
0.001888 28991
0.001896 28991
0.001904 28992
0.001912 28993
0.00192 28993
0.001928 28994
0.001936 28994
0.001944 28995
0.001952 28995
0.00196 28995
0.001968 28996
0.001976 28996
0.001984 28996
0.001992 28996
0.002 28996
0.002008 28997
0.002016 28997
0.002024 28997
0.002032 28997
0.00204 28997
0.002048 28997
0.002056 28997
0.002064 28997
0.002072 28997
0.00208 28997
0.002088 28997
0.002096 28998
0.002104 28998
0.002112 28998
0.00212 28998
0.002128 28998
0.002136 28998
0.002144 28998
0.002152 28998
0.00216 28998
0.002168 28998
0.002176 28998
0.002184 28998
0.002192 28998
0.0022 28998
0.002208 28998
0.002216 28998
0.002224 28998
0.002232 28998
0.00224 28998
0.002248 28998
0.002256 28998
0.002264 28998
0.002272 28998
0.00228 28998
0.002288 28998
0.002296 28998
0.002304 28998
0.002312 28998
0.00232 28998
0.002328 28998
0.002336 28998
0.002344 28998
0.002352 28998
0.00236 28998
0.002368 28998
0.002376 28998
0.002384 28998
0.002392 28998
0.0024 28998
0.002408 28998
0.002416 28998
0.002424 28998
0.002432 28998
0.00244 28998
0.002448 28998
0.002456 28998
0.002464 28998
0.002472 28998
0.00248 28998
0.002488 28998
0.002496 28998
0.002504 28998
0.002512 28998
0.00252 28998
0.002528 28998
0.002536 28998
0.002544 28998
0.002552 28998
0.00256 28998
0.002568 28998
0.002576 28998
0.002584 28998
0.002592 28998
0.0026 28998
0.002608 28998
0.002616 28998
0.002624 28998
0.002632 28998
0.00264 28998
0.002648 28998
0.002656 28998
0.002664 28998
0.002672 28998
0.00268 28998
0.002688 28998
0.002696 28998
0.002704 28998
0.002712 28998
0.00272 28998
0.002728 28998
0.002736 28998
0.002744 28998
0.002752 28998
0.00276 28998
0.002768 28998
0.002776 28998
0.002784 28998
0.002792 28998
0.0028 28998
0.002808 28998
0.002816 28998
0.002824 28998
0.002832 28998
0.00284 28998
0.002848 28998
0.002856 28998
0.002864 28998
0.002872 28998
0.00288 28998
0.002888 28998
0.002896 28998
0.002904 28998
0.002912 28998
0.00292 28998
0.002928 28998
0.002936 28998
0.002944 28998
0.002952 28998
0.00296 28998
0.002968 28998
0.002976 28998
0.002984 28998
0.002992 28998
0.003 28998
0.003008 28998
0.003016 28998
0.003024 28998
0.003032 28998
0.00304 28998
0.003048 28998
0.003056 28998
0.003064 28998
0.003072 28998
0.00308 28998
0.003088 28998
0.003096 28998
0.003104 28998
0.003112 28998
0.00312 28998
0.003128 28998
0.003136 28998
0.003144 28998
0.003152 28998
0.00316 28998
0.003168 28998
0.003176 28998
0.003184 28998
0.003192 28998
0.0032 28998
0.003208 28998
0.003216 28998
0.003224 28998
0.003232 28998
0.00324 28998
0.003248 28998
0.003256 28998
0.003264 28998
0.003272 28998
0.00328 28998
0.003288 28998
0.003296 28998
0.003304 28998
0.003312 28998
0.00332 28998
0.003328 28998
0.003336 28998
0.003344 28998
0.003352 28998
0.00336 28998
0.003368 28998
0.003376 28998
0.003384 28998
0.003392 28998
0.0034 28998
0.003408 28998
0.003416 28998
0.003424 28998
0.003432 28998
0.00344 28998
0.003448 28998
0.003456 28998
0.003464 28998
0.003472 28998
0.00348 28998
0.003488 28998
0.003496 28998
0.003504 28998
0.003512 28998
0.00352 28998
0.003528 28998
0.003536 28998
0.003544 28998
0.003552 28998
0.00356 28998
0.003568 28998
0.003576 28998
0.003584 28998
0.003592 28998
0.0036 28998
0.003608 28998
0.003616 28998
0.003624 28998
0.003632 28998
0.00364 28998
0.003648 28998
0.003656 28998
0.003664 28998
0.003672 28998
0.00368 28998
0.003688 28998
0.003696 28998
0.003704 28998
0.003712 28998
0.00372 28998
0.003728 28998
0.003736 28998
0.003744 28998
0.003752 28998
0.00376 28998
0.003768 28998
0.003776 28998
0.003784 28998
0.003792 28998
0.0038 28998
0.003808 28998
0.003816 28998
0.003824 28998
0.003832 28998
0.00384 28998
0.003848 28998
0.003856 28998
0.003864 28998
0.003872 28998
0.00388 28998
0.003888 28998
0.003896 28998
0.003904 28998
0.003912 28998
0.00392 28998
0.003928 28998
0.003936 28998
0.003944 28998
0.003952 28998
0.00396 28998
0.003968 28998
0.003976 28998
0.003984 28998
0.003992 28998
0.004 28998
0.004008 28998
0.004016 28998
0.004024 28998
0.004032 28998
0.00404 28998
0.004048 28998
0.004056 28998
0.004064 28998
0.004072 28998
0.00408 28998
0.004088 28998
0.004096 28998
0.004104 28998
0.004112 28998
0.00412 28998
0.004128 28998
0.004136 28998
0.004144 28998
0.004152 28998
0.00416 28998
0.004168 28998
0.004176 28998
0.004184 28998
0.004192 28998
0.0042 28998
0.004208 28998
0.004216 28998
0.004224 28998
0.004232 28998
0.00424 28998
0.004248 28998
0.004256 28998
0.004264 28998
0.004272 28998
0.00428 28998
0.004288 28998
0.004296 28998
0.004304 28998
0.004312 28998
0.00432 28998
0.004328 28998
0.004336 28998
0.004344 28998
0.004352 28998
0.00436 28998
0.004368 28998
0.004376 28998
0.004384 28998
0.004392 28998
0.0044 28998
0.004408 28998
0.004416 28998
0.004424 28998
0.004432 28998
0.00444 28998
0.004448 28998
0.004456 28998
0.004464 28998
0.004472 28998
0.00448 28998
0.004488 28998
0.004496 28998
0.004504 28998
0.004512 28998
0.00452 28998
0.004528 28998
0.004536 28998
0.004544 28998
0.004552 28998
0.00456 28998
0.004568 28998
0.004576 28998
0.004584 28998
0.004592 28998
0.0046 28998
0.004608 28998
0.004616 28998
0.004624 28998
0.004632 28998
0.00464 28998
0.004648 28998
0.004656 28998
0.004664 28998
0.004672 28998
0.00468 28998
0.004688 28998
0.004696 28998
0.004704 28998
0.004712 28998
0.00472 28998
0.004728 28998
0.004736 28998
0.004744 28998
0.004752 28998
0.00476 28998
0.004768 28998
0.004776 28998
0.004784 28998
0.004792 28998
0.0048 28998
0.004808 28998
0.004816 28998
0.004824 28998
0.004832 28998
0.00484 28998
0.004848 28998
0.004856 28998
0.004864 28998
0.004872 28998
0.00488 28998
0.004888 28998
0.004896 28998
0.004904 28998
0.004912 28998
0.00492 28998
0.004928 28998
0.004936 28998
0.004944 28998
0.004952 28998
0.00496 28998
0.004968 28998
0.004976 28998
0.004984 28998
0.004992 28998
0.005 28998
0.005008 28998
0.005016 28998
0.005024 28998
0.005032 28998
0.00504 28998
0.005048 28998
0.005056 28998
0.005064 28998
0.005072 28998
0.00508 28998
0.005088 28998
0.005096 28998
0.005104 28998
0.005112 28998
0.00512 28998
0.005128 28998
0.005136 28998
0.005144 28998
0.005152 28998
0.00516 28998
0.005168 28998
0.005176 28998
0.005184 28998
0.005192 28998
0.0052 28998
0.005208 28998
0.005216 28998
0.005224 28998
0.005232 28998
0.00524 28998
0.005248 28998
0.005256 28998
0.005264 28998
0.005272 28998
0.00528 28998
0.005288 28998
0.005296 28998
0.005304 28998
0.005312 28998
0.00532 28998
0.005328 28998
0.005336 28998
0.005344 28998
0.005352 28998
0.00536 28998
0.005368 28998
0.005376 28998
0.005384 28998
0.005392 28998
0.0054 28998
0.005408 28998
0.005416 28998
0.005424 28998
0.005432 28998
0.00544 28998
0.005448 28998
0.005456 28998
0.005464 28998
0.005472 28998
0.00548 28998
0.005488 28998
0.005496 28998
0.005504 28998
0.005512 28998
0.00552 28998
0.005528 28998
0.005536 28998
0.005544 28998
0.005552 28998
0.00556 28998
0.005568 28998
0.005576 28998
0.005584 28998
0.005592 28998
0.0056 28998
0.005608 28998
0.005616 28998
0.005624 28998
0.005632 28998
0.00564 28998
0.005648 28998
0.005656 28998
0.005664 28998
0.005672 28998
0.00568 28998
0.005688 28998
0.005696 28998
0.005704 28998
0.005712 28998
0.00572 28998
0.005728 28998
0.005736 28998
0.005744 28998
0.005752 28998
0.00576 28998
0.005768 28998
0.005776 28998
0.005784 28998
0.005792 28998
0.0058 28998
0.005808 28998
0.005816 28998
0.005824 28998
0.005832 28998
0.00584 28998
0.005848 28998
0.005856 28998
0.005864 28998
0.005872 28998
0.00588 28998
0.005888 28998
0.005896 28998
0.005904 28998
0.005912 28998
0.00592 28998
0.005928 28998
0.005936 28998
0.005944 28998
0.005952 28998
0.00596 28998
0.005968 28998
0.005976 28998
0.005984 28998
0.005992 28998
0.006 28998
0.006008 28998
0.006016 28998
0.006024 28998
0.006032 28998
0.00604 28998
0.006048 28998
0.006056 28998
0.006064 28998
0.006072 28998
0.00608 28998
0.006088 28998
0.006096 28998
0.006104 28998
0.006112 28998
0.00612 28998
0.006128 28998
0.006136 28998
0.006144 28998
0.006152 28998
0.00616 28998
0.006168 28998
0.006176 28998
0.006184 28998
0.006192 28998
0.0062 28998
0.006208 28998
0.006216 28998
0.006224 28998
0.006232 28998
0.00624 28998
0.006248 28998
0.006256 28998
0.006264 28998
0.006272 28998
0.00628 28998
0.006288 28998
0.006296 28998
0.006304 28998
0.006312 28998
0.00632 28998
0.006328 28998
0.006336 28998
0.006344 28998
0.006352 28998
0.00636 28998
0.006368 28998
0.006376 28998
0.006384 28998
0.006392 28998
0.0064 28998
0.006408 28998
0.006416 28998
0.006424 28998
0.006432 28998
0.00644 28998
0.006448 28998
0.006456 28998
0.006464 28998
0.006472 28998
0.00648 28998
0.006488 28998
0.006496 28998
0.006504 28998
0.006512 28998
0.00652 28998
0.006528 28998
0.006536 28998
0.006544 28998
0.006552 28998
0.00656 28998
0.006568 28998
0.006576 28998
0.006584 28998
0.006592 28998
0.0066 28998
0.006608 28998
0.006616 28998
0.006624 28998
0.006632 28998
0.00664 28998
0.006648 28998
0.006656 28998
0.006664 28998
0.006672 28998
0.00668 28998
0.006688 28998
0.006696 28998
0.006704 28998
0.006712 28998
0.00672 28998
0.006728 28998
0.006736 28998
0.006744 28998
0.006752 28998
0.00676 28998
0.006768 28998
0.006776 28998
0.006784 28998
0.006792 28998
0.0068 28998
0.006808 28998
0.006816 28998
0.006824 28998
0.006832 28998
0.00684 28998
0.006848 28998
0.006856 28998
0.006864 28998
0.006872 28998
0.00688 28998
0.006888 28998
0.006896 28998
0.006904 28998
0.006912 28998
0.00692 28998
0.006928 28998
0.006936 28998
0.006944 28998
0.006952 28998
0.00696 28998
0.006968 28998
0.006976 28998
0.006984 28998
0.006992 28998
0.007 28998
0.007008 28998
0.007016 28998
0.007024 28998
0.007032 28998
0.00704 28998
0.007048 28998
0.007056 28998
0.007064 28998
0.007072 28998
0.00708 28998
0.007088 28998
0.007096 28998
0.007104 28998
0.007112 28998
0.00712 28998
0.007128 28998
0.007136 28998
0.007144 28998
0.007152 28998
0.00716 28998
0.007168 28998
0.007176 28998
0.007184 28998
0.007192 28998
0.0072 28998
0.007208 28998
0.007216 28998
0.007224 28998
0.007232 28998
0.00724 28998
0.007248 28998
0.007256 28998
0.007264 28998
0.007272 28998
0.00728 28998
0.007288 28998
0.007296 28998
0.007304 28998
0.007312 28998
0.00732 28998
0.007328 28998
0.007336 28998
0.007344 28998
0.007352 28998
0.00736 28998
0.007368 28998
0.007376 28998
0.007384 28998
0.007392 28998
0.0074 28998
0.007408 28998
0.007416 28998
0.007424 28998
0.007432 28998
0.00744 28998
0.007448 28998
0.007456 28998
0.007464 28998
0.007472 28998
0.00748 28998
0.007488 28998
0.007496 28998
0.007504 28998
0.007512 28998
0.00752 28998
0.007528 28998
0.007536 28998
0.007544 28998
0.007552 28998
0.00756 28998
0.007568 28998
0.007576 28998
0.007584 28998
0.007592 28998
0.0076 28998
0.007608 28998
0.007616 28998
0.007624 28998
0.007632 28998
0.00764 28998
0.007648 28998
0.007656 28998
0.007664 28998
0.007672 28998
0.00768 28998
0.007688 28998
0.007696 28998
0.007704 28998
0.007712 28998
0.00772 28998
0.007728 28998
0.007736 28998
0.007744 28998
0.007752 28998
0.00776 28998
0.007768 28998
0.007776 28998
0.007784 28998
0.007792 28998
0.0078 28998
0.007808 28998
0.007816 28998
0.007824 28998
0.007832 28998
0.00784 28998
0.007848 28998
0.007856 28998
0.007864 28998
0.007872 28998
0.00788 28998
0.007888 28998
0.007896 28998
0.007904 28998
0.007912 28998
0.00792 28998
0.007928 28998
0.007936 28998
0.007944 28998
0.007952 28998
0.00796 28998
0.007968 28998
0.007976 28998
0.007984 28998
0.007992 28998
0.008 28998
0.008008 28998
0.008016 28998
0.008024 28998
0.008032 28998
0.00804 28998
0.008048 28998
0.008056 28998
0.008064 28998
0.008072 28998
0.00808 28998
0.008088 28998
0.008096 28998
0.008104 28998
0.008112 28998
0.00812 28998
0.008128 28998
0.008136 28998
0.008144 28998
0.008152 28998
0.00816 28998
0.008168 28998
0.008176 28998
0.008184 28998
0.008192 28998
0.0082 28998
0.008208 28998
0.008216 28998
0.008224 28998
0.008232 28998
0.00824 28998
0.008248 28998
0.008256 28998
0.008264 28998
0.008272 28998
0.00828 28998
0.008288 28998
0.008296 28998
0.008304 28998
0.008312 28998
0.00832 28998
0.008328 28998
0.008336 28998
0.008344 28998
0.008352 28998
0.00836 28998
0.008368 28998
0.008376 28998
0.008384 28998
0.008392 28998
0.0084 28998
0.008408 28998
0.008416 28998
0.008424 28998
0.008432 28998
0.00844 28998
0.008448 28998
0.008456 28998
0.008464 28998
0.008472 28998
0.00848 28998
0.008488 28998
0.008496 28998
0.008504 28998
0.008512 28998
0.00852 28998
0.008528 28998
0.008536 28998
0.008544 28998
0.008552 28998
0.00856 28998
0.008568 28998
0.008576 28998
0.008584 28998
0.008592 28998
0.0086 28998
0.008608 28998
0.008616 28998
0.008624 28998
0.008632 28998
0.00864 28998
0.008648 28998
0.008656 28998
0.008664 28998
0.008672 28998
0.00868 28998
0.008688 28998
0.008696 28998
0.008704 28998
0.008712 28998
0.00872 28998
0.008728 28998
0.008736 28998
0.008744 28998
0.008752 28998
0.00876 28998
0.008768 28998
0.008776 28998
0.008784 28998
0.008792 28998
0.0088 28998
0.008808 28998
0.008816 28998
0.008824 28998
0.008832 28998
0.00884 28998
0.008848 28998
0.008856 28998
0.008864 28998
0.008872 28998
0.00888 28998
0.008888 28998
0.008896 28998
0.008904 28998
0.008912 28998
0.00892 28998
0.008928 28998
0.008936 28998
0.008944 28998
0.008952 28998
0.00896 28998
0.008968 28998
0.008976 28998
0.008984 28998
0.008992 28998
0.009 28998
0.009008 28998
0.009016 28998
0.009024 28998
0.009032 28998
0.00904 28998
0.009048 28998
0.009056 28998
0.009064 28998
0.009072 28998
0.00908 28998
0.009088 28998
0.009096 28998
0.009104 28998
0.009112 28998
0.00912 28998
0.009128 28998
0.009136 28998
0.009144 28998
0.009152 28998
0.00916 28998
0.009168 28998
0.009176 28998
0.009184 28998
0.009192 28998
0.0092 28998
0.009208 28998
0.009216 28998
0.009224 28998
0.009232 28998
0.00924 28998
0.009248 28998
0.009256 28998
0.009264 28998
0.009272 28998
0.00928 28998
0.009288 28998
0.009296 28998
0.009304 28998
0.009312 28998
0.00932 28998
0.009328 28998
0.009336 28998
0.009344 28998
0.009352 28998
0.00936 28998
0.009368 28998
0.009376 28998
0.009384 28998
0.009392 28998
0.0094 28998
0.009408 28998
0.009416 28998
0.009424 28998
0.009432 28998
0.00944 28998
0.009448 28998
0.009456 28998
0.009464 28998
0.009472 28998
0.00948 28998
0.009488 28998
0.009496 28998
0.009504 28998
0.009512 28998
0.00952 28998
0.009528 28998
0.009536 28998
0.009544 28998
0.009552 28998
0.00956 28998
0.009568 28998
0.009576 28998
0.009584 28998
0.009592 28998
0.0096 28998
0.009608 28998
0.009616 28998
0.009624 28998
0.009632 28998
0.00964 28998
0.009648 28998
0.009656 28998
0.009664 28998
0.009672 28998
0.00968 28998
0.009688 28998
0.009696 28998
0.009704 28998
0.009712 28998
0.00972 28998
0.009728 28998
0.009736 28998
0.009744 28998
0.009752 28998
0.00976 28998
0.009768 28998
0.009776 28998
0.009784 28998
0.009792 28998
0.0098 28998
0.009808 28998
0.009816 28998
0.009824 28998
0.009832 28998
0.00984 28998
0.009848 28998
0.009856 28998
0.009864 28998
0.009872 28998
0.00988 28998
0.009888 28998
0.009896 28998
0.009904 28998
0.009912 28998
0.00992 28998
0.009928 28998
0.009936 28998
0.009944 28998
0.009952 28998
0.00996 28998
0.009968 28998
0.009976 28998
0.009984 28998
0.009992 28998
0.01 28998
0.010008 28998
0.010016 28998
0.010024 28998
0.010032 28998
0.01004 28998
0.010048 28998
0.010056 28998
0.010064 28998
0.010072 28998
0.01008 28998
0.010088 28998
0.010096 28998
0.010104 28998
0.010112 28998
0.01012 28998
0.010128 28998
0.010136 28998
0.010144 28998
0.010152 28998
0.01016 28998
0.010168 28998
0.010176 28998
0.010184 28998
0.010192 28998
0.0102 28998
0.010208 28998
0.010216 28998
0.010224 28998
0.010232 28998
0.01024 28998
0.010248 28998
0.010256 28998
0.010264 28998
0.010272 28998
0.01028 28998
0.010288 28998
0.010296 28998
0.010304 28998
0.010312 28998
0.01032 28998
0.010328 28998
0.010336 28998
0.010344 28998
0.010352 28998
0.01036 28998
0.010368 28998
0.010376 28998
0.010384 28998
0.010392 28998
0.0104 28998
0.010408 28998
0.010416 28998
0.010424 28998
0.010432 28998
0.01044 28998
0.010448 28998
0.010456 28998
0.010464 28998
0.010472 28998
0.01048 28998
0.010488 28998
0.010496 28998
0.010504 28998
0.010512 28998
0.01052 28998
0.010528 28998
0.010536 28998
0.010544 28998
0.010552 28998
0.01056 28998
0.010568 28998
0.010576 28998
0.010584 28998
0.010592 28998
0.0106 28998
0.010608 28998
0.010616 28998
0.010624 28998
0.010632 28998
0.01064 28998
0.010648 28998
0.010656 28998
0.010664 28998
0.010672 28998
0.01068 28998
0.010688 28998
0.010696 28998
0.010704 28998
0.010712 28998
0.01072 28998
0.010728 28998
0.010736 28998
0.010744 28998
0.010752 28998
0.01076 28998
0.010768 28998
0.010776 28998
0.010784 28998
0.010792 28998
0.0108 28998
0.010808 28998
0.010816 28998
0.010824 28998
0.010832 28998
0.01084 28998
0.010848 28998
0.010856 28998
0.010864 28998
0.010872 28998
0.01088 28998
0.010888 28998
0.010896 28998
0.010904 28998
0.010912 28998
0.01092 28998
0.010928 28998
0.010936 28998
0.010944 28998
0.010952 28998
0.01096 28998
0.010968 28998
0.010976 28998
0.010984 28998
0.010992 28998
0.011 28998
0.011008 28998
0.011016 28998
0.011024 28998
0.011032 28998
0.01104 28998
0.011048 28998
0.011056 28998
0.011064 28998
0.011072 28998
0.01108 28998
0.011088 28998
0.011096 28998
0.011104 28998
0.011112 28998
0.01112 28998
0.011128 28998
0.011136 28998
0.011144 28998
0.011152 28998
0.01116 28998
0.011168 28998
0.011176 28998
0.011184 28998
0.011192 28998
0.0112 28998
0.011208 28998
0.011216 28998
0.011224 28998
0.011232 28998
0.01124 28998
0.011248 28998
0.011256 28998
0.011264 28998
0.011272 28998
0.01128 28998
0.011288 28998
0.011296 28998
0.011304 28998
0.011312 28998
0.01132 28998
0.011328 28998
0.011336 28998
0.011344 28998
0.011352 28998
0.01136 28998
0.011368 28998
0.011376 28998
0.011384 28998
0.011392 28998
0.0114 28998
0.011408 28998
0.011416 28998
0.011424 28998
0.011432 28998
0.01144 28998
0.011448 28998
0.011456 28998
0.011464 28998
0.011472 28998
0.01148 28998
0.011488 28998
0.011496 28998
0.011504 28998
0.011512 28998
0.01152 28998
0.011528 28998
0.011536 28998
0.011544 28998
0.011552 28998
0.01156 28998
0.011568 28998
0.011576 28998
0.011584 28998
0.011592 28998
0.0116 28998
0.011608 28998
0.011616 28998
0.011624 28998
0.011632 28998
0.01164 28998
0.011648 28998
0.011656 28998
0.011664 28998
0.011672 28998
0.01168 28998
0.011688 28998
0.011696 28998
0.011704 28998
0.011712 28998
0.01172 28998
0.011728 28998
0.011736 28998
0.011744 28998
0.011752 28998
0.01176 28998
0.011768 28998
0.011776 28998
0.011784 28998
0.011792 28998
0.0118 28998
0.011808 28998
0.011816 28998
0.011824 28998
0.011832 28998
0.01184 28998
0.011848 28998
0.011856 28998
0.011864 28998
0.011872 28998
0.01188 28998
0.011888 28998
0.011896 28998
0.011904 28998
0.011912 28998
0.01192 28998
0.011928 28998
0.011936 28998
0.011944 28998
0.011952 28998
0.01196 28998
0.011968 28998
0.011976 28998
0.011984 28998
0.011992 28998
0.012 28998
0.012008 28998
0.012016 28998
0.012024 28998
0.012032 28998
0.01204 28998
0.012048 28998
0.012056 28998
0.012064 28998
0.012072 28998
0.01208 28998
0.012088 28998
0.012096 28998
0.012104 28998
0.012112 28998
0.01212 28998
0.012128 28998
0.012136 28998
0.012144 28998
0.012152 28998
0.01216 28998
0.012168 28998
0.012176 28998
0.012184 28998
0.012192 28998
0.0122 28998
0.012208 28998
0.012216 28998
0.012224 28998
0.012232 28998
0.01224 28998
0.012248 28998
0.012256 28998
0.012264 28998
0.012272 28998
0.01228 28998
0.012288 28998
0.012296 28998
0.012304 28998
0.012312 28998
0.01232 28998
0.012328 28998
0.012336 28998
0.012344 28998
0.012352 28998
0.01236 28998
0.012368 28998
0.012376 28998
0.012384 28998
0.012392 28998
0.0124 28998
0.012408 28998
0.012416 28998
0.012424 28998
0.012432 28998
0.01244 28998
0.012448 28998
0.012456 28998
0.012464 28998
0.012472 28998
0.01248 28998
0.012488 28998
0.012496 28998
0.012504 28998
0.012512 28998
0.01252 28998
0.012528 28998
0.012536 28998
0.012544 28998
0.012552 28998
0.01256 28998
0.012568 28998
0.012576 28998
0.012584 28998
0.012592 28998
0.0126 28998
0.012608 28998
0.012616 28998
0.012624 28998
0.012632 28998
0.01264 28998
0.012648 28998
0.012656 28998
0.012664 28998
0.012672 28998
0.01268 28998
0.012688 28998
0.012696 28998
0.012704 28998
0.012712 28998
0.01272 28998
0.012728 28998
0.012736 28998
0.012744 28998
0.012752 28998
0.01276 28998
0.012768 28998
0.012776 28998
0.012784 28998
0.012792 28998
0.0128 28998
0.012808 28998
0.012816 28998
0.012824 28998
0.012832 28998
0.01284 28998
0.012848 28998
0.012856 28998
0.012864 28998
0.012872 28998
0.01288 28998
0.012888 28998
0.012896 28998
0.012904 28998
0.012912 28998
0.01292 28998
0.012928 28998
0.012936 28998
0.012944 28998
0.012952 28998
0.01296 28998
0.012968 28998
0.012976 28998
0.012984 28998
0.012992 28998
0.013 28998
0.013008 28998
0.013016 28998
0.013024 28998
0.013032 28998
0.01304 28998
0.013048 28998
0.013056 28998
0.013064 28998
0.013072 28998
0.01308 28998
0.013088 28998
0.013096 28998
0.013104 28998
0.013112 28998
0.01312 28998
0.013128 28998
0.013136 28998
0.013144 28998
0.013152 28998
0.01316 28998
0.013168 28998
0.013176 28998
0.013184 28998
0.013192 28998
0.0132 28998
0.013208 28998
0.013216 28998
0.013224 28998
0.013232 28998
0.01324 28998
0.013248 28998
0.013256 28998
0.013264 28998
0.013272 28998
0.01328 28998
0.013288 28998
0.013296 28998
0.013304 28998
0.013312 28998
0.01332 28998
0.013328 28998
0.013336 28998
0.013344 28998
0.013352 28998
0.01336 28998
0.013368 28998
0.013376 28998
0.013384 28998
0.013392 28998
0.0134 28998
0.013408 28998
0.013416 28998
0.013424 28998
0.013432 28998
0.01344 28998
0.013448 28998
0.013456 28998
0.013464 28998
0.013472 28998
0.01348 28998
0.013488 28998
0.013496 28998
0.013504 28998
0.013512 28998
0.01352 28998
0.013528 28998
0.013536 28998
0.013544 28998
0.013552 28998
0.01356 28998
0.013568 28998
0.013576 28998
0.013584 28998
0.013592 28998
0.0136 28998
0.013608 28998
0.013616 28998
0.013624 28998
0.013632 28998
0.01364 28998
0.013648 28998
0.013656 28998
0.013664 28998
0.013672 28998
0.01368 28998
0.013688 28998
0.013696 28998
0.013704 28998
0.013712 28998
0.01372 28998
0.013728 28998
0.013736 28998
0.013744 28998
0.013752 28998
0.01376 28998
0.013768 28998
0.013776 28998
0.013784 28998
0.013792 28998
0.0138 28998
0.013808 28998
0.013816 28998
0.013824 28998
0.013832 28998
0.01384 28998
0.013848 28998
0.013856 28998
0.013864 28998
0.013872 28998
0.01388 28998
0.013888 28998
0.013896 28998
0.013904 28998
0.013912 28998
0.01392 28998
0.013928 28998
0.013936 28998
0.013944 28998
0.013952 28998
0.01396 28998
0.013968 28998
0.013976 28998
0.013984 28998
0.013992 28998
0.014 28998
0.014008 28998
0.014016 28998
0.014024 28998
0.014032 28998
0.01404 28998
0.014048 28998
0.014056 28998
0.014064 28998
0.014072 28998
0.01408 28998
0.014088 28998
0.014096 28998
0.014104 28998
0.014112 28998
0.01412 28998
0.014128 28998
0.014136 28998
0.014144 28998
0.014152 28998
0.01416 28998
0.014168 28998
0.014176 28998
0.014184 28998
0.014192 28998
0.0142 28998
0.014208 28998
0.014216 28998
0.014224 28998
0.014232 28998
0.01424 28998
0.014248 28998
0.014256 28998
0.014264 28998
0.014272 28998
0.01428 28998
0.014288 28998
0.014296 28998
0.014304 28998
0.014312 28998
0.01432 28998
0.014328 28998
0.014336 28998
0.014344 28998
0.014352 28998
0.01436 28998
0.014368 28998
0.014376 28998
0.014384 28998
0.014392 28998
0.0144 28998
0.014408 28998
0.014416 28998
0.014424 28998
0.014432 28998
0.01444 28998
0.014448 28998
0.014456 28998
0.014464 28998
0.014472 28998
0.01448 28998
0.014488 28998
0.014496 28998
0.014504 28998
0.014512 28998
0.01452 28998
0.014528 28998
0.014536 28998
0.014544 28998
0.014552 28998
0.01456 28998
0.014568 28998
0.014576 28998
0.014584 28998
0.014592 28998
0.0146 28998
0.014608 28998
0.014616 28998
0.014624 28998
0.014632 28998
0.01464 28998
0.014648 28998
0.014656 28998
0.014664 28998
0.014672 28998
0.01468 28998
0.014688 28998
0.014696 28998
0.014704 28998
0.014712 28998
0.01472 28998
0.014728 28998
0.014736 28998
0.014744 28998
0.014752 28998
0.01476 28998
0.014768 28998
0.014776 28998
0.014784 28998
0.014792 28998
0.0148 28998
0.014808 28998
0.014816 28998
0.014824 28998
0.014832 28998
0.01484 28998
0.014848 28998
0.014856 28998
0.014864 28998
0.014872 28998
0.01488 28998
0.014888 28998
0.014896 28998
0.014904 28998
0.014912 28998
0.01492 28998
0.014928 28998
0.014936 28998
0.014944 28998
0.014952 28998
0.01496 28998
0.014968 28998
0.014976 28998
0.014984 28998
0.014992 28998
0.015 28998
0.015008 28998
0.015016 28998
0.015024 28998
0.015032 28998
0.01504 28998
0.015048 28998
0.015056 28998
0.015064 28998
0.015072 28998
0.01508 28998
0.015088 28998
0.015096 28998
0.015104 28998
0.015112 28998
0.01512 28998
0.015128 28998
0.015136 28998
0.015144 28998
0.015152 28998
0.01516 28998
0.015168 28998
0.015176 28998
0.015184 28998
0.015192 28998
0.0152 28998
0.015208 28998
0.015216 28998
0.015224 28998
0.015232 28998
0.01524 28998
0.015248 28998
0.015256 28998
0.015264 28998
0.015272 28998
0.01528 28998
0.015288 28998
0.015296 28998
0.015304 28998
0.015312 28998
0.01532 28998
0.015328 28998
0.015336 28998
0.015344 28998
0.015352 28998
0.01536 28998
0.015368 28998
0.015376 28998
0.015384 28998
0.015392 28998
0.0154 28998
0.015408 28998
0.015416 28998
0.015424 28998
0.015432 28998
0.01544 28998
0.015448 28998
0.015456 28998
0.015464 28998
0.015472 28998
0.01548 28998
0.015488 28998
0.015496 28998
0.015504 28998
0.015512 28998
0.01552 28998
0.015528 28998
0.015536 28998
0.015544 28998
0.015552 28998
0.01556 28998
0.015568 28998
0.015576 28998
0.015584 28998
0.015592 28998
0.0156 28998
0.015608 28998
0.015616 28998
0.015624 28998
0.015632 28998
0.01564 28998
0.015648 28998
0.015656 28998
0.015664 28998
0.015672 28998
0.01568 28998
0.015688 28998
0.015696 28998
0.015704 28998
0.015712 28998
0.01572 28998
0.015728 28998
0.015736 28998
0.015744 28998
0.015752 28998
0.01576 28998
0.015768 28998
0.015776 28998
0.015784 28998
0.015792 28998
0.0158 28998
0.015808 28998
0.015816 28998
0.015824 28998
0.015832 28998
0.01584 28998
0.015848 28998
0.015856 28998
0.015864 28998
0.015872 28998
0.01588 28998
0.015888 28998
0.015896 28998
0.015904 28998
0.015912 28998
0.01592 28998
0.015928 28998
0.015936 28998
0.015944 28998
0.015952 28998
0.01596 28998
0.015968 28998
0.015976 28998
0.015984 28998
0.015992 28998
0.016 28998
0.016008 28998
0.016016 28998
0.016024 28998
0.016032 28998
0.01604 28998
0.016048 28998
0.016056 28998
0.016064 28998
0.016072 28998
0.01608 28998
0.016088 28998
0.016096 28998
0.016104 28998
0.016112 28998
0.01612 28998
0.016128 28998
0.016136 28998
0.016144 28998
0.016152 28998
0.01616 28998
0.016168 28998
0.016176 28998
0.016184 28998
0.016192 28998
0.0162 28998
0.016208 28998
0.016216 28998
0.016224 28998
0.016232 28998
0.01624 28998
0.016248 28998
0.016256 28998
0.016264 28998
0.016272 28998
0.01628 28998
0.016288 28998
0.016296 28998
0.016304 28998
0.016312 28998
0.01632 28998
0.016328 28998
0.016336 28998
0.016344 28998
0.016352 28998
0.01636 28998
0.016368 28998
0.016376 28998
0.016384 28998
0.016392 28998
0.0164 28998
0.016408 28998
0.016416 28998
0.016424 28998
0.016432 28998
0.01644 28998
0.016448 28998
0.016456 28998
0.016464 28998
0.016472 28998
0.01648 28998
0.016488 28998
0.016496 28998
0.016504 28998
0.016512 28998
0.01652 28998
0.016528 28998
0.016536 28998
0.016544 28998
0.016552 28998
0.01656 28998
0.016568 28998
0.016576 28998
0.016584 28998
0.016592 28998
0.0166 28998
0.016608 28998
0.016616 28998
0.016624 28998
0.016632 28998
0.01664 28998
0.016648 28998
0.016656 28998
0.016664 28998
0.016672 28998
0.01668 28998
0.016688 28998
0.016696 28998
0.016704 28998
0.016712 28998
0.01672 28998
0.016728 28998
0.016736 28998
0.016744 28998
0.016752 28998
0.01676 28998
0.016768 28998
0.016776 28998
0.016784 28998
0.016792 28998
0.0168 28998
0.016808 28998
0.016816 28998
0.016824 28998
0.016832 28998
0.01684 28998
0.016848 28998
0.016856 28998
0.016864 28998
0.016872 28998
0.01688 28998
0.016888 28998
0.016896 28998
0.016904 28998
0.016912 28998
0.01692 28998
0.016928 28998
0.016936 28998
0.016944 28998
0.016952 28998
0.01696 28998
0.016968 28998
0.016976 28998
0.016984 28998
0.016992 28998
0.017 28998
0.017008 28998
0.017016 28998
0.017024 28998
0.017032 28998
0.01704 28998
0.017048 28998
0.017056 28998
0.017064 28998
0.017072 28998
0.01708 28998
0.017088 28998
0.017096 28998
0.017104 28998
0.017112 28998
0.01712 28998
0.017128 28998
0.017136 28998
0.017144 28998
0.017152 28998
0.01716 28998
0.017168 28998
0.017176 28998
0.017184 28998
0.017192 28998
0.0172 28998
0.017208 28998
0.017216 28998
0.017224 28998
0.017232 28998
0.01724 28998
0.017248 28998
0.017256 28998
0.017264 28998
0.017272 28998
0.01728 28998
0.017288 28998
0.017296 28998
0.017304 28998
0.017312 28998
0.01732 28998
0.017328 28998
0.017336 28998
0.017344 28998
0.017352 28998
0.01736 28998
0.017368 28998
0.017376 28998
0.017384 28998
0.017392 28998
0.0174 28998
0.017408 28998
0.017416 28998
0.017424 28998
0.017432 28998
0.01744 28998
0.017448 28998
0.017456 28998
0.017464 28998
0.017472 28998
0.01748 28998
0.017488 28998
0.017496 28998
0.017504 28998
0.017512 28998
0.01752 28998
0.017528 28998
0.017536 28998
0.017544 28998
0.017552 28998
0.01756 28998
0.017568 28998
0.017576 28998
0.017584 28998
0.017592 28998
0.0176 28998
0.017608 28998
0.017616 28998
0.017624 28998
0.017632 28998
0.01764 28998
0.017648 28998
0.017656 28998
0.017664 28998
0.017672 28998
0.01768 28998
0.017688 28998
0.017696 28998
0.017704 28998
0.017712 28998
0.01772 28998
0.017728 28998
0.017736 28998
0.017744 28998
0.017752 28998
0.01776 28998
0.017768 28998
0.017776 28998
0.017784 28998
0.017792 28998
0.0178 28998
0.017808 28998
0.017816 28998
0.017824 28998
0.017832 28998
0.01784 28998
0.017848 28998
0.017856 28998
0.017864 28998
0.017872 28998
0.01788 28998
0.017888 28998
0.017896 28998
0.017904 28998
0.017912 28998
0.01792 28998
0.017928 28998
0.017936 28998
0.017944 28998
0.017952 28998
0.01796 28998
0.017968 28998
0.017976 28998
0.017984 28998
0.017992 28998
0.018 28998
0.018008 28998
0.018016 28998
0.018024 28998
0.018032 28998
0.01804 28998
0.018048 28998
0.018056 28998
0.018064 28998
0.018072 28998
0.01808 28998
0.018088 28998
0.018096 28998
0.018104 28998
0.018112 28998
0.01812 28998
0.018128 28998
0.018136 28998
0.018144 28998
0.018152 28998
0.01816 28998
0.018168 28998
0.018176 28998
0.018184 28998
0.018192 28998
0.0182 28998
0.018208 28998
0.018216 28998
0.018224 28998
0.018232 28998
0.01824 28998
0.018248 28998
0.018256 28998
0.018264 28998
0.018272 28998
0.01828 28998
0.018288 28998
0.018296 28998
0.018304 28998
0.018312 28998
0.01832 28998
0.018328 28998
0.018336 28998
0.018344 28998
0.018352 28998
0.01836 28998
0.018368 28998
0.018376 28998
0.018384 28998
0.018392 28998
0.0184 28998
0.018408 28998
0.018416 28998
0.018424 28998
0.018432 28998
0.01844 28998
0.018448 28998
0.018456 28998
0.018464 28998
0.018472 28998
0.01848 28998
0.018488 28998
0.018496 28998
0.018504 28998
0.018512 28998
0.01852 28998
0.018528 28998
0.018536 28998
0.018544 28998
0.018552 28998
0.01856 28998
0.018568 28998
0.018576 28998
0.018584 28998
0.018592 28998
0.0186 28998
0.018608 28998
0.018616 28998
0.018624 28998
0.018632 28998
0.01864 28998
0.018648 28998
0.018656 28998
0.018664 28998
0.018672 28998
0.01868 28998
0.018688 28998
0.018696 28998
0.018704 28998
0.018712 28998
0.01872 28998
0.018728 28998
0.018736 28998
0.018744 28998
0.018752 28998
0.01876 28998
0.018768 28998
0.018776 28998
0.018784 28998
0.018792 28998
0.0188 28998
0.018808 28998
0.018816 28998
0.018824 28998
0.018832 28998
0.01884 28998
0.018848 28998
0.018856 28998
0.018864 28998
0.018872 28998
0.01888 28998
0.018888 28998
0.018896 28998
0.018904 28998
0.018912 28998
0.01892 28998
0.018928 28998
0.018936 28998
0.018944 28998
0.018952 28998
0.01896 28998
0.018968 28998
0.018976 28998
0.018984 28998
0.018992 28998
0.019 28998
0.019008 28998
0.019016 28998
0.019024 28998
0.019032 28998
0.01904 28998
0.019048 28998
0.019056 28998
0.019064 28998
0.019072 28998
0.01908 28998
0.019088 28998
0.019096 28998
0.019104 28998
0.019112 28998
0.01912 28998
0.019128 28998
0.019136 28998
0.019144 28998
0.019152 28998
0.01916 28998
0.019168 28998
0.019176 28998
0.019184 28998
0.019192 28998
0.0192 28998
0.019208 28998
0.019216 28998
0.019224 28998
0.019232 28998
0.01924 28998
0.019248 28998
0.019256 28998
0.019264 28998
0.019272 28998
0.01928 28998
0.019288 28998
0.019296 28998
0.019304 28998
0.019312 28998
0.01932 28998
0.019328 28998
0.019336 28998
0.019344 28998
0.019352 28998
0.01936 28998
0.019368 28998
0.019376 28998
0.019384 28998
0.019392 28998
0.0194 28998
0.019408 28998
0.019416 28998
0.019424 28998
0.019432 28998
0.01944 28998
0.019448 28998
0.019456 28998
0.019464 28998
0.019472 28998
0.01948 28998
0.019488 28998
0.019496 28998
0.019504 28998
0.019512 28998
0.01952 28998
0.019528 28998
0.019536 28998
0.019544 28998
0.019552 28998
0.01956 28998
0.019568 28998
0.019576 28998
0.019584 28998
0.019592 28998
0.0196 28998
0.019608 28998
0.019616 28998
0.019624 28998
0.019632 28998
0.01964 28998
0.019648 28998
0.019656 28998
0.019664 28998
0.019672 28998
0.01968 28998
0.019688 28998
0.019696 28998
0.019704 28998
0.019712 28998
0.01972 28998
0.019728 28998
0.019736 28998
0.019744 28998
0.019752 28998
0.01976 28998
0.019768 28998
0.019776 28998
0.019784 28998
0.019792 28998
0.0198 28998
0.019808 28998
0.019816 28998
0.019824 28998
0.019832 28998
0.01984 28998
0.019848 28998
0.019856 28998
0.019864 28998
0.019872 28998
0.01988 28998
0.019888 28998
0.019896 28998
0.019904 28998
0.019912 28998
0.01992 28998
0.019928 28998
0.019936 28998
0.019944 28998
0.019952 28998
0.01996 28998
0.019968 28998
0.019976 28998
0.019984 28998
0.019992 28998
0.02 28998
0.020008 28998
0.020016 28998
0.020024 28998
0.020032 28998
0.02004 28998
0.020048 28998
0.020056 28998
0.020064 28998
0.020072 28998
0.02008 28998
0.020088 28998
0.020096 28998
0.020104 28998
0.020112 28998
0.02012 28998
0.020128 28998
0.020136 28998
0.020144 28998
0.020152 28998
0.02016 28998
0.020168 28998
0.020176 28998
0.020184 28998
0.020192 28998
0.0202 28998
0.020208 28998
0.020216 28998
0.020224 28998
0.020232 28998
0.02024 28998
0.020248 28998
0.020256 28998
0.020264 28998
0.020272 28998
0.02028 28998
0.020288 28998
0.020296 28998
0.020304 28998
0.020312 28998
0.02032 28998
0.020328 28998
0.020336 28998
0.020344 28998
0.020352 28998
0.02036 28998
0.020368 28998
0.020376 28998
0.020384 28998
0.020392 28998
0.0204 28998
0.020408 28998
0.020416 28998
0.020424 28998
0.020432 28998
0.02044 28998
0.020448 28998
0.020456 28998
0.020464 28998
0.020472 28998
0.02048 28998
0.020488 28998
0.020496 28998
0.020504 28998
0.020512 28998
0.02052 28998
0.020528 28998
0.020536 28998
0.020544 28998
0.020552 28998
0.02056 28998
0.020568 28998
0.020576 28998
0.020584 28998
0.020592 28998
0.0206 28998
0.020608 28998
0.020616 28998
0.020624 28998
0.020632 28998
0.02064 28998
0.020648 28998
0.020656 28998
0.020664 28998
0.020672 28998
0.02068 28998
0.020688 28998
0.020696 28998
0.020704 28998
0.020712 28998
0.02072 28998
0.020728 28998
0.020736 28998
0.020744 28998
0.020752 28998
0.02076 28998
0.020768 28998
0.020776 28998
0.020784 28998
0.020792 28998
0.0208 28998
0.020808 28998
0.020816 28998
0.020824 28998
0.020832 28998
0.02084 28998
0.020848 28998
0.020856 28998
0.020864 28998
0.020872 28998
0.02088 28998
0.020888 28998
0.020896 28998
0.020904 28998
0.020912 28998
0.02092 28998
0.020928 28998
0.020936 28998
0.020944 28998
0.020952 28998
0.02096 28998
0.020968 28998
0.020976 28998
0.020984 28998
0.020992 28998
0.021 28998
0.021008 28998
0.021016 28998
0.021024 28998
0.021032 28998
0.02104 28998
0.021048 28998
0.021056 28998
0.021064 28998
0.021072 28998
0.02108 28998
0.021088 28998
0.021096 28998
0.021104 28998
0.021112 28998
0.02112 28998
0.021128 28998
0.021136 28998
0.021144 28998
0.021152 28998
0.02116 28998
0.021168 28998
0.021176 28998
0.021184 28998
0.021192 28998
0.0212 28998
0.021208 28998
0.021216 28998
0.021224 28998
0.021232 28998
0.02124 28998
0.021248 28998
0.021256 28998
0.021264 28998
0.021272 28998
0.02128 28998
0.021288 28998
0.021296 28998
0.021304 28998
0.021312 28998
0.02132 28998
0.021328 28998
0.021336 28998
0.021344 28998
0.021352 28998
0.02136 28998
0.021368 28998
0.021376 28998
0.021384 28998
0.021392 28998
0.0214 28998
0.021408 28998
0.021416 28998
0.021424 28998
0.021432 28998
0.02144 28998
0.021448 28998
0.021456 28998
0.021464 28998
0.021472 28998
0.02148 28998
0.021488 28998
0.021496 28998
0.021504 28998
0.021512 28998
0.02152 28998
0.021528 28998
0.021536 28998
0.021544 28998
0.021552 28998
0.02156 28998
0.021568 28998
0.021576 28998
0.021584 28998
0.021592 28998
0.0216 28998
0.021608 28998
0.021616 28998
0.021624 28998
0.021632 28998
0.02164 28998
0.021648 28998
0.021656 28998
0.021664 28998
0.021672 28998
0.02168 28998
0.021688 28998
0.021696 28998
0.021704 28998
0.021712 28998
0.02172 28998
0.021728 28998
0.021736 28998
0.021744 28998
0.021752 28998
0.02176 28998
0.021768 28998
0.021776 28998
0.021784 28998
0.021792 28998
0.0218 28998
0.021808 28998
0.021816 28998
0.021824 28998
0.021832 28998
0.02184 28998
0.021848 28998
0.021856 28998
0.021864 28998
0.021872 28998
0.02188 28998
0.021888 28998
0.021896 28998
0.021904 28998
0.021912 28998
0.02192 28998
0.021928 28998
0.021936 28998
0.021944 28998
0.021952 28998
0.02196 28998
0.021968 28998
0.021976 28998
0.021984 28998
0.021992 28998
0.022 28998
0.022008 28998
0.022016 28998
0.022024 28998
0.022032 28998
0.02204 28998
0.022048 28998
0.022056 28998
0.022064 28998
0.022072 28998
0.02208 28998
0.022088 28998
0.022096 28998
0.022104 28998
0.022112 28998
0.02212 28998
0.022128 28998
0.022136 28998
0.022144 28998
0.022152 28998
0.02216 28998
0.022168 28998
0.022176 28998
0.022184 28998
0.022192 28998
0.0222 28998
0.022208 28998
0.022216 28998
0.022224 28998
0.022232 28998
0.02224 28998
0.022248 28998
0.022256 28998
0.022264 28998
0.022272 28998
0.02228 28998
0.022288 28998
0.022296 28998
0.022304 28998
0.022312 28998
0.02232 28998
0.022328 28998
0.022336 28998
0.022344 28998
0.022352 28998
0.02236 28998
0.022368 28998
0.022376 28998
0.022384 28998
0.022392 28998
0.0224 28998
0.022408 28998
0.022416 28998
0.022424 28998
0.022432 28998
0.02244 28998
0.022448 28998
0.022456 28998
0.022464 28998
0.022472 28998
0.02248 28998
0.022488 28998
0.022496 28998
0.022504 28998
0.022512 28998
0.02252 28998
0.022528 28998
0.022536 28998
0.022544 28998
0.022552 28998
0.02256 28998
0.022568 28998
0.022576 28998
0.022584 28998
0.022592 28998
0.0226 28998
0.022608 28998
0.022616 28998
0.022624 28998
0.022632 28998
0.02264 28998
0.022648 28998
0.022656 28998
0.022664 28998
0.022672 28998
0.02268 28998
0.022688 28998
0.022696 28998
0.022704 28998
0.022712 28998
0.02272 28998
0.022728 28998
0.022736 28998
0.022744 28998
0.022752 28998
0.02276 28998
0.022768 28998
0.022776 28998
0.022784 28998
0.022792 28998
0.0228 28998
0.022808 28998
0.022816 28998
0.022824 28998
0.022832 28998
0.02284 28998
0.022848 28998
0.022856 28998
0.022864 28998
0.022872 28998
0.02288 28998
0.022888 28998
0.022896 28998
0.022904 28998
0.022912 28998
0.02292 28998
0.022928 28998
0.022936 28998
0.022944 28998
0.022952 28998
0.02296 28998
0.022968 28998
0.022976 28998
0.022984 28998
0.022992 28998
0.023 28998
0.023008 28998
0.023016 28998
0.023024 28998
0.023032 28998
0.02304 28998
0.023048 28998
0.023056 28998
0.023064 28998
0.023072 28998
0.02308 28998
0.023088 28998
0.023096 28998
0.023104 28998
0.023112 28998
0.02312 28998
0.023128 28998
0.023136 28998
0.023144 28998
0.023152 28998
0.02316 28998
0.023168 28998
0.023176 28998
0.023184 28998
0.023192 28998
0.0232 28998
0.023208 28998
0.023216 28998
0.023224 28998
0.023232 28998
0.02324 28998
0.023248 28998
0.023256 28998
0.023264 28998
0.023272 28998
0.02328 28998
0.023288 28998
0.023296 28998
0.023304 28998
0.023312 28998
0.02332 28998
0.023328 28998
0.023336 28998
0.023344 28998
0.023352 28998
0.02336 28998
0.023368 28998
0.023376 28998
0.023384 28998
0.023392 28998
0.0234 28998
0.023408 28998
0.023416 28998
0.023424 28998
0.023432 28998
0.02344 28998
0.023448 28998
0.023456 28998
0.023464 28998
0.023472 28998
0.02348 28998
0.023488 28998
0.023496 28998
0.023504 28998
0.023512 28998
0.02352 28998
0.023528 28998
0.023536 28998
0.023544 28998
0.023552 28998
0.02356 28998
0.023568 28998
0.023576 28998
0.023584 28998
0.023592 28998
0.0236 28998
0.023608 28998
0.023616 28998
0.023624 28998
0.023632 28998
0.02364 28998
0.023648 28998
0.023656 28998
0.023664 28998
0.023672 28998
0.02368 28998
0.023688 28998
0.023696 28998
0.023704 28998
0.023712 28998
0.02372 28998
0.023728 28998
0.023736 28998
0.023744 28998
0.023752 28998
0.02376 28998
0.023768 28998
0.023776 28998
0.023784 28998
0.023792 28998
0.0238 28998
0.023808 28998
0.023816 28998
0.023824 28998
0.023832 28998
0.02384 28998
0.023848 28998
0.023856 28998
0.023864 28998
0.023872 28998
0.02388 28998
0.023888 28998
0.023896 28998
0.023904 28998
0.023912 28998
0.02392 28998
0.023928 28998
0.023936 28998
0.023944 28998
0.023952 28998
0.02396 28998
0.023968 28998
0.023976 28998
0.023984 28998
0.023992 28998
0.024 28998
0.024008 28998
0.024016 28998
0.024024 28998
0.024032 28998
0.02404 28998
0.024048 28998
0.024056 28998
0.024064 28998
0.024072 28998
0.02408 28998
0.024088 28998
0.024096 28998
0.024104 28998
0.024112 28998
0.02412 28998
0.024128 28998
0.024136 28998
0.024144 28998
0.024152 28998
0.02416 28998
0.024168 28998
0.024176 28998
0.024184 28998
0.024192 28998
0.0242 28998
0.024208 28998
0.024216 28998
0.024224 28998
0.024232 28998
0.02424 28998
0.024248 28998
0.024256 28998
0.024264 28998
0.024272 28998
0.02428 28998
0.024288 28998
0.024296 28998
0.024304 28998
0.024312 28998
0.02432 28998
0.024328 28998
0.024336 28998
0.024344 28998
0.024352 28998
0.02436 28998
0.024368 28998
0.024376 28998
0.024384 28998
0.024392 28998
0.0244 28998
0.024408 28998
0.024416 28998
0.024424 28998
0.024432 28998
0.02444 28998
0.024448 28998
0.024456 28998
0.024464 28998
0.024472 28998
0.02448 28998
0.024488 28998
0.024496 28998
0.024504 28998
0.024512 28998
0.02452 28998
0.024528 28998
0.024536 28998
0.024544 28998
0.024552 28998
0.02456 28998
0.024568 28998
0.024576 28998
0.024584 28998
0.024592 28998
0.0246 28998
0.024608 28998
0.024616 28998
0.024624 28998
0.024632 28998
0.02464 28998
0.024648 28998
0.024656 28998
0.024664 28998
0.024672 28998
0.02468 28998
0.024688 28998
0.024696 28998
0.024704 28998
0.024712 28998
0.02472 28998
0.024728 28998
0.024736 28998
0.024744 28998
0.024752 28998
0.02476 28998
0.024768 28998
0.024776 28998
0.024784 28998
0.024792 28998
0.0248 28998
0.024808 28998
0.024816 28998
0.024824 28998
0.024832 28998
0.02484 28998
0.024848 28998
0.024856 28998
0.024864 28998
0.024872 28998
0.02488 28998
0.024888 28998
0.024896 28998
0.024904 28998
0.024912 28998
0.02492 28998
0.024928 28998
0.024936 28998
0.024944 28998
0.024952 28998
0.02496 28998
0.024968 28998
0.024976 28998
0.024984 28998
0.024992 28998
0.025 28998
0.025008 28998
0.025016 28998
0.025024 28998
0.025032 28998
0.02504 28998
0.025048 28998
0.025056 28998
0.025064 28998
0.025072 28998
0.02508 28998
0.025088 28998
0.025096 28998
0.025104 28998
0.025112 28998
0.02512 28998
0.025128 28998
0.025136 28998
0.025144 28998
0.025152 28998
0.02516 28998
0.025168 28998
0.025176 28998
0.025184 28998
0.025192 28998
0.0252 28998
0.025208 28998
0.025216 28998
0.025224 28998
0.025232 28998
0.02524 28998
0.025248 28998
0.025256 28998
0.025264 28998
0.025272 28998
0.02528 28998
0.025288 28998
0.025296 28998
0.025304 28998
0.025312 28998
0.02532 28998
0.025328 28998
0.025336 28998
0.025344 28998
0.025352 28998
0.02536 28998
0.025368 28998
0.025376 28998
0.025384 28998
0.025392 28998
0.0254 28998
0.025408 28998
0.025416 28998
0.025424 28998
0.025432 28998
0.02544 28998
0.025448 28998
0.025456 28998
0.025464 28998
0.025472 28998
0.02548 28998
0.025488 28998
0.025496 28998
0.025504 28998
0.025512 28998
0.02552 28998
0.025528 28998
0.025536 28998
0.025544 28998
0.025552 28998
0.02556 28998
0.025568 28998
0.025576 28998
0.025584 28998
0.025592 28998
0.0256 28998
0.025608 28998
0.025616 28998
0.025624 28998
0.025632 28998
0.02564 28998
0.025648 28998
0.025656 28998
0.025664 28998
0.025672 28998
0.02568 28998
0.025688 28998
0.025696 28998
0.025704 28998
0.025712 28998
0.02572 28998
0.025728 28998
0.025736 28998
0.025744 28998
0.025752 28998
0.02576 28998
0.025768 28998
0.025776 28998
0.025784 28998
0.025792 28998
0.0258 28998
0.025808 28998
0.025816 28998
0.025824 28998
0.025832 28998
0.02584 28998
0.025848 28998
0.025856 28998
0.025864 28998
0.025872 28998
0.02588 28998
0.025888 28998
0.025896 28998
0.025904 28998
0.025912 28998
0.02592 28998
0.025928 28998
0.025936 28998
0.025944 28998
0.025952 28998
0.02596 28998
0.025968 28998
0.025976 28998
0.025984 28998
0.025992 28998
0.026 28998
0.026008 28998
0.026016 28998
0.026024 28998
0.026032 28998
0.02604 28998
0.026048 28998
0.026056 28998
0.026064 28998
0.026072 28998
0.02608 28998
0.026088 28998
0.026096 28998
0.026104 28998
0.026112 28998
0.02612 28998
0.026128 28998
0.026136 28998
0.026144 28998
0.026152 28998
0.02616 28998
0.026168 28998
0.026176 28998
0.026184 28998
0.026192 28998
0.0262 28998
0.026208 28998
0.026216 28998
0.026224 28998
0.026232 28998
0.02624 28998
0.026248 28998
0.026256 28998
0.026264 28998
0.026272 28998
0.02628 28998
0.026288 28998
0.026296 28998
0.026304 28998
0.026312 28998
0.02632 28998
0.026328 28998
0.026336 28998
0.026344 28998
0.026352 28998
0.02636 28998
0.026368 28998
0.026376 28998
0.026384 28998
0.026392 28998
0.0264 28998
0.026408 28998
0.026416 28998
0.026424 28998
0.026432 28998
0.02644 28998
0.026448 28998
0.026456 28998
0.026464 28998
0.026472 28998
0.02648 28998
0.026488 28998
0.026496 28998
0.026504 28998
0.026512 28998
0.02652 28998
0.026528 28998
0.026536 28998
0.026544 28998
0.026552 28998
0.02656 28998
0.026568 28998
0.026576 28998
0.026584 28998
0.026592 28998
0.0266 28998
0.026608 28998
0.026616 28998
0.026624 28998
0.026632 28998
0.02664 28998
0.026648 28998
0.026656 28998
0.026664 28998
0.026672 28998
0.02668 28998
0.026688 28998
0.026696 28998
0.026704 28998
0.026712 28998
0.02672 28998
0.026728 28998
0.026736 28998
0.026744 28998
0.026752 28998
0.02676 28998
0.026768 28998
0.026776 28998
0.026784 28998
0.026792 28998
0.0268 28998
0.026808 28998
0.026816 28998
0.026824 28998
0.026832 28998
0.02684 28998
0.026848 28998
0.026856 28998
0.026864 28998
0.026872 28998
0.02688 28998
0.026888 28998
0.026896 28998
0.026904 28998
0.026912 28998
0.02692 28998
0.026928 28998
0.026936 28998
0.026944 28998
0.026952 28998
0.02696 28998
0.026968 28998
0.026976 28998
0.026984 28998
0.026992 28998
0.027 28998
0.027008 28998
0.027016 28998
0.027024 28998
0.027032 28998
0.02704 28998
0.027048 28998
0.027056 28998
0.027064 28998
0.027072 28998
0.02708 28998
0.027088 28998
0.027096 28998
0.027104 28998
0.027112 28998
0.02712 28998
0.027128 28998
0.027136 28998
0.027144 28998
0.027152 28998
0.02716 28998
0.027168 28998
0.027176 28998
0.027184 28998
0.027192 28998
0.0272 28998
0.027208 28998
0.027216 28998
0.027224 28998
0.027232 28998
0.02724 28998
0.027248 28998
0.027256 28998
0.027264 28998
0.027272 28998
0.02728 28998
0.027288 28998
0.027296 28998
0.027304 28998
0.027312 28998
0.02732 28998
0.027328 28998
0.027336 28998
0.027344 28998
0.027352 28998
0.02736 28998
0.027368 28998
0.027376 28998
0.027384 28998
0.027392 28998
0.0274 28998
0.027408 28998
0.027416 28998
0.027424 28998
0.027432 28998
0.02744 28998
0.027448 28998
0.027456 28998
0.027464 28998
0.027472 28998
0.02748 28998
0.027488 28998
0.027496 28998
0.027504 28998
0.027512 28998
0.02752 28998
0.027528 28998
0.027536 28998
0.027544 28998
0.027552 28998
0.02756 28998
0.027568 28998
0.027576 28998
0.027584 28998
0.027592 28998
0.0276 28998
0.027608 28998
0.027616 28998
0.027624 28998
0.027632 28998
0.02764 28998
0.027648 28998
0.027656 28998
0.027664 28998
0.027672 28998
0.02768 28998
0.027688 28998
0.027696 28998
0.027704 28998
0.027712 28998
0.02772 28998
0.027728 28998
0.027736 28998
0.027744 28998
0.027752 28998
0.02776 28998
0.027768 28998
0.027776 28998
0.027784 28998
0.027792 28998
0.0278 28998
0.027808 28998
0.027816 28998
0.027824 28998
0.027832 28998
0.02784 28998
0.027848 28998
0.027856 28998
0.027864 28998
0.027872 28998
0.02788 28998
0.027888 28998
0.027896 28998
0.027904 28998
0.027912 28998
0.02792 28998
0.027928 28998
0.027936 28998
0.027944 28998
0.027952 28998
0.02796 28998
0.027968 28998
0.027976 28998
0.027984 28998
0.027992 28998
0.028 28998
1 28998
