7.5385e-06 2.4011e+05
1.5077e-05 2.4011e+05
2.2615e-05 2.4011e+05
3.0154e-05 2.4011e+05
3.7692e-05 2.4011e+05
4.5231e-05 2.4011e+05
5.2769e-05 2.4011e+05
6.0308e-05 2.4011e+05
6.7846e-05 2.4011e+05
7.5385e-05 2.4011e+05
8.2923e-05 2.401e+05
9.0462e-05 2.401e+05
9.8e-05 2.401e+05
0.00010554 2.401e+05
0.00011308 2.4009e+05
0.00012062 2.4008e+05
0.00012815 2.4007e+05
0.00013569 2.4005e+05
0.00014323 2.4003e+05
0.00015077 2.4e+05
0.00015831 2.3995e+05
0.00016585 2.3989e+05
0.00017338 2.398e+05
0.00018092 2.3968e+05
0.00018846 2.3953e+05
0.000196 2.3932e+05
0.00020354 2.3905e+05
0.00021108 2.387e+05
0.00021862 2.3825e+05
0.00022615 2.3768e+05
0.00023369 2.3697e+05
0.00024123 2.3608e+05
0.00024877 2.3499e+05
0.00025631 2.3367e+05
0.00026385 2.3208e+05
0.00027138 2.302e+05
0.00027892 2.2799e+05
0.00028646 2.2543e+05
0.000294 2.225e+05
0.00030154 2.1918e+05
0.00030908 2.1547e+05
0.00031662 2.1137e+05
0.00032415 2.0689e+05
0.00033169 2.0207e+05
0.00033923 1.9694e+05
0.00034677 1.9155e+05
0.00035431 1.8596e+05
0.00036185 1.8022e+05
0.00036938 1.7441e+05
0.00037692 1.686e+05
0.00038446 1.6285e+05
0.000392 1.5722e+05
0.00039954 1.5179e+05
0.00040708 1.4659e+05
0.00041462 1.4167e+05
0.00042215 1.3707e+05
0.00042969 1.3282e+05
0.00043723 1.2893e+05
0.00044477 1.2541e+05
0.00045231 1.2227e+05
0.00045985 1.195e+05
0.00046738 1.171e+05
0.00047492 1.1506e+05
0.00048246 1.1336e+05
0.00049 1.1198e+05
0.00049754 1.109e+05
0.00050508 1.1011e+05
0.00051262 1.0958e+05
0.00052015 1.093e+05
0.00052769 1.0924e+05
0.00053523 1.0938e+05
0.00054277 1.0971e+05
0.00055031 1.1021e+05
0.00055785 1.1085e+05
0.00056538 1.1163e+05
0.00057292 1.1254e+05
0.00058046 1.1355e+05
0.000588 1.1466e+05
0.00059554 1.1586e+05
0.00060308 1.1714e+05
0.00061062 1.1849e+05
0.00061815 1.1991e+05
0.00062569 1.2138e+05
0.00063323 1.2292e+05
0.00064077 1.245e+05
0.00064831 1.2613e+05
0.00065585 1.278e+05
0.00066338 1.2952e+05
0.00067092 1.3127e+05
0.00067846 1.3306e+05
0.000686 1.3488e+05
0.00069354 1.3674e+05
0.00070108 1.3862e+05
0.00070862 1.4053e+05
0.00071615 1.4246e+05
0.00072369 1.4442e+05
0.00073123 1.4639e+05
0.00073877 1.4838e+05
0.00074631 1.5039e+05
0.00075385 1.5241e+05
0.00076138 1.5444e+05
0.00076892 1.5648e+05
0.00077646 1.5853e+05
0.000784 1.6058e+05
0.00079154 1.6263e+05
0.00079908 1.6468e+05
0.00080662 1.6672e+05
0.00081415 1.6876e+05
0.00082169 1.708e+05
0.00082923 1.7282e+05
0.00083677 1.7482e+05
0.00084431 1.7682e+05
0.00085185 1.7879e+05
0.00085938 1.8075e+05
0.00086692 1.8269e+05
0.00087446 1.846e+05
0.000882 1.8649e+05
0.00088954 1.8835e+05
0.00089708 1.9019e+05
0.00090462 1.9199e+05
0.00091215 1.9376e+05
0.00091969 1.955e+05
0.00092723 1.9721e+05
0.00093477 1.9888e+05
0.00094231 2.0052e+05
0.00094985 2.0212e+05
0.00095738 2.0368e+05
0.00096492 2.052e+05
0.00097246 2.0668e+05
0.00098 2.0813e+05
0.00098754 2.0953e+05
0.00099508 2.109e+05
0.0010026 2.1222e+05
0.0010102 2.135e+05
0.0010177 2.1474e+05
0.0010252 2.1595e+05
0.0010328 2.1711e+05
0.0010403 2.1823e+05
0.0010478 2.1931e+05
0.0010554 2.2035e+05
0.0010629 2.2136e+05
0.0010705 2.2232e+05
0.001078 2.2325e+05
0.0010855 2.2414e+05
0.0010931 2.2499e+05
0.0011006 2.2581e+05
0.0011082 2.266e+05
0.0011157 2.2735e+05
0.0011232 2.2806e+05
0.0011308 2.2875e+05
0.0011383 2.294e+05
0.0011458 2.3002e+05
0.0011534 2.3061e+05
0.0011609 2.3118e+05
0.0011685 2.3171e+05
0.001176 2.3222e+05
0.0011835 2.3271e+05
0.0011911 2.3316e+05
0.0011986 2.336e+05
0.0012062 2.3401e+05
0.0012137 2.344e+05
0.0012212 2.3477e+05
0.0012288 2.3511e+05
0.0012363 2.3544e+05
0.0012438 2.3575e+05
0.0012514 2.3604e+05
0.0012589 2.3632e+05
0.0012665 2.3658e+05
0.001274 2.3682e+05
0.0012815 2.3705e+05
0.0012891 2.3726e+05
0.0012966 2.3746e+05
0.0013042 2.3765e+05
0.0013117 2.3783e+05
0.0013192 2.3799e+05
0.0013268 2.3815e+05
0.0013343 2.3829e+05
0.0013418 2.3843e+05
0.0013494 2.3855e+05
0.0013569 2.3867e+05
0.0013645 2.3878e+05
0.001372 2.3888e+05
0.0013795 2.3897e+05
0.0013871 2.3906e+05
0.0013946 2.3914e+05
0.0014022 2.3922e+05
0.0014097 2.3929e+05
0.0014172 2.3936e+05
0.0014248 2.3942e+05
0.0014323 2.3947e+05
0.0014398 2.3952e+05
0.0014474 2.3957e+05
0.0014549 2.3962e+05
0.0014625 2.3966e+05
0.00147 2.397e+05
0.0014775 2.3973e+05
0.0014851 2.3976e+05
0.0014926 2.3979e+05
0.0015002 2.3982e+05
0.0015077 2.3984e+05
0.0015152 2.3987e+05
0.0015228 2.3989e+05
0.0015303 2.3991e+05
0.0015378 2.3993e+05
0.0015454 2.3994e+05
0.0015529 2.3996e+05
0.0015605 2.3997e+05
0.001568 2.3998e+05
0.0015755 2.3999e+05
0.0015831 2.4e+05
0.0015906 2.4001e+05
0.0015982 2.4002e+05
0.0016057 2.4003e+05
0.0016132 2.4004e+05
0.0016208 2.4004e+05
0.0016283 2.4005e+05
0.0016358 2.4006e+05
0.0016434 2.4006e+05
0.0016509 2.4007e+05
0.0016585 2.4007e+05
0.001666 2.4007e+05
0.0016735 2.4008e+05
0.0016811 2.4008e+05
0.0016886 2.4008e+05
0.0016962 2.4009e+05
0.0017037 2.4009e+05
0.0017112 2.4009e+05
0.0017188 2.4009e+05
0.0017263 2.4009e+05
0.0017338 2.4009e+05
0.0017414 2.401e+05
0.0017489 2.401e+05
0.0017565 2.401e+05
0.001764 2.401e+05
0.0017715 2.401e+05
0.0017791 2.401e+05
0.0017866 2.401e+05
0.0017942 2.401e+05
0.0018017 2.401e+05
0.0018092 2.401e+05
0.0018168 2.401e+05
0.0018243 2.401e+05
0.0018318 2.401e+05
0.0018394 2.401e+05
0.0018469 2.401e+05
0.0018545 2.4011e+05
0.001862 2.4011e+05
0.0018695 2.4011e+05
0.0018771 2.4011e+05
0.0018846 2.4011e+05
0.0018922 2.4011e+05
0.0018997 2.4011e+05
0.0019072 2.4011e+05
0.0019148 2.4011e+05
0.0019223 2.4011e+05
0.0019298 2.4011e+05
0.0019374 2.4011e+05
0.0019449 2.4011e+05
0.0019525 2.4011e+05
0.00196 2.4011e+05
0.0019675 2.4011e+05
0.0019751 2.4011e+05
0.0019826 2.4011e+05
0.0019902 2.4011e+05
0.0019977 2.4011e+05
0.0020052 2.4011e+05
0.0020128 2.4011e+05
0.0020203 2.4011e+05
0.0020278 2.4011e+05
0.0020354 2.4011e+05
0.0020429 2.4011e+05
0.0020505 2.4011e+05
0.002058 2.4011e+05
0.0020655 2.4011e+05
0.0020731 2.4011e+05
0.0020806 2.4011e+05
0.0020882 2.4011e+05
0.0020957 2.4011e+05
0.0021032 2.4011e+05
0.0021108 2.4011e+05
0.0021183 2.4011e+05
0.0021258 2.4011e+05
0.0021334 2.4011e+05
0.0021409 2.4011e+05
0.0021485 2.4011e+05
0.002156 2.4011e+05
0.0021635 2.4011e+05
0.0021711 2.4011e+05
0.0021786 2.4011e+05
0.0021862 2.4011e+05
0.0021937 2.4011e+05
0.0022012 2.4011e+05
0.0022088 2.4011e+05
0.0022163 2.4011e+05
0.0022238 2.4011e+05
0.0022314 2.4011e+05
0.0022389 2.4011e+05
0.0022465 2.4011e+05
0.002254 2.4011e+05
0.0022615 2.4011e+05
0.0022691 2.4011e+05
0.0022766 2.4011e+05
0.0022842 2.4011e+05
0.0022917 2.4011e+05
0.0022992 2.4011e+05
0.0023068 2.4011e+05
0.0023143 2.4011e+05
0.0023218 2.4011e+05
0.0023294 2.4011e+05
0.0023369 2.4011e+05
0.0023445 2.4011e+05
0.002352 2.4011e+05
0.0023595 2.4011e+05
0.0023671 2.4011e+05
0.0023746 2.4011e+05
0.0023822 2.4011e+05
0.0023897 2.4011e+05
0.0023972 2.4011e+05
0.0024048 2.4011e+05
0.0024123 2.4011e+05
0.0024198 2.4011e+05
0.0024274 2.4011e+05
0.0024349 2.4011e+05
0.0024425 2.4011e+05
0.00245 2.4011e+05
0.0024575 2.4011e+05
0.0024651 2.4011e+05
0.0024726 2.4011e+05
0.0024802 2.4011e+05
0.0024877 2.4011e+05
0.0024952 2.4011e+05
0.0025028 2.4011e+05
0.0025103 2.4011e+05
0.0025178 2.4011e+05
0.0025254 2.4011e+05
0.0025329 2.4011e+05
0.0025405 2.4011e+05
0.002548 2.4011e+05
0.0025555 2.4011e+05
0.0025631 2.4011e+05
0.0025706 2.4011e+05
0.0025782 2.4011e+05
0.0025857 2.4011e+05
0.0025932 2.4011e+05
0.0026008 2.4011e+05
0.0026083 2.4011e+05
0.0026158 2.4011e+05
0.0026234 2.4011e+05
0.0026309 2.4011e+05
0.0026385 2.4011e+05
0.002646 2.4011e+05
0.0026535 2.4011e+05
0.0026611 2.4011e+05
0.0026686 2.4011e+05
0.0026762 2.4011e+05
0.0026837 2.4011e+05
0.0026912 2.4011e+05
0.0026988 2.4011e+05
0.0027063 2.4011e+05
0.0027138 2.4011e+05
0.0027214 2.4011e+05
0.0027289 2.4011e+05
0.0027365 2.4011e+05
0.002744 2.4011e+05
0.0027515 2.4011e+05
0.0027591 2.4011e+05
0.0027666 2.4011e+05
0.0027742 2.4011e+05
0.0027817 2.4011e+05
0.0027892 2.4011e+05
0.0027968 2.4011e+05
0.0028043 2.4011e+05
0.0028118 2.4011e+05
0.0028194 2.4011e+05
0.0028269 2.4011e+05
0.0028345 2.4011e+05
0.002842 2.4011e+05
0.0028495 2.4011e+05
0.0028571 2.4011e+05
0.0028646 2.4011e+05
0.0028722 2.4011e+05
0.0028797 2.4011e+05
0.0028872 2.4011e+05
0.0028948 2.4011e+05
0.0029023 2.4011e+05
0.0029098 2.4011e+05
0.0029174 2.4011e+05
0.0029249 2.4011e+05
0.0029325 2.4011e+05
0.00294 2.4011e+05
0.0029475 2.4011e+05
0.0029551 2.4011e+05
0.0029626 2.4011e+05
0.0029702 2.4011e+05
0.0029777 2.4011e+05
0.0029852 2.4011e+05
0.0029928 2.4011e+05
0.0030003 2.4011e+05
0.0030078 2.4011e+05
0.0030154 2.4011e+05
0.0030229 2.4011e+05
0.0030305 2.4011e+05
0.003038 2.4011e+05
0.0030455 2.4011e+05
0.0030531 2.4011e+05
0.0030606 2.4011e+05
0.0030682 2.4011e+05
0.0030757 2.4011e+05
0.0030832 2.4011e+05
0.0030908 2.4011e+05
0.0030983 2.4011e+05
0.0031058 2.4011e+05
0.0031134 2.4011e+05
0.0031209 2.4011e+05
0.0031285 2.4011e+05
0.003136 2.4011e+05
0.0031435 2.4011e+05
0.0031511 2.4011e+05
0.0031586 2.4011e+05
0.0031662 2.4011e+05
0.0031737 2.4011e+05
0.0031812 2.4011e+05
0.0031888 2.4011e+05
0.0031963 2.4011e+05
0.0032038 2.4011e+05
0.0032114 2.4011e+05
0.0032189 2.4011e+05
0.0032265 2.4011e+05
0.003234 2.4011e+05
0.0032415 2.4011e+05
0.0032491 2.4011e+05
0.0032566 2.4011e+05
0.0032642 2.4011e+05
0.0032717 2.4011e+05
0.0032792 2.4011e+05
0.0032868 2.4011e+05
0.0032943 2.4011e+05
0.0033018 2.4011e+05
0.0033094 2.4011e+05
0.0033169 2.4011e+05
0.0033245 2.4011e+05
0.003332 2.4011e+05
0.0033395 2.4011e+05
0.0033471 2.4011e+05
0.0033546 2.4011e+05
0.0033622 2.4011e+05
0.0033697 2.4011e+05
0.0033772 2.4011e+05
0.0033848 2.4011e+05
0.0033923 2.4011e+05
0.0033998 2.4011e+05
0.0034074 2.4011e+05
0.0034149 2.4011e+05
0.0034225 2.4011e+05
0.00343 2.4011e+05
0.0034375 2.4011e+05
0.0034451 2.4011e+05
0.0034526 2.4011e+05
0.0034602 2.4011e+05
0.0034677 2.4011e+05
0.0034752 2.4011e+05
0.0034828 2.4011e+05
0.0034903 2.4011e+05
0.0034978 2.4011e+05
0.0035054 2.4011e+05
0.0035129 2.4011e+05
0.0035205 2.4011e+05
0.003528 2.4011e+05
0.0035355 2.4011e+05
0.0035431 2.4011e+05
0.0035506 2.4011e+05
0.0035582 2.4011e+05
0.0035657 2.4011e+05
0.0035732 2.4011e+05
0.0035808 2.4011e+05
0.0035883 2.4011e+05
0.0035958 2.4011e+05
0.0036034 2.4011e+05
0.0036109 2.4011e+05
0.0036185 2.4011e+05
0.003626 2.4011e+05
0.0036335 2.4011e+05
0.0036411 2.4011e+05
0.0036486 2.4011e+05
0.0036562 2.4011e+05
0.0036637 2.4011e+05
0.0036712 2.4011e+05
0.0036788 2.4011e+05
0.0036863 2.4011e+05
0.0036938 2.4011e+05
0.0037014 2.4011e+05
0.0037089 2.4011e+05
0.0037165 2.4011e+05
0.003724 2.4011e+05
0.0037315 2.4011e+05
0.0037391 2.4011e+05
0.0037466 2.4011e+05
0.0037542 2.4011e+05
0.0037617 2.4011e+05
0.0037692 2.4011e+05
0.0037768 2.4011e+05
0.0037843 2.4011e+05
0.0037918 2.4011e+05
0.0037994 2.4011e+05
0.0038069 2.4011e+05
0.0038145 2.4011e+05
0.003822 2.4011e+05
0.0038295 2.4011e+05
0.0038371 2.4011e+05
0.0038446 2.4011e+05
0.0038522 2.4011e+05
0.0038597 2.4011e+05
0.0038672 2.4011e+05
0.0038748 2.4011e+05
0.0038823 2.4011e+05
0.0038898 2.4011e+05
0.0038974 2.4011e+05
0.0039049 2.4011e+05
0.0039125 2.4011e+05
0.00392 2.4011e+05
0.0039275 2.4011e+05
0.0039351 2.4011e+05
0.0039426 2.4011e+05
0.0039502 2.4011e+05
0.0039577 2.4011e+05
0.0039652 2.4011e+05
0.0039728 2.4011e+05
0.0039803 2.4011e+05
0.0039878 2.4011e+05
0.0039954 2.4011e+05
0.0040029 2.4011e+05
0.0040105 2.4011e+05
0.004018 2.4011e+05
0.0040255 2.4011e+05
0.0040331 2.4011e+05
0.0040406 2.4011e+05
0.0040482 2.4011e+05
0.0040557 2.4011e+05
0.0040632 2.4011e+05
0.0040708 2.4011e+05
0.0040783 2.4011e+05
0.0040858 2.4011e+05
0.0040934 2.4011e+05
0.0041009 2.4011e+05
0.0041085 2.4011e+05
0.004116 2.4011e+05
0.0041235 2.4011e+05
0.0041311 2.4011e+05
0.0041386 2.4011e+05
0.0041462 2.4011e+05
0.0041537 2.4011e+05
0.0041612 2.4011e+05
0.0041688 2.4011e+05
0.0041763 2.4011e+05
0.0041838 2.4011e+05
0.0041914 2.4011e+05
0.0041989 2.4011e+05
0.0042065 2.4011e+05
0.004214 2.4011e+05
0.0042215 2.4011e+05
0.0042291 2.4011e+05
0.0042366 2.4011e+05
0.0042442 2.4011e+05
0.0042517 2.4011e+05
0.0042592 2.4011e+05
0.0042668 2.4011e+05
0.0042743 2.4011e+05
0.0042818 2.4011e+05
0.0042894 2.4011e+05
0.0042969 2.4011e+05
0.0043045 2.4011e+05
0.004312 2.4011e+05
0.0043195 2.4011e+05
0.0043271 2.4011e+05
0.0043346 2.4011e+05
0.0043422 2.4011e+05
0.0043497 2.4011e+05
0.0043572 2.4011e+05
0.0043648 2.4011e+05
0.0043723 2.4011e+05
0.0043798 2.4011e+05
0.0043874 2.4011e+05
0.0043949 2.4011e+05
0.0044025 2.4011e+05
0.00441 2.4011e+05
0.0044175 2.4011e+05
0.0044251 2.4011e+05
0.0044326 2.4011e+05
0.0044402 2.4011e+05
0.0044477 2.4011e+05
0.0044552 2.4011e+05
0.0044628 2.4011e+05
0.0044703 2.4011e+05
0.0044778 2.4011e+05
0.0044854 2.4011e+05
0.0044929 2.4011e+05
0.0045005 2.4011e+05
0.004508 2.4011e+05
0.0045155 2.4011e+05
0.0045231 2.4011e+05
0.0045306 2.4011e+05
0.0045382 2.4011e+05
0.0045457 2.4011e+05
0.0045532 2.4011e+05
0.0045608 2.4011e+05
0.0045683 2.4011e+05
0.0045758 2.4011e+05
0.0045834 2.4011e+05
0.0045909 2.4011e+05
0.0045985 2.4011e+05
0.004606 2.4011e+05
0.0046135 2.4011e+05
0.0046211 2.4011e+05
0.0046286 2.4011e+05
0.0046362 2.4011e+05
0.0046437 2.4011e+05
0.0046512 2.4011e+05
0.0046588 2.4011e+05
0.0046663 2.4011e+05
0.0046738 2.4011e+05
0.0046814 2.4011e+05
0.0046889 2.4011e+05
0.0046965 2.4011e+05
0.004704 2.4011e+05
0.0047115 2.4011e+05
0.0047191 2.4011e+05
0.0047266 2.4011e+05
0.0047342 2.4011e+05
0.0047417 2.4011e+05
0.0047492 2.4011e+05
0.0047568 2.4011e+05
0.0047643 2.4011e+05
0.0047718 2.4011e+05
0.0047794 2.4011e+05
0.0047869 2.4011e+05
0.0047945 2.4011e+05
0.004802 2.4011e+05
0.0048095 2.4011e+05
0.0048171 2.4011e+05
0.0048246 2.4011e+05
0.0048322 2.4011e+05
0.0048397 2.4011e+05
0.0048472 2.4011e+05
0.0048548 2.4011e+05
0.0048623 2.4011e+05
0.0048698 2.4011e+05
0.0048774 2.4011e+05
0.0048849 2.4011e+05
0.0048925 2.4011e+05
0.0049 2.4011e+05
0.0049075 2.4011e+05
0.0049151 2.4011e+05
0.0049226 2.4011e+05
0.0049302 2.4011e+05
0.0049377 2.4011e+05
0.0049452 2.4011e+05
0.0049528 2.4011e+05
0.0049603 2.4011e+05
0.0049678 2.4011e+05
0.0049754 2.4011e+05
0.0049829 2.4011e+05
0.0049905 2.4011e+05
0.004998 2.4011e+05
0.0050055 2.4011e+05
0.0050131 2.4011e+05
0.0050206 2.4011e+05
0.0050282 2.4011e+05
0.0050357 2.4011e+05
0.0050432 2.4011e+05
0.0050508 2.4011e+05
0.0050583 2.4011e+05
0.0050658 2.4011e+05
0.0050734 2.4011e+05
0.0050809 2.4011e+05
0.0050885 2.4011e+05
0.005096 2.4011e+05
0.0051035 2.4011e+05
0.0051111 2.4011e+05
0.0051186 2.4011e+05
0.0051262 2.4011e+05
0.0051337 2.4011e+05
0.0051412 2.4011e+05
0.0051488 2.4011e+05
0.0051563 2.4011e+05
0.0051638 2.4011e+05
0.0051714 2.4011e+05
0.0051789 2.4011e+05
0.0051865 2.4011e+05
0.005194 2.4011e+05
0.0052015 2.4011e+05
0.0052091 2.4011e+05
0.0052166 2.4011e+05
0.0052242 2.4011e+05
0.0052317 2.4011e+05
0.0052392 2.4011e+05
0.0052468 2.4011e+05
0.0052543 2.4011e+05
0.0052618 2.4011e+05
0.0052694 2.4011e+05
0.0052769 2.4011e+05
0.0052845 2.4011e+05
0.005292 2.4011e+05
0.0052995 2.4011e+05
0.0053071 2.4011e+05
0.0053146 2.4011e+05
0.0053222 2.4011e+05
0.0053297 2.4011e+05
0.0053372 2.4011e+05
0.0053448 2.4011e+05
0.0053523 2.4011e+05
0.0053598 2.4011e+05
0.0053674 2.4011e+05
0.0053749 2.4011e+05
0.0053825 2.4011e+05
0.00539 2.4011e+05
0.0053975 2.4011e+05
0.0054051 2.4011e+05
0.0054126 2.4011e+05
0.0054202 2.4011e+05
0.0054277 2.4011e+05
0.0054352 2.4011e+05
0.0054428 2.4011e+05
0.0054503 2.4011e+05
0.0054578 2.4011e+05
0.0054654 2.4011e+05
0.0054729 2.4011e+05
0.0054805 2.4011e+05
0.005488 2.4011e+05
0.0054955 2.4011e+05
0.0055031 2.4011e+05
0.0055106 2.4011e+05
0.0055182 2.4011e+05
0.0055257 2.4011e+05
0.0055332 2.4011e+05
0.0055408 2.4011e+05
0.0055483 2.4011e+05
0.0055558 2.4011e+05
0.0055634 2.4011e+05
0.0055709 2.4011e+05
0.0055785 2.4011e+05
0.005586 2.4011e+05
0.0055935 2.4011e+05
0.0056011 2.4011e+05
0.0056086 2.4011e+05
0.0056162 2.4011e+05
0.0056237 2.4011e+05
0.0056312 2.4011e+05
0.0056388 2.4011e+05
0.0056463 2.4011e+05
0.0056538 2.4011e+05
0.0056614 2.4011e+05
0.0056689 2.4011e+05
0.0056765 2.4011e+05
0.005684 2.4011e+05
0.0056915 2.4011e+05
0.0056991 2.4011e+05
0.0057066 2.4011e+05
0.0057142 2.4011e+05
0.0057217 2.4011e+05
0.0057292 2.4011e+05
0.0057368 2.4011e+05
0.0057443 2.4011e+05
0.0057518 2.4011e+05
0.0057594 2.4011e+05
0.0057669 2.4011e+05
0.0057745 2.4011e+05
0.005782 2.4011e+05
0.0057895 2.4011e+05
0.0057971 2.4011e+05
0.0058046 2.4011e+05
0.0058122 2.4011e+05
0.0058197 2.4011e+05
0.0058272 2.4011e+05
0.0058348 2.4011e+05
0.0058423 2.4011e+05
0.0058498 2.4011e+05
0.0058574 2.4011e+05
0.0058649 2.4011e+05
0.0058725 2.4011e+05
0.00588 2.4011e+05
0.0058875 2.4011e+05
0.0058951 2.4011e+05
0.0059026 2.4011e+05
0.0059102 2.4011e+05
0.0059177 2.4011e+05
0.0059252 2.4011e+05
0.0059328 2.4011e+05
0.0059403 2.4011e+05
0.0059478 2.4011e+05
0.0059554 2.4011e+05
0.0059629 2.4011e+05
0.0059705 2.4011e+05
0.005978 2.4011e+05
0.0059855 2.4011e+05
0.0059931 2.4011e+05
0.0060006 2.4011e+05
0.0060082 2.4011e+05
0.0060157 2.4011e+05
0.0060232 2.4011e+05
0.0060308 2.4011e+05
0.0060383 2.4011e+05
0.0060458 2.4011e+05
0.0060534 2.4011e+05
0.0060609 2.4011e+05
0.0060685 2.4011e+05
0.006076 2.4011e+05
0.0060835 2.4011e+05
0.0060911 2.4011e+05
0.0060986 2.4011e+05
0.0061062 2.4011e+05
0.0061137 2.4011e+05
0.0061212 2.4011e+05
0.0061288 2.4011e+05
0.0061363 2.4011e+05
0.0061438 2.4011e+05
0.0061514 2.4011e+05
0.0061589 2.4011e+05
0.0061665 2.4011e+05
0.006174 2.4011e+05
0.0061815 2.4011e+05
0.0061891 2.4011e+05
0.0061966 2.4011e+05
0.0062042 2.4011e+05
0.0062117 2.4011e+05
0.0062192 2.4011e+05
0.0062268 2.4011e+05
0.0062343 2.4011e+05
0.0062418 2.4011e+05
0.0062494 2.4011e+05
0.0062569 2.4011e+05
0.0062645 2.4011e+05
0.006272 2.4011e+05
0.0062795 2.4011e+05
0.0062871 2.4011e+05
0.0062946 2.4011e+05
0.0063022 2.4011e+05
0.0063097 2.4011e+05
0.0063172 2.4011e+05
0.0063248 2.4011e+05
0.0063323 2.4011e+05
0.0063398 2.4011e+05
0.0063474 2.4011e+05
0.0063549 2.4011e+05
0.0063625 2.4011e+05
0.00637 2.4011e+05
0.0063775 2.4011e+05
0.0063851 2.4011e+05
0.0063926 2.4011e+05
0.0064002 2.4011e+05
0.0064077 2.4011e+05
0.0064152 2.4011e+05
0.0064228 2.4011e+05
0.0064303 2.4011e+05
0.0064378 2.4011e+05
0.0064454 2.4011e+05
0.0064529 2.4011e+05
0.0064605 2.4011e+05
0.006468 2.4011e+05
0.0064755 2.4011e+05
0.0064831 2.4011e+05
0.0064906 2.4011e+05
0.0064982 2.4011e+05
0.0065057 2.4011e+05
0.0065132 2.4011e+05
0.0065208 2.4011e+05
0.0065283 2.4011e+05
0.0065358 2.4011e+05
0.0065434 2.4011e+05
0.0065509 2.4011e+05
0.0065585 2.4011e+05
0.006566 2.4011e+05
0.0065735 2.4011e+05
0.0065811 2.4011e+05
0.0065886 2.4011e+05
0.0065962 2.4011e+05
0.0066037 2.4011e+05
0.0066112 2.4011e+05
0.0066188 2.4011e+05
0.0066263 2.4011e+05
0.0066338 2.4011e+05
0.0066414 2.4011e+05
0.0066489 2.4011e+05
0.0066565 2.4011e+05
0.006664 2.4011e+05
0.0066715 2.4011e+05
0.0066791 2.4011e+05
0.0066866 2.4011e+05
0.0066942 2.4011e+05
0.0067017 2.4011e+05
0.0067092 2.4011e+05
0.0067168 2.4011e+05
0.0067243 2.4011e+05
0.0067318 2.4011e+05
0.0067394 2.4011e+05
0.0067469 2.4011e+05
0.0067545 2.4011e+05
0.006762 2.4011e+05
0.0067695 2.4011e+05
0.0067771 2.4011e+05
0.0067846 2.4011e+05
0.0067922 2.4011e+05
0.0067997 2.4011e+05
0.0068072 2.4011e+05
0.0068148 2.4011e+05
0.0068223 2.4011e+05
0.0068298 2.4011e+05
0.0068374 2.4011e+05
0.0068449 2.4011e+05
0.0068525 2.4011e+05
0.00686 2.4011e+05
0.0068675 2.4011e+05
0.0068751 2.4011e+05
0.0068826 2.4011e+05
0.0068902 2.4011e+05
0.0068977 2.4011e+05
0.0069052 2.4011e+05
0.0069128 2.4011e+05
0.0069203 2.4011e+05
0.0069278 2.4011e+05
0.0069354 2.4011e+05
0.0069429 2.4011e+05
0.0069505 2.4011e+05
0.006958 2.4011e+05
0.0069655 2.4011e+05
0.0069731 2.4011e+05
0.0069806 2.4011e+05
0.0069882 2.4011e+05
0.0069957 2.4011e+05
0.0070032 2.4011e+05
0.0070108 2.4011e+05
0.0070183 2.4011e+05
0.0070258 2.4011e+05
0.0070334 2.4011e+05
0.0070409 2.4011e+05
0.0070485 2.4011e+05
0.007056 2.4011e+05
0.0070635 2.4011e+05
0.0070711 2.4011e+05
0.0070786 2.4011e+05
0.0070862 2.4011e+05
0.0070937 2.4011e+05
0.0071012 2.4011e+05
0.0071088 2.4011e+05
0.0071163 2.4011e+05
0.0071238 2.4011e+05
0.0071314 2.4011e+05
0.0071389 2.4011e+05
0.0071465 2.4011e+05
0.007154 2.4011e+05
0.0071615 2.4011e+05
0.0071691 2.4011e+05
0.0071766 2.4011e+05
0.0071842 2.4011e+05
0.0071917 2.4011e+05
0.0071992 2.4011e+05
0.0072068 2.4011e+05
0.0072143 2.4011e+05
0.0072218 2.4011e+05
0.0072294 2.4011e+05
0.0072369 2.4011e+05
0.0072445 2.4011e+05
0.007252 2.4011e+05
0.0072595 2.4011e+05
0.0072671 2.4011e+05
0.0072746 2.4011e+05
0.0072822 2.4011e+05
0.0072897 2.4011e+05
0.0072972 2.4011e+05
0.0073048 2.4011e+05
0.0073123 2.4011e+05
0.0073198 2.4011e+05
0.0073274 2.4011e+05
0.0073349 2.4011e+05
0.0073425 2.4011e+05
0.00735 2.4011e+05
0.0073575 2.4011e+05
0.0073651 2.4011e+05
0.0073726 2.4011e+05
0.0073802 2.4011e+05
0.0073877 2.4011e+05
0.0073952 2.4011e+05
0.0074028 2.4011e+05
0.0074103 2.4011e+05
0.0074178 2.4011e+05
0.0074254 2.4011e+05
0.0074329 2.4011e+05
0.0074405 2.4011e+05
0.007448 2.4011e+05
0.0074555 2.4011e+05
0.0074631 2.4011e+05
0.0074706 2.4011e+05
0.0074782 2.4011e+05
0.0074857 2.4011e+05
0.0074932 2.4011e+05
0.0075008 2.4011e+05
0.0075083 2.4011e+05
0.0075158 2.4011e+05
0.0075234 2.4011e+05
0.0075309 2.4011e+05
0.0075385 2.4011e+05
0.007546 2.4011e+05
0.0075535 2.4011e+05
0.0075611 2.4011e+05
0.0075686 2.4011e+05
0.0075762 2.4011e+05
0.0075837 2.4011e+05
0.0075912 2.4011e+05
0.0075988 2.4011e+05
0.0076063 2.4011e+05
0.0076138 2.4011e+05
0.0076214 2.4011e+05
0.0076289 2.4011e+05
0.0076365 2.4011e+05
0.007644 2.4011e+05
0.0076515 2.4011e+05
0.0076591 2.4011e+05
0.0076666 2.4011e+05
0.0076742 2.4011e+05
0.0076817 2.4011e+05
0.0076892 2.4011e+05
0.0076968 2.4011e+05
0.0077043 2.4011e+05
0.0077118 2.4011e+05
0.0077194 2.4011e+05
0.0077269 2.4011e+05
0.0077345 2.4011e+05
0.007742 2.4011e+05
0.0077495 2.4011e+05
0.0077571 2.4011e+05
0.0077646 2.4011e+05
0.0077722 2.4011e+05
0.0077797 2.4011e+05
0.0077872 2.4011e+05
0.0077948 2.4011e+05
0.0078023 2.4011e+05
0.0078098 2.4011e+05
0.0078174 2.4011e+05
0.0078249 2.4011e+05
0.0078325 2.4011e+05
0.00784 2.4011e+05
0.0078475 2.4011e+05
0.0078551 2.4011e+05
0.0078626 2.4011e+05
0.0078702 2.4011e+05
0.0078777 2.4011e+05
0.0078852 2.4011e+05
0.0078928 2.4011e+05
0.0079003 2.4011e+05
0.0079078 2.4011e+05
0.0079154 2.4011e+05
0.0079229 2.4011e+05
0.0079305 2.4011e+05
0.007938 2.4011e+05
0.0079455 2.4011e+05
0.0079531 2.4011e+05
0.0079606 2.4011e+05
0.0079682 2.4011e+05
0.0079757 2.4011e+05
0.0079832 2.4011e+05
0.0079908 2.4011e+05
0.0079983 2.4011e+05
0.0080058 2.4011e+05
0.0080134 2.4011e+05
0.0080209 2.4011e+05
0.0080285 2.4011e+05
0.008036 2.4011e+05
0.0080435 2.4011e+05
0.0080511 2.4011e+05
0.0080586 2.4011e+05
0.0080662 2.4011e+05
0.0080737 2.4011e+05
0.0080812 2.4011e+05
0.0080888 2.4011e+05
0.0080963 2.4011e+05
0.0081038 2.4011e+05
0.0081114 2.4011e+05
0.0081189 2.4011e+05
0.0081265 2.4011e+05
0.008134 2.4011e+05
0.0081415 2.4011e+05
0.0081491 2.4011e+05
0.0081566 2.4011e+05
0.0081642 2.4011e+05
0.0081717 2.4011e+05
0.0081792 2.4011e+05
0.0081868 2.4011e+05
0.0081943 2.4011e+05
0.0082018 2.4011e+05
0.0082094 2.4011e+05
0.0082169 2.4011e+05
0.0082245 2.4011e+05
0.008232 2.4011e+05
0.0082395 2.4011e+05
0.0082471 2.4011e+05
0.0082546 2.4011e+05
0.0082622 2.4011e+05
0.0082697 2.4011e+05
0.0082772 2.4011e+05
0.0082848 2.4011e+05
0.0082923 2.4011e+05
0.0082998 2.4011e+05
0.0083074 2.4011e+05
0.0083149 2.4011e+05
0.0083225 2.4011e+05
0.00833 2.4011e+05
0.0083375 2.4011e+05
0.0083451 2.4011e+05
0.0083526 2.4011e+05
0.0083602 2.4011e+05
0.0083677 2.4011e+05
0.0083752 2.4011e+05
0.0083828 2.4011e+05
0.0083903 2.4011e+05
0.0083978 2.4011e+05
0.0084054 2.4011e+05
0.0084129 2.4011e+05
0.0084205 2.4011e+05
0.008428 2.4011e+05
0.0084355 2.4011e+05
0.0084431 2.4011e+05
0.0084506 2.4011e+05
0.0084582 2.4011e+05
0.0084657 2.4011e+05
0.0084732 2.4011e+05
0.0084808 2.4011e+05
0.0084883 2.4011e+05
0.0084958 2.4011e+05
0.0085034 2.4011e+05
0.0085109 2.4011e+05
0.0085185 2.4011e+05
0.008526 2.4011e+05
0.0085335 2.4011e+05
0.0085411 2.4011e+05
0.0085486 2.4011e+05
0.0085562 2.4011e+05
0.0085637 2.4011e+05
0.0085712 2.4011e+05
0.0085788 2.4011e+05
0.0085863 2.4011e+05
0.0085938 2.4011e+05
0.0086014 2.4011e+05
0.0086089 2.4011e+05
0.0086165 2.4011e+05
0.008624 2.4011e+05
0.0086315 2.4011e+05
0.0086391 2.4011e+05
0.0086466 2.4011e+05
0.0086542 2.4011e+05
0.0086617 2.4011e+05
0.0086692 2.4011e+05
0.0086768 2.4011e+05
0.0086843 2.4011e+05
0.0086918 2.4011e+05
0.0086994 2.4011e+05
0.0087069 2.4011e+05
0.0087145 2.4011e+05
0.008722 2.4011e+05
0.0087295 2.4011e+05
0.0087371 2.4011e+05
0.0087446 2.4011e+05
0.0087522 2.4011e+05
0.0087597 2.4011e+05
0.0087672 2.4011e+05
0.0087748 2.4011e+05
0.0087823 2.4011e+05
0.0087898 2.4011e+05
0.0087974 2.4011e+05
0.0088049 2.4011e+05
0.0088125 2.4011e+05
0.00882 2.4011e+05
0.0088275 2.4011e+05
0.0088351 2.4011e+05
0.0088426 2.4011e+05
0.0088502 2.4011e+05
0.0088577 2.4011e+05
0.0088652 2.4011e+05
0.0088728 2.4011e+05
0.0088803 2.4011e+05
0.0088878 2.4011e+05
0.0088954 2.4011e+05
0.0089029 2.4011e+05
0.0089105 2.4011e+05
0.008918 2.4011e+05
0.0089255 2.4011e+05
0.0089331 2.4011e+05
0.0089406 2.4011e+05
0.0089482 2.4011e+05
0.0089557 2.4011e+05
0.0089632 2.4011e+05
0.0089708 2.4011e+05
0.0089783 2.4011e+05
0.0089858 2.4011e+05
0.0089934 2.4011e+05
0.0090009 2.4011e+05
0.0090085 2.4011e+05
0.009016 2.4011e+05
0.0090235 2.4011e+05
0.0090311 2.4011e+05
0.0090386 2.4011e+05
0.0090462 2.4011e+05
0.0090537 2.4011e+05
0.0090612 2.4011e+05
0.0090688 2.4011e+05
0.0090763 2.4011e+05
0.0090838 2.4011e+05
0.0090914 2.4011e+05
0.0090989 2.4011e+05
0.0091065 2.4011e+05
0.009114 2.4011e+05
0.0091215 2.4011e+05
0.0091291 2.4011e+05
0.0091366 2.4011e+05
0.0091442 2.4011e+05
0.0091517 2.4011e+05
0.0091592 2.4011e+05
0.0091668 2.4011e+05
0.0091743 2.4011e+05
0.0091818 2.4011e+05
0.0091894 2.4011e+05
0.0091969 2.4011e+05
0.0092045 2.4011e+05
0.009212 2.4011e+05
0.0092195 2.4011e+05
0.0092271 2.4011e+05
0.0092346 2.4011e+05
0.0092422 2.4011e+05
0.0092497 2.4011e+05
0.0092572 2.4011e+05
0.0092648 2.4011e+05
0.0092723 2.4011e+05
0.0092798 2.4011e+05
0.0092874 2.4011e+05
0.0092949 2.4011e+05
0.0093025 2.4011e+05
0.00931 2.4011e+05
0.0093175 2.4011e+05
0.0093251 2.4011e+05
0.0093326 2.4011e+05
0.0093402 2.4011e+05
0.0093477 2.4011e+05
0.0093552 2.4011e+05
0.0093628 2.4011e+05
0.0093703 2.4011e+05
0.0093778 2.4011e+05
0.0093854 2.4011e+05
0.0093929 2.4011e+05
0.0094005 2.4011e+05
0.009408 2.4011e+05
0.0094155 2.4011e+05
0.0094231 2.4011e+05
0.0094306 2.4011e+05
0.0094382 2.4011e+05
0.0094457 2.4011e+05
0.0094532 2.4011e+05
0.0094608 2.4011e+05
0.0094683 2.4011e+05
0.0094758 2.4011e+05
0.0094834 2.4011e+05
0.0094909 2.4011e+05
0.0094985 2.4011e+05
0.009506 2.4011e+05
0.0095135 2.4011e+05
0.0095211 2.4011e+05
0.0095286 2.4011e+05
0.0095362 2.4011e+05
0.0095437 2.4011e+05
0.0095512 2.4011e+05
0.0095588 2.4011e+05
0.0095663 2.4011e+05
0.0095738 2.4011e+05
0.0095814 2.4011e+05
0.0095889 2.4011e+05
0.0095965 2.4011e+05
0.009604 2.4011e+05
0.0096115 2.4011e+05
0.0096191 2.4011e+05
0.0096266 2.4011e+05
0.0096342 2.4011e+05
0.0096417 2.4011e+05
0.0096492 2.4011e+05
0.0096568 2.4011e+05
0.0096643 2.4011e+05
0.0096718 2.4011e+05
0.0096794 2.4011e+05
0.0096869 2.4011e+05
0.0096945 2.4011e+05
0.009702 2.4011e+05
0.0097095 2.4011e+05
0.0097171 2.4011e+05
0.0097246 2.4011e+05
0.0097322 2.4011e+05
0.0097397 2.4011e+05
0.0097472 2.4011e+05
0.0097548 2.4011e+05
0.0097623 2.4011e+05
0.0097698 2.4011e+05
0.0097774 2.4011e+05
0.0097849 2.4011e+05
0.0097925 2.4011e+05
0.0098 2.4011e+05
0.0098075 2.4011e+05
0.0098151 2.4011e+05
0.0098226 2.4011e+05
0.0098302 2.4011e+05
0.0098377 2.4011e+05
0.0098452 2.4011e+05
0.0098528 2.4011e+05
0.0098603 2.4011e+05
0.0098678 2.4011e+05
0.0098754 2.4011e+05
0.0098829 2.4011e+05
0.0098905 2.4011e+05
0.009898 2.4011e+05
0.0099055 2.4011e+05
0.0099131 2.4011e+05
0.0099206 2.4011e+05
0.0099282 2.4011e+05
0.0099357 2.4011e+05
0.0099432 2.4011e+05
0.0099508 2.4011e+05
0.0099583 2.4011e+05
0.0099658 2.4011e+05
0.0099734 2.4011e+05
0.0099809 2.4011e+05
0.0099885 2.4011e+05
0.009996 2.4011e+05
0.010004 2.4011e+05
0.010011 2.4011e+05
0.010019 2.4011e+05
0.010026 2.4011e+05
0.010034 2.4011e+05
0.010041 2.4011e+05
0.010049 2.4011e+05
0.010056 2.4011e+05
0.010064 2.4011e+05
0.010071 2.4011e+05
0.010079 2.4011e+05
0.010086 2.4011e+05
0.010094 2.4011e+05
0.010102 2.4011e+05
0.010109 2.4011e+05
0.010117 2.4011e+05
0.010124 2.4011e+05
0.010132 2.4011e+05
0.010139 2.4011e+05
0.010147 2.4011e+05
0.010154 2.4011e+05
0.010162 2.4011e+05
0.010169 2.4011e+05
0.010177 2.4011e+05
0.010184 2.4011e+05
0.010192 2.4011e+05
0.0102 2.4011e+05
0.010207 2.4011e+05
0.010215 2.4011e+05
0.010222 2.4011e+05
0.01023 2.4011e+05
0.010237 2.4011e+05
0.010245 2.4011e+05
0.010252 2.4011e+05
0.01026 2.4011e+05
0.010267 2.4011e+05
0.010275 2.4011e+05
0.010282 2.4011e+05
0.01029 2.4011e+05
0.010298 2.4011e+05
0.010305 2.4011e+05
0.010313 2.4011e+05
0.01032 2.4011e+05
0.010328 2.4011e+05
0.010335 2.4011e+05
0.010343 2.4011e+05
0.01035 2.4011e+05
0.010358 2.4011e+05
0.010365 2.4011e+05
0.010373 2.4011e+05
0.01038 2.4011e+05
0.010388 2.4011e+05
0.010396 2.4011e+05
0.010403 2.4011e+05
0.010411 2.4011e+05
0.010418 2.4011e+05
0.010426 2.4011e+05
0.010433 2.4011e+05
0.010441 2.4011e+05
0.010448 2.4011e+05
0.010456 2.4011e+05
0.010463 2.4011e+05
0.010471 2.4011e+05
0.010478 2.4011e+05
0.010486 2.4011e+05
0.010494 2.4011e+05
0.010501 2.4011e+05
0.010509 2.4011e+05
0.010516 2.4011e+05
0.010524 2.4011e+05
0.010531 2.4011e+05
0.010539 2.4011e+05
0.010546 2.4011e+05
0.010554 2.4011e+05
0.010561 2.4011e+05
0.010569 2.4011e+05
0.010576 2.4011e+05
0.010584 2.4011e+05
0.010592 2.4011e+05
0.010599 2.4011e+05
0.010607 2.4011e+05
0.010614 2.4011e+05
0.010622 2.4011e+05
0.010629 2.4011e+05
0.010637 2.4011e+05
0.010644 2.4011e+05
0.010652 2.4011e+05
0.010659 2.4011e+05
0.010667 2.4011e+05
0.010674 2.4011e+05
0.010682 2.4011e+05
0.01069 2.4011e+05
0.010697 2.4011e+05
0.010705 2.4011e+05
0.010712 2.4011e+05
0.01072 2.4011e+05
0.010727 2.4011e+05
0.010735 2.4011e+05
0.010742 2.4011e+05
0.01075 2.4011e+05
0.010757 2.4011e+05
0.010765 2.4011e+05
0.010772 2.4011e+05
0.01078 2.4011e+05
0.010788 2.4011e+05
0.010795 2.4011e+05
0.010803 2.4011e+05
0.01081 2.4011e+05
0.010818 2.4011e+05
0.010825 2.4011e+05
0.010833 2.4011e+05
0.01084 2.4011e+05
0.010848 2.4011e+05
0.010855 2.4011e+05
0.010863 2.4011e+05
0.01087 2.4011e+05
0.010878 2.4011e+05
0.010886 2.4011e+05
0.010893 2.4011e+05
0.010901 2.4011e+05
0.010908 2.4011e+05
0.010916 2.4011e+05
0.010923 2.4011e+05
0.010931 2.4011e+05
0.010938 2.4011e+05
0.010946 2.4011e+05
0.010953 2.4011e+05
0.010961 2.4011e+05
0.010968 2.4011e+05
0.010976 2.4011e+05
0.010984 2.4011e+05
0.010991 2.4011e+05
0.010999 2.4011e+05
0.011006 2.4011e+05
0.011014 2.4011e+05
0.011021 2.4011e+05
0.011029 2.4011e+05
0.011036 2.4011e+05
0.011044 2.4011e+05
0.011051 2.4011e+05
0.011059 2.4011e+05
0.011066 2.4011e+05
0.011074 2.4011e+05
0.011082 2.4011e+05
0.011089 2.4011e+05
0.011097 2.4011e+05
0.011104 2.4011e+05
0.011112 2.4011e+05
0.011119 2.4011e+05
0.011127 2.4011e+05
0.011134 2.4011e+05
0.011142 2.4011e+05
0.011149 2.4011e+05
0.011157 2.4011e+05
0.011164 2.4011e+05
0.011172 2.4011e+05
0.01118 2.4011e+05
0.011187 2.4011e+05
0.011195 2.4011e+05
0.011202 2.4011e+05
0.01121 2.4011e+05
0.011217 2.4011e+05
0.011225 2.4011e+05
0.011232 2.4011e+05
0.01124 2.4011e+05
0.011247 2.4011e+05
0.011255 2.4011e+05
0.011262 2.4011e+05
0.01127 2.4011e+05
0.011278 2.4011e+05
0.011285 2.4011e+05
0.011293 2.4011e+05
0.0113 2.4011e+05
0.011308 2.4011e+05
0.011315 2.4011e+05
0.011323 2.4011e+05
0.01133 2.4011e+05
0.011338 2.4011e+05
0.011345 2.4011e+05
0.011353 2.4011e+05
0.01136 2.4011e+05
0.011368 2.4011e+05
0.011376 2.4011e+05
0.011383 2.4011e+05
0.011391 2.4011e+05
0.011398 2.4011e+05
0.011406 2.4011e+05
0.011413 2.4011e+05
0.011421 2.4011e+05
0.011428 2.4011e+05
0.011436 2.4011e+05
0.011443 2.4011e+05
0.011451 2.4011e+05
0.011458 2.4011e+05
0.011466 2.4011e+05
0.011474 2.4011e+05
0.011481 2.4011e+05
0.011489 2.4011e+05
0.011496 2.4011e+05
0.011504 2.4011e+05
0.011511 2.4011e+05
0.011519 2.4011e+05
0.011526 2.4011e+05
0.011534 2.4011e+05
0.011541 2.4011e+05
0.011549 2.4011e+05
0.011556 2.4011e+05
0.011564 2.4011e+05
0.011572 2.4011e+05
0.011579 2.4011e+05
0.011587 2.4011e+05
0.011594 2.4011e+05
0.011602 2.4011e+05
0.011609 2.4011e+05
0.011617 2.4011e+05
0.011624 2.4011e+05
0.011632 2.4011e+05
0.011639 2.4011e+05
0.011647 2.4011e+05
0.011654 2.4011e+05
0.011662 2.4011e+05
0.01167 2.4011e+05
0.011677 2.4011e+05
0.011685 2.4011e+05
0.011692 2.4011e+05
0.0117 2.4011e+05
0.011707 2.4011e+05
0.011715 2.4011e+05
0.011722 2.4011e+05
0.01173 2.4011e+05
0.011737 2.4011e+05
0.011745 2.4011e+05
0.011752 2.4011e+05
0.01176 2.4011e+05
0.011768 2.4011e+05
0.011775 2.4011e+05
0.011783 2.4011e+05
0.01179 2.4011e+05
0.011798 2.4011e+05
0.011805 2.4011e+05
0.011813 2.4011e+05
0.01182 2.4011e+05
0.011828 2.4011e+05
0.011835 2.4011e+05
0.011843 2.4011e+05
0.01185 2.4011e+05
0.011858 2.4011e+05
0.011866 2.4011e+05
0.011873 2.4011e+05
0.011881 2.4011e+05
0.011888 2.4011e+05
0.011896 2.4011e+05
0.011903 2.4011e+05
0.011911 2.4011e+05
0.011918 2.4011e+05
0.011926 2.4011e+05
0.011933 2.4011e+05
0.011941 2.4011e+05
0.011948 2.4011e+05
0.011956 2.4011e+05
0.011964 2.4011e+05
0.011971 2.4011e+05
0.011979 2.4011e+05
0.011986 2.4011e+05
0.011994 2.4011e+05
0.012001 2.4011e+05
0.012009 2.4011e+05
0.012016 2.4011e+05
0.012024 2.4011e+05
0.012031 2.4011e+05
0.012039 2.4011e+05
0.012046 2.4011e+05
0.012054 2.4011e+05
0.012062 2.4011e+05
0.012069 2.4011e+05
0.012077 2.4011e+05
0.012084 2.4011e+05
0.012092 2.4011e+05
0.012099 2.4011e+05
0.012107 2.4011e+05
0.012114 2.4011e+05
0.012122 2.4011e+05
0.012129 2.4011e+05
0.012137 2.4011e+05
0.012144 2.4011e+05
0.012152 2.4011e+05
0.01216 2.4011e+05
0.012167 2.4011e+05
0.012175 2.4011e+05
0.012182 2.4011e+05
0.01219 2.4011e+05
0.012197 2.4011e+05
0.012205 2.4011e+05
0.012212 2.4011e+05
0.01222 2.4011e+05
0.012227 2.4011e+05
0.012235 2.4011e+05
0.012242 2.4011e+05
0.01225 2.4011e+05
0.012258 2.4011e+05
0.012265 2.4011e+05
0.012273 2.4011e+05
0.01228 2.4011e+05
0.012288 2.4011e+05
0.012295 2.4011e+05
0.012303 2.4011e+05
0.01231 2.4011e+05
0.012318 2.4011e+05
0.012325 2.4011e+05
0.012333 2.4011e+05
0.01234 2.4011e+05
0.012348 2.4011e+05
0.012356 2.4011e+05
0.012363 2.4011e+05
0.012371 2.4011e+05
0.012378 2.4011e+05
0.012386 2.4011e+05
0.012393 2.4011e+05
0.012401 2.4011e+05
0.012408 2.4011e+05
0.012416 2.4011e+05
0.012423 2.4011e+05
0.012431 2.4011e+05
0.012438 2.4011e+05
0.012446 2.4011e+05
0.012454 2.4011e+05
0.012461 2.4011e+05
0.012469 2.4011e+05
0.012476 2.4011e+05
0.012484 2.4011e+05
0.012491 2.4011e+05
0.012499 2.4011e+05
0.012506 2.4011e+05
0.012514 2.4011e+05
0.012521 2.4011e+05
0.012529 2.4011e+05
0.012536 2.4011e+05
0.012544 2.4011e+05
0.012552 2.4011e+05
0.012559 2.4011e+05
0.012567 2.4011e+05
0.012574 2.4011e+05
0.012582 2.4011e+05
0.012589 2.4011e+05
0.012597 2.4011e+05
0.012604 2.4011e+05
0.012612 2.4011e+05
0.012619 2.4011e+05
0.012627 2.4011e+05
0.012634 2.4011e+05
0.012642 2.4011e+05
0.01265 2.4011e+05
0.012657 2.4011e+05
0.012665 2.4011e+05
0.012672 2.4011e+05
0.01268 2.4011e+05
0.012687 2.4011e+05
0.012695 2.4011e+05
0.012702 2.4011e+05
0.01271 2.4011e+05
0.012717 2.4011e+05
0.012725 2.4011e+05
0.012732 2.4011e+05
0.01274 2.4011e+05
0.012748 2.4011e+05
0.012755 2.4011e+05
0.012763 2.4011e+05
0.01277 2.4011e+05
0.012778 2.4011e+05
0.012785 2.4011e+05
0.012793 2.4011e+05
0.0128 2.4011e+05
0.012808 2.4011e+05
0.012815 2.4011e+05
0.012823 2.4011e+05
0.01283 2.4011e+05
0.012838 2.4011e+05
0.012846 2.4011e+05
0.012853 2.4011e+05
0.012861 2.4011e+05
0.012868 2.4011e+05
0.012876 2.4011e+05
0.012883 2.4011e+05
0.012891 2.4011e+05
0.012898 2.4011e+05
0.012906 2.4011e+05
0.012913 2.4011e+05
0.012921 2.4011e+05
0.012928 2.4011e+05
0.012936 2.4011e+05
0.012944 2.4011e+05
0.012951 2.4011e+05
0.012959 2.4011e+05
0.012966 2.4011e+05
0.012974 2.4011e+05
0.012981 2.4011e+05
0.012989 2.4011e+05
0.012996 2.4011e+05
0.013004 2.4011e+05
0.013011 2.4011e+05
0.013019 2.4011e+05
0.013026 2.4011e+05
0.013034 2.4011e+05
0.013042 2.4011e+05
0.013049 2.4011e+05
0.013057 2.4011e+05
0.013064 2.4011e+05
0.013072 2.4011e+05
0.013079 2.4011e+05
0.013087 2.4011e+05
0.013094 2.4011e+05
0.013102 2.4011e+05
0.013109 2.4011e+05
0.013117 2.4011e+05
0.013124 2.4011e+05
0.013132 2.4011e+05
0.01314 2.4011e+05
0.013147 2.4011e+05
0.013155 2.4011e+05
0.013162 2.4011e+05
0.01317 2.4011e+05
0.013177 2.4011e+05
0.013185 2.4011e+05
0.013192 2.4011e+05
0.0132 2.4011e+05
0.013207 2.4011e+05
0.013215 2.4011e+05
0.013222 2.4011e+05
0.01323 2.4011e+05
0.013238 2.4011e+05
0.013245 2.4011e+05
0.013253 2.4011e+05
0.01326 2.4011e+05
0.013268 2.4011e+05
0.013275 2.4011e+05
0.013283 2.4011e+05
0.01329 2.4011e+05
0.013298 2.4011e+05
0.013305 2.4011e+05
0.013313 2.4011e+05
0.01332 2.4011e+05
0.013328 2.4011e+05
0.013336 2.4011e+05
0.013343 2.4011e+05
0.013351 2.4011e+05
0.013358 2.4011e+05
0.013366 2.4011e+05
0.013373 2.4011e+05
0.013381 2.4011e+05
0.013388 2.4011e+05
0.013396 2.4011e+05
0.013403 2.4011e+05
0.013411 2.4011e+05
0.013418 2.4011e+05
0.013426 2.4011e+05
0.013434 2.4011e+05
0.013441 2.4011e+05
0.013449 2.4011e+05
0.013456 2.4011e+05
0.013464 2.4011e+05
0.013471 2.4011e+05
0.013479 2.4011e+05
0.013486 2.4011e+05
0.013494 2.4011e+05
0.013501 2.4011e+05
0.013509 2.4011e+05
0.013516 2.4011e+05
0.013524 2.4011e+05
0.013532 2.4011e+05
0.013539 2.4011e+05
0.013547 2.4011e+05
0.013554 2.4011e+05
0.013562 2.4011e+05
0.013569 2.4011e+05
0.013577 2.4011e+05
0.013584 2.4011e+05
0.013592 2.4011e+05
0.013599 2.4011e+05
0.013607 2.4011e+05
0.013614 2.4011e+05
0.013622 2.4011e+05
0.01363 2.4011e+05
0.013637 2.4011e+05
0.013645 2.4011e+05
0.013652 2.4011e+05
0.01366 2.4011e+05
0.013667 2.4011e+05
0.013675 2.4011e+05
0.013682 2.4011e+05
0.01369 2.4011e+05
0.013697 2.4011e+05
0.013705 2.4011e+05
0.013712 2.4011e+05
0.01372 2.4011e+05
0.013728 2.4011e+05
0.013735 2.4011e+05
0.013743 2.4011e+05
0.01375 2.4011e+05
0.013758 2.4011e+05
0.013765 2.4011e+05
0.013773 2.4011e+05
0.01378 2.4011e+05
0.013788 2.4011e+05
0.013795 2.4011e+05
0.013803 2.4011e+05
0.01381 2.4011e+05
0.013818 2.4011e+05
0.013826 2.4011e+05
0.013833 2.4011e+05
0.013841 2.4011e+05
0.013848 2.4011e+05
0.013856 2.4011e+05
0.013863 2.4011e+05
0.013871 2.4011e+05
0.013878 2.4011e+05
0.013886 2.4011e+05
0.013893 2.4011e+05
0.013901 2.4011e+05
0.013908 2.4011e+05
0.013916 2.4011e+05
0.013924 2.4011e+05
0.013931 2.4011e+05
0.013939 2.4011e+05
0.013946 2.4011e+05
0.013954 2.4011e+05
0.013961 2.4011e+05
0.013969 2.4011e+05
0.013976 2.4011e+05
0.013984 2.4011e+05
0.013991 2.4011e+05
0.013999 2.4011e+05
0.014006 2.4011e+05
0.014014 2.4011e+05
0.014022 2.4011e+05
0.014029 2.4011e+05
0.014037 2.4011e+05
0.014044 2.4011e+05
0.014052 2.4011e+05
0.014059 2.4011e+05
0.014067 2.4011e+05
0.014074 2.4011e+05
0.014082 2.4011e+05
0.014089 2.4011e+05
0.014097 2.4011e+05
0.014104 2.4011e+05
0.014112 2.4011e+05
0.01412 2.4011e+05
0.014127 2.4011e+05
0.014135 2.4011e+05
0.014142 2.4011e+05
0.01415 2.4011e+05
0.014157 2.4011e+05
0.014165 2.4011e+05
0.014172 2.4011e+05
0.01418 2.4011e+05
0.014187 2.4011e+05
0.014195 2.4011e+05
0.014202 2.4011e+05
0.01421 2.4011e+05
0.014218 2.4011e+05
0.014225 2.4011e+05
0.014233 2.4011e+05
0.01424 2.4011e+05
0.014248 2.4011e+05
0.014255 2.4011e+05
0.014263 2.4011e+05
0.01427 2.4011e+05
0.014278 2.4011e+05
0.014285 2.4011e+05
0.014293 2.4011e+05
0.0143 2.4011e+05
0.014308 2.4011e+05
0.014316 2.4011e+05
0.014323 2.4011e+05
0.014331 2.4011e+05
0.014338 2.4011e+05
0.014346 2.4011e+05
0.014353 2.4011e+05
0.014361 2.4011e+05
0.014368 2.4011e+05
0.014376 2.4011e+05
0.014383 2.4011e+05
0.014391 2.4011e+05
0.014398 2.4011e+05
0.014406 2.4011e+05
0.014414 2.4011e+05
0.014421 2.4011e+05
0.014429 2.4011e+05
0.014436 2.4011e+05
0.014444 2.4011e+05
0.014451 2.4011e+05
0.014459 2.4011e+05
0.014466 2.4011e+05
0.014474 2.4011e+05
0.014481 2.4011e+05
0.014489 2.4011e+05
0.014496 2.4011e+05
0.014504 2.4011e+05
0.014512 2.4011e+05
0.014519 2.4011e+05
0.014527 2.4011e+05
0.014534 2.4011e+05
0.014542 2.4011e+05
0.014549 2.4011e+05
0.014557 2.4011e+05
0.014564 2.4011e+05
0.014572 2.4011e+05
0.014579 2.4011e+05
0.014587 2.4011e+05
0.014594 2.4011e+05
0.014602 2.4011e+05
0.01461 2.4011e+05
0.014617 2.4011e+05
0.014625 2.4011e+05
0.014632 2.4011e+05
0.01464 2.4011e+05
0.014647 2.4011e+05
0.014655 2.4011e+05
0.014662 2.4011e+05
0.01467 2.4011e+05
0.014677 2.4011e+05
0.014685 2.4011e+05
0.014692 2.4011e+05
0.0147 2.4011e+05
0.014708 2.4011e+05
0.014715 2.4011e+05
0.014723 2.4011e+05
0.01473 2.4011e+05
0.014738 2.4011e+05
0.014745 2.4011e+05
0.014753 2.4011e+05
0.01476 2.4011e+05
0.014768 2.4011e+05
0.014775 2.4011e+05
0.014783 2.4011e+05
0.01479 2.4011e+05
0.014798 2.4011e+05
0.014806 2.4011e+05
0.014813 2.4011e+05
0.014821 2.4011e+05
0.014828 2.4011e+05
0.014836 2.4011e+05
0.014843 2.4011e+05
0.014851 2.4011e+05
0.014858 2.4011e+05
0.014866 2.4011e+05
0.014873 2.4011e+05
0.014881 2.4011e+05
0.014888 2.4011e+05
0.014896 2.4011e+05
0.014904 2.4011e+05
0.014911 2.4011e+05
0.014919 2.4011e+05
0.014926 2.4011e+05
0.014934 2.4011e+05
0.014941 2.4011e+05
0.014949 2.4011e+05
0.014956 2.4011e+05
0.014964 2.4011e+05
0.014971 2.4011e+05
0.014979 2.4011e+05
0.014986 2.4011e+05
0.014994 2.4011e+05
0.015002 2.4011e+05
0.015009 2.4011e+05
0.015017 2.4011e+05
0.015024 2.4011e+05
0.015032 2.4011e+05
0.015039 2.4011e+05
0.015047 2.4011e+05
0.015054 2.4011e+05
0.015062 2.4011e+05
0.015069 2.4011e+05
0.015077 2.4011e+05
0.015084 2.4011e+05
0.015092 2.4011e+05
0.0151 2.4011e+05
0.015107 2.4011e+05
0.015115 2.4011e+05
0.015122 2.4011e+05
0.01513 2.4011e+05
0.015137 2.4011e+05
0.015145 2.4011e+05
0.015152 2.4011e+05
0.01516 2.4011e+05
0.015167 2.4011e+05
0.015175 2.4011e+05
0.015182 2.4011e+05
0.01519 2.4011e+05
0.015198 2.4011e+05
0.015205 2.4011e+05
0.015213 2.4011e+05
0.01522 2.4011e+05
0.015228 2.4011e+05
0.015235 2.4011e+05
0.015243 2.4011e+05
0.01525 2.4011e+05
0.015258 2.4011e+05
0.015265 2.4011e+05
0.015273 2.4011e+05
0.01528 2.4011e+05
0.015288 2.4011e+05
0.015296 2.4011e+05
0.015303 2.4011e+05
0.015311 2.4011e+05
0.015318 2.4011e+05
0.015326 2.4011e+05
0.015333 2.4011e+05
0.015341 2.4011e+05
0.015348 2.4011e+05
0.015356 2.4011e+05
0.015363 2.4011e+05
0.015371 2.4011e+05
0.015378 2.4011e+05
0.015386 2.4011e+05
0.015394 2.4011e+05
0.015401 2.4011e+05
0.015409 2.4011e+05
0.015416 2.4011e+05
0.015424 2.4011e+05
0.015431 2.4011e+05
0.015439 2.4011e+05
0.015446 2.4011e+05
0.015454 2.4011e+05
0.015461 2.4011e+05
0.015469 2.4011e+05
0.015476 2.4011e+05
0.015484 2.4011e+05
0.015492 2.4011e+05
0.015499 2.4011e+05
0.015507 2.4011e+05
0.015514 2.4011e+05
0.015522 2.4011e+05
0.015529 2.4011e+05
0.015537 2.4011e+05
0.015544 2.4011e+05
0.015552 2.4011e+05
0.015559 2.4011e+05
0.015567 2.4011e+05
0.015574 2.4011e+05
0.015582 2.4011e+05
0.01559 2.4011e+05
0.015597 2.4011e+05
0.015605 2.4011e+05
0.015612 2.4011e+05
0.01562 2.4011e+05
0.015627 2.4011e+05
0.015635 2.4011e+05
0.015642 2.4011e+05
0.01565 2.4011e+05
0.015657 2.4011e+05
0.015665 2.4011e+05
0.015672 2.4011e+05
0.01568 2.4011e+05
0.015688 2.4011e+05
0.015695 2.4011e+05
0.015703 2.4011e+05
0.01571 2.4011e+05
0.015718 2.4011e+05
0.015725 2.4011e+05
0.015733 2.4011e+05
0.01574 2.4011e+05
0.015748 2.4011e+05
0.015755 2.4011e+05
0.015763 2.4011e+05
0.01577 2.4011e+05
0.015778 2.4011e+05
0.015786 2.4011e+05
0.015793 2.4011e+05
0.015801 2.4011e+05
0.015808 2.4011e+05
0.015816 2.4011e+05
0.015823 2.4011e+05
0.015831 2.4011e+05
0.015838 2.4011e+05
0.015846 2.4011e+05
0.015853 2.4011e+05
0.015861 2.4011e+05
0.015868 2.4011e+05
0.015876 2.4011e+05
0.015884 2.4011e+05
0.015891 2.4011e+05
0.015899 2.4011e+05
0.015906 2.4011e+05
0.015914 2.4011e+05
0.015921 2.4011e+05
0.015929 2.4011e+05
0.015936 2.4011e+05
0.015944 2.4011e+05
0.015951 2.4011e+05
0.015959 2.4011e+05
0.015966 2.4011e+05
0.015974 2.4011e+05
0.015982 2.4011e+05
0.015989 2.4011e+05
0.015997 2.4011e+05
0.016004 2.4011e+05
0.016012 2.4011e+05
0.016019 2.4011e+05
0.016027 2.4011e+05
0.016034 2.4011e+05
0.016042 2.4011e+05
0.016049 2.4011e+05
0.016057 2.4011e+05
0.016064 2.4011e+05
0.016072 2.4011e+05
0.01608 2.4011e+05
0.016087 2.4011e+05
0.016095 2.4011e+05
0.016102 2.4011e+05
0.01611 2.4011e+05
0.016117 2.4011e+05
0.016125 2.4011e+05
0.016132 2.4011e+05
0.01614 2.4011e+05
0.016147 2.4011e+05
0.016155 2.4011e+05
0.016162 2.4011e+05
0.01617 2.4011e+05
0.016178 2.4011e+05
0.016185 2.4011e+05
0.016193 2.4011e+05
0.0162 2.4011e+05
0.016208 2.4011e+05
0.016215 2.4011e+05
0.016223 2.4011e+05
0.01623 2.4011e+05
0.016238 2.4011e+05
0.016245 2.4011e+05
0.016253 2.4011e+05
0.01626 2.4011e+05
0.016268 2.4011e+05
0.016276 2.4011e+05
0.016283 2.4011e+05
0.016291 2.4011e+05
0.016298 2.4011e+05
0.016306 2.4011e+05
0.016313 2.4011e+05
0.016321 2.4011e+05
0.016328 2.4011e+05
0.016336 2.4011e+05
0.016343 2.4011e+05
0.016351 2.4011e+05
0.016358 2.4011e+05
0.016366 2.4011e+05
0.016374 2.4011e+05
0.016381 2.4011e+05
0.016389 2.4011e+05
0.016396 2.4011e+05
0.016404 2.4011e+05
0.016411 2.4011e+05
0.016419 2.4011e+05
0.016426 2.4011e+05
0.016434 2.4011e+05
0.016441 2.4011e+05
0.016449 2.4011e+05
0.016456 2.4011e+05
0.016464 2.4011e+05
0.016472 2.4011e+05
0.016479 2.4011e+05
0.016487 2.4011e+05
0.016494 2.4011e+05
0.016502 2.4011e+05
0.016509 2.4011e+05
0.016517 2.4011e+05
0.016524 2.4011e+05
0.016532 2.4011e+05
0.016539 2.4011e+05
0.016547 2.4011e+05
0.016554 2.4011e+05
0.016562 2.4011e+05
0.01657 2.4011e+05
0.016577 2.4011e+05
0.016585 2.4011e+05
0.016592 2.4011e+05
0.0166 2.4011e+05
0.016607 2.4011e+05
0.016615 2.4011e+05
0.016622 2.4011e+05
0.01663 2.4011e+05
0.016637 2.4011e+05
0.016645 2.4011e+05
0.016652 2.4011e+05
0.01666 2.4011e+05
0.016668 2.4011e+05
0.016675 2.4011e+05
0.016683 2.4011e+05
0.01669 2.4011e+05
0.016698 2.4011e+05
0.016705 2.4011e+05
0.016713 2.4011e+05
0.01672 2.4011e+05
0.016728 2.4011e+05
0.016735 2.4011e+05
0.016743 2.4011e+05
0.01675 2.4011e+05
0.016758 2.4011e+05
0.016766 2.4011e+05
0.016773 2.4011e+05
0.016781 2.4011e+05
0.016788 2.4011e+05
0.016796 2.4011e+05
0.016803 2.4011e+05
0.016811 2.4011e+05
0.016818 2.4011e+05
0.016826 2.4011e+05
0.016833 2.4011e+05
0.016841 2.4011e+05
0.016848 2.4011e+05
0.016856 2.4011e+05
0.016864 2.4011e+05
0.016871 2.4011e+05
0.016879 2.4011e+05
0.016886 2.4011e+05
0.016894 2.4011e+05
0.016901 2.4011e+05
0.016909 2.4011e+05
0.016916 2.4011e+05
0.016924 2.4011e+05
0.016931 2.4011e+05
0.016939 2.4011e+05
0.016946 2.4011e+05
0.016954 2.4011e+05
0.016962 2.4011e+05
0.016969 2.4011e+05
0.016977 2.4011e+05
0.016984 2.4011e+05
0.016992 2.4011e+05
0.016999 2.4011e+05
0.017007 2.4011e+05
0.017014 2.4011e+05
0.017022 2.4011e+05
0.017029 2.4011e+05
0.017037 2.4011e+05
0.017044 2.4011e+05
0.017052 2.4011e+05
0.01706 2.4011e+05
0.017067 2.4011e+05
0.017075 2.4011e+05
0.017082 2.4011e+05
0.01709 2.4011e+05
0.017097 2.4011e+05
0.017105 2.4011e+05
0.017112 2.4011e+05
0.01712 2.4011e+05
0.017127 2.4011e+05
0.017135 2.4011e+05
0.017142 2.4011e+05
0.01715 2.4011e+05
0.017158 2.4011e+05
0.017165 2.4011e+05
0.017173 2.4011e+05
0.01718 2.4011e+05
0.017188 2.4011e+05
0.017195 2.4011e+05
0.017203 2.4011e+05
0.01721 2.4011e+05
0.017218 2.4011e+05
0.017225 2.4011e+05
0.017233 2.4011e+05
0.01724 2.4011e+05
0.017248 2.4011e+05
0.017256 2.4011e+05
0.017263 2.4011e+05
0.017271 2.4011e+05
0.017278 2.4011e+05
0.017286 2.4011e+05
0.017293 2.4011e+05
0.017301 2.4011e+05
0.017308 2.4011e+05
0.017316 2.4011e+05
0.017323 2.4011e+05
0.017331 2.4011e+05
0.017338 2.4011e+05
0.017346 2.4011e+05
0.017354 2.4011e+05
0.017361 2.4011e+05
0.017369 2.4011e+05
0.017376 2.4011e+05
0.017384 2.4011e+05
0.017391 2.4011e+05
0.017399 2.4011e+05
0.017406 2.4011e+05
0.017414 2.4011e+05
0.017421 2.4011e+05
0.017429 2.4011e+05
0.017436 2.4011e+05
0.017444 2.4011e+05
0.017452 2.4011e+05
0.017459 2.4011e+05
0.017467 2.4011e+05
0.017474 2.4011e+05
0.017482 2.4011e+05
0.017489 2.4011e+05
0.017497 2.4011e+05
0.017504 2.4011e+05
0.017512 2.4011e+05
0.017519 2.4011e+05
0.017527 2.4011e+05
0.017534 2.4011e+05
0.017542 2.4011e+05
0.01755 2.4011e+05
0.017557 2.4011e+05
0.017565 2.4011e+05
0.017572 2.4011e+05
0.01758 2.4011e+05
0.017587 2.4011e+05
0.017595 2.4011e+05
0.017602 2.4011e+05
0.01761 2.4011e+05
0.017617 2.4011e+05
0.017625 2.4011e+05
0.017632 2.4011e+05
0.01764 2.4011e+05
0.017648 2.4011e+05
0.017655 2.4011e+05
0.017663 2.4011e+05
0.01767 2.4011e+05
0.017678 2.4011e+05
0.017685 2.4011e+05
0.017693 2.4011e+05
0.0177 2.4011e+05
0.017708 2.4011e+05
0.017715 2.4011e+05
0.017723 2.4011e+05
0.01773 2.4011e+05
0.017738 2.4011e+05
0.017746 2.4011e+05
0.017753 2.4011e+05
0.017761 2.4011e+05
0.017768 2.4011e+05
0.017776 2.4011e+05
0.017783 2.4011e+05
0.017791 2.4011e+05
0.017798 2.4011e+05
0.017806 2.4011e+05
0.017813 2.4011e+05
0.017821 2.4011e+05
0.017828 2.4011e+05
0.017836 2.4011e+05
0.017844 2.4011e+05
0.017851 2.4011e+05
0.017859 2.4011e+05
0.017866 2.4011e+05
0.017874 2.4011e+05
0.017881 2.4011e+05
0.017889 2.4011e+05
0.017896 2.4011e+05
0.017904 2.4011e+05
0.017911 2.4011e+05
0.017919 2.4011e+05
0.017926 2.4011e+05
0.017934 2.4011e+05
0.017942 2.4011e+05
0.017949 2.4011e+05
0.017957 2.4011e+05
0.017964 2.4011e+05
0.017972 2.4011e+05
0.017979 2.4011e+05
0.017987 2.4011e+05
0.017994 2.4011e+05
0.018002 2.4011e+05
0.018009 2.4011e+05
0.018017 2.4011e+05
0.018024 2.4011e+05
0.018032 2.4011e+05
0.01804 2.4011e+05
0.018047 2.4011e+05
0.018055 2.4011e+05
0.018062 2.4011e+05
0.01807 2.4011e+05
0.018077 2.4011e+05
0.018085 2.4011e+05
0.018092 2.4011e+05
0.0181 2.4011e+05
0.018107 2.4011e+05
0.018115 2.4011e+05
0.018122 2.4011e+05
0.01813 2.4011e+05
0.018138 2.4011e+05
0.018145 2.4011e+05
0.018153 2.4011e+05
0.01816 2.4011e+05
0.018168 2.4011e+05
0.018175 2.4011e+05
0.018183 2.4011e+05
0.01819 2.4011e+05
0.018198 2.4011e+05
0.018205 2.4011e+05
0.018213 2.4011e+05
0.01822 2.4011e+05
0.018228 2.4011e+05
0.018236 2.4011e+05
0.018243 2.4011e+05
0.018251 2.4011e+05
0.018258 2.4011e+05
0.018266 2.4011e+05
0.018273 2.4011e+05
0.018281 2.4011e+05
0.018288 2.4011e+05
0.018296 2.4011e+05
0.018303 2.4011e+05
0.018311 2.4011e+05
0.018318 2.4011e+05
0.018326 2.4011e+05
0.018334 2.4011e+05
0.018341 2.4011e+05
0.018349 2.4011e+05
0.018356 2.4011e+05
0.018364 2.4011e+05
0.018371 2.4011e+05
0.018379 2.4011e+05
0.018386 2.4011e+05
0.018394 2.4011e+05
0.018401 2.4011e+05
0.018409 2.4011e+05
0.018416 2.4011e+05
0.018424 2.4011e+05
0.018432 2.4011e+05
0.018439 2.4011e+05
0.018447 2.4011e+05
0.018454 2.4011e+05
0.018462 2.4011e+05
0.018469 2.4011e+05
0.018477 2.4011e+05
0.018484 2.4011e+05
0.018492 2.4011e+05
0.018499 2.4011e+05
0.018507 2.4011e+05
0.018514 2.4011e+05
0.018522 2.4011e+05
0.01853 2.4011e+05
0.018537 2.4011e+05
0.018545 2.4011e+05
0.018552 2.4011e+05
0.01856 2.4011e+05
0.018567 2.4011e+05
0.018575 2.4011e+05
0.018582 2.4011e+05
0.01859 2.4011e+05
0.018597 2.4011e+05
0.018605 2.4011e+05
0.018612 2.4011e+05
0.01862 2.4011e+05
0.018628 2.4011e+05
0.018635 2.4011e+05
0.018643 2.4011e+05
0.01865 2.4011e+05
0.018658 2.4011e+05
0.018665 2.4011e+05
0.018673 2.4011e+05
0.01868 2.4011e+05
0.018688 2.4011e+05
0.018695 2.4011e+05
0.018703 2.4011e+05
0.01871 2.4011e+05
0.018718 2.4011e+05
0.018726 2.4011e+05
0.018733 2.4011e+05
0.018741 2.4011e+05
0.018748 2.4011e+05
0.018756 2.4011e+05
0.018763 2.4011e+05
0.018771 2.4011e+05
0.018778 2.4011e+05
0.018786 2.4011e+05
0.018793 2.4011e+05
0.018801 2.4011e+05
0.018808 2.4011e+05
0.018816 2.4011e+05
0.018824 2.4011e+05
0.018831 2.4011e+05
0.018839 2.4011e+05
0.018846 2.4011e+05
0.018854 2.4011e+05
0.018861 2.4011e+05
0.018869 2.4011e+05
0.018876 2.4011e+05
0.018884 2.4011e+05
0.018891 2.4011e+05
0.018899 2.4011e+05
0.018906 2.4011e+05
0.018914 2.4011e+05
0.018922 2.4011e+05
0.018929 2.4011e+05
0.018937 2.4011e+05
0.018944 2.4011e+05
0.018952 2.4011e+05
0.018959 2.4011e+05
0.018967 2.4011e+05
0.018974 2.4011e+05
0.018982 2.4011e+05
0.018989 2.4011e+05
0.018997 2.4011e+05
0.019004 2.4011e+05
0.019012 2.4011e+05
0.01902 2.4011e+05
0.019027 2.4011e+05
0.019035 2.4011e+05
0.019042 2.4011e+05
0.01905 2.4011e+05
0.019057 2.4011e+05
0.019065 2.4011e+05
0.019072 2.4011e+05
0.01908 2.4011e+05
0.019087 2.4011e+05
0.019095 2.4011e+05
0.019102 2.4011e+05
0.01911 2.4011e+05
0.019118 2.4011e+05
0.019125 2.4011e+05
0.019133 2.4011e+05
0.01914 2.4011e+05
0.019148 2.4011e+05
0.019155 2.4011e+05
0.019163 2.4011e+05
0.01917 2.4011e+05
0.019178 2.4011e+05
0.019185 2.4011e+05
0.019193 2.4011e+05
0.0192 2.4011e+05
0.019208 2.4011e+05
0.019216 2.4011e+05
0.019223 2.4011e+05
0.019231 2.4011e+05
0.019238 2.4011e+05
0.019246 2.4011e+05
0.019253 2.4011e+05
0.019261 2.4011e+05
0.019268 2.4011e+05
0.019276 2.4011e+05
0.019283 2.4011e+05
0.019291 2.4011e+05
0.019298 2.4011e+05
0.019306 2.4011e+05
0.019314 2.4011e+05
0.019321 2.4011e+05
0.019329 2.4011e+05
0.019336 2.4011e+05
0.019344 2.4011e+05
0.019351 2.4011e+05
0.019359 2.4011e+05
0.019366 2.4011e+05
0.019374 2.4011e+05
0.019381 2.4011e+05
0.019389 2.4011e+05
0.019396 2.4011e+05
0.019404 2.4011e+05
0.019412 2.4011e+05
0.019419 2.4011e+05
0.019427 2.4011e+05
0.019434 2.4011e+05
0.019442 2.4011e+05
0.019449 2.4011e+05
0.019457 2.4011e+05
0.019464 2.4011e+05
0.019472 2.4011e+05
0.019479 2.4011e+05
0.019487 2.4011e+05
0.019494 2.4011e+05
0.019502 2.4011e+05
0.01951 2.4011e+05
0.019517 2.4011e+05
0.019525 2.4011e+05
0.019532 2.4011e+05
0.01954 2.4011e+05
0.019547 2.4011e+05
0.019555 2.4011e+05
0.019562 2.4011e+05
0.01957 2.4011e+05
0.019577 2.4011e+05
0.019585 2.4011e+05
0.019592 2.4011e+05
0.0196 2.4011e+05
0.019608 2.4011e+05
0.019615 2.4011e+05
0.019623 2.4011e+05
0.01963 2.4011e+05
0.019638 2.4011e+05
0.019645 2.4011e+05
0.019653 2.4011e+05
0.01966 2.4011e+05
0.019668 2.4011e+05
0.019675 2.4011e+05
0.019683 2.4011e+05
0.01969 2.4011e+05
0.019698 2.4011e+05
0.019706 2.4011e+05
0.019713 2.4011e+05
0.019721 2.4011e+05
0.019728 2.4011e+05
0.019736 2.4011e+05
0.019743 2.4011e+05
0.019751 2.4011e+05
0.019758 2.4011e+05
0.019766 2.4011e+05
0.019773 2.4011e+05
0.019781 2.4011e+05
0.019788 2.4011e+05
0.019796 2.4011e+05
0.019804 2.4011e+05
0.019811 2.4011e+05
0.019819 2.4011e+05
0.019826 2.4011e+05
0.019834 2.4011e+05
0.019841 2.4011e+05
0.019849 2.4011e+05
0.019856 2.4011e+05
0.019864 2.4011e+05
0.019871 2.4011e+05
0.019879 2.4011e+05
0.019886 2.4011e+05
0.019894 2.4011e+05
0.019902 2.4011e+05
0.019909 2.4011e+05
0.019917 2.4011e+05
0.019924 2.4011e+05
0.019932 2.4011e+05
0.019939 2.4011e+05
0.019947 2.4011e+05
0.019954 2.4011e+05
0.019962 2.4011e+05
0.019969 2.4011e+05
0.019977 2.4011e+05
0.019984 2.4011e+05
0.019992 2.4011e+05
0.02 2.4011e+05
0.020007 2.4011e+05
0.020015 2.4011e+05
0.020022 2.4011e+05
0.02003 2.4011e+05
0.020037 2.4011e+05
0.020045 2.4011e+05
0.020052 2.4011e+05
0.02006 2.4011e+05
0.020067 2.4011e+05
0.020075 2.4011e+05
0.020082 2.4011e+05
0.02009 2.4011e+05
0.020098 2.4011e+05
0.020105 2.4011e+05
0.020113 2.4011e+05
0.02012 2.4011e+05
0.020128 2.4011e+05
0.020135 2.4011e+05
0.020143 2.4011e+05
0.02015 2.4011e+05
0.020158 2.4011e+05
0.020165 2.4011e+05
0.020173 2.4011e+05
0.02018 2.4011e+05
0.020188 2.4011e+05
0.020196 2.4011e+05
0.020203 2.4011e+05
0.020211 2.4011e+05
0.020218 2.4011e+05
0.020226 2.4011e+05
0.020233 2.4011e+05
0.020241 2.4011e+05
0.020248 2.4011e+05
0.020256 2.4011e+05
0.020263 2.4011e+05
0.020271 2.4011e+05
0.020278 2.4011e+05
0.020286 2.4011e+05
0.020294 2.4011e+05
0.020301 2.4011e+05
0.020309 2.4011e+05
0.020316 2.4011e+05
0.020324 2.4011e+05
0.020331 2.4011e+05
0.020339 2.4011e+05
0.020346 2.4011e+05
0.020354 2.4011e+05
0.020361 2.4011e+05
0.020369 2.4011e+05
0.020376 2.4011e+05
0.020384 2.4011e+05
0.020392 2.4011e+05
0.020399 2.4011e+05
0.020407 2.4011e+05
0.020414 2.4011e+05
0.020422 2.4011e+05
0.020429 2.4011e+05
0.020437 2.4011e+05
0.020444 2.4011e+05
0.020452 2.4011e+05
0.020459 2.4011e+05
0.020467 2.4011e+05
0.020474 2.4011e+05
0.020482 2.4011e+05
0.02049 2.4011e+05
0.020497 2.4011e+05
0.020505 2.4011e+05
0.020512 2.4011e+05
0.02052 2.4011e+05
0.020527 2.4011e+05
0.020535 2.4011e+05
0.020542 2.4011e+05
0.02055 2.4011e+05
0.020557 2.4011e+05
0.020565 2.4011e+05
0.020572 2.4011e+05
0.02058 2.4011e+05
0.020588 2.4011e+05
0.020595 2.4011e+05
0.020603 2.4011e+05
0.02061 2.4011e+05
0.020618 2.4011e+05
0.020625 2.4011e+05
0.020633 2.4011e+05
0.02064 2.4011e+05
0.020648 2.4011e+05
0.020655 2.4011e+05
0.020663 2.4011e+05
0.02067 2.4011e+05
0.020678 2.4011e+05
0.020686 2.4011e+05
0.020693 2.4011e+05
0.020701 2.4011e+05
0.020708 2.4011e+05
0.020716 2.4011e+05
0.020723 2.4011e+05
0.020731 2.4011e+05
0.020738 2.4011e+05
0.020746 2.4011e+05
0.020753 2.4011e+05
0.020761 2.4011e+05
0.020768 2.4011e+05
0.020776 2.4011e+05
0.020784 2.4011e+05
0.020791 2.4011e+05
0.020799 2.4011e+05
0.020806 2.4011e+05
0.020814 2.4011e+05
0.020821 2.4011e+05
0.020829 2.4011e+05
0.020836 2.4011e+05
0.020844 2.4011e+05
0.020851 2.4011e+05
0.020859 2.4011e+05
0.020866 2.4011e+05
0.020874 2.4011e+05
0.020882 2.4011e+05
0.020889 2.4011e+05
0.020897 2.4011e+05
0.020904 2.4011e+05
0.020912 2.4011e+05
0.020919 2.4011e+05
0.020927 2.4011e+05
0.020934 2.4011e+05
0.020942 2.4011e+05
0.020949 2.4011e+05
0.020957 2.4011e+05
0.020964 2.4011e+05
0.020972 2.4011e+05
0.02098 2.4011e+05
0.020987 2.4011e+05
0.020995 2.4011e+05
0.021002 2.4011e+05
0.02101 2.4011e+05
0.021017 2.4011e+05
0.021025 2.4011e+05
0.021032 2.4011e+05
0.02104 2.4011e+05
0.021047 2.4011e+05
0.021055 2.4011e+05
0.021062 2.4011e+05
0.02107 2.4011e+05
0.021078 2.4011e+05
0.021085 2.4011e+05
0.021093 2.4011e+05
0.0211 2.4011e+05
0.021108 2.4011e+05
0.021115 2.4011e+05
0.021123 2.4011e+05
0.02113 2.4011e+05
0.021138 2.4011e+05
0.021145 2.4011e+05
0.021153 2.4011e+05
0.02116 2.4011e+05
0.021168 2.4011e+05
0.021176 2.4011e+05
0.021183 2.4011e+05
0.021191 2.4011e+05
0.021198 2.4011e+05
0.021206 2.4011e+05
0.021213 2.4011e+05
0.021221 2.4011e+05
0.021228 2.4011e+05
0.021236 2.4011e+05
0.021243 2.4011e+05
0.021251 2.4011e+05
0.021258 2.4011e+05
0.021266 2.4011e+05
0.021274 2.4011e+05
0.021281 2.4011e+05
0.021289 2.4011e+05
0.021296 2.4011e+05
0.021304 2.4011e+05
0.021311 2.4011e+05
0.021319 2.4011e+05
0.021326 2.4011e+05
0.021334 2.4011e+05
0.021341 2.4011e+05
0.021349 2.4011e+05
0.021356 2.4011e+05
0.021364 2.4011e+05
0.021372 2.4011e+05
0.021379 2.4011e+05
0.021387 2.4011e+05
0.021394 2.4011e+05
0.021402 2.4011e+05
0.021409 2.4011e+05
0.021417 2.4011e+05
0.021424 2.4011e+05
0.021432 2.4011e+05
0.021439 2.4011e+05
0.021447 2.4011e+05
0.021454 2.4011e+05
0.021462 2.4011e+05
0.02147 2.4011e+05
0.021477 2.4011e+05
0.021485 2.4011e+05
0.021492 2.4011e+05
0.0215 2.4011e+05
0.021507 2.4011e+05
0.021515 2.4011e+05
0.021522 2.4011e+05
0.02153 2.4011e+05
0.021537 2.4011e+05
0.021545 2.4011e+05
0.021552 2.4011e+05
0.02156 2.4011e+05
0.021568 2.4011e+05
0.021575 2.4011e+05
0.021583 2.4011e+05
0.02159 2.4011e+05
0.021598 2.4011e+05
0.021605 2.4011e+05
0.021613 2.4011e+05
0.02162 2.4011e+05
0.021628 2.4011e+05
0.021635 2.4011e+05
0.021643 2.4011e+05
0.02165 2.4011e+05
0.021658 2.4011e+05
0.021666 2.4011e+05
0.021673 2.4011e+05
0.021681 2.4011e+05
0.021688 2.4011e+05
0.021696 2.4011e+05
0.021703 2.4011e+05
0.021711 2.4011e+05
0.021718 2.4011e+05
0.021726 2.4011e+05
0.021733 2.4011e+05
0.021741 2.4011e+05
0.021748 2.4011e+05
0.021756 2.4011e+05
0.021764 2.4011e+05
0.021771 2.4011e+05
0.021779 2.4011e+05
0.021786 2.4011e+05
0.021794 2.4011e+05
0.021801 2.4011e+05
0.021809 2.4011e+05
0.021816 2.4011e+05
0.021824 2.4011e+05
0.021831 2.4011e+05
0.021839 2.4011e+05
0.021846 2.4011e+05
0.021854 2.4011e+05
0.021862 2.4011e+05
0.021869 2.4011e+05
0.021877 2.4011e+05
0.021884 2.4011e+05
0.021892 2.4011e+05
0.021899 2.4011e+05
0.021907 2.4011e+05
0.021914 2.4011e+05
0.021922 2.4011e+05
0.021929 2.4011e+05
0.021937 2.4011e+05
0.021944 2.4011e+05
0.021952 2.4011e+05
0.02196 2.4011e+05
0.021967 2.4011e+05
0.021975 2.4011e+05
0.021982 2.4011e+05
0.02199 2.4011e+05
0.021997 2.4011e+05
0.022005 2.4011e+05
0.022012 2.4011e+05
0.02202 2.4011e+05
0.022027 2.4011e+05
0.022035 2.4011e+05
0.022042 2.4011e+05
0.02205 2.4011e+05
0.022058 2.4011e+05
0.022065 2.4011e+05
0.022073 2.4011e+05
0.02208 2.4011e+05
0.022088 2.4011e+05
0.022095 2.4011e+05
0.022103 2.4011e+05
0.02211 2.4011e+05
0.022118 2.4011e+05
0.022125 2.4011e+05
0.022133 2.4011e+05
0.02214 2.4011e+05
0.022148 2.4011e+05
0.022156 2.4011e+05
0.022163 2.4011e+05
0.022171 2.4011e+05
0.022178 2.4011e+05
0.022186 2.4011e+05
0.022193 2.4011e+05
0.022201 2.4011e+05
0.022208 2.4011e+05
0.022216 2.4011e+05
0.022223 2.4011e+05
0.022231 2.4011e+05
0.022238 2.4011e+05
0.022246 2.4011e+05
0.022254 2.4011e+05
0.022261 2.4011e+05
0.022269 2.4011e+05
0.022276 2.4011e+05
0.022284 2.4011e+05
0.022291 2.4011e+05
0.022299 2.4011e+05
0.022306 2.4011e+05
0.022314 2.4011e+05
0.022321 2.4011e+05
0.022329 2.4011e+05
0.022336 2.4011e+05
0.022344 2.4011e+05
0.022352 2.4011e+05
0.022359 2.4011e+05
0.022367 2.4011e+05
0.022374 2.4011e+05
0.022382 2.4011e+05
0.022389 2.4011e+05
0.022397 2.4011e+05
0.022404 2.4011e+05
0.022412 2.4011e+05
0.022419 2.4011e+05
0.022427 2.4011e+05
0.022434 2.4011e+05
0.022442 2.4011e+05
0.02245 2.4011e+05
0.022457 2.4011e+05
0.022465 2.4011e+05
0.022472 2.4011e+05
0.02248 2.4011e+05
0.022487 2.4011e+05
0.022495 2.4011e+05
0.022502 2.4011e+05
0.02251 2.4011e+05
0.022517 2.4011e+05
0.022525 2.4011e+05
0.022532 2.4011e+05
0.02254 2.4011e+05
0.022548 2.4011e+05
0.022555 2.4011e+05
0.022563 2.4011e+05
0.02257 2.4011e+05
0.022578 2.4011e+05
0.022585 2.4011e+05
0.022593 2.4011e+05
0.0226 2.4011e+05
0.022608 2.4011e+05
0.022615 2.4011e+05
0.022623 2.4011e+05
0.02263 2.4011e+05
0.022638 2.4011e+05
0.022646 2.4011e+05
0.022653 2.4011e+05
0.022661 2.4011e+05
0.022668 2.4011e+05
0.022676 2.4011e+05
0.022683 2.4011e+05
0.022691 2.4011e+05
0.022698 2.4011e+05
0.022706 2.4011e+05
0.022713 2.4011e+05
0.022721 2.4011e+05
0.022728 2.4011e+05
0.022736 2.4011e+05
0.022744 2.4011e+05
0.022751 2.4011e+05
0.022759 2.4011e+05
0.022766 2.4011e+05
0.022774 2.4011e+05
0.022781 2.4011e+05
0.022789 2.4011e+05
0.022796 2.4011e+05
0.022804 2.4011e+05
0.022811 2.4011e+05
0.022819 2.4011e+05
0.022826 2.4011e+05
0.022834 2.4011e+05
0.022842 2.4011e+05
0.022849 2.4011e+05
0.022857 2.4011e+05
0.022864 2.4011e+05
0.022872 2.4011e+05
0.022879 2.4011e+05
0.022887 2.4011e+05
0.022894 2.4011e+05
0.022902 2.4011e+05
0.022909 2.4011e+05
0.022917 2.4011e+05
0.022924 2.4011e+05
0.022932 2.4011e+05
0.02294 2.4011e+05
0.022947 2.4011e+05
0.022955 2.4011e+05
0.022962 2.4011e+05
0.02297 2.4011e+05
0.022977 2.4011e+05
0.022985 2.4011e+05
0.022992 2.4011e+05
0.023 2.4011e+05
0.023007 2.4011e+05
0.023015 2.4011e+05
0.023022 2.4011e+05
0.02303 2.4011e+05
0.023038 2.4011e+05
0.023045 2.4011e+05
0.023053 2.4011e+05
0.02306 2.4011e+05
0.023068 2.4011e+05
0.023075 2.4011e+05
0.023083 2.4011e+05
0.02309 2.4011e+05
0.023098 2.4011e+05
0.023105 2.4011e+05
0.023113 2.4011e+05
0.02312 2.4011e+05
0.023128 2.4011e+05
0.023136 2.4011e+05
0.023143 2.4011e+05
0.023151 2.4011e+05
0.023158 2.4011e+05
0.023166 2.4011e+05
0.023173 2.4011e+05
0.023181 2.4011e+05
0.023188 2.4011e+05
0.023196 2.4011e+05
0.023203 2.4011e+05
0.023211 2.4011e+05
0.023218 2.4011e+05
0.023226 2.4011e+05
0.023234 2.4011e+05
0.023241 2.4011e+05
0.023249 2.4011e+05
0.023256 2.4011e+05
0.023264 2.4011e+05
0.023271 2.4011e+05
0.023279 2.4011e+05
0.023286 2.4011e+05
0.023294 2.4011e+05
0.023301 2.4011e+05
0.023309 2.4011e+05
0.023316 2.4011e+05
0.023324 2.4011e+05
0.023332 2.4011e+05
0.023339 2.4011e+05
0.023347 2.4011e+05
0.023354 2.4011e+05
0.023362 2.4011e+05
0.023369 2.4011e+05
0.023377 2.4011e+05
0.023384 2.4011e+05
0.023392 2.4011e+05
0.023399 2.4011e+05
0.023407 2.4011e+05
0.023414 2.4011e+05
0.023422 2.4011e+05
0.02343 2.4011e+05
0.023437 2.4011e+05
0.023445 2.4011e+05
0.023452 2.4011e+05
0.02346 2.4011e+05
0.023467 2.4011e+05
0.023475 2.4011e+05
0.023482 2.4011e+05
0.02349 2.4011e+05
0.023497 2.4011e+05
0.023505 2.4011e+05
0.023512 2.4011e+05
0.02352 2.4011e+05
0.023528 2.4011e+05
0.023535 2.4011e+05
0.023543 2.4011e+05
0.02355 2.4011e+05
0.023558 2.4011e+05
0.023565 2.4011e+05
0.023573 2.4011e+05
0.02358 2.4011e+05
0.023588 2.4011e+05
0.023595 2.4011e+05
0.023603 2.4011e+05
0.02361 2.4011e+05
0.023618 2.4011e+05
0.023626 2.4011e+05
0.023633 2.4011e+05
0.023641 2.4011e+05
0.023648 2.4011e+05
0.023656 2.4011e+05
0.023663 2.4011e+05
0.023671 2.4011e+05
0.023678 2.4011e+05
0.023686 2.4011e+05
0.023693 2.4011e+05
0.023701 2.4011e+05
0.023708 2.4011e+05
0.023716 2.4011e+05
0.023724 2.4011e+05
0.023731 2.4011e+05
0.023739 2.4011e+05
0.023746 2.4011e+05
0.023754 2.4011e+05
0.023761 2.4011e+05
0.023769 2.4011e+05
0.023776 2.4011e+05
0.023784 2.4011e+05
0.023791 2.4011e+05
0.023799 2.4011e+05
0.023806 2.4011e+05
0.023814 2.4011e+05
0.023822 2.4011e+05
0.023829 2.4011e+05
0.023837 2.4011e+05
0.023844 2.4011e+05
0.023852 2.4011e+05
0.023859 2.4011e+05
0.023867 2.4011e+05
0.023874 2.4011e+05
0.023882 2.4011e+05
0.023889 2.4011e+05
0.023897 2.4011e+05
0.023904 2.4011e+05
0.023912 2.4011e+05
0.02392 2.4011e+05
0.023927 2.4011e+05
0.023935 2.4011e+05
0.023942 2.4011e+05
0.02395 2.4011e+05
0.023957 2.4011e+05
0.023965 2.4011e+05
0.023972 2.4011e+05
0.02398 2.4011e+05
0.023987 2.4011e+05
0.023995 2.4011e+05
0.024002 2.4011e+05
0.02401 2.4011e+05
0.024018 2.4011e+05
0.024025 2.4011e+05
0.024033 2.4011e+05
0.02404 2.4011e+05
0.024048 2.4011e+05
0.024055 2.4011e+05
0.024063 2.4011e+05
0.02407 2.4011e+05
0.024078 2.4011e+05
0.024085 2.4011e+05
0.024093 2.4011e+05
0.0241 2.4011e+05
0.024108 2.4011e+05
0.024116 2.4011e+05
0.024123 2.4011e+05
0.024131 2.4011e+05
0.024138 2.4011e+05
0.024146 2.4011e+05
0.024153 2.4011e+05
0.024161 2.4011e+05
0.024168 2.4011e+05
0.024176 2.4011e+05
0.024183 2.4011e+05
0.024191 2.4011e+05
0.024198 2.4011e+05
0.024206 2.4011e+05
0.024214 2.4011e+05
0.024221 2.4011e+05
0.024229 2.4011e+05
0.024236 2.4011e+05
0.024244 2.4011e+05
0.024251 2.4011e+05
0.024259 2.4011e+05
0.024266 2.4011e+05
0.024274 2.4011e+05
0.024281 2.4011e+05
0.024289 2.4011e+05
0.024296 2.4011e+05
0.024304 2.4011e+05
0.024312 2.4011e+05
0.024319 2.4011e+05
0.024327 2.4011e+05
0.024334 2.4011e+05
0.024342 2.4011e+05
0.024349 2.4011e+05
0.024357 2.4011e+05
0.024364 2.4011e+05
0.024372 2.4011e+05
0.024379 2.4011e+05
0.024387 2.4011e+05
0.024394 2.4011e+05
0.024402 2.4011e+05
0.02441 2.4011e+05
0.024417 2.4011e+05
0.024425 2.4011e+05
0.024432 2.4011e+05
0.02444 2.4011e+05
0.024447 2.4011e+05
0.024455 2.4011e+05
0.024462 2.4011e+05
0.02447 2.4011e+05
0.024477 2.4011e+05
0.024485 2.4011e+05
0.024492 2.4011e+05
0.0245 2.4011e+05
0.024508 2.4011e+05
0.024515 2.4011e+05
0.024523 2.4011e+05
0.02453 2.4011e+05
0.024538 2.4011e+05
0.024545 2.4011e+05
0.024553 2.4011e+05
0.02456 2.4011e+05
0.024568 2.4011e+05
0.024575 2.4011e+05
0.024583 2.4011e+05
0.02459 2.4011e+05
0.024598 2.4011e+05
0.024606 2.4011e+05
0.024613 2.4011e+05
0.024621 2.4011e+05
0.024628 2.4011e+05
0.024636 2.4011e+05
0.024643 2.4011e+05
0.024651 2.4011e+05
0.024658 2.4011e+05
0.024666 2.4011e+05
0.024673 2.4011e+05
0.024681 2.4011e+05
0.024688 2.4011e+05
0.024696 2.4011e+05
0.024704 2.4011e+05
0.024711 2.4011e+05
0.024719 2.4011e+05
0.024726 2.4011e+05
0.024734 2.4011e+05
0.024741 2.4011e+05
0.024749 2.4011e+05
0.024756 2.4011e+05
0.024764 2.4011e+05
0.024771 2.4011e+05
0.024779 2.4011e+05
0.024786 2.4011e+05
0.024794 2.4011e+05
0.024802 2.4011e+05
0.024809 2.4011e+05
0.024817 2.4011e+05
0.024824 2.4011e+05
0.024832 2.4011e+05
0.024839 2.4011e+05
0.024847 2.4011e+05
0.024854 2.4011e+05
0.024862 2.4011e+05
0.024869 2.4011e+05
0.024877 2.4011e+05
0.024884 2.4011e+05
0.024892 2.4011e+05
0.0249 2.4011e+05
0.024907 2.4011e+05
0.024915 2.4011e+05
0.024922 2.4011e+05
0.02493 2.4011e+05
0.024937 2.4011e+05
0.024945 2.4011e+05
0.024952 2.4011e+05
0.02496 2.4011e+05
0.024967 2.4011e+05
0.024975 2.4011e+05
0.024982 2.4011e+05
0.02499 2.4011e+05
0.024998 2.4011e+05
0.025005 2.4011e+05
0.025013 2.4011e+05
0.02502 2.4011e+05
0.025028 2.4011e+05
0.025035 2.4011e+05
0.025043 2.4011e+05
0.02505 2.4011e+05
0.025058 2.4011e+05
0.025065 2.4011e+05
0.025073 2.4011e+05
0.02508 2.4011e+05
0.025088 2.4011e+05
0.025096 2.4011e+05
0.025103 2.4011e+05
0.025111 2.4011e+05
0.025118 2.4011e+05
0.025126 2.4011e+05
0.025133 2.4011e+05
0.025141 2.4011e+05
0.025148 2.4011e+05
0.025156 2.4011e+05
0.025163 2.4011e+05
0.025171 2.4011e+05
0.025178 2.4011e+05
0.025186 2.4011e+05
0.025194 2.4011e+05
0.025201 2.4011e+05
0.025209 2.4011e+05
0.025216 2.4011e+05
0.025224 2.4011e+05
0.025231 2.4011e+05
0.025239 2.4011e+05
0.025246 2.4011e+05
0.025254 2.4011e+05
0.025261 2.4011e+05
0.025269 2.4011e+05
0.025276 2.4011e+05
0.025284 2.4011e+05
0.025292 2.4011e+05
0.025299 2.4011e+05
0.025307 2.4011e+05
0.025314 2.4011e+05
0.025322 2.4011e+05
0.025329 2.4011e+05
0.025337 2.4011e+05
0.025344 2.4011e+05
0.025352 2.4011e+05
0.025359 2.4011e+05
0.025367 2.4011e+05
0.025374 2.4011e+05
0.025382 2.4011e+05
0.02539 2.4011e+05
0.025397 2.4011e+05
0.025405 2.4011e+05
0.025412 2.4011e+05
0.02542 2.4011e+05
0.025427 2.4011e+05
0.025435 2.4011e+05
0.025442 2.4011e+05
0.02545 2.4011e+05
0.025457 2.4011e+05
0.025465 2.4011e+05
0.025472 2.4011e+05
0.02548 2.4011e+05
0.025488 2.4011e+05
0.025495 2.4011e+05
0.025503 2.4011e+05
0.02551 2.4011e+05
0.025518 2.4011e+05
0.025525 2.4011e+05
0.025533 2.4011e+05
0.02554 2.4011e+05
0.025548 2.4011e+05
0.025555 2.4011e+05
0.025563 2.4011e+05
0.02557 2.4011e+05
0.025578 2.4011e+05
0.025586 2.4011e+05
0.025593 2.4011e+05
0.025601 2.4011e+05
0.025608 2.4011e+05
0.025616 2.4011e+05
0.025623 2.4011e+05
0.025631 2.4011e+05
0.025638 2.4011e+05
0.025646 2.4011e+05
0.025653 2.4011e+05
0.025661 2.4011e+05
0.025668 2.4011e+05
0.025676 2.4011e+05
0.025684 2.4011e+05
0.025691 2.4011e+05
0.025699 2.4011e+05
0.025706 2.4011e+05
0.025714 2.4011e+05
0.025721 2.4011e+05
0.025729 2.4011e+05
0.025736 2.4011e+05
0.025744 2.4011e+05
0.025751 2.4011e+05
0.025759 2.4011e+05
0.025766 2.4011e+05
0.025774 2.4011e+05
0.025782 2.4011e+05
0.025789 2.4011e+05
0.025797 2.4011e+05
0.025804 2.4011e+05
0.025812 2.4011e+05
0.025819 2.4011e+05
0.025827 2.4011e+05
0.025834 2.4011e+05
0.025842 2.4011e+05
0.025849 2.4011e+05
0.025857 2.4011e+05
0.025864 2.4011e+05
0.025872 2.4011e+05
0.02588 2.4011e+05
0.025887 2.4011e+05
0.025895 2.4011e+05
0.025902 2.4011e+05
0.02591 2.4011e+05
0.025917 2.4011e+05
0.025925 2.4011e+05
0.025932 2.4011e+05
0.02594 2.4011e+05
0.025947 2.4011e+05
0.025955 2.4011e+05
0.025962 2.4011e+05
0.02597 2.4011e+05
0.025978 2.4011e+05
0.025985 2.4011e+05
0.025993 2.4011e+05
0.026 2.4011e+05
0.026008 2.4011e+05
0.026015 2.4011e+05
0.026023 2.4011e+05
0.02603 2.4011e+05
0.026038 2.4011e+05
0.026045 2.4011e+05
0.026053 2.4011e+05
0.02606 2.4011e+05
0.026068 2.4011e+05
0.026076 2.4011e+05
0.026083 2.4011e+05
0.026091 2.4011e+05
0.026098 2.4011e+05
0.026106 2.4011e+05
0.026113 2.4011e+05
0.026121 2.4011e+05
0.026128 2.4011e+05
0.026136 2.4011e+05
0.026143 2.4011e+05
0.026151 2.4011e+05
0.026158 2.4011e+05
0.026166 2.4011e+05
0.026174 2.4011e+05
0.026181 2.4011e+05
0.026189 2.4011e+05
0.026196 2.4011e+05
0.026204 2.4011e+05
0.026211 2.4011e+05
0.026219 2.4011e+05
0.026226 2.4011e+05
0.026234 2.4011e+05
0.026241 2.4011e+05
0.026249 2.4011e+05
0.026256 2.4011e+05
0.026264 2.4011e+05
0.026272 2.4011e+05
0.026279 2.4011e+05
0.026287 2.4011e+05
0.026294 2.4011e+05
0.026302 2.4011e+05
0.026309 2.4011e+05
0.026317 2.4011e+05
0.026324 2.4011e+05
0.026332 2.4011e+05
0.026339 2.4011e+05
0.026347 2.4011e+05
0.026354 2.4011e+05
0.026362 2.4011e+05
0.02637 2.4011e+05
0.026377 2.4011e+05
0.026385 2.4011e+05
1 2.4011e+05
