7.5385e-06 1641.7
1.5077e-05 1641.7
2.2615e-05 1641.7
3.0154e-05 1641.7
3.7692e-05 1641.7
4.5231e-05 1641.7
5.2769e-05 1641.7
6.0308e-05 1641.7
6.7846e-05 1641.7
7.5385e-05 1641.7
8.2923e-05 1641.7
9.0462e-05 1641.7
9.8e-05 1641.8
0.00010554 1641.8
0.00011308 1641.9
0.00012062 1642
0.00012815 1642.2
0.00013569 1642.4
0.00014323 1642.8
0.00015077 1643.3
0.00015831 1644
0.00016585 1644.9
0.00017338 1646.2
0.00018092 1647.9
0.00018846 1650.3
0.000196 1653.3
0.00020354 1657.4
0.00021108 1662.6
0.00021862 1669.4
0.00022615 1678
0.00023369 1689
0.00024123 1702.7
0.00024877 1719.7
0.00025631 1740.8
0.00026385 1766.5
0.00027138 1797.8
0.00027892 1835.6
0.00028646 1880.9
0.000294 1934.8
0.00030154 1998.6
0.00030908 2073.6
0.00031662 2161.3
0.00032415 2263.4
0.00033169 2381.5
0.00033923 2517.3
0.00034677 2672.6
0.00035431 2849
0.00036185 3048.2
0.00036938 3271.5
0.00037692 3519.7
0.00038446 3793.4
0.000392 4092.2
0.00039954 4415
0.00040708 4759.7
0.00041462 5123.2
0.00042215 5501.2
0.00042969 5888.3
0.00043723 6278.4
0.00044477 6664.5
0.00045231 7039.2
0.00045985 7395.4
0.00046738 7726.1
0.00047492 8025.2
0.00048246 8287.5
0.00049 8509.3
0.00049754 8688.3
0.00050508 8823.5
0.00051262 8915.2
0.00052015 8965.2
0.00052769 8975.8
0.00053523 8950.5
0.00054277 8892.8
0.00055031 8806.9
0.00055785 8696.5
0.00056538 8565.7
0.00057292 8418.1
0.00058046 8257
0.000588 8085.4
0.00059554 7906
0.00060308 7720.9
0.00061062 7532.2
0.00061815 7341.5
0.00062569 7150.2
0.00063323 6959.3
0.00064077 6769.8
0.00064831 6582.4
0.00065585 6397.8
0.00066338 6216.5
0.00067092 6038.7
0.00067846 5865
0.000686 5695.4
0.00069354 5530.2
0.00070108 5369.5
0.00070862 5213.4
0.00071615 5062
0.00072369 4915.3
0.00073123 4773.4
0.00073877 4636.2
0.00074631 4503.7
0.00075385 4375.9
0.00076138 4252.7
0.00076892 4134
0.00077646 4019.8
0.000784 3910
0.00079154 3804.4
0.00079908 3703
0.00080662 3605.7
0.00081415 3512.4
0.00082169 3422.9
0.00082923 3337.1
0.00083677 3254.9
0.00084431 3176.3
0.00085185 3101
0.00085938 3029
0.00086692 2960.2
0.00087446 2894.4
0.000882 2831.5
0.00088954 2771.5
0.00089708 2714.2
0.00090462 2659.5
0.00091215 2607.2
0.00091969 2557.4
0.00092723 2509.9
0.00093477 2464.6
0.00094231 2421.5
0.00094985 2380.4
0.00095738 2341.2
0.00096492 2303.9
0.00097246 2268.4
0.00098 2234.5
0.00098754 2202.4
0.00099508 2171.8
0.0010026 2142.7
0.0010102 2115
0.0010177 2088.7
0.0010252 2063.7
0.0010328 2040
0.0010403 2017.4
0.0010478 1996
0.0010554 1975.7
0.0010629 1956.4
0.0010705 1938.1
0.001078 1920.8
0.0010855 1904.4
0.0010931 1888.8
0.0011006 1874.1
0.0011082 1860.1
0.0011157 1846.9
0.0011232 1834.4
0.0011308 1822.6
0.0011383 1811.4
0.0011458 1800.9
0.0011534 1790.9
0.0011609 1781.5
0.0011685 1772.6
0.001176 1764.3
0.0011835 1756.4
0.0011911 1748.9
0.0011986 1741.9
0.0012062 1735.3
0.0012137 1729.1
0.0012212 1723.3
0.0012288 1717.8
0.0012363 1712.6
0.0012438 1707.8
0.0012514 1703.2
0.0012589 1699
0.0012665 1695
0.001274 1691.2
0.0012815 1687.7
0.0012891 1684.4
0.0012966 1681.4
0.0013042 1678.5
0.0013117 1675.8
0.0013192 1673.3
0.0013268 1671
0.0013343 1668.8
0.0013418 1666.7
0.0013494 1664.9
0.0013569 1663.1
0.0013645 1661.4
0.001372 1659.9
0.0013795 1658.5
0.0013871 1657.2
0.0013946 1656
0.0014022 1654.8
0.0014097 1653.8
0.0014172 1652.8
0.0014248 1651.9
0.0014323 1651.1
0.0014398 1650.3
0.0014474 1649.6
0.0014549 1648.9
0.0014625 1648.3
0.00147 1647.8
0.0014775 1647.2
0.0014851 1646.8
0.0014926 1646.3
0.0015002 1645.9
0.0015077 1645.5
0.0015152 1645.2
0.0015228 1644.9
0.0015303 1644.6
0.0015378 1644.3
0.0015454 1644.1
0.0015529 1643.9
0.0015605 1643.7
0.001568 1643.5
0.0015755 1643.3
0.0015831 1643.2
0.0015906 1643
0.0015982 1642.9
0.0016057 1642.8
0.0016132 1642.7
0.0016208 1642.6
0.0016283 1642.5
0.0016358 1642.4
0.0016434 1642.3
0.0016509 1642.3
0.0016585 1642.2
0.001666 1642.2
0.0016735 1642.1
0.0016811 1642.1
0.0016886 1642
0.0016962 1642
0.0017037 1642
0.0017112 1641.9
0.0017188 1641.9
0.0017263 1641.9
0.0017338 1641.9
0.0017414 1641.8
0.0017489 1641.8
0.0017565 1641.8
0.001764 1641.8
0.0017715 1641.8
0.0017791 1641.8
0.0017866 1641.7
0.0017942 1641.7
0.0018017 1641.7
0.0018092 1641.7
0.0018168 1641.7
0.0018243 1641.7
0.0018318 1641.7
0.0018394 1641.7
0.0018469 1641.7
0.0018545 1641.7
0.001862 1641.7
0.0018695 1641.7
0.0018771 1641.7
0.0018846 1641.7
0.0018922 1641.7
0.0018997 1641.7
0.0019072 1641.7
0.0019148 1641.7
0.0019223 1641.7
0.0019298 1641.7
0.0019374 1641.7
0.0019449 1641.7
0.0019525 1641.7
0.00196 1641.7
0.0019675 1641.7
0.0019751 1641.7
0.0019826 1641.7
0.0019902 1641.7
0.0019977 1641.7
0.0020052 1641.7
0.0020128 1641.7
0.0020203 1641.7
0.0020278 1641.7
0.0020354 1641.7
0.0020429 1641.7
0.0020505 1641.7
0.002058 1641.7
0.0020655 1641.7
0.0020731 1641.7
0.0020806 1641.7
0.0020882 1641.7
0.0020957 1641.7
0.0021032 1641.7
0.0021108 1641.7
0.0021183 1641.7
0.0021258 1641.7
0.0021334 1641.7
0.0021409 1641.7
0.0021485 1641.7
0.002156 1641.7
0.0021635 1641.7
0.0021711 1641.7
0.0021786 1641.7
0.0021862 1641.7
0.0021937 1641.7
0.0022012 1641.7
0.0022088 1641.7
0.0022163 1641.7
0.0022238 1641.7
0.0022314 1641.7
0.0022389 1641.7
0.0022465 1641.7
0.002254 1641.7
0.0022615 1641.7
0.0022691 1641.7
0.0022766 1641.7
0.0022842 1641.7
0.0022917 1641.7
0.0022992 1641.7
0.0023068 1641.7
0.0023143 1641.7
0.0023218 1641.7
0.0023294 1641.7
0.0023369 1641.7
0.0023445 1641.7
0.002352 1641.7
0.0023595 1641.7
0.0023671 1641.7
0.0023746 1641.7
0.0023822 1641.7
0.0023897 1641.7
0.0023972 1641.7
0.0024048 1641.7
0.0024123 1641.7
0.0024198 1641.7
0.0024274 1641.7
0.0024349 1641.7
0.0024425 1641.7
0.00245 1641.7
0.0024575 1641.7
0.0024651 1641.7
0.0024726 1641.7
0.0024802 1641.7
0.0024877 1641.7
0.0024952 1641.7
0.0025028 1641.7
0.0025103 1641.7
0.0025178 1641.7
0.0025254 1641.7
0.0025329 1641.7
0.0025405 1641.7
0.002548 1641.7
0.0025555 1641.7
0.0025631 1641.7
0.0025706 1641.7
0.0025782 1641.7
0.0025857 1641.7
0.0025932 1641.7
0.0026008 1641.7
0.0026083 1641.7
0.0026158 1641.7
0.0026234 1641.7
0.0026309 1641.7
0.0026385 1641.7
0.002646 1641.7
0.0026535 1641.7
0.0026611 1641.7
0.0026686 1641.7
0.0026762 1641.7
0.0026837 1641.7
0.0026912 1641.7
0.0026988 1641.7
0.0027063 1641.7
0.0027138 1641.7
0.0027214 1641.7
0.0027289 1641.7
0.0027365 1641.7
0.002744 1641.7
0.0027515 1641.7
0.0027591 1641.7
0.0027666 1641.7
0.0027742 1641.7
0.0027817 1641.7
0.0027892 1641.7
0.0027968 1641.7
0.0028043 1641.7
0.0028118 1641.7
0.0028194 1641.7
0.0028269 1641.7
0.0028345 1641.7
0.002842 1641.7
0.0028495 1641.7
0.0028571 1641.7
0.0028646 1641.7
0.0028722 1641.7
0.0028797 1641.7
0.0028872 1641.7
0.0028948 1641.7
0.0029023 1641.7
0.0029098 1641.7
0.0029174 1641.7
0.0029249 1641.7
0.0029325 1641.7
0.00294 1641.7
0.0029475 1641.7
0.0029551 1641.7
0.0029626 1641.7
0.0029702 1641.7
0.0029777 1641.7
0.0029852 1641.7
0.0029928 1641.7
0.0030003 1641.7
0.0030078 1641.7
0.0030154 1641.7
0.0030229 1641.7
0.0030305 1641.7
0.003038 1641.7
0.0030455 1641.7
0.0030531 1641.7
0.0030606 1641.7
0.0030682 1641.7
0.0030757 1641.7
0.0030832 1641.7
0.0030908 1641.7
0.0030983 1641.7
0.0031058 1641.7
0.0031134 1641.7
0.0031209 1641.7
0.0031285 1641.7
0.003136 1641.7
0.0031435 1641.7
0.0031511 1641.7
0.0031586 1641.7
0.0031662 1641.7
0.0031737 1641.7
0.0031812 1641.7
0.0031888 1641.7
0.0031963 1641.7
0.0032038 1641.7
0.0032114 1641.7
0.0032189 1641.7
0.0032265 1641.7
0.003234 1641.7
0.0032415 1641.7
0.0032491 1641.7
0.0032566 1641.7
0.0032642 1641.7
0.0032717 1641.7
0.0032792 1641.7
0.0032868 1641.7
0.0032943 1641.7
0.0033018 1641.7
0.0033094 1641.7
0.0033169 1641.7
0.0033245 1641.7
0.003332 1641.7
0.0033395 1641.7
0.0033471 1641.7
0.0033546 1641.7
0.0033622 1641.7
0.0033697 1641.7
0.0033772 1641.7
0.0033848 1641.7
0.0033923 1641.7
0.0033998 1641.7
0.0034074 1641.7
0.0034149 1641.7
0.0034225 1641.7
0.00343 1641.7
0.0034375 1641.7
0.0034451 1641.7
0.0034526 1641.7
0.0034602 1641.7
0.0034677 1641.7
0.0034752 1641.7
0.0034828 1641.7
0.0034903 1641.7
0.0034978 1641.7
0.0035054 1641.7
0.0035129 1641.7
0.0035205 1641.7
0.003528 1641.7
0.0035355 1641.7
0.0035431 1641.7
0.0035506 1641.7
0.0035582 1641.7
0.0035657 1641.7
0.0035732 1641.7
0.0035808 1641.7
0.0035883 1641.7
0.0035958 1641.7
0.0036034 1641.7
0.0036109 1641.7
0.0036185 1641.7
0.003626 1641.7
0.0036335 1641.7
0.0036411 1641.7
0.0036486 1641.7
0.0036562 1641.7
0.0036637 1641.7
0.0036712 1641.7
0.0036788 1641.7
0.0036863 1641.7
0.0036938 1641.7
0.0037014 1641.7
0.0037089 1641.7
0.0037165 1641.7
0.003724 1641.7
0.0037315 1641.7
0.0037391 1641.7
0.0037466 1641.7
0.0037542 1641.7
0.0037617 1641.7
0.0037692 1641.7
0.0037768 1641.7
0.0037843 1641.7
0.0037918 1641.7
0.0037994 1641.7
0.0038069 1641.7
0.0038145 1641.7
0.003822 1641.7
0.0038295 1641.7
0.0038371 1641.7
0.0038446 1641.7
0.0038522 1641.7
0.0038597 1641.7
0.0038672 1641.7
0.0038748 1641.7
0.0038823 1641.7
0.0038898 1641.7
0.0038974 1641.7
0.0039049 1641.7
0.0039125 1641.7
0.00392 1641.7
0.0039275 1641.7
0.0039351 1641.7
0.0039426 1641.7
0.0039502 1641.7
0.0039577 1641.7
0.0039652 1641.7
0.0039728 1641.7
0.0039803 1641.7
0.0039878 1641.7
0.0039954 1641.7
0.0040029 1641.7
0.0040105 1641.7
0.004018 1641.7
0.0040255 1641.7
0.0040331 1641.7
0.0040406 1641.7
0.0040482 1641.7
0.0040557 1641.7
0.0040632 1641.7
0.0040708 1641.7
0.0040783 1641.7
0.0040858 1641.7
0.0040934 1641.7
0.0041009 1641.7
0.0041085 1641.7
0.004116 1641.7
0.0041235 1641.7
0.0041311 1641.7
0.0041386 1641.7
0.0041462 1641.7
0.0041537 1641.7
0.0041612 1641.7
0.0041688 1641.7
0.0041763 1641.7
0.0041838 1641.7
0.0041914 1641.7
0.0041989 1641.7
0.0042065 1641.7
0.004214 1641.7
0.0042215 1641.7
0.0042291 1641.7
0.0042366 1641.7
0.0042442 1641.7
0.0042517 1641.7
0.0042592 1641.7
0.0042668 1641.7
0.0042743 1641.7
0.0042818 1641.7
0.0042894 1641.7
0.0042969 1641.7
0.0043045 1641.7
0.004312 1641.7
0.0043195 1641.7
0.0043271 1641.7
0.0043346 1641.7
0.0043422 1641.7
0.0043497 1641.7
0.0043572 1641.7
0.0043648 1641.7
0.0043723 1641.7
0.0043798 1641.7
0.0043874 1641.7
0.0043949 1641.7
0.0044025 1641.7
0.00441 1641.7
0.0044175 1641.7
0.0044251 1641.7
0.0044326 1641.7
0.0044402 1641.7
0.0044477 1641.7
0.0044552 1641.7
0.0044628 1641.7
0.0044703 1641.7
0.0044778 1641.7
0.0044854 1641.7
0.0044929 1641.7
0.0045005 1641.7
0.004508 1641.7
0.0045155 1641.7
0.0045231 1641.7
0.0045306 1641.7
0.0045382 1641.7
0.0045457 1641.7
0.0045532 1641.7
0.0045608 1641.7
0.0045683 1641.7
0.0045758 1641.7
0.0045834 1641.7
0.0045909 1641.7
0.0045985 1641.7
0.004606 1641.7
0.0046135 1641.7
0.0046211 1641.7
0.0046286 1641.7
0.0046362 1641.7
0.0046437 1641.7
0.0046512 1641.7
0.0046588 1641.7
0.0046663 1641.7
0.0046738 1641.7
0.0046814 1641.7
0.0046889 1641.7
0.0046965 1641.7
0.004704 1641.7
0.0047115 1641.7
0.0047191 1641.7
0.0047266 1641.7
0.0047342 1641.7
0.0047417 1641.7
0.0047492 1641.7
0.0047568 1641.7
0.0047643 1641.7
0.0047718 1641.7
0.0047794 1641.7
0.0047869 1641.7
0.0047945 1641.7
0.004802 1641.7
0.0048095 1641.7
0.0048171 1641.7
0.0048246 1641.7
0.0048322 1641.7
0.0048397 1641.7
0.0048472 1641.7
0.0048548 1641.7
0.0048623 1641.7
0.0048698 1641.7
0.0048774 1641.7
0.0048849 1641.7
0.0048925 1641.7
0.0049 1641.7
0.0049075 1641.7
0.0049151 1641.7
0.0049226 1641.7
0.0049302 1641.7
0.0049377 1641.7
0.0049452 1641.7
0.0049528 1641.7
0.0049603 1641.7
0.0049678 1641.7
0.0049754 1641.7
0.0049829 1641.7
0.0049905 1641.7
0.004998 1641.7
0.0050055 1641.7
0.0050131 1641.7
0.0050206 1641.7
0.0050282 1641.7
0.0050357 1641.7
0.0050432 1641.7
0.0050508 1641.7
0.0050583 1641.7
0.0050658 1641.7
0.0050734 1641.7
0.0050809 1641.7
0.0050885 1641.7
0.005096 1641.7
0.0051035 1641.7
0.0051111 1641.7
0.0051186 1641.7
0.0051262 1641.7
0.0051337 1641.7
0.0051412 1641.7
0.0051488 1641.7
0.0051563 1641.7
0.0051638 1641.7
0.0051714 1641.7
0.0051789 1641.7
0.0051865 1641.7
0.005194 1641.7
0.0052015 1641.7
0.0052091 1641.7
0.0052166 1641.7
0.0052242 1641.7
0.0052317 1641.7
0.0052392 1641.7
0.0052468 1641.7
0.0052543 1641.7
0.0052618 1641.7
0.0052694 1641.7
0.0052769 1641.7
0.0052845 1641.7
0.005292 1641.7
0.0052995 1641.7
0.0053071 1641.7
0.0053146 1641.7
0.0053222 1641.7
0.0053297 1641.7
0.0053372 1641.7
0.0053448 1641.7
0.0053523 1641.7
0.0053598 1641.7
0.0053674 1641.7
0.0053749 1641.7
0.0053825 1641.7
0.00539 1641.7
0.0053975 1641.7
0.0054051 1641.7
0.0054126 1641.7
0.0054202 1641.7
0.0054277 1641.7
0.0054352 1641.7
0.0054428 1641.7
0.0054503 1641.7
0.0054578 1641.7
0.0054654 1641.7
0.0054729 1641.7
0.0054805 1641.7
0.005488 1641.7
0.0054955 1641.7
0.0055031 1641.7
0.0055106 1641.7
0.0055182 1641.7
0.0055257 1641.7
0.0055332 1641.7
0.0055408 1641.7
0.0055483 1641.7
0.0055558 1641.7
0.0055634 1641.7
0.0055709 1641.7
0.0055785 1641.7
0.005586 1641.7
0.0055935 1641.7
0.0056011 1641.7
0.0056086 1641.7
0.0056162 1641.7
0.0056237 1641.7
0.0056312 1641.7
0.0056388 1641.7
0.0056463 1641.7
0.0056538 1641.7
0.0056614 1641.7
0.0056689 1641.7
0.0056765 1641.7
0.005684 1641.7
0.0056915 1641.7
0.0056991 1641.7
0.0057066 1641.7
0.0057142 1641.7
0.0057217 1641.7
0.0057292 1641.7
0.0057368 1641.7
0.0057443 1641.7
0.0057518 1641.7
0.0057594 1641.7
0.0057669 1641.7
0.0057745 1641.7
0.005782 1641.7
0.0057895 1641.7
0.0057971 1641.7
0.0058046 1641.7
0.0058122 1641.7
0.0058197 1641.7
0.0058272 1641.7
0.0058348 1641.7
0.0058423 1641.7
0.0058498 1641.7
0.0058574 1641.7
0.0058649 1641.7
0.0058725 1641.7
0.00588 1641.7
0.0058875 1641.7
0.0058951 1641.7
0.0059026 1641.7
0.0059102 1641.7
0.0059177 1641.7
0.0059252 1641.7
0.0059328 1641.7
0.0059403 1641.7
0.0059478 1641.7
0.0059554 1641.7
0.0059629 1641.7
0.0059705 1641.7
0.005978 1641.7
0.0059855 1641.7
0.0059931 1641.7
0.0060006 1641.7
0.0060082 1641.7
0.0060157 1641.7
0.0060232 1641.7
0.0060308 1641.7
0.0060383 1641.7
0.0060458 1641.7
0.0060534 1641.7
0.0060609 1641.7
0.0060685 1641.7
0.006076 1641.7
0.0060835 1641.7
0.0060911 1641.7
0.0060986 1641.7
0.0061062 1641.7
0.0061137 1641.7
0.0061212 1641.7
0.0061288 1641.7
0.0061363 1641.7
0.0061438 1641.7
0.0061514 1641.7
0.0061589 1641.7
0.0061665 1641.7
0.006174 1641.7
0.0061815 1641.7
0.0061891 1641.7
0.0061966 1641.7
0.0062042 1641.7
0.0062117 1641.7
0.0062192 1641.7
0.0062268 1641.7
0.0062343 1641.7
0.0062418 1641.7
0.0062494 1641.7
0.0062569 1641.7
0.0062645 1641.7
0.006272 1641.7
0.0062795 1641.7
0.0062871 1641.7
0.0062946 1641.7
0.0063022 1641.7
0.0063097 1641.7
0.0063172 1641.7
0.0063248 1641.7
0.0063323 1641.7
0.0063398 1641.7
0.0063474 1641.7
0.0063549 1641.7
0.0063625 1641.7
0.00637 1641.7
0.0063775 1641.7
0.0063851 1641.7
0.0063926 1641.7
0.0064002 1641.7
0.0064077 1641.7
0.0064152 1641.7
0.0064228 1641.7
0.0064303 1641.7
0.0064378 1641.7
0.0064454 1641.7
0.0064529 1641.7
0.0064605 1641.7
0.006468 1641.7
0.0064755 1641.7
0.0064831 1641.7
0.0064906 1641.7
0.0064982 1641.7
0.0065057 1641.7
0.0065132 1641.7
0.0065208 1641.7
0.0065283 1641.7
0.0065358 1641.7
0.0065434 1641.7
0.0065509 1641.7
0.0065585 1641.7
0.006566 1641.7
0.0065735 1641.7
0.0065811 1641.7
0.0065886 1641.7
0.0065962 1641.7
0.0066037 1641.7
0.0066112 1641.7
0.0066188 1641.7
0.0066263 1641.7
0.0066338 1641.7
0.0066414 1641.7
0.0066489 1641.7
0.0066565 1641.7
0.006664 1641.7
0.0066715 1641.7
0.0066791 1641.7
0.0066866 1641.7
0.0066942 1641.7
0.0067017 1641.7
0.0067092 1641.7
0.0067168 1641.7
0.0067243 1641.7
0.0067318 1641.7
0.0067394 1641.7
0.0067469 1641.7
0.0067545 1641.7
0.006762 1641.7
0.0067695 1641.7
0.0067771 1641.7
0.0067846 1641.7
0.0067922 1641.7
0.0067997 1641.7
0.0068072 1641.7
0.0068148 1641.7
0.0068223 1641.7
0.0068298 1641.7
0.0068374 1641.7
0.0068449 1641.7
0.0068525 1641.7
0.00686 1641.7
0.0068675 1641.7
0.0068751 1641.7
0.0068826 1641.7
0.0068902 1641.7
0.0068977 1641.7
0.0069052 1641.7
0.0069128 1641.7
0.0069203 1641.7
0.0069278 1641.7
0.0069354 1641.7
0.0069429 1641.7
0.0069505 1641.7
0.006958 1641.7
0.0069655 1641.7
0.0069731 1641.7
0.0069806 1641.7
0.0069882 1641.7
0.0069957 1641.7
0.0070032 1641.7
0.0070108 1641.7
0.0070183 1641.7
0.0070258 1641.7
0.0070334 1641.7
0.0070409 1641.7
0.0070485 1641.7
0.007056 1641.7
0.0070635 1641.7
0.0070711 1641.7
0.0070786 1641.7
0.0070862 1641.7
0.0070937 1641.7
0.0071012 1641.7
0.0071088 1641.7
0.0071163 1641.7
0.0071238 1641.7
0.0071314 1641.7
0.0071389 1641.7
0.0071465 1641.7
0.007154 1641.7
0.0071615 1641.7
0.0071691 1641.7
0.0071766 1641.7
0.0071842 1641.7
0.0071917 1641.7
0.0071992 1641.7
0.0072068 1641.7
0.0072143 1641.7
0.0072218 1641.7
0.0072294 1641.7
0.0072369 1641.7
0.0072445 1641.7
0.007252 1641.7
0.0072595 1641.7
0.0072671 1641.7
0.0072746 1641.7
0.0072822 1641.7
0.0072897 1641.7
0.0072972 1641.7
0.0073048 1641.7
0.0073123 1641.7
0.0073198 1641.7
0.0073274 1641.7
0.0073349 1641.7
0.0073425 1641.7
0.00735 1641.7
0.0073575 1641.7
0.0073651 1641.7
0.0073726 1641.7
0.0073802 1641.7
0.0073877 1641.7
0.0073952 1641.7
0.0074028 1641.7
0.0074103 1641.7
0.0074178 1641.7
0.0074254 1641.7
0.0074329 1641.7
0.0074405 1641.7
0.007448 1641.7
0.0074555 1641.7
0.0074631 1641.7
0.0074706 1641.7
0.0074782 1641.7
0.0074857 1641.7
0.0074932 1641.7
0.0075008 1641.7
0.0075083 1641.7
0.0075158 1641.7
0.0075234 1641.7
0.0075309 1641.7
0.0075385 1641.7
0.007546 1641.7
0.0075535 1641.7
0.0075611 1641.7
0.0075686 1641.7
0.0075762 1641.7
0.0075837 1641.7
0.0075912 1641.7
0.0075988 1641.7
0.0076063 1641.7
0.0076138 1641.7
0.0076214 1641.7
0.0076289 1641.7
0.0076365 1641.7
0.007644 1641.7
0.0076515 1641.7
0.0076591 1641.7
0.0076666 1641.7
0.0076742 1641.7
0.0076817 1641.7
0.0076892 1641.7
0.0076968 1641.7
0.0077043 1641.7
0.0077118 1641.7
0.0077194 1641.7
0.0077269 1641.7
0.0077345 1641.7
0.007742 1641.7
0.0077495 1641.7
0.0077571 1641.7
0.0077646 1641.7
0.0077722 1641.7
0.0077797 1641.7
0.0077872 1641.7
0.0077948 1641.7
0.0078023 1641.7
0.0078098 1641.7
0.0078174 1641.7
0.0078249 1641.7
0.0078325 1641.7
0.00784 1641.7
0.0078475 1641.7
0.0078551 1641.7
0.0078626 1641.7
0.0078702 1641.7
0.0078777 1641.7
0.0078852 1641.7
0.0078928 1641.7
0.0079003 1641.7
0.0079078 1641.7
0.0079154 1641.7
0.0079229 1641.7
0.0079305 1641.7
0.007938 1641.7
0.0079455 1641.7
0.0079531 1641.7
0.0079606 1641.7
0.0079682 1641.7
0.0079757 1641.7
0.0079832 1641.7
0.0079908 1641.7
0.0079983 1641.7
0.0080058 1641.7
0.0080134 1641.7
0.0080209 1641.7
0.0080285 1641.7
0.008036 1641.7
0.0080435 1641.7
0.0080511 1641.7
0.0080586 1641.7
0.0080662 1641.7
0.0080737 1641.7
0.0080812 1641.7
0.0080888 1641.7
0.0080963 1641.7
0.0081038 1641.7
0.0081114 1641.7
0.0081189 1641.7
0.0081265 1641.7
0.008134 1641.7
0.0081415 1641.7
0.0081491 1641.7
0.0081566 1641.7
0.0081642 1641.7
0.0081717 1641.7
0.0081792 1641.7
0.0081868 1641.7
0.0081943 1641.7
0.0082018 1641.7
0.0082094 1641.7
0.0082169 1641.7
0.0082245 1641.7
0.008232 1641.7
0.0082395 1641.7
0.0082471 1641.7
0.0082546 1641.7
0.0082622 1641.7
0.0082697 1641.7
0.0082772 1641.7
0.0082848 1641.7
0.0082923 1641.7
0.0082998 1641.7
0.0083074 1641.7
0.0083149 1641.7
0.0083225 1641.7
0.00833 1641.7
0.0083375 1641.7
0.0083451 1641.7
0.0083526 1641.7
0.0083602 1641.7
0.0083677 1641.7
0.0083752 1641.7
0.0083828 1641.7
0.0083903 1641.7
0.0083978 1641.7
0.0084054 1641.7
0.0084129 1641.7
0.0084205 1641.7
0.008428 1641.7
0.0084355 1641.7
0.0084431 1641.7
0.0084506 1641.7
0.0084582 1641.7
0.0084657 1641.7
0.0084732 1641.7
0.0084808 1641.7
0.0084883 1641.7
0.0084958 1641.7
0.0085034 1641.7
0.0085109 1641.7
0.0085185 1641.7
0.008526 1641.7
0.0085335 1641.7
0.0085411 1641.7
0.0085486 1641.7
0.0085562 1641.7
0.0085637 1641.7
0.0085712 1641.7
0.0085788 1641.7
0.0085863 1641.7
0.0085938 1641.7
0.0086014 1641.7
0.0086089 1641.7
0.0086165 1641.7
0.008624 1641.7
0.0086315 1641.7
0.0086391 1641.7
0.0086466 1641.7
0.0086542 1641.7
0.0086617 1641.7
0.0086692 1641.7
0.0086768 1641.7
0.0086843 1641.7
0.0086918 1641.7
0.0086994 1641.7
0.0087069 1641.7
0.0087145 1641.7
0.008722 1641.7
0.0087295 1641.7
0.0087371 1641.7
0.0087446 1641.7
0.0087522 1641.7
0.0087597 1641.7
0.0087672 1641.7
0.0087748 1641.7
0.0087823 1641.7
0.0087898 1641.7
0.0087974 1641.7
0.0088049 1641.7
0.0088125 1641.7
0.00882 1641.7
0.0088275 1641.7
0.0088351 1641.7
0.0088426 1641.7
0.0088502 1641.7
0.0088577 1641.7
0.0088652 1641.7
0.0088728 1641.7
0.0088803 1641.7
0.0088878 1641.7
0.0088954 1641.7
0.0089029 1641.7
0.0089105 1641.7
0.008918 1641.7
0.0089255 1641.7
0.0089331 1641.7
0.0089406 1641.7
0.0089482 1641.7
0.0089557 1641.7
0.0089632 1641.7
0.0089708 1641.7
0.0089783 1641.7
0.0089858 1641.7
0.0089934 1641.7
0.0090009 1641.7
0.0090085 1641.7
0.009016 1641.7
0.0090235 1641.7
0.0090311 1641.7
0.0090386 1641.7
0.0090462 1641.7
0.0090537 1641.7
0.0090612 1641.7
0.0090688 1641.7
0.0090763 1641.7
0.0090838 1641.7
0.0090914 1641.7
0.0090989 1641.7
0.0091065 1641.7
0.009114 1641.7
0.0091215 1641.7
0.0091291 1641.7
0.0091366 1641.7
0.0091442 1641.7
0.0091517 1641.7
0.0091592 1641.7
0.0091668 1641.7
0.0091743 1641.7
0.0091818 1641.7
0.0091894 1641.7
0.0091969 1641.7
0.0092045 1641.7
0.009212 1641.7
0.0092195 1641.7
0.0092271 1641.7
0.0092346 1641.7
0.0092422 1641.7
0.0092497 1641.7
0.0092572 1641.7
0.0092648 1641.7
0.0092723 1641.7
0.0092798 1641.7
0.0092874 1641.7
0.0092949 1641.7
0.0093025 1641.7
0.00931 1641.7
0.0093175 1641.7
0.0093251 1641.7
0.0093326 1641.7
0.0093402 1641.7
0.0093477 1641.7
0.0093552 1641.7
0.0093628 1641.7
0.0093703 1641.7
0.0093778 1641.7
0.0093854 1641.7
0.0093929 1641.7
0.0094005 1641.7
0.009408 1641.7
0.0094155 1641.7
0.0094231 1641.7
0.0094306 1641.7
0.0094382 1641.7
0.0094457 1641.7
0.0094532 1641.7
0.0094608 1641.7
0.0094683 1641.7
0.0094758 1641.7
0.0094834 1641.7
0.0094909 1641.7
0.0094985 1641.7
0.009506 1641.7
0.0095135 1641.7
0.0095211 1641.7
0.0095286 1641.7
0.0095362 1641.7
0.0095437 1641.7
0.0095512 1641.7
0.0095588 1641.7
0.0095663 1641.7
0.0095738 1641.7
0.0095814 1641.7
0.0095889 1641.7
0.0095965 1641.7
0.009604 1641.7
0.0096115 1641.7
0.0096191 1641.7
0.0096266 1641.7
0.0096342 1641.7
0.0096417 1641.7
0.0096492 1641.7
0.0096568 1641.7
0.0096643 1641.7
0.0096718 1641.7
0.0096794 1641.7
0.0096869 1641.7
0.0096945 1641.7
0.009702 1641.7
0.0097095 1641.7
0.0097171 1641.7
0.0097246 1641.7
0.0097322 1641.7
0.0097397 1641.7
0.0097472 1641.7
0.0097548 1641.7
0.0097623 1641.7
0.0097698 1641.7
0.0097774 1641.7
0.0097849 1641.7
0.0097925 1641.7
0.0098 1641.7
0.0098075 1641.7
0.0098151 1641.7
0.0098226 1641.7
0.0098302 1641.7
0.0098377 1641.7
0.0098452 1641.7
0.0098528 1641.7
0.0098603 1641.7
0.0098678 1641.7
0.0098754 1641.7
0.0098829 1641.7
0.0098905 1641.7
0.009898 1641.7
0.0099055 1641.7
0.0099131 1641.7
0.0099206 1641.7
0.0099282 1641.7
0.0099357 1641.7
0.0099432 1641.7
0.0099508 1641.7
0.0099583 1641.7
0.0099658 1641.7
0.0099734 1641.7
0.0099809 1641.7
0.0099885 1641.7
0.009996 1641.7
0.010004 1641.7
0.010011 1641.7
0.010019 1641.7
0.010026 1641.7
0.010034 1641.7
0.010041 1641.7
0.010049 1641.7
0.010056 1641.7
0.010064 1641.7
0.010071 1641.7
0.010079 1641.7
0.010086 1641.7
0.010094 1641.7
0.010102 1641.7
0.010109 1641.7
0.010117 1641.7
0.010124 1641.7
0.010132 1641.7
0.010139 1641.7
0.010147 1641.7
0.010154 1641.7
0.010162 1641.7
0.010169 1641.7
0.010177 1641.7
0.010184 1641.7
0.010192 1641.7
0.0102 1641.7
0.010207 1641.7
0.010215 1641.7
0.010222 1641.7
0.01023 1641.7
0.010237 1641.7
0.010245 1641.7
0.010252 1641.7
0.01026 1641.7
0.010267 1641.7
0.010275 1641.7
0.010282 1641.7
0.01029 1641.7
0.010298 1641.7
0.010305 1641.7
0.010313 1641.7
0.01032 1641.7
0.010328 1641.7
0.010335 1641.7
0.010343 1641.7
0.01035 1641.7
0.010358 1641.7
0.010365 1641.7
0.010373 1641.7
0.01038 1641.7
0.010388 1641.7
0.010396 1641.7
0.010403 1641.7
0.010411 1641.7
0.010418 1641.7
0.010426 1641.7
0.010433 1641.7
0.010441 1641.7
0.010448 1641.7
0.010456 1641.7
0.010463 1641.7
0.010471 1641.7
0.010478 1641.7
0.010486 1641.7
0.010494 1641.7
0.010501 1641.7
0.010509 1641.7
0.010516 1641.7
0.010524 1641.7
0.010531 1641.7
0.010539 1641.7
0.010546 1641.7
0.010554 1641.7
0.010561 1641.7
0.010569 1641.7
0.010576 1641.7
0.010584 1641.7
0.010592 1641.7
0.010599 1641.7
0.010607 1641.7
0.010614 1641.7
0.010622 1641.7
0.010629 1641.7
0.010637 1641.7
0.010644 1641.7
0.010652 1641.7
0.010659 1641.7
0.010667 1641.7
0.010674 1641.7
0.010682 1641.7
0.01069 1641.7
0.010697 1641.7
0.010705 1641.7
0.010712 1641.7
0.01072 1641.7
0.010727 1641.7
0.010735 1641.7
0.010742 1641.7
0.01075 1641.7
0.010757 1641.7
0.010765 1641.7
0.010772 1641.7
0.01078 1641.7
0.010788 1641.7
0.010795 1641.7
0.010803 1641.7
0.01081 1641.7
0.010818 1641.7
0.010825 1641.7
0.010833 1641.7
0.01084 1641.7
0.010848 1641.7
0.010855 1641.7
0.010863 1641.7
0.01087 1641.7
0.010878 1641.7
0.010886 1641.7
0.010893 1641.7
0.010901 1641.7
0.010908 1641.7
0.010916 1641.7
0.010923 1641.7
0.010931 1641.7
0.010938 1641.7
0.010946 1641.7
0.010953 1641.7
0.010961 1641.7
0.010968 1641.7
0.010976 1641.7
0.010984 1641.7
0.010991 1641.7
0.010999 1641.7
0.011006 1641.7
0.011014 1641.7
0.011021 1641.7
0.011029 1641.7
0.011036 1641.7
0.011044 1641.7
0.011051 1641.7
0.011059 1641.7
0.011066 1641.7
0.011074 1641.7
0.011082 1641.7
0.011089 1641.7
0.011097 1641.7
0.011104 1641.7
0.011112 1641.7
0.011119 1641.7
0.011127 1641.7
0.011134 1641.7
0.011142 1641.7
0.011149 1641.7
0.011157 1641.7
0.011164 1641.7
0.011172 1641.7
0.01118 1641.7
0.011187 1641.7
0.011195 1641.7
0.011202 1641.7
0.01121 1641.7
0.011217 1641.7
0.011225 1641.7
0.011232 1641.7
0.01124 1641.7
0.011247 1641.7
0.011255 1641.7
0.011262 1641.7
0.01127 1641.7
0.011278 1641.7
0.011285 1641.7
0.011293 1641.7
0.0113 1641.7
0.011308 1641.7
0.011315 1641.7
0.011323 1641.7
0.01133 1641.7
0.011338 1641.7
0.011345 1641.7
0.011353 1641.7
0.01136 1641.7
0.011368 1641.7
0.011376 1641.7
0.011383 1641.7
0.011391 1641.7
0.011398 1641.7
0.011406 1641.7
0.011413 1641.7
0.011421 1641.7
0.011428 1641.7
0.011436 1641.7
0.011443 1641.7
0.011451 1641.7
0.011458 1641.7
0.011466 1641.7
0.011474 1641.7
0.011481 1641.7
0.011489 1641.7
0.011496 1641.7
0.011504 1641.7
0.011511 1641.7
0.011519 1641.7
0.011526 1641.7
0.011534 1641.7
0.011541 1641.7
0.011549 1641.7
0.011556 1641.7
0.011564 1641.7
0.011572 1641.7
0.011579 1641.7
0.011587 1641.7
0.011594 1641.7
0.011602 1641.7
0.011609 1641.7
0.011617 1641.7
0.011624 1641.7
0.011632 1641.7
0.011639 1641.7
0.011647 1641.7
0.011654 1641.7
0.011662 1641.7
0.01167 1641.7
0.011677 1641.7
0.011685 1641.7
0.011692 1641.7
0.0117 1641.7
0.011707 1641.7
0.011715 1641.7
0.011722 1641.7
0.01173 1641.7
0.011737 1641.7
0.011745 1641.7
0.011752 1641.7
0.01176 1641.7
0.011768 1641.7
0.011775 1641.7
0.011783 1641.7
0.01179 1641.7
0.011798 1641.7
0.011805 1641.7
0.011813 1641.7
0.01182 1641.7
0.011828 1641.7
0.011835 1641.7
0.011843 1641.7
0.01185 1641.7
0.011858 1641.7
0.011866 1641.7
0.011873 1641.7
0.011881 1641.7
0.011888 1641.7
0.011896 1641.7
0.011903 1641.7
0.011911 1641.7
0.011918 1641.7
0.011926 1641.7
0.011933 1641.7
0.011941 1641.7
0.011948 1641.7
0.011956 1641.7
0.011964 1641.7
0.011971 1641.7
0.011979 1641.7
0.011986 1641.7
0.011994 1641.7
0.012001 1641.7
0.012009 1641.7
0.012016 1641.7
0.012024 1641.7
0.012031 1641.7
0.012039 1641.7
0.012046 1641.7
0.012054 1641.7
0.012062 1641.7
0.012069 1641.7
0.012077 1641.7
0.012084 1641.7
0.012092 1641.7
0.012099 1641.7
0.012107 1641.7
0.012114 1641.7
0.012122 1641.7
0.012129 1641.7
0.012137 1641.7
0.012144 1641.7
0.012152 1641.7
0.01216 1641.7
0.012167 1641.7
0.012175 1641.7
0.012182 1641.7
0.01219 1641.7
0.012197 1641.7
0.012205 1641.7
0.012212 1641.7
0.01222 1641.7
0.012227 1641.7
0.012235 1641.7
0.012242 1641.7
0.01225 1641.7
0.012258 1641.7
0.012265 1641.7
0.012273 1641.7
0.01228 1641.7
0.012288 1641.7
0.012295 1641.7
0.012303 1641.7
0.01231 1641.7
0.012318 1641.7
0.012325 1641.7
0.012333 1641.7
0.01234 1641.7
0.012348 1641.7
0.012356 1641.7
0.012363 1641.7
0.012371 1641.7
0.012378 1641.7
0.012386 1641.7
0.012393 1641.7
0.012401 1641.7
0.012408 1641.7
0.012416 1641.7
0.012423 1641.7
0.012431 1641.7
0.012438 1641.7
0.012446 1641.7
0.012454 1641.7
0.012461 1641.7
0.012469 1641.7
0.012476 1641.7
0.012484 1641.7
0.012491 1641.7
0.012499 1641.7
0.012506 1641.7
0.012514 1641.7
0.012521 1641.7
0.012529 1641.7
0.012536 1641.7
0.012544 1641.7
0.012552 1641.7
0.012559 1641.7
0.012567 1641.7
0.012574 1641.7
0.012582 1641.7
0.012589 1641.7
0.012597 1641.7
0.012604 1641.7
0.012612 1641.7
0.012619 1641.7
0.012627 1641.7
0.012634 1641.7
0.012642 1641.7
0.01265 1641.7
0.012657 1641.7
0.012665 1641.7
0.012672 1641.7
0.01268 1641.7
0.012687 1641.7
0.012695 1641.7
0.012702 1641.7
0.01271 1641.7
0.012717 1641.7
0.012725 1641.7
0.012732 1641.7
0.01274 1641.7
0.012748 1641.7
0.012755 1641.7
0.012763 1641.7
0.01277 1641.7
0.012778 1641.7
0.012785 1641.7
0.012793 1641.7
0.0128 1641.7
0.012808 1641.7
0.012815 1641.7
0.012823 1641.7
0.01283 1641.7
0.012838 1641.7
0.012846 1641.7
0.012853 1641.7
0.012861 1641.7
0.012868 1641.7
0.012876 1641.7
0.012883 1641.7
0.012891 1641.7
0.012898 1641.7
0.012906 1641.7
0.012913 1641.7
0.012921 1641.7
0.012928 1641.7
0.012936 1641.7
0.012944 1641.7
0.012951 1641.7
0.012959 1641.7
0.012966 1641.7
0.012974 1641.7
0.012981 1641.7
0.012989 1641.7
0.012996 1641.7
0.013004 1641.7
0.013011 1641.7
0.013019 1641.7
0.013026 1641.7
0.013034 1641.7
0.013042 1641.7
0.013049 1641.7
0.013057 1641.7
0.013064 1641.7
0.013072 1641.7
0.013079 1641.7
0.013087 1641.7
0.013094 1641.7
0.013102 1641.7
0.013109 1641.7
0.013117 1641.7
0.013124 1641.7
0.013132 1641.7
0.01314 1641.7
0.013147 1641.7
0.013155 1641.7
0.013162 1641.7
0.01317 1641.7
0.013177 1641.7
0.013185 1641.7
0.013192 1641.7
0.0132 1641.7
0.013207 1641.7
0.013215 1641.7
0.013222 1641.7
0.01323 1641.7
0.013238 1641.7
0.013245 1641.7
0.013253 1641.7
0.01326 1641.7
0.013268 1641.7
0.013275 1641.7
0.013283 1641.7
0.01329 1641.7
0.013298 1641.7
0.013305 1641.7
0.013313 1641.7
0.01332 1641.7
0.013328 1641.7
0.013336 1641.7
0.013343 1641.7
0.013351 1641.7
0.013358 1641.7
0.013366 1641.7
0.013373 1641.7
0.013381 1641.7
0.013388 1641.7
0.013396 1641.7
0.013403 1641.7
0.013411 1641.7
0.013418 1641.7
0.013426 1641.7
0.013434 1641.7
0.013441 1641.7
0.013449 1641.7
0.013456 1641.7
0.013464 1641.7
0.013471 1641.7
0.013479 1641.7
0.013486 1641.7
0.013494 1641.7
0.013501 1641.7
0.013509 1641.7
0.013516 1641.7
0.013524 1641.7
0.013532 1641.7
0.013539 1641.7
0.013547 1641.7
0.013554 1641.7
0.013562 1641.7
0.013569 1641.7
0.013577 1641.7
0.013584 1641.7
0.013592 1641.7
0.013599 1641.7
0.013607 1641.7
0.013614 1641.7
0.013622 1641.7
0.01363 1641.7
0.013637 1641.7
0.013645 1641.7
0.013652 1641.7
0.01366 1641.7
0.013667 1641.7
0.013675 1641.7
0.013682 1641.7
0.01369 1641.7
0.013697 1641.7
0.013705 1641.7
0.013712 1641.7
0.01372 1641.7
0.013728 1641.7
0.013735 1641.7
0.013743 1641.7
0.01375 1641.7
0.013758 1641.7
0.013765 1641.7
0.013773 1641.7
0.01378 1641.7
0.013788 1641.7
0.013795 1641.7
0.013803 1641.7
0.01381 1641.7
0.013818 1641.7
0.013826 1641.7
0.013833 1641.7
0.013841 1641.7
0.013848 1641.7
0.013856 1641.7
0.013863 1641.7
0.013871 1641.7
0.013878 1641.7
0.013886 1641.7
0.013893 1641.7
0.013901 1641.7
0.013908 1641.7
0.013916 1641.7
0.013924 1641.7
0.013931 1641.7
0.013939 1641.7
0.013946 1641.7
0.013954 1641.7
0.013961 1641.7
0.013969 1641.7
0.013976 1641.7
0.013984 1641.7
0.013991 1641.7
0.013999 1641.7
0.014006 1641.7
0.014014 1641.7
0.014022 1641.7
0.014029 1641.7
0.014037 1641.7
0.014044 1641.7
0.014052 1641.7
0.014059 1641.7
0.014067 1641.7
0.014074 1641.7
0.014082 1641.7
0.014089 1641.7
0.014097 1641.7
0.014104 1641.7
0.014112 1641.7
0.01412 1641.7
0.014127 1641.7
0.014135 1641.7
0.014142 1641.7
0.01415 1641.7
0.014157 1641.7
0.014165 1641.7
0.014172 1641.7
0.01418 1641.7
0.014187 1641.7
0.014195 1641.7
0.014202 1641.7
0.01421 1641.7
0.014218 1641.7
0.014225 1641.7
0.014233 1641.7
0.01424 1641.7
0.014248 1641.7
0.014255 1641.7
0.014263 1641.7
0.01427 1641.7
0.014278 1641.7
0.014285 1641.7
0.014293 1641.7
0.0143 1641.7
0.014308 1641.7
0.014316 1641.7
0.014323 1641.7
0.014331 1641.7
0.014338 1641.7
0.014346 1641.7
0.014353 1641.7
0.014361 1641.7
0.014368 1641.7
0.014376 1641.7
0.014383 1641.7
0.014391 1641.7
0.014398 1641.7
0.014406 1641.7
0.014414 1641.7
0.014421 1641.7
0.014429 1641.7
0.014436 1641.7
0.014444 1641.7
0.014451 1641.7
0.014459 1641.7
0.014466 1641.7
0.014474 1641.7
0.014481 1641.7
0.014489 1641.7
0.014496 1641.7
0.014504 1641.7
0.014512 1641.7
0.014519 1641.7
0.014527 1641.7
0.014534 1641.7
0.014542 1641.7
0.014549 1641.7
0.014557 1641.7
0.014564 1641.7
0.014572 1641.7
0.014579 1641.7
0.014587 1641.7
0.014594 1641.7
0.014602 1641.7
0.01461 1641.7
0.014617 1641.7
0.014625 1641.7
0.014632 1641.7
0.01464 1641.7
0.014647 1641.7
0.014655 1641.7
0.014662 1641.7
0.01467 1641.7
0.014677 1641.7
0.014685 1641.7
0.014692 1641.7
0.0147 1641.7
0.014708 1641.7
0.014715 1641.7
0.014723 1641.7
0.01473 1641.7
0.014738 1641.7
0.014745 1641.7
0.014753 1641.7
0.01476 1641.7
0.014768 1641.7
0.014775 1641.7
0.014783 1641.7
0.01479 1641.7
0.014798 1641.7
0.014806 1641.7
0.014813 1641.7
0.014821 1641.7
0.014828 1641.7
0.014836 1641.7
0.014843 1641.7
0.014851 1641.7
0.014858 1641.7
0.014866 1641.7
0.014873 1641.7
0.014881 1641.7
0.014888 1641.7
0.014896 1641.7
0.014904 1641.7
0.014911 1641.7
0.014919 1641.7
0.014926 1641.7
0.014934 1641.7
0.014941 1641.7
0.014949 1641.7
0.014956 1641.7
0.014964 1641.7
0.014971 1641.7
0.014979 1641.7
0.014986 1641.7
0.014994 1641.7
0.015002 1641.7
0.015009 1641.7
0.015017 1641.7
0.015024 1641.7
0.015032 1641.7
0.015039 1641.7
0.015047 1641.7
0.015054 1641.7
0.015062 1641.7
0.015069 1641.7
0.015077 1641.7
0.015084 1641.7
0.015092 1641.7
0.0151 1641.7
0.015107 1641.7
0.015115 1641.7
0.015122 1641.7
0.01513 1641.7
0.015137 1641.7
0.015145 1641.7
0.015152 1641.7
0.01516 1641.7
0.015167 1641.7
0.015175 1641.7
0.015182 1641.7
0.01519 1641.7
0.015198 1641.7
0.015205 1641.7
0.015213 1641.7
0.01522 1641.7
0.015228 1641.7
0.015235 1641.7
0.015243 1641.7
0.01525 1641.7
0.015258 1641.7
0.015265 1641.7
0.015273 1641.7
0.01528 1641.7
0.015288 1641.7
0.015296 1641.7
0.015303 1641.7
0.015311 1641.7
0.015318 1641.7
0.015326 1641.7
0.015333 1641.7
0.015341 1641.7
0.015348 1641.7
0.015356 1641.7
0.015363 1641.7
0.015371 1641.7
0.015378 1641.7
0.015386 1641.7
0.015394 1641.7
0.015401 1641.7
0.015409 1641.7
0.015416 1641.7
0.015424 1641.7
0.015431 1641.7
0.015439 1641.7
0.015446 1641.7
0.015454 1641.7
0.015461 1641.7
0.015469 1641.7
0.015476 1641.7
0.015484 1641.7
0.015492 1641.7
0.015499 1641.7
0.015507 1641.7
0.015514 1641.7
0.015522 1641.7
0.015529 1641.7
0.015537 1641.7
0.015544 1641.7
0.015552 1641.7
0.015559 1641.7
0.015567 1641.7
0.015574 1641.7
0.015582 1641.7
0.01559 1641.7
0.015597 1641.7
0.015605 1641.7
0.015612 1641.7
0.01562 1641.7
0.015627 1641.7
0.015635 1641.7
0.015642 1641.7
0.01565 1641.7
0.015657 1641.7
0.015665 1641.7
0.015672 1641.7
0.01568 1641.7
0.015688 1641.7
0.015695 1641.7
0.015703 1641.7
0.01571 1641.7
0.015718 1641.7
0.015725 1641.7
0.015733 1641.7
0.01574 1641.7
0.015748 1641.7
0.015755 1641.7
0.015763 1641.7
0.01577 1641.7
0.015778 1641.7
0.015786 1641.7
0.015793 1641.7
0.015801 1641.7
0.015808 1641.7
0.015816 1641.7
0.015823 1641.7
0.015831 1641.7
0.015838 1641.7
0.015846 1641.7
0.015853 1641.7
0.015861 1641.7
0.015868 1641.7
0.015876 1641.7
0.015884 1641.7
0.015891 1641.7
0.015899 1641.7
0.015906 1641.7
0.015914 1641.7
0.015921 1641.7
0.015929 1641.7
0.015936 1641.7
0.015944 1641.7
0.015951 1641.7
0.015959 1641.7
0.015966 1641.7
0.015974 1641.7
0.015982 1641.7
0.015989 1641.7
0.015997 1641.7
0.016004 1641.7
0.016012 1641.7
0.016019 1641.7
0.016027 1641.7
0.016034 1641.7
0.016042 1641.7
0.016049 1641.7
0.016057 1641.7
0.016064 1641.7
0.016072 1641.7
0.01608 1641.7
0.016087 1641.7
0.016095 1641.7
0.016102 1641.7
0.01611 1641.7
0.016117 1641.7
0.016125 1641.7
0.016132 1641.7
0.01614 1641.7
0.016147 1641.7
0.016155 1641.7
0.016162 1641.7
0.01617 1641.7
0.016178 1641.7
0.016185 1641.7
0.016193 1641.7
0.0162 1641.7
0.016208 1641.7
0.016215 1641.7
0.016223 1641.7
0.01623 1641.7
0.016238 1641.7
0.016245 1641.7
0.016253 1641.7
0.01626 1641.7
0.016268 1641.7
0.016276 1641.7
0.016283 1641.7
0.016291 1641.7
0.016298 1641.7
0.016306 1641.7
0.016313 1641.7
0.016321 1641.7
0.016328 1641.7
0.016336 1641.7
0.016343 1641.7
0.016351 1641.7
0.016358 1641.7
0.016366 1641.7
0.016374 1641.7
0.016381 1641.7
0.016389 1641.7
0.016396 1641.7
0.016404 1641.7
0.016411 1641.7
0.016419 1641.7
0.016426 1641.7
0.016434 1641.7
0.016441 1641.7
0.016449 1641.7
0.016456 1641.7
0.016464 1641.7
0.016472 1641.7
0.016479 1641.7
0.016487 1641.7
0.016494 1641.7
0.016502 1641.7
0.016509 1641.7
0.016517 1641.7
0.016524 1641.7
0.016532 1641.7
0.016539 1641.7
0.016547 1641.7
0.016554 1641.7
0.016562 1641.7
0.01657 1641.7
0.016577 1641.7
0.016585 1641.7
0.016592 1641.7
0.0166 1641.7
0.016607 1641.7
0.016615 1641.7
0.016622 1641.7
0.01663 1641.7
0.016637 1641.7
0.016645 1641.7
0.016652 1641.7
0.01666 1641.7
0.016668 1641.7
0.016675 1641.7
0.016683 1641.7
0.01669 1641.7
0.016698 1641.7
0.016705 1641.7
0.016713 1641.7
0.01672 1641.7
0.016728 1641.7
0.016735 1641.7
0.016743 1641.7
0.01675 1641.7
0.016758 1641.7
0.016766 1641.7
0.016773 1641.7
0.016781 1641.7
0.016788 1641.7
0.016796 1641.7
0.016803 1641.7
0.016811 1641.7
0.016818 1641.7
0.016826 1641.7
0.016833 1641.7
0.016841 1641.7
0.016848 1641.7
0.016856 1641.7
0.016864 1641.7
0.016871 1641.7
0.016879 1641.7
0.016886 1641.7
0.016894 1641.7
0.016901 1641.7
0.016909 1641.7
0.016916 1641.7
0.016924 1641.7
0.016931 1641.7
0.016939 1641.7
0.016946 1641.7
0.016954 1641.7
0.016962 1641.7
0.016969 1641.7
0.016977 1641.7
0.016984 1641.7
0.016992 1641.7
0.016999 1641.7
0.017007 1641.7
0.017014 1641.7
0.017022 1641.7
0.017029 1641.7
0.017037 1641.7
0.017044 1641.7
0.017052 1641.7
0.01706 1641.7
0.017067 1641.7
0.017075 1641.7
0.017082 1641.7
0.01709 1641.7
0.017097 1641.7
0.017105 1641.7
0.017112 1641.7
0.01712 1641.7
0.017127 1641.7
0.017135 1641.7
0.017142 1641.7
0.01715 1641.7
0.017158 1641.7
0.017165 1641.7
0.017173 1641.7
0.01718 1641.7
0.017188 1641.7
0.017195 1641.7
0.017203 1641.7
0.01721 1641.7
0.017218 1641.7
0.017225 1641.7
0.017233 1641.7
0.01724 1641.7
0.017248 1641.7
0.017256 1641.7
0.017263 1641.7
0.017271 1641.7
0.017278 1641.7
0.017286 1641.7
0.017293 1641.7
0.017301 1641.7
0.017308 1641.7
0.017316 1641.7
0.017323 1641.7
0.017331 1641.7
0.017338 1641.7
0.017346 1641.7
0.017354 1641.7
0.017361 1641.7
0.017369 1641.7
0.017376 1641.7
0.017384 1641.7
0.017391 1641.7
0.017399 1641.7
0.017406 1641.7
0.017414 1641.7
0.017421 1641.7
0.017429 1641.7
0.017436 1641.7
0.017444 1641.7
0.017452 1641.7
0.017459 1641.7
0.017467 1641.7
0.017474 1641.7
0.017482 1641.7
0.017489 1641.7
0.017497 1641.7
0.017504 1641.7
0.017512 1641.7
0.017519 1641.7
0.017527 1641.7
0.017534 1641.7
0.017542 1641.7
0.01755 1641.7
0.017557 1641.7
0.017565 1641.7
0.017572 1641.7
0.01758 1641.7
0.017587 1641.7
0.017595 1641.7
0.017602 1641.7
0.01761 1641.7
0.017617 1641.7
0.017625 1641.7
0.017632 1641.7
0.01764 1641.7
0.017648 1641.7
0.017655 1641.7
0.017663 1641.7
0.01767 1641.7
0.017678 1641.7
0.017685 1641.7
0.017693 1641.7
0.0177 1641.7
0.017708 1641.7
0.017715 1641.7
0.017723 1641.7
0.01773 1641.7
0.017738 1641.7
0.017746 1641.7
0.017753 1641.7
0.017761 1641.7
0.017768 1641.7
0.017776 1641.7
0.017783 1641.7
0.017791 1641.7
0.017798 1641.7
0.017806 1641.7
0.017813 1641.7
0.017821 1641.7
0.017828 1641.7
0.017836 1641.7
0.017844 1641.7
0.017851 1641.7
0.017859 1641.7
0.017866 1641.7
0.017874 1641.7
0.017881 1641.7
0.017889 1641.7
0.017896 1641.7
0.017904 1641.7
0.017911 1641.7
0.017919 1641.7
0.017926 1641.7
0.017934 1641.7
0.017942 1641.7
0.017949 1641.7
0.017957 1641.7
0.017964 1641.7
0.017972 1641.7
0.017979 1641.7
0.017987 1641.7
0.017994 1641.7
0.018002 1641.7
0.018009 1641.7
0.018017 1641.7
0.018024 1641.7
0.018032 1641.7
0.01804 1641.7
0.018047 1641.7
0.018055 1641.7
0.018062 1641.7
0.01807 1641.7
0.018077 1641.7
0.018085 1641.7
0.018092 1641.7
0.0181 1641.7
0.018107 1641.7
0.018115 1641.7
0.018122 1641.7
0.01813 1641.7
0.018138 1641.7
0.018145 1641.7
0.018153 1641.7
0.01816 1641.7
0.018168 1641.7
0.018175 1641.7
0.018183 1641.7
0.01819 1641.7
0.018198 1641.7
0.018205 1641.7
0.018213 1641.7
0.01822 1641.7
0.018228 1641.7
0.018236 1641.7
0.018243 1641.7
0.018251 1641.7
0.018258 1641.7
0.018266 1641.7
0.018273 1641.7
0.018281 1641.7
0.018288 1641.7
0.018296 1641.7
0.018303 1641.7
0.018311 1641.7
0.018318 1641.7
0.018326 1641.7
0.018334 1641.7
0.018341 1641.7
0.018349 1641.7
0.018356 1641.7
0.018364 1641.7
0.018371 1641.7
0.018379 1641.7
0.018386 1641.7
0.018394 1641.7
0.018401 1641.7
0.018409 1641.7
0.018416 1641.7
0.018424 1641.7
0.018432 1641.7
0.018439 1641.7
0.018447 1641.7
0.018454 1641.7
0.018462 1641.7
0.018469 1641.7
0.018477 1641.7
0.018484 1641.7
0.018492 1641.7
0.018499 1641.7
0.018507 1641.7
0.018514 1641.7
0.018522 1641.7
0.01853 1641.7
0.018537 1641.7
0.018545 1641.7
0.018552 1641.7
0.01856 1641.7
0.018567 1641.7
0.018575 1641.7
0.018582 1641.7
0.01859 1641.7
0.018597 1641.7
0.018605 1641.7
0.018612 1641.7
0.01862 1641.7
0.018628 1641.7
0.018635 1641.7
0.018643 1641.7
0.01865 1641.7
0.018658 1641.7
0.018665 1641.7
0.018673 1641.7
0.01868 1641.7
0.018688 1641.7
0.018695 1641.7
0.018703 1641.7
0.01871 1641.7
0.018718 1641.7
0.018726 1641.7
0.018733 1641.7
0.018741 1641.7
0.018748 1641.7
0.018756 1641.7
0.018763 1641.7
0.018771 1641.7
0.018778 1641.7
0.018786 1641.7
0.018793 1641.7
0.018801 1641.7
0.018808 1641.7
0.018816 1641.7
0.018824 1641.7
0.018831 1641.7
0.018839 1641.7
0.018846 1641.7
0.018854 1641.7
0.018861 1641.7
0.018869 1641.7
0.018876 1641.7
0.018884 1641.7
0.018891 1641.7
0.018899 1641.7
0.018906 1641.7
0.018914 1641.7
0.018922 1641.7
0.018929 1641.7
0.018937 1641.7
0.018944 1641.7
0.018952 1641.7
0.018959 1641.7
0.018967 1641.7
0.018974 1641.7
0.018982 1641.7
0.018989 1641.7
0.018997 1641.7
0.019004 1641.7
0.019012 1641.7
0.01902 1641.7
0.019027 1641.7
0.019035 1641.7
0.019042 1641.7
0.01905 1641.7
0.019057 1641.7
0.019065 1641.7
0.019072 1641.7
0.01908 1641.7
0.019087 1641.7
0.019095 1641.7
0.019102 1641.7
0.01911 1641.7
0.019118 1641.7
0.019125 1641.7
0.019133 1641.7
0.01914 1641.7
0.019148 1641.7
0.019155 1641.7
0.019163 1641.7
0.01917 1641.7
0.019178 1641.7
0.019185 1641.7
0.019193 1641.7
0.0192 1641.7
0.019208 1641.7
0.019216 1641.7
0.019223 1641.7
0.019231 1641.7
0.019238 1641.7
0.019246 1641.7
0.019253 1641.7
0.019261 1641.7
0.019268 1641.7
0.019276 1641.7
0.019283 1641.7
0.019291 1641.7
0.019298 1641.7
0.019306 1641.7
0.019314 1641.7
0.019321 1641.7
0.019329 1641.7
0.019336 1641.7
0.019344 1641.7
0.019351 1641.7
0.019359 1641.7
0.019366 1641.7
0.019374 1641.7
0.019381 1641.7
0.019389 1641.7
0.019396 1641.7
0.019404 1641.7
0.019412 1641.7
0.019419 1641.7
0.019427 1641.7
0.019434 1641.7
0.019442 1641.7
0.019449 1641.7
0.019457 1641.7
0.019464 1641.7
0.019472 1641.7
0.019479 1641.7
0.019487 1641.7
0.019494 1641.7
0.019502 1641.7
0.01951 1641.7
0.019517 1641.7
0.019525 1641.7
0.019532 1641.7
0.01954 1641.7
0.019547 1641.7
0.019555 1641.7
0.019562 1641.7
0.01957 1641.7
0.019577 1641.7
0.019585 1641.7
0.019592 1641.7
0.0196 1641.7
0.019608 1641.7
0.019615 1641.7
0.019623 1641.7
0.01963 1641.7
0.019638 1641.7
0.019645 1641.7
0.019653 1641.7
0.01966 1641.7
0.019668 1641.7
0.019675 1641.7
0.019683 1641.7
0.01969 1641.7
0.019698 1641.7
0.019706 1641.7
0.019713 1641.7
0.019721 1641.7
0.019728 1641.7
0.019736 1641.7
0.019743 1641.7
0.019751 1641.7
0.019758 1641.7
0.019766 1641.7
0.019773 1641.7
0.019781 1641.7
0.019788 1641.7
0.019796 1641.7
0.019804 1641.7
0.019811 1641.7
0.019819 1641.7
0.019826 1641.7
0.019834 1641.7
0.019841 1641.7
0.019849 1641.7
0.019856 1641.7
0.019864 1641.7
0.019871 1641.7
0.019879 1641.7
0.019886 1641.7
0.019894 1641.7
0.019902 1641.7
0.019909 1641.7
0.019917 1641.7
0.019924 1641.7
0.019932 1641.7
0.019939 1641.7
0.019947 1641.7
0.019954 1641.7
0.019962 1641.7
0.019969 1641.7
0.019977 1641.7
0.019984 1641.7
0.019992 1641.7
0.02 1641.7
0.020007 1641.7
0.020015 1641.7
0.020022 1641.7
0.02003 1641.7
0.020037 1641.7
0.020045 1641.7
0.020052 1641.7
0.02006 1641.7
0.020067 1641.7
0.020075 1641.7
0.020082 1641.7
0.02009 1641.7
0.020098 1641.7
0.020105 1641.7
0.020113 1641.7
0.02012 1641.7
0.020128 1641.7
0.020135 1641.7
0.020143 1641.7
0.02015 1641.7
0.020158 1641.7
0.020165 1641.7
0.020173 1641.7
0.02018 1641.7
0.020188 1641.7
0.020196 1641.7
0.020203 1641.7
0.020211 1641.7
0.020218 1641.7
0.020226 1641.7
0.020233 1641.7
0.020241 1641.7
0.020248 1641.7
0.020256 1641.7
0.020263 1641.7
0.020271 1641.7
0.020278 1641.7
0.020286 1641.7
0.020294 1641.7
0.020301 1641.7
0.020309 1641.7
0.020316 1641.7
0.020324 1641.7
0.020331 1641.7
0.020339 1641.7
0.020346 1641.7
0.020354 1641.7
0.020361 1641.7
0.020369 1641.7
0.020376 1641.7
0.020384 1641.7
0.020392 1641.7
0.020399 1641.7
0.020407 1641.7
0.020414 1641.7
0.020422 1641.7
0.020429 1641.7
0.020437 1641.7
0.020444 1641.7
0.020452 1641.7
0.020459 1641.7
0.020467 1641.7
0.020474 1641.7
0.020482 1641.7
0.02049 1641.7
0.020497 1641.7
0.020505 1641.7
0.020512 1641.7
0.02052 1641.7
0.020527 1641.7
0.020535 1641.7
0.020542 1641.7
0.02055 1641.7
0.020557 1641.7
0.020565 1641.7
0.020572 1641.7
0.02058 1641.7
0.020588 1641.7
0.020595 1641.7
0.020603 1641.7
0.02061 1641.7
0.020618 1641.7
0.020625 1641.7
0.020633 1641.7
0.02064 1641.7
0.020648 1641.7
0.020655 1641.7
0.020663 1641.7
0.02067 1641.7
0.020678 1641.7
0.020686 1641.7
0.020693 1641.7
0.020701 1641.7
0.020708 1641.7
0.020716 1641.7
0.020723 1641.7
0.020731 1641.7
0.020738 1641.7
0.020746 1641.7
0.020753 1641.7
0.020761 1641.7
0.020768 1641.7
0.020776 1641.7
0.020784 1641.7
0.020791 1641.7
0.020799 1641.7
0.020806 1641.7
0.020814 1641.7
0.020821 1641.7
0.020829 1641.7
0.020836 1641.7
0.020844 1641.7
0.020851 1641.7
0.020859 1641.7
0.020866 1641.7
0.020874 1641.7
0.020882 1641.7
0.020889 1641.7
0.020897 1641.7
0.020904 1641.7
0.020912 1641.7
0.020919 1641.7
0.020927 1641.7
0.020934 1641.7
0.020942 1641.7
0.020949 1641.7
0.020957 1641.7
0.020964 1641.7
0.020972 1641.7
0.02098 1641.7
0.020987 1641.7
0.020995 1641.7
0.021002 1641.7
0.02101 1641.7
0.021017 1641.7
0.021025 1641.7
0.021032 1641.7
0.02104 1641.7
0.021047 1641.7
0.021055 1641.7
0.021062 1641.7
0.02107 1641.7
0.021078 1641.7
0.021085 1641.7
0.021093 1641.7
0.0211 1641.7
0.021108 1641.7
0.021115 1641.7
0.021123 1641.7
0.02113 1641.7
0.021138 1641.7
0.021145 1641.7
0.021153 1641.7
0.02116 1641.7
0.021168 1641.7
0.021176 1641.7
0.021183 1641.7
0.021191 1641.7
0.021198 1641.7
0.021206 1641.7
0.021213 1641.7
0.021221 1641.7
0.021228 1641.7
0.021236 1641.7
0.021243 1641.7
0.021251 1641.7
0.021258 1641.7
0.021266 1641.7
0.021274 1641.7
0.021281 1641.7
0.021289 1641.7
0.021296 1641.7
0.021304 1641.7
0.021311 1641.7
0.021319 1641.7
0.021326 1641.7
0.021334 1641.7
0.021341 1641.7
0.021349 1641.7
0.021356 1641.7
0.021364 1641.7
0.021372 1641.7
0.021379 1641.7
0.021387 1641.7
0.021394 1641.7
0.021402 1641.7
0.021409 1641.7
0.021417 1641.7
0.021424 1641.7
0.021432 1641.7
0.021439 1641.7
0.021447 1641.7
0.021454 1641.7
0.021462 1641.7
0.02147 1641.7
0.021477 1641.7
0.021485 1641.7
0.021492 1641.7
0.0215 1641.7
0.021507 1641.7
0.021515 1641.7
0.021522 1641.7
0.02153 1641.7
0.021537 1641.7
0.021545 1641.7
0.021552 1641.7
0.02156 1641.7
0.021568 1641.7
0.021575 1641.7
0.021583 1641.7
0.02159 1641.7
0.021598 1641.7
0.021605 1641.7
0.021613 1641.7
0.02162 1641.7
0.021628 1641.7
0.021635 1641.7
0.021643 1641.7
0.02165 1641.7
0.021658 1641.7
0.021666 1641.7
0.021673 1641.7
0.021681 1641.7
0.021688 1641.7
0.021696 1641.7
0.021703 1641.7
0.021711 1641.7
0.021718 1641.7
0.021726 1641.7
0.021733 1641.7
0.021741 1641.7
0.021748 1641.7
0.021756 1641.7
0.021764 1641.7
0.021771 1641.7
0.021779 1641.7
0.021786 1641.7
0.021794 1641.7
0.021801 1641.7
0.021809 1641.7
0.021816 1641.7
0.021824 1641.7
0.021831 1641.7
0.021839 1641.7
0.021846 1641.7
0.021854 1641.7
0.021862 1641.7
0.021869 1641.7
0.021877 1641.7
0.021884 1641.7
0.021892 1641.7
0.021899 1641.7
0.021907 1641.7
0.021914 1641.7
0.021922 1641.7
0.021929 1641.7
0.021937 1641.7
0.021944 1641.7
0.021952 1641.7
0.02196 1641.7
0.021967 1641.7
0.021975 1641.7
0.021982 1641.7
0.02199 1641.7
0.021997 1641.7
0.022005 1641.7
0.022012 1641.7
0.02202 1641.7
0.022027 1641.7
0.022035 1641.7
0.022042 1641.7
0.02205 1641.7
0.022058 1641.7
0.022065 1641.7
0.022073 1641.7
0.02208 1641.7
0.022088 1641.7
0.022095 1641.7
0.022103 1641.7
0.02211 1641.7
0.022118 1641.7
0.022125 1641.7
0.022133 1641.7
0.02214 1641.7
0.022148 1641.7
0.022156 1641.7
0.022163 1641.7
0.022171 1641.7
0.022178 1641.7
0.022186 1641.7
0.022193 1641.7
0.022201 1641.7
0.022208 1641.7
0.022216 1641.7
0.022223 1641.7
0.022231 1641.7
0.022238 1641.7
0.022246 1641.7
0.022254 1641.7
0.022261 1641.7
0.022269 1641.7
0.022276 1641.7
0.022284 1641.7
0.022291 1641.7
0.022299 1641.7
0.022306 1641.7
0.022314 1641.7
0.022321 1641.7
0.022329 1641.7
0.022336 1641.7
0.022344 1641.7
0.022352 1641.7
0.022359 1641.7
0.022367 1641.7
0.022374 1641.7
0.022382 1641.7
0.022389 1641.7
0.022397 1641.7
0.022404 1641.7
0.022412 1641.7
0.022419 1641.7
0.022427 1641.7
0.022434 1641.7
0.022442 1641.7
0.02245 1641.7
0.022457 1641.7
0.022465 1641.7
0.022472 1641.7
0.02248 1641.7
0.022487 1641.7
0.022495 1641.7
0.022502 1641.7
0.02251 1641.7
0.022517 1641.7
0.022525 1641.7
0.022532 1641.7
0.02254 1641.7
0.022548 1641.7
0.022555 1641.7
0.022563 1641.7
0.02257 1641.7
0.022578 1641.7
0.022585 1641.7
0.022593 1641.7
0.0226 1641.7
0.022608 1641.7
0.022615 1641.7
0.022623 1641.7
0.02263 1641.7
0.022638 1641.7
0.022646 1641.7
0.022653 1641.7
0.022661 1641.7
0.022668 1641.7
0.022676 1641.7
0.022683 1641.7
0.022691 1641.7
0.022698 1641.7
0.022706 1641.7
0.022713 1641.7
0.022721 1641.7
0.022728 1641.7
0.022736 1641.7
0.022744 1641.7
0.022751 1641.7
0.022759 1641.7
0.022766 1641.7
0.022774 1641.7
0.022781 1641.7
0.022789 1641.7
0.022796 1641.7
0.022804 1641.7
0.022811 1641.7
0.022819 1641.7
0.022826 1641.7
0.022834 1641.7
0.022842 1641.7
0.022849 1641.7
0.022857 1641.7
0.022864 1641.7
0.022872 1641.7
0.022879 1641.7
0.022887 1641.7
0.022894 1641.7
0.022902 1641.7
0.022909 1641.7
0.022917 1641.7
0.022924 1641.7
0.022932 1641.7
0.02294 1641.7
0.022947 1641.7
0.022955 1641.7
0.022962 1641.7
0.02297 1641.7
0.022977 1641.7
0.022985 1641.7
0.022992 1641.7
0.023 1641.7
0.023007 1641.7
0.023015 1641.7
0.023022 1641.7
0.02303 1641.7
0.023038 1641.7
0.023045 1641.7
0.023053 1641.7
0.02306 1641.7
0.023068 1641.7
0.023075 1641.7
0.023083 1641.7
0.02309 1641.7
0.023098 1641.7
0.023105 1641.7
0.023113 1641.7
0.02312 1641.7
0.023128 1641.7
0.023136 1641.7
0.023143 1641.7
0.023151 1641.7
0.023158 1641.7
0.023166 1641.7
0.023173 1641.7
0.023181 1641.7
0.023188 1641.7
0.023196 1641.7
0.023203 1641.7
0.023211 1641.7
0.023218 1641.7
0.023226 1641.7
0.023234 1641.7
0.023241 1641.7
0.023249 1641.7
0.023256 1641.7
0.023264 1641.7
0.023271 1641.7
0.023279 1641.7
0.023286 1641.7
0.023294 1641.7
0.023301 1641.7
0.023309 1641.7
0.023316 1641.7
0.023324 1641.7
0.023332 1641.7
0.023339 1641.7
0.023347 1641.7
0.023354 1641.7
0.023362 1641.7
0.023369 1641.7
0.023377 1641.7
0.023384 1641.7
0.023392 1641.7
0.023399 1641.7
0.023407 1641.7
0.023414 1641.7
0.023422 1641.7
0.02343 1641.7
0.023437 1641.7
0.023445 1641.7
0.023452 1641.7
0.02346 1641.7
0.023467 1641.7
0.023475 1641.7
0.023482 1641.7
0.02349 1641.7
0.023497 1641.7
0.023505 1641.7
0.023512 1641.7
0.02352 1641.7
0.023528 1641.7
0.023535 1641.7
0.023543 1641.7
0.02355 1641.7
0.023558 1641.7
0.023565 1641.7
0.023573 1641.7
0.02358 1641.7
0.023588 1641.7
0.023595 1641.7
0.023603 1641.7
0.02361 1641.7
0.023618 1641.7
0.023626 1641.7
0.023633 1641.7
0.023641 1641.7
0.023648 1641.7
0.023656 1641.7
0.023663 1641.7
0.023671 1641.7
0.023678 1641.7
0.023686 1641.7
0.023693 1641.7
0.023701 1641.7
0.023708 1641.7
0.023716 1641.7
0.023724 1641.7
0.023731 1641.7
0.023739 1641.7
0.023746 1641.7
0.023754 1641.7
0.023761 1641.7
0.023769 1641.7
0.023776 1641.7
0.023784 1641.7
0.023791 1641.7
0.023799 1641.7
0.023806 1641.7
0.023814 1641.7
0.023822 1641.7
0.023829 1641.7
0.023837 1641.7
0.023844 1641.7
0.023852 1641.7
0.023859 1641.7
0.023867 1641.7
0.023874 1641.7
0.023882 1641.7
0.023889 1641.7
0.023897 1641.7
0.023904 1641.7
0.023912 1641.7
0.02392 1641.7
0.023927 1641.7
0.023935 1641.7
0.023942 1641.7
0.02395 1641.7
0.023957 1641.7
0.023965 1641.7
0.023972 1641.7
0.02398 1641.7
0.023987 1641.7
0.023995 1641.7
0.024002 1641.7
0.02401 1641.7
0.024018 1641.7
0.024025 1641.7
0.024033 1641.7
0.02404 1641.7
0.024048 1641.7
0.024055 1641.7
0.024063 1641.7
0.02407 1641.7
0.024078 1641.7
0.024085 1641.7
0.024093 1641.7
0.0241 1641.7
0.024108 1641.7
0.024116 1641.7
0.024123 1641.7
0.024131 1641.7
0.024138 1641.7
0.024146 1641.7
0.024153 1641.7
0.024161 1641.7
0.024168 1641.7
0.024176 1641.7
0.024183 1641.7
0.024191 1641.7
0.024198 1641.7
0.024206 1641.7
0.024214 1641.7
0.024221 1641.7
0.024229 1641.7
0.024236 1641.7
0.024244 1641.7
0.024251 1641.7
0.024259 1641.7
0.024266 1641.7
0.024274 1641.7
0.024281 1641.7
0.024289 1641.7
0.024296 1641.7
0.024304 1641.7
0.024312 1641.7
0.024319 1641.7
0.024327 1641.7
0.024334 1641.7
0.024342 1641.7
0.024349 1641.7
0.024357 1641.7
0.024364 1641.7
0.024372 1641.7
0.024379 1641.7
0.024387 1641.7
0.024394 1641.7
0.024402 1641.7
0.02441 1641.7
0.024417 1641.7
0.024425 1641.7
0.024432 1641.7
0.02444 1641.7
0.024447 1641.7
0.024455 1641.7
0.024462 1641.7
0.02447 1641.7
0.024477 1641.7
0.024485 1641.7
0.024492 1641.7
0.0245 1641.7
0.024508 1641.7
0.024515 1641.7
0.024523 1641.7
0.02453 1641.7
0.024538 1641.7
0.024545 1641.7
0.024553 1641.7
0.02456 1641.7
0.024568 1641.7
0.024575 1641.7
0.024583 1641.7
0.02459 1641.7
0.024598 1641.7
0.024606 1641.7
0.024613 1641.7
0.024621 1641.7
0.024628 1641.7
0.024636 1641.7
0.024643 1641.7
0.024651 1641.7
0.024658 1641.7
0.024666 1641.7
0.024673 1641.7
0.024681 1641.7
0.024688 1641.7
0.024696 1641.7
0.024704 1641.7
0.024711 1641.7
0.024719 1641.7
0.024726 1641.7
0.024734 1641.7
0.024741 1641.7
0.024749 1641.7
0.024756 1641.7
0.024764 1641.7
0.024771 1641.7
0.024779 1641.7
0.024786 1641.7
0.024794 1641.7
0.024802 1641.7
0.024809 1641.7
0.024817 1641.7
0.024824 1641.7
0.024832 1641.7
0.024839 1641.7
0.024847 1641.7
0.024854 1641.7
0.024862 1641.7
0.024869 1641.7
0.024877 1641.7
0.024884 1641.7
0.024892 1641.7
0.0249 1641.7
0.024907 1641.7
0.024915 1641.7
0.024922 1641.7
0.02493 1641.7
0.024937 1641.7
0.024945 1641.7
0.024952 1641.7
0.02496 1641.7
0.024967 1641.7
0.024975 1641.7
0.024982 1641.7
0.02499 1641.7
0.024998 1641.7
0.025005 1641.7
0.025013 1641.7
0.02502 1641.7
0.025028 1641.7
0.025035 1641.7
0.025043 1641.7
0.02505 1641.7
0.025058 1641.7
0.025065 1641.7
0.025073 1641.7
0.02508 1641.7
0.025088 1641.7
0.025096 1641.7
0.025103 1641.7
0.025111 1641.7
0.025118 1641.7
0.025126 1641.7
0.025133 1641.7
0.025141 1641.7
0.025148 1641.7
0.025156 1641.7
0.025163 1641.7
0.025171 1641.7
0.025178 1641.7
0.025186 1641.7
0.025194 1641.7
0.025201 1641.7
0.025209 1641.7
0.025216 1641.7
0.025224 1641.7
0.025231 1641.7
0.025239 1641.7
0.025246 1641.7
0.025254 1641.7
0.025261 1641.7
0.025269 1641.7
0.025276 1641.7
0.025284 1641.7
0.025292 1641.7
0.025299 1641.7
0.025307 1641.7
0.025314 1641.7
0.025322 1641.7
0.025329 1641.7
0.025337 1641.7
0.025344 1641.7
0.025352 1641.7
0.025359 1641.7
0.025367 1641.7
0.025374 1641.7
0.025382 1641.7
0.02539 1641.7
0.025397 1641.7
0.025405 1641.7
0.025412 1641.7
0.02542 1641.7
0.025427 1641.7
0.025435 1641.7
0.025442 1641.7
0.02545 1641.7
0.025457 1641.7
0.025465 1641.7
0.025472 1641.7
0.02548 1641.7
0.025488 1641.7
0.025495 1641.7
0.025503 1641.7
0.02551 1641.7
0.025518 1641.7
0.025525 1641.7
0.025533 1641.7
0.02554 1641.7
0.025548 1641.7
0.025555 1641.7
0.025563 1641.7
0.02557 1641.7
0.025578 1641.7
0.025586 1641.7
0.025593 1641.7
0.025601 1641.7
0.025608 1641.7
0.025616 1641.7
0.025623 1641.7
0.025631 1641.7
0.025638 1641.7
0.025646 1641.7
0.025653 1641.7
0.025661 1641.7
0.025668 1641.7
0.025676 1641.7
0.025684 1641.7
0.025691 1641.7
0.025699 1641.7
0.025706 1641.7
0.025714 1641.7
0.025721 1641.7
0.025729 1641.7
0.025736 1641.7
0.025744 1641.7
0.025751 1641.7
0.025759 1641.7
0.025766 1641.7
0.025774 1641.7
0.025782 1641.7
0.025789 1641.7
0.025797 1641.7
0.025804 1641.7
0.025812 1641.7
0.025819 1641.7
0.025827 1641.7
0.025834 1641.7
0.025842 1641.7
0.025849 1641.7
0.025857 1641.7
0.025864 1641.7
0.025872 1641.7
0.02588 1641.7
0.025887 1641.7
0.025895 1641.7
0.025902 1641.7
0.02591 1641.7
0.025917 1641.7
0.025925 1641.7
0.025932 1641.7
0.02594 1641.7
0.025947 1641.7
0.025955 1641.7
0.025962 1641.7
0.02597 1641.7
0.025978 1641.7
0.025985 1641.7
0.025993 1641.7
0.026 1641.7
0.026008 1641.7
0.026015 1641.7
0.026023 1641.7
0.02603 1641.7
0.026038 1641.7
0.026045 1641.7
0.026053 1641.7
0.02606 1641.7
0.026068 1641.7
0.026076 1641.7
0.026083 1641.7
0.026091 1641.7
0.026098 1641.7
0.026106 1641.7
0.026113 1641.7
0.026121 1641.7
0.026128 1641.7
0.026136 1641.7
0.026143 1641.7
0.026151 1641.7
0.026158 1641.7
0.026166 1641.7
0.026174 1641.7
0.026181 1641.7
0.026189 1641.7
0.026196 1641.7
0.026204 1641.7
0.026211 1641.7
0.026219 1641.7
0.026226 1641.7
0.026234 1641.7
0.026241 1641.7
0.026249 1641.7
0.026256 1641.7
0.026264 1641.7
0.026272 1641.7
0.026279 1641.7
0.026287 1641.7
0.026294 1641.7
0.026302 1641.7
0.026309 1641.7
0.026317 1641.7
0.026324 1641.7
0.026332 1641.7
0.026339 1641.7
0.026347 1641.7
0.026354 1641.7
0.026362 1641.7
0.02637 1641.7
0.026377 1641.7
0.026385 1641.7
1 1641.7
