7.5385e-06 2876
1.5077e-05 2876
2.2615e-05 2876
3.0154e-05 2876
3.7692e-05 2876
4.5231e-05 2876.1
5.2769e-05 2876.1
6.0308e-05 2876.1
6.7846e-05 2876.1
7.5385e-05 2876.1
8.2923e-05 2876.1
9.0462e-05 2876.1
9.8e-05 2876.1
0.00010554 2876.2
0.00011308 2876.2
0.00012062 2876.3
0.00012815 2876.5
0.00013569 2876.7
0.00014323 2877
0.00015077 2877.4
0.00015831 2877.9
0.00016585 2878.7
0.00017338 2879.7
0.00018092 2881.1
0.00018846 2883
0.000196 2885.5
0.00020354 2888.8
0.00021108 2893
0.00021862 2898.5
0.00022615 2905.4
0.00023369 2914.2
0.00024123 2925.1
0.00024877 2938.7
0.00025631 2955.3
0.00026385 2975.5
0.00027138 2999.8
0.00027892 3028.9
0.00028646 3063.3
0.000294 3103.6
0.00030154 3150.6
0.00030908 3204.9
0.00031662 3267.1
0.00032415 3337.8
0.00033169 3417.4
0.00033923 3506.4
0.00034677 3605.1
0.00035431 3713.5
0.00036185 3831.7
0.00036938 3959.3
0.00037692 4095.9
0.00038446 4240.5
0.000392 4392.2
0.00039954 4549.6
0.00040708 4710.9
0.00041462 4874.4
0.00042215 5038
0.00042969 5199.3
0.00043723 5356.2
0.00044477 5506.5
0.00045231 5647.9
0.00045985 5778.7
0.00046738 5897
0.00047492 6001.8
0.00048246 6091.9
0.00049 6167
0.00049754 6226.8
0.00050508 6271.5
0.00051262 6301.7
0.00052015 6318
0.00052769 6321.5
0.00053523 6313.2
0.00054277 6294.3
0.00055031 6266
0.00055785 6229.5
0.00056538 6185.9
0.00057292 6136.3
0.00058046 6081.5
0.000588 6022.6
0.00059554 5960.3
0.00060308 5895.2
0.00061062 5828
0.00061815 5759.1
0.00062569 5689
0.00063323 5618.1
0.00064077 5546.7
0.00064831 5475
0.00065585 5403.2
0.00066338 5331.7
0.00067092 5260.5
0.00067846 5189.7
0.000686 5119.6
0.00069354 5050.2
0.00070108 4981.7
0.00070862 4914
0.00071615 4847.3
0.00072369 4781.7
0.00073123 4717.2
0.00073877 4653.9
0.00074631 4591.7
0.00075385 4530.9
0.00076138 4471.3
0.00076892 4413
0.00077646 4356
0.000784 4300.5
0.00079154 4246.2
0.00079908 4193.4
0.00080662 4141.9
0.00081415 4091.9
0.00082169 4043.2
0.00082923 3995.9
0.00083677 3950
0.00084431 3905.5
0.00085185 3862.3
0.00085938 3820.5
0.00086692 3780
0.00087446 3740.8
0.000882 3702.9
0.00088954 3666.3
0.00089708 3631
0.00090462 3596.8
0.00091215 3563.9
0.00091969 3532.2
0.00092723 3501.6
0.00093477 3472.2
0.00094231 3443.9
0.00094985 3416.6
0.00095738 3390.4
0.00096492 3365.3
0.00097246 3341.1
0.00098 3318
0.00098754 3295.7
0.00099508 3274.4
0.0010026 3254
0.0010102 3234.5
0.0010177 3215.7
0.0010252 3197.9
0.0010328 3180.7
0.0010403 3164.4
0.0010478 3148.8
0.0010554 3133.9
0.0010629 3119.7
0.0010705 3106.1
0.001078 3093.2
0.0010855 3080.9
0.0010931 3069.2
0.0011006 3058.1
0.0011082 3047.5
0.0011157 3037.5
0.0011232 3027.9
0.0011308 3018.9
0.0011383 3010.3
0.0011458 3002.2
0.0011534 2994.4
0.0011609 2987.1
0.0011685 2980.2
0.001176 2973.7
0.0011835 2967.5
0.0011911 2961.7
0.0011986 2956.2
0.0012062 2951
0.0012137 2946.1
0.0012212 2941.5
0.0012288 2937.1
0.0012363 2933
0.0012438 2929.2
0.0012514 2925.6
0.0012589 2922.2
0.0012665 2919
0.001274 2916
0.0012815 2913.2
0.0012891 2910.5
0.0012966 2908.1
0.0013042 2905.8
0.0013117 2903.6
0.0013192 2901.6
0.0013268 2899.7
0.0013343 2898
0.0013418 2896.3
0.0013494 2894.8
0.0013569 2893.4
0.0013645 2892.1
0.001372 2890.8
0.0013795 2889.7
0.0013871 2888.6
0.0013946 2887.6
0.0014022 2886.7
0.0014097 2885.9
0.0014172 2885.1
0.0014248 2884.3
0.0014323 2883.7
0.0014398 2883
0.0014474 2882.5
0.0014549 2881.9
0.0014625 2881.4
0.00147 2881
0.0014775 2880.6
0.0014851 2880.2
0.0014926 2879.8
0.0015002 2879.5
0.0015077 2879.2
0.0015152 2878.9
0.0015228 2878.7
0.0015303 2878.4
0.0015378 2878.2
0.0015454 2878
0.0015529 2877.9
0.0015605 2877.7
0.001568 2877.5
0.0015755 2877.4
0.0015831 2877.3
0.0015906 2877.2
0.0015982 2877.1
0.0016057 2877
0.0016132 2876.9
0.0016208 2876.8
0.0016283 2876.7
0.0016358 2876.7
0.0016434 2876.6
0.0016509 2876.5
0.0016585 2876.5
0.001666 2876.5
0.0016735 2876.4
0.0016811 2876.4
0.0016886 2876.3
0.0016962 2876.3
0.0017037 2876.3
0.0017112 2876.3
0.0017188 2876.2
0.0017263 2876.2
0.0017338 2876.2
0.0017414 2876.2
0.0017489 2876.2
0.0017565 2876.2
0.001764 2876.1
0.0017715 2876.1
0.0017791 2876.1
0.0017866 2876.1
0.0017942 2876.1
0.0018017 2876.1
0.0018092 2876.1
0.0018168 2876.1
0.0018243 2876.1
0.0018318 2876.1
0.0018394 2876.1
0.0018469 2876.1
0.0018545 2876.1
0.001862 2876.1
0.0018695 2876.1
0.0018771 2876.1
0.0018846 2876.1
0.0018922 2876.1
0.0018997 2876.1
0.0019072 2876.1
0.0019148 2876.1
0.0019223 2876.1
0.0019298 2876.1
0.0019374 2876.1
0.0019449 2876.1
0.0019525 2876.1
0.00196 2876.1
0.0019675 2876.1
0.0019751 2876.1
0.0019826 2876.1
0.0019902 2876.1
0.0019977 2876
0.0020052 2876
0.0020128 2876
0.0020203 2876
0.0020278 2876
0.0020354 2876
0.0020429 2876
0.0020505 2876
0.002058 2876
0.0020655 2876
0.0020731 2876
0.0020806 2876
0.0020882 2876
0.0020957 2876
0.0021032 2876
0.0021108 2876
0.0021183 2876
0.0021258 2876
0.0021334 2876
0.0021409 2876
0.0021485 2876
0.002156 2876
0.0021635 2876
0.0021711 2876
0.0021786 2876
0.0021862 2876
0.0021937 2876
0.0022012 2876
0.0022088 2876
0.0022163 2876
0.0022238 2876
0.0022314 2876
0.0022389 2876
0.0022465 2876
0.002254 2876
0.0022615 2876
0.0022691 2876
0.0022766 2876
0.0022842 2876
0.0022917 2876
0.0022992 2876
0.0023068 2876
0.0023143 2876
0.0023218 2876
0.0023294 2876
0.0023369 2876
0.0023445 2876
0.002352 2876
0.0023595 2876
0.0023671 2876
0.0023746 2876
0.0023822 2876
0.0023897 2876
0.0023972 2876
0.0024048 2876
0.0024123 2876
0.0024198 2876
0.0024274 2876
0.0024349 2876
0.0024425 2876
0.00245 2876
0.0024575 2876
0.0024651 2876
0.0024726 2876
0.0024802 2876
0.0024877 2876
0.0024952 2876
0.0025028 2876
0.0025103 2876
0.0025178 2876
0.0025254 2876
0.0025329 2876
0.0025405 2876
0.002548 2876
0.0025555 2876
0.0025631 2876
0.0025706 2876
0.0025782 2876
0.0025857 2876
0.0025932 2876
0.0026008 2876
0.0026083 2876
0.0026158 2876
0.0026234 2876
0.0026309 2876
0.0026385 2876
0.002646 2876
0.0026535 2876
0.0026611 2876
0.0026686 2876
0.0026762 2876
0.0026837 2876
0.0026912 2876
0.0026988 2876
0.0027063 2876
0.0027138 2876
0.0027214 2876
0.0027289 2876
0.0027365 2876
0.002744 2876
0.0027515 2876
0.0027591 2876
0.0027666 2876
0.0027742 2876
0.0027817 2876
0.0027892 2876
0.0027968 2876
0.0028043 2876
0.0028118 2876
0.0028194 2876
0.0028269 2876
0.0028345 2876
0.002842 2876
0.0028495 2876
0.0028571 2876
0.0028646 2876
0.0028722 2876
0.0028797 2876
0.0028872 2876
0.0028948 2876
0.0029023 2876
0.0029098 2876
0.0029174 2876
0.0029249 2876
0.0029325 2876
0.00294 2876
0.0029475 2876
0.0029551 2876
0.0029626 2876
0.0029702 2876
0.0029777 2876
0.0029852 2876
0.0029928 2876
0.0030003 2876
0.0030078 2876
0.0030154 2876
0.0030229 2876
0.0030305 2876
0.003038 2876
0.0030455 2876
0.0030531 2876
0.0030606 2876
0.0030682 2876
0.0030757 2876
0.0030832 2876
0.0030908 2876
0.0030983 2876
0.0031058 2876
0.0031134 2876
0.0031209 2876
0.0031285 2876
0.003136 2876
0.0031435 2876
0.0031511 2876
0.0031586 2876
0.0031662 2876
0.0031737 2876
0.0031812 2876
0.0031888 2876
0.0031963 2876
0.0032038 2876
0.0032114 2876
0.0032189 2876
0.0032265 2876
0.003234 2876
0.0032415 2876
0.0032491 2876
0.0032566 2876
0.0032642 2876
0.0032717 2876
0.0032792 2876
0.0032868 2876
0.0032943 2876
0.0033018 2876
0.0033094 2876
0.0033169 2876
0.0033245 2876
0.003332 2876
0.0033395 2876
0.0033471 2876
0.0033546 2876
0.0033622 2876
0.0033697 2876
0.0033772 2876
0.0033848 2876
0.0033923 2876
0.0033998 2876
0.0034074 2876
0.0034149 2876
0.0034225 2876
0.00343 2876
0.0034375 2876
0.0034451 2876
0.0034526 2876
0.0034602 2876
0.0034677 2876
0.0034752 2876
0.0034828 2876
0.0034903 2876
0.0034978 2876
0.0035054 2876
0.0035129 2876
0.0035205 2876
0.003528 2876
0.0035355 2876
0.0035431 2876
0.0035506 2876
0.0035582 2876
0.0035657 2876
0.0035732 2876
0.0035808 2876
0.0035883 2876
0.0035958 2876
0.0036034 2876
0.0036109 2876
0.0036185 2876
0.003626 2876
0.0036335 2876
0.0036411 2876
0.0036486 2876
0.0036562 2876
0.0036637 2876
0.0036712 2876
0.0036788 2876
0.0036863 2876
0.0036938 2876
0.0037014 2876
0.0037089 2876
0.0037165 2876
0.003724 2876
0.0037315 2876
0.0037391 2876
0.0037466 2876
0.0037542 2876
0.0037617 2876
0.0037692 2876
0.0037768 2876
0.0037843 2876
0.0037918 2876
0.0037994 2876
0.0038069 2876
0.0038145 2876
0.003822 2876
0.0038295 2876
0.0038371 2876
0.0038446 2876
0.0038522 2876
0.0038597 2876
0.0038672 2876
0.0038748 2876
0.0038823 2876
0.0038898 2876
0.0038974 2876
0.0039049 2876
0.0039125 2876
0.00392 2876
0.0039275 2876
0.0039351 2876
0.0039426 2876
0.0039502 2876
0.0039577 2876
0.0039652 2876
0.0039728 2876
0.0039803 2876
0.0039878 2876
0.0039954 2876
0.0040029 2876
0.0040105 2876
0.004018 2876
0.0040255 2876
0.0040331 2876
0.0040406 2876
0.0040482 2876
0.0040557 2876
0.0040632 2876
0.0040708 2876
0.0040783 2876
0.0040858 2876
0.0040934 2876
0.0041009 2876
0.0041085 2876
0.004116 2876
0.0041235 2876
0.0041311 2876
0.0041386 2876
0.0041462 2876
0.0041537 2876
0.0041612 2876
0.0041688 2876
0.0041763 2876
0.0041838 2876
0.0041914 2876
0.0041989 2876
0.0042065 2876
0.004214 2876
0.0042215 2876
0.0042291 2876
0.0042366 2876
0.0042442 2876
0.0042517 2876
0.0042592 2876
0.0042668 2876
0.0042743 2876
0.0042818 2876
0.0042894 2876
0.0042969 2876
0.0043045 2876
0.004312 2876
0.0043195 2876
0.0043271 2876
0.0043346 2876
0.0043422 2876
0.0043497 2876
0.0043572 2876
0.0043648 2876
0.0043723 2876
0.0043798 2876
0.0043874 2876
0.0043949 2876
0.0044025 2876
0.00441 2876
0.0044175 2876
0.0044251 2876
0.0044326 2876
0.0044402 2876
0.0044477 2876
0.0044552 2876
0.0044628 2876
0.0044703 2876
0.0044778 2876
0.0044854 2876
0.0044929 2876
0.0045005 2876
0.004508 2876
0.0045155 2876
0.0045231 2876
0.0045306 2876
0.0045382 2876
0.0045457 2876
0.0045532 2876
0.0045608 2876
0.0045683 2876
0.0045758 2876
0.0045834 2876
0.0045909 2876
0.0045985 2876
0.004606 2876
0.0046135 2876
0.0046211 2876
0.0046286 2876
0.0046362 2876
0.0046437 2876
0.0046512 2876
0.0046588 2876
0.0046663 2876
0.0046738 2876
0.0046814 2876
0.0046889 2876
0.0046965 2876
0.004704 2876
0.0047115 2876
0.0047191 2876
0.0047266 2876
0.0047342 2876
0.0047417 2876
0.0047492 2876
0.0047568 2876
0.0047643 2876
0.0047718 2876
0.0047794 2876
0.0047869 2876
0.0047945 2876
0.004802 2876
0.0048095 2876
0.0048171 2876
0.0048246 2876
0.0048322 2876
0.0048397 2876
0.0048472 2876
0.0048548 2876
0.0048623 2876
0.0048698 2876
0.0048774 2876
0.0048849 2876
0.0048925 2876
0.0049 2876
0.0049075 2876
0.0049151 2876
0.0049226 2876
0.0049302 2876
0.0049377 2876
0.0049452 2876
0.0049528 2876
0.0049603 2876
0.0049678 2876
0.0049754 2876
0.0049829 2876
0.0049905 2876
0.004998 2876
0.0050055 2876
0.0050131 2876
0.0050206 2876
0.0050282 2876
0.0050357 2876
0.0050432 2876
0.0050508 2876
0.0050583 2876
0.0050658 2876
0.0050734 2876
0.0050809 2876
0.0050885 2876
0.005096 2876
0.0051035 2876
0.0051111 2876
0.0051186 2876
0.0051262 2876
0.0051337 2876
0.0051412 2876
0.0051488 2876
0.0051563 2876
0.0051638 2876
0.0051714 2876
0.0051789 2876
0.0051865 2876
0.005194 2876
0.0052015 2876
0.0052091 2876
0.0052166 2876
0.0052242 2876
0.0052317 2876
0.0052392 2876
0.0052468 2876
0.0052543 2876
0.0052618 2876
0.0052694 2876
0.0052769 2876
0.0052845 2876
0.005292 2876
0.0052995 2876
0.0053071 2876
0.0053146 2876
0.0053222 2876
0.0053297 2876
0.0053372 2876
0.0053448 2876
0.0053523 2876
0.0053598 2876
0.0053674 2876
0.0053749 2876
0.0053825 2876
0.00539 2876
0.0053975 2876
0.0054051 2876
0.0054126 2876
0.0054202 2876
0.0054277 2876
0.0054352 2876
0.0054428 2876
0.0054503 2876
0.0054578 2876
0.0054654 2876
0.0054729 2876
0.0054805 2876
0.005488 2876
0.0054955 2876
0.0055031 2876
0.0055106 2876
0.0055182 2876
0.0055257 2876
0.0055332 2876
0.0055408 2876
0.0055483 2876
0.0055558 2876
0.0055634 2876
0.0055709 2876
0.0055785 2876
0.005586 2876
0.0055935 2876
0.0056011 2876
0.0056086 2876
0.0056162 2876
0.0056237 2876
0.0056312 2876
0.0056388 2876
0.0056463 2876
0.0056538 2876
0.0056614 2876
0.0056689 2876
0.0056765 2876
0.005684 2876
0.0056915 2876
0.0056991 2876
0.0057066 2876
0.0057142 2876
0.0057217 2876
0.0057292 2876
0.0057368 2876
0.0057443 2876
0.0057518 2876
0.0057594 2876
0.0057669 2876
0.0057745 2876
0.005782 2876
0.0057895 2876
0.0057971 2876
0.0058046 2876
0.0058122 2876
0.0058197 2876
0.0058272 2876
0.0058348 2876
0.0058423 2876
0.0058498 2876
0.0058574 2876
0.0058649 2876
0.0058725 2876
0.00588 2876
0.0058875 2876
0.0058951 2876
0.0059026 2876
0.0059102 2876
0.0059177 2876
0.0059252 2876
0.0059328 2876
0.0059403 2876
0.0059478 2876
0.0059554 2876
0.0059629 2876
0.0059705 2876
0.005978 2876
0.0059855 2876
0.0059931 2876
0.0060006 2876
0.0060082 2876
0.0060157 2876
0.0060232 2876
0.0060308 2876
0.0060383 2876
0.0060458 2876
0.0060534 2876
0.0060609 2876
0.0060685 2876
0.006076 2876
0.0060835 2876
0.0060911 2876
0.0060986 2876
0.0061062 2876
0.0061137 2876
0.0061212 2876
0.0061288 2876
0.0061363 2876
0.0061438 2876
0.0061514 2876
0.0061589 2876
0.0061665 2876
0.006174 2876
0.0061815 2876
0.0061891 2876
0.0061966 2876
0.0062042 2876
0.0062117 2876
0.0062192 2876
0.0062268 2876
0.0062343 2876
0.0062418 2876
0.0062494 2876
0.0062569 2876
0.0062645 2876
0.006272 2876
0.0062795 2876
0.0062871 2876
0.0062946 2876
0.0063022 2876
0.0063097 2876
0.0063172 2876
0.0063248 2876
0.0063323 2876
0.0063398 2876
0.0063474 2876
0.0063549 2876
0.0063625 2876
0.00637 2876
0.0063775 2876
0.0063851 2876
0.0063926 2876
0.0064002 2876
0.0064077 2876
0.0064152 2876
0.0064228 2876
0.0064303 2876
0.0064378 2876
0.0064454 2876
0.0064529 2876
0.0064605 2876
0.006468 2876
0.0064755 2876
0.0064831 2876
0.0064906 2876
0.0064982 2876
0.0065057 2876
0.0065132 2876
0.0065208 2876
0.0065283 2876
0.0065358 2876
0.0065434 2876
0.0065509 2876
0.0065585 2876
0.006566 2876
0.0065735 2876
0.0065811 2876
0.0065886 2876
0.0065962 2876
0.0066037 2876
0.0066112 2876
0.0066188 2876
0.0066263 2876
0.0066338 2876
0.0066414 2876
0.0066489 2876
0.0066565 2876
0.006664 2876
0.0066715 2876
0.0066791 2876
0.0066866 2876
0.0066942 2876
0.0067017 2876
0.0067092 2876
0.0067168 2876
0.0067243 2876
0.0067318 2876
0.0067394 2876
0.0067469 2876
0.0067545 2876
0.006762 2876
0.0067695 2876
0.0067771 2876
0.0067846 2876
0.0067922 2876
0.0067997 2876
0.0068072 2876
0.0068148 2876
0.0068223 2876
0.0068298 2876
0.0068374 2876
0.0068449 2876
0.0068525 2876
0.00686 2876
0.0068675 2876
0.0068751 2876
0.0068826 2876
0.0068902 2876
0.0068977 2876
0.0069052 2876
0.0069128 2876
0.0069203 2876
0.0069278 2876
0.0069354 2876
0.0069429 2876
0.0069505 2876
0.006958 2876
0.0069655 2876
0.0069731 2876
0.0069806 2876
0.0069882 2876
0.0069957 2876
0.0070032 2876
0.0070108 2876
0.0070183 2876
0.0070258 2876
0.0070334 2876
0.0070409 2876
0.0070485 2876
0.007056 2876
0.0070635 2876
0.0070711 2876
0.0070786 2876
0.0070862 2876
0.0070937 2876
0.0071012 2876
0.0071088 2876
0.0071163 2876
0.0071238 2876
0.0071314 2876
0.0071389 2876
0.0071465 2876
0.007154 2876
0.0071615 2876
0.0071691 2876
0.0071766 2876
0.0071842 2876
0.0071917 2876
0.0071992 2876
0.0072068 2876
0.0072143 2876
0.0072218 2876
0.0072294 2876
0.0072369 2876
0.0072445 2876
0.007252 2876
0.0072595 2876
0.0072671 2876
0.0072746 2876
0.0072822 2876
0.0072897 2876
0.0072972 2876
0.0073048 2876
0.0073123 2876
0.0073198 2876
0.0073274 2876
0.0073349 2876
0.0073425 2876
0.00735 2876
0.0073575 2876
0.0073651 2876
0.0073726 2876
0.0073802 2876
0.0073877 2876
0.0073952 2876
0.0074028 2876
0.0074103 2876
0.0074178 2876
0.0074254 2876
0.0074329 2876
0.0074405 2876
0.007448 2876
0.0074555 2876
0.0074631 2876
0.0074706 2876
0.0074782 2876
0.0074857 2876
0.0074932 2876
0.0075008 2876
0.0075083 2876
0.0075158 2876
0.0075234 2876
0.0075309 2876
0.0075385 2876
0.007546 2876
0.0075535 2876
0.0075611 2876
0.0075686 2876
0.0075762 2876
0.0075837 2876
0.0075912 2876
0.0075988 2876
0.0076063 2876
0.0076138 2876
0.0076214 2876
0.0076289 2876
0.0076365 2876
0.007644 2876
0.0076515 2876
0.0076591 2876
0.0076666 2876
0.0076742 2876
0.0076817 2876
0.0076892 2876
0.0076968 2876
0.0077043 2876
0.0077118 2876
0.0077194 2876
0.0077269 2876
0.0077345 2876
0.007742 2876
0.0077495 2876
0.0077571 2876
0.0077646 2876
0.0077722 2876
0.0077797 2876
0.0077872 2876
0.0077948 2876
0.0078023 2876
0.0078098 2876
0.0078174 2876
0.0078249 2876
0.0078325 2876
0.00784 2876
0.0078475 2876
0.0078551 2876
0.0078626 2876
0.0078702 2876
0.0078777 2876
0.0078852 2876
0.0078928 2876
0.0079003 2876
0.0079078 2876
0.0079154 2876
0.0079229 2876
0.0079305 2876
0.007938 2876
0.0079455 2876
0.0079531 2876
0.0079606 2876
0.0079682 2876
0.0079757 2876
0.0079832 2876
0.0079908 2876
0.0079983 2876
0.0080058 2876
0.0080134 2876
0.0080209 2876
0.0080285 2876
0.008036 2876
0.0080435 2876
0.0080511 2876
0.0080586 2876
0.0080662 2876
0.0080737 2876
0.0080812 2876
0.0080888 2876
0.0080963 2876
0.0081038 2876
0.0081114 2876
0.0081189 2876
0.0081265 2876
0.008134 2876
0.0081415 2876
0.0081491 2876
0.0081566 2876
0.0081642 2876
0.0081717 2876
0.0081792 2876
0.0081868 2876
0.0081943 2876
0.0082018 2876
0.0082094 2876
0.0082169 2876
0.0082245 2876
0.008232 2876
0.0082395 2876
0.0082471 2876
0.0082546 2876
0.0082622 2876
0.0082697 2876
0.0082772 2876
0.0082848 2876
0.0082923 2876
0.0082998 2876
0.0083074 2876
0.0083149 2876
0.0083225 2876
0.00833 2876
0.0083375 2876
0.0083451 2876
0.0083526 2876
0.0083602 2876
0.0083677 2876
0.0083752 2876
0.0083828 2876
0.0083903 2876
0.0083978 2876
0.0084054 2876
0.0084129 2876
0.0084205 2876
0.008428 2876
0.0084355 2876
0.0084431 2876
0.0084506 2876
0.0084582 2876
0.0084657 2876
0.0084732 2876
0.0084808 2876
0.0084883 2876
0.0084958 2876
0.0085034 2876
0.0085109 2876
0.0085185 2876
0.008526 2876
0.0085335 2876
0.0085411 2876
0.0085486 2876
0.0085562 2876
0.0085637 2876
0.0085712 2876
0.0085788 2876
0.0085863 2876
0.0085938 2876
0.0086014 2876
0.0086089 2876
0.0086165 2876
0.008624 2876
0.0086315 2876
0.0086391 2876
0.0086466 2876
0.0086542 2876
0.0086617 2876
0.0086692 2876
0.0086768 2876
0.0086843 2876
0.0086918 2876
0.0086994 2876
0.0087069 2876
0.0087145 2876
0.008722 2876
0.0087295 2876
0.0087371 2876
0.0087446 2876
0.0087522 2876
0.0087597 2876
0.0087672 2876
0.0087748 2876
0.0087823 2876
0.0087898 2876
0.0087974 2876
0.0088049 2876
0.0088125 2876
0.00882 2876
0.0088275 2876
0.0088351 2876
0.0088426 2876
0.0088502 2876
0.0088577 2876
0.0088652 2876
0.0088728 2876
0.0088803 2876
0.0088878 2876
0.0088954 2876
0.0089029 2876
0.0089105 2876
0.008918 2876
0.0089255 2876
0.0089331 2876
0.0089406 2876
0.0089482 2876
0.0089557 2876
0.0089632 2876
0.0089708 2876
0.0089783 2876
0.0089858 2876
0.0089934 2876
0.0090009 2876
0.0090085 2876
0.009016 2876
0.0090235 2876
0.0090311 2876
0.0090386 2876
0.0090462 2876
0.0090537 2876
0.0090612 2876
0.0090688 2876
0.0090763 2876
0.0090838 2876
0.0090914 2876
0.0090989 2876
0.0091065 2876
0.009114 2876
0.0091215 2876
0.0091291 2876
0.0091366 2876
0.0091442 2876
0.0091517 2876
0.0091592 2876
0.0091668 2876
0.0091743 2876
0.0091818 2876
0.0091894 2876
0.0091969 2876
0.0092045 2876
0.009212 2876
0.0092195 2876
0.0092271 2876
0.0092346 2876
0.0092422 2876
0.0092497 2876
0.0092572 2876
0.0092648 2876
0.0092723 2876
0.0092798 2876
0.0092874 2876
0.0092949 2876
0.0093025 2876
0.00931 2876
0.0093175 2876
0.0093251 2876
0.0093326 2876
0.0093402 2876
0.0093477 2876
0.0093552 2876
0.0093628 2876
0.0093703 2876
0.0093778 2876
0.0093854 2876
0.0093929 2876
0.0094005 2876
0.009408 2876
0.0094155 2876
0.0094231 2876
0.0094306 2876
0.0094382 2876
0.0094457 2876
0.0094532 2876
0.0094608 2876
0.0094683 2876
0.0094758 2876
0.0094834 2876
0.0094909 2876
0.0094985 2876
0.009506 2876
0.0095135 2876
0.0095211 2876
0.0095286 2876
0.0095362 2876
0.0095437 2876
0.0095512 2876
0.0095588 2876
0.0095663 2876
0.0095738 2876
0.0095814 2876
0.0095889 2876
0.0095965 2876
0.009604 2876
0.0096115 2876
0.0096191 2876
0.0096266 2876
0.0096342 2876
0.0096417 2876
0.0096492 2876
0.0096568 2876
0.0096643 2876
0.0096718 2876
0.0096794 2876
0.0096869 2876
0.0096945 2876
0.009702 2876
0.0097095 2876
0.0097171 2876
0.0097246 2876
0.0097322 2876
0.0097397 2876
0.0097472 2876
0.0097548 2876
0.0097623 2876
0.0097698 2876
0.0097774 2876
0.0097849 2876
0.0097925 2876
0.0098 2876
0.0098075 2876
0.0098151 2876
0.0098226 2876
0.0098302 2876
0.0098377 2876
0.0098452 2876
0.0098528 2876
0.0098603 2876
0.0098678 2876
0.0098754 2876
0.0098829 2876
0.0098905 2876
0.009898 2876
0.0099055 2876
0.0099131 2876
0.0099206 2876
0.0099282 2876
0.0099357 2876
0.0099432 2876
0.0099508 2876
0.0099583 2876
0.0099658 2876
0.0099734 2876
0.0099809 2876
0.0099885 2876
0.009996 2876
0.010004 2876
0.010011 2876
0.010019 2876
0.010026 2876
0.010034 2876
0.010041 2876
0.010049 2876
0.010056 2876
0.010064 2876
0.010071 2876
0.010079 2876
0.010086 2876
0.010094 2876
0.010102 2876
0.010109 2876
0.010117 2876
0.010124 2876
0.010132 2876
0.010139 2876
0.010147 2876
0.010154 2876
0.010162 2876
0.010169 2876
0.010177 2876
0.010184 2876
0.010192 2876
0.0102 2876
0.010207 2876
0.010215 2876
0.010222 2876
0.01023 2876
0.010237 2876
0.010245 2876
0.010252 2876
0.01026 2876
0.010267 2876
0.010275 2876
0.010282 2876
0.01029 2876
0.010298 2876
0.010305 2876
0.010313 2876
0.01032 2876
0.010328 2876
0.010335 2876
0.010343 2876
0.01035 2876
0.010358 2876
0.010365 2876
0.010373 2876
0.01038 2876
0.010388 2876
0.010396 2876
0.010403 2876
0.010411 2876
0.010418 2876
0.010426 2876
0.010433 2876
0.010441 2876
0.010448 2876
0.010456 2876
0.010463 2876
0.010471 2876
0.010478 2876
0.010486 2876
0.010494 2876
0.010501 2876
0.010509 2876
0.010516 2876
0.010524 2876
0.010531 2876
0.010539 2876
0.010546 2876
0.010554 2876
0.010561 2876
0.010569 2876
0.010576 2876
0.010584 2876
0.010592 2876
0.010599 2876
0.010607 2876
0.010614 2876
0.010622 2876
0.010629 2876
0.010637 2876
0.010644 2876
0.010652 2876
0.010659 2876
0.010667 2876
0.010674 2876
0.010682 2876
0.01069 2876
0.010697 2876
0.010705 2876
0.010712 2876
0.01072 2876
0.010727 2876
0.010735 2876
0.010742 2876
0.01075 2876
0.010757 2876
0.010765 2876
0.010772 2876
0.01078 2876
0.010788 2876
0.010795 2876
0.010803 2876
0.01081 2876
0.010818 2876
0.010825 2876
0.010833 2876
0.01084 2876
0.010848 2876
0.010855 2876
0.010863 2876
0.01087 2876
0.010878 2876
0.010886 2876
0.010893 2876
0.010901 2876
0.010908 2876
0.010916 2876
0.010923 2876
0.010931 2876
0.010938 2876
0.010946 2876
0.010953 2876
0.010961 2876
0.010968 2876
0.010976 2876
0.010984 2876
0.010991 2876
0.010999 2876
0.011006 2876
0.011014 2876
0.011021 2876
0.011029 2876
0.011036 2876
0.011044 2876
0.011051 2876
0.011059 2876
0.011066 2876
0.011074 2876
0.011082 2876
0.011089 2876
0.011097 2876
0.011104 2876
0.011112 2876
0.011119 2876
0.011127 2876
0.011134 2876
0.011142 2876
0.011149 2876
0.011157 2876
0.011164 2876
0.011172 2876
0.01118 2876
0.011187 2876
0.011195 2876
0.011202 2876
0.01121 2876
0.011217 2876
0.011225 2876
0.011232 2876
0.01124 2876
0.011247 2876
0.011255 2876
0.011262 2876
0.01127 2876
0.011278 2876
0.011285 2876
0.011293 2876
0.0113 2876
0.011308 2876
0.011315 2876
0.011323 2876
0.01133 2876
0.011338 2876
0.011345 2876
0.011353 2876
0.01136 2876
0.011368 2876
0.011376 2876
0.011383 2876
0.011391 2876
0.011398 2876
0.011406 2876
0.011413 2876
0.011421 2876
0.011428 2876
0.011436 2876
0.011443 2876
0.011451 2876
0.011458 2876
0.011466 2876
0.011474 2876
0.011481 2876
0.011489 2876
0.011496 2876
0.011504 2876
0.011511 2876
0.011519 2876
0.011526 2876
0.011534 2876
0.011541 2876
0.011549 2876
0.011556 2876
0.011564 2876
0.011572 2876
0.011579 2876
0.011587 2876
0.011594 2876
0.011602 2876
0.011609 2876
0.011617 2876
0.011624 2876
0.011632 2876
0.011639 2876
0.011647 2876
0.011654 2876
0.011662 2876
0.01167 2876
0.011677 2876
0.011685 2876
0.011692 2876
0.0117 2876
0.011707 2876
0.011715 2876
0.011722 2876
0.01173 2876
0.011737 2876
0.011745 2876
0.011752 2876
0.01176 2876
0.011768 2876
0.011775 2876
0.011783 2876
0.01179 2876
0.011798 2876
0.011805 2876
0.011813 2876
0.01182 2876
0.011828 2876
0.011835 2876
0.011843 2876
0.01185 2876
0.011858 2876
0.011866 2876
0.011873 2876
0.011881 2876
0.011888 2876
0.011896 2876
0.011903 2876
0.011911 2876
0.011918 2876
0.011926 2876
0.011933 2876
0.011941 2876
0.011948 2876
0.011956 2876
0.011964 2876
0.011971 2876
0.011979 2876
0.011986 2876
0.011994 2876
0.012001 2876
0.012009 2876
0.012016 2876
0.012024 2876
0.012031 2876
0.012039 2876
0.012046 2876
0.012054 2876
0.012062 2876
0.012069 2876
0.012077 2876
0.012084 2876
0.012092 2876
0.012099 2876
0.012107 2876
0.012114 2876
0.012122 2876
0.012129 2876
0.012137 2876
0.012144 2876
0.012152 2876
0.01216 2876
0.012167 2876
0.012175 2876
0.012182 2876
0.01219 2876
0.012197 2876
0.012205 2876
0.012212 2876
0.01222 2876
0.012227 2876
0.012235 2876
0.012242 2876
0.01225 2876
0.012258 2876
0.012265 2876
0.012273 2876
0.01228 2876
0.012288 2876
0.012295 2876
0.012303 2876
0.01231 2876
0.012318 2876
0.012325 2876
0.012333 2876
0.01234 2876
0.012348 2876
0.012356 2876
0.012363 2876
0.012371 2876
0.012378 2876
0.012386 2876
0.012393 2876
0.012401 2876
0.012408 2876
0.012416 2876
0.012423 2876
0.012431 2876
0.012438 2876
0.012446 2876
0.012454 2876
0.012461 2876
0.012469 2876
0.012476 2876
0.012484 2876
0.012491 2876
0.012499 2876
0.012506 2876
0.012514 2876
0.012521 2876
0.012529 2876
0.012536 2876
0.012544 2876
0.012552 2876
0.012559 2876
0.012567 2876
0.012574 2876
0.012582 2876
0.012589 2876
0.012597 2876
0.012604 2876
0.012612 2876
0.012619 2876
0.012627 2876
0.012634 2876
0.012642 2876
0.01265 2876
0.012657 2876
0.012665 2876
0.012672 2876
0.01268 2876
0.012687 2876
0.012695 2876
0.012702 2876
0.01271 2876
0.012717 2876
0.012725 2876
0.012732 2876
0.01274 2876
0.012748 2876
0.012755 2876
0.012763 2876
0.01277 2876
0.012778 2876
0.012785 2876
0.012793 2876
0.0128 2876
0.012808 2876
0.012815 2876
0.012823 2876
0.01283 2876
0.012838 2876
0.012846 2876
0.012853 2876
0.012861 2876
0.012868 2876
0.012876 2876
0.012883 2876
0.012891 2876
0.012898 2876
0.012906 2876
0.012913 2876
0.012921 2876
0.012928 2876
0.012936 2876
0.012944 2876
0.012951 2876
0.012959 2876
0.012966 2876
0.012974 2876
0.012981 2876
0.012989 2876
0.012996 2876
0.013004 2876
0.013011 2876
0.013019 2876
0.013026 2876
0.013034 2876
0.013042 2876
0.013049 2876
0.013057 2876
0.013064 2876
0.013072 2876
0.013079 2876
0.013087 2876
0.013094 2876
0.013102 2876
0.013109 2876
0.013117 2876
0.013124 2876
0.013132 2876
0.01314 2876
0.013147 2876
0.013155 2876
0.013162 2876
0.01317 2876
0.013177 2876
0.013185 2876
0.013192 2876
0.0132 2876
0.013207 2876
0.013215 2876
0.013222 2876
0.01323 2876
0.013238 2876
0.013245 2876
0.013253 2876
0.01326 2876
0.013268 2876
0.013275 2876
0.013283 2876
0.01329 2876
0.013298 2876
0.013305 2876
0.013313 2876
0.01332 2876
0.013328 2876
0.013336 2876
0.013343 2876
0.013351 2876
0.013358 2876
0.013366 2876
0.013373 2876
0.013381 2876
0.013388 2876
0.013396 2876
0.013403 2876
0.013411 2876
0.013418 2876
0.013426 2876
0.013434 2876
0.013441 2876
0.013449 2876
0.013456 2876
0.013464 2876
0.013471 2876
0.013479 2876
0.013486 2876
0.013494 2876
0.013501 2876
0.013509 2876
0.013516 2876
0.013524 2876
0.013532 2876
0.013539 2876
0.013547 2876
0.013554 2876
0.013562 2876
0.013569 2876
0.013577 2876
0.013584 2876
0.013592 2876
0.013599 2876
0.013607 2876
0.013614 2876
0.013622 2876
0.01363 2876
0.013637 2876
0.013645 2876
0.013652 2876
0.01366 2876
0.013667 2876
0.013675 2876
0.013682 2876
0.01369 2876
0.013697 2876
0.013705 2876
0.013712 2876
0.01372 2876
0.013728 2876
0.013735 2876
0.013743 2876
0.01375 2876
0.013758 2876
0.013765 2876
0.013773 2876
0.01378 2876
0.013788 2876
0.013795 2876
0.013803 2876
0.01381 2876
0.013818 2876
0.013826 2876
0.013833 2876
0.013841 2876
0.013848 2876
0.013856 2876
0.013863 2876
0.013871 2876
0.013878 2876
0.013886 2876
0.013893 2876
0.013901 2876
0.013908 2876
0.013916 2876
0.013924 2876
0.013931 2876
0.013939 2876
0.013946 2876
0.013954 2876
0.013961 2876
0.013969 2876
0.013976 2876
0.013984 2876
0.013991 2876
0.013999 2876
0.014006 2876
0.014014 2876
0.014022 2876
0.014029 2876
0.014037 2876
0.014044 2876
0.014052 2876
0.014059 2876
0.014067 2876
0.014074 2876
0.014082 2876
0.014089 2876
0.014097 2876
0.014104 2876
0.014112 2876
0.01412 2876
0.014127 2876
0.014135 2876
0.014142 2876
0.01415 2876
0.014157 2876
0.014165 2876
0.014172 2876
0.01418 2876
0.014187 2876
0.014195 2876
0.014202 2876
0.01421 2876
0.014218 2876
0.014225 2876
0.014233 2876
0.01424 2876
0.014248 2876
0.014255 2876
0.014263 2876
0.01427 2876
0.014278 2876
0.014285 2876
0.014293 2876
0.0143 2876
0.014308 2876
0.014316 2876
0.014323 2876
0.014331 2876
0.014338 2876
0.014346 2876
0.014353 2876
0.014361 2876
0.014368 2876
0.014376 2876
0.014383 2876
0.014391 2876
0.014398 2876
0.014406 2876
0.014414 2876
0.014421 2876
0.014429 2876
0.014436 2876
0.014444 2876
0.014451 2876
0.014459 2876
0.014466 2876
0.014474 2876
0.014481 2876
0.014489 2876
0.014496 2876
0.014504 2876
0.014512 2876
0.014519 2876
0.014527 2876
0.014534 2876
0.014542 2876
0.014549 2876
0.014557 2876
0.014564 2876
0.014572 2876
0.014579 2876
0.014587 2876
0.014594 2876
0.014602 2876
0.01461 2876
0.014617 2876
0.014625 2876
0.014632 2876
0.01464 2876
0.014647 2876
0.014655 2876
0.014662 2876
0.01467 2876
0.014677 2876
0.014685 2876
0.014692 2876
0.0147 2876
0.014708 2876
0.014715 2876
0.014723 2876
0.01473 2876
0.014738 2876
0.014745 2876
0.014753 2876
0.01476 2876
0.014768 2876
0.014775 2876
0.014783 2876
0.01479 2876
0.014798 2876
0.014806 2876
0.014813 2876
0.014821 2876
0.014828 2876
0.014836 2876
0.014843 2876
0.014851 2876
0.014858 2876
0.014866 2876
0.014873 2876
0.014881 2876
0.014888 2876
0.014896 2876
0.014904 2876
0.014911 2876
0.014919 2876
0.014926 2876
0.014934 2876
0.014941 2876
0.014949 2876
0.014956 2876
0.014964 2876
0.014971 2876
0.014979 2876
0.014986 2876
0.014994 2876
0.015002 2876
0.015009 2876
0.015017 2876
0.015024 2876
0.015032 2876
0.015039 2876
0.015047 2876
0.015054 2876
0.015062 2876
0.015069 2876
0.015077 2876
0.015084 2876
0.015092 2876
0.0151 2876
0.015107 2876
0.015115 2876
0.015122 2876
0.01513 2876
0.015137 2876
0.015145 2876
0.015152 2876
0.01516 2876
0.015167 2876
0.015175 2876
0.015182 2876
0.01519 2876
0.015198 2876
0.015205 2876
0.015213 2876
0.01522 2876
0.015228 2876
0.015235 2876
0.015243 2876
0.01525 2876
0.015258 2876
0.015265 2876
0.015273 2876
0.01528 2876
0.015288 2876
0.015296 2876
0.015303 2876
0.015311 2876
0.015318 2876
0.015326 2876
0.015333 2876
0.015341 2876
0.015348 2876
0.015356 2876
0.015363 2876
0.015371 2876
0.015378 2876
0.015386 2876
0.015394 2876
0.015401 2876
0.015409 2876
0.015416 2876
0.015424 2876
0.015431 2876
0.015439 2876
0.015446 2876
0.015454 2876
0.015461 2876
0.015469 2876
0.015476 2876
0.015484 2876
0.015492 2876
0.015499 2876
0.015507 2876
0.015514 2876
0.015522 2876
0.015529 2876
0.015537 2876
0.015544 2876
0.015552 2876
0.015559 2876
0.015567 2876
0.015574 2876
0.015582 2876
0.01559 2876
0.015597 2876
0.015605 2876
0.015612 2876
0.01562 2876
0.015627 2876
0.015635 2876
0.015642 2876
0.01565 2876
0.015657 2876
0.015665 2876
0.015672 2876
0.01568 2876
0.015688 2876
0.015695 2876
0.015703 2876
0.01571 2876
0.015718 2876
0.015725 2876
0.015733 2876
0.01574 2876
0.015748 2876
0.015755 2876
0.015763 2876
0.01577 2876
0.015778 2876
0.015786 2876
0.015793 2876
0.015801 2876
0.015808 2876
0.015816 2876
0.015823 2876
0.015831 2876
0.015838 2876
0.015846 2876
0.015853 2876
0.015861 2876
0.015868 2876
0.015876 2876
0.015884 2876
0.015891 2876
0.015899 2876
0.015906 2876
0.015914 2876
0.015921 2876
0.015929 2876
0.015936 2876
0.015944 2876
0.015951 2876
0.015959 2876
0.015966 2876
0.015974 2876
0.015982 2876
0.015989 2876
0.015997 2876
0.016004 2876
0.016012 2876
0.016019 2876
0.016027 2876
0.016034 2876
0.016042 2876
0.016049 2876
0.016057 2876
0.016064 2876
0.016072 2876
0.01608 2876
0.016087 2876
0.016095 2876
0.016102 2876
0.01611 2876
0.016117 2876
0.016125 2876
0.016132 2876
0.01614 2876
0.016147 2876
0.016155 2876
0.016162 2876
0.01617 2876
0.016178 2876
0.016185 2876
0.016193 2876
0.0162 2876
0.016208 2876
0.016215 2876
0.016223 2876
0.01623 2876
0.016238 2876
0.016245 2876
0.016253 2876
0.01626 2876
0.016268 2876
0.016276 2876
0.016283 2876
0.016291 2876
0.016298 2876
0.016306 2876
0.016313 2876
0.016321 2876
0.016328 2876
0.016336 2876
0.016343 2876
0.016351 2876
0.016358 2876
0.016366 2876
0.016374 2876
0.016381 2876
0.016389 2876
0.016396 2876
0.016404 2876
0.016411 2876
0.016419 2876
0.016426 2876
0.016434 2876
0.016441 2876
0.016449 2876
0.016456 2876
0.016464 2876
0.016472 2876
0.016479 2876
0.016487 2876
0.016494 2876
0.016502 2876
0.016509 2876
0.016517 2876
0.016524 2876
0.016532 2876
0.016539 2876
0.016547 2876
0.016554 2876
0.016562 2876
0.01657 2876
0.016577 2876
0.016585 2876
0.016592 2876
0.0166 2876
0.016607 2876
0.016615 2876
0.016622 2876
0.01663 2876
0.016637 2876
0.016645 2876
0.016652 2876
0.01666 2876
0.016668 2876
0.016675 2876
0.016683 2876
0.01669 2876
0.016698 2876
0.016705 2876
0.016713 2876
0.01672 2876
0.016728 2876
0.016735 2876
0.016743 2876
0.01675 2876
0.016758 2876
0.016766 2876
0.016773 2876
0.016781 2876
0.016788 2876
0.016796 2876
0.016803 2876
0.016811 2876
0.016818 2876
0.016826 2876
0.016833 2876
0.016841 2876
0.016848 2876
0.016856 2876
0.016864 2876
0.016871 2876
0.016879 2876
0.016886 2876
0.016894 2876
0.016901 2876
0.016909 2876
0.016916 2876
0.016924 2876
0.016931 2876
0.016939 2876
0.016946 2876
0.016954 2876
0.016962 2876
0.016969 2876
0.016977 2876
0.016984 2876
0.016992 2876
0.016999 2876
0.017007 2876
0.017014 2876
0.017022 2876
0.017029 2876
0.017037 2876
0.017044 2876
0.017052 2876
0.01706 2876
0.017067 2876
0.017075 2876
0.017082 2876
0.01709 2876
0.017097 2876
0.017105 2876
0.017112 2876
0.01712 2876
0.017127 2876
0.017135 2876
0.017142 2876
0.01715 2876
0.017158 2876
0.017165 2876
0.017173 2876
0.01718 2876
0.017188 2876
0.017195 2876
0.017203 2876
0.01721 2876
0.017218 2876
0.017225 2876
0.017233 2876
0.01724 2876
0.017248 2876
0.017256 2876
0.017263 2876
0.017271 2876
0.017278 2876
0.017286 2876
0.017293 2876
0.017301 2876
0.017308 2876
0.017316 2876
0.017323 2876
0.017331 2876
0.017338 2876
0.017346 2876
0.017354 2876
0.017361 2876
0.017369 2876
0.017376 2876
0.017384 2876
0.017391 2876
0.017399 2876
0.017406 2876
0.017414 2876
0.017421 2876
0.017429 2876
0.017436 2876
0.017444 2876
0.017452 2876
0.017459 2876
0.017467 2876
0.017474 2876
0.017482 2876
0.017489 2876
0.017497 2876
0.017504 2876
0.017512 2876
0.017519 2876
0.017527 2876
0.017534 2876
0.017542 2876
0.01755 2876
0.017557 2876
0.017565 2876
0.017572 2876
0.01758 2876
0.017587 2876
0.017595 2876
0.017602 2876
0.01761 2876
0.017617 2876
0.017625 2876
0.017632 2876
0.01764 2876
0.017648 2876
0.017655 2876
0.017663 2876
0.01767 2876
0.017678 2876
0.017685 2876
0.017693 2876
0.0177 2876
0.017708 2876
0.017715 2876
0.017723 2876
0.01773 2876
0.017738 2876
0.017746 2876
0.017753 2876
0.017761 2876
0.017768 2876
0.017776 2876
0.017783 2876
0.017791 2876
0.017798 2876
0.017806 2876
0.017813 2876
0.017821 2876
0.017828 2876
0.017836 2876
0.017844 2876
0.017851 2876
0.017859 2876
0.017866 2876
0.017874 2876
0.017881 2876
0.017889 2876
0.017896 2876
0.017904 2876
0.017911 2876
0.017919 2876
0.017926 2876
0.017934 2876
0.017942 2876
0.017949 2876
0.017957 2876
0.017964 2876
0.017972 2876
0.017979 2876
0.017987 2876
0.017994 2876
0.018002 2876
0.018009 2876
0.018017 2876
0.018024 2876
0.018032 2876
0.01804 2876
0.018047 2876
0.018055 2876
0.018062 2876
0.01807 2876
0.018077 2876
0.018085 2876
0.018092 2876
0.0181 2876
0.018107 2876
0.018115 2876
0.018122 2876
0.01813 2876
0.018138 2876
0.018145 2876
0.018153 2876
0.01816 2876
0.018168 2876
0.018175 2876
0.018183 2876
0.01819 2876
0.018198 2876
0.018205 2876
0.018213 2876
0.01822 2876
0.018228 2876
0.018236 2876
0.018243 2876
0.018251 2876
0.018258 2876
0.018266 2876
0.018273 2876
0.018281 2876
0.018288 2876
0.018296 2876
0.018303 2876
0.018311 2876
0.018318 2876
0.018326 2876
0.018334 2876
0.018341 2876
0.018349 2876
0.018356 2876
0.018364 2876
0.018371 2876
0.018379 2876
0.018386 2876
0.018394 2876
0.018401 2876
0.018409 2876
0.018416 2876
0.018424 2876
0.018432 2876
0.018439 2876
0.018447 2876
0.018454 2876
0.018462 2876
0.018469 2876
0.018477 2876
0.018484 2876
0.018492 2876
0.018499 2876
0.018507 2876
0.018514 2876
0.018522 2876
0.01853 2876
0.018537 2876
0.018545 2876
0.018552 2876
0.01856 2876
0.018567 2876
0.018575 2876
0.018582 2876
0.01859 2876
0.018597 2876
0.018605 2876
0.018612 2876
0.01862 2876
0.018628 2876
0.018635 2876
0.018643 2876
0.01865 2876
0.018658 2876
0.018665 2876
0.018673 2876
0.01868 2876
0.018688 2876
0.018695 2876
0.018703 2876
0.01871 2876
0.018718 2876
0.018726 2876
0.018733 2876
0.018741 2876
0.018748 2876
0.018756 2876
0.018763 2876
0.018771 2876
0.018778 2876
0.018786 2876
0.018793 2876
0.018801 2876
0.018808 2876
0.018816 2876
0.018824 2876
0.018831 2876
0.018839 2876
0.018846 2876
0.018854 2876
0.018861 2876
0.018869 2876
0.018876 2876
0.018884 2876
0.018891 2876
0.018899 2876
0.018906 2876
0.018914 2876
0.018922 2876
0.018929 2876
0.018937 2876
0.018944 2876
0.018952 2876
0.018959 2876
0.018967 2876
0.018974 2876
0.018982 2876
0.018989 2876
0.018997 2876
0.019004 2876
0.019012 2876
0.01902 2876
0.019027 2876
0.019035 2876
0.019042 2876
0.01905 2876
0.019057 2876
0.019065 2876
0.019072 2876
0.01908 2876
0.019087 2876
0.019095 2876
0.019102 2876
0.01911 2876
0.019118 2876
0.019125 2876
0.019133 2876
0.01914 2876
0.019148 2876
0.019155 2876
0.019163 2876
0.01917 2876
0.019178 2876
0.019185 2876
0.019193 2876
0.0192 2876
0.019208 2876
0.019216 2876
0.019223 2876
0.019231 2876
0.019238 2876
0.019246 2876
0.019253 2876
0.019261 2876
0.019268 2876
0.019276 2876
0.019283 2876
0.019291 2876
0.019298 2876
0.019306 2876
0.019314 2876
0.019321 2876
0.019329 2876
0.019336 2876
0.019344 2876
0.019351 2876
0.019359 2876
0.019366 2876
0.019374 2876
0.019381 2876
0.019389 2876
0.019396 2876
0.019404 2876
0.019412 2876
0.019419 2876
0.019427 2876
0.019434 2876
0.019442 2876
0.019449 2876
0.019457 2876
0.019464 2876
0.019472 2876
0.019479 2876
0.019487 2876
0.019494 2876
0.019502 2876
0.01951 2876
0.019517 2876
0.019525 2876
0.019532 2876
0.01954 2876
0.019547 2876
0.019555 2876
0.019562 2876
0.01957 2876
0.019577 2876
0.019585 2876
0.019592 2876
0.0196 2876
0.019608 2876
0.019615 2876
0.019623 2876
0.01963 2876
0.019638 2876
0.019645 2876
0.019653 2876
0.01966 2876
0.019668 2876
0.019675 2876
0.019683 2876
0.01969 2876
0.019698 2876
0.019706 2876
0.019713 2876
0.019721 2876
0.019728 2876
0.019736 2876
0.019743 2876
0.019751 2876
0.019758 2876
0.019766 2876
0.019773 2876
0.019781 2876
0.019788 2876
0.019796 2876
0.019804 2876
0.019811 2876
0.019819 2876
0.019826 2876
0.019834 2876
0.019841 2876
0.019849 2876
0.019856 2876
0.019864 2876
0.019871 2876
0.019879 2876
0.019886 2876
0.019894 2876
0.019902 2876
0.019909 2876
0.019917 2876
0.019924 2876
0.019932 2876
0.019939 2876
0.019947 2876
0.019954 2876
0.019962 2876
0.019969 2876
0.019977 2876
0.019984 2876
0.019992 2876
0.02 2876
0.020007 2876
0.020015 2876
0.020022 2876
0.02003 2876
0.020037 2876
0.020045 2876
0.020052 2876
0.02006 2876
0.020067 2876
0.020075 2876
0.020082 2876
0.02009 2876
0.020098 2876
0.020105 2876
0.020113 2876
0.02012 2876
0.020128 2876
0.020135 2876
0.020143 2876
0.02015 2876
0.020158 2876
0.020165 2876
0.020173 2876
0.02018 2876
0.020188 2876
0.020196 2876
0.020203 2876
0.020211 2876
0.020218 2876
0.020226 2876
0.020233 2876
0.020241 2876
0.020248 2876
0.020256 2876
0.020263 2876
0.020271 2876
0.020278 2876
0.020286 2876
0.020294 2876
0.020301 2876
0.020309 2876
0.020316 2876
0.020324 2876
0.020331 2876
0.020339 2876
0.020346 2876
0.020354 2876
0.020361 2876
0.020369 2876
0.020376 2876
0.020384 2876
0.020392 2876
0.020399 2876
0.020407 2876
0.020414 2876
0.020422 2876
0.020429 2876
0.020437 2876
0.020444 2876
0.020452 2876
0.020459 2876
0.020467 2876
0.020474 2876
0.020482 2876
0.02049 2876
0.020497 2876
0.020505 2876
0.020512 2876
0.02052 2876
0.020527 2876
0.020535 2876
0.020542 2876
0.02055 2876
0.020557 2876
0.020565 2876
0.020572 2876
0.02058 2876
0.020588 2876
0.020595 2876
0.020603 2876
0.02061 2876
0.020618 2876
0.020625 2876
0.020633 2876
0.02064 2876
0.020648 2876
0.020655 2876
0.020663 2876
0.02067 2876
0.020678 2876
0.020686 2876
0.020693 2876
0.020701 2876
0.020708 2876
0.020716 2876
0.020723 2876
0.020731 2876
0.020738 2876
0.020746 2876
0.020753 2876
0.020761 2876
0.020768 2876
0.020776 2876
0.020784 2876
0.020791 2876
0.020799 2876
0.020806 2876
0.020814 2876
0.020821 2876
0.020829 2876
0.020836 2876
0.020844 2876
0.020851 2876
0.020859 2876
0.020866 2876
0.020874 2876
0.020882 2876
0.020889 2876
0.020897 2876
0.020904 2876
0.020912 2876
0.020919 2876
0.020927 2876
0.020934 2876
0.020942 2876
0.020949 2876
0.020957 2876
0.020964 2876
0.020972 2876
0.02098 2876
0.020987 2876
0.020995 2876
0.021002 2876
0.02101 2876
0.021017 2876
0.021025 2876
0.021032 2876
0.02104 2876
0.021047 2876
0.021055 2876
0.021062 2876
0.02107 2876
0.021078 2876
0.021085 2876
0.021093 2876
0.0211 2876
0.021108 2876
0.021115 2876
0.021123 2876
0.02113 2876
0.021138 2876
0.021145 2876
0.021153 2876
0.02116 2876
0.021168 2876
0.021176 2876
0.021183 2876
0.021191 2876
0.021198 2876
0.021206 2876
0.021213 2876
0.021221 2876
0.021228 2876
0.021236 2876
0.021243 2876
0.021251 2876
0.021258 2876
0.021266 2876
0.021274 2876
0.021281 2876
0.021289 2876
0.021296 2876
0.021304 2876
0.021311 2876
0.021319 2876
0.021326 2876
0.021334 2876
0.021341 2876
0.021349 2876
0.021356 2876
0.021364 2876
0.021372 2876
0.021379 2876
0.021387 2876
0.021394 2876
0.021402 2876
0.021409 2876
0.021417 2876
0.021424 2876
0.021432 2876
0.021439 2876
0.021447 2876
0.021454 2876
0.021462 2876
0.02147 2876
0.021477 2876
0.021485 2876
0.021492 2876
0.0215 2876
0.021507 2876
0.021515 2876
0.021522 2876
0.02153 2876
0.021537 2876
0.021545 2876
0.021552 2876
0.02156 2876
0.021568 2876
0.021575 2876
0.021583 2876
0.02159 2876
0.021598 2876
0.021605 2876
0.021613 2876
0.02162 2876
0.021628 2876
0.021635 2876
0.021643 2876
0.02165 2876
0.021658 2876
0.021666 2876
0.021673 2876
0.021681 2876
0.021688 2876
0.021696 2876
0.021703 2876
0.021711 2876
0.021718 2876
0.021726 2876
0.021733 2876
0.021741 2876
0.021748 2876
0.021756 2876
0.021764 2876
0.021771 2876
0.021779 2876
0.021786 2876
0.021794 2876
0.021801 2876
0.021809 2876
0.021816 2876
0.021824 2876
0.021831 2876
0.021839 2876
0.021846 2876
0.021854 2876
0.021862 2876
0.021869 2876
0.021877 2876
0.021884 2876
0.021892 2876
0.021899 2876
0.021907 2876
0.021914 2876
0.021922 2876
0.021929 2876
0.021937 2876
0.021944 2876
0.021952 2876
0.02196 2876
0.021967 2876
0.021975 2876
0.021982 2876
0.02199 2876
0.021997 2876
0.022005 2876
0.022012 2876
0.02202 2876
0.022027 2876
0.022035 2876
0.022042 2876
0.02205 2876
0.022058 2876
0.022065 2876
0.022073 2876
0.02208 2876
0.022088 2876
0.022095 2876
0.022103 2876
0.02211 2876
0.022118 2876
0.022125 2876
0.022133 2876
0.02214 2876
0.022148 2876
0.022156 2876
0.022163 2876
0.022171 2876
0.022178 2876
0.022186 2876
0.022193 2876
0.022201 2876
0.022208 2876
0.022216 2876
0.022223 2876
0.022231 2876
0.022238 2876
0.022246 2876
0.022254 2876
0.022261 2876
0.022269 2876
0.022276 2876
0.022284 2876
0.022291 2876
0.022299 2876
0.022306 2876
0.022314 2876
0.022321 2876
0.022329 2876
0.022336 2876
0.022344 2876
0.022352 2876
0.022359 2876
0.022367 2876
0.022374 2876
0.022382 2876
0.022389 2876
0.022397 2876
0.022404 2876
0.022412 2876
0.022419 2876
0.022427 2876
0.022434 2876
0.022442 2876
0.02245 2876
0.022457 2876
0.022465 2876
0.022472 2876
0.02248 2876
0.022487 2876
0.022495 2876
0.022502 2876
0.02251 2876
0.022517 2876
0.022525 2876
0.022532 2876
0.02254 2876
0.022548 2876
0.022555 2876
0.022563 2876
0.02257 2876
0.022578 2876
0.022585 2876
0.022593 2876
0.0226 2876
0.022608 2876
0.022615 2876
0.022623 2876
0.02263 2876
0.022638 2876
0.022646 2876
0.022653 2876
0.022661 2876
0.022668 2876
0.022676 2876
0.022683 2876
0.022691 2876
0.022698 2876
0.022706 2876
0.022713 2876
0.022721 2876
0.022728 2876
0.022736 2876
0.022744 2876
0.022751 2876
0.022759 2876
0.022766 2876
0.022774 2876
0.022781 2876
0.022789 2876
0.022796 2876
0.022804 2876
0.022811 2876
0.022819 2876
0.022826 2876
0.022834 2876
0.022842 2876
0.022849 2876
0.022857 2876
0.022864 2876
0.022872 2876
0.022879 2876
0.022887 2876
0.022894 2876
0.022902 2876
0.022909 2876
0.022917 2876
0.022924 2876
0.022932 2876
0.02294 2876
0.022947 2876
0.022955 2876
0.022962 2876
0.02297 2876
0.022977 2876
0.022985 2876
0.022992 2876
0.023 2876
0.023007 2876
0.023015 2876
0.023022 2876
0.02303 2876
0.023038 2876
0.023045 2876
0.023053 2876
0.02306 2876
0.023068 2876
0.023075 2876
0.023083 2876
0.02309 2876
0.023098 2876
0.023105 2876
0.023113 2876
0.02312 2876
0.023128 2876
0.023136 2876
0.023143 2876
0.023151 2876
0.023158 2876
0.023166 2876
0.023173 2876
0.023181 2876
0.023188 2876
0.023196 2876
0.023203 2876
0.023211 2876
0.023218 2876
0.023226 2876
0.023234 2876
0.023241 2876
0.023249 2876
0.023256 2876
0.023264 2876
0.023271 2876
0.023279 2876
0.023286 2876
0.023294 2876
0.023301 2876
0.023309 2876
0.023316 2876
0.023324 2876
0.023332 2876
0.023339 2876
0.023347 2876
0.023354 2876
0.023362 2876
0.023369 2876
0.023377 2876
0.023384 2876
0.023392 2876
0.023399 2876
0.023407 2876
0.023414 2876
0.023422 2876
0.02343 2876
0.023437 2876
0.023445 2876
0.023452 2876
0.02346 2876
0.023467 2876
0.023475 2876
0.023482 2876
0.02349 2876
0.023497 2876
0.023505 2876
0.023512 2876
0.02352 2876
0.023528 2876
0.023535 2876
0.023543 2876
0.02355 2876
0.023558 2876
0.023565 2876
0.023573 2876
0.02358 2876
0.023588 2876
0.023595 2876
0.023603 2876
0.02361 2876
0.023618 2876
0.023626 2876
0.023633 2876
0.023641 2876
0.023648 2876
0.023656 2876
0.023663 2876
0.023671 2876
0.023678 2876
0.023686 2876
0.023693 2876
0.023701 2876
0.023708 2876
0.023716 2876
0.023724 2876
0.023731 2876
0.023739 2876
0.023746 2876
0.023754 2876
0.023761 2876
0.023769 2876
0.023776 2876
0.023784 2876
0.023791 2876
0.023799 2876
0.023806 2876
0.023814 2876
0.023822 2876
0.023829 2876
0.023837 2876
0.023844 2876
0.023852 2876
0.023859 2876
0.023867 2876
0.023874 2876
0.023882 2876
0.023889 2876
0.023897 2876
0.023904 2876
0.023912 2876
0.02392 2876
0.023927 2876
0.023935 2876
0.023942 2876
0.02395 2876
0.023957 2876
0.023965 2876
0.023972 2876
0.02398 2876
0.023987 2876
0.023995 2876
0.024002 2876
0.02401 2876
0.024018 2876
0.024025 2876
0.024033 2876
0.02404 2876
0.024048 2876
0.024055 2876
0.024063 2876
0.02407 2876
0.024078 2876
0.024085 2876
0.024093 2876
0.0241 2876
0.024108 2876
0.024116 2876
0.024123 2876
0.024131 2876
0.024138 2876
0.024146 2876
0.024153 2876
0.024161 2876
0.024168 2876
0.024176 2876
0.024183 2876
0.024191 2876
0.024198 2876
0.024206 2876
0.024214 2876
0.024221 2876
0.024229 2876
0.024236 2876
0.024244 2876
0.024251 2876
0.024259 2876
0.024266 2876
0.024274 2876
0.024281 2876
0.024289 2876
0.024296 2876
0.024304 2876
0.024312 2876
0.024319 2876
0.024327 2876
0.024334 2876
0.024342 2876
0.024349 2876
0.024357 2876
0.024364 2876
0.024372 2876
0.024379 2876
0.024387 2876
0.024394 2876
0.024402 2876
0.02441 2876
0.024417 2876
0.024425 2876
0.024432 2876
0.02444 2876
0.024447 2876
0.024455 2876
0.024462 2876
0.02447 2876
0.024477 2876
0.024485 2876
0.024492 2876
0.0245 2876
0.024508 2876
0.024515 2876
0.024523 2876
0.02453 2876
0.024538 2876
0.024545 2876
0.024553 2876
0.02456 2876
0.024568 2876
0.024575 2876
0.024583 2876
0.02459 2876
0.024598 2876
0.024606 2876
0.024613 2876
0.024621 2876
0.024628 2876
0.024636 2876
0.024643 2876
0.024651 2876
0.024658 2876
0.024666 2876
0.024673 2876
0.024681 2876
0.024688 2876
0.024696 2876
0.024704 2876
0.024711 2876
0.024719 2876
0.024726 2876
0.024734 2876
0.024741 2876
0.024749 2876
0.024756 2876
0.024764 2876
0.024771 2876
0.024779 2876
0.024786 2876
0.024794 2876
0.024802 2876
0.024809 2876
0.024817 2876
0.024824 2876
0.024832 2876
0.024839 2876
0.024847 2876
0.024854 2876
0.024862 2876
0.024869 2876
0.024877 2876
0.024884 2876
0.024892 2876
0.0249 2876
0.024907 2876
0.024915 2876
0.024922 2876
0.02493 2876
0.024937 2876
0.024945 2876
0.024952 2876
0.02496 2876
0.024967 2876
0.024975 2876
0.024982 2876
0.02499 2876
0.024998 2876
0.025005 2876
0.025013 2876
0.02502 2876
0.025028 2876
0.025035 2876
0.025043 2876
0.02505 2876
0.025058 2876
0.025065 2876
0.025073 2876
0.02508 2876
0.025088 2876
0.025096 2876
0.025103 2876
0.025111 2876
0.025118 2876
0.025126 2876
0.025133 2876
0.025141 2876
0.025148 2876
0.025156 2876
0.025163 2876
0.025171 2876
0.025178 2876
0.025186 2876
0.025194 2876
0.025201 2876
0.025209 2876
0.025216 2876
0.025224 2876
0.025231 2876
0.025239 2876
0.025246 2876
0.025254 2876
0.025261 2876
0.025269 2876
0.025276 2876
0.025284 2876
0.025292 2876
0.025299 2876
0.025307 2876
0.025314 2876
0.025322 2876
0.025329 2876
0.025337 2876
0.025344 2876
0.025352 2876
0.025359 2876
0.025367 2876
0.025374 2876
0.025382 2876
0.02539 2876
0.025397 2876
0.025405 2876
0.025412 2876
0.02542 2876
0.025427 2876
0.025435 2876
0.025442 2876
0.02545 2876
0.025457 2876
0.025465 2876
0.025472 2876
0.02548 2876
0.025488 2876
0.025495 2876
0.025503 2876
0.02551 2876
0.025518 2876
0.025525 2876
0.025533 2876
0.02554 2876
0.025548 2876
0.025555 2876
0.025563 2876
0.02557 2876
0.025578 2876
0.025586 2876
0.025593 2876
0.025601 2876
0.025608 2876
0.025616 2876
0.025623 2876
0.025631 2876
0.025638 2876
0.025646 2876
0.025653 2876
0.025661 2876
0.025668 2876
0.025676 2876
0.025684 2876
0.025691 2876
0.025699 2876
0.025706 2876
0.025714 2876
0.025721 2876
0.025729 2876
0.025736 2876
0.025744 2876
0.025751 2876
0.025759 2876
0.025766 2876
0.025774 2876
0.025782 2876
0.025789 2876
0.025797 2876
0.025804 2876
0.025812 2876
0.025819 2876
0.025827 2876
0.025834 2876
0.025842 2876
0.025849 2876
0.025857 2876
0.025864 2876
0.025872 2876
0.02588 2876
0.025887 2876
0.025895 2876
0.025902 2876
0.02591 2876
0.025917 2876
0.025925 2876
0.025932 2876
0.02594 2876
0.025947 2876
0.025955 2876
0.025962 2876
0.02597 2876
0.025978 2876
0.025985 2876
0.025993 2876
0.026 2876
0.026008 2876
0.026015 2876
0.026023 2876
0.02603 2876
0.026038 2876
0.026045 2876
0.026053 2876
0.02606 2876
0.026068 2876
0.026076 2876
0.026083 2876
0.026091 2876
0.026098 2876
0.026106 2876
0.026113 2876
0.026121 2876
0.026128 2876
0.026136 2876
0.026143 2876
0.026151 2876
0.026158 2876
0.026166 2876
0.026174 2876
0.026181 2876
0.026189 2876
0.026196 2876
0.026204 2876
0.026211 2876
0.026219 2876
0.026226 2876
0.026234 2876
0.026241 2876
0.026249 2876
0.026256 2876
0.026264 2876
0.026272 2876
0.026279 2876
0.026287 2876
0.026294 2876
0.026302 2876
0.026309 2876
0.026317 2876
0.026324 2876
0.026332 2876
0.026339 2876
0.026347 2876
0.026354 2876
0.026362 2876
0.02637 2876
0.026377 2876
0.026385 2876
1 2876
