7.5385e-06 39380
1.5077e-05 39380
2.2615e-05 39380
3.0154e-05 39380
3.7692e-05 39380
4.5231e-05 39380
5.2769e-05 39380
6.0308e-05 39380
6.7846e-05 39381
7.5385e-05 39382
8.2923e-05 39383
9.0462e-05 39384
9.8e-05 39387
0.00010554 39391
0.00011308 39397
0.00012062 39405
0.00012815 39418
0.00013569 39435
0.00014323 39461
0.00015077 39496
0.00015831 39545
0.00016585 39614
0.00017338 39707
0.00018092 39832
0.00018846 40001
0.000196 40226
0.00020354 40522
0.00021108 40909
0.00021862 41411
0.00022615 42058
0.00023369 42886
0.00024123 43939
0.00024877 45274
0.00025631 46957
0.00026385 49074
0.00027138 51731
0.00027892 55063
0.00028646 59240
0.000294 64483
0.00030154 71077
0.00030908 79392
0.00031662 89913
0.00032415 1.0327e+05
0.00033169 1.2031e+05
0.00033923 1.421e+05
0.00034677 1.7007e+05
0.00035431 2.0605e+05
0.00036185 2.524e+05
0.00036938 3.1205e+05
0.00037692 3.8867e+05
0.00038446 4.8662e+05
0.000392 6.11e+05
0.00039954 7.6741e+05
0.00040708 9.6172e+05
0.00041462 1.1995e+06
0.00042215 1.4852e+06
0.00042969 1.8216e+06
0.00043723 2.2084e+06
0.00044477 2.6417e+06
0.00045231 3.1132e+06
0.00045985 3.6104e+06
0.00046738 4.1171e+06
0.00047492 4.6142e+06
0.00048246 5.082e+06
0.00049 5.5014e+06
0.00049754 5.8561e+06
0.00050508 6.1339e+06
0.00051262 6.3274e+06
0.00052015 6.4344e+06
0.00052769 6.4574e+06
0.00053523 6.4029e+06
0.00054277 6.2799e+06
0.00055031 6.0993e+06
0.00055785 5.8728e+06
0.00056538 5.6116e+06
0.00057292 5.3263e+06
0.00058046 5.0261e+06
0.000588 4.719e+06
0.00059554 4.4116e+06
0.00060308 4.1088e+06
0.00061062 3.8147e+06
0.00061815 3.5321e+06
0.00062569 3.2628e+06
0.00063323 3.0083e+06
0.00064077 2.769e+06
0.00064831 2.5453e+06
0.00065585 2.337e+06
0.00066338 2.1437e+06
0.00067092 1.9649e+06
0.00067846 1.8e+06
0.000686 1.6482e+06
0.00069354 1.5088e+06
0.00070108 1.381e+06
0.00070862 1.264e+06
0.00071615 1.157e+06
0.00072369 1.0592e+06
0.00073123 9.7006e+05
0.00073877 8.8875e+05
0.00074631 8.1467e+05
0.00075385 7.4722e+05
0.00076138 6.8582e+05
0.00076892 6.2996e+05
0.00077646 5.7914e+05
0.000784 5.3293e+05
0.00079154 4.9089e+05
0.00079908 4.5266e+05
0.00080662 4.1788e+05
0.00081415 3.8623e+05
0.00082169 3.5744e+05
0.00082923 3.3122e+05
0.00083677 3.0734e+05
0.00084431 2.8558e+05
0.00085185 2.6575e+05
0.00085938 2.4765e+05
0.00086692 2.3114e+05
0.00087446 2.1606e+05
0.000882 2.0228e+05
0.00088954 1.8967e+05
0.00089708 1.7814e+05
0.00090462 1.6757e+05
0.00091215 1.5789e+05
0.00091969 1.4901e+05
0.00092723 1.4085e+05
0.00093477 1.3336e+05
0.00094231 1.2647e+05
0.00094985 1.2013e+05
0.00095738 1.1429e+05
0.00096492 1.0891e+05
0.00097246 1.0395e+05
0.00098 99367
0.00098754 95134
0.00099508 91221
0.0010026 87600
0.0010102 84247
0.0010177 81141
0.0010252 78262
0.0010328 75590
0.0010403 73110
0.0010478 70806
0.0010554 68665
0.0010629 66673
0.0010705 64821
0.001078 63097
0.0010855 61491
0.0010931 59994
0.0011006 58600
0.0011082 57300
0.0011157 56087
0.0011232 54956
0.0011308 53900
0.0011383 52915
0.0011458 51995
0.0011534 51136
0.0011609 50334
0.0011685 49584
0.001176 48884
0.0011835 48230
0.0011911 47620
0.0011986 47049
0.0012062 46516
0.0012137 46018
0.0012212 45553
0.0012288 45119
0.0012363 44714
0.0012438 44335
0.0012514 43982
0.0012589 43652
0.0012665 43344
0.001274 43058
0.0012815 42790
0.0012891 42541
0.0012966 42308
0.0013042 42092
0.0013117 41890
0.0013192 41702
0.0013268 41527
0.0013343 41365
0.0013418 41214
0.0013494 41073
0.0013569 40943
0.0013645 40822
0.001372 40709
0.0013795 40605
0.0013871 40508
0.0013946 40418
0.0014022 40335
0.0014097 40258
0.0014172 40187
0.0014248 40121
0.0014323 40061
0.0014398 40004
0.0014474 39953
0.0014549 39905
0.0014625 39861
0.00147 39820
0.0014775 39782
0.0014851 39748
0.0014926 39716
0.0015002 39687
0.0015077 39660
0.0015152 39635
0.0015228 39613
0.0015303 39592
0.0015378 39573
0.0015454 39556
0.0015529 39540
0.0015605 39525
0.001568 39512
0.0015755 39500
0.0015831 39488
0.0015906 39478
0.0015982 39469
0.0016057 39461
0.0016132 39453
0.0016208 39446
0.0016283 39440
0.0016358 39434
0.0016434 39428
0.0016509 39424
0.0016585 39419
0.001666 39415
0.0016735 39412
0.0016811 39409
0.0016886 39406
0.0016962 39403
0.0017037 39401
0.0017112 39399
0.0017188 39397
0.0017263 39395
0.0017338 39393
0.0017414 39392
0.0017489 39391
0.0017565 39389
0.001764 39388
0.0017715 39387
0.0017791 39387
0.0017866 39386
0.0017942 39385
0.0018017 39385
0.0018092 39384
0.0018168 39383
0.0018243 39383
0.0018318 39383
0.0018394 39382
0.0018469 39382
0.0018545 39382
0.001862 39381
0.0018695 39381
0.0018771 39381
0.0018846 39381
0.0018922 39381
0.0018997 39381
0.0019072 39380
0.0019148 39380
0.0019223 39380
0.0019298 39380
0.0019374 39380
0.0019449 39380
0.0019525 39380
0.00196 39380
0.0019675 39380
0.0019751 39380
0.0019826 39380
0.0019902 39380
0.0019977 39380
0.0020052 39380
0.0020128 39380
0.0020203 39380
0.0020278 39380
0.0020354 39380
0.0020429 39380
0.0020505 39380
0.002058 39380
0.0020655 39380
0.0020731 39380
0.0020806 39380
0.0020882 39380
0.0020957 39380
0.0021032 39380
0.0021108 39380
0.0021183 39380
0.0021258 39380
0.0021334 39380
0.0021409 39380
0.0021485 39380
0.002156 39380
0.0021635 39380
0.0021711 39380
0.0021786 39380
0.0021862 39380
0.0021937 39380
0.0022012 39380
0.0022088 39380
0.0022163 39380
0.0022238 39380
0.0022314 39380
0.0022389 39380
0.0022465 39380
0.002254 39380
0.0022615 39380
0.0022691 39380
0.0022766 39380
0.0022842 39380
0.0022917 39380
0.0022992 39380
0.0023068 39380
0.0023143 39380
0.0023218 39380
0.0023294 39380
0.0023369 39380
0.0023445 39380
0.002352 39380
0.0023595 39380
0.0023671 39380
0.0023746 39380
0.0023822 39380
0.0023897 39380
0.0023972 39380
0.0024048 39380
0.0024123 39380
0.0024198 39380
0.0024274 39380
0.0024349 39380
0.0024425 39380
0.00245 39380
0.0024575 39380
0.0024651 39380
0.0024726 39380
0.0024802 39380
0.0024877 39380
0.0024952 39380
0.0025028 39380
0.0025103 39380
0.0025178 39380
0.0025254 39380
0.0025329 39380
0.0025405 39380
0.002548 39380
0.0025555 39380
0.0025631 39380
0.0025706 39380
0.0025782 39380
0.0025857 39380
0.0025932 39380
0.0026008 39380
0.0026083 39380
0.0026158 39380
0.0026234 39380
0.0026309 39380
0.0026385 39380
0.002646 39380
0.0026535 39380
0.0026611 39380
0.0026686 39380
0.0026762 39380
0.0026837 39380
0.0026912 39380
0.0026988 39380
0.0027063 39380
0.0027138 39380
0.0027214 39380
0.0027289 39380
0.0027365 39380
0.002744 39380
0.0027515 39380
0.0027591 39380
0.0027666 39380
0.0027742 39380
0.0027817 39380
0.0027892 39380
0.0027968 39380
0.0028043 39380
0.0028118 39380
0.0028194 39380
0.0028269 39380
0.0028345 39380
0.002842 39380
0.0028495 39380
0.0028571 39380
0.0028646 39380
0.0028722 39380
0.0028797 39380
0.0028872 39380
0.0028948 39380
0.0029023 39380
0.0029098 39380
0.0029174 39380
0.0029249 39380
0.0029325 39380
0.00294 39380
0.0029475 39380
0.0029551 39380
0.0029626 39380
0.0029702 39380
0.0029777 39380
0.0029852 39380
0.0029928 39380
0.0030003 39380
0.0030078 39380
0.0030154 39380
0.0030229 39380
0.0030305 39380
0.003038 39380
0.0030455 39380
0.0030531 39380
0.0030606 39380
0.0030682 39380
0.0030757 39380
0.0030832 39380
0.0030908 39380
0.0030983 39380
0.0031058 39380
0.0031134 39380
0.0031209 39380
0.0031285 39380
0.003136 39380
0.0031435 39380
0.0031511 39380
0.0031586 39380
0.0031662 39380
0.0031737 39380
0.0031812 39380
0.0031888 39380
0.0031963 39380
0.0032038 39380
0.0032114 39380
0.0032189 39380
0.0032265 39380
0.003234 39380
0.0032415 39380
0.0032491 39380
0.0032566 39380
0.0032642 39380
0.0032717 39380
0.0032792 39380
0.0032868 39380
0.0032943 39380
0.0033018 39380
0.0033094 39380
0.0033169 39380
0.0033245 39380
0.003332 39380
0.0033395 39380
0.0033471 39380
0.0033546 39380
0.0033622 39380
0.0033697 39380
0.0033772 39380
0.0033848 39380
0.0033923 39380
0.0033998 39380
0.0034074 39380
0.0034149 39380
0.0034225 39380
0.00343 39380
0.0034375 39380
0.0034451 39380
0.0034526 39380
0.0034602 39380
0.0034677 39380
0.0034752 39380
0.0034828 39380
0.0034903 39380
0.0034978 39380
0.0035054 39380
0.0035129 39380
0.0035205 39380
0.003528 39380
0.0035355 39380
0.0035431 39380
0.0035506 39380
0.0035582 39380
0.0035657 39380
0.0035732 39380
0.0035808 39380
0.0035883 39380
0.0035958 39380
0.0036034 39380
0.0036109 39380
0.0036185 39380
0.003626 39380
0.0036335 39380
0.0036411 39380
0.0036486 39380
0.0036562 39380
0.0036637 39380
0.0036712 39380
0.0036788 39380
0.0036863 39380
0.0036938 39380
0.0037014 39380
0.0037089 39380
0.0037165 39380
0.003724 39380
0.0037315 39380
0.0037391 39380
0.0037466 39380
0.0037542 39380
0.0037617 39380
0.0037692 39380
0.0037768 39380
0.0037843 39380
0.0037918 39380
0.0037994 39380
0.0038069 39380
0.0038145 39380
0.003822 39380
0.0038295 39380
0.0038371 39380
0.0038446 39380
0.0038522 39380
0.0038597 39380
0.0038672 39380
0.0038748 39380
0.0038823 39380
0.0038898 39380
0.0038974 39380
0.0039049 39380
0.0039125 39380
0.00392 39380
0.0039275 39380
0.0039351 39380
0.0039426 39380
0.0039502 39380
0.0039577 39380
0.0039652 39380
0.0039728 39380
0.0039803 39380
0.0039878 39380
0.0039954 39380
0.0040029 39380
0.0040105 39380
0.004018 39380
0.0040255 39380
0.0040331 39380
0.0040406 39380
0.0040482 39380
0.0040557 39380
0.0040632 39380
0.0040708 39380
0.0040783 39380
0.0040858 39380
0.0040934 39380
0.0041009 39380
0.0041085 39380
0.004116 39380
0.0041235 39380
0.0041311 39380
0.0041386 39380
0.0041462 39380
0.0041537 39380
0.0041612 39380
0.0041688 39380
0.0041763 39380
0.0041838 39380
0.0041914 39380
0.0041989 39380
0.0042065 39380
0.004214 39380
0.0042215 39380
0.0042291 39380
0.0042366 39380
0.0042442 39380
0.0042517 39380
0.0042592 39380
0.0042668 39380
0.0042743 39380
0.0042818 39380
0.0042894 39380
0.0042969 39380
0.0043045 39380
0.004312 39380
0.0043195 39380
0.0043271 39380
0.0043346 39380
0.0043422 39380
0.0043497 39380
0.0043572 39380
0.0043648 39380
0.0043723 39380
0.0043798 39380
0.0043874 39380
0.0043949 39380
0.0044025 39380
0.00441 39380
0.0044175 39380
0.0044251 39380
0.0044326 39380
0.0044402 39380
0.0044477 39380
0.0044552 39380
0.0044628 39380
0.0044703 39380
0.0044778 39380
0.0044854 39380
0.0044929 39380
0.0045005 39380
0.004508 39380
0.0045155 39380
0.0045231 39380
0.0045306 39380
0.0045382 39380
0.0045457 39380
0.0045532 39380
0.0045608 39380
0.0045683 39380
0.0045758 39380
0.0045834 39380
0.0045909 39380
0.0045985 39380
0.004606 39380
0.0046135 39380
0.0046211 39380
0.0046286 39380
0.0046362 39380
0.0046437 39380
0.0046512 39380
0.0046588 39380
0.0046663 39380
0.0046738 39380
0.0046814 39380
0.0046889 39380
0.0046965 39380
0.004704 39380
0.0047115 39380
0.0047191 39380
0.0047266 39380
0.0047342 39380
0.0047417 39380
0.0047492 39380
0.0047568 39380
0.0047643 39380
0.0047718 39380
0.0047794 39380
0.0047869 39380
0.0047945 39380
0.004802 39380
0.0048095 39380
0.0048171 39380
0.0048246 39380
0.0048322 39380
0.0048397 39380
0.0048472 39380
0.0048548 39380
0.0048623 39380
0.0048698 39380
0.0048774 39380
0.0048849 39380
0.0048925 39380
0.0049 39380
0.0049075 39380
0.0049151 39380
0.0049226 39380
0.0049302 39380
0.0049377 39380
0.0049452 39380
0.0049528 39380
0.0049603 39380
0.0049678 39380
0.0049754 39380
0.0049829 39380
0.0049905 39380
0.004998 39380
0.0050055 39380
0.0050131 39380
0.0050206 39380
0.0050282 39380
0.0050357 39380
0.0050432 39380
0.0050508 39380
0.0050583 39380
0.0050658 39380
0.0050734 39380
0.0050809 39380
0.0050885 39380
0.005096 39380
0.0051035 39380
0.0051111 39380
0.0051186 39380
0.0051262 39380
0.0051337 39380
0.0051412 39380
0.0051488 39380
0.0051563 39380
0.0051638 39380
0.0051714 39380
0.0051789 39380
0.0051865 39380
0.005194 39380
0.0052015 39380
0.0052091 39380
0.0052166 39380
0.0052242 39380
0.0052317 39380
0.0052392 39380
0.0052468 39380
0.0052543 39380
0.0052618 39380
0.0052694 39380
0.0052769 39380
0.0052845 39380
0.005292 39380
0.0052995 39380
0.0053071 39380
0.0053146 39380
0.0053222 39380
0.0053297 39380
0.0053372 39380
0.0053448 39380
0.0053523 39380
0.0053598 39380
0.0053674 39380
0.0053749 39380
0.0053825 39380
0.00539 39380
0.0053975 39380
0.0054051 39380
0.0054126 39380
0.0054202 39380
0.0054277 39380
0.0054352 39380
0.0054428 39380
0.0054503 39380
0.0054578 39380
0.0054654 39380
0.0054729 39380
0.0054805 39380
0.005488 39380
0.0054955 39380
0.0055031 39380
0.0055106 39380
0.0055182 39380
0.0055257 39380
0.0055332 39380
0.0055408 39380
0.0055483 39380
0.0055558 39380
0.0055634 39380
0.0055709 39380
0.0055785 39380
0.005586 39380
0.0055935 39380
0.0056011 39380
0.0056086 39380
0.0056162 39380
0.0056237 39380
0.0056312 39380
0.0056388 39380
0.0056463 39380
0.0056538 39380
0.0056614 39380
0.0056689 39380
0.0056765 39380
0.005684 39380
0.0056915 39380
0.0056991 39380
0.0057066 39380
0.0057142 39380
0.0057217 39380
0.0057292 39380
0.0057368 39380
0.0057443 39380
0.0057518 39380
0.0057594 39380
0.0057669 39380
0.0057745 39380
0.005782 39380
0.0057895 39380
0.0057971 39380
0.0058046 39380
0.0058122 39380
0.0058197 39380
0.0058272 39380
0.0058348 39380
0.0058423 39380
0.0058498 39380
0.0058574 39380
0.0058649 39380
0.0058725 39380
0.00588 39380
0.0058875 39380
0.0058951 39380
0.0059026 39380
0.0059102 39380
0.0059177 39380
0.0059252 39380
0.0059328 39380
0.0059403 39380
0.0059478 39380
0.0059554 39380
0.0059629 39380
0.0059705 39380
0.005978 39380
0.0059855 39380
0.0059931 39380
0.0060006 39380
0.0060082 39380
0.0060157 39380
0.0060232 39380
0.0060308 39380
0.0060383 39380
0.0060458 39380
0.0060534 39380
0.0060609 39380
0.0060685 39380
0.006076 39380
0.0060835 39380
0.0060911 39380
0.0060986 39380
0.0061062 39380
0.0061137 39380
0.0061212 39380
0.0061288 39380
0.0061363 39380
0.0061438 39380
0.0061514 39380
0.0061589 39380
0.0061665 39380
0.006174 39380
0.0061815 39380
0.0061891 39380
0.0061966 39380
0.0062042 39380
0.0062117 39380
0.0062192 39380
0.0062268 39380
0.0062343 39380
0.0062418 39380
0.0062494 39380
0.0062569 39380
0.0062645 39380
0.006272 39380
0.0062795 39380
0.0062871 39380
0.0062946 39380
0.0063022 39380
0.0063097 39380
0.0063172 39380
0.0063248 39380
0.0063323 39380
0.0063398 39380
0.0063474 39380
0.0063549 39380
0.0063625 39380
0.00637 39380
0.0063775 39380
0.0063851 39380
0.0063926 39380
0.0064002 39380
0.0064077 39380
0.0064152 39380
0.0064228 39380
0.0064303 39380
0.0064378 39380
0.0064454 39380
0.0064529 39380
0.0064605 39380
0.006468 39380
0.0064755 39380
0.0064831 39380
0.0064906 39380
0.0064982 39380
0.0065057 39380
0.0065132 39380
0.0065208 39380
0.0065283 39380
0.0065358 39380
0.0065434 39380
0.0065509 39380
0.0065585 39380
0.006566 39380
0.0065735 39380
0.0065811 39380
0.0065886 39380
0.0065962 39380
0.0066037 39380
0.0066112 39380
0.0066188 39380
0.0066263 39380
0.0066338 39380
0.0066414 39380
0.0066489 39380
0.0066565 39380
0.006664 39380
0.0066715 39380
0.0066791 39380
0.0066866 39380
0.0066942 39380
0.0067017 39380
0.0067092 39380
0.0067168 39380
0.0067243 39380
0.0067318 39380
0.0067394 39380
0.0067469 39380
0.0067545 39380
0.006762 39380
0.0067695 39380
0.0067771 39380
0.0067846 39380
0.0067922 39380
0.0067997 39380
0.0068072 39380
0.0068148 39380
0.0068223 39380
0.0068298 39380
0.0068374 39380
0.0068449 39380
0.0068525 39380
0.00686 39380
0.0068675 39380
0.0068751 39380
0.0068826 39380
0.0068902 39380
0.0068977 39380
0.0069052 39380
0.0069128 39380
0.0069203 39380
0.0069278 39380
0.0069354 39380
0.0069429 39380
0.0069505 39380
0.006958 39380
0.0069655 39380
0.0069731 39380
0.0069806 39380
0.0069882 39380
0.0069957 39380
0.0070032 39380
0.0070108 39380
0.0070183 39380
0.0070258 39380
0.0070334 39380
0.0070409 39380
0.0070485 39380
0.007056 39380
0.0070635 39380
0.0070711 39380
0.0070786 39380
0.0070862 39380
0.0070937 39380
0.0071012 39380
0.0071088 39380
0.0071163 39380
0.0071238 39380
0.0071314 39380
0.0071389 39380
0.0071465 39380
0.007154 39380
0.0071615 39380
0.0071691 39380
0.0071766 39380
0.0071842 39380
0.0071917 39380
0.0071992 39380
0.0072068 39380
0.0072143 39380
0.0072218 39380
0.0072294 39380
0.0072369 39380
0.0072445 39380
0.007252 39380
0.0072595 39380
0.0072671 39380
0.0072746 39380
0.0072822 39380
0.0072897 39380
0.0072972 39380
0.0073048 39380
0.0073123 39380
0.0073198 39380
0.0073274 39380
0.0073349 39380
0.0073425 39380
0.00735 39380
0.0073575 39380
0.0073651 39380
0.0073726 39380
0.0073802 39380
0.0073877 39380
0.0073952 39380
0.0074028 39380
0.0074103 39380
0.0074178 39380
0.0074254 39380
0.0074329 39380
0.0074405 39380
0.007448 39380
0.0074555 39380
0.0074631 39380
0.0074706 39380
0.0074782 39380
0.0074857 39380
0.0074932 39380
0.0075008 39380
0.0075083 39380
0.0075158 39380
0.0075234 39380
0.0075309 39380
0.0075385 39380
0.007546 39380
0.0075535 39380
0.0075611 39380
0.0075686 39380
0.0075762 39380
0.0075837 39380
0.0075912 39380
0.0075988 39380
0.0076063 39380
0.0076138 39380
0.0076214 39380
0.0076289 39380
0.0076365 39380
0.007644 39380
0.0076515 39380
0.0076591 39380
0.0076666 39380
0.0076742 39380
0.0076817 39380
0.0076892 39380
0.0076968 39380
0.0077043 39380
0.0077118 39380
0.0077194 39380
0.0077269 39380
0.0077345 39380
0.007742 39380
0.0077495 39380
0.0077571 39380
0.0077646 39380
0.0077722 39380
0.0077797 39380
0.0077872 39380
0.0077948 39380
0.0078023 39380
0.0078098 39380
0.0078174 39380
0.0078249 39380
0.0078325 39380
0.00784 39380
0.0078475 39380
0.0078551 39380
0.0078626 39380
0.0078702 39380
0.0078777 39380
0.0078852 39380
0.0078928 39380
0.0079003 39380
0.0079078 39380
0.0079154 39380
0.0079229 39380
0.0079305 39380
0.007938 39380
0.0079455 39380
0.0079531 39380
0.0079606 39380
0.0079682 39380
0.0079757 39380
0.0079832 39380
0.0079908 39380
0.0079983 39380
0.0080058 39380
0.0080134 39380
0.0080209 39380
0.0080285 39380
0.008036 39380
0.0080435 39380
0.0080511 39380
0.0080586 39380
0.0080662 39380
0.0080737 39380
0.0080812 39380
0.0080888 39380
0.0080963 39380
0.0081038 39380
0.0081114 39380
0.0081189 39380
0.0081265 39380
0.008134 39380
0.0081415 39380
0.0081491 39380
0.0081566 39380
0.0081642 39380
0.0081717 39380
0.0081792 39380
0.0081868 39380
0.0081943 39380
0.0082018 39380
0.0082094 39380
0.0082169 39380
0.0082245 39380
0.008232 39380
0.0082395 39380
0.0082471 39380
0.0082546 39380
0.0082622 39380
0.0082697 39380
0.0082772 39380
0.0082848 39380
0.0082923 39380
0.0082998 39380
0.0083074 39380
0.0083149 39380
0.0083225 39380
0.00833 39380
0.0083375 39380
0.0083451 39380
0.0083526 39380
0.0083602 39380
0.0083677 39380
0.0083752 39380
0.0083828 39380
0.0083903 39380
0.0083978 39380
0.0084054 39380
0.0084129 39380
0.0084205 39380
0.008428 39380
0.0084355 39380
0.0084431 39380
0.0084506 39380
0.0084582 39380
0.0084657 39380
0.0084732 39380
0.0084808 39380
0.0084883 39380
0.0084958 39380
0.0085034 39380
0.0085109 39380
0.0085185 39380
0.008526 39380
0.0085335 39380
0.0085411 39380
0.0085486 39380
0.0085562 39380
0.0085637 39380
0.0085712 39380
0.0085788 39380
0.0085863 39380
0.0085938 39380
0.0086014 39380
0.0086089 39380
0.0086165 39380
0.008624 39380
0.0086315 39380
0.0086391 39380
0.0086466 39380
0.0086542 39380
0.0086617 39380
0.0086692 39380
0.0086768 39380
0.0086843 39380
0.0086918 39380
0.0086994 39380
0.0087069 39380
0.0087145 39380
0.008722 39380
0.0087295 39380
0.0087371 39380
0.0087446 39380
0.0087522 39380
0.0087597 39380
0.0087672 39380
0.0087748 39380
0.0087823 39380
0.0087898 39380
0.0087974 39380
0.0088049 39380
0.0088125 39380
0.00882 39380
0.0088275 39380
0.0088351 39380
0.0088426 39380
0.0088502 39380
0.0088577 39380
0.0088652 39380
0.0088728 39380
0.0088803 39380
0.0088878 39380
0.0088954 39380
0.0089029 39380
0.0089105 39380
0.008918 39380
0.0089255 39380
0.0089331 39380
0.0089406 39380
0.0089482 39380
0.0089557 39380
0.0089632 39380
0.0089708 39380
0.0089783 39380
0.0089858 39380
0.0089934 39380
0.0090009 39380
0.0090085 39380
0.009016 39380
0.0090235 39380
0.0090311 39380
0.0090386 39380
0.0090462 39380
0.0090537 39380
0.0090612 39380
0.0090688 39380
0.0090763 39380
0.0090838 39380
0.0090914 39380
0.0090989 39380
0.0091065 39380
0.009114 39380
0.0091215 39380
0.0091291 39380
0.0091366 39380
0.0091442 39380
0.0091517 39380
0.0091592 39380
0.0091668 39380
0.0091743 39380
0.0091818 39380
0.0091894 39380
0.0091969 39380
0.0092045 39380
0.009212 39380
0.0092195 39380
0.0092271 39380
0.0092346 39380
0.0092422 39380
0.0092497 39380
0.0092572 39380
0.0092648 39380
0.0092723 39380
0.0092798 39380
0.0092874 39380
0.0092949 39380
0.0093025 39380
0.00931 39380
0.0093175 39380
0.0093251 39380
0.0093326 39380
0.0093402 39380
0.0093477 39380
0.0093552 39380
0.0093628 39380
0.0093703 39380
0.0093778 39380
0.0093854 39380
0.0093929 39380
0.0094005 39380
0.009408 39380
0.0094155 39380
0.0094231 39380
0.0094306 39380
0.0094382 39380
0.0094457 39380
0.0094532 39380
0.0094608 39380
0.0094683 39380
0.0094758 39380
0.0094834 39380
0.0094909 39380
0.0094985 39380
0.009506 39380
0.0095135 39380
0.0095211 39380
0.0095286 39380
0.0095362 39380
0.0095437 39380
0.0095512 39380
0.0095588 39380
0.0095663 39380
0.0095738 39380
0.0095814 39380
0.0095889 39380
0.0095965 39380
0.009604 39380
0.0096115 39380
0.0096191 39380
0.0096266 39380
0.0096342 39380
0.0096417 39380
0.0096492 39380
0.0096568 39380
0.0096643 39380
0.0096718 39380
0.0096794 39380
0.0096869 39380
0.0096945 39380
0.009702 39380
0.0097095 39380
0.0097171 39380
0.0097246 39380
0.0097322 39380
0.0097397 39380
0.0097472 39380
0.0097548 39380
0.0097623 39380
0.0097698 39380
0.0097774 39380
0.0097849 39380
0.0097925 39380
0.0098 39380
0.0098075 39380
0.0098151 39380
0.0098226 39380
0.0098302 39380
0.0098377 39380
0.0098452 39380
0.0098528 39380
0.0098603 39380
0.0098678 39380
0.0098754 39380
0.0098829 39380
0.0098905 39380
0.009898 39380
0.0099055 39380
0.0099131 39380
0.0099206 39380
0.0099282 39380
0.0099357 39380
0.0099432 39380
0.0099508 39380
0.0099583 39380
0.0099658 39380
0.0099734 39380
0.0099809 39380
0.0099885 39380
0.009996 39380
0.010004 39380
0.010011 39380
0.010019 39380
0.010026 39380
0.010034 39380
0.010041 39380
0.010049 39380
0.010056 39380
0.010064 39380
0.010071 39380
0.010079 39380
0.010086 39380
0.010094 39380
0.010102 39380
0.010109 39380
0.010117 39380
0.010124 39380
0.010132 39380
0.010139 39380
0.010147 39380
0.010154 39380
0.010162 39380
0.010169 39380
0.010177 39380
0.010184 39380
0.010192 39380
0.0102 39380
0.010207 39380
0.010215 39380
0.010222 39380
0.01023 39380
0.010237 39380
0.010245 39380
0.010252 39380
0.01026 39380
0.010267 39380
0.010275 39380
0.010282 39380
0.01029 39380
0.010298 39380
0.010305 39380
0.010313 39380
0.01032 39380
0.010328 39380
0.010335 39380
0.010343 39380
0.01035 39380
0.010358 39380
0.010365 39380
0.010373 39380
0.01038 39380
0.010388 39380
0.010396 39380
0.010403 39380
0.010411 39380
0.010418 39380
0.010426 39380
0.010433 39380
0.010441 39380
0.010448 39380
0.010456 39380
0.010463 39380
0.010471 39380
0.010478 39380
0.010486 39380
0.010494 39380
0.010501 39380
0.010509 39380
0.010516 39380
0.010524 39380
0.010531 39380
0.010539 39380
0.010546 39380
0.010554 39380
0.010561 39380
0.010569 39380
0.010576 39380
0.010584 39380
0.010592 39380
0.010599 39380
0.010607 39380
0.010614 39380
0.010622 39380
0.010629 39380
0.010637 39380
0.010644 39380
0.010652 39380
0.010659 39380
0.010667 39380
0.010674 39380
0.010682 39380
0.01069 39380
0.010697 39380
0.010705 39380
0.010712 39380
0.01072 39380
0.010727 39380
0.010735 39380
0.010742 39380
0.01075 39380
0.010757 39380
0.010765 39380
0.010772 39380
0.01078 39380
0.010788 39380
0.010795 39380
0.010803 39380
0.01081 39380
0.010818 39380
0.010825 39380
0.010833 39380
0.01084 39380
0.010848 39380
0.010855 39380
0.010863 39380
0.01087 39380
0.010878 39380
0.010886 39380
0.010893 39380
0.010901 39380
0.010908 39380
0.010916 39380
0.010923 39380
0.010931 39380
0.010938 39380
0.010946 39380
0.010953 39380
0.010961 39380
0.010968 39380
0.010976 39380
0.010984 39380
0.010991 39380
0.010999 39380
0.011006 39380
0.011014 39380
0.011021 39380
0.011029 39380
0.011036 39380
0.011044 39380
0.011051 39380
0.011059 39380
0.011066 39380
0.011074 39380
0.011082 39380
0.011089 39380
0.011097 39380
0.011104 39380
0.011112 39380
0.011119 39380
0.011127 39380
0.011134 39380
0.011142 39380
0.011149 39380
0.011157 39380
0.011164 39380
0.011172 39380
0.01118 39380
0.011187 39380
0.011195 39380
0.011202 39380
0.01121 39380
0.011217 39380
0.011225 39380
0.011232 39380
0.01124 39380
0.011247 39380
0.011255 39380
0.011262 39380
0.01127 39380
0.011278 39380
0.011285 39380
0.011293 39380
0.0113 39380
0.011308 39380
0.011315 39380
0.011323 39380
0.01133 39380
0.011338 39380
0.011345 39380
0.011353 39380
0.01136 39380
0.011368 39380
0.011376 39380
0.011383 39380
0.011391 39380
0.011398 39380
0.011406 39380
0.011413 39380
0.011421 39380
0.011428 39380
0.011436 39380
0.011443 39380
0.011451 39380
0.011458 39380
0.011466 39380
0.011474 39380
0.011481 39380
0.011489 39380
0.011496 39380
0.011504 39380
0.011511 39380
0.011519 39380
0.011526 39380
0.011534 39380
0.011541 39380
0.011549 39380
0.011556 39380
0.011564 39380
0.011572 39380
0.011579 39380
0.011587 39380
0.011594 39380
0.011602 39380
0.011609 39380
0.011617 39380
0.011624 39380
0.011632 39380
0.011639 39380
0.011647 39380
0.011654 39380
0.011662 39380
0.01167 39380
0.011677 39380
0.011685 39380
0.011692 39380
0.0117 39380
0.011707 39380
0.011715 39380
0.011722 39380
0.01173 39380
0.011737 39380
0.011745 39380
0.011752 39380
0.01176 39380
0.011768 39380
0.011775 39380
0.011783 39380
0.01179 39380
0.011798 39380
0.011805 39380
0.011813 39380
0.01182 39380
0.011828 39380
0.011835 39380
0.011843 39380
0.01185 39380
0.011858 39380
0.011866 39380
0.011873 39380
0.011881 39380
0.011888 39380
0.011896 39380
0.011903 39380
0.011911 39380
0.011918 39380
0.011926 39380
0.011933 39380
0.011941 39380
0.011948 39380
0.011956 39380
0.011964 39380
0.011971 39380
0.011979 39380
0.011986 39380
0.011994 39380
0.012001 39380
0.012009 39380
0.012016 39380
0.012024 39380
0.012031 39380
0.012039 39380
0.012046 39380
0.012054 39380
0.012062 39380
0.012069 39380
0.012077 39380
0.012084 39380
0.012092 39380
0.012099 39380
0.012107 39380
0.012114 39380
0.012122 39380
0.012129 39380
0.012137 39380
0.012144 39380
0.012152 39380
0.01216 39380
0.012167 39380
0.012175 39380
0.012182 39380
0.01219 39380
0.012197 39380
0.012205 39380
0.012212 39380
0.01222 39380
0.012227 39380
0.012235 39380
0.012242 39380
0.01225 39380
0.012258 39380
0.012265 39380
0.012273 39380
0.01228 39380
0.012288 39380
0.012295 39380
0.012303 39380
0.01231 39380
0.012318 39380
0.012325 39380
0.012333 39380
0.01234 39380
0.012348 39380
0.012356 39380
0.012363 39380
0.012371 39380
0.012378 39380
0.012386 39380
0.012393 39380
0.012401 39380
0.012408 39380
0.012416 39380
0.012423 39380
0.012431 39380
0.012438 39380
0.012446 39380
0.012454 39380
0.012461 39380
0.012469 39380
0.012476 39380
0.012484 39380
0.012491 39380
0.012499 39380
0.012506 39380
0.012514 39380
0.012521 39380
0.012529 39380
0.012536 39380
0.012544 39380
0.012552 39380
0.012559 39380
0.012567 39380
0.012574 39380
0.012582 39380
0.012589 39380
0.012597 39380
0.012604 39380
0.012612 39380
0.012619 39380
0.012627 39380
0.012634 39380
0.012642 39380
0.01265 39380
0.012657 39380
0.012665 39380
0.012672 39380
0.01268 39380
0.012687 39380
0.012695 39380
0.012702 39380
0.01271 39380
0.012717 39380
0.012725 39380
0.012732 39380
0.01274 39380
0.012748 39380
0.012755 39380
0.012763 39380
0.01277 39380
0.012778 39380
0.012785 39380
0.012793 39380
0.0128 39380
0.012808 39380
0.012815 39380
0.012823 39380
0.01283 39380
0.012838 39380
0.012846 39380
0.012853 39380
0.012861 39380
0.012868 39380
0.012876 39380
0.012883 39380
0.012891 39380
0.012898 39380
0.012906 39380
0.012913 39380
0.012921 39380
0.012928 39380
0.012936 39380
0.012944 39380
0.012951 39380
0.012959 39380
0.012966 39380
0.012974 39380
0.012981 39380
0.012989 39380
0.012996 39380
0.013004 39380
0.013011 39380
0.013019 39380
0.013026 39380
0.013034 39380
0.013042 39380
0.013049 39380
0.013057 39380
0.013064 39380
0.013072 39380
0.013079 39380
0.013087 39380
0.013094 39380
0.013102 39380
0.013109 39380
0.013117 39380
0.013124 39380
0.013132 39380
0.01314 39380
0.013147 39380
0.013155 39380
0.013162 39380
0.01317 39380
0.013177 39380
0.013185 39380
0.013192 39380
0.0132 39380
0.013207 39380
0.013215 39380
0.013222 39380
0.01323 39380
0.013238 39380
0.013245 39380
0.013253 39380
0.01326 39380
0.013268 39380
0.013275 39380
0.013283 39380
0.01329 39380
0.013298 39380
0.013305 39380
0.013313 39380
0.01332 39380
0.013328 39380
0.013336 39380
0.013343 39380
0.013351 39380
0.013358 39380
0.013366 39380
0.013373 39380
0.013381 39380
0.013388 39380
0.013396 39380
0.013403 39380
0.013411 39380
0.013418 39380
0.013426 39380
0.013434 39380
0.013441 39380
0.013449 39380
0.013456 39380
0.013464 39380
0.013471 39380
0.013479 39380
0.013486 39380
0.013494 39380
0.013501 39380
0.013509 39380
0.013516 39380
0.013524 39380
0.013532 39380
0.013539 39380
0.013547 39380
0.013554 39380
0.013562 39380
0.013569 39380
0.013577 39380
0.013584 39380
0.013592 39380
0.013599 39380
0.013607 39380
0.013614 39380
0.013622 39380
0.01363 39380
0.013637 39380
0.013645 39380
0.013652 39380
0.01366 39380
0.013667 39380
0.013675 39380
0.013682 39380
0.01369 39380
0.013697 39380
0.013705 39380
0.013712 39380
0.01372 39380
0.013728 39380
0.013735 39380
0.013743 39380
0.01375 39380
0.013758 39380
0.013765 39380
0.013773 39380
0.01378 39380
0.013788 39380
0.013795 39380
0.013803 39380
0.01381 39380
0.013818 39380
0.013826 39380
0.013833 39380
0.013841 39380
0.013848 39380
0.013856 39380
0.013863 39380
0.013871 39380
0.013878 39380
0.013886 39380
0.013893 39380
0.013901 39380
0.013908 39380
0.013916 39380
0.013924 39380
0.013931 39380
0.013939 39380
0.013946 39380
0.013954 39380
0.013961 39380
0.013969 39380
0.013976 39380
0.013984 39380
0.013991 39380
0.013999 39380
0.014006 39380
0.014014 39380
0.014022 39380
0.014029 39380
0.014037 39380
0.014044 39380
0.014052 39380
0.014059 39380
0.014067 39380
0.014074 39380
0.014082 39380
0.014089 39380
0.014097 39380
0.014104 39380
0.014112 39380
0.01412 39380
0.014127 39380
0.014135 39380
0.014142 39380
0.01415 39380
0.014157 39380
0.014165 39380
0.014172 39380
0.01418 39380
0.014187 39380
0.014195 39380
0.014202 39380
0.01421 39380
0.014218 39380
0.014225 39380
0.014233 39380
0.01424 39380
0.014248 39380
0.014255 39380
0.014263 39380
0.01427 39380
0.014278 39380
0.014285 39380
0.014293 39380
0.0143 39380
0.014308 39380
0.014316 39380
0.014323 39380
0.014331 39380
0.014338 39380
0.014346 39380
0.014353 39380
0.014361 39380
0.014368 39380
0.014376 39380
0.014383 39380
0.014391 39380
0.014398 39380
0.014406 39380
0.014414 39380
0.014421 39380
0.014429 39380
0.014436 39380
0.014444 39380
0.014451 39380
0.014459 39380
0.014466 39380
0.014474 39380
0.014481 39380
0.014489 39380
0.014496 39380
0.014504 39380
0.014512 39380
0.014519 39380
0.014527 39380
0.014534 39380
0.014542 39380
0.014549 39380
0.014557 39380
0.014564 39380
0.014572 39380
0.014579 39380
0.014587 39380
0.014594 39380
0.014602 39380
0.01461 39380
0.014617 39380
0.014625 39380
0.014632 39380
0.01464 39380
0.014647 39380
0.014655 39380
0.014662 39380
0.01467 39380
0.014677 39380
0.014685 39380
0.014692 39380
0.0147 39380
0.014708 39380
0.014715 39380
0.014723 39380
0.01473 39380
0.014738 39380
0.014745 39380
0.014753 39380
0.01476 39380
0.014768 39380
0.014775 39380
0.014783 39380
0.01479 39380
0.014798 39380
0.014806 39380
0.014813 39380
0.014821 39380
0.014828 39380
0.014836 39380
0.014843 39380
0.014851 39380
0.014858 39380
0.014866 39380
0.014873 39380
0.014881 39380
0.014888 39380
0.014896 39380
0.014904 39380
0.014911 39380
0.014919 39380
0.014926 39380
0.014934 39380
0.014941 39380
0.014949 39380
0.014956 39380
0.014964 39380
0.014971 39380
0.014979 39380
0.014986 39380
0.014994 39380
0.015002 39380
0.015009 39380
0.015017 39380
0.015024 39380
0.015032 39380
0.015039 39380
0.015047 39380
0.015054 39380
0.015062 39380
0.015069 39380
0.015077 39380
0.015084 39380
0.015092 39380
0.0151 39380
0.015107 39380
0.015115 39380
0.015122 39380
0.01513 39380
0.015137 39380
0.015145 39380
0.015152 39380
0.01516 39380
0.015167 39380
0.015175 39380
0.015182 39380
0.01519 39380
0.015198 39380
0.015205 39380
0.015213 39380
0.01522 39380
0.015228 39380
0.015235 39380
0.015243 39380
0.01525 39380
0.015258 39380
0.015265 39380
0.015273 39380
0.01528 39380
0.015288 39380
0.015296 39380
0.015303 39380
0.015311 39380
0.015318 39380
0.015326 39380
0.015333 39380
0.015341 39380
0.015348 39380
0.015356 39380
0.015363 39380
0.015371 39380
0.015378 39380
0.015386 39380
0.015394 39380
0.015401 39380
0.015409 39380
0.015416 39380
0.015424 39380
0.015431 39380
0.015439 39380
0.015446 39380
0.015454 39380
0.015461 39380
0.015469 39380
0.015476 39380
0.015484 39380
0.015492 39380
0.015499 39380
0.015507 39380
0.015514 39380
0.015522 39380
0.015529 39380
0.015537 39380
0.015544 39380
0.015552 39380
0.015559 39380
0.015567 39380
0.015574 39380
0.015582 39380
0.01559 39380
0.015597 39380
0.015605 39380
0.015612 39380
0.01562 39380
0.015627 39380
0.015635 39380
0.015642 39380
0.01565 39380
0.015657 39380
0.015665 39380
0.015672 39380
0.01568 39380
0.015688 39380
0.015695 39380
0.015703 39380
0.01571 39380
0.015718 39380
0.015725 39380
0.015733 39380
0.01574 39380
0.015748 39380
0.015755 39380
0.015763 39380
0.01577 39380
0.015778 39380
0.015786 39380
0.015793 39380
0.015801 39380
0.015808 39380
0.015816 39380
0.015823 39380
0.015831 39380
0.015838 39380
0.015846 39380
0.015853 39380
0.015861 39380
0.015868 39380
0.015876 39380
0.015884 39380
0.015891 39380
0.015899 39380
0.015906 39380
0.015914 39380
0.015921 39380
0.015929 39380
0.015936 39380
0.015944 39380
0.015951 39380
0.015959 39380
0.015966 39380
0.015974 39380
0.015982 39380
0.015989 39380
0.015997 39380
0.016004 39380
0.016012 39380
0.016019 39380
0.016027 39380
0.016034 39380
0.016042 39380
0.016049 39380
0.016057 39380
0.016064 39380
0.016072 39380
0.01608 39380
0.016087 39380
0.016095 39380
0.016102 39380
0.01611 39380
0.016117 39380
0.016125 39380
0.016132 39380
0.01614 39380
0.016147 39380
0.016155 39380
0.016162 39380
0.01617 39380
0.016178 39380
0.016185 39380
0.016193 39380
0.0162 39380
0.016208 39380
0.016215 39380
0.016223 39380
0.01623 39380
0.016238 39380
0.016245 39380
0.016253 39380
0.01626 39380
0.016268 39380
0.016276 39380
0.016283 39380
0.016291 39380
0.016298 39380
0.016306 39380
0.016313 39380
0.016321 39380
0.016328 39380
0.016336 39380
0.016343 39380
0.016351 39380
0.016358 39380
0.016366 39380
0.016374 39380
0.016381 39380
0.016389 39380
0.016396 39380
0.016404 39380
0.016411 39380
0.016419 39380
0.016426 39380
0.016434 39380
0.016441 39380
0.016449 39380
0.016456 39380
0.016464 39380
0.016472 39380
0.016479 39380
0.016487 39380
0.016494 39380
0.016502 39380
0.016509 39380
0.016517 39380
0.016524 39380
0.016532 39380
0.016539 39380
0.016547 39380
0.016554 39380
0.016562 39380
0.01657 39380
0.016577 39380
0.016585 39380
0.016592 39380
0.0166 39380
0.016607 39380
0.016615 39380
0.016622 39380
0.01663 39380
0.016637 39380
0.016645 39380
0.016652 39380
0.01666 39380
0.016668 39380
0.016675 39380
0.016683 39380
0.01669 39380
0.016698 39380
0.016705 39380
0.016713 39380
0.01672 39380
0.016728 39380
0.016735 39380
0.016743 39380
0.01675 39380
0.016758 39380
0.016766 39380
0.016773 39380
0.016781 39380
0.016788 39380
0.016796 39380
0.016803 39380
0.016811 39380
0.016818 39380
0.016826 39380
0.016833 39380
0.016841 39380
0.016848 39380
0.016856 39380
0.016864 39380
0.016871 39380
0.016879 39380
0.016886 39380
0.016894 39380
0.016901 39380
0.016909 39380
0.016916 39380
0.016924 39380
0.016931 39380
0.016939 39380
0.016946 39380
0.016954 39380
0.016962 39380
0.016969 39380
0.016977 39380
0.016984 39380
0.016992 39380
0.016999 39380
0.017007 39380
0.017014 39380
0.017022 39380
0.017029 39380
0.017037 39380
0.017044 39380
0.017052 39380
0.01706 39380
0.017067 39380
0.017075 39380
0.017082 39380
0.01709 39380
0.017097 39380
0.017105 39380
0.017112 39380
0.01712 39380
0.017127 39380
0.017135 39380
0.017142 39380
0.01715 39380
0.017158 39380
0.017165 39380
0.017173 39380
0.01718 39380
0.017188 39380
0.017195 39380
0.017203 39380
0.01721 39380
0.017218 39380
0.017225 39380
0.017233 39380
0.01724 39380
0.017248 39380
0.017256 39380
0.017263 39380
0.017271 39380
0.017278 39380
0.017286 39380
0.017293 39380
0.017301 39380
0.017308 39380
0.017316 39380
0.017323 39380
0.017331 39380
0.017338 39380
0.017346 39380
0.017354 39380
0.017361 39380
0.017369 39380
0.017376 39380
0.017384 39380
0.017391 39380
0.017399 39380
0.017406 39380
0.017414 39380
0.017421 39380
0.017429 39380
0.017436 39380
0.017444 39380
0.017452 39380
0.017459 39380
0.017467 39380
0.017474 39380
0.017482 39380
0.017489 39380
0.017497 39380
0.017504 39380
0.017512 39380
0.017519 39380
0.017527 39380
0.017534 39380
0.017542 39380
0.01755 39380
0.017557 39380
0.017565 39380
0.017572 39380
0.01758 39380
0.017587 39380
0.017595 39380
0.017602 39380
0.01761 39380
0.017617 39380
0.017625 39380
0.017632 39380
0.01764 39380
0.017648 39380
0.017655 39380
0.017663 39380
0.01767 39380
0.017678 39380
0.017685 39380
0.017693 39380
0.0177 39380
0.017708 39380
0.017715 39380
0.017723 39380
0.01773 39380
0.017738 39380
0.017746 39380
0.017753 39380
0.017761 39380
0.017768 39380
0.017776 39380
0.017783 39380
0.017791 39380
0.017798 39380
0.017806 39380
0.017813 39380
0.017821 39380
0.017828 39380
0.017836 39380
0.017844 39380
0.017851 39380
0.017859 39380
0.017866 39380
0.017874 39380
0.017881 39380
0.017889 39380
0.017896 39380
0.017904 39380
0.017911 39380
0.017919 39380
0.017926 39380
0.017934 39380
0.017942 39380
0.017949 39380
0.017957 39380
0.017964 39380
0.017972 39380
0.017979 39380
0.017987 39380
0.017994 39380
0.018002 39380
0.018009 39380
0.018017 39380
0.018024 39380
0.018032 39380
0.01804 39380
0.018047 39380
0.018055 39380
0.018062 39380
0.01807 39380
0.018077 39380
0.018085 39380
0.018092 39380
0.0181 39380
0.018107 39380
0.018115 39380
0.018122 39380
0.01813 39380
0.018138 39380
0.018145 39380
0.018153 39380
0.01816 39380
0.018168 39380
0.018175 39380
0.018183 39380
0.01819 39380
0.018198 39380
0.018205 39380
0.018213 39380
0.01822 39380
0.018228 39380
0.018236 39380
0.018243 39380
0.018251 39380
0.018258 39380
0.018266 39380
0.018273 39380
0.018281 39380
0.018288 39380
0.018296 39380
0.018303 39380
0.018311 39380
0.018318 39380
0.018326 39380
0.018334 39380
0.018341 39380
0.018349 39380
0.018356 39380
0.018364 39380
0.018371 39380
0.018379 39380
0.018386 39380
0.018394 39380
0.018401 39380
0.018409 39380
0.018416 39380
0.018424 39380
0.018432 39380
0.018439 39380
0.018447 39380
0.018454 39380
0.018462 39380
0.018469 39380
0.018477 39380
0.018484 39380
0.018492 39380
0.018499 39380
0.018507 39380
0.018514 39380
0.018522 39380
0.01853 39380
0.018537 39380
0.018545 39380
0.018552 39380
0.01856 39380
0.018567 39380
0.018575 39380
0.018582 39380
0.01859 39380
0.018597 39380
0.018605 39380
0.018612 39380
0.01862 39380
0.018628 39380
0.018635 39380
0.018643 39380
0.01865 39380
0.018658 39380
0.018665 39380
0.018673 39380
0.01868 39380
0.018688 39380
0.018695 39380
0.018703 39380
0.01871 39380
0.018718 39380
0.018726 39380
0.018733 39380
0.018741 39380
0.018748 39380
0.018756 39380
0.018763 39380
0.018771 39380
0.018778 39380
0.018786 39380
0.018793 39380
0.018801 39380
0.018808 39380
0.018816 39380
0.018824 39380
0.018831 39380
0.018839 39380
0.018846 39380
0.018854 39380
0.018861 39380
0.018869 39380
0.018876 39380
0.018884 39380
0.018891 39380
0.018899 39380
0.018906 39380
0.018914 39380
0.018922 39380
0.018929 39380
0.018937 39380
0.018944 39380
0.018952 39380
0.018959 39380
0.018967 39380
0.018974 39380
0.018982 39380
0.018989 39380
0.018997 39380
0.019004 39380
0.019012 39380
0.01902 39380
0.019027 39380
0.019035 39380
0.019042 39380
0.01905 39380
0.019057 39380
0.019065 39380
0.019072 39380
0.01908 39380
0.019087 39380
0.019095 39380
0.019102 39380
0.01911 39380
0.019118 39380
0.019125 39380
0.019133 39380
0.01914 39380
0.019148 39380
0.019155 39380
0.019163 39380
0.01917 39380
0.019178 39380
0.019185 39380
0.019193 39380
0.0192 39380
0.019208 39380
0.019216 39380
0.019223 39380
0.019231 39380
0.019238 39380
0.019246 39380
0.019253 39380
0.019261 39380
0.019268 39380
0.019276 39380
0.019283 39380
0.019291 39380
0.019298 39380
0.019306 39380
0.019314 39380
0.019321 39380
0.019329 39380
0.019336 39380
0.019344 39380
0.019351 39380
0.019359 39380
0.019366 39380
0.019374 39380
0.019381 39380
0.019389 39380
0.019396 39380
0.019404 39380
0.019412 39380
0.019419 39380
0.019427 39380
0.019434 39380
0.019442 39380
0.019449 39380
0.019457 39380
0.019464 39380
0.019472 39380
0.019479 39380
0.019487 39380
0.019494 39380
0.019502 39380
0.01951 39380
0.019517 39380
0.019525 39380
0.019532 39380
0.01954 39380
0.019547 39380
0.019555 39380
0.019562 39380
0.01957 39380
0.019577 39380
0.019585 39380
0.019592 39380
0.0196 39380
0.019608 39380
0.019615 39380
0.019623 39380
0.01963 39380
0.019638 39380
0.019645 39380
0.019653 39380
0.01966 39380
0.019668 39380
0.019675 39380
0.019683 39380
0.01969 39380
0.019698 39380
0.019706 39380
0.019713 39380
0.019721 39380
0.019728 39380
0.019736 39380
0.019743 39380
0.019751 39380
0.019758 39380
0.019766 39380
0.019773 39380
0.019781 39380
0.019788 39380
0.019796 39380
0.019804 39380
0.019811 39380
0.019819 39380
0.019826 39380
0.019834 39380
0.019841 39380
0.019849 39380
0.019856 39380
0.019864 39380
0.019871 39380
0.019879 39380
0.019886 39380
0.019894 39380
0.019902 39380
0.019909 39380
0.019917 39380
0.019924 39380
0.019932 39380
0.019939 39380
0.019947 39380
0.019954 39380
0.019962 39380
0.019969 39380
0.019977 39380
0.019984 39380
0.019992 39380
0.02 39380
0.020007 39380
0.020015 39380
0.020022 39380
0.02003 39380
0.020037 39380
0.020045 39380
0.020052 39380
0.02006 39380
0.020067 39380
0.020075 39380
0.020082 39380
0.02009 39380
0.020098 39380
0.020105 39380
0.020113 39380
0.02012 39380
0.020128 39380
0.020135 39380
0.020143 39380
0.02015 39380
0.020158 39380
0.020165 39380
0.020173 39380
0.02018 39380
0.020188 39380
0.020196 39380
0.020203 39380
0.020211 39380
0.020218 39380
0.020226 39380
0.020233 39380
0.020241 39380
0.020248 39380
0.020256 39380
0.020263 39380
0.020271 39380
0.020278 39380
0.020286 39380
0.020294 39380
0.020301 39380
0.020309 39380
0.020316 39380
0.020324 39380
0.020331 39380
0.020339 39380
0.020346 39380
0.020354 39380
0.020361 39380
0.020369 39380
0.020376 39380
0.020384 39380
0.020392 39380
0.020399 39380
0.020407 39380
0.020414 39380
0.020422 39380
0.020429 39380
0.020437 39380
0.020444 39380
0.020452 39380
0.020459 39380
0.020467 39380
0.020474 39380
0.020482 39380
0.02049 39380
0.020497 39380
0.020505 39380
0.020512 39380
0.02052 39380
0.020527 39380
0.020535 39380
0.020542 39380
0.02055 39380
0.020557 39380
0.020565 39380
0.020572 39380
0.02058 39380
0.020588 39380
0.020595 39380
0.020603 39380
0.02061 39380
0.020618 39380
0.020625 39380
0.020633 39380
0.02064 39380
0.020648 39380
0.020655 39380
0.020663 39380
0.02067 39380
0.020678 39380
0.020686 39380
0.020693 39380
0.020701 39380
0.020708 39380
0.020716 39380
0.020723 39380
0.020731 39380
0.020738 39380
0.020746 39380
0.020753 39380
0.020761 39380
0.020768 39380
0.020776 39380
0.020784 39380
0.020791 39380
0.020799 39380
0.020806 39380
0.020814 39380
0.020821 39380
0.020829 39380
0.020836 39380
0.020844 39380
0.020851 39380
0.020859 39380
0.020866 39380
0.020874 39380
0.020882 39380
0.020889 39380
0.020897 39380
0.020904 39380
0.020912 39380
0.020919 39380
0.020927 39380
0.020934 39380
0.020942 39380
0.020949 39380
0.020957 39380
0.020964 39380
0.020972 39380
0.02098 39380
0.020987 39380
0.020995 39380
0.021002 39380
0.02101 39380
0.021017 39380
0.021025 39380
0.021032 39380
0.02104 39380
0.021047 39380
0.021055 39380
0.021062 39380
0.02107 39380
0.021078 39380
0.021085 39380
0.021093 39380
0.0211 39380
0.021108 39380
0.021115 39380
0.021123 39380
0.02113 39380
0.021138 39380
0.021145 39380
0.021153 39380
0.02116 39380
0.021168 39380
0.021176 39380
0.021183 39380
0.021191 39380
0.021198 39380
0.021206 39380
0.021213 39380
0.021221 39380
0.021228 39380
0.021236 39380
0.021243 39380
0.021251 39380
0.021258 39380
0.021266 39380
0.021274 39380
0.021281 39380
0.021289 39380
0.021296 39380
0.021304 39380
0.021311 39380
0.021319 39380
0.021326 39380
0.021334 39380
0.021341 39380
0.021349 39380
0.021356 39380
0.021364 39380
0.021372 39380
0.021379 39380
0.021387 39380
0.021394 39380
0.021402 39380
0.021409 39380
0.021417 39380
0.021424 39380
0.021432 39380
0.021439 39380
0.021447 39380
0.021454 39380
0.021462 39380
0.02147 39380
0.021477 39380
0.021485 39380
0.021492 39380
0.0215 39380
0.021507 39380
0.021515 39380
0.021522 39380
0.02153 39380
0.021537 39380
0.021545 39380
0.021552 39380
0.02156 39380
0.021568 39380
0.021575 39380
0.021583 39380
0.02159 39380
0.021598 39380
0.021605 39380
0.021613 39380
0.02162 39380
0.021628 39380
0.021635 39380
0.021643 39380
0.02165 39380
0.021658 39380
0.021666 39380
0.021673 39380
0.021681 39380
0.021688 39380
0.021696 39380
0.021703 39380
0.021711 39380
0.021718 39380
0.021726 39380
0.021733 39380
0.021741 39380
0.021748 39380
0.021756 39380
0.021764 39380
0.021771 39380
0.021779 39380
0.021786 39380
0.021794 39380
0.021801 39380
0.021809 39380
0.021816 39380
0.021824 39380
0.021831 39380
0.021839 39380
0.021846 39380
0.021854 39380
0.021862 39380
0.021869 39380
0.021877 39380
0.021884 39380
0.021892 39380
0.021899 39380
0.021907 39380
0.021914 39380
0.021922 39380
0.021929 39380
0.021937 39380
0.021944 39380
0.021952 39380
0.02196 39380
0.021967 39380
0.021975 39380
0.021982 39380
0.02199 39380
0.021997 39380
0.022005 39380
0.022012 39380
0.02202 39380
0.022027 39380
0.022035 39380
0.022042 39380
0.02205 39380
0.022058 39380
0.022065 39380
0.022073 39380
0.02208 39380
0.022088 39380
0.022095 39380
0.022103 39380
0.02211 39380
0.022118 39380
0.022125 39380
0.022133 39380
0.02214 39380
0.022148 39380
0.022156 39380
0.022163 39380
0.022171 39380
0.022178 39380
0.022186 39380
0.022193 39380
0.022201 39380
0.022208 39380
0.022216 39380
0.022223 39380
0.022231 39380
0.022238 39380
0.022246 39380
0.022254 39380
0.022261 39380
0.022269 39380
0.022276 39380
0.022284 39380
0.022291 39380
0.022299 39380
0.022306 39380
0.022314 39380
0.022321 39380
0.022329 39380
0.022336 39380
0.022344 39380
0.022352 39380
0.022359 39380
0.022367 39380
0.022374 39380
0.022382 39380
0.022389 39380
0.022397 39380
0.022404 39380
0.022412 39380
0.022419 39380
0.022427 39380
0.022434 39380
0.022442 39380
0.02245 39380
0.022457 39380
0.022465 39380
0.022472 39380
0.02248 39380
0.022487 39380
0.022495 39380
0.022502 39380
0.02251 39380
0.022517 39380
0.022525 39380
0.022532 39380
0.02254 39380
0.022548 39380
0.022555 39380
0.022563 39380
0.02257 39380
0.022578 39380
0.022585 39380
0.022593 39380
0.0226 39380
0.022608 39380
0.022615 39380
0.022623 39380
0.02263 39380
0.022638 39380
0.022646 39380
0.022653 39380
0.022661 39380
0.022668 39380
0.022676 39380
0.022683 39380
0.022691 39380
0.022698 39380
0.022706 39380
0.022713 39380
0.022721 39380
0.022728 39380
0.022736 39380
0.022744 39380
0.022751 39380
0.022759 39380
0.022766 39380
0.022774 39380
0.022781 39380
0.022789 39380
0.022796 39380
0.022804 39380
0.022811 39380
0.022819 39380
0.022826 39380
0.022834 39380
0.022842 39380
0.022849 39380
0.022857 39380
0.022864 39380
0.022872 39380
0.022879 39380
0.022887 39380
0.022894 39380
0.022902 39380
0.022909 39380
0.022917 39380
0.022924 39380
0.022932 39380
0.02294 39380
0.022947 39380
0.022955 39380
0.022962 39380
0.02297 39380
0.022977 39380
0.022985 39380
0.022992 39380
0.023 39380
0.023007 39380
0.023015 39380
0.023022 39380
0.02303 39380
0.023038 39380
0.023045 39380
0.023053 39380
0.02306 39380
0.023068 39380
0.023075 39380
0.023083 39380
0.02309 39380
0.023098 39380
0.023105 39380
0.023113 39380
0.02312 39380
0.023128 39380
0.023136 39380
0.023143 39380
0.023151 39380
0.023158 39380
0.023166 39380
0.023173 39380
0.023181 39380
0.023188 39380
0.023196 39380
0.023203 39380
0.023211 39380
0.023218 39380
0.023226 39380
0.023234 39380
0.023241 39380
0.023249 39380
0.023256 39380
0.023264 39380
0.023271 39380
0.023279 39380
0.023286 39380
0.023294 39380
0.023301 39380
0.023309 39380
0.023316 39380
0.023324 39380
0.023332 39380
0.023339 39380
0.023347 39380
0.023354 39380
0.023362 39380
0.023369 39380
0.023377 39380
0.023384 39380
0.023392 39380
0.023399 39380
0.023407 39380
0.023414 39380
0.023422 39380
0.02343 39380
0.023437 39380
0.023445 39380
0.023452 39380
0.02346 39380
0.023467 39380
0.023475 39380
0.023482 39380
0.02349 39380
0.023497 39380
0.023505 39380
0.023512 39380
0.02352 39380
0.023528 39380
0.023535 39380
0.023543 39380
0.02355 39380
0.023558 39380
0.023565 39380
0.023573 39380
0.02358 39380
0.023588 39380
0.023595 39380
0.023603 39380
0.02361 39380
0.023618 39380
0.023626 39380
0.023633 39380
0.023641 39380
0.023648 39380
0.023656 39380
0.023663 39380
0.023671 39380
0.023678 39380
0.023686 39380
0.023693 39380
0.023701 39380
0.023708 39380
0.023716 39380
0.023724 39380
0.023731 39380
0.023739 39380
0.023746 39380
0.023754 39380
0.023761 39380
0.023769 39380
0.023776 39380
0.023784 39380
0.023791 39380
0.023799 39380
0.023806 39380
0.023814 39380
0.023822 39380
0.023829 39380
0.023837 39380
0.023844 39380
0.023852 39380
0.023859 39380
0.023867 39380
0.023874 39380
0.023882 39380
0.023889 39380
0.023897 39380
0.023904 39380
0.023912 39380
0.02392 39380
0.023927 39380
0.023935 39380
0.023942 39380
0.02395 39380
0.023957 39380
0.023965 39380
0.023972 39380
0.02398 39380
0.023987 39380
0.023995 39380
0.024002 39380
0.02401 39380
0.024018 39380
0.024025 39380
0.024033 39380
0.02404 39380
0.024048 39380
0.024055 39380
0.024063 39380
0.02407 39380
0.024078 39380
0.024085 39380
0.024093 39380
0.0241 39380
0.024108 39380
0.024116 39380
0.024123 39380
0.024131 39380
0.024138 39380
0.024146 39380
0.024153 39380
0.024161 39380
0.024168 39380
0.024176 39380
0.024183 39380
0.024191 39380
0.024198 39380
0.024206 39380
0.024214 39380
0.024221 39380
0.024229 39380
0.024236 39380
0.024244 39380
0.024251 39380
0.024259 39380
0.024266 39380
0.024274 39380
0.024281 39380
0.024289 39380
0.024296 39380
0.024304 39380
0.024312 39380
0.024319 39380
0.024327 39380
0.024334 39380
0.024342 39380
0.024349 39380
0.024357 39380
0.024364 39380
0.024372 39380
0.024379 39380
0.024387 39380
0.024394 39380
0.024402 39380
0.02441 39380
0.024417 39380
0.024425 39380
0.024432 39380
0.02444 39380
0.024447 39380
0.024455 39380
0.024462 39380
0.02447 39380
0.024477 39380
0.024485 39380
0.024492 39380
0.0245 39380
0.024508 39380
0.024515 39380
0.024523 39380
0.02453 39380
0.024538 39380
0.024545 39380
0.024553 39380
0.02456 39380
0.024568 39380
0.024575 39380
0.024583 39380
0.02459 39380
0.024598 39380
0.024606 39380
0.024613 39380
0.024621 39380
0.024628 39380
0.024636 39380
0.024643 39380
0.024651 39380
0.024658 39380
0.024666 39380
0.024673 39380
0.024681 39380
0.024688 39380
0.024696 39380
0.024704 39380
0.024711 39380
0.024719 39380
0.024726 39380
0.024734 39380
0.024741 39380
0.024749 39380
0.024756 39380
0.024764 39380
0.024771 39380
0.024779 39380
0.024786 39380
0.024794 39380
0.024802 39380
0.024809 39380
0.024817 39380
0.024824 39380
0.024832 39380
0.024839 39380
0.024847 39380
0.024854 39380
0.024862 39380
0.024869 39380
0.024877 39380
0.024884 39380
0.024892 39380
0.0249 39380
0.024907 39380
0.024915 39380
0.024922 39380
0.02493 39380
0.024937 39380
0.024945 39380
0.024952 39380
0.02496 39380
0.024967 39380
0.024975 39380
0.024982 39380
0.02499 39380
0.024998 39380
0.025005 39380
0.025013 39380
0.02502 39380
0.025028 39380
0.025035 39380
0.025043 39380
0.02505 39380
0.025058 39380
0.025065 39380
0.025073 39380
0.02508 39380
0.025088 39380
0.025096 39380
0.025103 39380
0.025111 39380
0.025118 39380
0.025126 39380
0.025133 39380
0.025141 39380
0.025148 39380
0.025156 39380
0.025163 39380
0.025171 39380
0.025178 39380
0.025186 39380
0.025194 39380
0.025201 39380
0.025209 39380
0.025216 39380
0.025224 39380
0.025231 39380
0.025239 39380
0.025246 39380
0.025254 39380
0.025261 39380
0.025269 39380
0.025276 39380
0.025284 39380
0.025292 39380
0.025299 39380
0.025307 39380
0.025314 39380
0.025322 39380
0.025329 39380
0.025337 39380
0.025344 39380
0.025352 39380
0.025359 39380
0.025367 39380
0.025374 39380
0.025382 39380
0.02539 39380
0.025397 39380
0.025405 39380
0.025412 39380
0.02542 39380
0.025427 39380
0.025435 39380
0.025442 39380
0.02545 39380
0.025457 39380
0.025465 39380
0.025472 39380
0.02548 39380
0.025488 39380
0.025495 39380
0.025503 39380
0.02551 39380
0.025518 39380
0.025525 39380
0.025533 39380
0.02554 39380
0.025548 39380
0.025555 39380
0.025563 39380
0.02557 39380
0.025578 39380
0.025586 39380
0.025593 39380
0.025601 39380
0.025608 39380
0.025616 39380
0.025623 39380
0.025631 39380
0.025638 39380
0.025646 39380
0.025653 39380
0.025661 39380
0.025668 39380
0.025676 39380
0.025684 39380
0.025691 39380
0.025699 39380
0.025706 39380
0.025714 39380
0.025721 39380
0.025729 39380
0.025736 39380
0.025744 39380
0.025751 39380
0.025759 39380
0.025766 39380
0.025774 39380
0.025782 39380
0.025789 39380
0.025797 39380
0.025804 39380
0.025812 39380
0.025819 39380
0.025827 39380
0.025834 39380
0.025842 39380
0.025849 39380
0.025857 39380
0.025864 39380
0.025872 39380
0.02588 39380
0.025887 39380
0.025895 39380
0.025902 39380
0.02591 39380
0.025917 39380
0.025925 39380
0.025932 39380
0.02594 39380
0.025947 39380
0.025955 39380
0.025962 39380
0.02597 39380
0.025978 39380
0.025985 39380
0.025993 39380
0.026 39380
0.026008 39380
0.026015 39380
0.026023 39380
0.02603 39380
0.026038 39380
0.026045 39380
0.026053 39380
0.02606 39380
0.026068 39380
0.026076 39380
0.026083 39380
0.026091 39380
0.026098 39380
0.026106 39380
0.026113 39380
0.026121 39380
0.026128 39380
0.026136 39380
0.026143 39380
0.026151 39380
0.026158 39380
0.026166 39380
0.026174 39380
0.026181 39380
0.026189 39380
0.026196 39380
0.026204 39380
0.026211 39380
0.026219 39380
0.026226 39380
0.026234 39380
0.026241 39380
0.026249 39380
0.026256 39380
0.026264 39380
0.026272 39380
0.026279 39380
0.026287 39380
0.026294 39380
0.026302 39380
0.026309 39380
0.026317 39380
0.026324 39380
0.026332 39380
0.026339 39380
0.026347 39380
0.026354 39380
0.026362 39380
0.02637 39380
0.026377 39380
0.026385 39380
1 39380
