7.5385e-06 1.1509e+07
1.5077e-05 1.1509e+07
2.2615e-05 1.1509e+07
3.0154e-05 1.1509e+07
3.7692e-05 1.1509e+07
4.5231e-05 1.1509e+07
5.2769e-05 1.1509e+07
6.0308e-05 1.1508e+07
6.7846e-05 1.1508e+07
7.5385e-05 1.1508e+07
8.2923e-05 1.1508e+07
9.0462e-05 1.1507e+07
9.8e-05 1.1506e+07
0.00010554 1.1505e+07
0.00011308 1.1504e+07
0.00012062 1.1501e+07
0.00012815 1.1498e+07
0.00013569 1.1492e+07
0.00014323 1.1485e+07
0.00015077 1.1475e+07
0.00015831 1.146e+07
0.00016585 1.1441e+07
0.00017338 1.1414e+07
0.00018092 1.1378e+07
0.00018846 1.133e+07
0.000196 1.1267e+07
0.00020354 1.1184e+07
0.00021108 1.1078e+07
0.00021862 1.0944e+07
0.00022615 1.0776e+07
0.00023369 1.0568e+07
0.00024123 1.0314e+07
0.00024877 1.001e+07
0.00025631 9.6515e+06
0.00026385 9.2351e+06
0.00027138 8.7608e+06
0.00027892 8.2307e+06
0.00028646 7.6503e+06
0.000294 7.0283e+06
0.00030154 6.3763e+06
0.00030908 5.7085e+06
0.00031662 5.0405e+06
0.00032415 4.3884e+06
0.00033169 3.7671e+06
0.00033923 3.1894e+06
0.00034677 2.6648e+06
0.00035431 2.1995e+06
0.00036185 1.7956e+06
0.00036938 1.4523e+06
0.00037692 1.166e+06
0.00038446 9.3133e+05
0.000392 7.4175e+05
0.00039954 5.9057e+05
0.00040708 4.7125e+05
0.00041462 3.7783e+05
0.00042215 3.0514e+05
0.00042969 2.4879e+05
0.00043723 2.0522e+05
0.00044477 1.7156e+05
0.00045231 1.4558e+05
0.00045985 1.2553e+05
0.00046738 1.1008e+05
0.00047492 98219
0.00048246 89178
0.00049 82380
0.00049754 77390
0.00050508 73885
0.00051262 71626
0.00052015 70435
0.00052769 70184
0.00053523 70782
0.00054277 72168
0.00055031 74304
0.00055785 77170
0.00056538 80762
0.00057292 85089
0.00058046 90171
0.000588 96038
0.00059554 1.0273e+05
0.00060308 1.103e+05
0.00061062 1.1881e+05
0.00061815 1.2831e+05
0.00062569 1.389e+05
0.00063323 1.5065e+05
0.00064077 1.6367e+05
0.00064831 1.7806e+05
0.00065585 1.9393e+05
0.00066338 2.1142e+05
0.00067092 2.3065e+05
0.00067846 2.5178e+05
0.000686 2.7496e+05
0.00069354 3.0037e+05
0.00070108 3.2817e+05
0.00070862 3.5855e+05
0.00071615 3.9172e+05
0.00072369 4.2786e+05
0.00073123 4.672e+05
0.00073877 5.0994e+05
0.00074631 5.5631e+05
0.00075385 6.0653e+05
0.00076138 6.6082e+05
0.00076892 7.1942e+05
0.00077646 7.8254e+05
0.000784 8.5041e+05
0.00079154 9.2323e+05
0.00079908 1.0012e+06
0.00080662 1.0845e+06
0.00081415 1.1734e+06
0.00082169 1.2679e+06
0.00082923 1.3683e+06
0.00083677 1.4746e+06
0.00084431 1.587e+06
0.00085185 1.7054e+06
0.00085938 1.83e+06
0.00086692 1.9607e+06
0.00087446 2.0976e+06
0.000882 2.2405e+06
0.00088954 2.3894e+06
0.00089708 2.5441e+06
0.00090462 2.7045e+06
0.00091215 2.8704e+06
0.00091969 3.0415e+06
0.00092723 3.2176e+06
0.00093477 3.3984e+06
0.00094231 3.5835e+06
0.00094985 3.7726e+06
0.00095738 3.9653e+06
0.00096492 4.1612e+06
0.00097246 4.3599e+06
0.00098 4.5609e+06
0.00098754 4.7639e+06
0.00099508 4.9682e+06
0.0010026 5.1736e+06
0.0010102 5.3795e+06
0.0010177 5.5854e+06
0.0010252 5.7909e+06
0.0010328 5.9956e+06
0.0010403 6.199e+06
0.0010478 6.4007e+06
0.0010554 6.6003e+06
0.0010629 6.7974e+06
0.0010705 6.9917e+06
0.001078 7.1827e+06
0.0010855 7.3703e+06
0.0010931 7.5541e+06
0.0011006 7.7339e+06
0.0011082 7.9094e+06
0.0011157 8.0804e+06
0.0011232 8.2467e+06
0.0011308 8.4082e+06
0.0011383 8.5648e+06
0.0011458 8.7164e+06
0.0011534 8.8628e+06
0.0011609 9.0041e+06
0.0011685 9.1401e+06
0.001176 9.271e+06
0.0011835 9.3967e+06
0.0011911 9.5172e+06
0.0011986 9.6326e+06
0.0012062 9.743e+06
0.0012137 9.8484e+06
0.0012212 9.9489e+06
0.0012288 1.0045e+07
0.0012363 1.0136e+07
0.0012438 1.0222e+07
0.0012514 1.0304e+07
0.0012589 1.0382e+07
0.0012665 1.0456e+07
0.001274 1.0526e+07
0.0012815 1.0591e+07
0.0012891 1.0654e+07
0.0012966 1.0712e+07
0.0013042 1.0767e+07
0.0013117 1.0819e+07
0.0013192 1.0868e+07
0.0013268 1.0913e+07
0.0013343 1.0956e+07
0.0013418 1.0996e+07
0.0013494 1.1034e+07
0.0013569 1.1069e+07
0.0013645 1.1102e+07
0.001372 1.1133e+07
0.0013795 1.1161e+07
0.0013871 1.1188e+07
0.0013946 1.1213e+07
0.0014022 1.1236e+07
0.0014097 1.1257e+07
0.0014172 1.1277e+07
0.0014248 1.1296e+07
0.0014323 1.1313e+07
0.0014398 1.1329e+07
0.0014474 1.1344e+07
0.0014549 1.1357e+07
0.0014625 1.137e+07
0.00147 1.1381e+07
0.0014775 1.1392e+07
0.0014851 1.1402e+07
0.0014926 1.1411e+07
0.0015002 1.142e+07
0.0015077 1.1427e+07
0.0015152 1.1434e+07
0.0015228 1.1441e+07
0.0015303 1.1447e+07
0.0015378 1.1452e+07
0.0015454 1.1457e+07
0.0015529 1.1462e+07
0.0015605 1.1466e+07
0.001568 1.147e+07
0.0015755 1.1474e+07
0.0015831 1.1477e+07
0.0015906 1.148e+07
0.0015982 1.1483e+07
0.0016057 1.1485e+07
0.0016132 1.1487e+07
0.0016208 1.1489e+07
0.0016283 1.1491e+07
0.0016358 1.1493e+07
0.0016434 1.1494e+07
0.0016509 1.1496e+07
0.0016585 1.1497e+07
0.001666 1.1498e+07
0.0016735 1.1499e+07
0.0016811 1.15e+07
0.0016886 1.1501e+07
0.0016962 1.1502e+07
0.0017037 1.1502e+07
0.0017112 1.1503e+07
0.0017188 1.1504e+07
0.0017263 1.1504e+07
0.0017338 1.1505e+07
0.0017414 1.1505e+07
0.0017489 1.1505e+07
0.0017565 1.1506e+07
0.001764 1.1506e+07
0.0017715 1.1506e+07
0.0017791 1.1507e+07
0.0017866 1.1507e+07
0.0017942 1.1507e+07
0.0018017 1.1507e+07
0.0018092 1.1507e+07
0.0018168 1.1508e+07
0.0018243 1.1508e+07
0.0018318 1.1508e+07
0.0018394 1.1508e+07
0.0018469 1.1508e+07
0.0018545 1.1508e+07
0.001862 1.1508e+07
0.0018695 1.1508e+07
0.0018771 1.1508e+07
0.0018846 1.1508e+07
0.0018922 1.1508e+07
0.0018997 1.1508e+07
0.0019072 1.1508e+07
0.0019148 1.1508e+07
0.0019223 1.1508e+07
0.0019298 1.1508e+07
0.0019374 1.1509e+07
0.0019449 1.1509e+07
0.0019525 1.1509e+07
0.00196 1.1509e+07
0.0019675 1.1509e+07
0.0019751 1.1509e+07
0.0019826 1.1509e+07
0.0019902 1.1509e+07
0.0019977 1.1509e+07
0.0020052 1.1509e+07
0.0020128 1.1509e+07
0.0020203 1.1509e+07
0.0020278 1.1509e+07
0.0020354 1.1509e+07
0.0020429 1.1509e+07
0.0020505 1.1509e+07
0.002058 1.1509e+07
0.0020655 1.1509e+07
0.0020731 1.1509e+07
0.0020806 1.1509e+07
0.0020882 1.1509e+07
0.0020957 1.1509e+07
0.0021032 1.1509e+07
0.0021108 1.1509e+07
0.0021183 1.1509e+07
0.0021258 1.1509e+07
0.0021334 1.1509e+07
0.0021409 1.1509e+07
0.0021485 1.1509e+07
0.002156 1.1509e+07
0.0021635 1.1509e+07
0.0021711 1.1509e+07
0.0021786 1.1509e+07
0.0021862 1.1509e+07
0.0021937 1.1509e+07
0.0022012 1.1509e+07
0.0022088 1.1509e+07
0.0022163 1.1509e+07
0.0022238 1.1509e+07
0.0022314 1.1509e+07
0.0022389 1.1509e+07
0.0022465 1.1509e+07
0.002254 1.1509e+07
0.0022615 1.1509e+07
0.0022691 1.1509e+07
0.0022766 1.1509e+07
0.0022842 1.1509e+07
0.0022917 1.1509e+07
0.0022992 1.1509e+07
0.0023068 1.1509e+07
0.0023143 1.1509e+07
0.0023218 1.1509e+07
0.0023294 1.1509e+07
0.0023369 1.1509e+07
0.0023445 1.1509e+07
0.002352 1.1509e+07
0.0023595 1.1509e+07
0.0023671 1.1509e+07
0.0023746 1.1509e+07
0.0023822 1.1509e+07
0.0023897 1.1509e+07
0.0023972 1.1509e+07
0.0024048 1.1509e+07
0.0024123 1.1509e+07
0.0024198 1.1509e+07
0.0024274 1.1509e+07
0.0024349 1.1509e+07
0.0024425 1.1509e+07
0.00245 1.1509e+07
0.0024575 1.1509e+07
0.0024651 1.1509e+07
0.0024726 1.1509e+07
0.0024802 1.1509e+07
0.0024877 1.1509e+07
0.0024952 1.1509e+07
0.0025028 1.1509e+07
0.0025103 1.1509e+07
0.0025178 1.1509e+07
0.0025254 1.1509e+07
0.0025329 1.1509e+07
0.0025405 1.1509e+07
0.002548 1.1509e+07
0.0025555 1.1509e+07
0.0025631 1.1509e+07
0.0025706 1.1509e+07
0.0025782 1.1509e+07
0.0025857 1.1509e+07
0.0025932 1.1509e+07
0.0026008 1.1509e+07
0.0026083 1.1509e+07
0.0026158 1.1509e+07
0.0026234 1.1509e+07
0.0026309 1.1509e+07
0.0026385 1.1509e+07
0.002646 1.1509e+07
0.0026535 1.1509e+07
0.0026611 1.1509e+07
0.0026686 1.1509e+07
0.0026762 1.1509e+07
0.0026837 1.1509e+07
0.0026912 1.1509e+07
0.0026988 1.1509e+07
0.0027063 1.1509e+07
0.0027138 1.1509e+07
0.0027214 1.1509e+07
0.0027289 1.1509e+07
0.0027365 1.1509e+07
0.002744 1.1509e+07
0.0027515 1.1509e+07
0.0027591 1.1509e+07
0.0027666 1.1509e+07
0.0027742 1.1509e+07
0.0027817 1.1509e+07
0.0027892 1.1509e+07
0.0027968 1.1509e+07
0.0028043 1.1509e+07
0.0028118 1.1509e+07
0.0028194 1.1509e+07
0.0028269 1.1509e+07
0.0028345 1.1509e+07
0.002842 1.1509e+07
0.0028495 1.1509e+07
0.0028571 1.1509e+07
0.0028646 1.1509e+07
0.0028722 1.1509e+07
0.0028797 1.1509e+07
0.0028872 1.1509e+07
0.0028948 1.1509e+07
0.0029023 1.1509e+07
0.0029098 1.1509e+07
0.0029174 1.1509e+07
0.0029249 1.1509e+07
0.0029325 1.1509e+07
0.00294 1.1509e+07
0.0029475 1.1509e+07
0.0029551 1.1509e+07
0.0029626 1.1509e+07
0.0029702 1.1509e+07
0.0029777 1.1509e+07
0.0029852 1.1509e+07
0.0029928 1.1509e+07
0.0030003 1.1509e+07
0.0030078 1.1509e+07
0.0030154 1.1509e+07
0.0030229 1.1509e+07
0.0030305 1.1509e+07
0.003038 1.1509e+07
0.0030455 1.1509e+07
0.0030531 1.1509e+07
0.0030606 1.1509e+07
0.0030682 1.1509e+07
0.0030757 1.1509e+07
0.0030832 1.1509e+07
0.0030908 1.1509e+07
0.0030983 1.1509e+07
0.0031058 1.1509e+07
0.0031134 1.1509e+07
0.0031209 1.1509e+07
0.0031285 1.1509e+07
0.003136 1.1509e+07
0.0031435 1.1509e+07
0.0031511 1.1509e+07
0.0031586 1.1509e+07
0.0031662 1.1509e+07
0.0031737 1.1509e+07
0.0031812 1.1509e+07
0.0031888 1.1509e+07
0.0031963 1.1509e+07
0.0032038 1.1509e+07
0.0032114 1.1509e+07
0.0032189 1.1509e+07
0.0032265 1.1509e+07
0.003234 1.1509e+07
0.0032415 1.1509e+07
0.0032491 1.1509e+07
0.0032566 1.1509e+07
0.0032642 1.1509e+07
0.0032717 1.1509e+07
0.0032792 1.1509e+07
0.0032868 1.1509e+07
0.0032943 1.1509e+07
0.0033018 1.1509e+07
0.0033094 1.1509e+07
0.0033169 1.1509e+07
0.0033245 1.1509e+07
0.003332 1.1509e+07
0.0033395 1.1509e+07
0.0033471 1.1509e+07
0.0033546 1.1509e+07
0.0033622 1.1509e+07
0.0033697 1.1509e+07
0.0033772 1.1509e+07
0.0033848 1.1509e+07
0.0033923 1.1509e+07
0.0033998 1.1509e+07
0.0034074 1.1509e+07
0.0034149 1.1509e+07
0.0034225 1.1509e+07
0.00343 1.1509e+07
0.0034375 1.1509e+07
0.0034451 1.1509e+07
0.0034526 1.1509e+07
0.0034602 1.1509e+07
0.0034677 1.1509e+07
0.0034752 1.1509e+07
0.0034828 1.1509e+07
0.0034903 1.1509e+07
0.0034978 1.1509e+07
0.0035054 1.1509e+07
0.0035129 1.1509e+07
0.0035205 1.1509e+07
0.003528 1.1509e+07
0.0035355 1.1509e+07
0.0035431 1.1509e+07
0.0035506 1.1509e+07
0.0035582 1.1509e+07
0.0035657 1.1509e+07
0.0035732 1.1509e+07
0.0035808 1.1509e+07
0.0035883 1.1509e+07
0.0035958 1.1509e+07
0.0036034 1.1509e+07
0.0036109 1.1509e+07
0.0036185 1.1509e+07
0.003626 1.1509e+07
0.0036335 1.1509e+07
0.0036411 1.1509e+07
0.0036486 1.1509e+07
0.0036562 1.1509e+07
0.0036637 1.1509e+07
0.0036712 1.1509e+07
0.0036788 1.1509e+07
0.0036863 1.1509e+07
0.0036938 1.1509e+07
0.0037014 1.1509e+07
0.0037089 1.1509e+07
0.0037165 1.1509e+07
0.003724 1.1509e+07
0.0037315 1.1509e+07
0.0037391 1.1509e+07
0.0037466 1.1509e+07
0.0037542 1.1509e+07
0.0037617 1.1509e+07
0.0037692 1.1509e+07
0.0037768 1.1509e+07
0.0037843 1.1509e+07
0.0037918 1.1509e+07
0.0037994 1.1509e+07
0.0038069 1.1509e+07
0.0038145 1.1509e+07
0.003822 1.1509e+07
0.0038295 1.1509e+07
0.0038371 1.1509e+07
0.0038446 1.1509e+07
0.0038522 1.1509e+07
0.0038597 1.1509e+07
0.0038672 1.1509e+07
0.0038748 1.1509e+07
0.0038823 1.1509e+07
0.0038898 1.1509e+07
0.0038974 1.1509e+07
0.0039049 1.1509e+07
0.0039125 1.1509e+07
0.00392 1.1509e+07
0.0039275 1.1509e+07
0.0039351 1.1509e+07
0.0039426 1.1509e+07
0.0039502 1.1509e+07
0.0039577 1.1509e+07
0.0039652 1.1509e+07
0.0039728 1.1509e+07
0.0039803 1.1509e+07
0.0039878 1.1509e+07
0.0039954 1.1509e+07
0.0040029 1.1509e+07
0.0040105 1.1509e+07
0.004018 1.1509e+07
0.0040255 1.1509e+07
0.0040331 1.1509e+07
0.0040406 1.1509e+07
0.0040482 1.1509e+07
0.0040557 1.1509e+07
0.0040632 1.1509e+07
0.0040708 1.1509e+07
0.0040783 1.1509e+07
0.0040858 1.1509e+07
0.0040934 1.1509e+07
0.0041009 1.1509e+07
0.0041085 1.1509e+07
0.004116 1.1509e+07
0.0041235 1.1509e+07
0.0041311 1.1509e+07
0.0041386 1.1509e+07
0.0041462 1.1509e+07
0.0041537 1.1509e+07
0.0041612 1.1509e+07
0.0041688 1.1509e+07
0.0041763 1.1509e+07
0.0041838 1.1509e+07
0.0041914 1.1509e+07
0.0041989 1.1509e+07
0.0042065 1.1509e+07
0.004214 1.1509e+07
0.0042215 1.1509e+07
0.0042291 1.1509e+07
0.0042366 1.1509e+07
0.0042442 1.1509e+07
0.0042517 1.1509e+07
0.0042592 1.1509e+07
0.0042668 1.1509e+07
0.0042743 1.1509e+07
0.0042818 1.1509e+07
0.0042894 1.1509e+07
0.0042969 1.1509e+07
0.0043045 1.1509e+07
0.004312 1.1509e+07
0.0043195 1.1509e+07
0.0043271 1.1509e+07
0.0043346 1.1509e+07
0.0043422 1.1509e+07
0.0043497 1.1509e+07
0.0043572 1.1509e+07
0.0043648 1.1509e+07
0.0043723 1.1509e+07
0.0043798 1.1509e+07
0.0043874 1.1509e+07
0.0043949 1.1509e+07
0.0044025 1.1509e+07
0.00441 1.1509e+07
0.0044175 1.1509e+07
0.0044251 1.1509e+07
0.0044326 1.1509e+07
0.0044402 1.1509e+07
0.0044477 1.1509e+07
0.0044552 1.1509e+07
0.0044628 1.1509e+07
0.0044703 1.1509e+07
0.0044778 1.1509e+07
0.0044854 1.1509e+07
0.0044929 1.1509e+07
0.0045005 1.1509e+07
0.004508 1.1509e+07
0.0045155 1.1509e+07
0.0045231 1.1509e+07
0.0045306 1.1509e+07
0.0045382 1.1509e+07
0.0045457 1.1509e+07
0.0045532 1.1509e+07
0.0045608 1.1509e+07
0.0045683 1.1509e+07
0.0045758 1.1509e+07
0.0045834 1.1509e+07
0.0045909 1.1509e+07
0.0045985 1.1509e+07
0.004606 1.1509e+07
0.0046135 1.1509e+07
0.0046211 1.1509e+07
0.0046286 1.1509e+07
0.0046362 1.1509e+07
0.0046437 1.1509e+07
0.0046512 1.1509e+07
0.0046588 1.1509e+07
0.0046663 1.1509e+07
0.0046738 1.1509e+07
0.0046814 1.1509e+07
0.0046889 1.1509e+07
0.0046965 1.1509e+07
0.004704 1.1509e+07
0.0047115 1.1509e+07
0.0047191 1.1509e+07
0.0047266 1.1509e+07
0.0047342 1.1509e+07
0.0047417 1.1509e+07
0.0047492 1.1509e+07
0.0047568 1.1509e+07
0.0047643 1.1509e+07
0.0047718 1.1509e+07
0.0047794 1.1509e+07
0.0047869 1.1509e+07
0.0047945 1.1509e+07
0.004802 1.1509e+07
0.0048095 1.1509e+07
0.0048171 1.1509e+07
0.0048246 1.1509e+07
0.0048322 1.1509e+07
0.0048397 1.1509e+07
0.0048472 1.1509e+07
0.0048548 1.1509e+07
0.0048623 1.1509e+07
0.0048698 1.1509e+07
0.0048774 1.1509e+07
0.0048849 1.1509e+07
0.0048925 1.1509e+07
0.0049 1.1509e+07
0.0049075 1.1509e+07
0.0049151 1.1509e+07
0.0049226 1.1509e+07
0.0049302 1.1509e+07
0.0049377 1.1509e+07
0.0049452 1.1509e+07
0.0049528 1.1509e+07
0.0049603 1.1509e+07
0.0049678 1.1509e+07
0.0049754 1.1509e+07
0.0049829 1.1509e+07
0.0049905 1.1509e+07
0.004998 1.1509e+07
0.0050055 1.1509e+07
0.0050131 1.1509e+07
0.0050206 1.1509e+07
0.0050282 1.1509e+07
0.0050357 1.1509e+07
0.0050432 1.1509e+07
0.0050508 1.1509e+07
0.0050583 1.1509e+07
0.0050658 1.1509e+07
0.0050734 1.1509e+07
0.0050809 1.1509e+07
0.0050885 1.1509e+07
0.005096 1.1509e+07
0.0051035 1.1509e+07
0.0051111 1.1509e+07
0.0051186 1.1509e+07
0.0051262 1.1509e+07
0.0051337 1.1509e+07
0.0051412 1.1509e+07
0.0051488 1.1509e+07
0.0051563 1.1509e+07
0.0051638 1.1509e+07
0.0051714 1.1509e+07
0.0051789 1.1509e+07
0.0051865 1.1509e+07
0.005194 1.1509e+07
0.0052015 1.1509e+07
0.0052091 1.1509e+07
0.0052166 1.1509e+07
0.0052242 1.1509e+07
0.0052317 1.1509e+07
0.0052392 1.1509e+07
0.0052468 1.1509e+07
0.0052543 1.1509e+07
0.0052618 1.1509e+07
0.0052694 1.1509e+07
0.0052769 1.1509e+07
0.0052845 1.1509e+07
0.005292 1.1509e+07
0.0052995 1.1509e+07
0.0053071 1.1509e+07
0.0053146 1.1509e+07
0.0053222 1.1509e+07
0.0053297 1.1509e+07
0.0053372 1.1509e+07
0.0053448 1.1509e+07
0.0053523 1.1509e+07
0.0053598 1.1509e+07
0.0053674 1.1509e+07
0.0053749 1.1509e+07
0.0053825 1.1509e+07
0.00539 1.1509e+07
0.0053975 1.1509e+07
0.0054051 1.1509e+07
0.0054126 1.1509e+07
0.0054202 1.1509e+07
0.0054277 1.1509e+07
0.0054352 1.1509e+07
0.0054428 1.1509e+07
0.0054503 1.1509e+07
0.0054578 1.1509e+07
0.0054654 1.1509e+07
0.0054729 1.1509e+07
0.0054805 1.1509e+07
0.005488 1.1509e+07
0.0054955 1.1509e+07
0.0055031 1.1509e+07
0.0055106 1.1509e+07
0.0055182 1.1509e+07
0.0055257 1.1509e+07
0.0055332 1.1509e+07
0.0055408 1.1509e+07
0.0055483 1.1509e+07
0.0055558 1.1509e+07
0.0055634 1.1509e+07
0.0055709 1.1509e+07
0.0055785 1.1509e+07
0.005586 1.1509e+07
0.0055935 1.1509e+07
0.0056011 1.1509e+07
0.0056086 1.1509e+07
0.0056162 1.1509e+07
0.0056237 1.1509e+07
0.0056312 1.1509e+07
0.0056388 1.1509e+07
0.0056463 1.1509e+07
0.0056538 1.1509e+07
0.0056614 1.1509e+07
0.0056689 1.1509e+07
0.0056765 1.1509e+07
0.005684 1.1509e+07
0.0056915 1.1509e+07
0.0056991 1.1509e+07
0.0057066 1.1509e+07
0.0057142 1.1509e+07
0.0057217 1.1509e+07
0.0057292 1.1509e+07
0.0057368 1.1509e+07
0.0057443 1.1509e+07
0.0057518 1.1509e+07
0.0057594 1.1509e+07
0.0057669 1.1509e+07
0.0057745 1.1509e+07
0.005782 1.1509e+07
0.0057895 1.1509e+07
0.0057971 1.1509e+07
0.0058046 1.1509e+07
0.0058122 1.1509e+07
0.0058197 1.1509e+07
0.0058272 1.1509e+07
0.0058348 1.1509e+07
0.0058423 1.1509e+07
0.0058498 1.1509e+07
0.0058574 1.1509e+07
0.0058649 1.1509e+07
0.0058725 1.1509e+07
0.00588 1.1509e+07
0.0058875 1.1509e+07
0.0058951 1.1509e+07
0.0059026 1.1509e+07
0.0059102 1.1509e+07
0.0059177 1.1509e+07
0.0059252 1.1509e+07
0.0059328 1.1509e+07
0.0059403 1.1509e+07
0.0059478 1.1509e+07
0.0059554 1.1509e+07
0.0059629 1.1509e+07
0.0059705 1.1509e+07
0.005978 1.1509e+07
0.0059855 1.1509e+07
0.0059931 1.1509e+07
0.0060006 1.1509e+07
0.0060082 1.1509e+07
0.0060157 1.1509e+07
0.0060232 1.1509e+07
0.0060308 1.1509e+07
0.0060383 1.1509e+07
0.0060458 1.1509e+07
0.0060534 1.1509e+07
0.0060609 1.1509e+07
0.0060685 1.1509e+07
0.006076 1.1509e+07
0.0060835 1.1509e+07
0.0060911 1.1509e+07
0.0060986 1.1509e+07
0.0061062 1.1509e+07
0.0061137 1.1509e+07
0.0061212 1.1509e+07
0.0061288 1.1509e+07
0.0061363 1.1509e+07
0.0061438 1.1509e+07
0.0061514 1.1509e+07
0.0061589 1.1509e+07
0.0061665 1.1509e+07
0.006174 1.1509e+07
0.0061815 1.1509e+07
0.0061891 1.1509e+07
0.0061966 1.1509e+07
0.0062042 1.1509e+07
0.0062117 1.1509e+07
0.0062192 1.1509e+07
0.0062268 1.1509e+07
0.0062343 1.1509e+07
0.0062418 1.1509e+07
0.0062494 1.1509e+07
0.0062569 1.1509e+07
0.0062645 1.1509e+07
0.006272 1.1509e+07
0.0062795 1.1509e+07
0.0062871 1.1509e+07
0.0062946 1.1509e+07
0.0063022 1.1509e+07
0.0063097 1.1509e+07
0.0063172 1.1509e+07
0.0063248 1.1509e+07
0.0063323 1.1509e+07
0.0063398 1.1509e+07
0.0063474 1.1509e+07
0.0063549 1.1509e+07
0.0063625 1.1509e+07
0.00637 1.1509e+07
0.0063775 1.1509e+07
0.0063851 1.1509e+07
0.0063926 1.1509e+07
0.0064002 1.1509e+07
0.0064077 1.1509e+07
0.0064152 1.1509e+07
0.0064228 1.1509e+07
0.0064303 1.1509e+07
0.0064378 1.1509e+07
0.0064454 1.1509e+07
0.0064529 1.1509e+07
0.0064605 1.1509e+07
0.006468 1.1509e+07
0.0064755 1.1509e+07
0.0064831 1.1509e+07
0.0064906 1.1509e+07
0.0064982 1.1509e+07
0.0065057 1.1509e+07
0.0065132 1.1509e+07
0.0065208 1.1509e+07
0.0065283 1.1509e+07
0.0065358 1.1509e+07
0.0065434 1.1509e+07
0.0065509 1.1509e+07
0.0065585 1.1509e+07
0.006566 1.1509e+07
0.0065735 1.1509e+07
0.0065811 1.1509e+07
0.0065886 1.1509e+07
0.0065962 1.1509e+07
0.0066037 1.1509e+07
0.0066112 1.1509e+07
0.0066188 1.1509e+07
0.0066263 1.1509e+07
0.0066338 1.1509e+07
0.0066414 1.1509e+07
0.0066489 1.1509e+07
0.0066565 1.1509e+07
0.006664 1.1509e+07
0.0066715 1.1509e+07
0.0066791 1.1509e+07
0.0066866 1.1509e+07
0.0066942 1.1509e+07
0.0067017 1.1509e+07
0.0067092 1.1509e+07
0.0067168 1.1509e+07
0.0067243 1.1509e+07
0.0067318 1.1509e+07
0.0067394 1.1509e+07
0.0067469 1.1509e+07
0.0067545 1.1509e+07
0.006762 1.1509e+07
0.0067695 1.1509e+07
0.0067771 1.1509e+07
0.0067846 1.1509e+07
0.0067922 1.1509e+07
0.0067997 1.1509e+07
0.0068072 1.1509e+07
0.0068148 1.1509e+07
0.0068223 1.1509e+07
0.0068298 1.1509e+07
0.0068374 1.1509e+07
0.0068449 1.1509e+07
0.0068525 1.1509e+07
0.00686 1.1509e+07
0.0068675 1.1509e+07
0.0068751 1.1509e+07
0.0068826 1.1509e+07
0.0068902 1.1509e+07
0.0068977 1.1509e+07
0.0069052 1.1509e+07
0.0069128 1.1509e+07
0.0069203 1.1509e+07
0.0069278 1.1509e+07
0.0069354 1.1509e+07
0.0069429 1.1509e+07
0.0069505 1.1509e+07
0.006958 1.1509e+07
0.0069655 1.1509e+07
0.0069731 1.1509e+07
0.0069806 1.1509e+07
0.0069882 1.1509e+07
0.0069957 1.1509e+07
0.0070032 1.1509e+07
0.0070108 1.1509e+07
0.0070183 1.1509e+07
0.0070258 1.1509e+07
0.0070334 1.1509e+07
0.0070409 1.1509e+07
0.0070485 1.1509e+07
0.007056 1.1509e+07
0.0070635 1.1509e+07
0.0070711 1.1509e+07
0.0070786 1.1509e+07
0.0070862 1.1509e+07
0.0070937 1.1509e+07
0.0071012 1.1509e+07
0.0071088 1.1509e+07
0.0071163 1.1509e+07
0.0071238 1.1509e+07
0.0071314 1.1509e+07
0.0071389 1.1509e+07
0.0071465 1.1509e+07
0.007154 1.1509e+07
0.0071615 1.1509e+07
0.0071691 1.1509e+07
0.0071766 1.1509e+07
0.0071842 1.1509e+07
0.0071917 1.1509e+07
0.0071992 1.1509e+07
0.0072068 1.1509e+07
0.0072143 1.1509e+07
0.0072218 1.1509e+07
0.0072294 1.1509e+07
0.0072369 1.1509e+07
0.0072445 1.1509e+07
0.007252 1.1509e+07
0.0072595 1.1509e+07
0.0072671 1.1509e+07
0.0072746 1.1509e+07
0.0072822 1.1509e+07
0.0072897 1.1509e+07
0.0072972 1.1509e+07
0.0073048 1.1509e+07
0.0073123 1.1509e+07
0.0073198 1.1509e+07
0.0073274 1.1509e+07
0.0073349 1.1509e+07
0.0073425 1.1509e+07
0.00735 1.1509e+07
0.0073575 1.1509e+07
0.0073651 1.1509e+07
0.0073726 1.1509e+07
0.0073802 1.1509e+07
0.0073877 1.1509e+07
0.0073952 1.1509e+07
0.0074028 1.1509e+07
0.0074103 1.1509e+07
0.0074178 1.1509e+07
0.0074254 1.1509e+07
0.0074329 1.1509e+07
0.0074405 1.1509e+07
0.007448 1.1509e+07
0.0074555 1.1509e+07
0.0074631 1.1509e+07
0.0074706 1.1509e+07
0.0074782 1.1509e+07
0.0074857 1.1509e+07
0.0074932 1.1509e+07
0.0075008 1.1509e+07
0.0075083 1.1509e+07
0.0075158 1.1509e+07
0.0075234 1.1509e+07
0.0075309 1.1509e+07
0.0075385 1.1509e+07
0.007546 1.1509e+07
0.0075535 1.1509e+07
0.0075611 1.1509e+07
0.0075686 1.1509e+07
0.0075762 1.1509e+07
0.0075837 1.1509e+07
0.0075912 1.1509e+07
0.0075988 1.1509e+07
0.0076063 1.1509e+07
0.0076138 1.1509e+07
0.0076214 1.1509e+07
0.0076289 1.1509e+07
0.0076365 1.1509e+07
0.007644 1.1509e+07
0.0076515 1.1509e+07
0.0076591 1.1509e+07
0.0076666 1.1509e+07
0.0076742 1.1509e+07
0.0076817 1.1509e+07
0.0076892 1.1509e+07
0.0076968 1.1509e+07
0.0077043 1.1509e+07
0.0077118 1.1509e+07
0.0077194 1.1509e+07
0.0077269 1.1509e+07
0.0077345 1.1509e+07
0.007742 1.1509e+07
0.0077495 1.1509e+07
0.0077571 1.1509e+07
0.0077646 1.1509e+07
0.0077722 1.1509e+07
0.0077797 1.1509e+07
0.0077872 1.1509e+07
0.0077948 1.1509e+07
0.0078023 1.1509e+07
0.0078098 1.1509e+07
0.0078174 1.1509e+07
0.0078249 1.1509e+07
0.0078325 1.1509e+07
0.00784 1.1509e+07
0.0078475 1.1509e+07
0.0078551 1.1509e+07
0.0078626 1.1509e+07
0.0078702 1.1509e+07
0.0078777 1.1509e+07
0.0078852 1.1509e+07
0.0078928 1.1509e+07
0.0079003 1.1509e+07
0.0079078 1.1509e+07
0.0079154 1.1509e+07
0.0079229 1.1509e+07
0.0079305 1.1509e+07
0.007938 1.1509e+07
0.0079455 1.1509e+07
0.0079531 1.1509e+07
0.0079606 1.1509e+07
0.0079682 1.1509e+07
0.0079757 1.1509e+07
0.0079832 1.1509e+07
0.0079908 1.1509e+07
0.0079983 1.1509e+07
0.0080058 1.1509e+07
0.0080134 1.1509e+07
0.0080209 1.1509e+07
0.0080285 1.1509e+07
0.008036 1.1509e+07
0.0080435 1.1509e+07
0.0080511 1.1509e+07
0.0080586 1.1509e+07
0.0080662 1.1509e+07
0.0080737 1.1509e+07
0.0080812 1.1509e+07
0.0080888 1.1509e+07
0.0080963 1.1509e+07
0.0081038 1.1509e+07
0.0081114 1.1509e+07
0.0081189 1.1509e+07
0.0081265 1.1509e+07
0.008134 1.1509e+07
0.0081415 1.1509e+07
0.0081491 1.1509e+07
0.0081566 1.1509e+07
0.0081642 1.1509e+07
0.0081717 1.1509e+07
0.0081792 1.1509e+07
0.0081868 1.1509e+07
0.0081943 1.1509e+07
0.0082018 1.1509e+07
0.0082094 1.1509e+07
0.0082169 1.1509e+07
0.0082245 1.1509e+07
0.008232 1.1509e+07
0.0082395 1.1509e+07
0.0082471 1.1509e+07
0.0082546 1.1509e+07
0.0082622 1.1509e+07
0.0082697 1.1509e+07
0.0082772 1.1509e+07
0.0082848 1.1509e+07
0.0082923 1.1509e+07
0.0082998 1.1509e+07
0.0083074 1.1509e+07
0.0083149 1.1509e+07
0.0083225 1.1509e+07
0.00833 1.1509e+07
0.0083375 1.1509e+07
0.0083451 1.1509e+07
0.0083526 1.1509e+07
0.0083602 1.1509e+07
0.0083677 1.1509e+07
0.0083752 1.1509e+07
0.0083828 1.1509e+07
0.0083903 1.1509e+07
0.0083978 1.1509e+07
0.0084054 1.1509e+07
0.0084129 1.1509e+07
0.0084205 1.1509e+07
0.008428 1.1509e+07
0.0084355 1.1509e+07
0.0084431 1.1509e+07
0.0084506 1.1509e+07
0.0084582 1.1509e+07
0.0084657 1.1509e+07
0.0084732 1.1509e+07
0.0084808 1.1509e+07
0.0084883 1.1509e+07
0.0084958 1.1509e+07
0.0085034 1.1509e+07
0.0085109 1.1509e+07
0.0085185 1.1509e+07
0.008526 1.1509e+07
0.0085335 1.1509e+07
0.0085411 1.1509e+07
0.0085486 1.1509e+07
0.0085562 1.1509e+07
0.0085637 1.1509e+07
0.0085712 1.1509e+07
0.0085788 1.1509e+07
0.0085863 1.1509e+07
0.0085938 1.1509e+07
0.0086014 1.1509e+07
0.0086089 1.1509e+07
0.0086165 1.1509e+07
0.008624 1.1509e+07
0.0086315 1.1509e+07
0.0086391 1.1509e+07
0.0086466 1.1509e+07
0.0086542 1.1509e+07
0.0086617 1.1509e+07
0.0086692 1.1509e+07
0.0086768 1.1509e+07
0.0086843 1.1509e+07
0.0086918 1.1509e+07
0.0086994 1.1509e+07
0.0087069 1.1509e+07
0.0087145 1.1509e+07
0.008722 1.1509e+07
0.0087295 1.1509e+07
0.0087371 1.1509e+07
0.0087446 1.1509e+07
0.0087522 1.1509e+07
0.0087597 1.1509e+07
0.0087672 1.1509e+07
0.0087748 1.1509e+07
0.0087823 1.1509e+07
0.0087898 1.1509e+07
0.0087974 1.1509e+07
0.0088049 1.1509e+07
0.0088125 1.1509e+07
0.00882 1.1509e+07
0.0088275 1.1509e+07
0.0088351 1.1509e+07
0.0088426 1.1509e+07
0.0088502 1.1509e+07
0.0088577 1.1509e+07
0.0088652 1.1509e+07
0.0088728 1.1509e+07
0.0088803 1.1509e+07
0.0088878 1.1509e+07
0.0088954 1.1509e+07
0.0089029 1.1509e+07
0.0089105 1.1509e+07
0.008918 1.1509e+07
0.0089255 1.1509e+07
0.0089331 1.1509e+07
0.0089406 1.1509e+07
0.0089482 1.1509e+07
0.0089557 1.1509e+07
0.0089632 1.1509e+07
0.0089708 1.1509e+07
0.0089783 1.1509e+07
0.0089858 1.1509e+07
0.0089934 1.1509e+07
0.0090009 1.1509e+07
0.0090085 1.1509e+07
0.009016 1.1509e+07
0.0090235 1.1509e+07
0.0090311 1.1509e+07
0.0090386 1.1509e+07
0.0090462 1.1509e+07
0.0090537 1.1509e+07
0.0090612 1.1509e+07
0.0090688 1.1509e+07
0.0090763 1.1509e+07
0.0090838 1.1509e+07
0.0090914 1.1509e+07
0.0090989 1.1509e+07
0.0091065 1.1509e+07
0.009114 1.1509e+07
0.0091215 1.1509e+07
0.0091291 1.1509e+07
0.0091366 1.1509e+07
0.0091442 1.1509e+07
0.0091517 1.1509e+07
0.0091592 1.1509e+07
0.0091668 1.1509e+07
0.0091743 1.1509e+07
0.0091818 1.1509e+07
0.0091894 1.1509e+07
0.0091969 1.1509e+07
0.0092045 1.1509e+07
0.009212 1.1509e+07
0.0092195 1.1509e+07
0.0092271 1.1509e+07
0.0092346 1.1509e+07
0.0092422 1.1509e+07
0.0092497 1.1509e+07
0.0092572 1.1509e+07
0.0092648 1.1509e+07
0.0092723 1.1509e+07
0.0092798 1.1509e+07
0.0092874 1.1509e+07
0.0092949 1.1509e+07
0.0093025 1.1509e+07
0.00931 1.1509e+07
0.0093175 1.1509e+07
0.0093251 1.1509e+07
0.0093326 1.1509e+07
0.0093402 1.1509e+07
0.0093477 1.1509e+07
0.0093552 1.1509e+07
0.0093628 1.1509e+07
0.0093703 1.1509e+07
0.0093778 1.1509e+07
0.0093854 1.1509e+07
0.0093929 1.1509e+07
0.0094005 1.1509e+07
0.009408 1.1509e+07
0.0094155 1.1509e+07
0.0094231 1.1509e+07
0.0094306 1.1509e+07
0.0094382 1.1509e+07
0.0094457 1.1509e+07
0.0094532 1.1509e+07
0.0094608 1.1509e+07
0.0094683 1.1509e+07
0.0094758 1.1509e+07
0.0094834 1.1509e+07
0.0094909 1.1509e+07
0.0094985 1.1509e+07
0.009506 1.1509e+07
0.0095135 1.1509e+07
0.0095211 1.1509e+07
0.0095286 1.1509e+07
0.0095362 1.1509e+07
0.0095437 1.1509e+07
0.0095512 1.1509e+07
0.0095588 1.1509e+07
0.0095663 1.1509e+07
0.0095738 1.1509e+07
0.0095814 1.1509e+07
0.0095889 1.1509e+07
0.0095965 1.1509e+07
0.009604 1.1509e+07
0.0096115 1.1509e+07
0.0096191 1.1509e+07
0.0096266 1.1509e+07
0.0096342 1.1509e+07
0.0096417 1.1509e+07
0.0096492 1.1509e+07
0.0096568 1.1509e+07
0.0096643 1.1509e+07
0.0096718 1.1509e+07
0.0096794 1.1509e+07
0.0096869 1.1509e+07
0.0096945 1.1509e+07
0.009702 1.1509e+07
0.0097095 1.1509e+07
0.0097171 1.1509e+07
0.0097246 1.1509e+07
0.0097322 1.1509e+07
0.0097397 1.1509e+07
0.0097472 1.1509e+07
0.0097548 1.1509e+07
0.0097623 1.1509e+07
0.0097698 1.1509e+07
0.0097774 1.1509e+07
0.0097849 1.1509e+07
0.0097925 1.1509e+07
0.0098 1.1509e+07
0.0098075 1.1509e+07
0.0098151 1.1509e+07
0.0098226 1.1509e+07
0.0098302 1.1509e+07
0.0098377 1.1509e+07
0.0098452 1.1509e+07
0.0098528 1.1509e+07
0.0098603 1.1509e+07
0.0098678 1.1509e+07
0.0098754 1.1509e+07
0.0098829 1.1509e+07
0.0098905 1.1509e+07
0.009898 1.1509e+07
0.0099055 1.1509e+07
0.0099131 1.1509e+07
0.0099206 1.1509e+07
0.0099282 1.1509e+07
0.0099357 1.1509e+07
0.0099432 1.1509e+07
0.0099508 1.1509e+07
0.0099583 1.1509e+07
0.0099658 1.1509e+07
0.0099734 1.1509e+07
0.0099809 1.1509e+07
0.0099885 1.1509e+07
0.009996 1.1509e+07
0.010004 1.1509e+07
0.010011 1.1509e+07
0.010019 1.1509e+07
0.010026 1.1509e+07
0.010034 1.1509e+07
0.010041 1.1509e+07
0.010049 1.1509e+07
0.010056 1.1509e+07
0.010064 1.1509e+07
0.010071 1.1509e+07
0.010079 1.1509e+07
0.010086 1.1509e+07
0.010094 1.1509e+07
0.010102 1.1509e+07
0.010109 1.1509e+07
0.010117 1.1509e+07
0.010124 1.1509e+07
0.010132 1.1509e+07
0.010139 1.1509e+07
0.010147 1.1509e+07
0.010154 1.1509e+07
0.010162 1.1509e+07
0.010169 1.1509e+07
0.010177 1.1509e+07
0.010184 1.1509e+07
0.010192 1.1509e+07
0.0102 1.1509e+07
0.010207 1.1509e+07
0.010215 1.1509e+07
0.010222 1.1509e+07
0.01023 1.1509e+07
0.010237 1.1509e+07
0.010245 1.1509e+07
0.010252 1.1509e+07
0.01026 1.1509e+07
0.010267 1.1509e+07
0.010275 1.1509e+07
0.010282 1.1509e+07
0.01029 1.1509e+07
0.010298 1.1509e+07
0.010305 1.1509e+07
0.010313 1.1509e+07
0.01032 1.1509e+07
0.010328 1.1509e+07
0.010335 1.1509e+07
0.010343 1.1509e+07
0.01035 1.1509e+07
0.010358 1.1509e+07
0.010365 1.1509e+07
0.010373 1.1509e+07
0.01038 1.1509e+07
0.010388 1.1509e+07
0.010396 1.1509e+07
0.010403 1.1509e+07
0.010411 1.1509e+07
0.010418 1.1509e+07
0.010426 1.1509e+07
0.010433 1.1509e+07
0.010441 1.1509e+07
0.010448 1.1509e+07
0.010456 1.1509e+07
0.010463 1.1509e+07
0.010471 1.1509e+07
0.010478 1.1509e+07
0.010486 1.1509e+07
0.010494 1.1509e+07
0.010501 1.1509e+07
0.010509 1.1509e+07
0.010516 1.1509e+07
0.010524 1.1509e+07
0.010531 1.1509e+07
0.010539 1.1509e+07
0.010546 1.1509e+07
0.010554 1.1509e+07
0.010561 1.1509e+07
0.010569 1.1509e+07
0.010576 1.1509e+07
0.010584 1.1509e+07
0.010592 1.1509e+07
0.010599 1.1509e+07
0.010607 1.1509e+07
0.010614 1.1509e+07
0.010622 1.1509e+07
0.010629 1.1509e+07
0.010637 1.1509e+07
0.010644 1.1509e+07
0.010652 1.1509e+07
0.010659 1.1509e+07
0.010667 1.1509e+07
0.010674 1.1509e+07
0.010682 1.1509e+07
0.01069 1.1509e+07
0.010697 1.1509e+07
0.010705 1.1509e+07
0.010712 1.1509e+07
0.01072 1.1509e+07
0.010727 1.1509e+07
0.010735 1.1509e+07
0.010742 1.1509e+07
0.01075 1.1509e+07
0.010757 1.1509e+07
0.010765 1.1509e+07
0.010772 1.1509e+07
0.01078 1.1509e+07
0.010788 1.1509e+07
0.010795 1.1509e+07
0.010803 1.1509e+07
0.01081 1.1509e+07
0.010818 1.1509e+07
0.010825 1.1509e+07
0.010833 1.1509e+07
0.01084 1.1509e+07
0.010848 1.1509e+07
0.010855 1.1509e+07
0.010863 1.1509e+07
0.01087 1.1509e+07
0.010878 1.1509e+07
0.010886 1.1509e+07
0.010893 1.1509e+07
0.010901 1.1509e+07
0.010908 1.1509e+07
0.010916 1.1509e+07
0.010923 1.1509e+07
0.010931 1.1509e+07
0.010938 1.1509e+07
0.010946 1.1509e+07
0.010953 1.1509e+07
0.010961 1.1509e+07
0.010968 1.1509e+07
0.010976 1.1509e+07
0.010984 1.1509e+07
0.010991 1.1509e+07
0.010999 1.1509e+07
0.011006 1.1509e+07
0.011014 1.1509e+07
0.011021 1.1509e+07
0.011029 1.1509e+07
0.011036 1.1509e+07
0.011044 1.1509e+07
0.011051 1.1509e+07
0.011059 1.1509e+07
0.011066 1.1509e+07
0.011074 1.1509e+07
0.011082 1.1509e+07
0.011089 1.1509e+07
0.011097 1.1509e+07
0.011104 1.1509e+07
0.011112 1.1509e+07
0.011119 1.1509e+07
0.011127 1.1509e+07
0.011134 1.1509e+07
0.011142 1.1509e+07
0.011149 1.1509e+07
0.011157 1.1509e+07
0.011164 1.1509e+07
0.011172 1.1509e+07
0.01118 1.1509e+07
0.011187 1.1509e+07
0.011195 1.1509e+07
0.011202 1.1509e+07
0.01121 1.1509e+07
0.011217 1.1509e+07
0.011225 1.1509e+07
0.011232 1.1509e+07
0.01124 1.1509e+07
0.011247 1.1509e+07
0.011255 1.1509e+07
0.011262 1.1509e+07
0.01127 1.1509e+07
0.011278 1.1509e+07
0.011285 1.1509e+07
0.011293 1.1509e+07
0.0113 1.1509e+07
0.011308 1.1509e+07
0.011315 1.1509e+07
0.011323 1.1509e+07
0.01133 1.1509e+07
0.011338 1.1509e+07
0.011345 1.1509e+07
0.011353 1.1509e+07
0.01136 1.1509e+07
0.011368 1.1509e+07
0.011376 1.1509e+07
0.011383 1.1509e+07
0.011391 1.1509e+07
0.011398 1.1509e+07
0.011406 1.1509e+07
0.011413 1.1509e+07
0.011421 1.1509e+07
0.011428 1.1509e+07
0.011436 1.1509e+07
0.011443 1.1509e+07
0.011451 1.1509e+07
0.011458 1.1509e+07
0.011466 1.1509e+07
0.011474 1.1509e+07
0.011481 1.1509e+07
0.011489 1.1509e+07
0.011496 1.1509e+07
0.011504 1.1509e+07
0.011511 1.1509e+07
0.011519 1.1509e+07
0.011526 1.1509e+07
0.011534 1.1509e+07
0.011541 1.1509e+07
0.011549 1.1509e+07
0.011556 1.1509e+07
0.011564 1.1509e+07
0.011572 1.1509e+07
0.011579 1.1509e+07
0.011587 1.1509e+07
0.011594 1.1509e+07
0.011602 1.1509e+07
0.011609 1.1509e+07
0.011617 1.1509e+07
0.011624 1.1509e+07
0.011632 1.1509e+07
0.011639 1.1509e+07
0.011647 1.1509e+07
0.011654 1.1509e+07
0.011662 1.1509e+07
0.01167 1.1509e+07
0.011677 1.1509e+07
0.011685 1.1509e+07
0.011692 1.1509e+07
0.0117 1.1509e+07
0.011707 1.1509e+07
0.011715 1.1509e+07
0.011722 1.1509e+07
0.01173 1.1509e+07
0.011737 1.1509e+07
0.011745 1.1509e+07
0.011752 1.1509e+07
0.01176 1.1509e+07
0.011768 1.1509e+07
0.011775 1.1509e+07
0.011783 1.1509e+07
0.01179 1.1509e+07
0.011798 1.1509e+07
0.011805 1.1509e+07
0.011813 1.1509e+07
0.01182 1.1509e+07
0.011828 1.1509e+07
0.011835 1.1509e+07
0.011843 1.1509e+07
0.01185 1.1509e+07
0.011858 1.1509e+07
0.011866 1.1509e+07
0.011873 1.1509e+07
0.011881 1.1509e+07
0.011888 1.1509e+07
0.011896 1.1509e+07
0.011903 1.1509e+07
0.011911 1.1509e+07
0.011918 1.1509e+07
0.011926 1.1509e+07
0.011933 1.1509e+07
0.011941 1.1509e+07
0.011948 1.1509e+07
0.011956 1.1509e+07
0.011964 1.1509e+07
0.011971 1.1509e+07
0.011979 1.1509e+07
0.011986 1.1509e+07
0.011994 1.1509e+07
0.012001 1.1509e+07
0.012009 1.1509e+07
0.012016 1.1509e+07
0.012024 1.1509e+07
0.012031 1.1509e+07
0.012039 1.1509e+07
0.012046 1.1509e+07
0.012054 1.1509e+07
0.012062 1.1509e+07
0.012069 1.1509e+07
0.012077 1.1509e+07
0.012084 1.1509e+07
0.012092 1.1509e+07
0.012099 1.1509e+07
0.012107 1.1509e+07
0.012114 1.1509e+07
0.012122 1.1509e+07
0.012129 1.1509e+07
0.012137 1.1509e+07
0.012144 1.1509e+07
0.012152 1.1509e+07
0.01216 1.1509e+07
0.012167 1.1509e+07
0.012175 1.1509e+07
0.012182 1.1509e+07
0.01219 1.1509e+07
0.012197 1.1509e+07
0.012205 1.1509e+07
0.012212 1.1509e+07
0.01222 1.1509e+07
0.012227 1.1509e+07
0.012235 1.1509e+07
0.012242 1.1509e+07
0.01225 1.1509e+07
0.012258 1.1509e+07
0.012265 1.1509e+07
0.012273 1.1509e+07
0.01228 1.1509e+07
0.012288 1.1509e+07
0.012295 1.1509e+07
0.012303 1.1509e+07
0.01231 1.1509e+07
0.012318 1.1509e+07
0.012325 1.1509e+07
0.012333 1.1509e+07
0.01234 1.1509e+07
0.012348 1.1509e+07
0.012356 1.1509e+07
0.012363 1.1509e+07
0.012371 1.1509e+07
0.012378 1.1509e+07
0.012386 1.1509e+07
0.012393 1.1509e+07
0.012401 1.1509e+07
0.012408 1.1509e+07
0.012416 1.1509e+07
0.012423 1.1509e+07
0.012431 1.1509e+07
0.012438 1.1509e+07
0.012446 1.1509e+07
0.012454 1.1509e+07
0.012461 1.1509e+07
0.012469 1.1509e+07
0.012476 1.1509e+07
0.012484 1.1509e+07
0.012491 1.1509e+07
0.012499 1.1509e+07
0.012506 1.1509e+07
0.012514 1.1509e+07
0.012521 1.1509e+07
0.012529 1.1509e+07
0.012536 1.1509e+07
0.012544 1.1509e+07
0.012552 1.1509e+07
0.012559 1.1509e+07
0.012567 1.1509e+07
0.012574 1.1509e+07
0.012582 1.1509e+07
0.012589 1.1509e+07
0.012597 1.1509e+07
0.012604 1.1509e+07
0.012612 1.1509e+07
0.012619 1.1509e+07
0.012627 1.1509e+07
0.012634 1.1509e+07
0.012642 1.1509e+07
0.01265 1.1509e+07
0.012657 1.1509e+07
0.012665 1.1509e+07
0.012672 1.1509e+07
0.01268 1.1509e+07
0.012687 1.1509e+07
0.012695 1.1509e+07
0.012702 1.1509e+07
0.01271 1.1509e+07
0.012717 1.1509e+07
0.012725 1.1509e+07
0.012732 1.1509e+07
0.01274 1.1509e+07
0.012748 1.1509e+07
0.012755 1.1509e+07
0.012763 1.1509e+07
0.01277 1.1509e+07
0.012778 1.1509e+07
0.012785 1.1509e+07
0.012793 1.1509e+07
0.0128 1.1509e+07
0.012808 1.1509e+07
0.012815 1.1509e+07
0.012823 1.1509e+07
0.01283 1.1509e+07
0.012838 1.1509e+07
0.012846 1.1509e+07
0.012853 1.1509e+07
0.012861 1.1509e+07
0.012868 1.1509e+07
0.012876 1.1509e+07
0.012883 1.1509e+07
0.012891 1.1509e+07
0.012898 1.1509e+07
0.012906 1.1509e+07
0.012913 1.1509e+07
0.012921 1.1509e+07
0.012928 1.1509e+07
0.012936 1.1509e+07
0.012944 1.1509e+07
0.012951 1.1509e+07
0.012959 1.1509e+07
0.012966 1.1509e+07
0.012974 1.1509e+07
0.012981 1.1509e+07
0.012989 1.1509e+07
0.012996 1.1509e+07
0.013004 1.1509e+07
0.013011 1.1509e+07
0.013019 1.1509e+07
0.013026 1.1509e+07
0.013034 1.1509e+07
0.013042 1.1509e+07
0.013049 1.1509e+07
0.013057 1.1509e+07
0.013064 1.1509e+07
0.013072 1.1509e+07
0.013079 1.1509e+07
0.013087 1.1509e+07
0.013094 1.1509e+07
0.013102 1.1509e+07
0.013109 1.1509e+07
0.013117 1.1509e+07
0.013124 1.1509e+07
0.013132 1.1509e+07
0.01314 1.1509e+07
0.013147 1.1509e+07
0.013155 1.1509e+07
0.013162 1.1509e+07
0.01317 1.1509e+07
0.013177 1.1509e+07
0.013185 1.1509e+07
0.013192 1.1509e+07
0.0132 1.1509e+07
0.013207 1.1509e+07
0.013215 1.1509e+07
0.013222 1.1509e+07
0.01323 1.1509e+07
0.013238 1.1509e+07
0.013245 1.1509e+07
0.013253 1.1509e+07
0.01326 1.1509e+07
0.013268 1.1509e+07
0.013275 1.1509e+07
0.013283 1.1509e+07
0.01329 1.1509e+07
0.013298 1.1509e+07
0.013305 1.1509e+07
0.013313 1.1509e+07
0.01332 1.1509e+07
0.013328 1.1509e+07
0.013336 1.1509e+07
0.013343 1.1509e+07
0.013351 1.1509e+07
0.013358 1.1509e+07
0.013366 1.1509e+07
0.013373 1.1509e+07
0.013381 1.1509e+07
0.013388 1.1509e+07
0.013396 1.1509e+07
0.013403 1.1509e+07
0.013411 1.1509e+07
0.013418 1.1509e+07
0.013426 1.1509e+07
0.013434 1.1509e+07
0.013441 1.1509e+07
0.013449 1.1509e+07
0.013456 1.1509e+07
0.013464 1.1509e+07
0.013471 1.1509e+07
0.013479 1.1509e+07
0.013486 1.1509e+07
0.013494 1.1509e+07
0.013501 1.1509e+07
0.013509 1.1509e+07
0.013516 1.1509e+07
0.013524 1.1509e+07
0.013532 1.1509e+07
0.013539 1.1509e+07
0.013547 1.1509e+07
0.013554 1.1509e+07
0.013562 1.1509e+07
0.013569 1.1509e+07
0.013577 1.1509e+07
0.013584 1.1509e+07
0.013592 1.1509e+07
0.013599 1.1509e+07
0.013607 1.1509e+07
0.013614 1.1509e+07
0.013622 1.1509e+07
0.01363 1.1509e+07
0.013637 1.1509e+07
0.013645 1.1509e+07
0.013652 1.1509e+07
0.01366 1.1509e+07
0.013667 1.1509e+07
0.013675 1.1509e+07
0.013682 1.1509e+07
0.01369 1.1509e+07
0.013697 1.1509e+07
0.013705 1.1509e+07
0.013712 1.1509e+07
0.01372 1.1509e+07
0.013728 1.1509e+07
0.013735 1.1509e+07
0.013743 1.1509e+07
0.01375 1.1509e+07
0.013758 1.1509e+07
0.013765 1.1509e+07
0.013773 1.1509e+07
0.01378 1.1509e+07
0.013788 1.1509e+07
0.013795 1.1509e+07
0.013803 1.1509e+07
0.01381 1.1509e+07
0.013818 1.1509e+07
0.013826 1.1509e+07
0.013833 1.1509e+07
0.013841 1.1509e+07
0.013848 1.1509e+07
0.013856 1.1509e+07
0.013863 1.1509e+07
0.013871 1.1509e+07
0.013878 1.1509e+07
0.013886 1.1509e+07
0.013893 1.1509e+07
0.013901 1.1509e+07
0.013908 1.1509e+07
0.013916 1.1509e+07
0.013924 1.1509e+07
0.013931 1.1509e+07
0.013939 1.1509e+07
0.013946 1.1509e+07
0.013954 1.1509e+07
0.013961 1.1509e+07
0.013969 1.1509e+07
0.013976 1.1509e+07
0.013984 1.1509e+07
0.013991 1.1509e+07
0.013999 1.1509e+07
0.014006 1.1509e+07
0.014014 1.1509e+07
0.014022 1.1509e+07
0.014029 1.1509e+07
0.014037 1.1509e+07
0.014044 1.1509e+07
0.014052 1.1509e+07
0.014059 1.1509e+07
0.014067 1.1509e+07
0.014074 1.1509e+07
0.014082 1.1509e+07
0.014089 1.1509e+07
0.014097 1.1509e+07
0.014104 1.1509e+07
0.014112 1.1509e+07
0.01412 1.1509e+07
0.014127 1.1509e+07
0.014135 1.1509e+07
0.014142 1.1509e+07
0.01415 1.1509e+07
0.014157 1.1509e+07
0.014165 1.1509e+07
0.014172 1.1509e+07
0.01418 1.1509e+07
0.014187 1.1509e+07
0.014195 1.1509e+07
0.014202 1.1509e+07
0.01421 1.1509e+07
0.014218 1.1509e+07
0.014225 1.1509e+07
0.014233 1.1509e+07
0.01424 1.1509e+07
0.014248 1.1509e+07
0.014255 1.1509e+07
0.014263 1.1509e+07
0.01427 1.1509e+07
0.014278 1.1509e+07
0.014285 1.1509e+07
0.014293 1.1509e+07
0.0143 1.1509e+07
0.014308 1.1509e+07
0.014316 1.1509e+07
0.014323 1.1509e+07
0.014331 1.1509e+07
0.014338 1.1509e+07
0.014346 1.1509e+07
0.014353 1.1509e+07
0.014361 1.1509e+07
0.014368 1.1509e+07
0.014376 1.1509e+07
0.014383 1.1509e+07
0.014391 1.1509e+07
0.014398 1.1509e+07
0.014406 1.1509e+07
0.014414 1.1509e+07
0.014421 1.1509e+07
0.014429 1.1509e+07
0.014436 1.1509e+07
0.014444 1.1509e+07
0.014451 1.1509e+07
0.014459 1.1509e+07
0.014466 1.1509e+07
0.014474 1.1509e+07
0.014481 1.1509e+07
0.014489 1.1509e+07
0.014496 1.1509e+07
0.014504 1.1509e+07
0.014512 1.1509e+07
0.014519 1.1509e+07
0.014527 1.1509e+07
0.014534 1.1509e+07
0.014542 1.1509e+07
0.014549 1.1509e+07
0.014557 1.1509e+07
0.014564 1.1509e+07
0.014572 1.1509e+07
0.014579 1.1509e+07
0.014587 1.1509e+07
0.014594 1.1509e+07
0.014602 1.1509e+07
0.01461 1.1509e+07
0.014617 1.1509e+07
0.014625 1.1509e+07
0.014632 1.1509e+07
0.01464 1.1509e+07
0.014647 1.1509e+07
0.014655 1.1509e+07
0.014662 1.1509e+07
0.01467 1.1509e+07
0.014677 1.1509e+07
0.014685 1.1509e+07
0.014692 1.1509e+07
0.0147 1.1509e+07
0.014708 1.1509e+07
0.014715 1.1509e+07
0.014723 1.1509e+07
0.01473 1.1509e+07
0.014738 1.1509e+07
0.014745 1.1509e+07
0.014753 1.1509e+07
0.01476 1.1509e+07
0.014768 1.1509e+07
0.014775 1.1509e+07
0.014783 1.1509e+07
0.01479 1.1509e+07
0.014798 1.1509e+07
0.014806 1.1509e+07
0.014813 1.1509e+07
0.014821 1.1509e+07
0.014828 1.1509e+07
0.014836 1.1509e+07
0.014843 1.1509e+07
0.014851 1.1509e+07
0.014858 1.1509e+07
0.014866 1.1509e+07
0.014873 1.1509e+07
0.014881 1.1509e+07
0.014888 1.1509e+07
0.014896 1.1509e+07
0.014904 1.1509e+07
0.014911 1.1509e+07
0.014919 1.1509e+07
0.014926 1.1509e+07
0.014934 1.1509e+07
0.014941 1.1509e+07
0.014949 1.1509e+07
0.014956 1.1509e+07
0.014964 1.1509e+07
0.014971 1.1509e+07
0.014979 1.1509e+07
0.014986 1.1509e+07
0.014994 1.1509e+07
0.015002 1.1509e+07
0.015009 1.1509e+07
0.015017 1.1509e+07
0.015024 1.1509e+07
0.015032 1.1509e+07
0.015039 1.1509e+07
0.015047 1.1509e+07
0.015054 1.1509e+07
0.015062 1.1509e+07
0.015069 1.1509e+07
0.015077 1.1509e+07
0.015084 1.1509e+07
0.015092 1.1509e+07
0.0151 1.1509e+07
0.015107 1.1509e+07
0.015115 1.1509e+07
0.015122 1.1509e+07
0.01513 1.1509e+07
0.015137 1.1509e+07
0.015145 1.1509e+07
0.015152 1.1509e+07
0.01516 1.1509e+07
0.015167 1.1509e+07
0.015175 1.1509e+07
0.015182 1.1509e+07
0.01519 1.1509e+07
0.015198 1.1509e+07
0.015205 1.1509e+07
0.015213 1.1509e+07
0.01522 1.1509e+07
0.015228 1.1509e+07
0.015235 1.1509e+07
0.015243 1.1509e+07
0.01525 1.1509e+07
0.015258 1.1509e+07
0.015265 1.1509e+07
0.015273 1.1509e+07
0.01528 1.1509e+07
0.015288 1.1509e+07
0.015296 1.1509e+07
0.015303 1.1509e+07
0.015311 1.1509e+07
0.015318 1.1509e+07
0.015326 1.1509e+07
0.015333 1.1509e+07
0.015341 1.1509e+07
0.015348 1.1509e+07
0.015356 1.1509e+07
0.015363 1.1509e+07
0.015371 1.1509e+07
0.015378 1.1509e+07
0.015386 1.1509e+07
0.015394 1.1509e+07
0.015401 1.1509e+07
0.015409 1.1509e+07
0.015416 1.1509e+07
0.015424 1.1509e+07
0.015431 1.1509e+07
0.015439 1.1509e+07
0.015446 1.1509e+07
0.015454 1.1509e+07
0.015461 1.1509e+07
0.015469 1.1509e+07
0.015476 1.1509e+07
0.015484 1.1509e+07
0.015492 1.1509e+07
0.015499 1.1509e+07
0.015507 1.1509e+07
0.015514 1.1509e+07
0.015522 1.1509e+07
0.015529 1.1509e+07
0.015537 1.1509e+07
0.015544 1.1509e+07
0.015552 1.1509e+07
0.015559 1.1509e+07
0.015567 1.1509e+07
0.015574 1.1509e+07
0.015582 1.1509e+07
0.01559 1.1509e+07
0.015597 1.1509e+07
0.015605 1.1509e+07
0.015612 1.1509e+07
0.01562 1.1509e+07
0.015627 1.1509e+07
0.015635 1.1509e+07
0.015642 1.1509e+07
0.01565 1.1509e+07
0.015657 1.1509e+07
0.015665 1.1509e+07
0.015672 1.1509e+07
0.01568 1.1509e+07
0.015688 1.1509e+07
0.015695 1.1509e+07
0.015703 1.1509e+07
0.01571 1.1509e+07
0.015718 1.1509e+07
0.015725 1.1509e+07
0.015733 1.1509e+07
0.01574 1.1509e+07
0.015748 1.1509e+07
0.015755 1.1509e+07
0.015763 1.1509e+07
0.01577 1.1509e+07
0.015778 1.1509e+07
0.015786 1.1509e+07
0.015793 1.1509e+07
0.015801 1.1509e+07
0.015808 1.1509e+07
0.015816 1.1509e+07
0.015823 1.1509e+07
0.015831 1.1509e+07
0.015838 1.1509e+07
0.015846 1.1509e+07
0.015853 1.1509e+07
0.015861 1.1509e+07
0.015868 1.1509e+07
0.015876 1.1509e+07
0.015884 1.1509e+07
0.015891 1.1509e+07
0.015899 1.1509e+07
0.015906 1.1509e+07
0.015914 1.1509e+07
0.015921 1.1509e+07
0.015929 1.1509e+07
0.015936 1.1509e+07
0.015944 1.1509e+07
0.015951 1.1509e+07
0.015959 1.1509e+07
0.015966 1.1509e+07
0.015974 1.1509e+07
0.015982 1.1509e+07
0.015989 1.1509e+07
0.015997 1.1509e+07
0.016004 1.1509e+07
0.016012 1.1509e+07
0.016019 1.1509e+07
0.016027 1.1509e+07
0.016034 1.1509e+07
0.016042 1.1509e+07
0.016049 1.1509e+07
0.016057 1.1509e+07
0.016064 1.1509e+07
0.016072 1.1509e+07
0.01608 1.1509e+07
0.016087 1.1509e+07
0.016095 1.1509e+07
0.016102 1.1509e+07
0.01611 1.1509e+07
0.016117 1.1509e+07
0.016125 1.1509e+07
0.016132 1.1509e+07
0.01614 1.1509e+07
0.016147 1.1509e+07
0.016155 1.1509e+07
0.016162 1.1509e+07
0.01617 1.1509e+07
0.016178 1.1509e+07
0.016185 1.1509e+07
0.016193 1.1509e+07
0.0162 1.1509e+07
0.016208 1.1509e+07
0.016215 1.1509e+07
0.016223 1.1509e+07
0.01623 1.1509e+07
0.016238 1.1509e+07
0.016245 1.1509e+07
0.016253 1.1509e+07
0.01626 1.1509e+07
0.016268 1.1509e+07
0.016276 1.1509e+07
0.016283 1.1509e+07
0.016291 1.1509e+07
0.016298 1.1509e+07
0.016306 1.1509e+07
0.016313 1.1509e+07
0.016321 1.1509e+07
0.016328 1.1509e+07
0.016336 1.1509e+07
0.016343 1.1509e+07
0.016351 1.1509e+07
0.016358 1.1509e+07
0.016366 1.1509e+07
0.016374 1.1509e+07
0.016381 1.1509e+07
0.016389 1.1509e+07
0.016396 1.1509e+07
0.016404 1.1509e+07
0.016411 1.1509e+07
0.016419 1.1509e+07
0.016426 1.1509e+07
0.016434 1.1509e+07
0.016441 1.1509e+07
0.016449 1.1509e+07
0.016456 1.1509e+07
0.016464 1.1509e+07
0.016472 1.1509e+07
0.016479 1.1509e+07
0.016487 1.1509e+07
0.016494 1.1509e+07
0.016502 1.1509e+07
0.016509 1.1509e+07
0.016517 1.1509e+07
0.016524 1.1509e+07
0.016532 1.1509e+07
0.016539 1.1509e+07
0.016547 1.1509e+07
0.016554 1.1509e+07
0.016562 1.1509e+07
0.01657 1.1509e+07
0.016577 1.1509e+07
0.016585 1.1509e+07
0.016592 1.1509e+07
0.0166 1.1509e+07
0.016607 1.1509e+07
0.016615 1.1509e+07
0.016622 1.1509e+07
0.01663 1.1509e+07
0.016637 1.1509e+07
0.016645 1.1509e+07
0.016652 1.1509e+07
0.01666 1.1509e+07
0.016668 1.1509e+07
0.016675 1.1509e+07
0.016683 1.1509e+07
0.01669 1.1509e+07
0.016698 1.1509e+07
0.016705 1.1509e+07
0.016713 1.1509e+07
0.01672 1.1509e+07
0.016728 1.1509e+07
0.016735 1.1509e+07
0.016743 1.1509e+07
0.01675 1.1509e+07
0.016758 1.1509e+07
0.016766 1.1509e+07
0.016773 1.1509e+07
0.016781 1.1509e+07
0.016788 1.1509e+07
0.016796 1.1509e+07
0.016803 1.1509e+07
0.016811 1.1509e+07
0.016818 1.1509e+07
0.016826 1.1509e+07
0.016833 1.1509e+07
0.016841 1.1509e+07
0.016848 1.1509e+07
0.016856 1.1509e+07
0.016864 1.1509e+07
0.016871 1.1509e+07
0.016879 1.1509e+07
0.016886 1.1509e+07
0.016894 1.1509e+07
0.016901 1.1509e+07
0.016909 1.1509e+07
0.016916 1.1509e+07
0.016924 1.1509e+07
0.016931 1.1509e+07
0.016939 1.1509e+07
0.016946 1.1509e+07
0.016954 1.1509e+07
0.016962 1.1509e+07
0.016969 1.1509e+07
0.016977 1.1509e+07
0.016984 1.1509e+07
0.016992 1.1509e+07
0.016999 1.1509e+07
0.017007 1.1509e+07
0.017014 1.1509e+07
0.017022 1.1509e+07
0.017029 1.1509e+07
0.017037 1.1509e+07
0.017044 1.1509e+07
0.017052 1.1509e+07
0.01706 1.1509e+07
0.017067 1.1509e+07
0.017075 1.1509e+07
0.017082 1.1509e+07
0.01709 1.1509e+07
0.017097 1.1509e+07
0.017105 1.1509e+07
0.017112 1.1509e+07
0.01712 1.1509e+07
0.017127 1.1509e+07
0.017135 1.1509e+07
0.017142 1.1509e+07
0.01715 1.1509e+07
0.017158 1.1509e+07
0.017165 1.1509e+07
0.017173 1.1509e+07
0.01718 1.1509e+07
0.017188 1.1509e+07
0.017195 1.1509e+07
0.017203 1.1509e+07
0.01721 1.1509e+07
0.017218 1.1509e+07
0.017225 1.1509e+07
0.017233 1.1509e+07
0.01724 1.1509e+07
0.017248 1.1509e+07
0.017256 1.1509e+07
0.017263 1.1509e+07
0.017271 1.1509e+07
0.017278 1.1509e+07
0.017286 1.1509e+07
0.017293 1.1509e+07
0.017301 1.1509e+07
0.017308 1.1509e+07
0.017316 1.1509e+07
0.017323 1.1509e+07
0.017331 1.1509e+07
0.017338 1.1509e+07
0.017346 1.1509e+07
0.017354 1.1509e+07
0.017361 1.1509e+07
0.017369 1.1509e+07
0.017376 1.1509e+07
0.017384 1.1509e+07
0.017391 1.1509e+07
0.017399 1.1509e+07
0.017406 1.1509e+07
0.017414 1.1509e+07
0.017421 1.1509e+07
0.017429 1.1509e+07
0.017436 1.1509e+07
0.017444 1.1509e+07
0.017452 1.1509e+07
0.017459 1.1509e+07
0.017467 1.1509e+07
0.017474 1.1509e+07
0.017482 1.1509e+07
0.017489 1.1509e+07
0.017497 1.1509e+07
0.017504 1.1509e+07
0.017512 1.1509e+07
0.017519 1.1509e+07
0.017527 1.1509e+07
0.017534 1.1509e+07
0.017542 1.1509e+07
0.01755 1.1509e+07
0.017557 1.1509e+07
0.017565 1.1509e+07
0.017572 1.1509e+07
0.01758 1.1509e+07
0.017587 1.1509e+07
0.017595 1.1509e+07
0.017602 1.1509e+07
0.01761 1.1509e+07
0.017617 1.1509e+07
0.017625 1.1509e+07
0.017632 1.1509e+07
0.01764 1.1509e+07
0.017648 1.1509e+07
0.017655 1.1509e+07
0.017663 1.1509e+07
0.01767 1.1509e+07
0.017678 1.1509e+07
0.017685 1.1509e+07
0.017693 1.1509e+07
0.0177 1.1509e+07
0.017708 1.1509e+07
0.017715 1.1509e+07
0.017723 1.1509e+07
0.01773 1.1509e+07
0.017738 1.1509e+07
0.017746 1.1509e+07
0.017753 1.1509e+07
0.017761 1.1509e+07
0.017768 1.1509e+07
0.017776 1.1509e+07
0.017783 1.1509e+07
0.017791 1.1509e+07
0.017798 1.1509e+07
0.017806 1.1509e+07
0.017813 1.1509e+07
0.017821 1.1509e+07
0.017828 1.1509e+07
0.017836 1.1509e+07
0.017844 1.1509e+07
0.017851 1.1509e+07
0.017859 1.1509e+07
0.017866 1.1509e+07
0.017874 1.1509e+07
0.017881 1.1509e+07
0.017889 1.1509e+07
0.017896 1.1509e+07
0.017904 1.1509e+07
0.017911 1.1509e+07
0.017919 1.1509e+07
0.017926 1.1509e+07
0.017934 1.1509e+07
0.017942 1.1509e+07
0.017949 1.1509e+07
0.017957 1.1509e+07
0.017964 1.1509e+07
0.017972 1.1509e+07
0.017979 1.1509e+07
0.017987 1.1509e+07
0.017994 1.1509e+07
0.018002 1.1509e+07
0.018009 1.1509e+07
0.018017 1.1509e+07
0.018024 1.1509e+07
0.018032 1.1509e+07
0.01804 1.1509e+07
0.018047 1.1509e+07
0.018055 1.1509e+07
0.018062 1.1509e+07
0.01807 1.1509e+07
0.018077 1.1509e+07
0.018085 1.1509e+07
0.018092 1.1509e+07
0.0181 1.1509e+07
0.018107 1.1509e+07
0.018115 1.1509e+07
0.018122 1.1509e+07
0.01813 1.1509e+07
0.018138 1.1509e+07
0.018145 1.1509e+07
0.018153 1.1509e+07
0.01816 1.1509e+07
0.018168 1.1509e+07
0.018175 1.1509e+07
0.018183 1.1509e+07
0.01819 1.1509e+07
0.018198 1.1509e+07
0.018205 1.1509e+07
0.018213 1.1509e+07
0.01822 1.1509e+07
0.018228 1.1509e+07
0.018236 1.1509e+07
0.018243 1.1509e+07
0.018251 1.1509e+07
0.018258 1.1509e+07
0.018266 1.1509e+07
0.018273 1.1509e+07
0.018281 1.1509e+07
0.018288 1.1509e+07
0.018296 1.1509e+07
0.018303 1.1509e+07
0.018311 1.1509e+07
0.018318 1.1509e+07
0.018326 1.1509e+07
0.018334 1.1509e+07
0.018341 1.1509e+07
0.018349 1.1509e+07
0.018356 1.1509e+07
0.018364 1.1509e+07
0.018371 1.1509e+07
0.018379 1.1509e+07
0.018386 1.1509e+07
0.018394 1.1509e+07
0.018401 1.1509e+07
0.018409 1.1509e+07
0.018416 1.1509e+07
0.018424 1.1509e+07
0.018432 1.1509e+07
0.018439 1.1509e+07
0.018447 1.1509e+07
0.018454 1.1509e+07
0.018462 1.1509e+07
0.018469 1.1509e+07
0.018477 1.1509e+07
0.018484 1.1509e+07
0.018492 1.1509e+07
0.018499 1.1509e+07
0.018507 1.1509e+07
0.018514 1.1509e+07
0.018522 1.1509e+07
0.01853 1.1509e+07
0.018537 1.1509e+07
0.018545 1.1509e+07
0.018552 1.1509e+07
0.01856 1.1509e+07
0.018567 1.1509e+07
0.018575 1.1509e+07
0.018582 1.1509e+07
0.01859 1.1509e+07
0.018597 1.1509e+07
0.018605 1.1509e+07
0.018612 1.1509e+07
0.01862 1.1509e+07
0.018628 1.1509e+07
0.018635 1.1509e+07
0.018643 1.1509e+07
0.01865 1.1509e+07
0.018658 1.1509e+07
0.018665 1.1509e+07
0.018673 1.1509e+07
0.01868 1.1509e+07
0.018688 1.1509e+07
0.018695 1.1509e+07
0.018703 1.1509e+07
0.01871 1.1509e+07
0.018718 1.1509e+07
0.018726 1.1509e+07
0.018733 1.1509e+07
0.018741 1.1509e+07
0.018748 1.1509e+07
0.018756 1.1509e+07
0.018763 1.1509e+07
0.018771 1.1509e+07
0.018778 1.1509e+07
0.018786 1.1509e+07
0.018793 1.1509e+07
0.018801 1.1509e+07
0.018808 1.1509e+07
0.018816 1.1509e+07
0.018824 1.1509e+07
0.018831 1.1509e+07
0.018839 1.1509e+07
0.018846 1.1509e+07
0.018854 1.1509e+07
0.018861 1.1509e+07
0.018869 1.1509e+07
0.018876 1.1509e+07
0.018884 1.1509e+07
0.018891 1.1509e+07
0.018899 1.1509e+07
0.018906 1.1509e+07
0.018914 1.1509e+07
0.018922 1.1509e+07
0.018929 1.1509e+07
0.018937 1.1509e+07
0.018944 1.1509e+07
0.018952 1.1509e+07
0.018959 1.1509e+07
0.018967 1.1509e+07
0.018974 1.1509e+07
0.018982 1.1509e+07
0.018989 1.1509e+07
0.018997 1.1509e+07
0.019004 1.1509e+07
0.019012 1.1509e+07
0.01902 1.1509e+07
0.019027 1.1509e+07
0.019035 1.1509e+07
0.019042 1.1509e+07
0.01905 1.1509e+07
0.019057 1.1509e+07
0.019065 1.1509e+07
0.019072 1.1509e+07
0.01908 1.1509e+07
0.019087 1.1509e+07
0.019095 1.1509e+07
0.019102 1.1509e+07
0.01911 1.1509e+07
0.019118 1.1509e+07
0.019125 1.1509e+07
0.019133 1.1509e+07
0.01914 1.1509e+07
0.019148 1.1509e+07
0.019155 1.1509e+07
0.019163 1.1509e+07
0.01917 1.1509e+07
0.019178 1.1509e+07
0.019185 1.1509e+07
0.019193 1.1509e+07
0.0192 1.1509e+07
0.019208 1.1509e+07
0.019216 1.1509e+07
0.019223 1.1509e+07
0.019231 1.1509e+07
0.019238 1.1509e+07
0.019246 1.1509e+07
0.019253 1.1509e+07
0.019261 1.1509e+07
0.019268 1.1509e+07
0.019276 1.1509e+07
0.019283 1.1509e+07
0.019291 1.1509e+07
0.019298 1.1509e+07
0.019306 1.1509e+07
0.019314 1.1509e+07
0.019321 1.1509e+07
0.019329 1.1509e+07
0.019336 1.1509e+07
0.019344 1.1509e+07
0.019351 1.1509e+07
0.019359 1.1509e+07
0.019366 1.1509e+07
0.019374 1.1509e+07
0.019381 1.1509e+07
0.019389 1.1509e+07
0.019396 1.1509e+07
0.019404 1.1509e+07
0.019412 1.1509e+07
0.019419 1.1509e+07
0.019427 1.1509e+07
0.019434 1.1509e+07
0.019442 1.1509e+07
0.019449 1.1509e+07
0.019457 1.1509e+07
0.019464 1.1509e+07
0.019472 1.1509e+07
0.019479 1.1509e+07
0.019487 1.1509e+07
0.019494 1.1509e+07
0.019502 1.1509e+07
0.01951 1.1509e+07
0.019517 1.1509e+07
0.019525 1.1509e+07
0.019532 1.1509e+07
0.01954 1.1509e+07
0.019547 1.1509e+07
0.019555 1.1509e+07
0.019562 1.1509e+07
0.01957 1.1509e+07
0.019577 1.1509e+07
0.019585 1.1509e+07
0.019592 1.1509e+07
0.0196 1.1509e+07
0.019608 1.1509e+07
0.019615 1.1509e+07
0.019623 1.1509e+07
0.01963 1.1509e+07
0.019638 1.1509e+07
0.019645 1.1509e+07
0.019653 1.1509e+07
0.01966 1.1509e+07
0.019668 1.1509e+07
0.019675 1.1509e+07
0.019683 1.1509e+07
0.01969 1.1509e+07
0.019698 1.1509e+07
0.019706 1.1509e+07
0.019713 1.1509e+07
0.019721 1.1509e+07
0.019728 1.1509e+07
0.019736 1.1509e+07
0.019743 1.1509e+07
0.019751 1.1509e+07
0.019758 1.1509e+07
0.019766 1.1509e+07
0.019773 1.1509e+07
0.019781 1.1509e+07
0.019788 1.1509e+07
0.019796 1.1509e+07
0.019804 1.1509e+07
0.019811 1.1509e+07
0.019819 1.1509e+07
0.019826 1.1509e+07
0.019834 1.1509e+07
0.019841 1.1509e+07
0.019849 1.1509e+07
0.019856 1.1509e+07
0.019864 1.1509e+07
0.019871 1.1509e+07
0.019879 1.1509e+07
0.019886 1.1509e+07
0.019894 1.1509e+07
0.019902 1.1509e+07
0.019909 1.1509e+07
0.019917 1.1509e+07
0.019924 1.1509e+07
0.019932 1.1509e+07
0.019939 1.1509e+07
0.019947 1.1509e+07
0.019954 1.1509e+07
0.019962 1.1509e+07
0.019969 1.1509e+07
0.019977 1.1509e+07
0.019984 1.1509e+07
0.019992 1.1509e+07
0.02 1.1509e+07
0.020007 1.1509e+07
0.020015 1.1509e+07
0.020022 1.1509e+07
0.02003 1.1509e+07
0.020037 1.1509e+07
0.020045 1.1509e+07
0.020052 1.1509e+07
0.02006 1.1509e+07
0.020067 1.1509e+07
0.020075 1.1509e+07
0.020082 1.1509e+07
0.02009 1.1509e+07
0.020098 1.1509e+07
0.020105 1.1509e+07
0.020113 1.1509e+07
0.02012 1.1509e+07
0.020128 1.1509e+07
0.020135 1.1509e+07
0.020143 1.1509e+07
0.02015 1.1509e+07
0.020158 1.1509e+07
0.020165 1.1509e+07
0.020173 1.1509e+07
0.02018 1.1509e+07
0.020188 1.1509e+07
0.020196 1.1509e+07
0.020203 1.1509e+07
0.020211 1.1509e+07
0.020218 1.1509e+07
0.020226 1.1509e+07
0.020233 1.1509e+07
0.020241 1.1509e+07
0.020248 1.1509e+07
0.020256 1.1509e+07
0.020263 1.1509e+07
0.020271 1.1509e+07
0.020278 1.1509e+07
0.020286 1.1509e+07
0.020294 1.1509e+07
0.020301 1.1509e+07
0.020309 1.1509e+07
0.020316 1.1509e+07
0.020324 1.1509e+07
0.020331 1.1509e+07
0.020339 1.1509e+07
0.020346 1.1509e+07
0.020354 1.1509e+07
0.020361 1.1509e+07
0.020369 1.1509e+07
0.020376 1.1509e+07
0.020384 1.1509e+07
0.020392 1.1509e+07
0.020399 1.1509e+07
0.020407 1.1509e+07
0.020414 1.1509e+07
0.020422 1.1509e+07
0.020429 1.1509e+07
0.020437 1.1509e+07
0.020444 1.1509e+07
0.020452 1.1509e+07
0.020459 1.1509e+07
0.020467 1.1509e+07
0.020474 1.1509e+07
0.020482 1.1509e+07
0.02049 1.1509e+07
0.020497 1.1509e+07
0.020505 1.1509e+07
0.020512 1.1509e+07
0.02052 1.1509e+07
0.020527 1.1509e+07
0.020535 1.1509e+07
0.020542 1.1509e+07
0.02055 1.1509e+07
0.020557 1.1509e+07
0.020565 1.1509e+07
0.020572 1.1509e+07
0.02058 1.1509e+07
0.020588 1.1509e+07
0.020595 1.1509e+07
0.020603 1.1509e+07
0.02061 1.1509e+07
0.020618 1.1509e+07
0.020625 1.1509e+07
0.020633 1.1509e+07
0.02064 1.1509e+07
0.020648 1.1509e+07
0.020655 1.1509e+07
0.020663 1.1509e+07
0.02067 1.1509e+07
0.020678 1.1509e+07
0.020686 1.1509e+07
0.020693 1.1509e+07
0.020701 1.1509e+07
0.020708 1.1509e+07
0.020716 1.1509e+07
0.020723 1.1509e+07
0.020731 1.1509e+07
0.020738 1.1509e+07
0.020746 1.1509e+07
0.020753 1.1509e+07
0.020761 1.1509e+07
0.020768 1.1509e+07
0.020776 1.1509e+07
0.020784 1.1509e+07
0.020791 1.1509e+07
0.020799 1.1509e+07
0.020806 1.1509e+07
0.020814 1.1509e+07
0.020821 1.1509e+07
0.020829 1.1509e+07
0.020836 1.1509e+07
0.020844 1.1509e+07
0.020851 1.1509e+07
0.020859 1.1509e+07
0.020866 1.1509e+07
0.020874 1.1509e+07
0.020882 1.1509e+07
0.020889 1.1509e+07
0.020897 1.1509e+07
0.020904 1.1509e+07
0.020912 1.1509e+07
0.020919 1.1509e+07
0.020927 1.1509e+07
0.020934 1.1509e+07
0.020942 1.1509e+07
0.020949 1.1509e+07
0.020957 1.1509e+07
0.020964 1.1509e+07
0.020972 1.1509e+07
0.02098 1.1509e+07
0.020987 1.1509e+07
0.020995 1.1509e+07
0.021002 1.1509e+07
0.02101 1.1509e+07
0.021017 1.1509e+07
0.021025 1.1509e+07
0.021032 1.1509e+07
0.02104 1.1509e+07
0.021047 1.1509e+07
0.021055 1.1509e+07
0.021062 1.1509e+07
0.02107 1.1509e+07
0.021078 1.1509e+07
0.021085 1.1509e+07
0.021093 1.1509e+07
0.0211 1.1509e+07
0.021108 1.1509e+07
0.021115 1.1509e+07
0.021123 1.1509e+07
0.02113 1.1509e+07
0.021138 1.1509e+07
0.021145 1.1509e+07
0.021153 1.1509e+07
0.02116 1.1509e+07
0.021168 1.1509e+07
0.021176 1.1509e+07
0.021183 1.1509e+07
0.021191 1.1509e+07
0.021198 1.1509e+07
0.021206 1.1509e+07
0.021213 1.1509e+07
0.021221 1.1509e+07
0.021228 1.1509e+07
0.021236 1.1509e+07
0.021243 1.1509e+07
0.021251 1.1509e+07
0.021258 1.1509e+07
0.021266 1.1509e+07
0.021274 1.1509e+07
0.021281 1.1509e+07
0.021289 1.1509e+07
0.021296 1.1509e+07
0.021304 1.1509e+07
0.021311 1.1509e+07
0.021319 1.1509e+07
0.021326 1.1509e+07
0.021334 1.1509e+07
0.021341 1.1509e+07
0.021349 1.1509e+07
0.021356 1.1509e+07
0.021364 1.1509e+07
0.021372 1.1509e+07
0.021379 1.1509e+07
0.021387 1.1509e+07
0.021394 1.1509e+07
0.021402 1.1509e+07
0.021409 1.1509e+07
0.021417 1.1509e+07
0.021424 1.1509e+07
0.021432 1.1509e+07
0.021439 1.1509e+07
0.021447 1.1509e+07
0.021454 1.1509e+07
0.021462 1.1509e+07
0.02147 1.1509e+07
0.021477 1.1509e+07
0.021485 1.1509e+07
0.021492 1.1509e+07
0.0215 1.1509e+07
0.021507 1.1509e+07
0.021515 1.1509e+07
0.021522 1.1509e+07
0.02153 1.1509e+07
0.021537 1.1509e+07
0.021545 1.1509e+07
0.021552 1.1509e+07
0.02156 1.1509e+07
0.021568 1.1509e+07
0.021575 1.1509e+07
0.021583 1.1509e+07
0.02159 1.1509e+07
0.021598 1.1509e+07
0.021605 1.1509e+07
0.021613 1.1509e+07
0.02162 1.1509e+07
0.021628 1.1509e+07
0.021635 1.1509e+07
0.021643 1.1509e+07
0.02165 1.1509e+07
0.021658 1.1509e+07
0.021666 1.1509e+07
0.021673 1.1509e+07
0.021681 1.1509e+07
0.021688 1.1509e+07
0.021696 1.1509e+07
0.021703 1.1509e+07
0.021711 1.1509e+07
0.021718 1.1509e+07
0.021726 1.1509e+07
0.021733 1.1509e+07
0.021741 1.1509e+07
0.021748 1.1509e+07
0.021756 1.1509e+07
0.021764 1.1509e+07
0.021771 1.1509e+07
0.021779 1.1509e+07
0.021786 1.1509e+07
0.021794 1.1509e+07
0.021801 1.1509e+07
0.021809 1.1509e+07
0.021816 1.1509e+07
0.021824 1.1509e+07
0.021831 1.1509e+07
0.021839 1.1509e+07
0.021846 1.1509e+07
0.021854 1.1509e+07
0.021862 1.1509e+07
0.021869 1.1509e+07
0.021877 1.1509e+07
0.021884 1.1509e+07
0.021892 1.1509e+07
0.021899 1.1509e+07
0.021907 1.1509e+07
0.021914 1.1509e+07
0.021922 1.1509e+07
0.021929 1.1509e+07
0.021937 1.1509e+07
0.021944 1.1509e+07
0.021952 1.1509e+07
0.02196 1.1509e+07
0.021967 1.1509e+07
0.021975 1.1509e+07
0.021982 1.1509e+07
0.02199 1.1509e+07
0.021997 1.1509e+07
0.022005 1.1509e+07
0.022012 1.1509e+07
0.02202 1.1509e+07
0.022027 1.1509e+07
0.022035 1.1509e+07
0.022042 1.1509e+07
0.02205 1.1509e+07
0.022058 1.1509e+07
0.022065 1.1509e+07
0.022073 1.1509e+07
0.02208 1.1509e+07
0.022088 1.1509e+07
0.022095 1.1509e+07
0.022103 1.1509e+07
0.02211 1.1509e+07
0.022118 1.1509e+07
0.022125 1.1509e+07
0.022133 1.1509e+07
0.02214 1.1509e+07
0.022148 1.1509e+07
0.022156 1.1509e+07
0.022163 1.1509e+07
0.022171 1.1509e+07
0.022178 1.1509e+07
0.022186 1.1509e+07
0.022193 1.1509e+07
0.022201 1.1509e+07
0.022208 1.1509e+07
0.022216 1.1509e+07
0.022223 1.1509e+07
0.022231 1.1509e+07
0.022238 1.1509e+07
0.022246 1.1509e+07
0.022254 1.1509e+07
0.022261 1.1509e+07
0.022269 1.1509e+07
0.022276 1.1509e+07
0.022284 1.1509e+07
0.022291 1.1509e+07
0.022299 1.1509e+07
0.022306 1.1509e+07
0.022314 1.1509e+07
0.022321 1.1509e+07
0.022329 1.1509e+07
0.022336 1.1509e+07
0.022344 1.1509e+07
0.022352 1.1509e+07
0.022359 1.1509e+07
0.022367 1.1509e+07
0.022374 1.1509e+07
0.022382 1.1509e+07
0.022389 1.1509e+07
0.022397 1.1509e+07
0.022404 1.1509e+07
0.022412 1.1509e+07
0.022419 1.1509e+07
0.022427 1.1509e+07
0.022434 1.1509e+07
0.022442 1.1509e+07
0.02245 1.1509e+07
0.022457 1.1509e+07
0.022465 1.1509e+07
0.022472 1.1509e+07
0.02248 1.1509e+07
0.022487 1.1509e+07
0.022495 1.1509e+07
0.022502 1.1509e+07
0.02251 1.1509e+07
0.022517 1.1509e+07
0.022525 1.1509e+07
0.022532 1.1509e+07
0.02254 1.1509e+07
0.022548 1.1509e+07
0.022555 1.1509e+07
0.022563 1.1509e+07
0.02257 1.1509e+07
0.022578 1.1509e+07
0.022585 1.1509e+07
0.022593 1.1509e+07
0.0226 1.1509e+07
0.022608 1.1509e+07
0.022615 1.1509e+07
0.022623 1.1509e+07
0.02263 1.1509e+07
0.022638 1.1509e+07
0.022646 1.1509e+07
0.022653 1.1509e+07
0.022661 1.1509e+07
0.022668 1.1509e+07
0.022676 1.1509e+07
0.022683 1.1509e+07
0.022691 1.1509e+07
0.022698 1.1509e+07
0.022706 1.1509e+07
0.022713 1.1509e+07
0.022721 1.1509e+07
0.022728 1.1509e+07
0.022736 1.1509e+07
0.022744 1.1509e+07
0.022751 1.1509e+07
0.022759 1.1509e+07
0.022766 1.1509e+07
0.022774 1.1509e+07
0.022781 1.1509e+07
0.022789 1.1509e+07
0.022796 1.1509e+07
0.022804 1.1509e+07
0.022811 1.1509e+07
0.022819 1.1509e+07
0.022826 1.1509e+07
0.022834 1.1509e+07
0.022842 1.1509e+07
0.022849 1.1509e+07
0.022857 1.1509e+07
0.022864 1.1509e+07
0.022872 1.1509e+07
0.022879 1.1509e+07
0.022887 1.1509e+07
0.022894 1.1509e+07
0.022902 1.1509e+07
0.022909 1.1509e+07
0.022917 1.1509e+07
0.022924 1.1509e+07
0.022932 1.1509e+07
0.02294 1.1509e+07
0.022947 1.1509e+07
0.022955 1.1509e+07
0.022962 1.1509e+07
0.02297 1.1509e+07
0.022977 1.1509e+07
0.022985 1.1509e+07
0.022992 1.1509e+07
0.023 1.1509e+07
0.023007 1.1509e+07
0.023015 1.1509e+07
0.023022 1.1509e+07
0.02303 1.1509e+07
0.023038 1.1509e+07
0.023045 1.1509e+07
0.023053 1.1509e+07
0.02306 1.1509e+07
0.023068 1.1509e+07
0.023075 1.1509e+07
0.023083 1.1509e+07
0.02309 1.1509e+07
0.023098 1.1509e+07
0.023105 1.1509e+07
0.023113 1.1509e+07
0.02312 1.1509e+07
0.023128 1.1509e+07
0.023136 1.1509e+07
0.023143 1.1509e+07
0.023151 1.1509e+07
0.023158 1.1509e+07
0.023166 1.1509e+07
0.023173 1.1509e+07
0.023181 1.1509e+07
0.023188 1.1509e+07
0.023196 1.1509e+07
0.023203 1.1509e+07
0.023211 1.1509e+07
0.023218 1.1509e+07
0.023226 1.1509e+07
0.023234 1.1509e+07
0.023241 1.1509e+07
0.023249 1.1509e+07
0.023256 1.1509e+07
0.023264 1.1509e+07
0.023271 1.1509e+07
0.023279 1.1509e+07
0.023286 1.1509e+07
0.023294 1.1509e+07
0.023301 1.1509e+07
0.023309 1.1509e+07
0.023316 1.1509e+07
0.023324 1.1509e+07
0.023332 1.1509e+07
0.023339 1.1509e+07
0.023347 1.1509e+07
0.023354 1.1509e+07
0.023362 1.1509e+07
0.023369 1.1509e+07
0.023377 1.1509e+07
0.023384 1.1509e+07
0.023392 1.1509e+07
0.023399 1.1509e+07
0.023407 1.1509e+07
0.023414 1.1509e+07
0.023422 1.1509e+07
0.02343 1.1509e+07
0.023437 1.1509e+07
0.023445 1.1509e+07
0.023452 1.1509e+07
0.02346 1.1509e+07
0.023467 1.1509e+07
0.023475 1.1509e+07
0.023482 1.1509e+07
0.02349 1.1509e+07
0.023497 1.1509e+07
0.023505 1.1509e+07
0.023512 1.1509e+07
0.02352 1.1509e+07
0.023528 1.1509e+07
0.023535 1.1509e+07
0.023543 1.1509e+07
0.02355 1.1509e+07
0.023558 1.1509e+07
0.023565 1.1509e+07
0.023573 1.1509e+07
0.02358 1.1509e+07
0.023588 1.1509e+07
0.023595 1.1509e+07
0.023603 1.1509e+07
0.02361 1.1509e+07
0.023618 1.1509e+07
0.023626 1.1509e+07
0.023633 1.1509e+07
0.023641 1.1509e+07
0.023648 1.1509e+07
0.023656 1.1509e+07
0.023663 1.1509e+07
0.023671 1.1509e+07
0.023678 1.1509e+07
0.023686 1.1509e+07
0.023693 1.1509e+07
0.023701 1.1509e+07
0.023708 1.1509e+07
0.023716 1.1509e+07
0.023724 1.1509e+07
0.023731 1.1509e+07
0.023739 1.1509e+07
0.023746 1.1509e+07
0.023754 1.1509e+07
0.023761 1.1509e+07
0.023769 1.1509e+07
0.023776 1.1509e+07
0.023784 1.1509e+07
0.023791 1.1509e+07
0.023799 1.1509e+07
0.023806 1.1509e+07
0.023814 1.1509e+07
0.023822 1.1509e+07
0.023829 1.1509e+07
0.023837 1.1509e+07
0.023844 1.1509e+07
0.023852 1.1509e+07
0.023859 1.1509e+07
0.023867 1.1509e+07
0.023874 1.1509e+07
0.023882 1.1509e+07
0.023889 1.1509e+07
0.023897 1.1509e+07
0.023904 1.1509e+07
0.023912 1.1509e+07
0.02392 1.1509e+07
0.023927 1.1509e+07
0.023935 1.1509e+07
0.023942 1.1509e+07
0.02395 1.1509e+07
0.023957 1.1509e+07
0.023965 1.1509e+07
0.023972 1.1509e+07
0.02398 1.1509e+07
0.023987 1.1509e+07
0.023995 1.1509e+07
0.024002 1.1509e+07
0.02401 1.1509e+07
0.024018 1.1509e+07
0.024025 1.1509e+07
0.024033 1.1509e+07
0.02404 1.1509e+07
0.024048 1.1509e+07
0.024055 1.1509e+07
0.024063 1.1509e+07
0.02407 1.1509e+07
0.024078 1.1509e+07
0.024085 1.1509e+07
0.024093 1.1509e+07
0.0241 1.1509e+07
0.024108 1.1509e+07
0.024116 1.1509e+07
0.024123 1.1509e+07
0.024131 1.1509e+07
0.024138 1.1509e+07
0.024146 1.1509e+07
0.024153 1.1509e+07
0.024161 1.1509e+07
0.024168 1.1509e+07
0.024176 1.1509e+07
0.024183 1.1509e+07
0.024191 1.1509e+07
0.024198 1.1509e+07
0.024206 1.1509e+07
0.024214 1.1509e+07
0.024221 1.1509e+07
0.024229 1.1509e+07
0.024236 1.1509e+07
0.024244 1.1509e+07
0.024251 1.1509e+07
0.024259 1.1509e+07
0.024266 1.1509e+07
0.024274 1.1509e+07
0.024281 1.1509e+07
0.024289 1.1509e+07
0.024296 1.1509e+07
0.024304 1.1509e+07
0.024312 1.1509e+07
0.024319 1.1509e+07
0.024327 1.1509e+07
0.024334 1.1509e+07
0.024342 1.1509e+07
0.024349 1.1509e+07
0.024357 1.1509e+07
0.024364 1.1509e+07
0.024372 1.1509e+07
0.024379 1.1509e+07
0.024387 1.1509e+07
0.024394 1.1509e+07
0.024402 1.1509e+07
0.02441 1.1509e+07
0.024417 1.1509e+07
0.024425 1.1509e+07
0.024432 1.1509e+07
0.02444 1.1509e+07
0.024447 1.1509e+07
0.024455 1.1509e+07
0.024462 1.1509e+07
0.02447 1.1509e+07
0.024477 1.1509e+07
0.024485 1.1509e+07
0.024492 1.1509e+07
0.0245 1.1509e+07
0.024508 1.1509e+07
0.024515 1.1509e+07
0.024523 1.1509e+07
0.02453 1.1509e+07
0.024538 1.1509e+07
0.024545 1.1509e+07
0.024553 1.1509e+07
0.02456 1.1509e+07
0.024568 1.1509e+07
0.024575 1.1509e+07
0.024583 1.1509e+07
0.02459 1.1509e+07
0.024598 1.1509e+07
0.024606 1.1509e+07
0.024613 1.1509e+07
0.024621 1.1509e+07
0.024628 1.1509e+07
0.024636 1.1509e+07
0.024643 1.1509e+07
0.024651 1.1509e+07
0.024658 1.1509e+07
0.024666 1.1509e+07
0.024673 1.1509e+07
0.024681 1.1509e+07
0.024688 1.1509e+07
0.024696 1.1509e+07
0.024704 1.1509e+07
0.024711 1.1509e+07
0.024719 1.1509e+07
0.024726 1.1509e+07
0.024734 1.1509e+07
0.024741 1.1509e+07
0.024749 1.1509e+07
0.024756 1.1509e+07
0.024764 1.1509e+07
0.024771 1.1509e+07
0.024779 1.1509e+07
0.024786 1.1509e+07
0.024794 1.1509e+07
0.024802 1.1509e+07
0.024809 1.1509e+07
0.024817 1.1509e+07
0.024824 1.1509e+07
0.024832 1.1509e+07
0.024839 1.1509e+07
0.024847 1.1509e+07
0.024854 1.1509e+07
0.024862 1.1509e+07
0.024869 1.1509e+07
0.024877 1.1509e+07
0.024884 1.1509e+07
0.024892 1.1509e+07
0.0249 1.1509e+07
0.024907 1.1509e+07
0.024915 1.1509e+07
0.024922 1.1509e+07
0.02493 1.1509e+07
0.024937 1.1509e+07
0.024945 1.1509e+07
0.024952 1.1509e+07
0.02496 1.1509e+07
0.024967 1.1509e+07
0.024975 1.1509e+07
0.024982 1.1509e+07
0.02499 1.1509e+07
0.024998 1.1509e+07
0.025005 1.1509e+07
0.025013 1.1509e+07
0.02502 1.1509e+07
0.025028 1.1509e+07
0.025035 1.1509e+07
0.025043 1.1509e+07
0.02505 1.1509e+07
0.025058 1.1509e+07
0.025065 1.1509e+07
0.025073 1.1509e+07
0.02508 1.1509e+07
0.025088 1.1509e+07
0.025096 1.1509e+07
0.025103 1.1509e+07
0.025111 1.1509e+07
0.025118 1.1509e+07
0.025126 1.1509e+07
0.025133 1.1509e+07
0.025141 1.1509e+07
0.025148 1.1509e+07
0.025156 1.1509e+07
0.025163 1.1509e+07
0.025171 1.1509e+07
0.025178 1.1509e+07
0.025186 1.1509e+07
0.025194 1.1509e+07
0.025201 1.1509e+07
0.025209 1.1509e+07
0.025216 1.1509e+07
0.025224 1.1509e+07
0.025231 1.1509e+07
0.025239 1.1509e+07
0.025246 1.1509e+07
0.025254 1.1509e+07
0.025261 1.1509e+07
0.025269 1.1509e+07
0.025276 1.1509e+07
0.025284 1.1509e+07
0.025292 1.1509e+07
0.025299 1.1509e+07
0.025307 1.1509e+07
0.025314 1.1509e+07
0.025322 1.1509e+07
0.025329 1.1509e+07
0.025337 1.1509e+07
0.025344 1.1509e+07
0.025352 1.1509e+07
0.025359 1.1509e+07
0.025367 1.1509e+07
0.025374 1.1509e+07
0.025382 1.1509e+07
0.02539 1.1509e+07
0.025397 1.1509e+07
0.025405 1.1509e+07
0.025412 1.1509e+07
0.02542 1.1509e+07
0.025427 1.1509e+07
0.025435 1.1509e+07
0.025442 1.1509e+07
0.02545 1.1509e+07
0.025457 1.1509e+07
0.025465 1.1509e+07
0.025472 1.1509e+07
0.02548 1.1509e+07
0.025488 1.1509e+07
0.025495 1.1509e+07
0.025503 1.1509e+07
0.02551 1.1509e+07
0.025518 1.1509e+07
0.025525 1.1509e+07
0.025533 1.1509e+07
0.02554 1.1509e+07
0.025548 1.1509e+07
0.025555 1.1509e+07
0.025563 1.1509e+07
0.02557 1.1509e+07
0.025578 1.1509e+07
0.025586 1.1509e+07
0.025593 1.1509e+07
0.025601 1.1509e+07
0.025608 1.1509e+07
0.025616 1.1509e+07
0.025623 1.1509e+07
0.025631 1.1509e+07
0.025638 1.1509e+07
0.025646 1.1509e+07
0.025653 1.1509e+07
0.025661 1.1509e+07
0.025668 1.1509e+07
0.025676 1.1509e+07
0.025684 1.1509e+07
0.025691 1.1509e+07
0.025699 1.1509e+07
0.025706 1.1509e+07
0.025714 1.1509e+07
0.025721 1.1509e+07
0.025729 1.1509e+07
0.025736 1.1509e+07
0.025744 1.1509e+07
0.025751 1.1509e+07
0.025759 1.1509e+07
0.025766 1.1509e+07
0.025774 1.1509e+07
0.025782 1.1509e+07
0.025789 1.1509e+07
0.025797 1.1509e+07
0.025804 1.1509e+07
0.025812 1.1509e+07
0.025819 1.1509e+07
0.025827 1.1509e+07
0.025834 1.1509e+07
0.025842 1.1509e+07
0.025849 1.1509e+07
0.025857 1.1509e+07
0.025864 1.1509e+07
0.025872 1.1509e+07
0.02588 1.1509e+07
0.025887 1.1509e+07
0.025895 1.1509e+07
0.025902 1.1509e+07
0.02591 1.1509e+07
0.025917 1.1509e+07
0.025925 1.1509e+07
0.025932 1.1509e+07
0.02594 1.1509e+07
0.025947 1.1509e+07
0.025955 1.1509e+07
0.025962 1.1509e+07
0.02597 1.1509e+07
0.025978 1.1509e+07
0.025985 1.1509e+07
0.025993 1.1509e+07
0.026 1.1509e+07
0.026008 1.1509e+07
0.026015 1.1509e+07
0.026023 1.1509e+07
0.02603 1.1509e+07
0.026038 1.1509e+07
0.026045 1.1509e+07
0.026053 1.1509e+07
0.02606 1.1509e+07
0.026068 1.1509e+07
0.026076 1.1509e+07
0.026083 1.1509e+07
0.026091 1.1509e+07
0.026098 1.1509e+07
0.026106 1.1509e+07
0.026113 1.1509e+07
0.026121 1.1509e+07
0.026128 1.1509e+07
0.026136 1.1509e+07
0.026143 1.1509e+07
0.026151 1.1509e+07
0.026158 1.1509e+07
0.026166 1.1509e+07
0.026174 1.1509e+07
0.026181 1.1509e+07
0.026189 1.1509e+07
0.026196 1.1509e+07
0.026204 1.1509e+07
0.026211 1.1509e+07
0.026219 1.1509e+07
0.026226 1.1509e+07
0.026234 1.1509e+07
0.026241 1.1509e+07
0.026249 1.1509e+07
0.026256 1.1509e+07
0.026264 1.1509e+07
0.026272 1.1509e+07
0.026279 1.1509e+07
0.026287 1.1509e+07
0.026294 1.1509e+07
0.026302 1.1509e+07
0.026309 1.1509e+07
0.026317 1.1509e+07
0.026324 1.1509e+07
0.026332 1.1509e+07
0.026339 1.1509e+07
0.026347 1.1509e+07
0.026354 1.1509e+07
0.026362 1.1509e+07
0.02637 1.1509e+07
0.026377 1.1509e+07
0.026385 1.1509e+07
1 1.1509e+07
