7.5385e-06 9.176e+05
1.5077e-05 9.176e+05
2.2615e-05 9.176e+05
3.0154e-05 9.176e+05
3.7692e-05 9.176e+05
4.5231e-05 9.176e+05
5.2769e-05 9.176e+05
6.0308e-05 9.176e+05
6.7846e-05 9.176e+05
7.5385e-05 9.1759e+05
8.2923e-05 9.1759e+05
9.0462e-05 9.1758e+05
9.8e-05 9.1757e+05
0.00010554 9.1756e+05
0.00011308 9.1754e+05
0.00012062 9.1751e+05
0.00012815 9.1746e+05
0.00013569 9.174e+05
0.00014323 9.1731e+05
0.00015077 9.1718e+05
0.00015831 9.17e+05
0.00016585 9.1676e+05
0.00017338 9.1642e+05
0.00018092 9.1597e+05
0.00018846 9.1537e+05
0.000196 9.1458e+05
0.00020354 9.1353e+05
0.00021108 9.1218e+05
0.00021862 9.1044e+05
0.00022615 9.0824e+05
0.00023369 9.0547e+05
0.00024123 9.0201e+05
0.00024877 8.9776e+05
0.00025631 8.9256e+05
0.00026385 8.8629e+05
0.00027138 8.7879e+05
0.00027892 8.6991e+05
0.00028646 8.5951e+05
0.000294 8.4744e+05
0.00030154 8.3359e+05
0.00030908 8.1785e+05
0.00031662 8.0015e+05
0.00032415 7.8044e+05
0.00033169 7.5872e+05
0.00033923 7.3504e+05
0.00034677 7.0947e+05
0.00035431 6.8217e+05
0.00036185 6.5331e+05
0.00036938 6.2312e+05
0.00037692 5.9189e+05
0.00038446 5.5991e+05
0.000392 5.2753e+05
0.00039954 4.951e+05
0.00040708 4.6299e+05
0.00041462 4.3157e+05
0.00042215 4.0116e+05
0.00042969 3.7212e+05
0.00043723 3.4473e+05
0.00044477 3.1924e+05
0.00045231 2.9588e+05
0.00045985 2.748e+05
0.00046738 2.5612e+05
0.00047492 2.399e+05
0.00048246 2.2616e+05
0.00049 2.1488e+05
0.00049754 2.0599e+05
0.00050508 1.994e+05
0.00051262 1.9498e+05
0.00052015 1.9259e+05
0.00052769 1.9208e+05
0.00053523 1.9329e+05
0.00054277 1.9605e+05
0.00055031 2.002e+05
0.00055785 2.0559e+05
0.00056538 2.1206e+05
0.00057292 2.1948e+05
0.00058046 2.2773e+05
0.000588 2.367e+05
0.00059554 2.4629e+05
0.00060308 2.564e+05
0.00061062 2.6697e+05
0.00061815 2.7792e+05
0.00062569 2.892e+05
0.00063323 3.0076e+05
0.00064077 3.1255e+05
0.00064831 3.2453e+05
0.00065585 3.3668e+05
0.00066338 3.4896e+05
0.00067092 3.6135e+05
0.00067846 3.7382e+05
0.000686 3.8635e+05
0.00069354 3.9892e+05
0.00070108 4.1152e+05
0.00070862 4.2411e+05
0.00071615 4.367e+05
0.00072369 4.4925e+05
0.00073123 4.6177e+05
0.00073877 4.7422e+05
0.00074631 4.866e+05
0.00075385 4.989e+05
0.00076138 5.111e+05
0.00076892 5.2318e+05
0.00077646 5.3515e+05
0.000784 5.4698e+05
0.00079154 5.5867e+05
0.00079908 5.702e+05
0.00080662 5.8158e+05
0.00081415 5.9278e+05
0.00082169 6.038e+05
0.00082923 6.1464e+05
0.00083677 6.2529e+05
0.00084431 6.3573e+05
0.00085185 6.4597e+05
0.00085938 6.5601e+05
0.00086692 6.6582e+05
0.00087446 6.7542e+05
0.000882 6.848e+05
0.00088954 6.9395e+05
0.00089708 7.0288e+05
0.00090462 7.1158e+05
0.00091215 7.2004e+05
0.00091969 7.2828e+05
0.00092723 7.3629e+05
0.00093477 7.4406e+05
0.00094231 7.5161e+05
0.00094985 7.5893e+05
0.00095738 7.6601e+05
0.00096492 7.7287e+05
0.00097246 7.7951e+05
0.00098 7.8592e+05
0.00098754 7.9212e+05
0.00099508 7.9809e+05
0.0010026 8.0385e+05
0.0010102 8.0941e+05
0.0010177 8.1475e+05
0.0010252 8.1989e+05
0.0010328 8.2483e+05
0.0010403 8.2958e+05
0.0010478 8.3413e+05
0.0010554 8.385e+05
0.0010629 8.4269e+05
0.0010705 8.467e+05
0.001078 8.5053e+05
0.0010855 8.542e+05
0.0010931 8.5771e+05
0.0011006 8.6105e+05
0.0011082 8.6424e+05
0.0011157 8.6729e+05
0.0011232 8.7018e+05
0.0011308 8.7294e+05
0.0011383 8.7557e+05
0.0011458 8.7806e+05
0.0011534 8.8043e+05
0.0011609 8.8268e+05
0.0011685 8.8482e+05
0.001176 8.8684e+05
0.0011835 8.8876e+05
0.0011911 8.9057e+05
0.0011986 8.9228e+05
0.0012062 8.9391e+05
0.0012137 8.9544e+05
0.0012212 8.9688e+05
0.0012288 8.9824e+05
0.0012363 8.9953e+05
0.0012438 9.0074e+05
0.0012514 9.0188e+05
0.0012589 9.0295e+05
0.0012665 9.0395e+05
0.001274 9.049e+05
0.0012815 9.0578e+05
0.0012891 9.0662e+05
0.0012966 9.074e+05
0.0013042 9.0813e+05
0.0013117 9.0881e+05
0.0013192 9.0945e+05
0.0013268 9.1004e+05
0.0013343 9.106e+05
0.0013418 9.1112e+05
0.0013494 9.1161e+05
0.0013569 9.1206e+05
0.0013645 9.1248e+05
0.001372 9.1288e+05
0.0013795 9.1324e+05
0.0013871 9.1358e+05
0.0013946 9.139e+05
0.0014022 9.1419e+05
0.0014097 9.1446e+05
0.0014172 9.1471e+05
0.0014248 9.1494e+05
0.0014323 9.1516e+05
0.0014398 9.1536e+05
0.0014474 9.1554e+05
0.0014549 9.1572e+05
0.0014625 9.1587e+05
0.00147 9.1602e+05
0.0014775 9.1615e+05
0.0014851 9.1628e+05
0.0014926 9.1639e+05
0.0015002 9.1649e+05
0.0015077 9.1659e+05
0.0015152 9.1668e+05
0.0015228 9.1676e+05
0.0015303 9.1683e+05
0.0015378 9.169e+05
0.0015454 9.1697e+05
0.0015529 9.1702e+05
0.0015605 9.1707e+05
0.001568 9.1712e+05
0.0015755 9.1717e+05
0.0015831 9.1721e+05
0.0015906 9.1724e+05
0.0015982 9.1728e+05
0.0016057 9.1731e+05
0.0016132 9.1734e+05
0.0016208 9.1736e+05
0.0016283 9.1738e+05
0.0016358 9.174e+05
0.0016434 9.1742e+05
0.0016509 9.1744e+05
0.0016585 9.1746e+05
0.001666 9.1747e+05
0.0016735 9.1748e+05
0.0016811 9.1749e+05
0.0016886 9.1751e+05
0.0016962 9.1752e+05
0.0017037 9.1752e+05
0.0017112 9.1753e+05
0.0017188 9.1754e+05
0.0017263 9.1754e+05
0.0017338 9.1755e+05
0.0017414 9.1756e+05
0.0017489 9.1756e+05
0.0017565 9.1756e+05
0.001764 9.1757e+05
0.0017715 9.1757e+05
0.0017791 9.1757e+05
0.0017866 9.1758e+05
0.0017942 9.1758e+05
0.0018017 9.1758e+05
0.0018092 9.1758e+05
0.0018168 9.1759e+05
0.0018243 9.1759e+05
0.0018318 9.1759e+05
0.0018394 9.1759e+05
0.0018469 9.1759e+05
0.0018545 9.1759e+05
0.001862 9.1759e+05
0.0018695 9.1759e+05
0.0018771 9.1759e+05
0.0018846 9.176e+05
0.0018922 9.176e+05
0.0018997 9.176e+05
0.0019072 9.176e+05
0.0019148 9.176e+05
0.0019223 9.176e+05
0.0019298 9.176e+05
0.0019374 9.176e+05
0.0019449 9.176e+05
0.0019525 9.176e+05
0.00196 9.176e+05
0.0019675 9.176e+05
0.0019751 9.176e+05
0.0019826 9.176e+05
0.0019902 9.176e+05
0.0019977 9.176e+05
0.0020052 9.176e+05
0.0020128 9.176e+05
0.0020203 9.176e+05
0.0020278 9.176e+05
0.0020354 9.176e+05
0.0020429 9.176e+05
0.0020505 9.176e+05
0.002058 9.176e+05
0.0020655 9.176e+05
0.0020731 9.176e+05
0.0020806 9.176e+05
0.0020882 9.176e+05
0.0020957 9.176e+05
0.0021032 9.176e+05
0.0021108 9.176e+05
0.0021183 9.176e+05
0.0021258 9.176e+05
0.0021334 9.176e+05
0.0021409 9.176e+05
0.0021485 9.176e+05
0.002156 9.176e+05
0.0021635 9.176e+05
0.0021711 9.176e+05
0.0021786 9.176e+05
0.0021862 9.176e+05
0.0021937 9.176e+05
0.0022012 9.176e+05
0.0022088 9.176e+05
0.0022163 9.176e+05
0.0022238 9.176e+05
0.0022314 9.176e+05
0.0022389 9.176e+05
0.0022465 9.176e+05
0.002254 9.176e+05
0.0022615 9.176e+05
0.0022691 9.176e+05
0.0022766 9.176e+05
0.0022842 9.176e+05
0.0022917 9.176e+05
0.0022992 9.176e+05
0.0023068 9.176e+05
0.0023143 9.176e+05
0.0023218 9.176e+05
0.0023294 9.176e+05
0.0023369 9.176e+05
0.0023445 9.176e+05
0.002352 9.176e+05
0.0023595 9.176e+05
0.0023671 9.176e+05
0.0023746 9.176e+05
0.0023822 9.176e+05
0.0023897 9.176e+05
0.0023972 9.176e+05
0.0024048 9.176e+05
0.0024123 9.176e+05
0.0024198 9.176e+05
0.0024274 9.176e+05
0.0024349 9.176e+05
0.0024425 9.176e+05
0.00245 9.176e+05
0.0024575 9.176e+05
0.0024651 9.176e+05
0.0024726 9.176e+05
0.0024802 9.176e+05
0.0024877 9.176e+05
0.0024952 9.176e+05
0.0025028 9.176e+05
0.0025103 9.176e+05
0.0025178 9.176e+05
0.0025254 9.176e+05
0.0025329 9.176e+05
0.0025405 9.176e+05
0.002548 9.176e+05
0.0025555 9.176e+05
0.0025631 9.176e+05
0.0025706 9.176e+05
0.0025782 9.176e+05
0.0025857 9.176e+05
0.0025932 9.176e+05
0.0026008 9.176e+05
0.0026083 9.176e+05
0.0026158 9.176e+05
0.0026234 9.176e+05
0.0026309 9.176e+05
0.0026385 9.176e+05
0.002646 9.176e+05
0.0026535 9.176e+05
0.0026611 9.176e+05
0.0026686 9.176e+05
0.0026762 9.176e+05
0.0026837 9.176e+05
0.0026912 9.176e+05
0.0026988 9.176e+05
0.0027063 9.176e+05
0.0027138 9.176e+05
0.0027214 9.176e+05
0.0027289 9.176e+05
0.0027365 9.176e+05
0.002744 9.176e+05
0.0027515 9.176e+05
0.0027591 9.176e+05
0.0027666 9.176e+05
0.0027742 9.176e+05
0.0027817 9.176e+05
0.0027892 9.176e+05
0.0027968 9.176e+05
0.0028043 9.176e+05
0.0028118 9.176e+05
0.0028194 9.176e+05
0.0028269 9.176e+05
0.0028345 9.176e+05
0.002842 9.176e+05
0.0028495 9.176e+05
0.0028571 9.176e+05
0.0028646 9.176e+05
0.0028722 9.176e+05
0.0028797 9.176e+05
0.0028872 9.176e+05
0.0028948 9.176e+05
0.0029023 9.176e+05
0.0029098 9.176e+05
0.0029174 9.176e+05
0.0029249 9.176e+05
0.0029325 9.176e+05
0.00294 9.176e+05
0.0029475 9.176e+05
0.0029551 9.176e+05
0.0029626 9.176e+05
0.0029702 9.176e+05
0.0029777 9.176e+05
0.0029852 9.176e+05
0.0029928 9.176e+05
0.0030003 9.176e+05
0.0030078 9.176e+05
0.0030154 9.176e+05
0.0030229 9.176e+05
0.0030305 9.176e+05
0.003038 9.176e+05
0.0030455 9.176e+05
0.0030531 9.176e+05
0.0030606 9.176e+05
0.0030682 9.176e+05
0.0030757 9.176e+05
0.0030832 9.176e+05
0.0030908 9.176e+05
0.0030983 9.176e+05
0.0031058 9.176e+05
0.0031134 9.176e+05
0.0031209 9.176e+05
0.0031285 9.176e+05
0.003136 9.176e+05
0.0031435 9.176e+05
0.0031511 9.176e+05
0.0031586 9.176e+05
0.0031662 9.176e+05
0.0031737 9.176e+05
0.0031812 9.176e+05
0.0031888 9.176e+05
0.0031963 9.176e+05
0.0032038 9.176e+05
0.0032114 9.176e+05
0.0032189 9.176e+05
0.0032265 9.176e+05
0.003234 9.176e+05
0.0032415 9.176e+05
0.0032491 9.176e+05
0.0032566 9.176e+05
0.0032642 9.176e+05
0.0032717 9.176e+05
0.0032792 9.176e+05
0.0032868 9.176e+05
0.0032943 9.176e+05
0.0033018 9.176e+05
0.0033094 9.176e+05
0.0033169 9.176e+05
0.0033245 9.176e+05
0.003332 9.176e+05
0.0033395 9.176e+05
0.0033471 9.176e+05
0.0033546 9.176e+05
0.0033622 9.176e+05
0.0033697 9.176e+05
0.0033772 9.176e+05
0.0033848 9.176e+05
0.0033923 9.176e+05
0.0033998 9.176e+05
0.0034074 9.176e+05
0.0034149 9.176e+05
0.0034225 9.176e+05
0.00343 9.176e+05
0.0034375 9.176e+05
0.0034451 9.176e+05
0.0034526 9.176e+05
0.0034602 9.176e+05
0.0034677 9.176e+05
0.0034752 9.176e+05
0.0034828 9.176e+05
0.0034903 9.176e+05
0.0034978 9.176e+05
0.0035054 9.176e+05
0.0035129 9.176e+05
0.0035205 9.176e+05
0.003528 9.176e+05
0.0035355 9.176e+05
0.0035431 9.176e+05
0.0035506 9.176e+05
0.0035582 9.176e+05
0.0035657 9.176e+05
0.0035732 9.176e+05
0.0035808 9.176e+05
0.0035883 9.176e+05
0.0035958 9.176e+05
0.0036034 9.176e+05
0.0036109 9.176e+05
0.0036185 9.176e+05
0.003626 9.176e+05
0.0036335 9.176e+05
0.0036411 9.176e+05
0.0036486 9.176e+05
0.0036562 9.176e+05
0.0036637 9.176e+05
0.0036712 9.176e+05
0.0036788 9.176e+05
0.0036863 9.176e+05
0.0036938 9.176e+05
0.0037014 9.176e+05
0.0037089 9.176e+05
0.0037165 9.176e+05
0.003724 9.176e+05
0.0037315 9.176e+05
0.0037391 9.176e+05
0.0037466 9.176e+05
0.0037542 9.176e+05
0.0037617 9.176e+05
0.0037692 9.176e+05
0.0037768 9.176e+05
0.0037843 9.176e+05
0.0037918 9.176e+05
0.0037994 9.176e+05
0.0038069 9.176e+05
0.0038145 9.176e+05
0.003822 9.176e+05
0.0038295 9.176e+05
0.0038371 9.176e+05
0.0038446 9.176e+05
0.0038522 9.176e+05
0.0038597 9.176e+05
0.0038672 9.176e+05
0.0038748 9.176e+05
0.0038823 9.176e+05
0.0038898 9.176e+05
0.0038974 9.176e+05
0.0039049 9.176e+05
0.0039125 9.176e+05
0.00392 9.176e+05
0.0039275 9.176e+05
0.0039351 9.176e+05
0.0039426 9.176e+05
0.0039502 9.176e+05
0.0039577 9.176e+05
0.0039652 9.176e+05
0.0039728 9.176e+05
0.0039803 9.176e+05
0.0039878 9.176e+05
0.0039954 9.176e+05
0.0040029 9.176e+05
0.0040105 9.176e+05
0.004018 9.176e+05
0.0040255 9.176e+05
0.0040331 9.176e+05
0.0040406 9.176e+05
0.0040482 9.176e+05
0.0040557 9.176e+05
0.0040632 9.176e+05
0.0040708 9.176e+05
0.0040783 9.176e+05
0.0040858 9.176e+05
0.0040934 9.176e+05
0.0041009 9.176e+05
0.0041085 9.176e+05
0.004116 9.176e+05
0.0041235 9.176e+05
0.0041311 9.176e+05
0.0041386 9.176e+05
0.0041462 9.176e+05
0.0041537 9.176e+05
0.0041612 9.176e+05
0.0041688 9.176e+05
0.0041763 9.176e+05
0.0041838 9.176e+05
0.0041914 9.176e+05
0.0041989 9.176e+05
0.0042065 9.176e+05
0.004214 9.176e+05
0.0042215 9.176e+05
0.0042291 9.176e+05
0.0042366 9.176e+05
0.0042442 9.176e+05
0.0042517 9.176e+05
0.0042592 9.176e+05
0.0042668 9.176e+05
0.0042743 9.176e+05
0.0042818 9.176e+05
0.0042894 9.176e+05
0.0042969 9.176e+05
0.0043045 9.176e+05
0.004312 9.176e+05
0.0043195 9.176e+05
0.0043271 9.176e+05
0.0043346 9.176e+05
0.0043422 9.176e+05
0.0043497 9.176e+05
0.0043572 9.176e+05
0.0043648 9.176e+05
0.0043723 9.176e+05
0.0043798 9.176e+05
0.0043874 9.176e+05
0.0043949 9.176e+05
0.0044025 9.176e+05
0.00441 9.176e+05
0.0044175 9.176e+05
0.0044251 9.176e+05
0.0044326 9.176e+05
0.0044402 9.176e+05
0.0044477 9.176e+05
0.0044552 9.176e+05
0.0044628 9.176e+05
0.0044703 9.176e+05
0.0044778 9.176e+05
0.0044854 9.176e+05
0.0044929 9.176e+05
0.0045005 9.176e+05
0.004508 9.176e+05
0.0045155 9.176e+05
0.0045231 9.176e+05
0.0045306 9.176e+05
0.0045382 9.176e+05
0.0045457 9.176e+05
0.0045532 9.176e+05
0.0045608 9.176e+05
0.0045683 9.176e+05
0.0045758 9.176e+05
0.0045834 9.176e+05
0.0045909 9.176e+05
0.0045985 9.176e+05
0.004606 9.176e+05
0.0046135 9.176e+05
0.0046211 9.176e+05
0.0046286 9.176e+05
0.0046362 9.176e+05
0.0046437 9.176e+05
0.0046512 9.176e+05
0.0046588 9.176e+05
0.0046663 9.176e+05
0.0046738 9.176e+05
0.0046814 9.176e+05
0.0046889 9.176e+05
0.0046965 9.176e+05
0.004704 9.176e+05
0.0047115 9.176e+05
0.0047191 9.176e+05
0.0047266 9.176e+05
0.0047342 9.176e+05
0.0047417 9.176e+05
0.0047492 9.176e+05
0.0047568 9.176e+05
0.0047643 9.176e+05
0.0047718 9.176e+05
0.0047794 9.176e+05
0.0047869 9.176e+05
0.0047945 9.176e+05
0.004802 9.176e+05
0.0048095 9.176e+05
0.0048171 9.176e+05
0.0048246 9.176e+05
0.0048322 9.176e+05
0.0048397 9.176e+05
0.0048472 9.176e+05
0.0048548 9.176e+05
0.0048623 9.176e+05
0.0048698 9.176e+05
0.0048774 9.176e+05
0.0048849 9.176e+05
0.0048925 9.176e+05
0.0049 9.176e+05
0.0049075 9.176e+05
0.0049151 9.176e+05
0.0049226 9.176e+05
0.0049302 9.176e+05
0.0049377 9.176e+05
0.0049452 9.176e+05
0.0049528 9.176e+05
0.0049603 9.176e+05
0.0049678 9.176e+05
0.0049754 9.176e+05
0.0049829 9.176e+05
0.0049905 9.176e+05
0.004998 9.176e+05
0.0050055 9.176e+05
0.0050131 9.176e+05
0.0050206 9.176e+05
0.0050282 9.176e+05
0.0050357 9.176e+05
0.0050432 9.176e+05
0.0050508 9.176e+05
0.0050583 9.176e+05
0.0050658 9.176e+05
0.0050734 9.176e+05
0.0050809 9.176e+05
0.0050885 9.176e+05
0.005096 9.176e+05
0.0051035 9.176e+05
0.0051111 9.176e+05
0.0051186 9.176e+05
0.0051262 9.176e+05
0.0051337 9.176e+05
0.0051412 9.176e+05
0.0051488 9.176e+05
0.0051563 9.176e+05
0.0051638 9.176e+05
0.0051714 9.176e+05
0.0051789 9.176e+05
0.0051865 9.176e+05
0.005194 9.176e+05
0.0052015 9.176e+05
0.0052091 9.176e+05
0.0052166 9.176e+05
0.0052242 9.176e+05
0.0052317 9.176e+05
0.0052392 9.176e+05
0.0052468 9.176e+05
0.0052543 9.176e+05
0.0052618 9.176e+05
0.0052694 9.176e+05
0.0052769 9.176e+05
0.0052845 9.176e+05
0.005292 9.176e+05
0.0052995 9.176e+05
0.0053071 9.176e+05
0.0053146 9.176e+05
0.0053222 9.176e+05
0.0053297 9.176e+05
0.0053372 9.176e+05
0.0053448 9.176e+05
0.0053523 9.176e+05
0.0053598 9.176e+05
0.0053674 9.176e+05
0.0053749 9.176e+05
0.0053825 9.176e+05
0.00539 9.176e+05
0.0053975 9.176e+05
0.0054051 9.176e+05
0.0054126 9.176e+05
0.0054202 9.176e+05
0.0054277 9.176e+05
0.0054352 9.176e+05
0.0054428 9.176e+05
0.0054503 9.176e+05
0.0054578 9.176e+05
0.0054654 9.176e+05
0.0054729 9.176e+05
0.0054805 9.176e+05
0.005488 9.176e+05
0.0054955 9.176e+05
0.0055031 9.176e+05
0.0055106 9.176e+05
0.0055182 9.176e+05
0.0055257 9.176e+05
0.0055332 9.176e+05
0.0055408 9.176e+05
0.0055483 9.176e+05
0.0055558 9.176e+05
0.0055634 9.176e+05
0.0055709 9.176e+05
0.0055785 9.176e+05
0.005586 9.176e+05
0.0055935 9.176e+05
0.0056011 9.176e+05
0.0056086 9.176e+05
0.0056162 9.176e+05
0.0056237 9.176e+05
0.0056312 9.176e+05
0.0056388 9.176e+05
0.0056463 9.176e+05
0.0056538 9.176e+05
0.0056614 9.176e+05
0.0056689 9.176e+05
0.0056765 9.176e+05
0.005684 9.176e+05
0.0056915 9.176e+05
0.0056991 9.176e+05
0.0057066 9.176e+05
0.0057142 9.176e+05
0.0057217 9.176e+05
0.0057292 9.176e+05
0.0057368 9.176e+05
0.0057443 9.176e+05
0.0057518 9.176e+05
0.0057594 9.176e+05
0.0057669 9.176e+05
0.0057745 9.176e+05
0.005782 9.176e+05
0.0057895 9.176e+05
0.0057971 9.176e+05
0.0058046 9.176e+05
0.0058122 9.176e+05
0.0058197 9.176e+05
0.0058272 9.176e+05
0.0058348 9.176e+05
0.0058423 9.176e+05
0.0058498 9.176e+05
0.0058574 9.176e+05
0.0058649 9.176e+05
0.0058725 9.176e+05
0.00588 9.176e+05
0.0058875 9.176e+05
0.0058951 9.176e+05
0.0059026 9.176e+05
0.0059102 9.176e+05
0.0059177 9.176e+05
0.0059252 9.176e+05
0.0059328 9.176e+05
0.0059403 9.176e+05
0.0059478 9.176e+05
0.0059554 9.176e+05
0.0059629 9.176e+05
0.0059705 9.176e+05
0.005978 9.176e+05
0.0059855 9.176e+05
0.0059931 9.176e+05
0.0060006 9.176e+05
0.0060082 9.176e+05
0.0060157 9.176e+05
0.0060232 9.176e+05
0.0060308 9.176e+05
0.0060383 9.176e+05
0.0060458 9.176e+05
0.0060534 9.176e+05
0.0060609 9.176e+05
0.0060685 9.176e+05
0.006076 9.176e+05
0.0060835 9.176e+05
0.0060911 9.176e+05
0.0060986 9.176e+05
0.0061062 9.176e+05
0.0061137 9.176e+05
0.0061212 9.176e+05
0.0061288 9.176e+05
0.0061363 9.176e+05
0.0061438 9.176e+05
0.0061514 9.176e+05
0.0061589 9.176e+05
0.0061665 9.176e+05
0.006174 9.176e+05
0.0061815 9.176e+05
0.0061891 9.176e+05
0.0061966 9.176e+05
0.0062042 9.176e+05
0.0062117 9.176e+05
0.0062192 9.176e+05
0.0062268 9.176e+05
0.0062343 9.176e+05
0.0062418 9.176e+05
0.0062494 9.176e+05
0.0062569 9.176e+05
0.0062645 9.176e+05
0.006272 9.176e+05
0.0062795 9.176e+05
0.0062871 9.176e+05
0.0062946 9.176e+05
0.0063022 9.176e+05
0.0063097 9.176e+05
0.0063172 9.176e+05
0.0063248 9.176e+05
0.0063323 9.176e+05
0.0063398 9.176e+05
0.0063474 9.176e+05
0.0063549 9.176e+05
0.0063625 9.176e+05
0.00637 9.176e+05
0.0063775 9.176e+05
0.0063851 9.176e+05
0.0063926 9.176e+05
0.0064002 9.176e+05
0.0064077 9.176e+05
0.0064152 9.176e+05
0.0064228 9.176e+05
0.0064303 9.176e+05
0.0064378 9.176e+05
0.0064454 9.176e+05
0.0064529 9.176e+05
0.0064605 9.176e+05
0.006468 9.176e+05
0.0064755 9.176e+05
0.0064831 9.176e+05
0.0064906 9.176e+05
0.0064982 9.176e+05
0.0065057 9.176e+05
0.0065132 9.176e+05
0.0065208 9.176e+05
0.0065283 9.176e+05
0.0065358 9.176e+05
0.0065434 9.176e+05
0.0065509 9.176e+05
0.0065585 9.176e+05
0.006566 9.176e+05
0.0065735 9.176e+05
0.0065811 9.176e+05
0.0065886 9.176e+05
0.0065962 9.176e+05
0.0066037 9.176e+05
0.0066112 9.176e+05
0.0066188 9.176e+05
0.0066263 9.176e+05
0.0066338 9.176e+05
0.0066414 9.176e+05
0.0066489 9.176e+05
0.0066565 9.176e+05
0.006664 9.176e+05
0.0066715 9.176e+05
0.0066791 9.176e+05
0.0066866 9.176e+05
0.0066942 9.176e+05
0.0067017 9.176e+05
0.0067092 9.176e+05
0.0067168 9.176e+05
0.0067243 9.176e+05
0.0067318 9.176e+05
0.0067394 9.176e+05
0.0067469 9.176e+05
0.0067545 9.176e+05
0.006762 9.176e+05
0.0067695 9.176e+05
0.0067771 9.176e+05
0.0067846 9.176e+05
0.0067922 9.176e+05
0.0067997 9.176e+05
0.0068072 9.176e+05
0.0068148 9.176e+05
0.0068223 9.176e+05
0.0068298 9.176e+05
0.0068374 9.176e+05
0.0068449 9.176e+05
0.0068525 9.176e+05
0.00686 9.176e+05
0.0068675 9.176e+05
0.0068751 9.176e+05
0.0068826 9.176e+05
0.0068902 9.176e+05
0.0068977 9.176e+05
0.0069052 9.176e+05
0.0069128 9.176e+05
0.0069203 9.176e+05
0.0069278 9.176e+05
0.0069354 9.176e+05
0.0069429 9.176e+05
0.0069505 9.176e+05
0.006958 9.176e+05
0.0069655 9.176e+05
0.0069731 9.176e+05
0.0069806 9.176e+05
0.0069882 9.176e+05
0.0069957 9.176e+05
0.0070032 9.176e+05
0.0070108 9.176e+05
0.0070183 9.176e+05
0.0070258 9.176e+05
0.0070334 9.176e+05
0.0070409 9.176e+05
0.0070485 9.176e+05
0.007056 9.176e+05
0.0070635 9.176e+05
0.0070711 9.176e+05
0.0070786 9.176e+05
0.0070862 9.176e+05
0.0070937 9.176e+05
0.0071012 9.176e+05
0.0071088 9.176e+05
0.0071163 9.176e+05
0.0071238 9.176e+05
0.0071314 9.176e+05
0.0071389 9.176e+05
0.0071465 9.176e+05
0.007154 9.176e+05
0.0071615 9.176e+05
0.0071691 9.176e+05
0.0071766 9.176e+05
0.0071842 9.176e+05
0.0071917 9.176e+05
0.0071992 9.176e+05
0.0072068 9.176e+05
0.0072143 9.176e+05
0.0072218 9.176e+05
0.0072294 9.176e+05
0.0072369 9.176e+05
0.0072445 9.176e+05
0.007252 9.176e+05
0.0072595 9.176e+05
0.0072671 9.176e+05
0.0072746 9.176e+05
0.0072822 9.176e+05
0.0072897 9.176e+05
0.0072972 9.176e+05
0.0073048 9.176e+05
0.0073123 9.176e+05
0.0073198 9.176e+05
0.0073274 9.176e+05
0.0073349 9.176e+05
0.0073425 9.176e+05
0.00735 9.176e+05
0.0073575 9.176e+05
0.0073651 9.176e+05
0.0073726 9.176e+05
0.0073802 9.176e+05
0.0073877 9.176e+05
0.0073952 9.176e+05
0.0074028 9.176e+05
0.0074103 9.176e+05
0.0074178 9.176e+05
0.0074254 9.176e+05
0.0074329 9.176e+05
0.0074405 9.176e+05
0.007448 9.176e+05
0.0074555 9.176e+05
0.0074631 9.176e+05
0.0074706 9.176e+05
0.0074782 9.176e+05
0.0074857 9.176e+05
0.0074932 9.176e+05
0.0075008 9.176e+05
0.0075083 9.176e+05
0.0075158 9.176e+05
0.0075234 9.176e+05
0.0075309 9.176e+05
0.0075385 9.176e+05
0.007546 9.176e+05
0.0075535 9.176e+05
0.0075611 9.176e+05
0.0075686 9.176e+05
0.0075762 9.176e+05
0.0075837 9.176e+05
0.0075912 9.176e+05
0.0075988 9.176e+05
0.0076063 9.176e+05
0.0076138 9.176e+05
0.0076214 9.176e+05
0.0076289 9.176e+05
0.0076365 9.176e+05
0.007644 9.176e+05
0.0076515 9.176e+05
0.0076591 9.176e+05
0.0076666 9.176e+05
0.0076742 9.176e+05
0.0076817 9.176e+05
0.0076892 9.176e+05
0.0076968 9.176e+05
0.0077043 9.176e+05
0.0077118 9.176e+05
0.0077194 9.176e+05
0.0077269 9.176e+05
0.0077345 9.176e+05
0.007742 9.176e+05
0.0077495 9.176e+05
0.0077571 9.176e+05
0.0077646 9.176e+05
0.0077722 9.176e+05
0.0077797 9.176e+05
0.0077872 9.176e+05
0.0077948 9.176e+05
0.0078023 9.176e+05
0.0078098 9.176e+05
0.0078174 9.176e+05
0.0078249 9.176e+05
0.0078325 9.176e+05
0.00784 9.176e+05
0.0078475 9.176e+05
0.0078551 9.176e+05
0.0078626 9.176e+05
0.0078702 9.176e+05
0.0078777 9.176e+05
0.0078852 9.176e+05
0.0078928 9.176e+05
0.0079003 9.176e+05
0.0079078 9.176e+05
0.0079154 9.176e+05
0.0079229 9.176e+05
0.0079305 9.176e+05
0.007938 9.176e+05
0.0079455 9.176e+05
0.0079531 9.176e+05
0.0079606 9.176e+05
0.0079682 9.176e+05
0.0079757 9.176e+05
0.0079832 9.176e+05
0.0079908 9.176e+05
0.0079983 9.176e+05
0.0080058 9.176e+05
0.0080134 9.176e+05
0.0080209 9.176e+05
0.0080285 9.176e+05
0.008036 9.176e+05
0.0080435 9.176e+05
0.0080511 9.176e+05
0.0080586 9.176e+05
0.0080662 9.176e+05
0.0080737 9.176e+05
0.0080812 9.176e+05
0.0080888 9.176e+05
0.0080963 9.176e+05
0.0081038 9.176e+05
0.0081114 9.176e+05
0.0081189 9.176e+05
0.0081265 9.176e+05
0.008134 9.176e+05
0.0081415 9.176e+05
0.0081491 9.176e+05
0.0081566 9.176e+05
0.0081642 9.176e+05
0.0081717 9.176e+05
0.0081792 9.176e+05
0.0081868 9.176e+05
0.0081943 9.176e+05
0.0082018 9.176e+05
0.0082094 9.176e+05
0.0082169 9.176e+05
0.0082245 9.176e+05
0.008232 9.176e+05
0.0082395 9.176e+05
0.0082471 9.176e+05
0.0082546 9.176e+05
0.0082622 9.176e+05
0.0082697 9.176e+05
0.0082772 9.176e+05
0.0082848 9.176e+05
0.0082923 9.176e+05
0.0082998 9.176e+05
0.0083074 9.176e+05
0.0083149 9.176e+05
0.0083225 9.176e+05
0.00833 9.176e+05
0.0083375 9.176e+05
0.0083451 9.176e+05
0.0083526 9.176e+05
0.0083602 9.176e+05
0.0083677 9.176e+05
0.0083752 9.176e+05
0.0083828 9.176e+05
0.0083903 9.176e+05
0.0083978 9.176e+05
0.0084054 9.176e+05
0.0084129 9.176e+05
0.0084205 9.176e+05
0.008428 9.176e+05
0.0084355 9.176e+05
0.0084431 9.176e+05
0.0084506 9.176e+05
0.0084582 9.176e+05
0.0084657 9.176e+05
0.0084732 9.176e+05
0.0084808 9.176e+05
0.0084883 9.176e+05
0.0084958 9.176e+05
0.0085034 9.176e+05
0.0085109 9.176e+05
0.0085185 9.176e+05
0.008526 9.176e+05
0.0085335 9.176e+05
0.0085411 9.176e+05
0.0085486 9.176e+05
0.0085562 9.176e+05
0.0085637 9.176e+05
0.0085712 9.176e+05
0.0085788 9.176e+05
0.0085863 9.176e+05
0.0085938 9.176e+05
0.0086014 9.176e+05
0.0086089 9.176e+05
0.0086165 9.176e+05
0.008624 9.176e+05
0.0086315 9.176e+05
0.0086391 9.176e+05
0.0086466 9.176e+05
0.0086542 9.176e+05
0.0086617 9.176e+05
0.0086692 9.176e+05
0.0086768 9.176e+05
0.0086843 9.176e+05
0.0086918 9.176e+05
0.0086994 9.176e+05
0.0087069 9.176e+05
0.0087145 9.176e+05
0.008722 9.176e+05
0.0087295 9.176e+05
0.0087371 9.176e+05
0.0087446 9.176e+05
0.0087522 9.176e+05
0.0087597 9.176e+05
0.0087672 9.176e+05
0.0087748 9.176e+05
0.0087823 9.176e+05
0.0087898 9.176e+05
0.0087974 9.176e+05
0.0088049 9.176e+05
0.0088125 9.176e+05
0.00882 9.176e+05
0.0088275 9.176e+05
0.0088351 9.176e+05
0.0088426 9.176e+05
0.0088502 9.176e+05
0.0088577 9.176e+05
0.0088652 9.176e+05
0.0088728 9.176e+05
0.0088803 9.176e+05
0.0088878 9.176e+05
0.0088954 9.176e+05
0.0089029 9.176e+05
0.0089105 9.176e+05
0.008918 9.176e+05
0.0089255 9.176e+05
0.0089331 9.176e+05
0.0089406 9.176e+05
0.0089482 9.176e+05
0.0089557 9.176e+05
0.0089632 9.176e+05
0.0089708 9.176e+05
0.0089783 9.176e+05
0.0089858 9.176e+05
0.0089934 9.176e+05
0.0090009 9.176e+05
0.0090085 9.176e+05
0.009016 9.176e+05
0.0090235 9.176e+05
0.0090311 9.176e+05
0.0090386 9.176e+05
0.0090462 9.176e+05
0.0090537 9.176e+05
0.0090612 9.176e+05
0.0090688 9.176e+05
0.0090763 9.176e+05
0.0090838 9.176e+05
0.0090914 9.176e+05
0.0090989 9.176e+05
0.0091065 9.176e+05
0.009114 9.176e+05
0.0091215 9.176e+05
0.0091291 9.176e+05
0.0091366 9.176e+05
0.0091442 9.176e+05
0.0091517 9.176e+05
0.0091592 9.176e+05
0.0091668 9.176e+05
0.0091743 9.176e+05
0.0091818 9.176e+05
0.0091894 9.176e+05
0.0091969 9.176e+05
0.0092045 9.176e+05
0.009212 9.176e+05
0.0092195 9.176e+05
0.0092271 9.176e+05
0.0092346 9.176e+05
0.0092422 9.176e+05
0.0092497 9.176e+05
0.0092572 9.176e+05
0.0092648 9.176e+05
0.0092723 9.176e+05
0.0092798 9.176e+05
0.0092874 9.176e+05
0.0092949 9.176e+05
0.0093025 9.176e+05
0.00931 9.176e+05
0.0093175 9.176e+05
0.0093251 9.176e+05
0.0093326 9.176e+05
0.0093402 9.176e+05
0.0093477 9.176e+05
0.0093552 9.176e+05
0.0093628 9.176e+05
0.0093703 9.176e+05
0.0093778 9.176e+05
0.0093854 9.176e+05
0.0093929 9.176e+05
0.0094005 9.176e+05
0.009408 9.176e+05
0.0094155 9.176e+05
0.0094231 9.176e+05
0.0094306 9.176e+05
0.0094382 9.176e+05
0.0094457 9.176e+05
0.0094532 9.176e+05
0.0094608 9.176e+05
0.0094683 9.176e+05
0.0094758 9.176e+05
0.0094834 9.176e+05
0.0094909 9.176e+05
0.0094985 9.176e+05
0.009506 9.176e+05
0.0095135 9.176e+05
0.0095211 9.176e+05
0.0095286 9.176e+05
0.0095362 9.176e+05
0.0095437 9.176e+05
0.0095512 9.176e+05
0.0095588 9.176e+05
0.0095663 9.176e+05
0.0095738 9.176e+05
0.0095814 9.176e+05
0.0095889 9.176e+05
0.0095965 9.176e+05
0.009604 9.176e+05
0.0096115 9.176e+05
0.0096191 9.176e+05
0.0096266 9.176e+05
0.0096342 9.176e+05
0.0096417 9.176e+05
0.0096492 9.176e+05
0.0096568 9.176e+05
0.0096643 9.176e+05
0.0096718 9.176e+05
0.0096794 9.176e+05
0.0096869 9.176e+05
0.0096945 9.176e+05
0.009702 9.176e+05
0.0097095 9.176e+05
0.0097171 9.176e+05
0.0097246 9.176e+05
0.0097322 9.176e+05
0.0097397 9.176e+05
0.0097472 9.176e+05
0.0097548 9.176e+05
0.0097623 9.176e+05
0.0097698 9.176e+05
0.0097774 9.176e+05
0.0097849 9.176e+05
0.0097925 9.176e+05
0.0098 9.176e+05
0.0098075 9.176e+05
0.0098151 9.176e+05
0.0098226 9.176e+05
0.0098302 9.176e+05
0.0098377 9.176e+05
0.0098452 9.176e+05
0.0098528 9.176e+05
0.0098603 9.176e+05
0.0098678 9.176e+05
0.0098754 9.176e+05
0.0098829 9.176e+05
0.0098905 9.176e+05
0.009898 9.176e+05
0.0099055 9.176e+05
0.0099131 9.176e+05
0.0099206 9.176e+05
0.0099282 9.176e+05
0.0099357 9.176e+05
0.0099432 9.176e+05
0.0099508 9.176e+05
0.0099583 9.176e+05
0.0099658 9.176e+05
0.0099734 9.176e+05
0.0099809 9.176e+05
0.0099885 9.176e+05
0.009996 9.176e+05
0.010004 9.176e+05
0.010011 9.176e+05
0.010019 9.176e+05
0.010026 9.176e+05
0.010034 9.176e+05
0.010041 9.176e+05
0.010049 9.176e+05
0.010056 9.176e+05
0.010064 9.176e+05
0.010071 9.176e+05
0.010079 9.176e+05
0.010086 9.176e+05
0.010094 9.176e+05
0.010102 9.176e+05
0.010109 9.176e+05
0.010117 9.176e+05
0.010124 9.176e+05
0.010132 9.176e+05
0.010139 9.176e+05
0.010147 9.176e+05
0.010154 9.176e+05
0.010162 9.176e+05
0.010169 9.176e+05
0.010177 9.176e+05
0.010184 9.176e+05
0.010192 9.176e+05
0.0102 9.176e+05
0.010207 9.176e+05
0.010215 9.176e+05
0.010222 9.176e+05
0.01023 9.176e+05
0.010237 9.176e+05
0.010245 9.176e+05
0.010252 9.176e+05
0.01026 9.176e+05
0.010267 9.176e+05
0.010275 9.176e+05
0.010282 9.176e+05
0.01029 9.176e+05
0.010298 9.176e+05
0.010305 9.176e+05
0.010313 9.176e+05
0.01032 9.176e+05
0.010328 9.176e+05
0.010335 9.176e+05
0.010343 9.176e+05
0.01035 9.176e+05
0.010358 9.176e+05
0.010365 9.176e+05
0.010373 9.176e+05
0.01038 9.176e+05
0.010388 9.176e+05
0.010396 9.176e+05
0.010403 9.176e+05
0.010411 9.176e+05
0.010418 9.176e+05
0.010426 9.176e+05
0.010433 9.176e+05
0.010441 9.176e+05
0.010448 9.176e+05
0.010456 9.176e+05
0.010463 9.176e+05
0.010471 9.176e+05
0.010478 9.176e+05
0.010486 9.176e+05
0.010494 9.176e+05
0.010501 9.176e+05
0.010509 9.176e+05
0.010516 9.176e+05
0.010524 9.176e+05
0.010531 9.176e+05
0.010539 9.176e+05
0.010546 9.176e+05
0.010554 9.176e+05
0.010561 9.176e+05
0.010569 9.176e+05
0.010576 9.176e+05
0.010584 9.176e+05
0.010592 9.176e+05
0.010599 9.176e+05
0.010607 9.176e+05
0.010614 9.176e+05
0.010622 9.176e+05
0.010629 9.176e+05
0.010637 9.176e+05
0.010644 9.176e+05
0.010652 9.176e+05
0.010659 9.176e+05
0.010667 9.176e+05
0.010674 9.176e+05
0.010682 9.176e+05
0.01069 9.176e+05
0.010697 9.176e+05
0.010705 9.176e+05
0.010712 9.176e+05
0.01072 9.176e+05
0.010727 9.176e+05
0.010735 9.176e+05
0.010742 9.176e+05
0.01075 9.176e+05
0.010757 9.176e+05
0.010765 9.176e+05
0.010772 9.176e+05
0.01078 9.176e+05
0.010788 9.176e+05
0.010795 9.176e+05
0.010803 9.176e+05
0.01081 9.176e+05
0.010818 9.176e+05
0.010825 9.176e+05
0.010833 9.176e+05
0.01084 9.176e+05
0.010848 9.176e+05
0.010855 9.176e+05
0.010863 9.176e+05
0.01087 9.176e+05
0.010878 9.176e+05
0.010886 9.176e+05
0.010893 9.176e+05
0.010901 9.176e+05
0.010908 9.176e+05
0.010916 9.176e+05
0.010923 9.176e+05
0.010931 9.176e+05
0.010938 9.176e+05
0.010946 9.176e+05
0.010953 9.176e+05
0.010961 9.176e+05
0.010968 9.176e+05
0.010976 9.176e+05
0.010984 9.176e+05
0.010991 9.176e+05
0.010999 9.176e+05
0.011006 9.176e+05
0.011014 9.176e+05
0.011021 9.176e+05
0.011029 9.176e+05
0.011036 9.176e+05
0.011044 9.176e+05
0.011051 9.176e+05
0.011059 9.176e+05
0.011066 9.176e+05
0.011074 9.176e+05
0.011082 9.176e+05
0.011089 9.176e+05
0.011097 9.176e+05
0.011104 9.176e+05
0.011112 9.176e+05
0.011119 9.176e+05
0.011127 9.176e+05
0.011134 9.176e+05
0.011142 9.176e+05
0.011149 9.176e+05
0.011157 9.176e+05
0.011164 9.176e+05
0.011172 9.176e+05
0.01118 9.176e+05
0.011187 9.176e+05
0.011195 9.176e+05
0.011202 9.176e+05
0.01121 9.176e+05
0.011217 9.176e+05
0.011225 9.176e+05
0.011232 9.176e+05
0.01124 9.176e+05
0.011247 9.176e+05
0.011255 9.176e+05
0.011262 9.176e+05
0.01127 9.176e+05
0.011278 9.176e+05
0.011285 9.176e+05
0.011293 9.176e+05
0.0113 9.176e+05
0.011308 9.176e+05
0.011315 9.176e+05
0.011323 9.176e+05
0.01133 9.176e+05
0.011338 9.176e+05
0.011345 9.176e+05
0.011353 9.176e+05
0.01136 9.176e+05
0.011368 9.176e+05
0.011376 9.176e+05
0.011383 9.176e+05
0.011391 9.176e+05
0.011398 9.176e+05
0.011406 9.176e+05
0.011413 9.176e+05
0.011421 9.176e+05
0.011428 9.176e+05
0.011436 9.176e+05
0.011443 9.176e+05
0.011451 9.176e+05
0.011458 9.176e+05
0.011466 9.176e+05
0.011474 9.176e+05
0.011481 9.176e+05
0.011489 9.176e+05
0.011496 9.176e+05
0.011504 9.176e+05
0.011511 9.176e+05
0.011519 9.176e+05
0.011526 9.176e+05
0.011534 9.176e+05
0.011541 9.176e+05
0.011549 9.176e+05
0.011556 9.176e+05
0.011564 9.176e+05
0.011572 9.176e+05
0.011579 9.176e+05
0.011587 9.176e+05
0.011594 9.176e+05
0.011602 9.176e+05
0.011609 9.176e+05
0.011617 9.176e+05
0.011624 9.176e+05
0.011632 9.176e+05
0.011639 9.176e+05
0.011647 9.176e+05
0.011654 9.176e+05
0.011662 9.176e+05
0.01167 9.176e+05
0.011677 9.176e+05
0.011685 9.176e+05
0.011692 9.176e+05
0.0117 9.176e+05
0.011707 9.176e+05
0.011715 9.176e+05
0.011722 9.176e+05
0.01173 9.176e+05
0.011737 9.176e+05
0.011745 9.176e+05
0.011752 9.176e+05
0.01176 9.176e+05
0.011768 9.176e+05
0.011775 9.176e+05
0.011783 9.176e+05
0.01179 9.176e+05
0.011798 9.176e+05
0.011805 9.176e+05
0.011813 9.176e+05
0.01182 9.176e+05
0.011828 9.176e+05
0.011835 9.176e+05
0.011843 9.176e+05
0.01185 9.176e+05
0.011858 9.176e+05
0.011866 9.176e+05
0.011873 9.176e+05
0.011881 9.176e+05
0.011888 9.176e+05
0.011896 9.176e+05
0.011903 9.176e+05
0.011911 9.176e+05
0.011918 9.176e+05
0.011926 9.176e+05
0.011933 9.176e+05
0.011941 9.176e+05
0.011948 9.176e+05
0.011956 9.176e+05
0.011964 9.176e+05
0.011971 9.176e+05
0.011979 9.176e+05
0.011986 9.176e+05
0.011994 9.176e+05
0.012001 9.176e+05
0.012009 9.176e+05
0.012016 9.176e+05
0.012024 9.176e+05
0.012031 9.176e+05
0.012039 9.176e+05
0.012046 9.176e+05
0.012054 9.176e+05
0.012062 9.176e+05
0.012069 9.176e+05
0.012077 9.176e+05
0.012084 9.176e+05
0.012092 9.176e+05
0.012099 9.176e+05
0.012107 9.176e+05
0.012114 9.176e+05
0.012122 9.176e+05
0.012129 9.176e+05
0.012137 9.176e+05
0.012144 9.176e+05
0.012152 9.176e+05
0.01216 9.176e+05
0.012167 9.176e+05
0.012175 9.176e+05
0.012182 9.176e+05
0.01219 9.176e+05
0.012197 9.176e+05
0.012205 9.176e+05
0.012212 9.176e+05
0.01222 9.176e+05
0.012227 9.176e+05
0.012235 9.176e+05
0.012242 9.176e+05
0.01225 9.176e+05
0.012258 9.176e+05
0.012265 9.176e+05
0.012273 9.176e+05
0.01228 9.176e+05
0.012288 9.176e+05
0.012295 9.176e+05
0.012303 9.176e+05
0.01231 9.176e+05
0.012318 9.176e+05
0.012325 9.176e+05
0.012333 9.176e+05
0.01234 9.176e+05
0.012348 9.176e+05
0.012356 9.176e+05
0.012363 9.176e+05
0.012371 9.176e+05
0.012378 9.176e+05
0.012386 9.176e+05
0.012393 9.176e+05
0.012401 9.176e+05
0.012408 9.176e+05
0.012416 9.176e+05
0.012423 9.176e+05
0.012431 9.176e+05
0.012438 9.176e+05
0.012446 9.176e+05
0.012454 9.176e+05
0.012461 9.176e+05
0.012469 9.176e+05
0.012476 9.176e+05
0.012484 9.176e+05
0.012491 9.176e+05
0.012499 9.176e+05
0.012506 9.176e+05
0.012514 9.176e+05
0.012521 9.176e+05
0.012529 9.176e+05
0.012536 9.176e+05
0.012544 9.176e+05
0.012552 9.176e+05
0.012559 9.176e+05
0.012567 9.176e+05
0.012574 9.176e+05
0.012582 9.176e+05
0.012589 9.176e+05
0.012597 9.176e+05
0.012604 9.176e+05
0.012612 9.176e+05
0.012619 9.176e+05
0.012627 9.176e+05
0.012634 9.176e+05
0.012642 9.176e+05
0.01265 9.176e+05
0.012657 9.176e+05
0.012665 9.176e+05
0.012672 9.176e+05
0.01268 9.176e+05
0.012687 9.176e+05
0.012695 9.176e+05
0.012702 9.176e+05
0.01271 9.176e+05
0.012717 9.176e+05
0.012725 9.176e+05
0.012732 9.176e+05
0.01274 9.176e+05
0.012748 9.176e+05
0.012755 9.176e+05
0.012763 9.176e+05
0.01277 9.176e+05
0.012778 9.176e+05
0.012785 9.176e+05
0.012793 9.176e+05
0.0128 9.176e+05
0.012808 9.176e+05
0.012815 9.176e+05
0.012823 9.176e+05
0.01283 9.176e+05
0.012838 9.176e+05
0.012846 9.176e+05
0.012853 9.176e+05
0.012861 9.176e+05
0.012868 9.176e+05
0.012876 9.176e+05
0.012883 9.176e+05
0.012891 9.176e+05
0.012898 9.176e+05
0.012906 9.176e+05
0.012913 9.176e+05
0.012921 9.176e+05
0.012928 9.176e+05
0.012936 9.176e+05
0.012944 9.176e+05
0.012951 9.176e+05
0.012959 9.176e+05
0.012966 9.176e+05
0.012974 9.176e+05
0.012981 9.176e+05
0.012989 9.176e+05
0.012996 9.176e+05
0.013004 9.176e+05
0.013011 9.176e+05
0.013019 9.176e+05
0.013026 9.176e+05
0.013034 9.176e+05
0.013042 9.176e+05
0.013049 9.176e+05
0.013057 9.176e+05
0.013064 9.176e+05
0.013072 9.176e+05
0.013079 9.176e+05
0.013087 9.176e+05
0.013094 9.176e+05
0.013102 9.176e+05
0.013109 9.176e+05
0.013117 9.176e+05
0.013124 9.176e+05
0.013132 9.176e+05
0.01314 9.176e+05
0.013147 9.176e+05
0.013155 9.176e+05
0.013162 9.176e+05
0.01317 9.176e+05
0.013177 9.176e+05
0.013185 9.176e+05
0.013192 9.176e+05
0.0132 9.176e+05
0.013207 9.176e+05
0.013215 9.176e+05
0.013222 9.176e+05
0.01323 9.176e+05
0.013238 9.176e+05
0.013245 9.176e+05
0.013253 9.176e+05
0.01326 9.176e+05
0.013268 9.176e+05
0.013275 9.176e+05
0.013283 9.176e+05
0.01329 9.176e+05
0.013298 9.176e+05
0.013305 9.176e+05
0.013313 9.176e+05
0.01332 9.176e+05
0.013328 9.176e+05
0.013336 9.176e+05
0.013343 9.176e+05
0.013351 9.176e+05
0.013358 9.176e+05
0.013366 9.176e+05
0.013373 9.176e+05
0.013381 9.176e+05
0.013388 9.176e+05
0.013396 9.176e+05
0.013403 9.176e+05
0.013411 9.176e+05
0.013418 9.176e+05
0.013426 9.176e+05
0.013434 9.176e+05
0.013441 9.176e+05
0.013449 9.176e+05
0.013456 9.176e+05
0.013464 9.176e+05
0.013471 9.176e+05
0.013479 9.176e+05
0.013486 9.176e+05
0.013494 9.176e+05
0.013501 9.176e+05
0.013509 9.176e+05
0.013516 9.176e+05
0.013524 9.176e+05
0.013532 9.176e+05
0.013539 9.176e+05
0.013547 9.176e+05
0.013554 9.176e+05
0.013562 9.176e+05
0.013569 9.176e+05
0.013577 9.176e+05
0.013584 9.176e+05
0.013592 9.176e+05
0.013599 9.176e+05
0.013607 9.176e+05
0.013614 9.176e+05
0.013622 9.176e+05
0.01363 9.176e+05
0.013637 9.176e+05
0.013645 9.176e+05
0.013652 9.176e+05
0.01366 9.176e+05
0.013667 9.176e+05
0.013675 9.176e+05
0.013682 9.176e+05
0.01369 9.176e+05
0.013697 9.176e+05
0.013705 9.176e+05
0.013712 9.176e+05
0.01372 9.176e+05
0.013728 9.176e+05
0.013735 9.176e+05
0.013743 9.176e+05
0.01375 9.176e+05
0.013758 9.176e+05
0.013765 9.176e+05
0.013773 9.176e+05
0.01378 9.176e+05
0.013788 9.176e+05
0.013795 9.176e+05
0.013803 9.176e+05
0.01381 9.176e+05
0.013818 9.176e+05
0.013826 9.176e+05
0.013833 9.176e+05
0.013841 9.176e+05
0.013848 9.176e+05
0.013856 9.176e+05
0.013863 9.176e+05
0.013871 9.176e+05
0.013878 9.176e+05
0.013886 9.176e+05
0.013893 9.176e+05
0.013901 9.176e+05
0.013908 9.176e+05
0.013916 9.176e+05
0.013924 9.176e+05
0.013931 9.176e+05
0.013939 9.176e+05
0.013946 9.176e+05
0.013954 9.176e+05
0.013961 9.176e+05
0.013969 9.176e+05
0.013976 9.176e+05
0.013984 9.176e+05
0.013991 9.176e+05
0.013999 9.176e+05
0.014006 9.176e+05
0.014014 9.176e+05
0.014022 9.176e+05
0.014029 9.176e+05
0.014037 9.176e+05
0.014044 9.176e+05
0.014052 9.176e+05
0.014059 9.176e+05
0.014067 9.176e+05
0.014074 9.176e+05
0.014082 9.176e+05
0.014089 9.176e+05
0.014097 9.176e+05
0.014104 9.176e+05
0.014112 9.176e+05
0.01412 9.176e+05
0.014127 9.176e+05
0.014135 9.176e+05
0.014142 9.176e+05
0.01415 9.176e+05
0.014157 9.176e+05
0.014165 9.176e+05
0.014172 9.176e+05
0.01418 9.176e+05
0.014187 9.176e+05
0.014195 9.176e+05
0.014202 9.176e+05
0.01421 9.176e+05
0.014218 9.176e+05
0.014225 9.176e+05
0.014233 9.176e+05
0.01424 9.176e+05
0.014248 9.176e+05
0.014255 9.176e+05
0.014263 9.176e+05
0.01427 9.176e+05
0.014278 9.176e+05
0.014285 9.176e+05
0.014293 9.176e+05
0.0143 9.176e+05
0.014308 9.176e+05
0.014316 9.176e+05
0.014323 9.176e+05
0.014331 9.176e+05
0.014338 9.176e+05
0.014346 9.176e+05
0.014353 9.176e+05
0.014361 9.176e+05
0.014368 9.176e+05
0.014376 9.176e+05
0.014383 9.176e+05
0.014391 9.176e+05
0.014398 9.176e+05
0.014406 9.176e+05
0.014414 9.176e+05
0.014421 9.176e+05
0.014429 9.176e+05
0.014436 9.176e+05
0.014444 9.176e+05
0.014451 9.176e+05
0.014459 9.176e+05
0.014466 9.176e+05
0.014474 9.176e+05
0.014481 9.176e+05
0.014489 9.176e+05
0.014496 9.176e+05
0.014504 9.176e+05
0.014512 9.176e+05
0.014519 9.176e+05
0.014527 9.176e+05
0.014534 9.176e+05
0.014542 9.176e+05
0.014549 9.176e+05
0.014557 9.176e+05
0.014564 9.176e+05
0.014572 9.176e+05
0.014579 9.176e+05
0.014587 9.176e+05
0.014594 9.176e+05
0.014602 9.176e+05
0.01461 9.176e+05
0.014617 9.176e+05
0.014625 9.176e+05
0.014632 9.176e+05
0.01464 9.176e+05
0.014647 9.176e+05
0.014655 9.176e+05
0.014662 9.176e+05
0.01467 9.176e+05
0.014677 9.176e+05
0.014685 9.176e+05
0.014692 9.176e+05
0.0147 9.176e+05
0.014708 9.176e+05
0.014715 9.176e+05
0.014723 9.176e+05
0.01473 9.176e+05
0.014738 9.176e+05
0.014745 9.176e+05
0.014753 9.176e+05
0.01476 9.176e+05
0.014768 9.176e+05
0.014775 9.176e+05
0.014783 9.176e+05
0.01479 9.176e+05
0.014798 9.176e+05
0.014806 9.176e+05
0.014813 9.176e+05
0.014821 9.176e+05
0.014828 9.176e+05
0.014836 9.176e+05
0.014843 9.176e+05
0.014851 9.176e+05
0.014858 9.176e+05
0.014866 9.176e+05
0.014873 9.176e+05
0.014881 9.176e+05
0.014888 9.176e+05
0.014896 9.176e+05
0.014904 9.176e+05
0.014911 9.176e+05
0.014919 9.176e+05
0.014926 9.176e+05
0.014934 9.176e+05
0.014941 9.176e+05
0.014949 9.176e+05
0.014956 9.176e+05
0.014964 9.176e+05
0.014971 9.176e+05
0.014979 9.176e+05
0.014986 9.176e+05
0.014994 9.176e+05
0.015002 9.176e+05
0.015009 9.176e+05
0.015017 9.176e+05
0.015024 9.176e+05
0.015032 9.176e+05
0.015039 9.176e+05
0.015047 9.176e+05
0.015054 9.176e+05
0.015062 9.176e+05
0.015069 9.176e+05
0.015077 9.176e+05
0.015084 9.176e+05
0.015092 9.176e+05
0.0151 9.176e+05
0.015107 9.176e+05
0.015115 9.176e+05
0.015122 9.176e+05
0.01513 9.176e+05
0.015137 9.176e+05
0.015145 9.176e+05
0.015152 9.176e+05
0.01516 9.176e+05
0.015167 9.176e+05
0.015175 9.176e+05
0.015182 9.176e+05
0.01519 9.176e+05
0.015198 9.176e+05
0.015205 9.176e+05
0.015213 9.176e+05
0.01522 9.176e+05
0.015228 9.176e+05
0.015235 9.176e+05
0.015243 9.176e+05
0.01525 9.176e+05
0.015258 9.176e+05
0.015265 9.176e+05
0.015273 9.176e+05
0.01528 9.176e+05
0.015288 9.176e+05
0.015296 9.176e+05
0.015303 9.176e+05
0.015311 9.176e+05
0.015318 9.176e+05
0.015326 9.176e+05
0.015333 9.176e+05
0.015341 9.176e+05
0.015348 9.176e+05
0.015356 9.176e+05
0.015363 9.176e+05
0.015371 9.176e+05
0.015378 9.176e+05
0.015386 9.176e+05
0.015394 9.176e+05
0.015401 9.176e+05
0.015409 9.176e+05
0.015416 9.176e+05
0.015424 9.176e+05
0.015431 9.176e+05
0.015439 9.176e+05
0.015446 9.176e+05
0.015454 9.176e+05
0.015461 9.176e+05
0.015469 9.176e+05
0.015476 9.176e+05
0.015484 9.176e+05
0.015492 9.176e+05
0.015499 9.176e+05
0.015507 9.176e+05
0.015514 9.176e+05
0.015522 9.176e+05
0.015529 9.176e+05
0.015537 9.176e+05
0.015544 9.176e+05
0.015552 9.176e+05
0.015559 9.176e+05
0.015567 9.176e+05
0.015574 9.176e+05
0.015582 9.176e+05
0.01559 9.176e+05
0.015597 9.176e+05
0.015605 9.176e+05
0.015612 9.176e+05
0.01562 9.176e+05
0.015627 9.176e+05
0.015635 9.176e+05
0.015642 9.176e+05
0.01565 9.176e+05
0.015657 9.176e+05
0.015665 9.176e+05
0.015672 9.176e+05
0.01568 9.176e+05
0.015688 9.176e+05
0.015695 9.176e+05
0.015703 9.176e+05
0.01571 9.176e+05
0.015718 9.176e+05
0.015725 9.176e+05
0.015733 9.176e+05
0.01574 9.176e+05
0.015748 9.176e+05
0.015755 9.176e+05
0.015763 9.176e+05
0.01577 9.176e+05
0.015778 9.176e+05
0.015786 9.176e+05
0.015793 9.176e+05
0.015801 9.176e+05
0.015808 9.176e+05
0.015816 9.176e+05
0.015823 9.176e+05
0.015831 9.176e+05
0.015838 9.176e+05
0.015846 9.176e+05
0.015853 9.176e+05
0.015861 9.176e+05
0.015868 9.176e+05
0.015876 9.176e+05
0.015884 9.176e+05
0.015891 9.176e+05
0.015899 9.176e+05
0.015906 9.176e+05
0.015914 9.176e+05
0.015921 9.176e+05
0.015929 9.176e+05
0.015936 9.176e+05
0.015944 9.176e+05
0.015951 9.176e+05
0.015959 9.176e+05
0.015966 9.176e+05
0.015974 9.176e+05
0.015982 9.176e+05
0.015989 9.176e+05
0.015997 9.176e+05
0.016004 9.176e+05
0.016012 9.176e+05
0.016019 9.176e+05
0.016027 9.176e+05
0.016034 9.176e+05
0.016042 9.176e+05
0.016049 9.176e+05
0.016057 9.176e+05
0.016064 9.176e+05
0.016072 9.176e+05
0.01608 9.176e+05
0.016087 9.176e+05
0.016095 9.176e+05
0.016102 9.176e+05
0.01611 9.176e+05
0.016117 9.176e+05
0.016125 9.176e+05
0.016132 9.176e+05
0.01614 9.176e+05
0.016147 9.176e+05
0.016155 9.176e+05
0.016162 9.176e+05
0.01617 9.176e+05
0.016178 9.176e+05
0.016185 9.176e+05
0.016193 9.176e+05
0.0162 9.176e+05
0.016208 9.176e+05
0.016215 9.176e+05
0.016223 9.176e+05
0.01623 9.176e+05
0.016238 9.176e+05
0.016245 9.176e+05
0.016253 9.176e+05
0.01626 9.176e+05
0.016268 9.176e+05
0.016276 9.176e+05
0.016283 9.176e+05
0.016291 9.176e+05
0.016298 9.176e+05
0.016306 9.176e+05
0.016313 9.176e+05
0.016321 9.176e+05
0.016328 9.176e+05
0.016336 9.176e+05
0.016343 9.176e+05
0.016351 9.176e+05
0.016358 9.176e+05
0.016366 9.176e+05
0.016374 9.176e+05
0.016381 9.176e+05
0.016389 9.176e+05
0.016396 9.176e+05
0.016404 9.176e+05
0.016411 9.176e+05
0.016419 9.176e+05
0.016426 9.176e+05
0.016434 9.176e+05
0.016441 9.176e+05
0.016449 9.176e+05
0.016456 9.176e+05
0.016464 9.176e+05
0.016472 9.176e+05
0.016479 9.176e+05
0.016487 9.176e+05
0.016494 9.176e+05
0.016502 9.176e+05
0.016509 9.176e+05
0.016517 9.176e+05
0.016524 9.176e+05
0.016532 9.176e+05
0.016539 9.176e+05
0.016547 9.176e+05
0.016554 9.176e+05
0.016562 9.176e+05
0.01657 9.176e+05
0.016577 9.176e+05
0.016585 9.176e+05
0.016592 9.176e+05
0.0166 9.176e+05
0.016607 9.176e+05
0.016615 9.176e+05
0.016622 9.176e+05
0.01663 9.176e+05
0.016637 9.176e+05
0.016645 9.176e+05
0.016652 9.176e+05
0.01666 9.176e+05
0.016668 9.176e+05
0.016675 9.176e+05
0.016683 9.176e+05
0.01669 9.176e+05
0.016698 9.176e+05
0.016705 9.176e+05
0.016713 9.176e+05
0.01672 9.176e+05
0.016728 9.176e+05
0.016735 9.176e+05
0.016743 9.176e+05
0.01675 9.176e+05
0.016758 9.176e+05
0.016766 9.176e+05
0.016773 9.176e+05
0.016781 9.176e+05
0.016788 9.176e+05
0.016796 9.176e+05
0.016803 9.176e+05
0.016811 9.176e+05
0.016818 9.176e+05
0.016826 9.176e+05
0.016833 9.176e+05
0.016841 9.176e+05
0.016848 9.176e+05
0.016856 9.176e+05
0.016864 9.176e+05
0.016871 9.176e+05
0.016879 9.176e+05
0.016886 9.176e+05
0.016894 9.176e+05
0.016901 9.176e+05
0.016909 9.176e+05
0.016916 9.176e+05
0.016924 9.176e+05
0.016931 9.176e+05
0.016939 9.176e+05
0.016946 9.176e+05
0.016954 9.176e+05
0.016962 9.176e+05
0.016969 9.176e+05
0.016977 9.176e+05
0.016984 9.176e+05
0.016992 9.176e+05
0.016999 9.176e+05
0.017007 9.176e+05
0.017014 9.176e+05
0.017022 9.176e+05
0.017029 9.176e+05
0.017037 9.176e+05
0.017044 9.176e+05
0.017052 9.176e+05
0.01706 9.176e+05
0.017067 9.176e+05
0.017075 9.176e+05
0.017082 9.176e+05
0.01709 9.176e+05
0.017097 9.176e+05
0.017105 9.176e+05
0.017112 9.176e+05
0.01712 9.176e+05
0.017127 9.176e+05
0.017135 9.176e+05
0.017142 9.176e+05
0.01715 9.176e+05
0.017158 9.176e+05
0.017165 9.176e+05
0.017173 9.176e+05
0.01718 9.176e+05
0.017188 9.176e+05
0.017195 9.176e+05
0.017203 9.176e+05
0.01721 9.176e+05
0.017218 9.176e+05
0.017225 9.176e+05
0.017233 9.176e+05
0.01724 9.176e+05
0.017248 9.176e+05
0.017256 9.176e+05
0.017263 9.176e+05
0.017271 9.176e+05
0.017278 9.176e+05
0.017286 9.176e+05
0.017293 9.176e+05
0.017301 9.176e+05
0.017308 9.176e+05
0.017316 9.176e+05
0.017323 9.176e+05
0.017331 9.176e+05
0.017338 9.176e+05
0.017346 9.176e+05
0.017354 9.176e+05
0.017361 9.176e+05
0.017369 9.176e+05
0.017376 9.176e+05
0.017384 9.176e+05
0.017391 9.176e+05
0.017399 9.176e+05
0.017406 9.176e+05
0.017414 9.176e+05
0.017421 9.176e+05
0.017429 9.176e+05
0.017436 9.176e+05
0.017444 9.176e+05
0.017452 9.176e+05
0.017459 9.176e+05
0.017467 9.176e+05
0.017474 9.176e+05
0.017482 9.176e+05
0.017489 9.176e+05
0.017497 9.176e+05
0.017504 9.176e+05
0.017512 9.176e+05
0.017519 9.176e+05
0.017527 9.176e+05
0.017534 9.176e+05
0.017542 9.176e+05
0.01755 9.176e+05
0.017557 9.176e+05
0.017565 9.176e+05
0.017572 9.176e+05
0.01758 9.176e+05
0.017587 9.176e+05
0.017595 9.176e+05
0.017602 9.176e+05
0.01761 9.176e+05
0.017617 9.176e+05
0.017625 9.176e+05
0.017632 9.176e+05
0.01764 9.176e+05
0.017648 9.176e+05
0.017655 9.176e+05
0.017663 9.176e+05
0.01767 9.176e+05
0.017678 9.176e+05
0.017685 9.176e+05
0.017693 9.176e+05
0.0177 9.176e+05
0.017708 9.176e+05
0.017715 9.176e+05
0.017723 9.176e+05
0.01773 9.176e+05
0.017738 9.176e+05
0.017746 9.176e+05
0.017753 9.176e+05
0.017761 9.176e+05
0.017768 9.176e+05
0.017776 9.176e+05
0.017783 9.176e+05
0.017791 9.176e+05
0.017798 9.176e+05
0.017806 9.176e+05
0.017813 9.176e+05
0.017821 9.176e+05
0.017828 9.176e+05
0.017836 9.176e+05
0.017844 9.176e+05
0.017851 9.176e+05
0.017859 9.176e+05
0.017866 9.176e+05
0.017874 9.176e+05
0.017881 9.176e+05
0.017889 9.176e+05
0.017896 9.176e+05
0.017904 9.176e+05
0.017911 9.176e+05
0.017919 9.176e+05
0.017926 9.176e+05
0.017934 9.176e+05
0.017942 9.176e+05
0.017949 9.176e+05
0.017957 9.176e+05
0.017964 9.176e+05
0.017972 9.176e+05
0.017979 9.176e+05
0.017987 9.176e+05
0.017994 9.176e+05
0.018002 9.176e+05
0.018009 9.176e+05
0.018017 9.176e+05
0.018024 9.176e+05
0.018032 9.176e+05
0.01804 9.176e+05
0.018047 9.176e+05
0.018055 9.176e+05
0.018062 9.176e+05
0.01807 9.176e+05
0.018077 9.176e+05
0.018085 9.176e+05
0.018092 9.176e+05
0.0181 9.176e+05
0.018107 9.176e+05
0.018115 9.176e+05
0.018122 9.176e+05
0.01813 9.176e+05
0.018138 9.176e+05
0.018145 9.176e+05
0.018153 9.176e+05
0.01816 9.176e+05
0.018168 9.176e+05
0.018175 9.176e+05
0.018183 9.176e+05
0.01819 9.176e+05
0.018198 9.176e+05
0.018205 9.176e+05
0.018213 9.176e+05
0.01822 9.176e+05
0.018228 9.176e+05
0.018236 9.176e+05
0.018243 9.176e+05
0.018251 9.176e+05
0.018258 9.176e+05
0.018266 9.176e+05
0.018273 9.176e+05
0.018281 9.176e+05
0.018288 9.176e+05
0.018296 9.176e+05
0.018303 9.176e+05
0.018311 9.176e+05
0.018318 9.176e+05
0.018326 9.176e+05
0.018334 9.176e+05
0.018341 9.176e+05
0.018349 9.176e+05
0.018356 9.176e+05
0.018364 9.176e+05
0.018371 9.176e+05
0.018379 9.176e+05
0.018386 9.176e+05
0.018394 9.176e+05
0.018401 9.176e+05
0.018409 9.176e+05
0.018416 9.176e+05
0.018424 9.176e+05
0.018432 9.176e+05
0.018439 9.176e+05
0.018447 9.176e+05
0.018454 9.176e+05
0.018462 9.176e+05
0.018469 9.176e+05
0.018477 9.176e+05
0.018484 9.176e+05
0.018492 9.176e+05
0.018499 9.176e+05
0.018507 9.176e+05
0.018514 9.176e+05
0.018522 9.176e+05
0.01853 9.176e+05
0.018537 9.176e+05
0.018545 9.176e+05
0.018552 9.176e+05
0.01856 9.176e+05
0.018567 9.176e+05
0.018575 9.176e+05
0.018582 9.176e+05
0.01859 9.176e+05
0.018597 9.176e+05
0.018605 9.176e+05
0.018612 9.176e+05
0.01862 9.176e+05
0.018628 9.176e+05
0.018635 9.176e+05
0.018643 9.176e+05
0.01865 9.176e+05
0.018658 9.176e+05
0.018665 9.176e+05
0.018673 9.176e+05
0.01868 9.176e+05
0.018688 9.176e+05
0.018695 9.176e+05
0.018703 9.176e+05
0.01871 9.176e+05
0.018718 9.176e+05
0.018726 9.176e+05
0.018733 9.176e+05
0.018741 9.176e+05
0.018748 9.176e+05
0.018756 9.176e+05
0.018763 9.176e+05
0.018771 9.176e+05
0.018778 9.176e+05
0.018786 9.176e+05
0.018793 9.176e+05
0.018801 9.176e+05
0.018808 9.176e+05
0.018816 9.176e+05
0.018824 9.176e+05
0.018831 9.176e+05
0.018839 9.176e+05
0.018846 9.176e+05
0.018854 9.176e+05
0.018861 9.176e+05
0.018869 9.176e+05
0.018876 9.176e+05
0.018884 9.176e+05
0.018891 9.176e+05
0.018899 9.176e+05
0.018906 9.176e+05
0.018914 9.176e+05
0.018922 9.176e+05
0.018929 9.176e+05
0.018937 9.176e+05
0.018944 9.176e+05
0.018952 9.176e+05
0.018959 9.176e+05
0.018967 9.176e+05
0.018974 9.176e+05
0.018982 9.176e+05
0.018989 9.176e+05
0.018997 9.176e+05
0.019004 9.176e+05
0.019012 9.176e+05
0.01902 9.176e+05
0.019027 9.176e+05
0.019035 9.176e+05
0.019042 9.176e+05
0.01905 9.176e+05
0.019057 9.176e+05
0.019065 9.176e+05
0.019072 9.176e+05
0.01908 9.176e+05
0.019087 9.176e+05
0.019095 9.176e+05
0.019102 9.176e+05
0.01911 9.176e+05
0.019118 9.176e+05
0.019125 9.176e+05
0.019133 9.176e+05
0.01914 9.176e+05
0.019148 9.176e+05
0.019155 9.176e+05
0.019163 9.176e+05
0.01917 9.176e+05
0.019178 9.176e+05
0.019185 9.176e+05
0.019193 9.176e+05
0.0192 9.176e+05
0.019208 9.176e+05
0.019216 9.176e+05
0.019223 9.176e+05
0.019231 9.176e+05
0.019238 9.176e+05
0.019246 9.176e+05
0.019253 9.176e+05
0.019261 9.176e+05
0.019268 9.176e+05
0.019276 9.176e+05
0.019283 9.176e+05
0.019291 9.176e+05
0.019298 9.176e+05
0.019306 9.176e+05
0.019314 9.176e+05
0.019321 9.176e+05
0.019329 9.176e+05
0.019336 9.176e+05
0.019344 9.176e+05
0.019351 9.176e+05
0.019359 9.176e+05
0.019366 9.176e+05
0.019374 9.176e+05
0.019381 9.176e+05
0.019389 9.176e+05
0.019396 9.176e+05
0.019404 9.176e+05
0.019412 9.176e+05
0.019419 9.176e+05
0.019427 9.176e+05
0.019434 9.176e+05
0.019442 9.176e+05
0.019449 9.176e+05
0.019457 9.176e+05
0.019464 9.176e+05
0.019472 9.176e+05
0.019479 9.176e+05
0.019487 9.176e+05
0.019494 9.176e+05
0.019502 9.176e+05
0.01951 9.176e+05
0.019517 9.176e+05
0.019525 9.176e+05
0.019532 9.176e+05
0.01954 9.176e+05
0.019547 9.176e+05
0.019555 9.176e+05
0.019562 9.176e+05
0.01957 9.176e+05
0.019577 9.176e+05
0.019585 9.176e+05
0.019592 9.176e+05
0.0196 9.176e+05
0.019608 9.176e+05
0.019615 9.176e+05
0.019623 9.176e+05
0.01963 9.176e+05
0.019638 9.176e+05
0.019645 9.176e+05
0.019653 9.176e+05
0.01966 9.176e+05
0.019668 9.176e+05
0.019675 9.176e+05
0.019683 9.176e+05
0.01969 9.176e+05
0.019698 9.176e+05
0.019706 9.176e+05
0.019713 9.176e+05
0.019721 9.176e+05
0.019728 9.176e+05
0.019736 9.176e+05
0.019743 9.176e+05
0.019751 9.176e+05
0.019758 9.176e+05
0.019766 9.176e+05
0.019773 9.176e+05
0.019781 9.176e+05
0.019788 9.176e+05
0.019796 9.176e+05
0.019804 9.176e+05
0.019811 9.176e+05
0.019819 9.176e+05
0.019826 9.176e+05
0.019834 9.176e+05
0.019841 9.176e+05
0.019849 9.176e+05
0.019856 9.176e+05
0.019864 9.176e+05
0.019871 9.176e+05
0.019879 9.176e+05
0.019886 9.176e+05
0.019894 9.176e+05
0.019902 9.176e+05
0.019909 9.176e+05
0.019917 9.176e+05
0.019924 9.176e+05
0.019932 9.176e+05
0.019939 9.176e+05
0.019947 9.176e+05
0.019954 9.176e+05
0.019962 9.176e+05
0.019969 9.176e+05
0.019977 9.176e+05
0.019984 9.176e+05
0.019992 9.176e+05
0.02 9.176e+05
0.020007 9.176e+05
0.020015 9.176e+05
0.020022 9.176e+05
0.02003 9.176e+05
0.020037 9.176e+05
0.020045 9.176e+05
0.020052 9.176e+05
0.02006 9.176e+05
0.020067 9.176e+05
0.020075 9.176e+05
0.020082 9.176e+05
0.02009 9.176e+05
0.020098 9.176e+05
0.020105 9.176e+05
0.020113 9.176e+05
0.02012 9.176e+05
0.020128 9.176e+05
0.020135 9.176e+05
0.020143 9.176e+05
0.02015 9.176e+05
0.020158 9.176e+05
0.020165 9.176e+05
0.020173 9.176e+05
0.02018 9.176e+05
0.020188 9.176e+05
0.020196 9.176e+05
0.020203 9.176e+05
0.020211 9.176e+05
0.020218 9.176e+05
0.020226 9.176e+05
0.020233 9.176e+05
0.020241 9.176e+05
0.020248 9.176e+05
0.020256 9.176e+05
0.020263 9.176e+05
0.020271 9.176e+05
0.020278 9.176e+05
0.020286 9.176e+05
0.020294 9.176e+05
0.020301 9.176e+05
0.020309 9.176e+05
0.020316 9.176e+05
0.020324 9.176e+05
0.020331 9.176e+05
0.020339 9.176e+05
0.020346 9.176e+05
0.020354 9.176e+05
0.020361 9.176e+05
0.020369 9.176e+05
0.020376 9.176e+05
0.020384 9.176e+05
0.020392 9.176e+05
0.020399 9.176e+05
0.020407 9.176e+05
0.020414 9.176e+05
0.020422 9.176e+05
0.020429 9.176e+05
0.020437 9.176e+05
0.020444 9.176e+05
0.020452 9.176e+05
0.020459 9.176e+05
0.020467 9.176e+05
0.020474 9.176e+05
0.020482 9.176e+05
0.02049 9.176e+05
0.020497 9.176e+05
0.020505 9.176e+05
0.020512 9.176e+05
0.02052 9.176e+05
0.020527 9.176e+05
0.020535 9.176e+05
0.020542 9.176e+05
0.02055 9.176e+05
0.020557 9.176e+05
0.020565 9.176e+05
0.020572 9.176e+05
0.02058 9.176e+05
0.020588 9.176e+05
0.020595 9.176e+05
0.020603 9.176e+05
0.02061 9.176e+05
0.020618 9.176e+05
0.020625 9.176e+05
0.020633 9.176e+05
0.02064 9.176e+05
0.020648 9.176e+05
0.020655 9.176e+05
0.020663 9.176e+05
0.02067 9.176e+05
0.020678 9.176e+05
0.020686 9.176e+05
0.020693 9.176e+05
0.020701 9.176e+05
0.020708 9.176e+05
0.020716 9.176e+05
0.020723 9.176e+05
0.020731 9.176e+05
0.020738 9.176e+05
0.020746 9.176e+05
0.020753 9.176e+05
0.020761 9.176e+05
0.020768 9.176e+05
0.020776 9.176e+05
0.020784 9.176e+05
0.020791 9.176e+05
0.020799 9.176e+05
0.020806 9.176e+05
0.020814 9.176e+05
0.020821 9.176e+05
0.020829 9.176e+05
0.020836 9.176e+05
0.020844 9.176e+05
0.020851 9.176e+05
0.020859 9.176e+05
0.020866 9.176e+05
0.020874 9.176e+05
0.020882 9.176e+05
0.020889 9.176e+05
0.020897 9.176e+05
0.020904 9.176e+05
0.020912 9.176e+05
0.020919 9.176e+05
0.020927 9.176e+05
0.020934 9.176e+05
0.020942 9.176e+05
0.020949 9.176e+05
0.020957 9.176e+05
0.020964 9.176e+05
0.020972 9.176e+05
0.02098 9.176e+05
0.020987 9.176e+05
0.020995 9.176e+05
0.021002 9.176e+05
0.02101 9.176e+05
0.021017 9.176e+05
0.021025 9.176e+05
0.021032 9.176e+05
0.02104 9.176e+05
0.021047 9.176e+05
0.021055 9.176e+05
0.021062 9.176e+05
0.02107 9.176e+05
0.021078 9.176e+05
0.021085 9.176e+05
0.021093 9.176e+05
0.0211 9.176e+05
0.021108 9.176e+05
0.021115 9.176e+05
0.021123 9.176e+05
0.02113 9.176e+05
0.021138 9.176e+05
0.021145 9.176e+05
0.021153 9.176e+05
0.02116 9.176e+05
0.021168 9.176e+05
0.021176 9.176e+05
0.021183 9.176e+05
0.021191 9.176e+05
0.021198 9.176e+05
0.021206 9.176e+05
0.021213 9.176e+05
0.021221 9.176e+05
0.021228 9.176e+05
0.021236 9.176e+05
0.021243 9.176e+05
0.021251 9.176e+05
0.021258 9.176e+05
0.021266 9.176e+05
0.021274 9.176e+05
0.021281 9.176e+05
0.021289 9.176e+05
0.021296 9.176e+05
0.021304 9.176e+05
0.021311 9.176e+05
0.021319 9.176e+05
0.021326 9.176e+05
0.021334 9.176e+05
0.021341 9.176e+05
0.021349 9.176e+05
0.021356 9.176e+05
0.021364 9.176e+05
0.021372 9.176e+05
0.021379 9.176e+05
0.021387 9.176e+05
0.021394 9.176e+05
0.021402 9.176e+05
0.021409 9.176e+05
0.021417 9.176e+05
0.021424 9.176e+05
0.021432 9.176e+05
0.021439 9.176e+05
0.021447 9.176e+05
0.021454 9.176e+05
0.021462 9.176e+05
0.02147 9.176e+05
0.021477 9.176e+05
0.021485 9.176e+05
0.021492 9.176e+05
0.0215 9.176e+05
0.021507 9.176e+05
0.021515 9.176e+05
0.021522 9.176e+05
0.02153 9.176e+05
0.021537 9.176e+05
0.021545 9.176e+05
0.021552 9.176e+05
0.02156 9.176e+05
0.021568 9.176e+05
0.021575 9.176e+05
0.021583 9.176e+05
0.02159 9.176e+05
0.021598 9.176e+05
0.021605 9.176e+05
0.021613 9.176e+05
0.02162 9.176e+05
0.021628 9.176e+05
0.021635 9.176e+05
0.021643 9.176e+05
0.02165 9.176e+05
0.021658 9.176e+05
0.021666 9.176e+05
0.021673 9.176e+05
0.021681 9.176e+05
0.021688 9.176e+05
0.021696 9.176e+05
0.021703 9.176e+05
0.021711 9.176e+05
0.021718 9.176e+05
0.021726 9.176e+05
0.021733 9.176e+05
0.021741 9.176e+05
0.021748 9.176e+05
0.021756 9.176e+05
0.021764 9.176e+05
0.021771 9.176e+05
0.021779 9.176e+05
0.021786 9.176e+05
0.021794 9.176e+05
0.021801 9.176e+05
0.021809 9.176e+05
0.021816 9.176e+05
0.021824 9.176e+05
0.021831 9.176e+05
0.021839 9.176e+05
0.021846 9.176e+05
0.021854 9.176e+05
0.021862 9.176e+05
0.021869 9.176e+05
0.021877 9.176e+05
0.021884 9.176e+05
0.021892 9.176e+05
0.021899 9.176e+05
0.021907 9.176e+05
0.021914 9.176e+05
0.021922 9.176e+05
0.021929 9.176e+05
0.021937 9.176e+05
0.021944 9.176e+05
0.021952 9.176e+05
0.02196 9.176e+05
0.021967 9.176e+05
0.021975 9.176e+05
0.021982 9.176e+05
0.02199 9.176e+05
0.021997 9.176e+05
0.022005 9.176e+05
0.022012 9.176e+05
0.02202 9.176e+05
0.022027 9.176e+05
0.022035 9.176e+05
0.022042 9.176e+05
0.02205 9.176e+05
0.022058 9.176e+05
0.022065 9.176e+05
0.022073 9.176e+05
0.02208 9.176e+05
0.022088 9.176e+05
0.022095 9.176e+05
0.022103 9.176e+05
0.02211 9.176e+05
0.022118 9.176e+05
0.022125 9.176e+05
0.022133 9.176e+05
0.02214 9.176e+05
0.022148 9.176e+05
0.022156 9.176e+05
0.022163 9.176e+05
0.022171 9.176e+05
0.022178 9.176e+05
0.022186 9.176e+05
0.022193 9.176e+05
0.022201 9.176e+05
0.022208 9.176e+05
0.022216 9.176e+05
0.022223 9.176e+05
0.022231 9.176e+05
0.022238 9.176e+05
0.022246 9.176e+05
0.022254 9.176e+05
0.022261 9.176e+05
0.022269 9.176e+05
0.022276 9.176e+05
0.022284 9.176e+05
0.022291 9.176e+05
0.022299 9.176e+05
0.022306 9.176e+05
0.022314 9.176e+05
0.022321 9.176e+05
0.022329 9.176e+05
0.022336 9.176e+05
0.022344 9.176e+05
0.022352 9.176e+05
0.022359 9.176e+05
0.022367 9.176e+05
0.022374 9.176e+05
0.022382 9.176e+05
0.022389 9.176e+05
0.022397 9.176e+05
0.022404 9.176e+05
0.022412 9.176e+05
0.022419 9.176e+05
0.022427 9.176e+05
0.022434 9.176e+05
0.022442 9.176e+05
0.02245 9.176e+05
0.022457 9.176e+05
0.022465 9.176e+05
0.022472 9.176e+05
0.02248 9.176e+05
0.022487 9.176e+05
0.022495 9.176e+05
0.022502 9.176e+05
0.02251 9.176e+05
0.022517 9.176e+05
0.022525 9.176e+05
0.022532 9.176e+05
0.02254 9.176e+05
0.022548 9.176e+05
0.022555 9.176e+05
0.022563 9.176e+05
0.02257 9.176e+05
0.022578 9.176e+05
0.022585 9.176e+05
0.022593 9.176e+05
0.0226 9.176e+05
0.022608 9.176e+05
0.022615 9.176e+05
0.022623 9.176e+05
0.02263 9.176e+05
0.022638 9.176e+05
0.022646 9.176e+05
0.022653 9.176e+05
0.022661 9.176e+05
0.022668 9.176e+05
0.022676 9.176e+05
0.022683 9.176e+05
0.022691 9.176e+05
0.022698 9.176e+05
0.022706 9.176e+05
0.022713 9.176e+05
0.022721 9.176e+05
0.022728 9.176e+05
0.022736 9.176e+05
0.022744 9.176e+05
0.022751 9.176e+05
0.022759 9.176e+05
0.022766 9.176e+05
0.022774 9.176e+05
0.022781 9.176e+05
0.022789 9.176e+05
0.022796 9.176e+05
0.022804 9.176e+05
0.022811 9.176e+05
0.022819 9.176e+05
0.022826 9.176e+05
0.022834 9.176e+05
0.022842 9.176e+05
0.022849 9.176e+05
0.022857 9.176e+05
0.022864 9.176e+05
0.022872 9.176e+05
0.022879 9.176e+05
0.022887 9.176e+05
0.022894 9.176e+05
0.022902 9.176e+05
0.022909 9.176e+05
0.022917 9.176e+05
0.022924 9.176e+05
0.022932 9.176e+05
0.02294 9.176e+05
0.022947 9.176e+05
0.022955 9.176e+05
0.022962 9.176e+05
0.02297 9.176e+05
0.022977 9.176e+05
0.022985 9.176e+05
0.022992 9.176e+05
0.023 9.176e+05
0.023007 9.176e+05
0.023015 9.176e+05
0.023022 9.176e+05
0.02303 9.176e+05
0.023038 9.176e+05
0.023045 9.176e+05
0.023053 9.176e+05
0.02306 9.176e+05
0.023068 9.176e+05
0.023075 9.176e+05
0.023083 9.176e+05
0.02309 9.176e+05
0.023098 9.176e+05
0.023105 9.176e+05
0.023113 9.176e+05
0.02312 9.176e+05
0.023128 9.176e+05
0.023136 9.176e+05
0.023143 9.176e+05
0.023151 9.176e+05
0.023158 9.176e+05
0.023166 9.176e+05
0.023173 9.176e+05
0.023181 9.176e+05
0.023188 9.176e+05
0.023196 9.176e+05
0.023203 9.176e+05
0.023211 9.176e+05
0.023218 9.176e+05
0.023226 9.176e+05
0.023234 9.176e+05
0.023241 9.176e+05
0.023249 9.176e+05
0.023256 9.176e+05
0.023264 9.176e+05
0.023271 9.176e+05
0.023279 9.176e+05
0.023286 9.176e+05
0.023294 9.176e+05
0.023301 9.176e+05
0.023309 9.176e+05
0.023316 9.176e+05
0.023324 9.176e+05
0.023332 9.176e+05
0.023339 9.176e+05
0.023347 9.176e+05
0.023354 9.176e+05
0.023362 9.176e+05
0.023369 9.176e+05
0.023377 9.176e+05
0.023384 9.176e+05
0.023392 9.176e+05
0.023399 9.176e+05
0.023407 9.176e+05
0.023414 9.176e+05
0.023422 9.176e+05
0.02343 9.176e+05
0.023437 9.176e+05
0.023445 9.176e+05
0.023452 9.176e+05
0.02346 9.176e+05
0.023467 9.176e+05
0.023475 9.176e+05
0.023482 9.176e+05
0.02349 9.176e+05
0.023497 9.176e+05
0.023505 9.176e+05
0.023512 9.176e+05
0.02352 9.176e+05
0.023528 9.176e+05
0.023535 9.176e+05
0.023543 9.176e+05
0.02355 9.176e+05
0.023558 9.176e+05
0.023565 9.176e+05
0.023573 9.176e+05
0.02358 9.176e+05
0.023588 9.176e+05
0.023595 9.176e+05
0.023603 9.176e+05
0.02361 9.176e+05
0.023618 9.176e+05
0.023626 9.176e+05
0.023633 9.176e+05
0.023641 9.176e+05
0.023648 9.176e+05
0.023656 9.176e+05
0.023663 9.176e+05
0.023671 9.176e+05
0.023678 9.176e+05
0.023686 9.176e+05
0.023693 9.176e+05
0.023701 9.176e+05
0.023708 9.176e+05
0.023716 9.176e+05
0.023724 9.176e+05
0.023731 9.176e+05
0.023739 9.176e+05
0.023746 9.176e+05
0.023754 9.176e+05
0.023761 9.176e+05
0.023769 9.176e+05
0.023776 9.176e+05
0.023784 9.176e+05
0.023791 9.176e+05
0.023799 9.176e+05
0.023806 9.176e+05
0.023814 9.176e+05
0.023822 9.176e+05
0.023829 9.176e+05
0.023837 9.176e+05
0.023844 9.176e+05
0.023852 9.176e+05
0.023859 9.176e+05
0.023867 9.176e+05
0.023874 9.176e+05
0.023882 9.176e+05
0.023889 9.176e+05
0.023897 9.176e+05
0.023904 9.176e+05
0.023912 9.176e+05
0.02392 9.176e+05
0.023927 9.176e+05
0.023935 9.176e+05
0.023942 9.176e+05
0.02395 9.176e+05
0.023957 9.176e+05
0.023965 9.176e+05
0.023972 9.176e+05
0.02398 9.176e+05
0.023987 9.176e+05
0.023995 9.176e+05
0.024002 9.176e+05
0.02401 9.176e+05
0.024018 9.176e+05
0.024025 9.176e+05
0.024033 9.176e+05
0.02404 9.176e+05
0.024048 9.176e+05
0.024055 9.176e+05
0.024063 9.176e+05
0.02407 9.176e+05
0.024078 9.176e+05
0.024085 9.176e+05
0.024093 9.176e+05
0.0241 9.176e+05
0.024108 9.176e+05
0.024116 9.176e+05
0.024123 9.176e+05
0.024131 9.176e+05
0.024138 9.176e+05
0.024146 9.176e+05
0.024153 9.176e+05
0.024161 9.176e+05
0.024168 9.176e+05
0.024176 9.176e+05
0.024183 9.176e+05
0.024191 9.176e+05
0.024198 9.176e+05
0.024206 9.176e+05
0.024214 9.176e+05
0.024221 9.176e+05
0.024229 9.176e+05
0.024236 9.176e+05
0.024244 9.176e+05
0.024251 9.176e+05
0.024259 9.176e+05
0.024266 9.176e+05
0.024274 9.176e+05
0.024281 9.176e+05
0.024289 9.176e+05
0.024296 9.176e+05
0.024304 9.176e+05
0.024312 9.176e+05
0.024319 9.176e+05
0.024327 9.176e+05
0.024334 9.176e+05
0.024342 9.176e+05
0.024349 9.176e+05
0.024357 9.176e+05
0.024364 9.176e+05
0.024372 9.176e+05
0.024379 9.176e+05
0.024387 9.176e+05
0.024394 9.176e+05
0.024402 9.176e+05
0.02441 9.176e+05
0.024417 9.176e+05
0.024425 9.176e+05
0.024432 9.176e+05
0.02444 9.176e+05
0.024447 9.176e+05
0.024455 9.176e+05
0.024462 9.176e+05
0.02447 9.176e+05
0.024477 9.176e+05
0.024485 9.176e+05
0.024492 9.176e+05
0.0245 9.176e+05
0.024508 9.176e+05
0.024515 9.176e+05
0.024523 9.176e+05
0.02453 9.176e+05
0.024538 9.176e+05
0.024545 9.176e+05
0.024553 9.176e+05
0.02456 9.176e+05
0.024568 9.176e+05
0.024575 9.176e+05
0.024583 9.176e+05
0.02459 9.176e+05
0.024598 9.176e+05
0.024606 9.176e+05
0.024613 9.176e+05
0.024621 9.176e+05
0.024628 9.176e+05
0.024636 9.176e+05
0.024643 9.176e+05
0.024651 9.176e+05
0.024658 9.176e+05
0.024666 9.176e+05
0.024673 9.176e+05
0.024681 9.176e+05
0.024688 9.176e+05
0.024696 9.176e+05
0.024704 9.176e+05
0.024711 9.176e+05
0.024719 9.176e+05
0.024726 9.176e+05
0.024734 9.176e+05
0.024741 9.176e+05
0.024749 9.176e+05
0.024756 9.176e+05
0.024764 9.176e+05
0.024771 9.176e+05
0.024779 9.176e+05
0.024786 9.176e+05
0.024794 9.176e+05
0.024802 9.176e+05
0.024809 9.176e+05
0.024817 9.176e+05
0.024824 9.176e+05
0.024832 9.176e+05
0.024839 9.176e+05
0.024847 9.176e+05
0.024854 9.176e+05
0.024862 9.176e+05
0.024869 9.176e+05
0.024877 9.176e+05
0.024884 9.176e+05
0.024892 9.176e+05
0.0249 9.176e+05
0.024907 9.176e+05
0.024915 9.176e+05
0.024922 9.176e+05
0.02493 9.176e+05
0.024937 9.176e+05
0.024945 9.176e+05
0.024952 9.176e+05
0.02496 9.176e+05
0.024967 9.176e+05
0.024975 9.176e+05
0.024982 9.176e+05
0.02499 9.176e+05
0.024998 9.176e+05
0.025005 9.176e+05
0.025013 9.176e+05
0.02502 9.176e+05
0.025028 9.176e+05
0.025035 9.176e+05
0.025043 9.176e+05
0.02505 9.176e+05
0.025058 9.176e+05
0.025065 9.176e+05
0.025073 9.176e+05
0.02508 9.176e+05
0.025088 9.176e+05
0.025096 9.176e+05
0.025103 9.176e+05
0.025111 9.176e+05
0.025118 9.176e+05
0.025126 9.176e+05
0.025133 9.176e+05
0.025141 9.176e+05
0.025148 9.176e+05
0.025156 9.176e+05
0.025163 9.176e+05
0.025171 9.176e+05
0.025178 9.176e+05
0.025186 9.176e+05
0.025194 9.176e+05
0.025201 9.176e+05
0.025209 9.176e+05
0.025216 9.176e+05
0.025224 9.176e+05
0.025231 9.176e+05
0.025239 9.176e+05
0.025246 9.176e+05
0.025254 9.176e+05
0.025261 9.176e+05
0.025269 9.176e+05
0.025276 9.176e+05
0.025284 9.176e+05
0.025292 9.176e+05
0.025299 9.176e+05
0.025307 9.176e+05
0.025314 9.176e+05
0.025322 9.176e+05
0.025329 9.176e+05
0.025337 9.176e+05
0.025344 9.176e+05
0.025352 9.176e+05
0.025359 9.176e+05
0.025367 9.176e+05
0.025374 9.176e+05
0.025382 9.176e+05
0.02539 9.176e+05
0.025397 9.176e+05
0.025405 9.176e+05
0.025412 9.176e+05
0.02542 9.176e+05
0.025427 9.176e+05
0.025435 9.176e+05
0.025442 9.176e+05
0.02545 9.176e+05
0.025457 9.176e+05
0.025465 9.176e+05
0.025472 9.176e+05
0.02548 9.176e+05
0.025488 9.176e+05
0.025495 9.176e+05
0.025503 9.176e+05
0.02551 9.176e+05
0.025518 9.176e+05
0.025525 9.176e+05
0.025533 9.176e+05
0.02554 9.176e+05
0.025548 9.176e+05
0.025555 9.176e+05
0.025563 9.176e+05
0.02557 9.176e+05
0.025578 9.176e+05
0.025586 9.176e+05
0.025593 9.176e+05
0.025601 9.176e+05
0.025608 9.176e+05
0.025616 9.176e+05
0.025623 9.176e+05
0.025631 9.176e+05
0.025638 9.176e+05
0.025646 9.176e+05
0.025653 9.176e+05
0.025661 9.176e+05
0.025668 9.176e+05
0.025676 9.176e+05
0.025684 9.176e+05
0.025691 9.176e+05
0.025699 9.176e+05
0.025706 9.176e+05
0.025714 9.176e+05
0.025721 9.176e+05
0.025729 9.176e+05
0.025736 9.176e+05
0.025744 9.176e+05
0.025751 9.176e+05
0.025759 9.176e+05
0.025766 9.176e+05
0.025774 9.176e+05
0.025782 9.176e+05
0.025789 9.176e+05
0.025797 9.176e+05
0.025804 9.176e+05
0.025812 9.176e+05
0.025819 9.176e+05
0.025827 9.176e+05
0.025834 9.176e+05
0.025842 9.176e+05
0.025849 9.176e+05
0.025857 9.176e+05
0.025864 9.176e+05
0.025872 9.176e+05
0.02588 9.176e+05
0.025887 9.176e+05
0.025895 9.176e+05
0.025902 9.176e+05
0.02591 9.176e+05
0.025917 9.176e+05
0.025925 9.176e+05
0.025932 9.176e+05
0.02594 9.176e+05
0.025947 9.176e+05
0.025955 9.176e+05
0.025962 9.176e+05
0.02597 9.176e+05
0.025978 9.176e+05
0.025985 9.176e+05
0.025993 9.176e+05
0.026 9.176e+05
0.026008 9.176e+05
0.026015 9.176e+05
0.026023 9.176e+05
0.02603 9.176e+05
0.026038 9.176e+05
0.026045 9.176e+05
0.026053 9.176e+05
0.02606 9.176e+05
0.026068 9.176e+05
0.026076 9.176e+05
0.026083 9.176e+05
0.026091 9.176e+05
0.026098 9.176e+05
0.026106 9.176e+05
0.026113 9.176e+05
0.026121 9.176e+05
0.026128 9.176e+05
0.026136 9.176e+05
0.026143 9.176e+05
0.026151 9.176e+05
0.026158 9.176e+05
0.026166 9.176e+05
0.026174 9.176e+05
0.026181 9.176e+05
0.026189 9.176e+05
0.026196 9.176e+05
0.026204 9.176e+05
0.026211 9.176e+05
0.026219 9.176e+05
0.026226 9.176e+05
0.026234 9.176e+05
0.026241 9.176e+05
0.026249 9.176e+05
0.026256 9.176e+05
0.026264 9.176e+05
0.026272 9.176e+05
0.026279 9.176e+05
0.026287 9.176e+05
0.026294 9.176e+05
0.026302 9.176e+05
0.026309 9.176e+05
0.026317 9.176e+05
0.026324 9.176e+05
0.026332 9.176e+05
0.026339 9.176e+05
0.026347 9.176e+05
0.026354 9.176e+05
0.026362 9.176e+05
0.02637 9.176e+05
0.026377 9.176e+05
0.026385 9.176e+05
1 9.176e+05
