7.5385e-06 870.92
1.5077e-05 870.92
2.2615e-05 870.92
3.0154e-05 870.93
3.7692e-05 870.93
4.5231e-05 870.93
5.2769e-05 870.93
6.0308e-05 870.93
6.7846e-05 870.94
7.5385e-05 870.95
8.2923e-05 870.97
9.0462e-05 870.99
9.8e-05 871.03
0.00010554 871.08
0.00011308 871.16
0.00012062 871.28
0.00012815 871.44
0.00013569 871.68
0.00014323 872.03
0.00015077 872.51
0.00015831 873.18
0.00016585 874.1
0.00017338 875.36
0.00018092 877.07
0.00018846 879.35
0.000196 882.39
0.00020354 886.37
0.00021108 891.57
0.00021862 898.28
0.00022615 906.89
0.00023369 917.82
0.00024123 931.63
0.00024877 948.93
0.00025631 970.47
0.00026385 997.15
0.00027138 1030
0.00027892 1070.3
0.00028646 1119.5
0.000294 1179.5
0.00030154 1252.3
0.00030908 1340.4
0.00031662 1447
0.00032415 1575.7
0.00033169 1730.8
0.00033923 1917.4
0.00034677 2141.4
0.00035431 2409.7
0.00036185 2729.9
0.00036938 3110.4
0.00037692 3560.1
0.00038446 4087.8
0.000392 4701.9
0.00039954 5409.4
0.00040708 6214.9
0.00041462 7119.3
0.00042215 8119.1
0.00042969 9205.2
0.00043723 10362
0.00044477 11569
0.00045231 12799
0.00045985 14020
0.00046738 15199
0.00047492 16303
0.00048246 17300
0.00049 18165
0.00049754 18876
0.00050508 19422
0.00051262 19797
0.00052015 20002
0.00052769 20046
0.00053523 19941
0.00054277 19705
0.00055031 19355
0.00055785 18909
0.00056538 18388
0.00057292 17807
0.00058046 17183
0.000588 16529
0.00059554 15859
0.00060308 15180
0.00061062 14502
0.00061815 13832
0.00062569 13174
0.00063323 12532
0.00064077 11909
0.00064831 11308
0.00065585 10729
0.00066338 10174
0.00067092 9643.9
0.00067846 9137.8
0.000686 8656
0.00069354 8198.2
0.00070108 7763.8
0.00070862 7352.3
0.00071615 6963
0.00072369 6595.2
0.00073123 6247.9
0.00073877 5920.5
0.00074631 5611.9
0.00075385 5321.4
0.00076138 5048.1
0.00076892 4791.1
0.00077646 4549.6
0.000784 4322.8
0.00079154 4109.8
0.00079908 3909.9
0.00080662 3722.3
0.00081415 3546.3
0.00082169 3381.3
0.00082923 3226.5
0.00083677 3081.4
0.00084431 2945.4
0.00085185 2817.8
0.00085938 2698.3
0.00086692 2586.1
0.00087446 2481
0.000882 2382.5
0.00088954 2290
0.00089708 2203.4
0.00090462 2122.1
0.00091215 2045.8
0.00091969 1974.2
0.00092723 1907.1
0.00093477 1844
0.00094231 1784.8
0.00094985 1729.3
0.00095738 1677.1
0.00096492 1628.1
0.00097246 1582.1
0.00098 1538.8
0.00098754 1498.2
0.00099508 1459.9
0.0010026 1424
0.0010102 1390.3
0.0010177 1358.5
0.0010252 1328.7
0.0010328 1300.6
0.0010403 1274.2
0.0010478 1249.3
0.0010554 1226
0.0010629 1204
0.0010705 1183.3
0.001078 1163.8
0.0010855 1145.5
0.0010931 1128.3
0.0011006 1112.1
0.0011082 1096.9
0.0011157 1082.5
0.0011232 1069
0.0011308 1056.4
0.0011383 1044.4
0.0011458 1033.2
0.0011534 1022.7
0.0011609 1012.8
0.0011685 1003.5
0.001176 994.78
0.0011835 986.57
0.0011911 978.87
0.0011986 971.64
0.0012062 964.86
0.0012137 958.49
0.0012212 952.53
0.0012288 946.93
0.0012363 941.69
0.0012438 936.78
0.0012514 932.18
0.0012589 927.88
0.0012665 923.85
0.001274 920.09
0.0012815 916.56
0.0012891 913.28
0.0012966 910.2
0.0013042 907.34
0.0013117 904.66
0.0013192 902.16
0.0013268 899.84
0.0013343 897.67
0.0013418 895.65
0.0013494 893.77
0.0013569 892.03
0.0013645 890.4
0.001372 888.89
0.0013795 887.49
0.0013871 886.19
0.0013946 884.98
0.0014022 883.86
0.0014097 882.83
0.0014172 881.87
0.0014248 880.98
0.0014323 880.16
0.0014398 879.4
0.0014474 878.7
0.0014549 878.05
0.0014625 877.45
0.00147 876.9
0.0014775 876.39
0.0014851 875.92
0.0014926 875.49
0.0015002 875.1
0.0015077 874.73
0.0015152 874.4
0.0015228 874.09
0.0015303 873.81
0.0015378 873.55
0.0015454 873.32
0.0015529 873.1
0.0015605 872.9
0.001568 872.72
0.0015755 872.56
0.0015831 872.4
0.0015906 872.27
0.0015982 872.14
0.0016057 872.03
0.0016132 871.92
0.0016208 871.83
0.0016283 871.74
0.0016358 871.66
0.0016434 871.59
0.0016509 871.52
0.0016585 871.47
0.001666 871.41
0.0016735 871.36
0.0016811 871.32
0.0016886 871.28
0.0016962 871.24
0.0017037 871.21
0.0017112 871.18
0.0017188 871.16
0.0017263 871.13
0.0017338 871.11
0.0017414 871.09
0.0017489 871.07
0.0017565 871.06
0.001764 871.04
0.0017715 871.03
0.0017791 871.02
0.0017866 871.01
0.0017942 871
0.0018017 870.99
0.0018092 870.98
0.0018168 870.98
0.0018243 870.97
0.0018318 870.97
0.0018394 870.96
0.0018469 870.96
0.0018545 870.95
0.001862 870.95
0.0018695 870.95
0.0018771 870.94
0.0018846 870.94
0.0018922 870.94
0.0018997 870.94
0.0019072 870.94
0.0019148 870.93
0.0019223 870.93
0.0019298 870.93
0.0019374 870.93
0.0019449 870.93
0.0019525 870.93
0.00196 870.93
0.0019675 870.93
0.0019751 870.93
0.0019826 870.93
0.0019902 870.93
0.0019977 870.93
0.0020052 870.93
0.0020128 870.93
0.0020203 870.93
0.0020278 870.93
0.0020354 870.93
0.0020429 870.93
0.0020505 870.92
0.002058 870.92
0.0020655 870.92
0.0020731 870.92
0.0020806 870.92
0.0020882 870.92
0.0020957 870.92
0.0021032 870.92
0.0021108 870.92
0.0021183 870.92
0.0021258 870.92
0.0021334 870.92
0.0021409 870.92
0.0021485 870.92
0.002156 870.92
0.0021635 870.92
0.0021711 870.92
0.0021786 870.92
0.0021862 870.92
0.0021937 870.92
0.0022012 870.92
0.0022088 870.92
0.0022163 870.92
0.0022238 870.92
0.0022314 870.92
0.0022389 870.92
0.0022465 870.92
0.002254 870.92
0.0022615 870.92
0.0022691 870.92
0.0022766 870.92
0.0022842 870.92
0.0022917 870.92
0.0022992 870.92
0.0023068 870.92
0.0023143 870.92
0.0023218 870.92
0.0023294 870.92
0.0023369 870.92
0.0023445 870.92
0.002352 870.92
0.0023595 870.92
0.0023671 870.92
0.0023746 870.92
0.0023822 870.92
0.0023897 870.92
0.0023972 870.92
0.0024048 870.92
0.0024123 870.92
0.0024198 870.92
0.0024274 870.92
0.0024349 870.92
0.0024425 870.92
0.00245 870.92
0.0024575 870.92
0.0024651 870.92
0.0024726 870.92
0.0024802 870.92
0.0024877 870.92
0.0024952 870.92
0.0025028 870.92
0.0025103 870.92
0.0025178 870.92
0.0025254 870.92
0.0025329 870.92
0.0025405 870.92
0.002548 870.92
0.0025555 870.92
0.0025631 870.92
0.0025706 870.92
0.0025782 870.92
0.0025857 870.92
0.0025932 870.92
0.0026008 870.92
0.0026083 870.92
0.0026158 870.92
0.0026234 870.92
0.0026309 870.92
0.0026385 870.92
0.002646 870.92
0.0026535 870.92
0.0026611 870.92
0.0026686 870.92
0.0026762 870.92
0.0026837 870.92
0.0026912 870.92
0.0026988 870.92
0.0027063 870.92
0.0027138 870.92
0.0027214 870.92
0.0027289 870.92
0.0027365 870.92
0.002744 870.92
0.0027515 870.92
0.0027591 870.92
0.0027666 870.92
0.0027742 870.92
0.0027817 870.92
0.0027892 870.92
0.0027968 870.92
0.0028043 870.92
0.0028118 870.92
0.0028194 870.92
0.0028269 870.92
0.0028345 870.92
0.002842 870.92
0.0028495 870.92
0.0028571 870.92
0.0028646 870.92
0.0028722 870.92
0.0028797 870.92
0.0028872 870.92
0.0028948 870.92
0.0029023 870.92
0.0029098 870.92
0.0029174 870.92
0.0029249 870.92
0.0029325 870.92
0.00294 870.92
0.0029475 870.92
0.0029551 870.92
0.0029626 870.92
0.0029702 870.92
0.0029777 870.92
0.0029852 870.92
0.0029928 870.92
0.0030003 870.92
0.0030078 870.92
0.0030154 870.92
0.0030229 870.92
0.0030305 870.92
0.003038 870.92
0.0030455 870.92
0.0030531 870.92
0.0030606 870.92
0.0030682 870.92
0.0030757 870.92
0.0030832 870.92
0.0030908 870.92
0.0030983 870.92
0.0031058 870.92
0.0031134 870.92
0.0031209 870.92
0.0031285 870.92
0.003136 870.92
0.0031435 870.92
0.0031511 870.92
0.0031586 870.92
0.0031662 870.92
0.0031737 870.92
0.0031812 870.92
0.0031888 870.92
0.0031963 870.92
0.0032038 870.92
0.0032114 870.92
0.0032189 870.92
0.0032265 870.92
0.003234 870.92
0.0032415 870.92
0.0032491 870.92
0.0032566 870.92
0.0032642 870.92
0.0032717 870.92
0.0032792 870.92
0.0032868 870.92
0.0032943 870.92
0.0033018 870.92
0.0033094 870.92
0.0033169 870.92
0.0033245 870.92
0.003332 870.92
0.0033395 870.92
0.0033471 870.92
0.0033546 870.92
0.0033622 870.92
0.0033697 870.92
0.0033772 870.92
0.0033848 870.92
0.0033923 870.92
0.0033998 870.92
0.0034074 870.92
0.0034149 870.92
0.0034225 870.92
0.00343 870.92
0.0034375 870.92
0.0034451 870.92
0.0034526 870.92
0.0034602 870.92
0.0034677 870.92
0.0034752 870.92
0.0034828 870.92
0.0034903 870.92
0.0034978 870.92
0.0035054 870.92
0.0035129 870.92
0.0035205 870.92
0.003528 870.92
0.0035355 870.92
0.0035431 870.92
0.0035506 870.92
0.0035582 870.92
0.0035657 870.92
0.0035732 870.92
0.0035808 870.92
0.0035883 870.92
0.0035958 870.92
0.0036034 870.92
0.0036109 870.92
0.0036185 870.92
0.003626 870.92
0.0036335 870.92
0.0036411 870.92
0.0036486 870.92
0.0036562 870.92
0.0036637 870.92
0.0036712 870.92
0.0036788 870.92
0.0036863 870.92
0.0036938 870.92
0.0037014 870.92
0.0037089 870.92
0.0037165 870.92
0.003724 870.92
0.0037315 870.92
0.0037391 870.92
0.0037466 870.92
0.0037542 870.92
0.0037617 870.92
0.0037692 870.92
0.0037768 870.92
0.0037843 870.92
0.0037918 870.92
0.0037994 870.92
0.0038069 870.92
0.0038145 870.92
0.003822 870.92
0.0038295 870.92
0.0038371 870.92
0.0038446 870.92
0.0038522 870.92
0.0038597 870.92
0.0038672 870.92
0.0038748 870.92
0.0038823 870.92
0.0038898 870.92
0.0038974 870.92
0.0039049 870.92
0.0039125 870.92
0.00392 870.92
0.0039275 870.92
0.0039351 870.92
0.0039426 870.92
0.0039502 870.92
0.0039577 870.92
0.0039652 870.92
0.0039728 870.92
0.0039803 870.92
0.0039878 870.92
0.0039954 870.92
0.0040029 870.92
0.0040105 870.92
0.004018 870.92
0.0040255 870.92
0.0040331 870.92
0.0040406 870.92
0.0040482 870.92
0.0040557 870.92
0.0040632 870.92
0.0040708 870.92
0.0040783 870.92
0.0040858 870.92
0.0040934 870.92
0.0041009 870.92
0.0041085 870.92
0.004116 870.92
0.0041235 870.92
0.0041311 870.92
0.0041386 870.92
0.0041462 870.92
0.0041537 870.92
0.0041612 870.92
0.0041688 870.92
0.0041763 870.92
0.0041838 870.92
0.0041914 870.92
0.0041989 870.92
0.0042065 870.92
0.004214 870.92
0.0042215 870.92
0.0042291 870.92
0.0042366 870.92
0.0042442 870.92
0.0042517 870.92
0.0042592 870.92
0.0042668 870.92
0.0042743 870.92
0.0042818 870.92
0.0042894 870.92
0.0042969 870.92
0.0043045 870.92
0.004312 870.92
0.0043195 870.92
0.0043271 870.92
0.0043346 870.92
0.0043422 870.92
0.0043497 870.92
0.0043572 870.92
0.0043648 870.92
0.0043723 870.92
0.0043798 870.92
0.0043874 870.92
0.0043949 870.92
0.0044025 870.92
0.00441 870.92
0.0044175 870.92
0.0044251 870.92
0.0044326 870.92
0.0044402 870.92
0.0044477 870.92
0.0044552 870.92
0.0044628 870.92
0.0044703 870.92
0.0044778 870.92
0.0044854 870.92
0.0044929 870.92
0.0045005 870.92
0.004508 870.92
0.0045155 870.92
0.0045231 870.92
0.0045306 870.92
0.0045382 870.92
0.0045457 870.92
0.0045532 870.92
0.0045608 870.92
0.0045683 870.92
0.0045758 870.92
0.0045834 870.92
0.0045909 870.92
0.0045985 870.92
0.004606 870.92
0.0046135 870.92
0.0046211 870.92
0.0046286 870.92
0.0046362 870.92
0.0046437 870.92
0.0046512 870.92
0.0046588 870.92
0.0046663 870.92
0.0046738 870.92
0.0046814 870.92
0.0046889 870.92
0.0046965 870.92
0.004704 870.92
0.0047115 870.92
0.0047191 870.92
0.0047266 870.92
0.0047342 870.92
0.0047417 870.92
0.0047492 870.92
0.0047568 870.92
0.0047643 870.92
0.0047718 870.92
0.0047794 870.92
0.0047869 870.92
0.0047945 870.92
0.004802 870.92
0.0048095 870.92
0.0048171 870.92
0.0048246 870.92
0.0048322 870.92
0.0048397 870.92
0.0048472 870.92
0.0048548 870.92
0.0048623 870.92
0.0048698 870.92
0.0048774 870.92
0.0048849 870.92
0.0048925 870.92
0.0049 870.92
0.0049075 870.92
0.0049151 870.92
0.0049226 870.92
0.0049302 870.92
0.0049377 870.92
0.0049452 870.92
0.0049528 870.92
0.0049603 870.92
0.0049678 870.92
0.0049754 870.92
0.0049829 870.92
0.0049905 870.92
0.004998 870.92
0.0050055 870.92
0.0050131 870.92
0.0050206 870.92
0.0050282 870.92
0.0050357 870.92
0.0050432 870.92
0.0050508 870.92
0.0050583 870.92
0.0050658 870.92
0.0050734 870.92
0.0050809 870.92
0.0050885 870.92
0.005096 870.92
0.0051035 870.92
0.0051111 870.92
0.0051186 870.92
0.0051262 870.92
0.0051337 870.92
0.0051412 870.92
0.0051488 870.92
0.0051563 870.92
0.0051638 870.92
0.0051714 870.92
0.0051789 870.92
0.0051865 870.92
0.005194 870.92
0.0052015 870.92
0.0052091 870.92
0.0052166 870.92
0.0052242 870.92
0.0052317 870.92
0.0052392 870.92
0.0052468 870.92
0.0052543 870.92
0.0052618 870.92
0.0052694 870.92
0.0052769 870.92
0.0052845 870.92
0.005292 870.92
0.0052995 870.92
0.0053071 870.92
0.0053146 870.92
0.0053222 870.92
0.0053297 870.92
0.0053372 870.92
0.0053448 870.92
0.0053523 870.92
0.0053598 870.92
0.0053674 870.92
0.0053749 870.92
0.0053825 870.92
0.00539 870.92
0.0053975 870.92
0.0054051 870.92
0.0054126 870.92
0.0054202 870.92
0.0054277 870.92
0.0054352 870.92
0.0054428 870.92
0.0054503 870.92
0.0054578 870.92
0.0054654 870.92
0.0054729 870.92
0.0054805 870.92
0.005488 870.92
0.0054955 870.92
0.0055031 870.92
0.0055106 870.92
0.0055182 870.92
0.0055257 870.92
0.0055332 870.92
0.0055408 870.92
0.0055483 870.92
0.0055558 870.92
0.0055634 870.92
0.0055709 870.92
0.0055785 870.92
0.005586 870.92
0.0055935 870.92
0.0056011 870.92
0.0056086 870.92
0.0056162 870.92
0.0056237 870.92
0.0056312 870.92
0.0056388 870.92
0.0056463 870.92
0.0056538 870.92
0.0056614 870.92
0.0056689 870.92
0.0056765 870.92
0.005684 870.92
0.0056915 870.92
0.0056991 870.92
0.0057066 870.92
0.0057142 870.92
0.0057217 870.92
0.0057292 870.92
0.0057368 870.92
0.0057443 870.92
0.0057518 870.92
0.0057594 870.92
0.0057669 870.92
0.0057745 870.92
0.005782 870.92
0.0057895 870.92
0.0057971 870.92
0.0058046 870.92
0.0058122 870.92
0.0058197 870.92
0.0058272 870.92
0.0058348 870.92
0.0058423 870.92
0.0058498 870.92
0.0058574 870.92
0.0058649 870.92
0.0058725 870.92
0.00588 870.92
0.0058875 870.92
0.0058951 870.92
0.0059026 870.92
0.0059102 870.92
0.0059177 870.92
0.0059252 870.92
0.0059328 870.92
0.0059403 870.92
0.0059478 870.92
0.0059554 870.92
0.0059629 870.92
0.0059705 870.92
0.005978 870.92
0.0059855 870.92
0.0059931 870.92
0.0060006 870.92
0.0060082 870.92
0.0060157 870.92
0.0060232 870.92
0.0060308 870.92
0.0060383 870.92
0.0060458 870.92
0.0060534 870.92
0.0060609 870.92
0.0060685 870.92
0.006076 870.92
0.0060835 870.92
0.0060911 870.92
0.0060986 870.92
0.0061062 870.92
0.0061137 870.92
0.0061212 870.92
0.0061288 870.92
0.0061363 870.92
0.0061438 870.92
0.0061514 870.92
0.0061589 870.92
0.0061665 870.92
0.006174 870.92
0.0061815 870.92
0.0061891 870.92
0.0061966 870.92
0.0062042 870.92
0.0062117 870.92
0.0062192 870.92
0.0062268 870.92
0.0062343 870.92
0.0062418 870.92
0.0062494 870.92
0.0062569 870.92
0.0062645 870.92
0.006272 870.92
0.0062795 870.92
0.0062871 870.92
0.0062946 870.92
0.0063022 870.92
0.0063097 870.92
0.0063172 870.92
0.0063248 870.92
0.0063323 870.92
0.0063398 870.92
0.0063474 870.92
0.0063549 870.92
0.0063625 870.92
0.00637 870.92
0.0063775 870.92
0.0063851 870.92
0.0063926 870.92
0.0064002 870.92
0.0064077 870.92
0.0064152 870.92
0.0064228 870.92
0.0064303 870.92
0.0064378 870.92
0.0064454 870.92
0.0064529 870.92
0.0064605 870.92
0.006468 870.92
0.0064755 870.92
0.0064831 870.92
0.0064906 870.92
0.0064982 870.92
0.0065057 870.92
0.0065132 870.92
0.0065208 870.92
0.0065283 870.92
0.0065358 870.92
0.0065434 870.92
0.0065509 870.92
0.0065585 870.92
0.006566 870.92
0.0065735 870.92
0.0065811 870.92
0.0065886 870.92
0.0065962 870.92
0.0066037 870.92
0.0066112 870.92
0.0066188 870.92
0.0066263 870.92
0.0066338 870.92
0.0066414 870.92
0.0066489 870.92
0.0066565 870.92
0.006664 870.92
0.0066715 870.92
0.0066791 870.92
0.0066866 870.92
0.0066942 870.92
0.0067017 870.92
0.0067092 870.92
0.0067168 870.92
0.0067243 870.92
0.0067318 870.92
0.0067394 870.92
0.0067469 870.92
0.0067545 870.92
0.006762 870.92
0.0067695 870.92
0.0067771 870.92
0.0067846 870.92
0.0067922 870.92
0.0067997 870.92
0.0068072 870.92
0.0068148 870.92
0.0068223 870.92
0.0068298 870.92
0.0068374 870.92
0.0068449 870.92
0.0068525 870.92
0.00686 870.92
0.0068675 870.92
0.0068751 870.92
0.0068826 870.92
0.0068902 870.92
0.0068977 870.92
0.0069052 870.92
0.0069128 870.92
0.0069203 870.92
0.0069278 870.92
0.0069354 870.92
0.0069429 870.92
0.0069505 870.92
0.006958 870.92
0.0069655 870.92
0.0069731 870.92
0.0069806 870.92
0.0069882 870.92
0.0069957 870.92
0.0070032 870.92
0.0070108 870.92
0.0070183 870.92
0.0070258 870.92
0.0070334 870.92
0.0070409 870.92
0.0070485 870.92
0.007056 870.92
0.0070635 870.92
0.0070711 870.92
0.0070786 870.92
0.0070862 870.92
0.0070937 870.92
0.0071012 870.92
0.0071088 870.92
0.0071163 870.92
0.0071238 870.92
0.0071314 870.92
0.0071389 870.92
0.0071465 870.92
0.007154 870.92
0.0071615 870.92
0.0071691 870.92
0.0071766 870.92
0.0071842 870.92
0.0071917 870.92
0.0071992 870.92
0.0072068 870.92
0.0072143 870.92
0.0072218 870.92
0.0072294 870.92
0.0072369 870.92
0.0072445 870.92
0.007252 870.92
0.0072595 870.92
0.0072671 870.92
0.0072746 870.92
0.0072822 870.92
0.0072897 870.92
0.0072972 870.92
0.0073048 870.92
0.0073123 870.92
0.0073198 870.92
0.0073274 870.92
0.0073349 870.92
0.0073425 870.92
0.00735 870.92
0.0073575 870.92
0.0073651 870.92
0.0073726 870.92
0.0073802 870.92
0.0073877 870.92
0.0073952 870.92
0.0074028 870.92
0.0074103 870.92
0.0074178 870.92
0.0074254 870.92
0.0074329 870.92
0.0074405 870.92
0.007448 870.92
0.0074555 870.92
0.0074631 870.92
0.0074706 870.92
0.0074782 870.92
0.0074857 870.92
0.0074932 870.92
0.0075008 870.92
0.0075083 870.92
0.0075158 870.92
0.0075234 870.92
0.0075309 870.92
0.0075385 870.92
0.007546 870.92
0.0075535 870.92
0.0075611 870.92
0.0075686 870.92
0.0075762 870.92
0.0075837 870.92
0.0075912 870.92
0.0075988 870.92
0.0076063 870.92
0.0076138 870.92
0.0076214 870.92
0.0076289 870.92
0.0076365 870.92
0.007644 870.92
0.0076515 870.92
0.0076591 870.92
0.0076666 870.92
0.0076742 870.92
0.0076817 870.92
0.0076892 870.92
0.0076968 870.92
0.0077043 870.92
0.0077118 870.92
0.0077194 870.92
0.0077269 870.92
0.0077345 870.92
0.007742 870.92
0.0077495 870.92
0.0077571 870.92
0.0077646 870.92
0.0077722 870.92
0.0077797 870.92
0.0077872 870.92
0.0077948 870.92
0.0078023 870.92
0.0078098 870.92
0.0078174 870.92
0.0078249 870.92
0.0078325 870.92
0.00784 870.92
0.0078475 870.92
0.0078551 870.92
0.0078626 870.92
0.0078702 870.92
0.0078777 870.92
0.0078852 870.92
0.0078928 870.92
0.0079003 870.92
0.0079078 870.92
0.0079154 870.92
0.0079229 870.92
0.0079305 870.92
0.007938 870.92
0.0079455 870.92
0.0079531 870.92
0.0079606 870.92
0.0079682 870.92
0.0079757 870.92
0.0079832 870.92
0.0079908 870.92
0.0079983 870.92
0.0080058 870.92
0.0080134 870.92
0.0080209 870.92
0.0080285 870.92
0.008036 870.92
0.0080435 870.92
0.0080511 870.92
0.0080586 870.92
0.0080662 870.92
0.0080737 870.92
0.0080812 870.92
0.0080888 870.92
0.0080963 870.92
0.0081038 870.92
0.0081114 870.92
0.0081189 870.92
0.0081265 870.92
0.008134 870.92
0.0081415 870.92
0.0081491 870.92
0.0081566 870.92
0.0081642 870.92
0.0081717 870.92
0.0081792 870.92
0.0081868 870.92
0.0081943 870.92
0.0082018 870.92
0.0082094 870.92
0.0082169 870.92
0.0082245 870.92
0.008232 870.92
0.0082395 870.92
0.0082471 870.92
0.0082546 870.92
0.0082622 870.92
0.0082697 870.92
0.0082772 870.92
0.0082848 870.92
0.0082923 870.92
0.0082998 870.92
0.0083074 870.92
0.0083149 870.92
0.0083225 870.92
0.00833 870.92
0.0083375 870.92
0.0083451 870.92
0.0083526 870.92
0.0083602 870.92
0.0083677 870.92
0.0083752 870.92
0.0083828 870.92
0.0083903 870.92
0.0083978 870.92
0.0084054 870.92
0.0084129 870.92
0.0084205 870.92
0.008428 870.92
0.0084355 870.92
0.0084431 870.92
0.0084506 870.92
0.0084582 870.92
0.0084657 870.92
0.0084732 870.92
0.0084808 870.92
0.0084883 870.92
0.0084958 870.92
0.0085034 870.92
0.0085109 870.92
0.0085185 870.92
0.008526 870.92
0.0085335 870.92
0.0085411 870.92
0.0085486 870.92
0.0085562 870.92
0.0085637 870.92
0.0085712 870.92
0.0085788 870.92
0.0085863 870.92
0.0085938 870.92
0.0086014 870.92
0.0086089 870.92
0.0086165 870.92
0.008624 870.92
0.0086315 870.92
0.0086391 870.92
0.0086466 870.92
0.0086542 870.92
0.0086617 870.92
0.0086692 870.92
0.0086768 870.92
0.0086843 870.92
0.0086918 870.92
0.0086994 870.92
0.0087069 870.92
0.0087145 870.92
0.008722 870.92
0.0087295 870.92
0.0087371 870.92
0.0087446 870.92
0.0087522 870.92
0.0087597 870.92
0.0087672 870.92
0.0087748 870.92
0.0087823 870.92
0.0087898 870.92
0.0087974 870.92
0.0088049 870.92
0.0088125 870.92
0.00882 870.92
0.0088275 870.92
0.0088351 870.92
0.0088426 870.92
0.0088502 870.92
0.0088577 870.92
0.0088652 870.92
0.0088728 870.92
0.0088803 870.92
0.0088878 870.92
0.0088954 870.92
0.0089029 870.92
0.0089105 870.92
0.008918 870.92
0.0089255 870.92
0.0089331 870.92
0.0089406 870.92
0.0089482 870.92
0.0089557 870.92
0.0089632 870.92
0.0089708 870.92
0.0089783 870.92
0.0089858 870.92
0.0089934 870.92
0.0090009 870.92
0.0090085 870.92
0.009016 870.92
0.0090235 870.92
0.0090311 870.92
0.0090386 870.92
0.0090462 870.92
0.0090537 870.92
0.0090612 870.92
0.0090688 870.92
0.0090763 870.92
0.0090838 870.92
0.0090914 870.92
0.0090989 870.92
0.0091065 870.92
0.009114 870.92
0.0091215 870.92
0.0091291 870.92
0.0091366 870.92
0.0091442 870.92
0.0091517 870.92
0.0091592 870.92
0.0091668 870.92
0.0091743 870.92
0.0091818 870.92
0.0091894 870.92
0.0091969 870.92
0.0092045 870.92
0.009212 870.92
0.0092195 870.92
0.0092271 870.92
0.0092346 870.92
0.0092422 870.92
0.0092497 870.92
0.0092572 870.92
0.0092648 870.92
0.0092723 870.92
0.0092798 870.92
0.0092874 870.92
0.0092949 870.92
0.0093025 870.92
0.00931 870.92
0.0093175 870.92
0.0093251 870.92
0.0093326 870.92
0.0093402 870.92
0.0093477 870.92
0.0093552 870.92
0.0093628 870.92
0.0093703 870.92
0.0093778 870.92
0.0093854 870.92
0.0093929 870.92
0.0094005 870.92
0.009408 870.92
0.0094155 870.92
0.0094231 870.92
0.0094306 870.92
0.0094382 870.92
0.0094457 870.92
0.0094532 870.92
0.0094608 870.92
0.0094683 870.92
0.0094758 870.92
0.0094834 870.92
0.0094909 870.92
0.0094985 870.92
0.009506 870.92
0.0095135 870.92
0.0095211 870.92
0.0095286 870.92
0.0095362 870.92
0.0095437 870.92
0.0095512 870.92
0.0095588 870.92
0.0095663 870.92
0.0095738 870.92
0.0095814 870.92
0.0095889 870.92
0.0095965 870.92
0.009604 870.92
0.0096115 870.92
0.0096191 870.92
0.0096266 870.92
0.0096342 870.92
0.0096417 870.92
0.0096492 870.92
0.0096568 870.92
0.0096643 870.92
0.0096718 870.92
0.0096794 870.92
0.0096869 870.92
0.0096945 870.92
0.009702 870.92
0.0097095 870.92
0.0097171 870.92
0.0097246 870.92
0.0097322 870.92
0.0097397 870.92
0.0097472 870.92
0.0097548 870.92
0.0097623 870.92
0.0097698 870.92
0.0097774 870.92
0.0097849 870.92
0.0097925 870.92
0.0098 870.92
0.0098075 870.92
0.0098151 870.92
0.0098226 870.92
0.0098302 870.92
0.0098377 870.92
0.0098452 870.92
0.0098528 870.92
0.0098603 870.92
0.0098678 870.92
0.0098754 870.92
0.0098829 870.92
0.0098905 870.92
0.009898 870.92
0.0099055 870.92
0.0099131 870.92
0.0099206 870.92
0.0099282 870.92
0.0099357 870.92
0.0099432 870.92
0.0099508 870.92
0.0099583 870.92
0.0099658 870.92
0.0099734 870.92
0.0099809 870.92
0.0099885 870.92
0.009996 870.92
0.010004 870.92
0.010011 870.92
0.010019 870.92
0.010026 870.92
0.010034 870.92
0.010041 870.92
0.010049 870.92
0.010056 870.92
0.010064 870.92
0.010071 870.92
0.010079 870.92
0.010086 870.92
0.010094 870.92
0.010102 870.92
0.010109 870.92
0.010117 870.92
0.010124 870.92
0.010132 870.92
0.010139 870.92
0.010147 870.92
0.010154 870.92
0.010162 870.92
0.010169 870.92
0.010177 870.92
0.010184 870.92
0.010192 870.92
0.0102 870.92
0.010207 870.92
0.010215 870.92
0.010222 870.92
0.01023 870.92
0.010237 870.92
0.010245 870.92
0.010252 870.92
0.01026 870.92
0.010267 870.92
0.010275 870.92
0.010282 870.92
0.01029 870.92
0.010298 870.92
0.010305 870.92
0.010313 870.92
0.01032 870.92
0.010328 870.92
0.010335 870.92
0.010343 870.92
0.01035 870.92
0.010358 870.92
0.010365 870.92
0.010373 870.92
0.01038 870.92
0.010388 870.92
0.010396 870.92
0.010403 870.92
0.010411 870.92
0.010418 870.92
0.010426 870.92
0.010433 870.92
0.010441 870.92
0.010448 870.92
0.010456 870.92
0.010463 870.92
0.010471 870.92
0.010478 870.92
0.010486 870.92
0.010494 870.92
0.010501 870.92
0.010509 870.92
0.010516 870.92
0.010524 870.92
0.010531 870.92
0.010539 870.92
0.010546 870.92
0.010554 870.92
0.010561 870.92
0.010569 870.92
0.010576 870.92
0.010584 870.92
0.010592 870.92
0.010599 870.92
0.010607 870.92
0.010614 870.92
0.010622 870.92
0.010629 870.92
0.010637 870.92
0.010644 870.92
0.010652 870.92
0.010659 870.92
0.010667 870.92
0.010674 870.92
0.010682 870.92
0.01069 870.92
0.010697 870.92
0.010705 870.92
0.010712 870.92
0.01072 870.92
0.010727 870.92
0.010735 870.92
0.010742 870.92
0.01075 870.92
0.010757 870.92
0.010765 870.92
0.010772 870.92
0.01078 870.92
0.010788 870.92
0.010795 870.92
0.010803 870.92
0.01081 870.92
0.010818 870.92
0.010825 870.92
0.010833 870.92
0.01084 870.92
0.010848 870.92
0.010855 870.92
0.010863 870.92
0.01087 870.92
0.010878 870.92
0.010886 870.92
0.010893 870.92
0.010901 870.92
0.010908 870.92
0.010916 870.92
0.010923 870.92
0.010931 870.92
0.010938 870.92
0.010946 870.92
0.010953 870.92
0.010961 870.92
0.010968 870.92
0.010976 870.92
0.010984 870.92
0.010991 870.92
0.010999 870.92
0.011006 870.92
0.011014 870.92
0.011021 870.92
0.011029 870.92
0.011036 870.92
0.011044 870.92
0.011051 870.92
0.011059 870.92
0.011066 870.92
0.011074 870.92
0.011082 870.92
0.011089 870.92
0.011097 870.92
0.011104 870.92
0.011112 870.92
0.011119 870.92
0.011127 870.92
0.011134 870.92
0.011142 870.92
0.011149 870.92
0.011157 870.92
0.011164 870.92
0.011172 870.92
0.01118 870.92
0.011187 870.92
0.011195 870.92
0.011202 870.92
0.01121 870.92
0.011217 870.92
0.011225 870.92
0.011232 870.92
0.01124 870.92
0.011247 870.92
0.011255 870.92
0.011262 870.92
0.01127 870.92
0.011278 870.92
0.011285 870.92
0.011293 870.92
0.0113 870.92
0.011308 870.92
0.011315 870.92
0.011323 870.92
0.01133 870.92
0.011338 870.92
0.011345 870.92
0.011353 870.92
0.01136 870.92
0.011368 870.92
0.011376 870.92
0.011383 870.92
0.011391 870.92
0.011398 870.92
0.011406 870.92
0.011413 870.92
0.011421 870.92
0.011428 870.92
0.011436 870.92
0.011443 870.92
0.011451 870.92
0.011458 870.92
0.011466 870.92
0.011474 870.92
0.011481 870.92
0.011489 870.92
0.011496 870.92
0.011504 870.92
0.011511 870.92
0.011519 870.92
0.011526 870.92
0.011534 870.92
0.011541 870.92
0.011549 870.92
0.011556 870.92
0.011564 870.92
0.011572 870.92
0.011579 870.92
0.011587 870.92
0.011594 870.92
0.011602 870.92
0.011609 870.92
0.011617 870.92
0.011624 870.92
0.011632 870.92
0.011639 870.92
0.011647 870.92
0.011654 870.92
0.011662 870.92
0.01167 870.92
0.011677 870.92
0.011685 870.92
0.011692 870.92
0.0117 870.92
0.011707 870.92
0.011715 870.92
0.011722 870.92
0.01173 870.92
0.011737 870.92
0.011745 870.92
0.011752 870.92
0.01176 870.92
0.011768 870.92
0.011775 870.92
0.011783 870.92
0.01179 870.92
0.011798 870.92
0.011805 870.92
0.011813 870.92
0.01182 870.92
0.011828 870.92
0.011835 870.92
0.011843 870.92
0.01185 870.92
0.011858 870.92
0.011866 870.92
0.011873 870.92
0.011881 870.92
0.011888 870.92
0.011896 870.92
0.011903 870.92
0.011911 870.92
0.011918 870.92
0.011926 870.92
0.011933 870.92
0.011941 870.92
0.011948 870.92
0.011956 870.92
0.011964 870.92
0.011971 870.92
0.011979 870.92
0.011986 870.92
0.011994 870.92
0.012001 870.92
0.012009 870.92
0.012016 870.92
0.012024 870.92
0.012031 870.92
0.012039 870.92
0.012046 870.92
0.012054 870.92
0.012062 870.92
0.012069 870.92
0.012077 870.92
0.012084 870.92
0.012092 870.92
0.012099 870.92
0.012107 870.92
0.012114 870.92
0.012122 870.92
0.012129 870.92
0.012137 870.92
0.012144 870.92
0.012152 870.92
0.01216 870.92
0.012167 870.92
0.012175 870.92
0.012182 870.92
0.01219 870.92
0.012197 870.92
0.012205 870.92
0.012212 870.92
0.01222 870.92
0.012227 870.92
0.012235 870.92
0.012242 870.92
0.01225 870.92
0.012258 870.92
0.012265 870.92
0.012273 870.92
0.01228 870.92
0.012288 870.92
0.012295 870.92
0.012303 870.92
0.01231 870.92
0.012318 870.92
0.012325 870.92
0.012333 870.92
0.01234 870.92
0.012348 870.92
0.012356 870.92
0.012363 870.92
0.012371 870.92
0.012378 870.92
0.012386 870.92
0.012393 870.92
0.012401 870.92
0.012408 870.92
0.012416 870.92
0.012423 870.92
0.012431 870.92
0.012438 870.92
0.012446 870.92
0.012454 870.92
0.012461 870.92
0.012469 870.92
0.012476 870.92
0.012484 870.92
0.012491 870.92
0.012499 870.92
0.012506 870.92
0.012514 870.92
0.012521 870.92
0.012529 870.92
0.012536 870.92
0.012544 870.92
0.012552 870.92
0.012559 870.92
0.012567 870.92
0.012574 870.92
0.012582 870.92
0.012589 870.92
0.012597 870.92
0.012604 870.92
0.012612 870.92
0.012619 870.92
0.012627 870.92
0.012634 870.92
0.012642 870.92
0.01265 870.92
0.012657 870.92
0.012665 870.92
0.012672 870.92
0.01268 870.92
0.012687 870.92
0.012695 870.92
0.012702 870.92
0.01271 870.92
0.012717 870.92
0.012725 870.92
0.012732 870.92
0.01274 870.92
0.012748 870.92
0.012755 870.92
0.012763 870.92
0.01277 870.92
0.012778 870.92
0.012785 870.92
0.012793 870.92
0.0128 870.92
0.012808 870.92
0.012815 870.92
0.012823 870.92
0.01283 870.92
0.012838 870.92
0.012846 870.92
0.012853 870.92
0.012861 870.92
0.012868 870.92
0.012876 870.92
0.012883 870.92
0.012891 870.92
0.012898 870.92
0.012906 870.92
0.012913 870.92
0.012921 870.92
0.012928 870.92
0.012936 870.92
0.012944 870.92
0.012951 870.92
0.012959 870.92
0.012966 870.92
0.012974 870.92
0.012981 870.92
0.012989 870.92
0.012996 870.92
0.013004 870.92
0.013011 870.92
0.013019 870.92
0.013026 870.92
0.013034 870.92
0.013042 870.92
0.013049 870.92
0.013057 870.92
0.013064 870.92
0.013072 870.92
0.013079 870.92
0.013087 870.92
0.013094 870.92
0.013102 870.92
0.013109 870.92
0.013117 870.92
0.013124 870.92
0.013132 870.92
0.01314 870.92
0.013147 870.92
0.013155 870.92
0.013162 870.92
0.01317 870.92
0.013177 870.92
0.013185 870.92
0.013192 870.92
0.0132 870.92
0.013207 870.92
0.013215 870.92
0.013222 870.92
0.01323 870.92
0.013238 870.92
0.013245 870.92
0.013253 870.92
0.01326 870.92
0.013268 870.92
0.013275 870.92
0.013283 870.92
0.01329 870.92
0.013298 870.92
0.013305 870.92
0.013313 870.92
0.01332 870.92
0.013328 870.92
0.013336 870.92
0.013343 870.92
0.013351 870.92
0.013358 870.92
0.013366 870.92
0.013373 870.92
0.013381 870.92
0.013388 870.92
0.013396 870.92
0.013403 870.92
0.013411 870.92
0.013418 870.92
0.013426 870.92
0.013434 870.92
0.013441 870.92
0.013449 870.92
0.013456 870.92
0.013464 870.92
0.013471 870.92
0.013479 870.92
0.013486 870.92
0.013494 870.92
0.013501 870.92
0.013509 870.92
0.013516 870.92
0.013524 870.92
0.013532 870.92
0.013539 870.92
0.013547 870.92
0.013554 870.92
0.013562 870.92
0.013569 870.92
0.013577 870.92
0.013584 870.92
0.013592 870.92
0.013599 870.92
0.013607 870.92
0.013614 870.92
0.013622 870.92
0.01363 870.92
0.013637 870.92
0.013645 870.92
0.013652 870.92
0.01366 870.92
0.013667 870.92
0.013675 870.92
0.013682 870.92
0.01369 870.92
0.013697 870.92
0.013705 870.92
0.013712 870.92
0.01372 870.92
0.013728 870.92
0.013735 870.92
0.013743 870.92
0.01375 870.92
0.013758 870.92
0.013765 870.92
0.013773 870.92
0.01378 870.92
0.013788 870.92
0.013795 870.92
0.013803 870.92
0.01381 870.92
0.013818 870.92
0.013826 870.92
0.013833 870.92
0.013841 870.92
0.013848 870.92
0.013856 870.92
0.013863 870.92
0.013871 870.92
0.013878 870.92
0.013886 870.92
0.013893 870.92
0.013901 870.92
0.013908 870.92
0.013916 870.92
0.013924 870.92
0.013931 870.92
0.013939 870.92
0.013946 870.92
0.013954 870.92
0.013961 870.92
0.013969 870.92
0.013976 870.92
0.013984 870.92
0.013991 870.92
0.013999 870.92
0.014006 870.92
0.014014 870.92
0.014022 870.92
0.014029 870.92
0.014037 870.92
0.014044 870.92
0.014052 870.92
0.014059 870.92
0.014067 870.92
0.014074 870.92
0.014082 870.92
0.014089 870.92
0.014097 870.92
0.014104 870.92
0.014112 870.92
0.01412 870.92
0.014127 870.92
0.014135 870.92
0.014142 870.92
0.01415 870.92
0.014157 870.92
0.014165 870.92
0.014172 870.92
0.01418 870.92
0.014187 870.92
0.014195 870.92
0.014202 870.92
0.01421 870.92
0.014218 870.92
0.014225 870.92
0.014233 870.92
0.01424 870.92
0.014248 870.92
0.014255 870.92
0.014263 870.92
0.01427 870.92
0.014278 870.92
0.014285 870.92
0.014293 870.92
0.0143 870.92
0.014308 870.92
0.014316 870.92
0.014323 870.92
0.014331 870.92
0.014338 870.92
0.014346 870.92
0.014353 870.92
0.014361 870.92
0.014368 870.92
0.014376 870.92
0.014383 870.92
0.014391 870.92
0.014398 870.92
0.014406 870.92
0.014414 870.92
0.014421 870.92
0.014429 870.92
0.014436 870.92
0.014444 870.92
0.014451 870.92
0.014459 870.92
0.014466 870.92
0.014474 870.92
0.014481 870.92
0.014489 870.92
0.014496 870.92
0.014504 870.92
0.014512 870.92
0.014519 870.92
0.014527 870.92
0.014534 870.92
0.014542 870.92
0.014549 870.92
0.014557 870.92
0.014564 870.92
0.014572 870.92
0.014579 870.92
0.014587 870.92
0.014594 870.92
0.014602 870.92
0.01461 870.92
0.014617 870.92
0.014625 870.92
0.014632 870.92
0.01464 870.92
0.014647 870.92
0.014655 870.92
0.014662 870.92
0.01467 870.92
0.014677 870.92
0.014685 870.92
0.014692 870.92
0.0147 870.92
0.014708 870.92
0.014715 870.92
0.014723 870.92
0.01473 870.92
0.014738 870.92
0.014745 870.92
0.014753 870.92
0.01476 870.92
0.014768 870.92
0.014775 870.92
0.014783 870.92
0.01479 870.92
0.014798 870.92
0.014806 870.92
0.014813 870.92
0.014821 870.92
0.014828 870.92
0.014836 870.92
0.014843 870.92
0.014851 870.92
0.014858 870.92
0.014866 870.92
0.014873 870.92
0.014881 870.92
0.014888 870.92
0.014896 870.92
0.014904 870.92
0.014911 870.92
0.014919 870.92
0.014926 870.92
0.014934 870.92
0.014941 870.92
0.014949 870.92
0.014956 870.92
0.014964 870.92
0.014971 870.92
0.014979 870.92
0.014986 870.92
0.014994 870.92
0.015002 870.92
0.015009 870.92
0.015017 870.92
0.015024 870.92
0.015032 870.92
0.015039 870.92
0.015047 870.92
0.015054 870.92
0.015062 870.92
0.015069 870.92
0.015077 870.92
0.015084 870.92
0.015092 870.92
0.0151 870.92
0.015107 870.92
0.015115 870.92
0.015122 870.92
0.01513 870.92
0.015137 870.92
0.015145 870.92
0.015152 870.92
0.01516 870.92
0.015167 870.92
0.015175 870.92
0.015182 870.92
0.01519 870.92
0.015198 870.92
0.015205 870.92
0.015213 870.92
0.01522 870.92
0.015228 870.92
0.015235 870.92
0.015243 870.92
0.01525 870.92
0.015258 870.92
0.015265 870.92
0.015273 870.92
0.01528 870.92
0.015288 870.92
0.015296 870.92
0.015303 870.92
0.015311 870.92
0.015318 870.92
0.015326 870.92
0.015333 870.92
0.015341 870.92
0.015348 870.92
0.015356 870.92
0.015363 870.92
0.015371 870.92
0.015378 870.92
0.015386 870.92
0.015394 870.92
0.015401 870.92
0.015409 870.92
0.015416 870.92
0.015424 870.92
0.015431 870.92
0.015439 870.92
0.015446 870.92
0.015454 870.92
0.015461 870.92
0.015469 870.92
0.015476 870.92
0.015484 870.92
0.015492 870.92
0.015499 870.92
0.015507 870.92
0.015514 870.92
0.015522 870.92
0.015529 870.92
0.015537 870.92
0.015544 870.92
0.015552 870.92
0.015559 870.92
0.015567 870.92
0.015574 870.92
0.015582 870.92
0.01559 870.92
0.015597 870.92
0.015605 870.92
0.015612 870.92
0.01562 870.92
0.015627 870.92
0.015635 870.92
0.015642 870.92
0.01565 870.92
0.015657 870.92
0.015665 870.92
0.015672 870.92
0.01568 870.92
0.015688 870.92
0.015695 870.92
0.015703 870.92
0.01571 870.92
0.015718 870.92
0.015725 870.92
0.015733 870.92
0.01574 870.92
0.015748 870.92
0.015755 870.92
0.015763 870.92
0.01577 870.92
0.015778 870.92
0.015786 870.92
0.015793 870.92
0.015801 870.92
0.015808 870.92
0.015816 870.92
0.015823 870.92
0.015831 870.92
0.015838 870.92
0.015846 870.92
0.015853 870.92
0.015861 870.92
0.015868 870.92
0.015876 870.92
0.015884 870.92
0.015891 870.92
0.015899 870.92
0.015906 870.92
0.015914 870.92
0.015921 870.92
0.015929 870.92
0.015936 870.92
0.015944 870.92
0.015951 870.92
0.015959 870.92
0.015966 870.92
0.015974 870.92
0.015982 870.92
0.015989 870.92
0.015997 870.92
0.016004 870.92
0.016012 870.92
0.016019 870.92
0.016027 870.92
0.016034 870.92
0.016042 870.92
0.016049 870.92
0.016057 870.92
0.016064 870.92
0.016072 870.92
0.01608 870.92
0.016087 870.92
0.016095 870.92
0.016102 870.92
0.01611 870.92
0.016117 870.92
0.016125 870.92
0.016132 870.92
0.01614 870.92
0.016147 870.92
0.016155 870.92
0.016162 870.92
0.01617 870.92
0.016178 870.92
0.016185 870.92
0.016193 870.92
0.0162 870.92
0.016208 870.92
0.016215 870.92
0.016223 870.92
0.01623 870.92
0.016238 870.92
0.016245 870.92
0.016253 870.92
0.01626 870.92
0.016268 870.92
0.016276 870.92
0.016283 870.92
0.016291 870.92
0.016298 870.92
0.016306 870.92
0.016313 870.92
0.016321 870.92
0.016328 870.92
0.016336 870.92
0.016343 870.92
0.016351 870.92
0.016358 870.92
0.016366 870.92
0.016374 870.92
0.016381 870.92
0.016389 870.92
0.016396 870.92
0.016404 870.92
0.016411 870.92
0.016419 870.92
0.016426 870.92
0.016434 870.92
0.016441 870.92
0.016449 870.92
0.016456 870.92
0.016464 870.92
0.016472 870.92
0.016479 870.92
0.016487 870.92
0.016494 870.92
0.016502 870.92
0.016509 870.92
0.016517 870.92
0.016524 870.92
0.016532 870.92
0.016539 870.92
0.016547 870.92
0.016554 870.92
0.016562 870.92
0.01657 870.92
0.016577 870.92
0.016585 870.92
0.016592 870.92
0.0166 870.92
0.016607 870.92
0.016615 870.92
0.016622 870.92
0.01663 870.92
0.016637 870.92
0.016645 870.92
0.016652 870.92
0.01666 870.92
0.016668 870.92
0.016675 870.92
0.016683 870.92
0.01669 870.92
0.016698 870.92
0.016705 870.92
0.016713 870.92
0.01672 870.92
0.016728 870.92
0.016735 870.92
0.016743 870.92
0.01675 870.92
0.016758 870.92
0.016766 870.92
0.016773 870.92
0.016781 870.92
0.016788 870.92
0.016796 870.92
0.016803 870.92
0.016811 870.92
0.016818 870.92
0.016826 870.92
0.016833 870.92
0.016841 870.92
0.016848 870.92
0.016856 870.92
0.016864 870.92
0.016871 870.92
0.016879 870.92
0.016886 870.92
0.016894 870.92
0.016901 870.92
0.016909 870.92
0.016916 870.92
0.016924 870.92
0.016931 870.92
0.016939 870.92
0.016946 870.92
0.016954 870.92
0.016962 870.92
0.016969 870.92
0.016977 870.92
0.016984 870.92
0.016992 870.92
0.016999 870.92
0.017007 870.92
0.017014 870.92
0.017022 870.92
0.017029 870.92
0.017037 870.92
0.017044 870.92
0.017052 870.92
0.01706 870.92
0.017067 870.92
0.017075 870.92
0.017082 870.92
0.01709 870.92
0.017097 870.92
0.017105 870.92
0.017112 870.92
0.01712 870.92
0.017127 870.92
0.017135 870.92
0.017142 870.92
0.01715 870.92
0.017158 870.92
0.017165 870.92
0.017173 870.92
0.01718 870.92
0.017188 870.92
0.017195 870.92
0.017203 870.92
0.01721 870.92
0.017218 870.92
0.017225 870.92
0.017233 870.92
0.01724 870.92
0.017248 870.92
0.017256 870.92
0.017263 870.92
0.017271 870.92
0.017278 870.92
0.017286 870.92
0.017293 870.92
0.017301 870.92
0.017308 870.92
0.017316 870.92
0.017323 870.92
0.017331 870.92
0.017338 870.92
0.017346 870.92
0.017354 870.92
0.017361 870.92
0.017369 870.92
0.017376 870.92
0.017384 870.92
0.017391 870.92
0.017399 870.92
0.017406 870.92
0.017414 870.92
0.017421 870.92
0.017429 870.92
0.017436 870.92
0.017444 870.92
0.017452 870.92
0.017459 870.92
0.017467 870.92
0.017474 870.92
0.017482 870.92
0.017489 870.92
0.017497 870.92
0.017504 870.92
0.017512 870.92
0.017519 870.92
0.017527 870.92
0.017534 870.92
0.017542 870.92
0.01755 870.92
0.017557 870.92
0.017565 870.92
0.017572 870.92
0.01758 870.92
0.017587 870.92
0.017595 870.92
0.017602 870.92
0.01761 870.92
0.017617 870.92
0.017625 870.92
0.017632 870.92
0.01764 870.92
0.017648 870.92
0.017655 870.92
0.017663 870.92
0.01767 870.92
0.017678 870.92
0.017685 870.92
0.017693 870.92
0.0177 870.92
0.017708 870.92
0.017715 870.92
0.017723 870.92
0.01773 870.92
0.017738 870.92
0.017746 870.92
0.017753 870.92
0.017761 870.92
0.017768 870.92
0.017776 870.92
0.017783 870.92
0.017791 870.92
0.017798 870.92
0.017806 870.92
0.017813 870.92
0.017821 870.92
0.017828 870.92
0.017836 870.92
0.017844 870.92
0.017851 870.92
0.017859 870.92
0.017866 870.92
0.017874 870.92
0.017881 870.92
0.017889 870.92
0.017896 870.92
0.017904 870.92
0.017911 870.92
0.017919 870.92
0.017926 870.92
0.017934 870.92
0.017942 870.92
0.017949 870.92
0.017957 870.92
0.017964 870.92
0.017972 870.92
0.017979 870.92
0.017987 870.92
0.017994 870.92
0.018002 870.92
0.018009 870.92
0.018017 870.92
0.018024 870.92
0.018032 870.92
0.01804 870.92
0.018047 870.92
0.018055 870.92
0.018062 870.92
0.01807 870.92
0.018077 870.92
0.018085 870.92
0.018092 870.92
0.0181 870.92
0.018107 870.92
0.018115 870.92
0.018122 870.92
0.01813 870.92
0.018138 870.92
0.018145 870.92
0.018153 870.92
0.01816 870.92
0.018168 870.92
0.018175 870.92
0.018183 870.92
0.01819 870.92
0.018198 870.92
0.018205 870.92
0.018213 870.92
0.01822 870.92
0.018228 870.92
0.018236 870.92
0.018243 870.92
0.018251 870.92
0.018258 870.92
0.018266 870.92
0.018273 870.92
0.018281 870.92
0.018288 870.92
0.018296 870.92
0.018303 870.92
0.018311 870.92
0.018318 870.92
0.018326 870.92
0.018334 870.92
0.018341 870.92
0.018349 870.92
0.018356 870.92
0.018364 870.92
0.018371 870.92
0.018379 870.92
0.018386 870.92
0.018394 870.92
0.018401 870.92
0.018409 870.92
0.018416 870.92
0.018424 870.92
0.018432 870.92
0.018439 870.92
0.018447 870.92
0.018454 870.92
0.018462 870.92
0.018469 870.92
0.018477 870.92
0.018484 870.92
0.018492 870.92
0.018499 870.92
0.018507 870.92
0.018514 870.92
0.018522 870.92
0.01853 870.92
0.018537 870.92
0.018545 870.92
0.018552 870.92
0.01856 870.92
0.018567 870.92
0.018575 870.92
0.018582 870.92
0.01859 870.92
0.018597 870.92
0.018605 870.92
0.018612 870.92
0.01862 870.92
0.018628 870.92
0.018635 870.92
0.018643 870.92
0.01865 870.92
0.018658 870.92
0.018665 870.92
0.018673 870.92
0.01868 870.92
0.018688 870.92
0.018695 870.92
0.018703 870.92
0.01871 870.92
0.018718 870.92
0.018726 870.92
0.018733 870.92
0.018741 870.92
0.018748 870.92
0.018756 870.92
0.018763 870.92
0.018771 870.92
0.018778 870.92
0.018786 870.92
0.018793 870.92
0.018801 870.92
0.018808 870.92
0.018816 870.92
0.018824 870.92
0.018831 870.92
0.018839 870.92
0.018846 870.92
0.018854 870.92
0.018861 870.92
0.018869 870.92
0.018876 870.92
0.018884 870.92
0.018891 870.92
0.018899 870.92
0.018906 870.92
0.018914 870.92
0.018922 870.92
0.018929 870.92
0.018937 870.92
0.018944 870.92
0.018952 870.92
0.018959 870.92
0.018967 870.92
0.018974 870.92
0.018982 870.92
0.018989 870.92
0.018997 870.92
0.019004 870.92
0.019012 870.92
0.01902 870.92
0.019027 870.92
0.019035 870.92
0.019042 870.92
0.01905 870.92
0.019057 870.92
0.019065 870.92
0.019072 870.92
0.01908 870.92
0.019087 870.92
0.019095 870.92
0.019102 870.92
0.01911 870.92
0.019118 870.92
0.019125 870.92
0.019133 870.92
0.01914 870.92
0.019148 870.92
0.019155 870.92
0.019163 870.92
0.01917 870.92
0.019178 870.92
0.019185 870.92
0.019193 870.92
0.0192 870.92
0.019208 870.92
0.019216 870.92
0.019223 870.92
0.019231 870.92
0.019238 870.92
0.019246 870.92
0.019253 870.92
0.019261 870.92
0.019268 870.92
0.019276 870.92
0.019283 870.92
0.019291 870.92
0.019298 870.92
0.019306 870.92
0.019314 870.92
0.019321 870.92
0.019329 870.92
0.019336 870.92
0.019344 870.92
0.019351 870.92
0.019359 870.92
0.019366 870.92
0.019374 870.92
0.019381 870.92
0.019389 870.92
0.019396 870.92
0.019404 870.92
0.019412 870.92
0.019419 870.92
0.019427 870.92
0.019434 870.92
0.019442 870.92
0.019449 870.92
0.019457 870.92
0.019464 870.92
0.019472 870.92
0.019479 870.92
0.019487 870.92
0.019494 870.92
0.019502 870.92
0.01951 870.92
0.019517 870.92
0.019525 870.92
0.019532 870.92
0.01954 870.92
0.019547 870.92
0.019555 870.92
0.019562 870.92
0.01957 870.92
0.019577 870.92
0.019585 870.92
0.019592 870.92
0.0196 870.92
0.019608 870.92
0.019615 870.92
0.019623 870.92
0.01963 870.92
0.019638 870.92
0.019645 870.92
0.019653 870.92
0.01966 870.92
0.019668 870.92
0.019675 870.92
0.019683 870.92
0.01969 870.92
0.019698 870.92
0.019706 870.92
0.019713 870.92
0.019721 870.92
0.019728 870.92
0.019736 870.92
0.019743 870.92
0.019751 870.92
0.019758 870.92
0.019766 870.92
0.019773 870.92
0.019781 870.92
0.019788 870.92
0.019796 870.92
0.019804 870.92
0.019811 870.92
0.019819 870.92
0.019826 870.92
0.019834 870.92
0.019841 870.92
0.019849 870.92
0.019856 870.92
0.019864 870.92
0.019871 870.92
0.019879 870.92
0.019886 870.92
0.019894 870.92
0.019902 870.92
0.019909 870.92
0.019917 870.92
0.019924 870.92
0.019932 870.92
0.019939 870.92
0.019947 870.92
0.019954 870.92
0.019962 870.92
0.019969 870.92
0.019977 870.92
0.019984 870.92
0.019992 870.92
0.02 870.92
0.020007 870.92
0.020015 870.92
0.020022 870.92
0.02003 870.92
0.020037 870.92
0.020045 870.92
0.020052 870.92
0.02006 870.92
0.020067 870.92
0.020075 870.92
0.020082 870.92
0.02009 870.92
0.020098 870.92
0.020105 870.92
0.020113 870.92
0.02012 870.92
0.020128 870.92
0.020135 870.92
0.020143 870.92
0.02015 870.92
0.020158 870.92
0.020165 870.92
0.020173 870.92
0.02018 870.92
0.020188 870.92
0.020196 870.92
0.020203 870.92
0.020211 870.92
0.020218 870.92
0.020226 870.92
0.020233 870.92
0.020241 870.92
0.020248 870.92
0.020256 870.92
0.020263 870.92
0.020271 870.92
0.020278 870.92
0.020286 870.92
0.020294 870.92
0.020301 870.92
0.020309 870.92
0.020316 870.92
0.020324 870.92
0.020331 870.92
0.020339 870.92
0.020346 870.92
0.020354 870.92
0.020361 870.92
0.020369 870.92
0.020376 870.92
0.020384 870.92
0.020392 870.92
0.020399 870.92
0.020407 870.92
0.020414 870.92
0.020422 870.92
0.020429 870.92
0.020437 870.92
0.020444 870.92
0.020452 870.92
0.020459 870.92
0.020467 870.92
0.020474 870.92
0.020482 870.92
0.02049 870.92
0.020497 870.92
0.020505 870.92
0.020512 870.92
0.02052 870.92
0.020527 870.92
0.020535 870.92
0.020542 870.92
0.02055 870.92
0.020557 870.92
0.020565 870.92
0.020572 870.92
0.02058 870.92
0.020588 870.92
0.020595 870.92
0.020603 870.92
0.02061 870.92
0.020618 870.92
0.020625 870.92
0.020633 870.92
0.02064 870.92
0.020648 870.92
0.020655 870.92
0.020663 870.92
0.02067 870.92
0.020678 870.92
0.020686 870.92
0.020693 870.92
0.020701 870.92
0.020708 870.92
0.020716 870.92
0.020723 870.92
0.020731 870.92
0.020738 870.92
0.020746 870.92
0.020753 870.92
0.020761 870.92
0.020768 870.92
0.020776 870.92
0.020784 870.92
0.020791 870.92
0.020799 870.92
0.020806 870.92
0.020814 870.92
0.020821 870.92
0.020829 870.92
0.020836 870.92
0.020844 870.92
0.020851 870.92
0.020859 870.92
0.020866 870.92
0.020874 870.92
0.020882 870.92
0.020889 870.92
0.020897 870.92
0.020904 870.92
0.020912 870.92
0.020919 870.92
0.020927 870.92
0.020934 870.92
0.020942 870.92
0.020949 870.92
0.020957 870.92
0.020964 870.92
0.020972 870.92
0.02098 870.92
0.020987 870.92
0.020995 870.92
0.021002 870.92
0.02101 870.92
0.021017 870.92
0.021025 870.92
0.021032 870.92
0.02104 870.92
0.021047 870.92
0.021055 870.92
0.021062 870.92
0.02107 870.92
0.021078 870.92
0.021085 870.92
0.021093 870.92
0.0211 870.92
0.021108 870.92
0.021115 870.92
0.021123 870.92
0.02113 870.92
0.021138 870.92
0.021145 870.92
0.021153 870.92
0.02116 870.92
0.021168 870.92
0.021176 870.92
0.021183 870.92
0.021191 870.92
0.021198 870.92
0.021206 870.92
0.021213 870.92
0.021221 870.92
0.021228 870.92
0.021236 870.92
0.021243 870.92
0.021251 870.92
0.021258 870.92
0.021266 870.92
0.021274 870.92
0.021281 870.92
0.021289 870.92
0.021296 870.92
0.021304 870.92
0.021311 870.92
0.021319 870.92
0.021326 870.92
0.021334 870.92
0.021341 870.92
0.021349 870.92
0.021356 870.92
0.021364 870.92
0.021372 870.92
0.021379 870.92
0.021387 870.92
0.021394 870.92
0.021402 870.92
0.021409 870.92
0.021417 870.92
0.021424 870.92
0.021432 870.92
0.021439 870.92
0.021447 870.92
0.021454 870.92
0.021462 870.92
0.02147 870.92
0.021477 870.92
0.021485 870.92
0.021492 870.92
0.0215 870.92
0.021507 870.92
0.021515 870.92
0.021522 870.92
0.02153 870.92
0.021537 870.92
0.021545 870.92
0.021552 870.92
0.02156 870.92
0.021568 870.92
0.021575 870.92
0.021583 870.92
0.02159 870.92
0.021598 870.92
0.021605 870.92
0.021613 870.92
0.02162 870.92
0.021628 870.92
0.021635 870.92
0.021643 870.92
0.02165 870.92
0.021658 870.92
0.021666 870.92
0.021673 870.92
0.021681 870.92
0.021688 870.92
0.021696 870.92
0.021703 870.92
0.021711 870.92
0.021718 870.92
0.021726 870.92
0.021733 870.92
0.021741 870.92
0.021748 870.92
0.021756 870.92
0.021764 870.92
0.021771 870.92
0.021779 870.92
0.021786 870.92
0.021794 870.92
0.021801 870.92
0.021809 870.92
0.021816 870.92
0.021824 870.92
0.021831 870.92
0.021839 870.92
0.021846 870.92
0.021854 870.92
0.021862 870.92
0.021869 870.92
0.021877 870.92
0.021884 870.92
0.021892 870.92
0.021899 870.92
0.021907 870.92
0.021914 870.92
0.021922 870.92
0.021929 870.92
0.021937 870.92
0.021944 870.92
0.021952 870.92
0.02196 870.92
0.021967 870.92
0.021975 870.92
0.021982 870.92
0.02199 870.92
0.021997 870.92
0.022005 870.92
0.022012 870.92
0.02202 870.92
0.022027 870.92
0.022035 870.92
0.022042 870.92
0.02205 870.92
0.022058 870.92
0.022065 870.92
0.022073 870.92
0.02208 870.92
0.022088 870.92
0.022095 870.92
0.022103 870.92
0.02211 870.92
0.022118 870.92
0.022125 870.92
0.022133 870.92
0.02214 870.92
0.022148 870.92
0.022156 870.92
0.022163 870.92
0.022171 870.92
0.022178 870.92
0.022186 870.92
0.022193 870.92
0.022201 870.92
0.022208 870.92
0.022216 870.92
0.022223 870.92
0.022231 870.92
0.022238 870.92
0.022246 870.92
0.022254 870.92
0.022261 870.92
0.022269 870.92
0.022276 870.92
0.022284 870.92
0.022291 870.92
0.022299 870.92
0.022306 870.92
0.022314 870.92
0.022321 870.92
0.022329 870.92
0.022336 870.92
0.022344 870.92
0.022352 870.92
0.022359 870.92
0.022367 870.92
0.022374 870.92
0.022382 870.92
0.022389 870.92
0.022397 870.92
0.022404 870.92
0.022412 870.92
0.022419 870.92
0.022427 870.92
0.022434 870.92
0.022442 870.92
0.02245 870.92
0.022457 870.92
0.022465 870.92
0.022472 870.92
0.02248 870.92
0.022487 870.92
0.022495 870.92
0.022502 870.92
0.02251 870.92
0.022517 870.92
0.022525 870.92
0.022532 870.92
0.02254 870.92
0.022548 870.92
0.022555 870.92
0.022563 870.92
0.02257 870.92
0.022578 870.92
0.022585 870.92
0.022593 870.92
0.0226 870.92
0.022608 870.92
0.022615 870.92
0.022623 870.92
0.02263 870.92
0.022638 870.92
0.022646 870.92
0.022653 870.92
0.022661 870.92
0.022668 870.92
0.022676 870.92
0.022683 870.92
0.022691 870.92
0.022698 870.92
0.022706 870.92
0.022713 870.92
0.022721 870.92
0.022728 870.92
0.022736 870.92
0.022744 870.92
0.022751 870.92
0.022759 870.92
0.022766 870.92
0.022774 870.92
0.022781 870.92
0.022789 870.92
0.022796 870.92
0.022804 870.92
0.022811 870.92
0.022819 870.92
0.022826 870.92
0.022834 870.92
0.022842 870.92
0.022849 870.92
0.022857 870.92
0.022864 870.92
0.022872 870.92
0.022879 870.92
0.022887 870.92
0.022894 870.92
0.022902 870.92
0.022909 870.92
0.022917 870.92
0.022924 870.92
0.022932 870.92
0.02294 870.92
0.022947 870.92
0.022955 870.92
0.022962 870.92
0.02297 870.92
0.022977 870.92
0.022985 870.92
0.022992 870.92
0.023 870.92
0.023007 870.92
0.023015 870.92
0.023022 870.92
0.02303 870.92
0.023038 870.92
0.023045 870.92
0.023053 870.92
0.02306 870.92
0.023068 870.92
0.023075 870.92
0.023083 870.92
0.02309 870.92
0.023098 870.92
0.023105 870.92
0.023113 870.92
0.02312 870.92
0.023128 870.92
0.023136 870.92
0.023143 870.92
0.023151 870.92
0.023158 870.92
0.023166 870.92
0.023173 870.92
0.023181 870.92
0.023188 870.92
0.023196 870.92
0.023203 870.92
0.023211 870.92
0.023218 870.92
0.023226 870.92
0.023234 870.92
0.023241 870.92
0.023249 870.92
0.023256 870.92
0.023264 870.92
0.023271 870.92
0.023279 870.92
0.023286 870.92
0.023294 870.92
0.023301 870.92
0.023309 870.92
0.023316 870.92
0.023324 870.92
0.023332 870.92
0.023339 870.92
0.023347 870.92
0.023354 870.92
0.023362 870.92
0.023369 870.92
0.023377 870.92
0.023384 870.92
0.023392 870.92
0.023399 870.92
0.023407 870.92
0.023414 870.92
0.023422 870.92
0.02343 870.92
0.023437 870.92
0.023445 870.92
0.023452 870.92
0.02346 870.92
0.023467 870.92
0.023475 870.92
0.023482 870.92
0.02349 870.92
0.023497 870.92
0.023505 870.92
0.023512 870.92
0.02352 870.92
0.023528 870.92
0.023535 870.92
0.023543 870.92
0.02355 870.92
0.023558 870.92
0.023565 870.92
0.023573 870.92
0.02358 870.92
0.023588 870.92
0.023595 870.92
0.023603 870.92
0.02361 870.92
0.023618 870.92
0.023626 870.92
0.023633 870.92
0.023641 870.92
0.023648 870.92
0.023656 870.92
0.023663 870.92
0.023671 870.92
0.023678 870.92
0.023686 870.92
0.023693 870.92
0.023701 870.92
0.023708 870.92
0.023716 870.92
0.023724 870.92
0.023731 870.92
0.023739 870.92
0.023746 870.92
0.023754 870.92
0.023761 870.92
0.023769 870.92
0.023776 870.92
0.023784 870.92
0.023791 870.92
0.023799 870.92
0.023806 870.92
0.023814 870.92
0.023822 870.92
0.023829 870.92
0.023837 870.92
0.023844 870.92
0.023852 870.92
0.023859 870.92
0.023867 870.92
0.023874 870.92
0.023882 870.92
0.023889 870.92
0.023897 870.92
0.023904 870.92
0.023912 870.92
0.02392 870.92
0.023927 870.92
0.023935 870.92
0.023942 870.92
0.02395 870.92
0.023957 870.92
0.023965 870.92
0.023972 870.92
0.02398 870.92
0.023987 870.92
0.023995 870.92
0.024002 870.92
0.02401 870.92
0.024018 870.92
0.024025 870.92
0.024033 870.92
0.02404 870.92
0.024048 870.92
0.024055 870.92
0.024063 870.92
0.02407 870.92
0.024078 870.92
0.024085 870.92
0.024093 870.92
0.0241 870.92
0.024108 870.92
0.024116 870.92
0.024123 870.92
0.024131 870.92
0.024138 870.92
0.024146 870.92
0.024153 870.92
0.024161 870.92
0.024168 870.92
0.024176 870.92
0.024183 870.92
0.024191 870.92
0.024198 870.92
0.024206 870.92
0.024214 870.92
0.024221 870.92
0.024229 870.92
0.024236 870.92
0.024244 870.92
0.024251 870.92
0.024259 870.92
0.024266 870.92
0.024274 870.92
0.024281 870.92
0.024289 870.92
0.024296 870.92
0.024304 870.92
0.024312 870.92
0.024319 870.92
0.024327 870.92
0.024334 870.92
0.024342 870.92
0.024349 870.92
0.024357 870.92
0.024364 870.92
0.024372 870.92
0.024379 870.92
0.024387 870.92
0.024394 870.92
0.024402 870.92
0.02441 870.92
0.024417 870.92
0.024425 870.92
0.024432 870.92
0.02444 870.92
0.024447 870.92
0.024455 870.92
0.024462 870.92
0.02447 870.92
0.024477 870.92
0.024485 870.92
0.024492 870.92
0.0245 870.92
0.024508 870.92
0.024515 870.92
0.024523 870.92
0.02453 870.92
0.024538 870.92
0.024545 870.92
0.024553 870.92
0.02456 870.92
0.024568 870.92
0.024575 870.92
0.024583 870.92
0.02459 870.92
0.024598 870.92
0.024606 870.92
0.024613 870.92
0.024621 870.92
0.024628 870.92
0.024636 870.92
0.024643 870.92
0.024651 870.92
0.024658 870.92
0.024666 870.92
0.024673 870.92
0.024681 870.92
0.024688 870.92
0.024696 870.92
0.024704 870.92
0.024711 870.92
0.024719 870.92
0.024726 870.92
0.024734 870.92
0.024741 870.92
0.024749 870.92
0.024756 870.92
0.024764 870.92
0.024771 870.92
0.024779 870.92
0.024786 870.92
0.024794 870.92
0.024802 870.92
0.024809 870.92
0.024817 870.92
0.024824 870.92
0.024832 870.92
0.024839 870.92
0.024847 870.92
0.024854 870.92
0.024862 870.92
0.024869 870.92
0.024877 870.92
0.024884 870.92
0.024892 870.92
0.0249 870.92
0.024907 870.92
0.024915 870.92
0.024922 870.92
0.02493 870.92
0.024937 870.92
0.024945 870.92
0.024952 870.92
0.02496 870.92
0.024967 870.92
0.024975 870.92
0.024982 870.92
0.02499 870.92
0.024998 870.92
0.025005 870.92
0.025013 870.92
0.02502 870.92
0.025028 870.92
0.025035 870.92
0.025043 870.92
0.02505 870.92
0.025058 870.92
0.025065 870.92
0.025073 870.92
0.02508 870.92
0.025088 870.92
0.025096 870.92
0.025103 870.92
0.025111 870.92
0.025118 870.92
0.025126 870.92
0.025133 870.92
0.025141 870.92
0.025148 870.92
0.025156 870.92
0.025163 870.92
0.025171 870.92
0.025178 870.92
0.025186 870.92
0.025194 870.92
0.025201 870.92
0.025209 870.92
0.025216 870.92
0.025224 870.92
0.025231 870.92
0.025239 870.92
0.025246 870.92
0.025254 870.92
0.025261 870.92
0.025269 870.92
0.025276 870.92
0.025284 870.92
0.025292 870.92
0.025299 870.92
0.025307 870.92
0.025314 870.92
0.025322 870.92
0.025329 870.92
0.025337 870.92
0.025344 870.92
0.025352 870.92
0.025359 870.92
0.025367 870.92
0.025374 870.92
0.025382 870.92
0.02539 870.92
0.025397 870.92
0.025405 870.92
0.025412 870.92
0.02542 870.92
0.025427 870.92
0.025435 870.92
0.025442 870.92
0.02545 870.92
0.025457 870.92
0.025465 870.92
0.025472 870.92
0.02548 870.92
0.025488 870.92
0.025495 870.92
0.025503 870.92
0.02551 870.92
0.025518 870.92
0.025525 870.92
0.025533 870.92
0.02554 870.92
0.025548 870.92
0.025555 870.92
0.025563 870.92
0.02557 870.92
0.025578 870.92
0.025586 870.92
0.025593 870.92
0.025601 870.92
0.025608 870.92
0.025616 870.92
0.025623 870.92
0.025631 870.92
0.025638 870.92
0.025646 870.92
0.025653 870.92
0.025661 870.92
0.025668 870.92
0.025676 870.92
0.025684 870.92
0.025691 870.92
0.025699 870.92
0.025706 870.92
0.025714 870.92
0.025721 870.92
0.025729 870.92
0.025736 870.92
0.025744 870.92
0.025751 870.92
0.025759 870.92
0.025766 870.92
0.025774 870.92
0.025782 870.92
0.025789 870.92
0.025797 870.92
0.025804 870.92
0.025812 870.92
0.025819 870.92
0.025827 870.92
0.025834 870.92
0.025842 870.92
0.025849 870.92
0.025857 870.92
0.025864 870.92
0.025872 870.92
0.02588 870.92
0.025887 870.92
0.025895 870.92
0.025902 870.92
0.02591 870.92
0.025917 870.92
0.025925 870.92
0.025932 870.92
0.02594 870.92
0.025947 870.92
0.025955 870.92
0.025962 870.92
0.02597 870.92
0.025978 870.92
0.025985 870.92
0.025993 870.92
0.026 870.92
0.026008 870.92
0.026015 870.92
0.026023 870.92
0.02603 870.92
0.026038 870.92
0.026045 870.92
0.026053 870.92
0.02606 870.92
0.026068 870.92
0.026076 870.92
0.026083 870.92
0.026091 870.92
0.026098 870.92
0.026106 870.92
0.026113 870.92
0.026121 870.92
0.026128 870.92
0.026136 870.92
0.026143 870.92
0.026151 870.92
0.026158 870.92
0.026166 870.92
0.026174 870.92
0.026181 870.92
0.026189 870.92
0.026196 870.92
0.026204 870.92
0.026211 870.92
0.026219 870.92
0.026226 870.92
0.026234 870.92
0.026241 870.92
0.026249 870.92
0.026256 870.92
0.026264 870.92
0.026272 870.92
0.026279 870.92
0.026287 870.92
0.026294 870.92
0.026302 870.92
0.026309 870.92
0.026317 870.92
0.026324 870.92
0.026332 870.92
0.026339 870.92
0.026347 870.92
0.026354 870.92
0.026362 870.92
0.02637 870.92
0.026377 870.92
0.026385 870.92
1 870.92
