7.5385e-06 70112
1.5077e-05 70112
2.2615e-05 70112
3.0154e-05 70112
3.7692e-05 70112
4.5231e-05 70112
5.2769e-05 70112
6.0308e-05 70111
6.7846e-05 70111
7.5385e-05 70110
8.2923e-05 70109
9.0462e-05 70107
9.8e-05 70104
0.00010554 70099
0.00011308 70093
0.00012062 70084
0.00012815 70070
0.00013569 70051
0.00014323 70023
0.00015077 69985
0.00015831 69931
0.00016585 69857
0.00017338 69756
0.00018092 69621
0.00018846 69440
0.000196 69201
0.00020354 68890
0.00021108 68489
0.00021862 67977
0.00022615 67332
0.00023369 66529
0.00024123 65544
0.00024877 64349
0.00025631 62920
0.00026385 61237
0.00027138 59283
0.00027892 57051
0.00028646 54542
0.000294 51770
0.00030154 48762
0.00030908 45554
0.00031662 42198
0.00032415 38752
0.00033169 35279
0.00033923 31846
0.00034677 28515
0.00035431 25340
0.00036185 22368
0.00036938 19632
0.00037692 17152
0.00038446 14938
0.000392 12987
0.00039954 11288
0.00040708 9825.2
0.00041462 8577.1
0.00042215 7520.8
0.00042969 6633.5
0.00043723 5892.7
0.00044477 5278
0.00045231 4771
0.00045985 4355.4
0.00046738 4017.5
0.00047492 3745.5
0.00048246 3529.6
0.00049 3361.6
0.00049754 3234.9
0.00050508 3144
0.00051262 3084.5
0.00052015 3052.8
0.00052769 3046.1
0.00053523 3062.1
0.00054277 3098.8
0.00055031 3154.9
0.00055785 3229.2
0.00056538 3320.8
0.00057292 3429.1
0.00058046 3553.7
0.000588 3694.1
0.00059554 3850.4
0.00060308 4022.5
0.00061062 4210.5
0.00061815 4414.6
0.00062569 4635.2
0.00063323 4872.6
0.00064077 5127.4
0.00064831 5400.1
0.00065585 5691.2
0.00066338 6001.5
0.00067092 6331.7
0.00067846 6682.4
0.000686 7054.3
0.00069354 7448.3
0.00070108 7865
0.00070862 8305.2
0.00071615 8769.5
0.00072369 9258.6
0.00073123 9773.2
0.00073877 10314
0.00074631 10881
0.00075385 11475
0.00076138 12096
0.00076892 12745
0.00077646 13421
0.000784 14126
0.00079154 14858
0.00079908 15617
0.00080662 16405
0.00081415 17218
0.00082169 18059
0.00082923 18925
0.00083677 19816
0.00084431 20732
0.00085185 21670
0.00085938 22630
0.00086692 23611
0.00087446 24612
0.000882 25630
0.00088954 26664
0.00089708 27713
0.00090462 28775
0.00091215 29848
0.00091969 30930
0.00092723 32019
0.00093477 33114
0.00094231 34212
0.00094985 35311
0.00095738 36409
0.00096492 37505
0.00097246 38597
0.00098 39682
0.00098754 40758
0.00099508 41825
0.0010026 42880
0.0010102 43921
0.0010177 44948
0.0010252 45958
0.0010328 46950
0.0010403 47923
0.0010478 48876
0.0010554 49808
0.0010629 50718
0.0010705 51604
0.001078 52467
0.0010855 53305
0.0010931 54119
0.0011006 54907
0.0011082 55670
0.0011157 56407
0.0011232 57119
0.0011308 57804
0.0011383 58464
0.0011458 59098
0.0011534 59706
0.0011609 60290
0.0011685 60849
0.001176 61383
0.0011835 61893
0.0011911 62380
0.0011986 62845
0.0012062 63286
0.0012137 63707
0.0012212 64106
0.0012288 64484
0.0012363 64843
0.0012438 65183
0.0012514 65505
0.0012589 65809
0.0012665 66095
0.001274 66366
0.0012815 66621
0.0012891 66861
0.0012966 67086
0.0013042 67299
0.0013117 67498
0.0013192 67684
0.0013268 67859
0.0013343 68023
0.0013418 68176
0.0013494 68320
0.0013569 68454
0.0013645 68578
0.001372 68695
0.0013795 68803
0.0013871 68904
0.0013946 68998
0.0014022 69086
0.0014097 69167
0.0014172 69242
0.0014248 69312
0.0014323 69377
0.0014398 69437
0.0014474 69492
0.0014549 69543
0.0014625 69591
0.00147 69634
0.0014775 69675
0.0014851 69712
0.0014926 69746
0.0015002 69778
0.0015077 69807
0.0015152 69833
0.0015228 69858
0.0015303 69880
0.0015378 69901
0.0015454 69920
0.0015529 69937
0.0015605 69953
0.001568 69968
0.0015755 69981
0.0015831 69993
0.0015906 70004
0.0015982 70014
0.0016057 70023
0.0016132 70032
0.0016208 70040
0.0016283 70047
0.0016358 70053
0.0016434 70059
0.0016509 70064
0.0016585 70069
0.001666 70073
0.0016735 70077
0.0016811 70080
0.0016886 70083
0.0016962 70086
0.0017037 70089
0.0017112 70091
0.0017188 70093
0.0017263 70095
0.0017338 70097
0.0017414 70099
0.0017489 70100
0.0017565 70101
0.001764 70103
0.0017715 70104
0.0017791 70104
0.0017866 70105
0.0017942 70106
0.0018017 70107
0.0018092 70107
0.0018168 70108
0.0018243 70108
0.0018318 70109
0.0018394 70109
0.0018469 70109
0.0018545 70110
0.001862 70110
0.0018695 70110
0.0018771 70110
0.0018846 70111
0.0018922 70111
0.0018997 70111
0.0019072 70111
0.0019148 70111
0.0019223 70111
0.0019298 70111
0.0019374 70111
0.0019449 70112
0.0019525 70112
0.00196 70112
0.0019675 70112
0.0019751 70112
0.0019826 70112
0.0019902 70112
0.0019977 70112
0.0020052 70112
0.0020128 70112
0.0020203 70112
0.0020278 70112
0.0020354 70112
0.0020429 70112
0.0020505 70112
0.002058 70112
0.0020655 70112
0.0020731 70112
0.0020806 70112
0.0020882 70112
0.0020957 70112
0.0021032 70112
0.0021108 70112
0.0021183 70112
0.0021258 70112
0.0021334 70112
0.0021409 70112
0.0021485 70112
0.002156 70112
0.0021635 70112
0.0021711 70112
0.0021786 70112
0.0021862 70112
0.0021937 70112
0.0022012 70112
0.0022088 70112
0.0022163 70112
0.0022238 70112
0.0022314 70112
0.0022389 70112
0.0022465 70112
0.002254 70112
0.0022615 70112
0.0022691 70112
0.0022766 70112
0.0022842 70112
0.0022917 70112
0.0022992 70112
0.0023068 70112
0.0023143 70112
0.0023218 70112
0.0023294 70112
0.0023369 70112
0.0023445 70112
0.002352 70112
0.0023595 70112
0.0023671 70112
0.0023746 70112
0.0023822 70112
0.0023897 70112
0.0023972 70112
0.0024048 70112
0.0024123 70112
0.0024198 70112
0.0024274 70112
0.0024349 70112
0.0024425 70112
0.00245 70112
0.0024575 70112
0.0024651 70112
0.0024726 70112
0.0024802 70112
0.0024877 70112
0.0024952 70112
0.0025028 70112
0.0025103 70112
0.0025178 70112
0.0025254 70112
0.0025329 70112
0.0025405 70112
0.002548 70112
0.0025555 70112
0.0025631 70112
0.0025706 70112
0.0025782 70112
0.0025857 70112
0.0025932 70112
0.0026008 70112
0.0026083 70112
0.0026158 70112
0.0026234 70112
0.0026309 70112
0.0026385 70112
0.002646 70112
0.0026535 70112
0.0026611 70112
0.0026686 70112
0.0026762 70112
0.0026837 70112
0.0026912 70112
0.0026988 70112
0.0027063 70112
0.0027138 70112
0.0027214 70112
0.0027289 70112
0.0027365 70112
0.002744 70112
0.0027515 70112
0.0027591 70112
0.0027666 70112
0.0027742 70112
0.0027817 70112
0.0027892 70112
0.0027968 70112
0.0028043 70112
0.0028118 70112
0.0028194 70112
0.0028269 70112
0.0028345 70112
0.002842 70112
0.0028495 70112
0.0028571 70112
0.0028646 70112
0.0028722 70112
0.0028797 70112
0.0028872 70112
0.0028948 70112
0.0029023 70112
0.0029098 70112
0.0029174 70112
0.0029249 70112
0.0029325 70112
0.00294 70112
0.0029475 70112
0.0029551 70112
0.0029626 70112
0.0029702 70112
0.0029777 70112
0.0029852 70112
0.0029928 70112
0.0030003 70112
0.0030078 70112
0.0030154 70112
0.0030229 70112
0.0030305 70112
0.003038 70112
0.0030455 70112
0.0030531 70112
0.0030606 70112
0.0030682 70112
0.0030757 70112
0.0030832 70112
0.0030908 70112
0.0030983 70112
0.0031058 70112
0.0031134 70112
0.0031209 70112
0.0031285 70112
0.003136 70112
0.0031435 70112
0.0031511 70112
0.0031586 70112
0.0031662 70112
0.0031737 70112
0.0031812 70112
0.0031888 70112
0.0031963 70112
0.0032038 70112
0.0032114 70112
0.0032189 70112
0.0032265 70112
0.003234 70112
0.0032415 70112
0.0032491 70112
0.0032566 70112
0.0032642 70112
0.0032717 70112
0.0032792 70112
0.0032868 70112
0.0032943 70112
0.0033018 70112
0.0033094 70112
0.0033169 70112
0.0033245 70112
0.003332 70112
0.0033395 70112
0.0033471 70112
0.0033546 70112
0.0033622 70112
0.0033697 70112
0.0033772 70112
0.0033848 70112
0.0033923 70112
0.0033998 70112
0.0034074 70112
0.0034149 70112
0.0034225 70112
0.00343 70112
0.0034375 70112
0.0034451 70112
0.0034526 70112
0.0034602 70112
0.0034677 70112
0.0034752 70112
0.0034828 70112
0.0034903 70112
0.0034978 70112
0.0035054 70112
0.0035129 70112
0.0035205 70112
0.003528 70112
0.0035355 70112
0.0035431 70112
0.0035506 70112
0.0035582 70112
0.0035657 70112
0.0035732 70112
0.0035808 70112
0.0035883 70112
0.0035958 70112
0.0036034 70112
0.0036109 70112
0.0036185 70112
0.003626 70112
0.0036335 70112
0.0036411 70112
0.0036486 70112
0.0036562 70112
0.0036637 70112
0.0036712 70112
0.0036788 70112
0.0036863 70112
0.0036938 70112
0.0037014 70112
0.0037089 70112
0.0037165 70112
0.003724 70112
0.0037315 70112
0.0037391 70112
0.0037466 70112
0.0037542 70112
0.0037617 70112
0.0037692 70112
0.0037768 70112
0.0037843 70112
0.0037918 70112
0.0037994 70112
0.0038069 70112
0.0038145 70112
0.003822 70112
0.0038295 70112
0.0038371 70112
0.0038446 70112
0.0038522 70112
0.0038597 70112
0.0038672 70112
0.0038748 70112
0.0038823 70112
0.0038898 70112
0.0038974 70112
0.0039049 70112
0.0039125 70112
0.00392 70112
0.0039275 70112
0.0039351 70112
0.0039426 70112
0.0039502 70112
0.0039577 70112
0.0039652 70112
0.0039728 70112
0.0039803 70112
0.0039878 70112
0.0039954 70112
0.0040029 70112
0.0040105 70112
0.004018 70112
0.0040255 70112
0.0040331 70112
0.0040406 70112
0.0040482 70112
0.0040557 70112
0.0040632 70112
0.0040708 70112
0.0040783 70112
0.0040858 70112
0.0040934 70112
0.0041009 70112
0.0041085 70112
0.004116 70112
0.0041235 70112
0.0041311 70112
0.0041386 70112
0.0041462 70112
0.0041537 70112
0.0041612 70112
0.0041688 70112
0.0041763 70112
0.0041838 70112
0.0041914 70112
0.0041989 70112
0.0042065 70112
0.004214 70112
0.0042215 70112
0.0042291 70112
0.0042366 70112
0.0042442 70112
0.0042517 70112
0.0042592 70112
0.0042668 70112
0.0042743 70112
0.0042818 70112
0.0042894 70112
0.0042969 70112
0.0043045 70112
0.004312 70112
0.0043195 70112
0.0043271 70112
0.0043346 70112
0.0043422 70112
0.0043497 70112
0.0043572 70112
0.0043648 70112
0.0043723 70112
0.0043798 70112
0.0043874 70112
0.0043949 70112
0.0044025 70112
0.00441 70112
0.0044175 70112
0.0044251 70112
0.0044326 70112
0.0044402 70112
0.0044477 70112
0.0044552 70112
0.0044628 70112
0.0044703 70112
0.0044778 70112
0.0044854 70112
0.0044929 70112
0.0045005 70112
0.004508 70112
0.0045155 70112
0.0045231 70112
0.0045306 70112
0.0045382 70112
0.0045457 70112
0.0045532 70112
0.0045608 70112
0.0045683 70112
0.0045758 70112
0.0045834 70112
0.0045909 70112
0.0045985 70112
0.004606 70112
0.0046135 70112
0.0046211 70112
0.0046286 70112
0.0046362 70112
0.0046437 70112
0.0046512 70112
0.0046588 70112
0.0046663 70112
0.0046738 70112
0.0046814 70112
0.0046889 70112
0.0046965 70112
0.004704 70112
0.0047115 70112
0.0047191 70112
0.0047266 70112
0.0047342 70112
0.0047417 70112
0.0047492 70112
0.0047568 70112
0.0047643 70112
0.0047718 70112
0.0047794 70112
0.0047869 70112
0.0047945 70112
0.004802 70112
0.0048095 70112
0.0048171 70112
0.0048246 70112
0.0048322 70112
0.0048397 70112
0.0048472 70112
0.0048548 70112
0.0048623 70112
0.0048698 70112
0.0048774 70112
0.0048849 70112
0.0048925 70112
0.0049 70112
0.0049075 70112
0.0049151 70112
0.0049226 70112
0.0049302 70112
0.0049377 70112
0.0049452 70112
0.0049528 70112
0.0049603 70112
0.0049678 70112
0.0049754 70112
0.0049829 70112
0.0049905 70112
0.004998 70112
0.0050055 70112
0.0050131 70112
0.0050206 70112
0.0050282 70112
0.0050357 70112
0.0050432 70112
0.0050508 70112
0.0050583 70112
0.0050658 70112
0.0050734 70112
0.0050809 70112
0.0050885 70112
0.005096 70112
0.0051035 70112
0.0051111 70112
0.0051186 70112
0.0051262 70112
0.0051337 70112
0.0051412 70112
0.0051488 70112
0.0051563 70112
0.0051638 70112
0.0051714 70112
0.0051789 70112
0.0051865 70112
0.005194 70112
0.0052015 70112
0.0052091 70112
0.0052166 70112
0.0052242 70112
0.0052317 70112
0.0052392 70112
0.0052468 70112
0.0052543 70112
0.0052618 70112
0.0052694 70112
0.0052769 70112
0.0052845 70112
0.005292 70112
0.0052995 70112
0.0053071 70112
0.0053146 70112
0.0053222 70112
0.0053297 70112
0.0053372 70112
0.0053448 70112
0.0053523 70112
0.0053598 70112
0.0053674 70112
0.0053749 70112
0.0053825 70112
0.00539 70112
0.0053975 70112
0.0054051 70112
0.0054126 70112
0.0054202 70112
0.0054277 70112
0.0054352 70112
0.0054428 70112
0.0054503 70112
0.0054578 70112
0.0054654 70112
0.0054729 70112
0.0054805 70112
0.005488 70112
0.0054955 70112
0.0055031 70112
0.0055106 70112
0.0055182 70112
0.0055257 70112
0.0055332 70112
0.0055408 70112
0.0055483 70112
0.0055558 70112
0.0055634 70112
0.0055709 70112
0.0055785 70112
0.005586 70112
0.0055935 70112
0.0056011 70112
0.0056086 70112
0.0056162 70112
0.0056237 70112
0.0056312 70112
0.0056388 70112
0.0056463 70112
0.0056538 70112
0.0056614 70112
0.0056689 70112
0.0056765 70112
0.005684 70112
0.0056915 70112
0.0056991 70112
0.0057066 70112
0.0057142 70112
0.0057217 70112
0.0057292 70112
0.0057368 70112
0.0057443 70112
0.0057518 70112
0.0057594 70112
0.0057669 70112
0.0057745 70112
0.005782 70112
0.0057895 70112
0.0057971 70112
0.0058046 70112
0.0058122 70112
0.0058197 70112
0.0058272 70112
0.0058348 70112
0.0058423 70112
0.0058498 70112
0.0058574 70112
0.0058649 70112
0.0058725 70112
0.00588 70112
0.0058875 70112
0.0058951 70112
0.0059026 70112
0.0059102 70112
0.0059177 70112
0.0059252 70112
0.0059328 70112
0.0059403 70112
0.0059478 70112
0.0059554 70112
0.0059629 70112
0.0059705 70112
0.005978 70112
0.0059855 70112
0.0059931 70112
0.0060006 70112
0.0060082 70112
0.0060157 70112
0.0060232 70112
0.0060308 70112
0.0060383 70112
0.0060458 70112
0.0060534 70112
0.0060609 70112
0.0060685 70112
0.006076 70112
0.0060835 70112
0.0060911 70112
0.0060986 70112
0.0061062 70112
0.0061137 70112
0.0061212 70112
0.0061288 70112
0.0061363 70112
0.0061438 70112
0.0061514 70112
0.0061589 70112
0.0061665 70112
0.006174 70112
0.0061815 70112
0.0061891 70112
0.0061966 70112
0.0062042 70112
0.0062117 70112
0.0062192 70112
0.0062268 70112
0.0062343 70112
0.0062418 70112
0.0062494 70112
0.0062569 70112
0.0062645 70112
0.006272 70112
0.0062795 70112
0.0062871 70112
0.0062946 70112
0.0063022 70112
0.0063097 70112
0.0063172 70112
0.0063248 70112
0.0063323 70112
0.0063398 70112
0.0063474 70112
0.0063549 70112
0.0063625 70112
0.00637 70112
0.0063775 70112
0.0063851 70112
0.0063926 70112
0.0064002 70112
0.0064077 70112
0.0064152 70112
0.0064228 70112
0.0064303 70112
0.0064378 70112
0.0064454 70112
0.0064529 70112
0.0064605 70112
0.006468 70112
0.0064755 70112
0.0064831 70112
0.0064906 70112
0.0064982 70112
0.0065057 70112
0.0065132 70112
0.0065208 70112
0.0065283 70112
0.0065358 70112
0.0065434 70112
0.0065509 70112
0.0065585 70112
0.006566 70112
0.0065735 70112
0.0065811 70112
0.0065886 70112
0.0065962 70112
0.0066037 70112
0.0066112 70112
0.0066188 70112
0.0066263 70112
0.0066338 70112
0.0066414 70112
0.0066489 70112
0.0066565 70112
0.006664 70112
0.0066715 70112
0.0066791 70112
0.0066866 70112
0.0066942 70112
0.0067017 70112
0.0067092 70112
0.0067168 70112
0.0067243 70112
0.0067318 70112
0.0067394 70112
0.0067469 70112
0.0067545 70112
0.006762 70112
0.0067695 70112
0.0067771 70112
0.0067846 70112
0.0067922 70112
0.0067997 70112
0.0068072 70112
0.0068148 70112
0.0068223 70112
0.0068298 70112
0.0068374 70112
0.0068449 70112
0.0068525 70112
0.00686 70112
0.0068675 70112
0.0068751 70112
0.0068826 70112
0.0068902 70112
0.0068977 70112
0.0069052 70112
0.0069128 70112
0.0069203 70112
0.0069278 70112
0.0069354 70112
0.0069429 70112
0.0069505 70112
0.006958 70112
0.0069655 70112
0.0069731 70112
0.0069806 70112
0.0069882 70112
0.0069957 70112
0.0070032 70112
0.0070108 70112
0.0070183 70112
0.0070258 70112
0.0070334 70112
0.0070409 70112
0.0070485 70112
0.007056 70112
0.0070635 70112
0.0070711 70112
0.0070786 70112
0.0070862 70112
0.0070937 70112
0.0071012 70112
0.0071088 70112
0.0071163 70112
0.0071238 70112
0.0071314 70112
0.0071389 70112
0.0071465 70112
0.007154 70112
0.0071615 70112
0.0071691 70112
0.0071766 70112
0.0071842 70112
0.0071917 70112
0.0071992 70112
0.0072068 70112
0.0072143 70112
0.0072218 70112
0.0072294 70112
0.0072369 70112
0.0072445 70112
0.007252 70112
0.0072595 70112
0.0072671 70112
0.0072746 70112
0.0072822 70112
0.0072897 70112
0.0072972 70112
0.0073048 70112
0.0073123 70112
0.0073198 70112
0.0073274 70112
0.0073349 70112
0.0073425 70112
0.00735 70112
0.0073575 70112
0.0073651 70112
0.0073726 70112
0.0073802 70112
0.0073877 70112
0.0073952 70112
0.0074028 70112
0.0074103 70112
0.0074178 70112
0.0074254 70112
0.0074329 70112
0.0074405 70112
0.007448 70112
0.0074555 70112
0.0074631 70112
0.0074706 70112
0.0074782 70112
0.0074857 70112
0.0074932 70112
0.0075008 70112
0.0075083 70112
0.0075158 70112
0.0075234 70112
0.0075309 70112
0.0075385 70112
0.007546 70112
0.0075535 70112
0.0075611 70112
0.0075686 70112
0.0075762 70112
0.0075837 70112
0.0075912 70112
0.0075988 70112
0.0076063 70112
0.0076138 70112
0.0076214 70112
0.0076289 70112
0.0076365 70112
0.007644 70112
0.0076515 70112
0.0076591 70112
0.0076666 70112
0.0076742 70112
0.0076817 70112
0.0076892 70112
0.0076968 70112
0.0077043 70112
0.0077118 70112
0.0077194 70112
0.0077269 70112
0.0077345 70112
0.007742 70112
0.0077495 70112
0.0077571 70112
0.0077646 70112
0.0077722 70112
0.0077797 70112
0.0077872 70112
0.0077948 70112
0.0078023 70112
0.0078098 70112
0.0078174 70112
0.0078249 70112
0.0078325 70112
0.00784 70112
0.0078475 70112
0.0078551 70112
0.0078626 70112
0.0078702 70112
0.0078777 70112
0.0078852 70112
0.0078928 70112
0.0079003 70112
0.0079078 70112
0.0079154 70112
0.0079229 70112
0.0079305 70112
0.007938 70112
0.0079455 70112
0.0079531 70112
0.0079606 70112
0.0079682 70112
0.0079757 70112
0.0079832 70112
0.0079908 70112
0.0079983 70112
0.0080058 70112
0.0080134 70112
0.0080209 70112
0.0080285 70112
0.008036 70112
0.0080435 70112
0.0080511 70112
0.0080586 70112
0.0080662 70112
0.0080737 70112
0.0080812 70112
0.0080888 70112
0.0080963 70112
0.0081038 70112
0.0081114 70112
0.0081189 70112
0.0081265 70112
0.008134 70112
0.0081415 70112
0.0081491 70112
0.0081566 70112
0.0081642 70112
0.0081717 70112
0.0081792 70112
0.0081868 70112
0.0081943 70112
0.0082018 70112
0.0082094 70112
0.0082169 70112
0.0082245 70112
0.008232 70112
0.0082395 70112
0.0082471 70112
0.0082546 70112
0.0082622 70112
0.0082697 70112
0.0082772 70112
0.0082848 70112
0.0082923 70112
0.0082998 70112
0.0083074 70112
0.0083149 70112
0.0083225 70112
0.00833 70112
0.0083375 70112
0.0083451 70112
0.0083526 70112
0.0083602 70112
0.0083677 70112
0.0083752 70112
0.0083828 70112
0.0083903 70112
0.0083978 70112
0.0084054 70112
0.0084129 70112
0.0084205 70112
0.008428 70112
0.0084355 70112
0.0084431 70112
0.0084506 70112
0.0084582 70112
0.0084657 70112
0.0084732 70112
0.0084808 70112
0.0084883 70112
0.0084958 70112
0.0085034 70112
0.0085109 70112
0.0085185 70112
0.008526 70112
0.0085335 70112
0.0085411 70112
0.0085486 70112
0.0085562 70112
0.0085637 70112
0.0085712 70112
0.0085788 70112
0.0085863 70112
0.0085938 70112
0.0086014 70112
0.0086089 70112
0.0086165 70112
0.008624 70112
0.0086315 70112
0.0086391 70112
0.0086466 70112
0.0086542 70112
0.0086617 70112
0.0086692 70112
0.0086768 70112
0.0086843 70112
0.0086918 70112
0.0086994 70112
0.0087069 70112
0.0087145 70112
0.008722 70112
0.0087295 70112
0.0087371 70112
0.0087446 70112
0.0087522 70112
0.0087597 70112
0.0087672 70112
0.0087748 70112
0.0087823 70112
0.0087898 70112
0.0087974 70112
0.0088049 70112
0.0088125 70112
0.00882 70112
0.0088275 70112
0.0088351 70112
0.0088426 70112
0.0088502 70112
0.0088577 70112
0.0088652 70112
0.0088728 70112
0.0088803 70112
0.0088878 70112
0.0088954 70112
0.0089029 70112
0.0089105 70112
0.008918 70112
0.0089255 70112
0.0089331 70112
0.0089406 70112
0.0089482 70112
0.0089557 70112
0.0089632 70112
0.0089708 70112
0.0089783 70112
0.0089858 70112
0.0089934 70112
0.0090009 70112
0.0090085 70112
0.009016 70112
0.0090235 70112
0.0090311 70112
0.0090386 70112
0.0090462 70112
0.0090537 70112
0.0090612 70112
0.0090688 70112
0.0090763 70112
0.0090838 70112
0.0090914 70112
0.0090989 70112
0.0091065 70112
0.009114 70112
0.0091215 70112
0.0091291 70112
0.0091366 70112
0.0091442 70112
0.0091517 70112
0.0091592 70112
0.0091668 70112
0.0091743 70112
0.0091818 70112
0.0091894 70112
0.0091969 70112
0.0092045 70112
0.009212 70112
0.0092195 70112
0.0092271 70112
0.0092346 70112
0.0092422 70112
0.0092497 70112
0.0092572 70112
0.0092648 70112
0.0092723 70112
0.0092798 70112
0.0092874 70112
0.0092949 70112
0.0093025 70112
0.00931 70112
0.0093175 70112
0.0093251 70112
0.0093326 70112
0.0093402 70112
0.0093477 70112
0.0093552 70112
0.0093628 70112
0.0093703 70112
0.0093778 70112
0.0093854 70112
0.0093929 70112
0.0094005 70112
0.009408 70112
0.0094155 70112
0.0094231 70112
0.0094306 70112
0.0094382 70112
0.0094457 70112
0.0094532 70112
0.0094608 70112
0.0094683 70112
0.0094758 70112
0.0094834 70112
0.0094909 70112
0.0094985 70112
0.009506 70112
0.0095135 70112
0.0095211 70112
0.0095286 70112
0.0095362 70112
0.0095437 70112
0.0095512 70112
0.0095588 70112
0.0095663 70112
0.0095738 70112
0.0095814 70112
0.0095889 70112
0.0095965 70112
0.009604 70112
0.0096115 70112
0.0096191 70112
0.0096266 70112
0.0096342 70112
0.0096417 70112
0.0096492 70112
0.0096568 70112
0.0096643 70112
0.0096718 70112
0.0096794 70112
0.0096869 70112
0.0096945 70112
0.009702 70112
0.0097095 70112
0.0097171 70112
0.0097246 70112
0.0097322 70112
0.0097397 70112
0.0097472 70112
0.0097548 70112
0.0097623 70112
0.0097698 70112
0.0097774 70112
0.0097849 70112
0.0097925 70112
0.0098 70112
0.0098075 70112
0.0098151 70112
0.0098226 70112
0.0098302 70112
0.0098377 70112
0.0098452 70112
0.0098528 70112
0.0098603 70112
0.0098678 70112
0.0098754 70112
0.0098829 70112
0.0098905 70112
0.009898 70112
0.0099055 70112
0.0099131 70112
0.0099206 70112
0.0099282 70112
0.0099357 70112
0.0099432 70112
0.0099508 70112
0.0099583 70112
0.0099658 70112
0.0099734 70112
0.0099809 70112
0.0099885 70112
0.009996 70112
0.010004 70112
0.010011 70112
0.010019 70112
0.010026 70112
0.010034 70112
0.010041 70112
0.010049 70112
0.010056 70112
0.010064 70112
0.010071 70112
0.010079 70112
0.010086 70112
0.010094 70112
0.010102 70112
0.010109 70112
0.010117 70112
0.010124 70112
0.010132 70112
0.010139 70112
0.010147 70112
0.010154 70112
0.010162 70112
0.010169 70112
0.010177 70112
0.010184 70112
0.010192 70112
0.0102 70112
0.010207 70112
0.010215 70112
0.010222 70112
0.01023 70112
0.010237 70112
0.010245 70112
0.010252 70112
0.01026 70112
0.010267 70112
0.010275 70112
0.010282 70112
0.01029 70112
0.010298 70112
0.010305 70112
0.010313 70112
0.01032 70112
0.010328 70112
0.010335 70112
0.010343 70112
0.01035 70112
0.010358 70112
0.010365 70112
0.010373 70112
0.01038 70112
0.010388 70112
0.010396 70112
0.010403 70112
0.010411 70112
0.010418 70112
0.010426 70112
0.010433 70112
0.010441 70112
0.010448 70112
0.010456 70112
0.010463 70112
0.010471 70112
0.010478 70112
0.010486 70112
0.010494 70112
0.010501 70112
0.010509 70112
0.010516 70112
0.010524 70112
0.010531 70112
0.010539 70112
0.010546 70112
0.010554 70112
0.010561 70112
0.010569 70112
0.010576 70112
0.010584 70112
0.010592 70112
0.010599 70112
0.010607 70112
0.010614 70112
0.010622 70112
0.010629 70112
0.010637 70112
0.010644 70112
0.010652 70112
0.010659 70112
0.010667 70112
0.010674 70112
0.010682 70112
0.01069 70112
0.010697 70112
0.010705 70112
0.010712 70112
0.01072 70112
0.010727 70112
0.010735 70112
0.010742 70112
0.01075 70112
0.010757 70112
0.010765 70112
0.010772 70112
0.01078 70112
0.010788 70112
0.010795 70112
0.010803 70112
0.01081 70112
0.010818 70112
0.010825 70112
0.010833 70112
0.01084 70112
0.010848 70112
0.010855 70112
0.010863 70112
0.01087 70112
0.010878 70112
0.010886 70112
0.010893 70112
0.010901 70112
0.010908 70112
0.010916 70112
0.010923 70112
0.010931 70112
0.010938 70112
0.010946 70112
0.010953 70112
0.010961 70112
0.010968 70112
0.010976 70112
0.010984 70112
0.010991 70112
0.010999 70112
0.011006 70112
0.011014 70112
0.011021 70112
0.011029 70112
0.011036 70112
0.011044 70112
0.011051 70112
0.011059 70112
0.011066 70112
0.011074 70112
0.011082 70112
0.011089 70112
0.011097 70112
0.011104 70112
0.011112 70112
0.011119 70112
0.011127 70112
0.011134 70112
0.011142 70112
0.011149 70112
0.011157 70112
0.011164 70112
0.011172 70112
0.01118 70112
0.011187 70112
0.011195 70112
0.011202 70112
0.01121 70112
0.011217 70112
0.011225 70112
0.011232 70112
0.01124 70112
0.011247 70112
0.011255 70112
0.011262 70112
0.01127 70112
0.011278 70112
0.011285 70112
0.011293 70112
0.0113 70112
0.011308 70112
0.011315 70112
0.011323 70112
0.01133 70112
0.011338 70112
0.011345 70112
0.011353 70112
0.01136 70112
0.011368 70112
0.011376 70112
0.011383 70112
0.011391 70112
0.011398 70112
0.011406 70112
0.011413 70112
0.011421 70112
0.011428 70112
0.011436 70112
0.011443 70112
0.011451 70112
0.011458 70112
0.011466 70112
0.011474 70112
0.011481 70112
0.011489 70112
0.011496 70112
0.011504 70112
0.011511 70112
0.011519 70112
0.011526 70112
0.011534 70112
0.011541 70112
0.011549 70112
0.011556 70112
0.011564 70112
0.011572 70112
0.011579 70112
0.011587 70112
0.011594 70112
0.011602 70112
0.011609 70112
0.011617 70112
0.011624 70112
0.011632 70112
0.011639 70112
0.011647 70112
0.011654 70112
0.011662 70112
0.01167 70112
0.011677 70112
0.011685 70112
0.011692 70112
0.0117 70112
0.011707 70112
0.011715 70112
0.011722 70112
0.01173 70112
0.011737 70112
0.011745 70112
0.011752 70112
0.01176 70112
0.011768 70112
0.011775 70112
0.011783 70112
0.01179 70112
0.011798 70112
0.011805 70112
0.011813 70112
0.01182 70112
0.011828 70112
0.011835 70112
0.011843 70112
0.01185 70112
0.011858 70112
0.011866 70112
0.011873 70112
0.011881 70112
0.011888 70112
0.011896 70112
0.011903 70112
0.011911 70112
0.011918 70112
0.011926 70112
0.011933 70112
0.011941 70112
0.011948 70112
0.011956 70112
0.011964 70112
0.011971 70112
0.011979 70112
0.011986 70112
0.011994 70112
0.012001 70112
0.012009 70112
0.012016 70112
0.012024 70112
0.012031 70112
0.012039 70112
0.012046 70112
0.012054 70112
0.012062 70112
0.012069 70112
0.012077 70112
0.012084 70112
0.012092 70112
0.012099 70112
0.012107 70112
0.012114 70112
0.012122 70112
0.012129 70112
0.012137 70112
0.012144 70112
0.012152 70112
0.01216 70112
0.012167 70112
0.012175 70112
0.012182 70112
0.01219 70112
0.012197 70112
0.012205 70112
0.012212 70112
0.01222 70112
0.012227 70112
0.012235 70112
0.012242 70112
0.01225 70112
0.012258 70112
0.012265 70112
0.012273 70112
0.01228 70112
0.012288 70112
0.012295 70112
0.012303 70112
0.01231 70112
0.012318 70112
0.012325 70112
0.012333 70112
0.01234 70112
0.012348 70112
0.012356 70112
0.012363 70112
0.012371 70112
0.012378 70112
0.012386 70112
0.012393 70112
0.012401 70112
0.012408 70112
0.012416 70112
0.012423 70112
0.012431 70112
0.012438 70112
0.012446 70112
0.012454 70112
0.012461 70112
0.012469 70112
0.012476 70112
0.012484 70112
0.012491 70112
0.012499 70112
0.012506 70112
0.012514 70112
0.012521 70112
0.012529 70112
0.012536 70112
0.012544 70112
0.012552 70112
0.012559 70112
0.012567 70112
0.012574 70112
0.012582 70112
0.012589 70112
0.012597 70112
0.012604 70112
0.012612 70112
0.012619 70112
0.012627 70112
0.012634 70112
0.012642 70112
0.01265 70112
0.012657 70112
0.012665 70112
0.012672 70112
0.01268 70112
0.012687 70112
0.012695 70112
0.012702 70112
0.01271 70112
0.012717 70112
0.012725 70112
0.012732 70112
0.01274 70112
0.012748 70112
0.012755 70112
0.012763 70112
0.01277 70112
0.012778 70112
0.012785 70112
0.012793 70112
0.0128 70112
0.012808 70112
0.012815 70112
0.012823 70112
0.01283 70112
0.012838 70112
0.012846 70112
0.012853 70112
0.012861 70112
0.012868 70112
0.012876 70112
0.012883 70112
0.012891 70112
0.012898 70112
0.012906 70112
0.012913 70112
0.012921 70112
0.012928 70112
0.012936 70112
0.012944 70112
0.012951 70112
0.012959 70112
0.012966 70112
0.012974 70112
0.012981 70112
0.012989 70112
0.012996 70112
0.013004 70112
0.013011 70112
0.013019 70112
0.013026 70112
0.013034 70112
0.013042 70112
0.013049 70112
0.013057 70112
0.013064 70112
0.013072 70112
0.013079 70112
0.013087 70112
0.013094 70112
0.013102 70112
0.013109 70112
0.013117 70112
0.013124 70112
0.013132 70112
0.01314 70112
0.013147 70112
0.013155 70112
0.013162 70112
0.01317 70112
0.013177 70112
0.013185 70112
0.013192 70112
0.0132 70112
0.013207 70112
0.013215 70112
0.013222 70112
0.01323 70112
0.013238 70112
0.013245 70112
0.013253 70112
0.01326 70112
0.013268 70112
0.013275 70112
0.013283 70112
0.01329 70112
0.013298 70112
0.013305 70112
0.013313 70112
0.01332 70112
0.013328 70112
0.013336 70112
0.013343 70112
0.013351 70112
0.013358 70112
0.013366 70112
0.013373 70112
0.013381 70112
0.013388 70112
0.013396 70112
0.013403 70112
0.013411 70112
0.013418 70112
0.013426 70112
0.013434 70112
0.013441 70112
0.013449 70112
0.013456 70112
0.013464 70112
0.013471 70112
0.013479 70112
0.013486 70112
0.013494 70112
0.013501 70112
0.013509 70112
0.013516 70112
0.013524 70112
0.013532 70112
0.013539 70112
0.013547 70112
0.013554 70112
0.013562 70112
0.013569 70112
0.013577 70112
0.013584 70112
0.013592 70112
0.013599 70112
0.013607 70112
0.013614 70112
0.013622 70112
0.01363 70112
0.013637 70112
0.013645 70112
0.013652 70112
0.01366 70112
0.013667 70112
0.013675 70112
0.013682 70112
0.01369 70112
0.013697 70112
0.013705 70112
0.013712 70112
0.01372 70112
0.013728 70112
0.013735 70112
0.013743 70112
0.01375 70112
0.013758 70112
0.013765 70112
0.013773 70112
0.01378 70112
0.013788 70112
0.013795 70112
0.013803 70112
0.01381 70112
0.013818 70112
0.013826 70112
0.013833 70112
0.013841 70112
0.013848 70112
0.013856 70112
0.013863 70112
0.013871 70112
0.013878 70112
0.013886 70112
0.013893 70112
0.013901 70112
0.013908 70112
0.013916 70112
0.013924 70112
0.013931 70112
0.013939 70112
0.013946 70112
0.013954 70112
0.013961 70112
0.013969 70112
0.013976 70112
0.013984 70112
0.013991 70112
0.013999 70112
0.014006 70112
0.014014 70112
0.014022 70112
0.014029 70112
0.014037 70112
0.014044 70112
0.014052 70112
0.014059 70112
0.014067 70112
0.014074 70112
0.014082 70112
0.014089 70112
0.014097 70112
0.014104 70112
0.014112 70112
0.01412 70112
0.014127 70112
0.014135 70112
0.014142 70112
0.01415 70112
0.014157 70112
0.014165 70112
0.014172 70112
0.01418 70112
0.014187 70112
0.014195 70112
0.014202 70112
0.01421 70112
0.014218 70112
0.014225 70112
0.014233 70112
0.01424 70112
0.014248 70112
0.014255 70112
0.014263 70112
0.01427 70112
0.014278 70112
0.014285 70112
0.014293 70112
0.0143 70112
0.014308 70112
0.014316 70112
0.014323 70112
0.014331 70112
0.014338 70112
0.014346 70112
0.014353 70112
0.014361 70112
0.014368 70112
0.014376 70112
0.014383 70112
0.014391 70112
0.014398 70112
0.014406 70112
0.014414 70112
0.014421 70112
0.014429 70112
0.014436 70112
0.014444 70112
0.014451 70112
0.014459 70112
0.014466 70112
0.014474 70112
0.014481 70112
0.014489 70112
0.014496 70112
0.014504 70112
0.014512 70112
0.014519 70112
0.014527 70112
0.014534 70112
0.014542 70112
0.014549 70112
0.014557 70112
0.014564 70112
0.014572 70112
0.014579 70112
0.014587 70112
0.014594 70112
0.014602 70112
0.01461 70112
0.014617 70112
0.014625 70112
0.014632 70112
0.01464 70112
0.014647 70112
0.014655 70112
0.014662 70112
0.01467 70112
0.014677 70112
0.014685 70112
0.014692 70112
0.0147 70112
0.014708 70112
0.014715 70112
0.014723 70112
0.01473 70112
0.014738 70112
0.014745 70112
0.014753 70112
0.01476 70112
0.014768 70112
0.014775 70112
0.014783 70112
0.01479 70112
0.014798 70112
0.014806 70112
0.014813 70112
0.014821 70112
0.014828 70112
0.014836 70112
0.014843 70112
0.014851 70112
0.014858 70112
0.014866 70112
0.014873 70112
0.014881 70112
0.014888 70112
0.014896 70112
0.014904 70112
0.014911 70112
0.014919 70112
0.014926 70112
0.014934 70112
0.014941 70112
0.014949 70112
0.014956 70112
0.014964 70112
0.014971 70112
0.014979 70112
0.014986 70112
0.014994 70112
0.015002 70112
0.015009 70112
0.015017 70112
0.015024 70112
0.015032 70112
0.015039 70112
0.015047 70112
0.015054 70112
0.015062 70112
0.015069 70112
0.015077 70112
0.015084 70112
0.015092 70112
0.0151 70112
0.015107 70112
0.015115 70112
0.015122 70112
0.01513 70112
0.015137 70112
0.015145 70112
0.015152 70112
0.01516 70112
0.015167 70112
0.015175 70112
0.015182 70112
0.01519 70112
0.015198 70112
0.015205 70112
0.015213 70112
0.01522 70112
0.015228 70112
0.015235 70112
0.015243 70112
0.01525 70112
0.015258 70112
0.015265 70112
0.015273 70112
0.01528 70112
0.015288 70112
0.015296 70112
0.015303 70112
0.015311 70112
0.015318 70112
0.015326 70112
0.015333 70112
0.015341 70112
0.015348 70112
0.015356 70112
0.015363 70112
0.015371 70112
0.015378 70112
0.015386 70112
0.015394 70112
0.015401 70112
0.015409 70112
0.015416 70112
0.015424 70112
0.015431 70112
0.015439 70112
0.015446 70112
0.015454 70112
0.015461 70112
0.015469 70112
0.015476 70112
0.015484 70112
0.015492 70112
0.015499 70112
0.015507 70112
0.015514 70112
0.015522 70112
0.015529 70112
0.015537 70112
0.015544 70112
0.015552 70112
0.015559 70112
0.015567 70112
0.015574 70112
0.015582 70112
0.01559 70112
0.015597 70112
0.015605 70112
0.015612 70112
0.01562 70112
0.015627 70112
0.015635 70112
0.015642 70112
0.01565 70112
0.015657 70112
0.015665 70112
0.015672 70112
0.01568 70112
0.015688 70112
0.015695 70112
0.015703 70112
0.01571 70112
0.015718 70112
0.015725 70112
0.015733 70112
0.01574 70112
0.015748 70112
0.015755 70112
0.015763 70112
0.01577 70112
0.015778 70112
0.015786 70112
0.015793 70112
0.015801 70112
0.015808 70112
0.015816 70112
0.015823 70112
0.015831 70112
0.015838 70112
0.015846 70112
0.015853 70112
0.015861 70112
0.015868 70112
0.015876 70112
0.015884 70112
0.015891 70112
0.015899 70112
0.015906 70112
0.015914 70112
0.015921 70112
0.015929 70112
0.015936 70112
0.015944 70112
0.015951 70112
0.015959 70112
0.015966 70112
0.015974 70112
0.015982 70112
0.015989 70112
0.015997 70112
0.016004 70112
0.016012 70112
0.016019 70112
0.016027 70112
0.016034 70112
0.016042 70112
0.016049 70112
0.016057 70112
0.016064 70112
0.016072 70112
0.01608 70112
0.016087 70112
0.016095 70112
0.016102 70112
0.01611 70112
0.016117 70112
0.016125 70112
0.016132 70112
0.01614 70112
0.016147 70112
0.016155 70112
0.016162 70112
0.01617 70112
0.016178 70112
0.016185 70112
0.016193 70112
0.0162 70112
0.016208 70112
0.016215 70112
0.016223 70112
0.01623 70112
0.016238 70112
0.016245 70112
0.016253 70112
0.01626 70112
0.016268 70112
0.016276 70112
0.016283 70112
0.016291 70112
0.016298 70112
0.016306 70112
0.016313 70112
0.016321 70112
0.016328 70112
0.016336 70112
0.016343 70112
0.016351 70112
0.016358 70112
0.016366 70112
0.016374 70112
0.016381 70112
0.016389 70112
0.016396 70112
0.016404 70112
0.016411 70112
0.016419 70112
0.016426 70112
0.016434 70112
0.016441 70112
0.016449 70112
0.016456 70112
0.016464 70112
0.016472 70112
0.016479 70112
0.016487 70112
0.016494 70112
0.016502 70112
0.016509 70112
0.016517 70112
0.016524 70112
0.016532 70112
0.016539 70112
0.016547 70112
0.016554 70112
0.016562 70112
0.01657 70112
0.016577 70112
0.016585 70112
0.016592 70112
0.0166 70112
0.016607 70112
0.016615 70112
0.016622 70112
0.01663 70112
0.016637 70112
0.016645 70112
0.016652 70112
0.01666 70112
0.016668 70112
0.016675 70112
0.016683 70112
0.01669 70112
0.016698 70112
0.016705 70112
0.016713 70112
0.01672 70112
0.016728 70112
0.016735 70112
0.016743 70112
0.01675 70112
0.016758 70112
0.016766 70112
0.016773 70112
0.016781 70112
0.016788 70112
0.016796 70112
0.016803 70112
0.016811 70112
0.016818 70112
0.016826 70112
0.016833 70112
0.016841 70112
0.016848 70112
0.016856 70112
0.016864 70112
0.016871 70112
0.016879 70112
0.016886 70112
0.016894 70112
0.016901 70112
0.016909 70112
0.016916 70112
0.016924 70112
0.016931 70112
0.016939 70112
0.016946 70112
0.016954 70112
0.016962 70112
0.016969 70112
0.016977 70112
0.016984 70112
0.016992 70112
0.016999 70112
0.017007 70112
0.017014 70112
0.017022 70112
0.017029 70112
0.017037 70112
0.017044 70112
0.017052 70112
0.01706 70112
0.017067 70112
0.017075 70112
0.017082 70112
0.01709 70112
0.017097 70112
0.017105 70112
0.017112 70112
0.01712 70112
0.017127 70112
0.017135 70112
0.017142 70112
0.01715 70112
0.017158 70112
0.017165 70112
0.017173 70112
0.01718 70112
0.017188 70112
0.017195 70112
0.017203 70112
0.01721 70112
0.017218 70112
0.017225 70112
0.017233 70112
0.01724 70112
0.017248 70112
0.017256 70112
0.017263 70112
0.017271 70112
0.017278 70112
0.017286 70112
0.017293 70112
0.017301 70112
0.017308 70112
0.017316 70112
0.017323 70112
0.017331 70112
0.017338 70112
0.017346 70112
0.017354 70112
0.017361 70112
0.017369 70112
0.017376 70112
0.017384 70112
0.017391 70112
0.017399 70112
0.017406 70112
0.017414 70112
0.017421 70112
0.017429 70112
0.017436 70112
0.017444 70112
0.017452 70112
0.017459 70112
0.017467 70112
0.017474 70112
0.017482 70112
0.017489 70112
0.017497 70112
0.017504 70112
0.017512 70112
0.017519 70112
0.017527 70112
0.017534 70112
0.017542 70112
0.01755 70112
0.017557 70112
0.017565 70112
0.017572 70112
0.01758 70112
0.017587 70112
0.017595 70112
0.017602 70112
0.01761 70112
0.017617 70112
0.017625 70112
0.017632 70112
0.01764 70112
0.017648 70112
0.017655 70112
0.017663 70112
0.01767 70112
0.017678 70112
0.017685 70112
0.017693 70112
0.0177 70112
0.017708 70112
0.017715 70112
0.017723 70112
0.01773 70112
0.017738 70112
0.017746 70112
0.017753 70112
0.017761 70112
0.017768 70112
0.017776 70112
0.017783 70112
0.017791 70112
0.017798 70112
0.017806 70112
0.017813 70112
0.017821 70112
0.017828 70112
0.017836 70112
0.017844 70112
0.017851 70112
0.017859 70112
0.017866 70112
0.017874 70112
0.017881 70112
0.017889 70112
0.017896 70112
0.017904 70112
0.017911 70112
0.017919 70112
0.017926 70112
0.017934 70112
0.017942 70112
0.017949 70112
0.017957 70112
0.017964 70112
0.017972 70112
0.017979 70112
0.017987 70112
0.017994 70112
0.018002 70112
0.018009 70112
0.018017 70112
0.018024 70112
0.018032 70112
0.01804 70112
0.018047 70112
0.018055 70112
0.018062 70112
0.01807 70112
0.018077 70112
0.018085 70112
0.018092 70112
0.0181 70112
0.018107 70112
0.018115 70112
0.018122 70112
0.01813 70112
0.018138 70112
0.018145 70112
0.018153 70112
0.01816 70112
0.018168 70112
0.018175 70112
0.018183 70112
0.01819 70112
0.018198 70112
0.018205 70112
0.018213 70112
0.01822 70112
0.018228 70112
0.018236 70112
0.018243 70112
0.018251 70112
0.018258 70112
0.018266 70112
0.018273 70112
0.018281 70112
0.018288 70112
0.018296 70112
0.018303 70112
0.018311 70112
0.018318 70112
0.018326 70112
0.018334 70112
0.018341 70112
0.018349 70112
0.018356 70112
0.018364 70112
0.018371 70112
0.018379 70112
0.018386 70112
0.018394 70112
0.018401 70112
0.018409 70112
0.018416 70112
0.018424 70112
0.018432 70112
0.018439 70112
0.018447 70112
0.018454 70112
0.018462 70112
0.018469 70112
0.018477 70112
0.018484 70112
0.018492 70112
0.018499 70112
0.018507 70112
0.018514 70112
0.018522 70112
0.01853 70112
0.018537 70112
0.018545 70112
0.018552 70112
0.01856 70112
0.018567 70112
0.018575 70112
0.018582 70112
0.01859 70112
0.018597 70112
0.018605 70112
0.018612 70112
0.01862 70112
0.018628 70112
0.018635 70112
0.018643 70112
0.01865 70112
0.018658 70112
0.018665 70112
0.018673 70112
0.01868 70112
0.018688 70112
0.018695 70112
0.018703 70112
0.01871 70112
0.018718 70112
0.018726 70112
0.018733 70112
0.018741 70112
0.018748 70112
0.018756 70112
0.018763 70112
0.018771 70112
0.018778 70112
0.018786 70112
0.018793 70112
0.018801 70112
0.018808 70112
0.018816 70112
0.018824 70112
0.018831 70112
0.018839 70112
0.018846 70112
0.018854 70112
0.018861 70112
0.018869 70112
0.018876 70112
0.018884 70112
0.018891 70112
0.018899 70112
0.018906 70112
0.018914 70112
0.018922 70112
0.018929 70112
0.018937 70112
0.018944 70112
0.018952 70112
0.018959 70112
0.018967 70112
0.018974 70112
0.018982 70112
0.018989 70112
0.018997 70112
0.019004 70112
0.019012 70112
0.01902 70112
0.019027 70112
0.019035 70112
0.019042 70112
0.01905 70112
0.019057 70112
0.019065 70112
0.019072 70112
0.01908 70112
0.019087 70112
0.019095 70112
0.019102 70112
0.01911 70112
0.019118 70112
0.019125 70112
0.019133 70112
0.01914 70112
0.019148 70112
0.019155 70112
0.019163 70112
0.01917 70112
0.019178 70112
0.019185 70112
0.019193 70112
0.0192 70112
0.019208 70112
0.019216 70112
0.019223 70112
0.019231 70112
0.019238 70112
0.019246 70112
0.019253 70112
0.019261 70112
0.019268 70112
0.019276 70112
0.019283 70112
0.019291 70112
0.019298 70112
0.019306 70112
0.019314 70112
0.019321 70112
0.019329 70112
0.019336 70112
0.019344 70112
0.019351 70112
0.019359 70112
0.019366 70112
0.019374 70112
0.019381 70112
0.019389 70112
0.019396 70112
0.019404 70112
0.019412 70112
0.019419 70112
0.019427 70112
0.019434 70112
0.019442 70112
0.019449 70112
0.019457 70112
0.019464 70112
0.019472 70112
0.019479 70112
0.019487 70112
0.019494 70112
0.019502 70112
0.01951 70112
0.019517 70112
0.019525 70112
0.019532 70112
0.01954 70112
0.019547 70112
0.019555 70112
0.019562 70112
0.01957 70112
0.019577 70112
0.019585 70112
0.019592 70112
0.0196 70112
0.019608 70112
0.019615 70112
0.019623 70112
0.01963 70112
0.019638 70112
0.019645 70112
0.019653 70112
0.01966 70112
0.019668 70112
0.019675 70112
0.019683 70112
0.01969 70112
0.019698 70112
0.019706 70112
0.019713 70112
0.019721 70112
0.019728 70112
0.019736 70112
0.019743 70112
0.019751 70112
0.019758 70112
0.019766 70112
0.019773 70112
0.019781 70112
0.019788 70112
0.019796 70112
0.019804 70112
0.019811 70112
0.019819 70112
0.019826 70112
0.019834 70112
0.019841 70112
0.019849 70112
0.019856 70112
0.019864 70112
0.019871 70112
0.019879 70112
0.019886 70112
0.019894 70112
0.019902 70112
0.019909 70112
0.019917 70112
0.019924 70112
0.019932 70112
0.019939 70112
0.019947 70112
0.019954 70112
0.019962 70112
0.019969 70112
0.019977 70112
0.019984 70112
0.019992 70112
0.02 70112
0.020007 70112
0.020015 70112
0.020022 70112
0.02003 70112
0.020037 70112
0.020045 70112
0.020052 70112
0.02006 70112
0.020067 70112
0.020075 70112
0.020082 70112
0.02009 70112
0.020098 70112
0.020105 70112
0.020113 70112
0.02012 70112
0.020128 70112
0.020135 70112
0.020143 70112
0.02015 70112
0.020158 70112
0.020165 70112
0.020173 70112
0.02018 70112
0.020188 70112
0.020196 70112
0.020203 70112
0.020211 70112
0.020218 70112
0.020226 70112
0.020233 70112
0.020241 70112
0.020248 70112
0.020256 70112
0.020263 70112
0.020271 70112
0.020278 70112
0.020286 70112
0.020294 70112
0.020301 70112
0.020309 70112
0.020316 70112
0.020324 70112
0.020331 70112
0.020339 70112
0.020346 70112
0.020354 70112
0.020361 70112
0.020369 70112
0.020376 70112
0.020384 70112
0.020392 70112
0.020399 70112
0.020407 70112
0.020414 70112
0.020422 70112
0.020429 70112
0.020437 70112
0.020444 70112
0.020452 70112
0.020459 70112
0.020467 70112
0.020474 70112
0.020482 70112
0.02049 70112
0.020497 70112
0.020505 70112
0.020512 70112
0.02052 70112
0.020527 70112
0.020535 70112
0.020542 70112
0.02055 70112
0.020557 70112
0.020565 70112
0.020572 70112
0.02058 70112
0.020588 70112
0.020595 70112
0.020603 70112
0.02061 70112
0.020618 70112
0.020625 70112
0.020633 70112
0.02064 70112
0.020648 70112
0.020655 70112
0.020663 70112
0.02067 70112
0.020678 70112
0.020686 70112
0.020693 70112
0.020701 70112
0.020708 70112
0.020716 70112
0.020723 70112
0.020731 70112
0.020738 70112
0.020746 70112
0.020753 70112
0.020761 70112
0.020768 70112
0.020776 70112
0.020784 70112
0.020791 70112
0.020799 70112
0.020806 70112
0.020814 70112
0.020821 70112
0.020829 70112
0.020836 70112
0.020844 70112
0.020851 70112
0.020859 70112
0.020866 70112
0.020874 70112
0.020882 70112
0.020889 70112
0.020897 70112
0.020904 70112
0.020912 70112
0.020919 70112
0.020927 70112
0.020934 70112
0.020942 70112
0.020949 70112
0.020957 70112
0.020964 70112
0.020972 70112
0.02098 70112
0.020987 70112
0.020995 70112
0.021002 70112
0.02101 70112
0.021017 70112
0.021025 70112
0.021032 70112
0.02104 70112
0.021047 70112
0.021055 70112
0.021062 70112
0.02107 70112
0.021078 70112
0.021085 70112
0.021093 70112
0.0211 70112
0.021108 70112
0.021115 70112
0.021123 70112
0.02113 70112
0.021138 70112
0.021145 70112
0.021153 70112
0.02116 70112
0.021168 70112
0.021176 70112
0.021183 70112
0.021191 70112
0.021198 70112
0.021206 70112
0.021213 70112
0.021221 70112
0.021228 70112
0.021236 70112
0.021243 70112
0.021251 70112
0.021258 70112
0.021266 70112
0.021274 70112
0.021281 70112
0.021289 70112
0.021296 70112
0.021304 70112
0.021311 70112
0.021319 70112
0.021326 70112
0.021334 70112
0.021341 70112
0.021349 70112
0.021356 70112
0.021364 70112
0.021372 70112
0.021379 70112
0.021387 70112
0.021394 70112
0.021402 70112
0.021409 70112
0.021417 70112
0.021424 70112
0.021432 70112
0.021439 70112
0.021447 70112
0.021454 70112
0.021462 70112
0.02147 70112
0.021477 70112
0.021485 70112
0.021492 70112
0.0215 70112
0.021507 70112
0.021515 70112
0.021522 70112
0.02153 70112
0.021537 70112
0.021545 70112
0.021552 70112
0.02156 70112
0.021568 70112
0.021575 70112
0.021583 70112
0.02159 70112
0.021598 70112
0.021605 70112
0.021613 70112
0.02162 70112
0.021628 70112
0.021635 70112
0.021643 70112
0.02165 70112
0.021658 70112
0.021666 70112
0.021673 70112
0.021681 70112
0.021688 70112
0.021696 70112
0.021703 70112
0.021711 70112
0.021718 70112
0.021726 70112
0.021733 70112
0.021741 70112
0.021748 70112
0.021756 70112
0.021764 70112
0.021771 70112
0.021779 70112
0.021786 70112
0.021794 70112
0.021801 70112
0.021809 70112
0.021816 70112
0.021824 70112
0.021831 70112
0.021839 70112
0.021846 70112
0.021854 70112
0.021862 70112
0.021869 70112
0.021877 70112
0.021884 70112
0.021892 70112
0.021899 70112
0.021907 70112
0.021914 70112
0.021922 70112
0.021929 70112
0.021937 70112
0.021944 70112
0.021952 70112
0.02196 70112
0.021967 70112
0.021975 70112
0.021982 70112
0.02199 70112
0.021997 70112
0.022005 70112
0.022012 70112
0.02202 70112
0.022027 70112
0.022035 70112
0.022042 70112
0.02205 70112
0.022058 70112
0.022065 70112
0.022073 70112
0.02208 70112
0.022088 70112
0.022095 70112
0.022103 70112
0.02211 70112
0.022118 70112
0.022125 70112
0.022133 70112
0.02214 70112
0.022148 70112
0.022156 70112
0.022163 70112
0.022171 70112
0.022178 70112
0.022186 70112
0.022193 70112
0.022201 70112
0.022208 70112
0.022216 70112
0.022223 70112
0.022231 70112
0.022238 70112
0.022246 70112
0.022254 70112
0.022261 70112
0.022269 70112
0.022276 70112
0.022284 70112
0.022291 70112
0.022299 70112
0.022306 70112
0.022314 70112
0.022321 70112
0.022329 70112
0.022336 70112
0.022344 70112
0.022352 70112
0.022359 70112
0.022367 70112
0.022374 70112
0.022382 70112
0.022389 70112
0.022397 70112
0.022404 70112
0.022412 70112
0.022419 70112
0.022427 70112
0.022434 70112
0.022442 70112
0.02245 70112
0.022457 70112
0.022465 70112
0.022472 70112
0.02248 70112
0.022487 70112
0.022495 70112
0.022502 70112
0.02251 70112
0.022517 70112
0.022525 70112
0.022532 70112
0.02254 70112
0.022548 70112
0.022555 70112
0.022563 70112
0.02257 70112
0.022578 70112
0.022585 70112
0.022593 70112
0.0226 70112
0.022608 70112
0.022615 70112
0.022623 70112
0.02263 70112
0.022638 70112
0.022646 70112
0.022653 70112
0.022661 70112
0.022668 70112
0.022676 70112
0.022683 70112
0.022691 70112
0.022698 70112
0.022706 70112
0.022713 70112
0.022721 70112
0.022728 70112
0.022736 70112
0.022744 70112
0.022751 70112
0.022759 70112
0.022766 70112
0.022774 70112
0.022781 70112
0.022789 70112
0.022796 70112
0.022804 70112
0.022811 70112
0.022819 70112
0.022826 70112
0.022834 70112
0.022842 70112
0.022849 70112
0.022857 70112
0.022864 70112
0.022872 70112
0.022879 70112
0.022887 70112
0.022894 70112
0.022902 70112
0.022909 70112
0.022917 70112
0.022924 70112
0.022932 70112
0.02294 70112
0.022947 70112
0.022955 70112
0.022962 70112
0.02297 70112
0.022977 70112
0.022985 70112
0.022992 70112
0.023 70112
0.023007 70112
0.023015 70112
0.023022 70112
0.02303 70112
0.023038 70112
0.023045 70112
0.023053 70112
0.02306 70112
0.023068 70112
0.023075 70112
0.023083 70112
0.02309 70112
0.023098 70112
0.023105 70112
0.023113 70112
0.02312 70112
0.023128 70112
0.023136 70112
0.023143 70112
0.023151 70112
0.023158 70112
0.023166 70112
0.023173 70112
0.023181 70112
0.023188 70112
0.023196 70112
0.023203 70112
0.023211 70112
0.023218 70112
0.023226 70112
0.023234 70112
0.023241 70112
0.023249 70112
0.023256 70112
0.023264 70112
0.023271 70112
0.023279 70112
0.023286 70112
0.023294 70112
0.023301 70112
0.023309 70112
0.023316 70112
0.023324 70112
0.023332 70112
0.023339 70112
0.023347 70112
0.023354 70112
0.023362 70112
0.023369 70112
0.023377 70112
0.023384 70112
0.023392 70112
0.023399 70112
0.023407 70112
0.023414 70112
0.023422 70112
0.02343 70112
0.023437 70112
0.023445 70112
0.023452 70112
0.02346 70112
0.023467 70112
0.023475 70112
0.023482 70112
0.02349 70112
0.023497 70112
0.023505 70112
0.023512 70112
0.02352 70112
0.023528 70112
0.023535 70112
0.023543 70112
0.02355 70112
0.023558 70112
0.023565 70112
0.023573 70112
0.02358 70112
0.023588 70112
0.023595 70112
0.023603 70112
0.02361 70112
0.023618 70112
0.023626 70112
0.023633 70112
0.023641 70112
0.023648 70112
0.023656 70112
0.023663 70112
0.023671 70112
0.023678 70112
0.023686 70112
0.023693 70112
0.023701 70112
0.023708 70112
0.023716 70112
0.023724 70112
0.023731 70112
0.023739 70112
0.023746 70112
0.023754 70112
0.023761 70112
0.023769 70112
0.023776 70112
0.023784 70112
0.023791 70112
0.023799 70112
0.023806 70112
0.023814 70112
0.023822 70112
0.023829 70112
0.023837 70112
0.023844 70112
0.023852 70112
0.023859 70112
0.023867 70112
0.023874 70112
0.023882 70112
0.023889 70112
0.023897 70112
0.023904 70112
0.023912 70112
0.02392 70112
0.023927 70112
0.023935 70112
0.023942 70112
0.02395 70112
0.023957 70112
0.023965 70112
0.023972 70112
0.02398 70112
0.023987 70112
0.023995 70112
0.024002 70112
0.02401 70112
0.024018 70112
0.024025 70112
0.024033 70112
0.02404 70112
0.024048 70112
0.024055 70112
0.024063 70112
0.02407 70112
0.024078 70112
0.024085 70112
0.024093 70112
0.0241 70112
0.024108 70112
0.024116 70112
0.024123 70112
0.024131 70112
0.024138 70112
0.024146 70112
0.024153 70112
0.024161 70112
0.024168 70112
0.024176 70112
0.024183 70112
0.024191 70112
0.024198 70112
0.024206 70112
0.024214 70112
0.024221 70112
0.024229 70112
0.024236 70112
0.024244 70112
0.024251 70112
0.024259 70112
0.024266 70112
0.024274 70112
0.024281 70112
0.024289 70112
0.024296 70112
0.024304 70112
0.024312 70112
0.024319 70112
0.024327 70112
0.024334 70112
0.024342 70112
0.024349 70112
0.024357 70112
0.024364 70112
0.024372 70112
0.024379 70112
0.024387 70112
0.024394 70112
0.024402 70112
0.02441 70112
0.024417 70112
0.024425 70112
0.024432 70112
0.02444 70112
0.024447 70112
0.024455 70112
0.024462 70112
0.02447 70112
0.024477 70112
0.024485 70112
0.024492 70112
0.0245 70112
0.024508 70112
0.024515 70112
0.024523 70112
0.02453 70112
0.024538 70112
0.024545 70112
0.024553 70112
0.02456 70112
0.024568 70112
0.024575 70112
0.024583 70112
0.02459 70112
0.024598 70112
0.024606 70112
0.024613 70112
0.024621 70112
0.024628 70112
0.024636 70112
0.024643 70112
0.024651 70112
0.024658 70112
0.024666 70112
0.024673 70112
0.024681 70112
0.024688 70112
0.024696 70112
0.024704 70112
0.024711 70112
0.024719 70112
0.024726 70112
0.024734 70112
0.024741 70112
0.024749 70112
0.024756 70112
0.024764 70112
0.024771 70112
0.024779 70112
0.024786 70112
0.024794 70112
0.024802 70112
0.024809 70112
0.024817 70112
0.024824 70112
0.024832 70112
0.024839 70112
0.024847 70112
0.024854 70112
0.024862 70112
0.024869 70112
0.024877 70112
0.024884 70112
0.024892 70112
0.0249 70112
0.024907 70112
0.024915 70112
0.024922 70112
0.02493 70112
0.024937 70112
0.024945 70112
0.024952 70112
0.02496 70112
0.024967 70112
0.024975 70112
0.024982 70112
0.02499 70112
0.024998 70112
0.025005 70112
0.025013 70112
0.02502 70112
0.025028 70112
0.025035 70112
0.025043 70112
0.02505 70112
0.025058 70112
0.025065 70112
0.025073 70112
0.02508 70112
0.025088 70112
0.025096 70112
0.025103 70112
0.025111 70112
0.025118 70112
0.025126 70112
0.025133 70112
0.025141 70112
0.025148 70112
0.025156 70112
0.025163 70112
0.025171 70112
0.025178 70112
0.025186 70112
0.025194 70112
0.025201 70112
0.025209 70112
0.025216 70112
0.025224 70112
0.025231 70112
0.025239 70112
0.025246 70112
0.025254 70112
0.025261 70112
0.025269 70112
0.025276 70112
0.025284 70112
0.025292 70112
0.025299 70112
0.025307 70112
0.025314 70112
0.025322 70112
0.025329 70112
0.025337 70112
0.025344 70112
0.025352 70112
0.025359 70112
0.025367 70112
0.025374 70112
0.025382 70112
0.02539 70112
0.025397 70112
0.025405 70112
0.025412 70112
0.02542 70112
0.025427 70112
0.025435 70112
0.025442 70112
0.02545 70112
0.025457 70112
0.025465 70112
0.025472 70112
0.02548 70112
0.025488 70112
0.025495 70112
0.025503 70112
0.02551 70112
0.025518 70112
0.025525 70112
0.025533 70112
0.02554 70112
0.025548 70112
0.025555 70112
0.025563 70112
0.02557 70112
0.025578 70112
0.025586 70112
0.025593 70112
0.025601 70112
0.025608 70112
0.025616 70112
0.025623 70112
0.025631 70112
0.025638 70112
0.025646 70112
0.025653 70112
0.025661 70112
0.025668 70112
0.025676 70112
0.025684 70112
0.025691 70112
0.025699 70112
0.025706 70112
0.025714 70112
0.025721 70112
0.025729 70112
0.025736 70112
0.025744 70112
0.025751 70112
0.025759 70112
0.025766 70112
0.025774 70112
0.025782 70112
0.025789 70112
0.025797 70112
0.025804 70112
0.025812 70112
0.025819 70112
0.025827 70112
0.025834 70112
0.025842 70112
0.025849 70112
0.025857 70112
0.025864 70112
0.025872 70112
0.02588 70112
0.025887 70112
0.025895 70112
0.025902 70112
0.02591 70112
0.025917 70112
0.025925 70112
0.025932 70112
0.02594 70112
0.025947 70112
0.025955 70112
0.025962 70112
0.02597 70112
0.025978 70112
0.025985 70112
0.025993 70112
0.026 70112
0.026008 70112
0.026015 70112
0.026023 70112
0.02603 70112
0.026038 70112
0.026045 70112
0.026053 70112
0.02606 70112
0.026068 70112
0.026076 70112
0.026083 70112
0.026091 70112
0.026098 70112
0.026106 70112
0.026113 70112
0.026121 70112
0.026128 70112
0.026136 70112
0.026143 70112
0.026151 70112
0.026158 70112
0.026166 70112
0.026174 70112
0.026181 70112
0.026189 70112
0.026196 70112
0.026204 70112
0.026211 70112
0.026219 70112
0.026226 70112
0.026234 70112
0.026241 70112
0.026249 70112
0.026256 70112
0.026264 70112
0.026272 70112
0.026279 70112
0.026287 70112
0.026294 70112
0.026302 70112
0.026309 70112
0.026317 70112
0.026324 70112
0.026332 70112
0.026339 70112
0.026347 70112
0.026354 70112
0.026362 70112
0.02637 70112
0.026377 70112
0.026385 70112
1 70112
