7.5385e-06 53782
1.5077e-05 53782
2.2615e-05 53782
3.0154e-05 53781
3.7692e-05 53781
4.5231e-05 53781
5.2769e-05 53781
6.0308e-05 53781
6.7846e-05 53781
7.5385e-05 53781
8.2923e-05 53780
9.0462e-05 53779
9.8e-05 53778
0.00010554 53776
0.00011308 53774
0.00012062 53770
0.00012815 53764
0.00013569 53756
0.00014323 53745
0.00015077 53729
0.00015831 53706
0.00016585 53676
0.00017338 53634
0.00018092 53577
0.00018846 53502
0.000196 53402
0.00020354 53272
0.00021108 53103
0.00021862 52888
0.00022615 52616
0.00023369 52275
0.00024123 51854
0.00024877 51340
0.00025631 50719
0.00026385 49980
0.00027138 49109
0.00027892 48099
0.00028646 46941
0.000294 45634
0.00030154 44178
0.00030908 42579
0.00031662 40850
0.00032415 39008
0.00033169 37074
0.00033923 35074
0.00034677 33036
0.00035431 30990
0.00036185 28965
0.00036938 26988
0.00037692 25085
0.00038446 23275
0.000392 21576
0.00039954 19998
0.00040708 18550
0.00041462 17234
0.00042215 16049
0.00042969 14994
0.00043723 14063
0.00044477 13248
0.00045231 12543
0.00045985 11939
0.00046738 11428
0.00047492 11002
0.00048246 10654
0.00049 10376
0.00049754 10162
0.00050508 10006
0.00051262 9903.4
0.00052015 9848.2
0.00052769 9836.5
0.00053523 9864.4
0.00054277 9928.3
0.00055031 10025
0.00055785 10152
0.00056538 10307
0.00057292 10488
0.00058046 10693
0.000588 10920
0.00059554 11168
0.00060308 11435
0.00061062 11722
0.00061815 12026
0.00062569 12348
0.00063323 12687
0.00064077 13042
0.00064831 13413
0.00065585 13800
0.00066338 14203
0.00067092 14621
0.00067846 15054
0.000686 15502
0.00069354 15965
0.00070108 16443
0.00070862 16935
0.00071615 17442
0.00072369 17962
0.00073123 18496
0.00073877 19044
0.00074631 19604
0.00075385 20177
0.00076138 20761
0.00076892 21357
0.00077646 21964
0.000784 22581
0.00079154 23208
0.00079908 23843
0.00080662 24486
0.00081415 25137
0.00082169 25795
0.00082923 26458
0.00083677 27125
0.00084431 27797
0.00085185 28472
0.00085938 29148
0.00086692 29826
0.00087446 30504
0.000882 31181
0.00088954 31857
0.00089708 32530
0.00090462 33199
0.00091215 33864
0.00091969 34523
0.00092723 35177
0.00093477 35823
0.00094231 36462
0.00094985 37091
0.00095738 37712
0.00096492 38323
0.00097246 38923
0.00098 39512
0.00098754 40089
0.00099508 40654
0.0010026 41206
0.0010102 41745
0.0010177 42271
0.0010252 42783
0.0010328 43281
0.0010403 43765
0.0010478 44234
0.0010554 44689
0.0010629 45129
0.0010705 45554
0.001078 45965
0.0010855 46362
0.0010931 46744
0.0011006 47112
0.0011082 47465
0.0011157 47804
0.0011232 48130
0.0011308 48442
0.0011383 48741
0.0011458 49026
0.0011534 49299
0.0011609 49560
0.0011685 49808
0.001176 50044
0.0011835 50269
0.0011911 50483
0.0011986 50686
0.0012062 50879
0.0012137 51062
0.0012212 51235
0.0012288 51398
0.0012363 51553
0.0012438 51699
0.0012514 51837
0.0012589 51967
0.0012665 52090
0.001274 52205
0.0012815 52314
0.0012891 52416
0.0012966 52512
0.0013042 52601
0.0013117 52686
0.0013192 52765
0.0013268 52838
0.0013343 52908
0.0013418 52972
0.0013494 53032
0.0013569 53089
0.0013645 53141
0.001372 53190
0.0013795 53235
0.0013871 53278
0.0013946 53317
0.0014022 53354
0.0014097 53388
0.0014172 53419
0.0014248 53448
0.0014323 53475
0.0014398 53500
0.0014474 53523
0.0014549 53545
0.0014625 53564
0.00147 53583
0.0014775 53600
0.0014851 53615
0.0014926 53629
0.0015002 53642
0.0015077 53655
0.0015152 53666
0.0015228 53676
0.0015303 53685
0.0015378 53694
0.0015454 53702
0.0015529 53709
0.0015605 53715
0.001568 53722
0.0015755 53727
0.0015831 53732
0.0015906 53737
0.0015982 53741
0.0016057 53745
0.0016132 53748
0.0016208 53751
0.0016283 53754
0.0016358 53757
0.0016434 53759
0.0016509 53761
0.0016585 53763
0.001666 53765
0.0016735 53767
0.0016811 53768
0.0016886 53770
0.0016962 53771
0.0017037 53772
0.0017112 53773
0.0017188 53774
0.0017263 53775
0.0017338 53775
0.0017414 53776
0.0017489 53777
0.0017565 53777
0.001764 53778
0.0017715 53778
0.0017791 53778
0.0017866 53779
0.0017942 53779
0.0018017 53779
0.0018092 53780
0.0018168 53780
0.0018243 53780
0.0018318 53780
0.0018394 53780
0.0018469 53780
0.0018545 53781
0.001862 53781
0.0018695 53781
0.0018771 53781
0.0018846 53781
0.0018922 53781
0.0018997 53781
0.0019072 53781
0.0019148 53781
0.0019223 53781
0.0019298 53781
0.0019374 53781
0.0019449 53781
0.0019525 53781
0.00196 53781
0.0019675 53781
0.0019751 53781
0.0019826 53781
0.0019902 53781
0.0019977 53781
0.0020052 53781
0.0020128 53781
0.0020203 53781
0.0020278 53781
0.0020354 53782
0.0020429 53782
0.0020505 53782
0.002058 53782
0.0020655 53782
0.0020731 53782
0.0020806 53782
0.0020882 53782
0.0020957 53782
0.0021032 53782
0.0021108 53782
0.0021183 53782
0.0021258 53782
0.0021334 53782
0.0021409 53782
0.0021485 53782
0.002156 53782
0.0021635 53782
0.0021711 53782
0.0021786 53782
0.0021862 53782
0.0021937 53782
0.0022012 53782
0.0022088 53782
0.0022163 53782
0.0022238 53782
0.0022314 53782
0.0022389 53782
0.0022465 53782
0.002254 53782
0.0022615 53782
0.0022691 53782
0.0022766 53782
0.0022842 53782
0.0022917 53782
0.0022992 53782
0.0023068 53782
0.0023143 53782
0.0023218 53782
0.0023294 53782
0.0023369 53782
0.0023445 53782
0.002352 53782
0.0023595 53782
0.0023671 53782
0.0023746 53782
0.0023822 53782
0.0023897 53782
0.0023972 53782
0.0024048 53782
0.0024123 53782
0.0024198 53782
0.0024274 53782
0.0024349 53782
0.0024425 53782
0.00245 53782
0.0024575 53782
0.0024651 53782
0.0024726 53782
0.0024802 53782
0.0024877 53782
0.0024952 53782
0.0025028 53782
0.0025103 53782
0.0025178 53782
0.0025254 53782
0.0025329 53782
0.0025405 53782
0.002548 53782
0.0025555 53782
0.0025631 53782
0.0025706 53782
0.0025782 53782
0.0025857 53782
0.0025932 53782
0.0026008 53782
0.0026083 53782
0.0026158 53782
0.0026234 53782
0.0026309 53782
0.0026385 53782
0.002646 53782
0.0026535 53782
0.0026611 53782
0.0026686 53782
0.0026762 53782
0.0026837 53782
0.0026912 53782
0.0026988 53782
0.0027063 53782
0.0027138 53782
0.0027214 53782
0.0027289 53782
0.0027365 53782
0.002744 53782
0.0027515 53782
0.0027591 53782
0.0027666 53782
0.0027742 53782
0.0027817 53782
0.0027892 53782
0.0027968 53782
0.0028043 53782
0.0028118 53782
0.0028194 53782
0.0028269 53782
0.0028345 53782
0.002842 53782
0.0028495 53782
0.0028571 53782
0.0028646 53782
0.0028722 53782
0.0028797 53782
0.0028872 53782
0.0028948 53782
0.0029023 53782
0.0029098 53782
0.0029174 53782
0.0029249 53782
0.0029325 53782
0.00294 53782
0.0029475 53782
0.0029551 53782
0.0029626 53782
0.0029702 53782
0.0029777 53782
0.0029852 53782
0.0029928 53782
0.0030003 53782
0.0030078 53782
0.0030154 53782
0.0030229 53782
0.0030305 53782
0.003038 53782
0.0030455 53782
0.0030531 53782
0.0030606 53782
0.0030682 53782
0.0030757 53782
0.0030832 53782
0.0030908 53782
0.0030983 53782
0.0031058 53782
0.0031134 53782
0.0031209 53782
0.0031285 53782
0.003136 53782
0.0031435 53782
0.0031511 53782
0.0031586 53782
0.0031662 53782
0.0031737 53782
0.0031812 53782
0.0031888 53782
0.0031963 53782
0.0032038 53782
0.0032114 53782
0.0032189 53782
0.0032265 53782
0.003234 53782
0.0032415 53782
0.0032491 53782
0.0032566 53782
0.0032642 53782
0.0032717 53782
0.0032792 53782
0.0032868 53782
0.0032943 53782
0.0033018 53782
0.0033094 53782
0.0033169 53782
0.0033245 53782
0.003332 53782
0.0033395 53782
0.0033471 53782
0.0033546 53782
0.0033622 53782
0.0033697 53782
0.0033772 53782
0.0033848 53782
0.0033923 53782
0.0033998 53782
0.0034074 53782
0.0034149 53782
0.0034225 53782
0.00343 53782
0.0034375 53782
0.0034451 53782
0.0034526 53782
0.0034602 53782
0.0034677 53782
0.0034752 53782
0.0034828 53782
0.0034903 53782
0.0034978 53782
0.0035054 53782
0.0035129 53782
0.0035205 53782
0.003528 53782
0.0035355 53782
0.0035431 53782
0.0035506 53782
0.0035582 53782
0.0035657 53782
0.0035732 53782
0.0035808 53782
0.0035883 53782
0.0035958 53782
0.0036034 53782
0.0036109 53782
0.0036185 53782
0.003626 53782
0.0036335 53782
0.0036411 53782
0.0036486 53782
0.0036562 53782
0.0036637 53782
0.0036712 53782
0.0036788 53782
0.0036863 53782
0.0036938 53782
0.0037014 53782
0.0037089 53782
0.0037165 53782
0.003724 53782
0.0037315 53782
0.0037391 53782
0.0037466 53782
0.0037542 53782
0.0037617 53782
0.0037692 53782
0.0037768 53782
0.0037843 53782
0.0037918 53782
0.0037994 53782
0.0038069 53782
0.0038145 53782
0.003822 53782
0.0038295 53782
0.0038371 53782
0.0038446 53782
0.0038522 53782
0.0038597 53782
0.0038672 53782
0.0038748 53782
0.0038823 53782
0.0038898 53782
0.0038974 53782
0.0039049 53782
0.0039125 53782
0.00392 53782
0.0039275 53782
0.0039351 53782
0.0039426 53782
0.0039502 53782
0.0039577 53782
0.0039652 53782
0.0039728 53782
0.0039803 53782
0.0039878 53782
0.0039954 53782
0.0040029 53782
0.0040105 53782
0.004018 53782
0.0040255 53782
0.0040331 53782
0.0040406 53782
0.0040482 53782
0.0040557 53782
0.0040632 53782
0.0040708 53782
0.0040783 53782
0.0040858 53782
0.0040934 53782
0.0041009 53782
0.0041085 53782
0.004116 53782
0.0041235 53782
0.0041311 53782
0.0041386 53782
0.0041462 53782
0.0041537 53782
0.0041612 53782
0.0041688 53782
0.0041763 53782
0.0041838 53782
0.0041914 53782
0.0041989 53782
0.0042065 53782
0.004214 53782
0.0042215 53782
0.0042291 53782
0.0042366 53782
0.0042442 53782
0.0042517 53782
0.0042592 53782
0.0042668 53782
0.0042743 53782
0.0042818 53782
0.0042894 53782
0.0042969 53782
0.0043045 53782
0.004312 53782
0.0043195 53782
0.0043271 53782
0.0043346 53782
0.0043422 53782
0.0043497 53782
0.0043572 53782
0.0043648 53782
0.0043723 53782
0.0043798 53782
0.0043874 53782
0.0043949 53782
0.0044025 53782
0.00441 53782
0.0044175 53782
0.0044251 53782
0.0044326 53782
0.0044402 53782
0.0044477 53782
0.0044552 53782
0.0044628 53782
0.0044703 53782
0.0044778 53782
0.0044854 53782
0.0044929 53782
0.0045005 53782
0.004508 53782
0.0045155 53782
0.0045231 53782
0.0045306 53782
0.0045382 53782
0.0045457 53782
0.0045532 53782
0.0045608 53782
0.0045683 53782
0.0045758 53782
0.0045834 53782
0.0045909 53782
0.0045985 53782
0.004606 53782
0.0046135 53782
0.0046211 53782
0.0046286 53782
0.0046362 53782
0.0046437 53782
0.0046512 53782
0.0046588 53782
0.0046663 53782
0.0046738 53782
0.0046814 53782
0.0046889 53782
0.0046965 53782
0.004704 53782
0.0047115 53782
0.0047191 53782
0.0047266 53782
0.0047342 53782
0.0047417 53782
0.0047492 53782
0.0047568 53782
0.0047643 53782
0.0047718 53782
0.0047794 53782
0.0047869 53782
0.0047945 53782
0.004802 53782
0.0048095 53782
0.0048171 53782
0.0048246 53782
0.0048322 53782
0.0048397 53782
0.0048472 53782
0.0048548 53782
0.0048623 53782
0.0048698 53782
0.0048774 53782
0.0048849 53782
0.0048925 53782
0.0049 53782
0.0049075 53782
0.0049151 53782
0.0049226 53782
0.0049302 53782
0.0049377 53782
0.0049452 53782
0.0049528 53782
0.0049603 53782
0.0049678 53782
0.0049754 53782
0.0049829 53782
0.0049905 53782
0.004998 53782
0.0050055 53782
0.0050131 53782
0.0050206 53782
0.0050282 53782
0.0050357 53782
0.0050432 53782
0.0050508 53782
0.0050583 53782
0.0050658 53782
0.0050734 53782
0.0050809 53782
0.0050885 53782
0.005096 53782
0.0051035 53782
0.0051111 53782
0.0051186 53782
0.0051262 53782
0.0051337 53782
0.0051412 53782
0.0051488 53782
0.0051563 53782
0.0051638 53782
0.0051714 53782
0.0051789 53782
0.0051865 53782
0.005194 53782
0.0052015 53782
0.0052091 53782
0.0052166 53782
0.0052242 53782
0.0052317 53782
0.0052392 53782
0.0052468 53782
0.0052543 53782
0.0052618 53782
0.0052694 53782
0.0052769 53782
0.0052845 53782
0.005292 53782
0.0052995 53782
0.0053071 53782
0.0053146 53782
0.0053222 53782
0.0053297 53782
0.0053372 53782
0.0053448 53782
0.0053523 53782
0.0053598 53782
0.0053674 53782
0.0053749 53782
0.0053825 53782
0.00539 53782
0.0053975 53782
0.0054051 53782
0.0054126 53782
0.0054202 53782
0.0054277 53782
0.0054352 53782
0.0054428 53782
0.0054503 53782
0.0054578 53782
0.0054654 53782
0.0054729 53782
0.0054805 53782
0.005488 53782
0.0054955 53782
0.0055031 53782
0.0055106 53782
0.0055182 53782
0.0055257 53782
0.0055332 53782
0.0055408 53782
0.0055483 53782
0.0055558 53782
0.0055634 53782
0.0055709 53782
0.0055785 53782
0.005586 53782
0.0055935 53782
0.0056011 53782
0.0056086 53782
0.0056162 53782
0.0056237 53782
0.0056312 53782
0.0056388 53782
0.0056463 53782
0.0056538 53782
0.0056614 53782
0.0056689 53782
0.0056765 53782
0.005684 53782
0.0056915 53782
0.0056991 53782
0.0057066 53782
0.0057142 53782
0.0057217 53782
0.0057292 53782
0.0057368 53782
0.0057443 53782
0.0057518 53782
0.0057594 53782
0.0057669 53782
0.0057745 53782
0.005782 53782
0.0057895 53782
0.0057971 53782
0.0058046 53782
0.0058122 53782
0.0058197 53782
0.0058272 53782
0.0058348 53782
0.0058423 53782
0.0058498 53782
0.0058574 53782
0.0058649 53782
0.0058725 53782
0.00588 53782
0.0058875 53782
0.0058951 53782
0.0059026 53782
0.0059102 53782
0.0059177 53782
0.0059252 53782
0.0059328 53782
0.0059403 53782
0.0059478 53782
0.0059554 53782
0.0059629 53782
0.0059705 53782
0.005978 53782
0.0059855 53782
0.0059931 53782
0.0060006 53782
0.0060082 53782
0.0060157 53782
0.0060232 53782
0.0060308 53782
0.0060383 53782
0.0060458 53782
0.0060534 53782
0.0060609 53782
0.0060685 53782
0.006076 53782
0.0060835 53782
0.0060911 53782
0.0060986 53782
0.0061062 53782
0.0061137 53782
0.0061212 53782
0.0061288 53782
0.0061363 53782
0.0061438 53782
0.0061514 53782
0.0061589 53782
0.0061665 53782
0.006174 53782
0.0061815 53782
0.0061891 53782
0.0061966 53782
0.0062042 53782
0.0062117 53782
0.0062192 53782
0.0062268 53782
0.0062343 53782
0.0062418 53782
0.0062494 53782
0.0062569 53782
0.0062645 53782
0.006272 53782
0.0062795 53782
0.0062871 53782
0.0062946 53782
0.0063022 53782
0.0063097 53782
0.0063172 53782
0.0063248 53782
0.0063323 53782
0.0063398 53782
0.0063474 53782
0.0063549 53782
0.0063625 53782
0.00637 53782
0.0063775 53782
0.0063851 53782
0.0063926 53782
0.0064002 53782
0.0064077 53782
0.0064152 53782
0.0064228 53782
0.0064303 53782
0.0064378 53782
0.0064454 53782
0.0064529 53782
0.0064605 53782
0.006468 53782
0.0064755 53782
0.0064831 53782
0.0064906 53782
0.0064982 53782
0.0065057 53782
0.0065132 53782
0.0065208 53782
0.0065283 53782
0.0065358 53782
0.0065434 53782
0.0065509 53782
0.0065585 53782
0.006566 53782
0.0065735 53782
0.0065811 53782
0.0065886 53782
0.0065962 53782
0.0066037 53782
0.0066112 53782
0.0066188 53782
0.0066263 53782
0.0066338 53782
0.0066414 53782
0.0066489 53782
0.0066565 53782
0.006664 53782
0.0066715 53782
0.0066791 53782
0.0066866 53782
0.0066942 53782
0.0067017 53782
0.0067092 53782
0.0067168 53782
0.0067243 53782
0.0067318 53782
0.0067394 53782
0.0067469 53782
0.0067545 53782
0.006762 53782
0.0067695 53782
0.0067771 53782
0.0067846 53782
0.0067922 53782
0.0067997 53782
0.0068072 53782
0.0068148 53782
0.0068223 53782
0.0068298 53782
0.0068374 53782
0.0068449 53782
0.0068525 53782
0.00686 53782
0.0068675 53782
0.0068751 53782
0.0068826 53782
0.0068902 53782
0.0068977 53782
0.0069052 53782
0.0069128 53782
0.0069203 53782
0.0069278 53782
0.0069354 53782
0.0069429 53782
0.0069505 53782
0.006958 53782
0.0069655 53782
0.0069731 53782
0.0069806 53782
0.0069882 53782
0.0069957 53782
0.0070032 53782
0.0070108 53782
0.0070183 53782
0.0070258 53782
0.0070334 53782
0.0070409 53782
0.0070485 53782
0.007056 53782
0.0070635 53782
0.0070711 53782
0.0070786 53782
0.0070862 53782
0.0070937 53782
0.0071012 53782
0.0071088 53782
0.0071163 53782
0.0071238 53782
0.0071314 53782
0.0071389 53782
0.0071465 53782
0.007154 53782
0.0071615 53782
0.0071691 53782
0.0071766 53782
0.0071842 53782
0.0071917 53782
0.0071992 53782
0.0072068 53782
0.0072143 53782
0.0072218 53782
0.0072294 53782
0.0072369 53782
0.0072445 53782
0.007252 53782
0.0072595 53782
0.0072671 53782
0.0072746 53782
0.0072822 53782
0.0072897 53782
0.0072972 53782
0.0073048 53782
0.0073123 53782
0.0073198 53782
0.0073274 53782
0.0073349 53782
0.0073425 53782
0.00735 53782
0.0073575 53782
0.0073651 53782
0.0073726 53782
0.0073802 53782
0.0073877 53782
0.0073952 53782
0.0074028 53782
0.0074103 53782
0.0074178 53782
0.0074254 53782
0.0074329 53782
0.0074405 53782
0.007448 53782
0.0074555 53782
0.0074631 53782
0.0074706 53782
0.0074782 53782
0.0074857 53782
0.0074932 53782
0.0075008 53782
0.0075083 53782
0.0075158 53782
0.0075234 53782
0.0075309 53782
0.0075385 53782
0.007546 53782
0.0075535 53782
0.0075611 53782
0.0075686 53782
0.0075762 53782
0.0075837 53782
0.0075912 53782
0.0075988 53782
0.0076063 53782
0.0076138 53782
0.0076214 53782
0.0076289 53782
0.0076365 53782
0.007644 53782
0.0076515 53782
0.0076591 53782
0.0076666 53782
0.0076742 53782
0.0076817 53782
0.0076892 53782
0.0076968 53782
0.0077043 53782
0.0077118 53782
0.0077194 53782
0.0077269 53782
0.0077345 53782
0.007742 53782
0.0077495 53782
0.0077571 53782
0.0077646 53782
0.0077722 53782
0.0077797 53782
0.0077872 53782
0.0077948 53782
0.0078023 53782
0.0078098 53782
0.0078174 53782
0.0078249 53782
0.0078325 53782
0.00784 53782
0.0078475 53782
0.0078551 53782
0.0078626 53782
0.0078702 53782
0.0078777 53782
0.0078852 53782
0.0078928 53782
0.0079003 53782
0.0079078 53782
0.0079154 53782
0.0079229 53782
0.0079305 53782
0.007938 53782
0.0079455 53782
0.0079531 53782
0.0079606 53782
0.0079682 53782
0.0079757 53782
0.0079832 53782
0.0079908 53782
0.0079983 53782
0.0080058 53782
0.0080134 53782
0.0080209 53782
0.0080285 53782
0.008036 53782
0.0080435 53782
0.0080511 53782
0.0080586 53782
0.0080662 53782
0.0080737 53782
0.0080812 53782
0.0080888 53782
0.0080963 53782
0.0081038 53782
0.0081114 53782
0.0081189 53782
0.0081265 53782
0.008134 53782
0.0081415 53782
0.0081491 53782
0.0081566 53782
0.0081642 53782
0.0081717 53782
0.0081792 53782
0.0081868 53782
0.0081943 53782
0.0082018 53782
0.0082094 53782
0.0082169 53782
0.0082245 53782
0.008232 53782
0.0082395 53782
0.0082471 53782
0.0082546 53782
0.0082622 53782
0.0082697 53782
0.0082772 53782
0.0082848 53782
0.0082923 53782
0.0082998 53782
0.0083074 53782
0.0083149 53782
0.0083225 53782
0.00833 53782
0.0083375 53782
0.0083451 53782
0.0083526 53782
0.0083602 53782
0.0083677 53782
0.0083752 53782
0.0083828 53782
0.0083903 53782
0.0083978 53782
0.0084054 53782
0.0084129 53782
0.0084205 53782
0.008428 53782
0.0084355 53782
0.0084431 53782
0.0084506 53782
0.0084582 53782
0.0084657 53782
0.0084732 53782
0.0084808 53782
0.0084883 53782
0.0084958 53782
0.0085034 53782
0.0085109 53782
0.0085185 53782
0.008526 53782
0.0085335 53782
0.0085411 53782
0.0085486 53782
0.0085562 53782
0.0085637 53782
0.0085712 53782
0.0085788 53782
0.0085863 53782
0.0085938 53782
0.0086014 53782
0.0086089 53782
0.0086165 53782
0.008624 53782
0.0086315 53782
0.0086391 53782
0.0086466 53782
0.0086542 53782
0.0086617 53782
0.0086692 53782
0.0086768 53782
0.0086843 53782
0.0086918 53782
0.0086994 53782
0.0087069 53782
0.0087145 53782
0.008722 53782
0.0087295 53782
0.0087371 53782
0.0087446 53782
0.0087522 53782
0.0087597 53782
0.0087672 53782
0.0087748 53782
0.0087823 53782
0.0087898 53782
0.0087974 53782
0.0088049 53782
0.0088125 53782
0.00882 53782
0.0088275 53782
0.0088351 53782
0.0088426 53782
0.0088502 53782
0.0088577 53782
0.0088652 53782
0.0088728 53782
0.0088803 53782
0.0088878 53782
0.0088954 53782
0.0089029 53782
0.0089105 53782
0.008918 53782
0.0089255 53782
0.0089331 53782
0.0089406 53782
0.0089482 53782
0.0089557 53782
0.0089632 53782
0.0089708 53782
0.0089783 53782
0.0089858 53782
0.0089934 53782
0.0090009 53782
0.0090085 53782
0.009016 53782
0.0090235 53782
0.0090311 53782
0.0090386 53782
0.0090462 53782
0.0090537 53782
0.0090612 53782
0.0090688 53782
0.0090763 53782
0.0090838 53782
0.0090914 53782
0.0090989 53782
0.0091065 53782
0.009114 53782
0.0091215 53782
0.0091291 53782
0.0091366 53782
0.0091442 53782
0.0091517 53782
0.0091592 53782
0.0091668 53782
0.0091743 53782
0.0091818 53782
0.0091894 53782
0.0091969 53782
0.0092045 53782
0.009212 53782
0.0092195 53782
0.0092271 53782
0.0092346 53782
0.0092422 53782
0.0092497 53782
0.0092572 53782
0.0092648 53782
0.0092723 53782
0.0092798 53782
0.0092874 53782
0.0092949 53782
0.0093025 53782
0.00931 53782
0.0093175 53782
0.0093251 53782
0.0093326 53782
0.0093402 53782
0.0093477 53782
0.0093552 53782
0.0093628 53782
0.0093703 53782
0.0093778 53782
0.0093854 53782
0.0093929 53782
0.0094005 53782
0.009408 53782
0.0094155 53782
0.0094231 53782
0.0094306 53782
0.0094382 53782
0.0094457 53782
0.0094532 53782
0.0094608 53782
0.0094683 53782
0.0094758 53782
0.0094834 53782
0.0094909 53782
0.0094985 53782
0.009506 53782
0.0095135 53782
0.0095211 53782
0.0095286 53782
0.0095362 53782
0.0095437 53782
0.0095512 53782
0.0095588 53782
0.0095663 53782
0.0095738 53782
0.0095814 53782
0.0095889 53782
0.0095965 53782
0.009604 53782
0.0096115 53782
0.0096191 53782
0.0096266 53782
0.0096342 53782
0.0096417 53782
0.0096492 53782
0.0096568 53782
0.0096643 53782
0.0096718 53782
0.0096794 53782
0.0096869 53782
0.0096945 53782
0.009702 53782
0.0097095 53782
0.0097171 53782
0.0097246 53782
0.0097322 53782
0.0097397 53782
0.0097472 53782
0.0097548 53782
0.0097623 53782
0.0097698 53782
0.0097774 53782
0.0097849 53782
0.0097925 53782
0.0098 53782
0.0098075 53782
0.0098151 53782
0.0098226 53782
0.0098302 53782
0.0098377 53782
0.0098452 53782
0.0098528 53782
0.0098603 53782
0.0098678 53782
0.0098754 53782
0.0098829 53782
0.0098905 53782
0.009898 53782
0.0099055 53782
0.0099131 53782
0.0099206 53782
0.0099282 53782
0.0099357 53782
0.0099432 53782
0.0099508 53782
0.0099583 53782
0.0099658 53782
0.0099734 53782
0.0099809 53782
0.0099885 53782
0.009996 53782
0.010004 53782
0.010011 53782
0.010019 53782
0.010026 53782
0.010034 53782
0.010041 53782
0.010049 53782
0.010056 53782
0.010064 53782
0.010071 53782
0.010079 53782
0.010086 53782
0.010094 53782
0.010102 53782
0.010109 53782
0.010117 53782
0.010124 53782
0.010132 53782
0.010139 53782
0.010147 53782
0.010154 53782
0.010162 53782
0.010169 53782
0.010177 53782
0.010184 53782
0.010192 53782
0.0102 53782
0.010207 53782
0.010215 53782
0.010222 53782
0.01023 53782
0.010237 53782
0.010245 53782
0.010252 53782
0.01026 53782
0.010267 53782
0.010275 53782
0.010282 53782
0.01029 53782
0.010298 53782
0.010305 53782
0.010313 53782
0.01032 53782
0.010328 53782
0.010335 53782
0.010343 53782
0.01035 53782
0.010358 53782
0.010365 53782
0.010373 53782
0.01038 53782
0.010388 53782
0.010396 53782
0.010403 53782
0.010411 53782
0.010418 53782
0.010426 53782
0.010433 53782
0.010441 53782
0.010448 53782
0.010456 53782
0.010463 53782
0.010471 53782
0.010478 53782
0.010486 53782
0.010494 53782
0.010501 53782
0.010509 53782
0.010516 53782
0.010524 53782
0.010531 53782
0.010539 53782
0.010546 53782
0.010554 53782
0.010561 53782
0.010569 53782
0.010576 53782
0.010584 53782
0.010592 53782
0.010599 53782
0.010607 53782
0.010614 53782
0.010622 53782
0.010629 53782
0.010637 53782
0.010644 53782
0.010652 53782
0.010659 53782
0.010667 53782
0.010674 53782
0.010682 53782
0.01069 53782
0.010697 53782
0.010705 53782
0.010712 53782
0.01072 53782
0.010727 53782
0.010735 53782
0.010742 53782
0.01075 53782
0.010757 53782
0.010765 53782
0.010772 53782
0.01078 53782
0.010788 53782
0.010795 53782
0.010803 53782
0.01081 53782
0.010818 53782
0.010825 53782
0.010833 53782
0.01084 53782
0.010848 53782
0.010855 53782
0.010863 53782
0.01087 53782
0.010878 53782
0.010886 53782
0.010893 53782
0.010901 53782
0.010908 53782
0.010916 53782
0.010923 53782
0.010931 53782
0.010938 53782
0.010946 53782
0.010953 53782
0.010961 53782
0.010968 53782
0.010976 53782
0.010984 53782
0.010991 53782
0.010999 53782
0.011006 53782
0.011014 53782
0.011021 53782
0.011029 53782
0.011036 53782
0.011044 53782
0.011051 53782
0.011059 53782
0.011066 53782
0.011074 53782
0.011082 53782
0.011089 53782
0.011097 53782
0.011104 53782
0.011112 53782
0.011119 53782
0.011127 53782
0.011134 53782
0.011142 53782
0.011149 53782
0.011157 53782
0.011164 53782
0.011172 53782
0.01118 53782
0.011187 53782
0.011195 53782
0.011202 53782
0.01121 53782
0.011217 53782
0.011225 53782
0.011232 53782
0.01124 53782
0.011247 53782
0.011255 53782
0.011262 53782
0.01127 53782
0.011278 53782
0.011285 53782
0.011293 53782
0.0113 53782
0.011308 53782
0.011315 53782
0.011323 53782
0.01133 53782
0.011338 53782
0.011345 53782
0.011353 53782
0.01136 53782
0.011368 53782
0.011376 53782
0.011383 53782
0.011391 53782
0.011398 53782
0.011406 53782
0.011413 53782
0.011421 53782
0.011428 53782
0.011436 53782
0.011443 53782
0.011451 53782
0.011458 53782
0.011466 53782
0.011474 53782
0.011481 53782
0.011489 53782
0.011496 53782
0.011504 53782
0.011511 53782
0.011519 53782
0.011526 53782
0.011534 53782
0.011541 53782
0.011549 53782
0.011556 53782
0.011564 53782
0.011572 53782
0.011579 53782
0.011587 53782
0.011594 53782
0.011602 53782
0.011609 53782
0.011617 53782
0.011624 53782
0.011632 53782
0.011639 53782
0.011647 53782
0.011654 53782
0.011662 53782
0.01167 53782
0.011677 53782
0.011685 53782
0.011692 53782
0.0117 53782
0.011707 53782
0.011715 53782
0.011722 53782
0.01173 53782
0.011737 53782
0.011745 53782
0.011752 53782
0.01176 53782
0.011768 53782
0.011775 53782
0.011783 53782
0.01179 53782
0.011798 53782
0.011805 53782
0.011813 53782
0.01182 53782
0.011828 53782
0.011835 53782
0.011843 53782
0.01185 53782
0.011858 53782
0.011866 53782
0.011873 53782
0.011881 53782
0.011888 53782
0.011896 53782
0.011903 53782
0.011911 53782
0.011918 53782
0.011926 53782
0.011933 53782
0.011941 53782
0.011948 53782
0.011956 53782
0.011964 53782
0.011971 53782
0.011979 53782
0.011986 53782
0.011994 53782
0.012001 53782
0.012009 53782
0.012016 53782
0.012024 53782
0.012031 53782
0.012039 53782
0.012046 53782
0.012054 53782
0.012062 53782
0.012069 53782
0.012077 53782
0.012084 53782
0.012092 53782
0.012099 53782
0.012107 53782
0.012114 53782
0.012122 53782
0.012129 53782
0.012137 53782
0.012144 53782
0.012152 53782
0.01216 53782
0.012167 53782
0.012175 53782
0.012182 53782
0.01219 53782
0.012197 53782
0.012205 53782
0.012212 53782
0.01222 53782
0.012227 53782
0.012235 53782
0.012242 53782
0.01225 53782
0.012258 53782
0.012265 53782
0.012273 53782
0.01228 53782
0.012288 53782
0.012295 53782
0.012303 53782
0.01231 53782
0.012318 53782
0.012325 53782
0.012333 53782
0.01234 53782
0.012348 53782
0.012356 53782
0.012363 53782
0.012371 53782
0.012378 53782
0.012386 53782
0.012393 53782
0.012401 53782
0.012408 53782
0.012416 53782
0.012423 53782
0.012431 53782
0.012438 53782
0.012446 53782
0.012454 53782
0.012461 53782
0.012469 53782
0.012476 53782
0.012484 53782
0.012491 53782
0.012499 53782
0.012506 53782
0.012514 53782
0.012521 53782
0.012529 53782
0.012536 53782
0.012544 53782
0.012552 53782
0.012559 53782
0.012567 53782
0.012574 53782
0.012582 53782
0.012589 53782
0.012597 53782
0.012604 53782
0.012612 53782
0.012619 53782
0.012627 53782
0.012634 53782
0.012642 53782
0.01265 53782
0.012657 53782
0.012665 53782
0.012672 53782
0.01268 53782
0.012687 53782
0.012695 53782
0.012702 53782
0.01271 53782
0.012717 53782
0.012725 53782
0.012732 53782
0.01274 53782
0.012748 53782
0.012755 53782
0.012763 53782
0.01277 53782
0.012778 53782
0.012785 53782
0.012793 53782
0.0128 53782
0.012808 53782
0.012815 53782
0.012823 53782
0.01283 53782
0.012838 53782
0.012846 53782
0.012853 53782
0.012861 53782
0.012868 53782
0.012876 53782
0.012883 53782
0.012891 53782
0.012898 53782
0.012906 53782
0.012913 53782
0.012921 53782
0.012928 53782
0.012936 53782
0.012944 53782
0.012951 53782
0.012959 53782
0.012966 53782
0.012974 53782
0.012981 53782
0.012989 53782
0.012996 53782
0.013004 53782
0.013011 53782
0.013019 53782
0.013026 53782
0.013034 53782
0.013042 53782
0.013049 53782
0.013057 53782
0.013064 53782
0.013072 53782
0.013079 53782
0.013087 53782
0.013094 53782
0.013102 53782
0.013109 53782
0.013117 53782
0.013124 53782
0.013132 53782
0.01314 53782
0.013147 53782
0.013155 53782
0.013162 53782
0.01317 53782
0.013177 53782
0.013185 53782
0.013192 53782
0.0132 53782
0.013207 53782
0.013215 53782
0.013222 53782
0.01323 53782
0.013238 53782
0.013245 53782
0.013253 53782
0.01326 53782
0.013268 53782
0.013275 53782
0.013283 53782
0.01329 53782
0.013298 53782
0.013305 53782
0.013313 53782
0.01332 53782
0.013328 53782
0.013336 53782
0.013343 53782
0.013351 53782
0.013358 53782
0.013366 53782
0.013373 53782
0.013381 53782
0.013388 53782
0.013396 53782
0.013403 53782
0.013411 53782
0.013418 53782
0.013426 53782
0.013434 53782
0.013441 53782
0.013449 53782
0.013456 53782
0.013464 53782
0.013471 53782
0.013479 53782
0.013486 53782
0.013494 53782
0.013501 53782
0.013509 53782
0.013516 53782
0.013524 53782
0.013532 53782
0.013539 53782
0.013547 53782
0.013554 53782
0.013562 53782
0.013569 53782
0.013577 53782
0.013584 53782
0.013592 53782
0.013599 53782
0.013607 53782
0.013614 53782
0.013622 53782
0.01363 53782
0.013637 53782
0.013645 53782
0.013652 53782
0.01366 53782
0.013667 53782
0.013675 53782
0.013682 53782
0.01369 53782
0.013697 53782
0.013705 53782
0.013712 53782
0.01372 53782
0.013728 53782
0.013735 53782
0.013743 53782
0.01375 53782
0.013758 53782
0.013765 53782
0.013773 53782
0.01378 53782
0.013788 53782
0.013795 53782
0.013803 53782
0.01381 53782
0.013818 53782
0.013826 53782
0.013833 53782
0.013841 53782
0.013848 53782
0.013856 53782
0.013863 53782
0.013871 53782
0.013878 53782
0.013886 53782
0.013893 53782
0.013901 53782
0.013908 53782
0.013916 53782
0.013924 53782
0.013931 53782
0.013939 53782
0.013946 53782
0.013954 53782
0.013961 53782
0.013969 53782
0.013976 53782
0.013984 53782
0.013991 53782
0.013999 53782
0.014006 53782
0.014014 53782
0.014022 53782
0.014029 53782
0.014037 53782
0.014044 53782
0.014052 53782
0.014059 53782
0.014067 53782
0.014074 53782
0.014082 53782
0.014089 53782
0.014097 53782
0.014104 53782
0.014112 53782
0.01412 53782
0.014127 53782
0.014135 53782
0.014142 53782
0.01415 53782
0.014157 53782
0.014165 53782
0.014172 53782
0.01418 53782
0.014187 53782
0.014195 53782
0.014202 53782
0.01421 53782
0.014218 53782
0.014225 53782
0.014233 53782
0.01424 53782
0.014248 53782
0.014255 53782
0.014263 53782
0.01427 53782
0.014278 53782
0.014285 53782
0.014293 53782
0.0143 53782
0.014308 53782
0.014316 53782
0.014323 53782
0.014331 53782
0.014338 53782
0.014346 53782
0.014353 53782
0.014361 53782
0.014368 53782
0.014376 53782
0.014383 53782
0.014391 53782
0.014398 53782
0.014406 53782
0.014414 53782
0.014421 53782
0.014429 53782
0.014436 53782
0.014444 53782
0.014451 53782
0.014459 53782
0.014466 53782
0.014474 53782
0.014481 53782
0.014489 53782
0.014496 53782
0.014504 53782
0.014512 53782
0.014519 53782
0.014527 53782
0.014534 53782
0.014542 53782
0.014549 53782
0.014557 53782
0.014564 53782
0.014572 53782
0.014579 53782
0.014587 53782
0.014594 53782
0.014602 53782
0.01461 53782
0.014617 53782
0.014625 53782
0.014632 53782
0.01464 53782
0.014647 53782
0.014655 53782
0.014662 53782
0.01467 53782
0.014677 53782
0.014685 53782
0.014692 53782
0.0147 53782
0.014708 53782
0.014715 53782
0.014723 53782
0.01473 53782
0.014738 53782
0.014745 53782
0.014753 53782
0.01476 53782
0.014768 53782
0.014775 53782
0.014783 53782
0.01479 53782
0.014798 53782
0.014806 53782
0.014813 53782
0.014821 53782
0.014828 53782
0.014836 53782
0.014843 53782
0.014851 53782
0.014858 53782
0.014866 53782
0.014873 53782
0.014881 53782
0.014888 53782
0.014896 53782
0.014904 53782
0.014911 53782
0.014919 53782
0.014926 53782
0.014934 53782
0.014941 53782
0.014949 53782
0.014956 53782
0.014964 53782
0.014971 53782
0.014979 53782
0.014986 53782
0.014994 53782
0.015002 53782
0.015009 53782
0.015017 53782
0.015024 53782
0.015032 53782
0.015039 53782
0.015047 53782
0.015054 53782
0.015062 53782
0.015069 53782
0.015077 53782
0.015084 53782
0.015092 53782
0.0151 53782
0.015107 53782
0.015115 53782
0.015122 53782
0.01513 53782
0.015137 53782
0.015145 53782
0.015152 53782
0.01516 53782
0.015167 53782
0.015175 53782
0.015182 53782
0.01519 53782
0.015198 53782
0.015205 53782
0.015213 53782
0.01522 53782
0.015228 53782
0.015235 53782
0.015243 53782
0.01525 53782
0.015258 53782
0.015265 53782
0.015273 53782
0.01528 53782
0.015288 53782
0.015296 53782
0.015303 53782
0.015311 53782
0.015318 53782
0.015326 53782
0.015333 53782
0.015341 53782
0.015348 53782
0.015356 53782
0.015363 53782
0.015371 53782
0.015378 53782
0.015386 53782
0.015394 53782
0.015401 53782
0.015409 53782
0.015416 53782
0.015424 53782
0.015431 53782
0.015439 53782
0.015446 53782
0.015454 53782
0.015461 53782
0.015469 53782
0.015476 53782
0.015484 53782
0.015492 53782
0.015499 53782
0.015507 53782
0.015514 53782
0.015522 53782
0.015529 53782
0.015537 53782
0.015544 53782
0.015552 53782
0.015559 53782
0.015567 53782
0.015574 53782
0.015582 53782
0.01559 53782
0.015597 53782
0.015605 53782
0.015612 53782
0.01562 53782
0.015627 53782
0.015635 53782
0.015642 53782
0.01565 53782
0.015657 53782
0.015665 53782
0.015672 53782
0.01568 53782
0.015688 53782
0.015695 53782
0.015703 53782
0.01571 53782
0.015718 53782
0.015725 53782
0.015733 53782
0.01574 53782
0.015748 53782
0.015755 53782
0.015763 53782
0.01577 53782
0.015778 53782
0.015786 53782
0.015793 53782
0.015801 53782
0.015808 53782
0.015816 53782
0.015823 53782
0.015831 53782
0.015838 53782
0.015846 53782
0.015853 53782
0.015861 53782
0.015868 53782
0.015876 53782
0.015884 53782
0.015891 53782
0.015899 53782
0.015906 53782
0.015914 53782
0.015921 53782
0.015929 53782
0.015936 53782
0.015944 53782
0.015951 53782
0.015959 53782
0.015966 53782
0.015974 53782
0.015982 53782
0.015989 53782
0.015997 53782
0.016004 53782
0.016012 53782
0.016019 53782
0.016027 53782
0.016034 53782
0.016042 53782
0.016049 53782
0.016057 53782
0.016064 53782
0.016072 53782
0.01608 53782
0.016087 53782
0.016095 53782
0.016102 53782
0.01611 53782
0.016117 53782
0.016125 53782
0.016132 53782
0.01614 53782
0.016147 53782
0.016155 53782
0.016162 53782
0.01617 53782
0.016178 53782
0.016185 53782
0.016193 53782
0.0162 53782
0.016208 53782
0.016215 53782
0.016223 53782
0.01623 53782
0.016238 53782
0.016245 53782
0.016253 53782
0.01626 53782
0.016268 53782
0.016276 53782
0.016283 53782
0.016291 53782
0.016298 53782
0.016306 53782
0.016313 53782
0.016321 53782
0.016328 53782
0.016336 53782
0.016343 53782
0.016351 53782
0.016358 53782
0.016366 53782
0.016374 53782
0.016381 53782
0.016389 53782
0.016396 53782
0.016404 53782
0.016411 53782
0.016419 53782
0.016426 53782
0.016434 53782
0.016441 53782
0.016449 53782
0.016456 53782
0.016464 53782
0.016472 53782
0.016479 53782
0.016487 53782
0.016494 53782
0.016502 53782
0.016509 53782
0.016517 53782
0.016524 53782
0.016532 53782
0.016539 53782
0.016547 53782
0.016554 53782
0.016562 53782
0.01657 53782
0.016577 53782
0.016585 53782
0.016592 53782
0.0166 53782
0.016607 53782
0.016615 53782
0.016622 53782
0.01663 53782
0.016637 53782
0.016645 53782
0.016652 53782
0.01666 53782
0.016668 53782
0.016675 53782
0.016683 53782
0.01669 53782
0.016698 53782
0.016705 53782
0.016713 53782
0.01672 53782
0.016728 53782
0.016735 53782
0.016743 53782
0.01675 53782
0.016758 53782
0.016766 53782
0.016773 53782
0.016781 53782
0.016788 53782
0.016796 53782
0.016803 53782
0.016811 53782
0.016818 53782
0.016826 53782
0.016833 53782
0.016841 53782
0.016848 53782
0.016856 53782
0.016864 53782
0.016871 53782
0.016879 53782
0.016886 53782
0.016894 53782
0.016901 53782
0.016909 53782
0.016916 53782
0.016924 53782
0.016931 53782
0.016939 53782
0.016946 53782
0.016954 53782
0.016962 53782
0.016969 53782
0.016977 53782
0.016984 53782
0.016992 53782
0.016999 53782
0.017007 53782
0.017014 53782
0.017022 53782
0.017029 53782
0.017037 53782
0.017044 53782
0.017052 53782
0.01706 53782
0.017067 53782
0.017075 53782
0.017082 53782
0.01709 53782
0.017097 53782
0.017105 53782
0.017112 53782
0.01712 53782
0.017127 53782
0.017135 53782
0.017142 53782
0.01715 53782
0.017158 53782
0.017165 53782
0.017173 53782
0.01718 53782
0.017188 53782
0.017195 53782
0.017203 53782
0.01721 53782
0.017218 53782
0.017225 53782
0.017233 53782
0.01724 53782
0.017248 53782
0.017256 53782
0.017263 53782
0.017271 53782
0.017278 53782
0.017286 53782
0.017293 53782
0.017301 53782
0.017308 53782
0.017316 53782
0.017323 53782
0.017331 53782
0.017338 53782
0.017346 53782
0.017354 53782
0.017361 53782
0.017369 53782
0.017376 53782
0.017384 53782
0.017391 53782
0.017399 53782
0.017406 53782
0.017414 53782
0.017421 53782
0.017429 53782
0.017436 53782
0.017444 53782
0.017452 53782
0.017459 53782
0.017467 53782
0.017474 53782
0.017482 53782
0.017489 53782
0.017497 53782
0.017504 53782
0.017512 53782
0.017519 53782
0.017527 53782
0.017534 53782
0.017542 53782
0.01755 53782
0.017557 53782
0.017565 53782
0.017572 53782
0.01758 53782
0.017587 53782
0.017595 53782
0.017602 53782
0.01761 53782
0.017617 53782
0.017625 53782
0.017632 53782
0.01764 53782
0.017648 53782
0.017655 53782
0.017663 53782
0.01767 53782
0.017678 53782
0.017685 53782
0.017693 53782
0.0177 53782
0.017708 53782
0.017715 53782
0.017723 53782
0.01773 53782
0.017738 53782
0.017746 53782
0.017753 53782
0.017761 53782
0.017768 53782
0.017776 53782
0.017783 53782
0.017791 53782
0.017798 53782
0.017806 53782
0.017813 53782
0.017821 53782
0.017828 53782
0.017836 53782
0.017844 53782
0.017851 53782
0.017859 53782
0.017866 53782
0.017874 53782
0.017881 53782
0.017889 53782
0.017896 53782
0.017904 53782
0.017911 53782
0.017919 53782
0.017926 53782
0.017934 53782
0.017942 53782
0.017949 53782
0.017957 53782
0.017964 53782
0.017972 53782
0.017979 53782
0.017987 53782
0.017994 53782
0.018002 53782
0.018009 53782
0.018017 53782
0.018024 53782
0.018032 53782
0.01804 53782
0.018047 53782
0.018055 53782
0.018062 53782
0.01807 53782
0.018077 53782
0.018085 53782
0.018092 53782
0.0181 53782
0.018107 53782
0.018115 53782
0.018122 53782
0.01813 53782
0.018138 53782
0.018145 53782
0.018153 53782
0.01816 53782
0.018168 53782
0.018175 53782
0.018183 53782
0.01819 53782
0.018198 53782
0.018205 53782
0.018213 53782
0.01822 53782
0.018228 53782
0.018236 53782
0.018243 53782
0.018251 53782
0.018258 53782
0.018266 53782
0.018273 53782
0.018281 53782
0.018288 53782
0.018296 53782
0.018303 53782
0.018311 53782
0.018318 53782
0.018326 53782
0.018334 53782
0.018341 53782
0.018349 53782
0.018356 53782
0.018364 53782
0.018371 53782
0.018379 53782
0.018386 53782
0.018394 53782
0.018401 53782
0.018409 53782
0.018416 53782
0.018424 53782
0.018432 53782
0.018439 53782
0.018447 53782
0.018454 53782
0.018462 53782
0.018469 53782
0.018477 53782
0.018484 53782
0.018492 53782
0.018499 53782
0.018507 53782
0.018514 53782
0.018522 53782
0.01853 53782
0.018537 53782
0.018545 53782
0.018552 53782
0.01856 53782
0.018567 53782
0.018575 53782
0.018582 53782
0.01859 53782
0.018597 53782
0.018605 53782
0.018612 53782
0.01862 53782
0.018628 53782
0.018635 53782
0.018643 53782
0.01865 53782
0.018658 53782
0.018665 53782
0.018673 53782
0.01868 53782
0.018688 53782
0.018695 53782
0.018703 53782
0.01871 53782
0.018718 53782
0.018726 53782
0.018733 53782
0.018741 53782
0.018748 53782
0.018756 53782
0.018763 53782
0.018771 53782
0.018778 53782
0.018786 53782
0.018793 53782
0.018801 53782
0.018808 53782
0.018816 53782
0.018824 53782
0.018831 53782
0.018839 53782
0.018846 53782
0.018854 53782
0.018861 53782
0.018869 53782
0.018876 53782
0.018884 53782
0.018891 53782
0.018899 53782
0.018906 53782
0.018914 53782
0.018922 53782
0.018929 53782
0.018937 53782
0.018944 53782
0.018952 53782
0.018959 53782
0.018967 53782
0.018974 53782
0.018982 53782
0.018989 53782
0.018997 53782
0.019004 53782
0.019012 53782
0.01902 53782
0.019027 53782
0.019035 53782
0.019042 53782
0.01905 53782
0.019057 53782
0.019065 53782
0.019072 53782
0.01908 53782
0.019087 53782
0.019095 53782
0.019102 53782
0.01911 53782
0.019118 53782
0.019125 53782
0.019133 53782
0.01914 53782
0.019148 53782
0.019155 53782
0.019163 53782
0.01917 53782
0.019178 53782
0.019185 53782
0.019193 53782
0.0192 53782
0.019208 53782
0.019216 53782
0.019223 53782
0.019231 53782
0.019238 53782
0.019246 53782
0.019253 53782
0.019261 53782
0.019268 53782
0.019276 53782
0.019283 53782
0.019291 53782
0.019298 53782
0.019306 53782
0.019314 53782
0.019321 53782
0.019329 53782
0.019336 53782
0.019344 53782
0.019351 53782
0.019359 53782
0.019366 53782
0.019374 53782
0.019381 53782
0.019389 53782
0.019396 53782
0.019404 53782
0.019412 53782
0.019419 53782
0.019427 53782
0.019434 53782
0.019442 53782
0.019449 53782
0.019457 53782
0.019464 53782
0.019472 53782
0.019479 53782
0.019487 53782
0.019494 53782
0.019502 53782
0.01951 53782
0.019517 53782
0.019525 53782
0.019532 53782
0.01954 53782
0.019547 53782
0.019555 53782
0.019562 53782
0.01957 53782
0.019577 53782
0.019585 53782
0.019592 53782
0.0196 53782
0.019608 53782
0.019615 53782
0.019623 53782
0.01963 53782
0.019638 53782
0.019645 53782
0.019653 53782
0.01966 53782
0.019668 53782
0.019675 53782
0.019683 53782
0.01969 53782
0.019698 53782
0.019706 53782
0.019713 53782
0.019721 53782
0.019728 53782
0.019736 53782
0.019743 53782
0.019751 53782
0.019758 53782
0.019766 53782
0.019773 53782
0.019781 53782
0.019788 53782
0.019796 53782
0.019804 53782
0.019811 53782
0.019819 53782
0.019826 53782
0.019834 53782
0.019841 53782
0.019849 53782
0.019856 53782
0.019864 53782
0.019871 53782
0.019879 53782
0.019886 53782
0.019894 53782
0.019902 53782
0.019909 53782
0.019917 53782
0.019924 53782
0.019932 53782
0.019939 53782
0.019947 53782
0.019954 53782
0.019962 53782
0.019969 53782
0.019977 53782
0.019984 53782
0.019992 53782
0.02 53782
0.020007 53782
0.020015 53782
0.020022 53782
0.02003 53782
0.020037 53782
0.020045 53782
0.020052 53782
0.02006 53782
0.020067 53782
0.020075 53782
0.020082 53782
0.02009 53782
0.020098 53782
0.020105 53782
0.020113 53782
0.02012 53782
0.020128 53782
0.020135 53782
0.020143 53782
0.02015 53782
0.020158 53782
0.020165 53782
0.020173 53782
0.02018 53782
0.020188 53782
0.020196 53782
0.020203 53782
0.020211 53782
0.020218 53782
0.020226 53782
0.020233 53782
0.020241 53782
0.020248 53782
0.020256 53782
0.020263 53782
0.020271 53782
0.020278 53782
0.020286 53782
0.020294 53782
0.020301 53782
0.020309 53782
0.020316 53782
0.020324 53782
0.020331 53782
0.020339 53782
0.020346 53782
0.020354 53782
0.020361 53782
0.020369 53782
0.020376 53782
0.020384 53782
0.020392 53782
0.020399 53782
0.020407 53782
0.020414 53782
0.020422 53782
0.020429 53782
0.020437 53782
0.020444 53782
0.020452 53782
0.020459 53782
0.020467 53782
0.020474 53782
0.020482 53782
0.02049 53782
0.020497 53782
0.020505 53782
0.020512 53782
0.02052 53782
0.020527 53782
0.020535 53782
0.020542 53782
0.02055 53782
0.020557 53782
0.020565 53782
0.020572 53782
0.02058 53782
0.020588 53782
0.020595 53782
0.020603 53782
0.02061 53782
0.020618 53782
0.020625 53782
0.020633 53782
0.02064 53782
0.020648 53782
0.020655 53782
0.020663 53782
0.02067 53782
0.020678 53782
0.020686 53782
0.020693 53782
0.020701 53782
0.020708 53782
0.020716 53782
0.020723 53782
0.020731 53782
0.020738 53782
0.020746 53782
0.020753 53782
0.020761 53782
0.020768 53782
0.020776 53782
0.020784 53782
0.020791 53782
0.020799 53782
0.020806 53782
0.020814 53782
0.020821 53782
0.020829 53782
0.020836 53782
0.020844 53782
0.020851 53782
0.020859 53782
0.020866 53782
0.020874 53782
0.020882 53782
0.020889 53782
0.020897 53782
0.020904 53782
0.020912 53782
0.020919 53782
0.020927 53782
0.020934 53782
0.020942 53782
0.020949 53782
0.020957 53782
0.020964 53782
0.020972 53782
0.02098 53782
0.020987 53782
0.020995 53782
0.021002 53782
0.02101 53782
0.021017 53782
0.021025 53782
0.021032 53782
0.02104 53782
0.021047 53782
0.021055 53782
0.021062 53782
0.02107 53782
0.021078 53782
0.021085 53782
0.021093 53782
0.0211 53782
0.021108 53782
0.021115 53782
0.021123 53782
0.02113 53782
0.021138 53782
0.021145 53782
0.021153 53782
0.02116 53782
0.021168 53782
0.021176 53782
0.021183 53782
0.021191 53782
0.021198 53782
0.021206 53782
0.021213 53782
0.021221 53782
0.021228 53782
0.021236 53782
0.021243 53782
0.021251 53782
0.021258 53782
0.021266 53782
0.021274 53782
0.021281 53782
0.021289 53782
0.021296 53782
0.021304 53782
0.021311 53782
0.021319 53782
0.021326 53782
0.021334 53782
0.021341 53782
0.021349 53782
0.021356 53782
0.021364 53782
0.021372 53782
0.021379 53782
0.021387 53782
0.021394 53782
0.021402 53782
0.021409 53782
0.021417 53782
0.021424 53782
0.021432 53782
0.021439 53782
0.021447 53782
0.021454 53782
0.021462 53782
0.02147 53782
0.021477 53782
0.021485 53782
0.021492 53782
0.0215 53782
0.021507 53782
0.021515 53782
0.021522 53782
0.02153 53782
0.021537 53782
0.021545 53782
0.021552 53782
0.02156 53782
0.021568 53782
0.021575 53782
0.021583 53782
0.02159 53782
0.021598 53782
0.021605 53782
0.021613 53782
0.02162 53782
0.021628 53782
0.021635 53782
0.021643 53782
0.02165 53782
0.021658 53782
0.021666 53782
0.021673 53782
0.021681 53782
0.021688 53782
0.021696 53782
0.021703 53782
0.021711 53782
0.021718 53782
0.021726 53782
0.021733 53782
0.021741 53782
0.021748 53782
0.021756 53782
0.021764 53782
0.021771 53782
0.021779 53782
0.021786 53782
0.021794 53782
0.021801 53782
0.021809 53782
0.021816 53782
0.021824 53782
0.021831 53782
0.021839 53782
0.021846 53782
0.021854 53782
0.021862 53782
0.021869 53782
0.021877 53782
0.021884 53782
0.021892 53782
0.021899 53782
0.021907 53782
0.021914 53782
0.021922 53782
0.021929 53782
0.021937 53782
0.021944 53782
0.021952 53782
0.02196 53782
0.021967 53782
0.021975 53782
0.021982 53782
0.02199 53782
0.021997 53782
0.022005 53782
0.022012 53782
0.02202 53782
0.022027 53782
0.022035 53782
0.022042 53782
0.02205 53782
0.022058 53782
0.022065 53782
0.022073 53782
0.02208 53782
0.022088 53782
0.022095 53782
0.022103 53782
0.02211 53782
0.022118 53782
0.022125 53782
0.022133 53782
0.02214 53782
0.022148 53782
0.022156 53782
0.022163 53782
0.022171 53782
0.022178 53782
0.022186 53782
0.022193 53782
0.022201 53782
0.022208 53782
0.022216 53782
0.022223 53782
0.022231 53782
0.022238 53782
0.022246 53782
0.022254 53782
0.022261 53782
0.022269 53782
0.022276 53782
0.022284 53782
0.022291 53782
0.022299 53782
0.022306 53782
0.022314 53782
0.022321 53782
0.022329 53782
0.022336 53782
0.022344 53782
0.022352 53782
0.022359 53782
0.022367 53782
0.022374 53782
0.022382 53782
0.022389 53782
0.022397 53782
0.022404 53782
0.022412 53782
0.022419 53782
0.022427 53782
0.022434 53782
0.022442 53782
0.02245 53782
0.022457 53782
0.022465 53782
0.022472 53782
0.02248 53782
0.022487 53782
0.022495 53782
0.022502 53782
0.02251 53782
0.022517 53782
0.022525 53782
0.022532 53782
0.02254 53782
0.022548 53782
0.022555 53782
0.022563 53782
0.02257 53782
0.022578 53782
0.022585 53782
0.022593 53782
0.0226 53782
0.022608 53782
0.022615 53782
0.022623 53782
0.02263 53782
0.022638 53782
0.022646 53782
0.022653 53782
0.022661 53782
0.022668 53782
0.022676 53782
0.022683 53782
0.022691 53782
0.022698 53782
0.022706 53782
0.022713 53782
0.022721 53782
0.022728 53782
0.022736 53782
0.022744 53782
0.022751 53782
0.022759 53782
0.022766 53782
0.022774 53782
0.022781 53782
0.022789 53782
0.022796 53782
0.022804 53782
0.022811 53782
0.022819 53782
0.022826 53782
0.022834 53782
0.022842 53782
0.022849 53782
0.022857 53782
0.022864 53782
0.022872 53782
0.022879 53782
0.022887 53782
0.022894 53782
0.022902 53782
0.022909 53782
0.022917 53782
0.022924 53782
0.022932 53782
0.02294 53782
0.022947 53782
0.022955 53782
0.022962 53782
0.02297 53782
0.022977 53782
0.022985 53782
0.022992 53782
0.023 53782
0.023007 53782
0.023015 53782
0.023022 53782
0.02303 53782
0.023038 53782
0.023045 53782
0.023053 53782
0.02306 53782
0.023068 53782
0.023075 53782
0.023083 53782
0.02309 53782
0.023098 53782
0.023105 53782
0.023113 53782
0.02312 53782
0.023128 53782
0.023136 53782
0.023143 53782
0.023151 53782
0.023158 53782
0.023166 53782
0.023173 53782
0.023181 53782
0.023188 53782
0.023196 53782
0.023203 53782
0.023211 53782
0.023218 53782
0.023226 53782
0.023234 53782
0.023241 53782
0.023249 53782
0.023256 53782
0.023264 53782
0.023271 53782
0.023279 53782
0.023286 53782
0.023294 53782
0.023301 53782
0.023309 53782
0.023316 53782
0.023324 53782
0.023332 53782
0.023339 53782
0.023347 53782
0.023354 53782
0.023362 53782
0.023369 53782
0.023377 53782
0.023384 53782
0.023392 53782
0.023399 53782
0.023407 53782
0.023414 53782
0.023422 53782
0.02343 53782
0.023437 53782
0.023445 53782
0.023452 53782
0.02346 53782
0.023467 53782
0.023475 53782
0.023482 53782
0.02349 53782
0.023497 53782
0.023505 53782
0.023512 53782
0.02352 53782
0.023528 53782
0.023535 53782
0.023543 53782
0.02355 53782
0.023558 53782
0.023565 53782
0.023573 53782
0.02358 53782
0.023588 53782
0.023595 53782
0.023603 53782
0.02361 53782
0.023618 53782
0.023626 53782
0.023633 53782
0.023641 53782
0.023648 53782
0.023656 53782
0.023663 53782
0.023671 53782
0.023678 53782
0.023686 53782
0.023693 53782
0.023701 53782
0.023708 53782
0.023716 53782
0.023724 53782
0.023731 53782
0.023739 53782
0.023746 53782
0.023754 53782
0.023761 53782
0.023769 53782
0.023776 53782
0.023784 53782
0.023791 53782
0.023799 53782
0.023806 53782
0.023814 53782
0.023822 53782
0.023829 53782
0.023837 53782
0.023844 53782
0.023852 53782
0.023859 53782
0.023867 53782
0.023874 53782
0.023882 53782
0.023889 53782
0.023897 53782
0.023904 53782
0.023912 53782
0.02392 53782
0.023927 53782
0.023935 53782
0.023942 53782
0.02395 53782
0.023957 53782
0.023965 53782
0.023972 53782
0.02398 53782
0.023987 53782
0.023995 53782
0.024002 53782
0.02401 53782
0.024018 53782
0.024025 53782
0.024033 53782
0.02404 53782
0.024048 53782
0.024055 53782
0.024063 53782
0.02407 53782
0.024078 53782
0.024085 53782
0.024093 53782
0.0241 53782
0.024108 53782
0.024116 53782
0.024123 53782
0.024131 53782
0.024138 53782
0.024146 53782
0.024153 53782
0.024161 53782
0.024168 53782
0.024176 53782
0.024183 53782
0.024191 53782
0.024198 53782
0.024206 53782
0.024214 53782
0.024221 53782
0.024229 53782
0.024236 53782
0.024244 53782
0.024251 53782
0.024259 53782
0.024266 53782
0.024274 53782
0.024281 53782
0.024289 53782
0.024296 53782
0.024304 53782
0.024312 53782
0.024319 53782
0.024327 53782
0.024334 53782
0.024342 53782
0.024349 53782
0.024357 53782
0.024364 53782
0.024372 53782
0.024379 53782
0.024387 53782
0.024394 53782
0.024402 53782
0.02441 53782
0.024417 53782
0.024425 53782
0.024432 53782
0.02444 53782
0.024447 53782
0.024455 53782
0.024462 53782
0.02447 53782
0.024477 53782
0.024485 53782
0.024492 53782
0.0245 53782
0.024508 53782
0.024515 53782
0.024523 53782
0.02453 53782
0.024538 53782
0.024545 53782
0.024553 53782
0.02456 53782
0.024568 53782
0.024575 53782
0.024583 53782
0.02459 53782
0.024598 53782
0.024606 53782
0.024613 53782
0.024621 53782
0.024628 53782
0.024636 53782
0.024643 53782
0.024651 53782
0.024658 53782
0.024666 53782
0.024673 53782
0.024681 53782
0.024688 53782
0.024696 53782
0.024704 53782
0.024711 53782
0.024719 53782
0.024726 53782
0.024734 53782
0.024741 53782
0.024749 53782
0.024756 53782
0.024764 53782
0.024771 53782
0.024779 53782
0.024786 53782
0.024794 53782
0.024802 53782
0.024809 53782
0.024817 53782
0.024824 53782
0.024832 53782
0.024839 53782
0.024847 53782
0.024854 53782
0.024862 53782
0.024869 53782
0.024877 53782
0.024884 53782
0.024892 53782
0.0249 53782
0.024907 53782
0.024915 53782
0.024922 53782
0.02493 53782
0.024937 53782
0.024945 53782
0.024952 53782
0.02496 53782
0.024967 53782
0.024975 53782
0.024982 53782
0.02499 53782
0.024998 53782
0.025005 53782
0.025013 53782
0.02502 53782
0.025028 53782
0.025035 53782
0.025043 53782
0.02505 53782
0.025058 53782
0.025065 53782
0.025073 53782
0.02508 53782
0.025088 53782
0.025096 53782
0.025103 53782
0.025111 53782
0.025118 53782
0.025126 53782
0.025133 53782
0.025141 53782
0.025148 53782
0.025156 53782
0.025163 53782
0.025171 53782
0.025178 53782
0.025186 53782
0.025194 53782
0.025201 53782
0.025209 53782
0.025216 53782
0.025224 53782
0.025231 53782
0.025239 53782
0.025246 53782
0.025254 53782
0.025261 53782
0.025269 53782
0.025276 53782
0.025284 53782
0.025292 53782
0.025299 53782
0.025307 53782
0.025314 53782
0.025322 53782
0.025329 53782
0.025337 53782
0.025344 53782
0.025352 53782
0.025359 53782
0.025367 53782
0.025374 53782
0.025382 53782
0.02539 53782
0.025397 53782
0.025405 53782
0.025412 53782
0.02542 53782
0.025427 53782
0.025435 53782
0.025442 53782
0.02545 53782
0.025457 53782
0.025465 53782
0.025472 53782
0.02548 53782
0.025488 53782
0.025495 53782
0.025503 53782
0.02551 53782
0.025518 53782
0.025525 53782
0.025533 53782
0.02554 53782
0.025548 53782
0.025555 53782
0.025563 53782
0.02557 53782
0.025578 53782
0.025586 53782
0.025593 53782
0.025601 53782
0.025608 53782
0.025616 53782
0.025623 53782
0.025631 53782
0.025638 53782
0.025646 53782
0.025653 53782
0.025661 53782
0.025668 53782
0.025676 53782
0.025684 53782
0.025691 53782
0.025699 53782
0.025706 53782
0.025714 53782
0.025721 53782
0.025729 53782
0.025736 53782
0.025744 53782
0.025751 53782
0.025759 53782
0.025766 53782
0.025774 53782
0.025782 53782
0.025789 53782
0.025797 53782
0.025804 53782
0.025812 53782
0.025819 53782
0.025827 53782
0.025834 53782
0.025842 53782
0.025849 53782
0.025857 53782
0.025864 53782
0.025872 53782
0.02588 53782
0.025887 53782
0.025895 53782
0.025902 53782
0.02591 53782
0.025917 53782
0.025925 53782
0.025932 53782
0.02594 53782
0.025947 53782
0.025955 53782
0.025962 53782
0.02597 53782
0.025978 53782
0.025985 53782
0.025993 53782
0.026 53782
0.026008 53782
0.026015 53782
0.026023 53782
0.02603 53782
0.026038 53782
0.026045 53782
0.026053 53782
0.02606 53782
0.026068 53782
0.026076 53782
0.026083 53782
0.026091 53782
0.026098 53782
0.026106 53782
0.026113 53782
0.026121 53782
0.026128 53782
0.026136 53782
0.026143 53782
0.026151 53782
0.026158 53782
0.026166 53782
0.026174 53782
0.026181 53782
0.026189 53782
0.026196 53782
0.026204 53782
0.026211 53782
0.026219 53782
0.026226 53782
0.026234 53782
0.026241 53782
0.026249 53782
0.026256 53782
0.026264 53782
0.026272 53782
0.026279 53782
0.026287 53782
0.026294 53782
0.026302 53782
0.026309 53782
0.026317 53782
0.026324 53782
0.026332 53782
0.026339 53782
0.026347 53782
0.026354 53782
0.026362 53782
0.02637 53782
0.026377 53782
0.026385 53782
1 53782
