8e-06 114.9
1.6e-05 114.9
2.4e-05 114.9
3.2e-05 114.9
4e-05 114.9
4.8e-05 114.9
5.6e-05 114.9
6.4e-05 114.9
7.2e-05 114.9
8e-05 114.9
8.8e-05 114.91
9.6e-05 114.91
0.000104 114.92
0.000112 114.93
0.00012 114.94
0.000128 114.96
0.000136 115
0.000144 115.04
0.000152 115.11
0.00016 115.2
0.000168 115.33
0.000176 115.51
0.000184 115.75
0.000192 116.08
0.0002 116.52
0.000208 117.11
0.000216 117.88
0.000224 118.88
0.000232 120.19
0.00024 121.87
0.000248 124.01
0.000256 126.74
0.000264 130.18
0.000272 134.5
0.00028 139.92
0.000288 146.68
0.000296 155.11
0.000304 165.61
0.000312 178.67
0.00032 194.94
0.000328 215.24
0.000336 240.61
0.000344 272.38
0.000352 312.27
0.00036 362.46
0.000368 425.72
0.000376 505.54
0.000384 606.22
0.000392 733.04
0.0004 892.27
0.000408 1091.2
0.000416 1337.8
0.000424 1640.6
0.000432 2008
0.00044 2447.1
0.000448 2963.1
0.000456 3557.3
0.000464 4226.6
0.000472 4961.8
0.00048 5747.7
0.000488 6563.1
0.000496 7381.8
0.000504 8175.1
0.000512 8913.2
0.00052 9569
0.000528 10120
0.000536 10548
0.000544 10846
0.000552 11010
0.00056 11045
0.000568 10961
0.000576 10773
0.000584 10495
0.000592 10145
0.0006 9740.4
0.000608 9295.8
0.000616 8825.3
0.000624 8341
0.000632 7852.8
0.00064 7368.5
0.000648 6894.5
0.000656 6435.4
0.000664 5994.4
0.000672 5573.9
0.00068 5175.3
0.000688 4799.3
0.000696 4446.1
0.000704 4115.4
0.000712 3806.8
0.00072 3519.5
0.000728 3252.6
0.000736 3005.2
0.000744 2776.2
0.000752 2564.6
0.00076 2369.3
0.000768 2189.3
0.000776 2023.6
0.000784 1871
0.000792 1730.8
0.0008 1601.9
0.000808 1483.5
0.000816 1374.9
0.000824 1275.2
0.000832 1183.7
0.00084 1099.7
0.000848 1022.7
0.000856 952.07
0.000864 887.26
0.000872 827.79
0.00088 773.22
0.000888 723.12
0.000896 677.11
0.000904 634.85
0.000912 596.01
0.00092 560.31
0.000928 527.46
0.000936 497.24
0.000944 469.4
0.000952 443.76
0.00096 420.12
0.000968 398.32
0.000976 378.2
0.000984 359.61
0.000992 342.44
0.001 326.56
0.001008 311.87
0.001016 298.26
0.001024 285.66
0.001032 273.98
0.00104 263.14
0.001048 253.08
0.001056 243.74
0.001064 235.06
0.001072 226.99
0.00108 219.48
0.001088 212.5
0.001096 205.99
0.001104 199.93
0.001112 194.28
0.00112 189.01
0.001128 184.1
0.001136 179.51
0.001144 175.23
0.001152 171.23
0.00116 167.5
0.001168 164.01
0.001176 160.74
0.001184 157.7
0.001192 154.84
0.0012 152.18
0.001208 149.69
0.001216 147.35
0.001224 145.17
0.001232 143.13
0.00124 141.22
0.001248 139.44
0.001256 137.77
0.001264 136.2
0.001272 134.74
0.00128 133.37
0.001288 132.09
0.001296 130.9
0.001304 129.78
0.001312 128.74
0.00132 127.76
0.001328 126.85
0.001336 126
0.001344 125.2
0.001352 124.46
0.00136 123.77
0.001368 123.12
0.001376 122.52
0.001384 121.96
0.001392 121.43
0.0014 120.95
0.001408 120.49
0.001416 120.07
0.001424 119.68
0.001432 119.31
0.00144 118.97
0.001448 118.66
0.001456 118.36
0.001464 118.09
0.001472 117.84
0.00148 117.61
0.001488 117.39
0.001496 117.19
0.001504 117.01
0.001512 116.83
0.00152 116.67
0.001528 116.53
0.001536 116.39
0.001544 116.27
0.001552 116.15
0.00156 116.05
0.001568 115.95
0.001576 115.86
0.001584 115.78
0.001592 115.7
0.0016 115.63
0.001608 115.57
0.001616 115.51
0.001624 115.45
0.001632 115.4
0.00164 115.36
0.001648 115.32
0.001656 115.28
0.001664 115.24
0.001672 115.21
0.00168 115.18
0.001688 115.16
0.001696 115.13
0.001704 115.11
0.001712 115.09
0.00172 115.07
0.001728 115.05
0.001736 115.04
0.001744 115.03
0.001752 115.01
0.00176 115
0.001768 114.99
0.001776 114.98
0.001784 114.97
0.001792 114.97
0.0018 114.96
0.001808 114.95
0.001816 114.95
0.001824 114.94
0.001832 114.94
0.00184 114.93
0.001848 114.93
0.001856 114.93
0.001864 114.92
0.001872 114.92
0.00188 114.92
0.001888 114.92
0.001896 114.91
0.001904 114.91
0.001912 114.91
0.00192 114.91
0.001928 114.91
0.001936 114.91
0.001944 114.91
0.001952 114.9
0.00196 114.9
0.001968 114.9
0.001976 114.9
0.001984 114.9
0.001992 114.9
0.002 114.9
0.002008 114.9
0.002016 114.9
0.002024 114.9
0.002032 114.9
0.00204 114.9
0.002048 114.9
0.002056 114.9
0.002064 114.9
0.002072 114.9
0.00208 114.9
0.002088 114.9
0.002096 114.9
0.002104 114.9
0.002112 114.9
0.00212 114.9
0.002128 114.9
0.002136 114.9
0.002144 114.9
0.002152 114.9
0.00216 114.9
0.002168 114.9
0.002176 114.9
0.002184 114.9
0.002192 114.9
0.0022 114.9
0.002208 114.9
0.002216 114.9
0.002224 114.9
0.002232 114.9
0.00224 114.9
0.002248 114.9
0.002256 114.9
0.002264 114.9
0.002272 114.9
0.00228 114.9
0.002288 114.9
0.002296 114.9
0.002304 114.9
0.002312 114.9
0.00232 114.9
0.002328 114.9
0.002336 114.9
0.002344 114.9
0.002352 114.9
0.00236 114.9
0.002368 114.9
0.002376 114.9
0.002384 114.9
0.002392 114.9
0.0024 114.9
0.002408 114.9
0.002416 114.9
0.002424 114.9
0.002432 114.9
0.00244 114.9
0.002448 114.9
0.002456 114.9
0.002464 114.9
0.002472 114.9
0.00248 114.9
0.002488 114.9
0.002496 114.9
0.002504 114.9
0.002512 114.9
0.00252 114.9
0.002528 114.9
0.002536 114.9
0.002544 114.9
0.002552 114.9
0.00256 114.9
0.002568 114.9
0.002576 114.9
0.002584 114.9
0.002592 114.9
0.0026 114.9
0.002608 114.9
0.002616 114.9
0.002624 114.9
0.002632 114.9
0.00264 114.9
0.002648 114.9
0.002656 114.9
0.002664 114.9
0.002672 114.9
0.00268 114.9
0.002688 114.9
0.002696 114.9
0.002704 114.9
0.002712 114.9
0.00272 114.9
0.002728 114.9
0.002736 114.9
0.002744 114.9
0.002752 114.9
0.00276 114.9
0.002768 114.9
0.002776 114.9
0.002784 114.9
0.002792 114.9
0.0028 114.9
0.002808 114.9
0.002816 114.9
0.002824 114.9
0.002832 114.9
0.00284 114.9
0.002848 114.9
0.002856 114.9
0.002864 114.9
0.002872 114.9
0.00288 114.9
0.002888 114.9
0.002896 114.9
0.002904 114.9
0.002912 114.9
0.00292 114.9
0.002928 114.9
0.002936 114.9
0.002944 114.9
0.002952 114.9
0.00296 114.9
0.002968 114.9
0.002976 114.9
0.002984 114.9
0.002992 114.9
0.003 114.9
0.003008 114.9
0.003016 114.9
0.003024 114.9
0.003032 114.9
0.00304 114.9
0.003048 114.9
0.003056 114.9
0.003064 114.9
0.003072 114.9
0.00308 114.9
0.003088 114.9
0.003096 114.9
0.003104 114.9
0.003112 114.9
0.00312 114.9
0.003128 114.9
0.003136 114.9
0.003144 114.9
0.003152 114.9
0.00316 114.9
0.003168 114.9
0.003176 114.9
0.003184 114.9
0.003192 114.9
0.0032 114.9
0.003208 114.9
0.003216 114.9
0.003224 114.9
0.003232 114.9
0.00324 114.9
0.003248 114.9
0.003256 114.9
0.003264 114.9
0.003272 114.9
0.00328 114.9
0.003288 114.9
0.003296 114.9
0.003304 114.9
0.003312 114.9
0.00332 114.9
0.003328 114.9
0.003336 114.9
0.003344 114.9
0.003352 114.9
0.00336 114.9
0.003368 114.9
0.003376 114.9
0.003384 114.9
0.003392 114.9
0.0034 114.9
0.003408 114.9
0.003416 114.9
0.003424 114.9
0.003432 114.9
0.00344 114.9
0.003448 114.9
0.003456 114.9
0.003464 114.9
0.003472 114.9
0.00348 114.9
0.003488 114.9
0.003496 114.9
0.003504 114.9
0.003512 114.9
0.00352 114.9
0.003528 114.9
0.003536 114.9
0.003544 114.9
0.003552 114.9
0.00356 114.9
0.003568 114.9
0.003576 114.9
0.003584 114.9
0.003592 114.9
0.0036 114.9
0.003608 114.9
0.003616 114.9
0.003624 114.9
0.003632 114.9
0.00364 114.9
0.003648 114.9
0.003656 114.9
0.003664 114.9
0.003672 114.9
0.00368 114.9
0.003688 114.9
0.003696 114.9
0.003704 114.9
0.003712 114.9
0.00372 114.9
0.003728 114.9
0.003736 114.9
0.003744 114.9
0.003752 114.9
0.00376 114.9
0.003768 114.9
0.003776 114.9
0.003784 114.9
0.003792 114.9
0.0038 114.9
0.003808 114.9
0.003816 114.9
0.003824 114.9
0.003832 114.9
0.00384 114.9
0.003848 114.9
0.003856 114.9
0.003864 114.9
0.003872 114.9
0.00388 114.9
0.003888 114.9
0.003896 114.9
0.003904 114.9
0.003912 114.9
0.00392 114.9
0.003928 114.9
0.003936 114.9
0.003944 114.9
0.003952 114.9
0.00396 114.9
0.003968 114.9
0.003976 114.9
0.003984 114.9
0.003992 114.9
0.004 114.9
0.004008 114.9
0.004016 114.9
0.004024 114.9
0.004032 114.9
0.00404 114.9
0.004048 114.9
0.004056 114.9
0.004064 114.9
0.004072 114.9
0.00408 114.9
0.004088 114.9
0.004096 114.9
0.004104 114.9
0.004112 114.9
0.00412 114.9
0.004128 114.9
0.004136 114.9
0.004144 114.9
0.004152 114.9
0.00416 114.9
0.004168 114.9
0.004176 114.9
0.004184 114.9
0.004192 114.9
0.0042 114.9
0.004208 114.9
0.004216 114.9
0.004224 114.9
0.004232 114.9
0.00424 114.9
0.004248 114.9
0.004256 114.9
0.004264 114.9
0.004272 114.9
0.00428 114.9
0.004288 114.9
0.004296 114.9
0.004304 114.9
0.004312 114.9
0.00432 114.9
0.004328 114.9
0.004336 114.9
0.004344 114.9
0.004352 114.9
0.00436 114.9
0.004368 114.9
0.004376 114.9
0.004384 114.9
0.004392 114.9
0.0044 114.9
0.004408 114.9
0.004416 114.9
0.004424 114.9
0.004432 114.9
0.00444 114.9
0.004448 114.9
0.004456 114.9
0.004464 114.9
0.004472 114.9
0.00448 114.9
0.004488 114.9
0.004496 114.9
0.004504 114.9
0.004512 114.9
0.00452 114.9
0.004528 114.9
0.004536 114.9
0.004544 114.9
0.004552 114.9
0.00456 114.9
0.004568 114.9
0.004576 114.9
0.004584 114.9
0.004592 114.9
0.0046 114.9
0.004608 114.9
0.004616 114.9
0.004624 114.9
0.004632 114.9
0.00464 114.9
0.004648 114.9
0.004656 114.9
0.004664 114.9
0.004672 114.9
0.00468 114.9
0.004688 114.9
0.004696 114.9
0.004704 114.9
0.004712 114.9
0.00472 114.9
0.004728 114.9
0.004736 114.9
0.004744 114.9
0.004752 114.9
0.00476 114.9
0.004768 114.9
0.004776 114.9
0.004784 114.9
0.004792 114.9
0.0048 114.9
0.004808 114.9
0.004816 114.9
0.004824 114.9
0.004832 114.9
0.00484 114.9
0.004848 114.9
0.004856 114.9
0.004864 114.9
0.004872 114.9
0.00488 114.9
0.004888 114.9
0.004896 114.9
0.004904 114.9
0.004912 114.9
0.00492 114.9
0.004928 114.9
0.004936 114.9
0.004944 114.9
0.004952 114.9
0.00496 114.9
0.004968 114.9
0.004976 114.9
0.004984 114.9
0.004992 114.9
0.005 114.9
0.005008 114.9
0.005016 114.9
0.005024 114.9
0.005032 114.9
0.00504 114.9
0.005048 114.9
0.005056 114.9
0.005064 114.9
0.005072 114.9
0.00508 114.9
0.005088 114.9
0.005096 114.9
0.005104 114.9
0.005112 114.9
0.00512 114.9
0.005128 114.9
0.005136 114.9
0.005144 114.9
0.005152 114.9
0.00516 114.9
0.005168 114.9
0.005176 114.9
0.005184 114.9
0.005192 114.9
0.0052 114.9
0.005208 114.9
0.005216 114.9
0.005224 114.9
0.005232 114.9
0.00524 114.9
0.005248 114.9
0.005256 114.9
0.005264 114.9
0.005272 114.9
0.00528 114.9
0.005288 114.9
0.005296 114.9
0.005304 114.9
0.005312 114.9
0.00532 114.9
0.005328 114.9
0.005336 114.9
0.005344 114.9
0.005352 114.9
0.00536 114.9
0.005368 114.9
0.005376 114.9
0.005384 114.9
0.005392 114.9
0.0054 114.9
0.005408 114.9
0.005416 114.9
0.005424 114.9
0.005432 114.9
0.00544 114.9
0.005448 114.9
0.005456 114.9
0.005464 114.9
0.005472 114.9
0.00548 114.9
0.005488 114.9
0.005496 114.9
0.005504 114.9
0.005512 114.9
0.00552 114.9
0.005528 114.9
0.005536 114.9
0.005544 114.9
0.005552 114.9
0.00556 114.9
0.005568 114.9
0.005576 114.9
0.005584 114.9
0.005592 114.9
0.0056 114.9
0.005608 114.9
0.005616 114.9
0.005624 114.9
0.005632 114.9
0.00564 114.9
0.005648 114.9
0.005656 114.9
0.005664 114.9
0.005672 114.9
0.00568 114.9
0.005688 114.9
0.005696 114.9
0.005704 114.9
0.005712 114.9
0.00572 114.9
0.005728 114.9
0.005736 114.9
0.005744 114.9
0.005752 114.9
0.00576 114.9
0.005768 114.9
0.005776 114.9
0.005784 114.9
0.005792 114.9
0.0058 114.9
0.005808 114.9
0.005816 114.9
0.005824 114.9
0.005832 114.9
0.00584 114.9
0.005848 114.9
0.005856 114.9
0.005864 114.9
0.005872 114.9
0.00588 114.9
0.005888 114.9
0.005896 114.9
0.005904 114.9
0.005912 114.9
0.00592 114.9
0.005928 114.9
0.005936 114.9
0.005944 114.9
0.005952 114.9
0.00596 114.9
0.005968 114.9
0.005976 114.9
0.005984 114.9
0.005992 114.9
0.006 114.9
0.006008 114.9
0.006016 114.9
0.006024 114.9
0.006032 114.9
0.00604 114.9
0.006048 114.9
0.006056 114.9
0.006064 114.9
0.006072 114.9
0.00608 114.9
0.006088 114.9
0.006096 114.9
0.006104 114.9
0.006112 114.9
0.00612 114.9
0.006128 114.9
0.006136 114.9
0.006144 114.9
0.006152 114.9
0.00616 114.9
0.006168 114.9
0.006176 114.9
0.006184 114.9
0.006192 114.9
0.0062 114.9
0.006208 114.9
0.006216 114.9
0.006224 114.9
0.006232 114.9
0.00624 114.9
0.006248 114.9
0.006256 114.9
0.006264 114.9
0.006272 114.9
0.00628 114.9
0.006288 114.9
0.006296 114.9
0.006304 114.9
0.006312 114.9
0.00632 114.9
0.006328 114.9
0.006336 114.9
0.006344 114.9
0.006352 114.9
0.00636 114.9
0.006368 114.9
0.006376 114.9
0.006384 114.9
0.006392 114.9
0.0064 114.9
0.006408 114.9
0.006416 114.9
0.006424 114.9
0.006432 114.9
0.00644 114.9
0.006448 114.9
0.006456 114.9
0.006464 114.9
0.006472 114.9
0.00648 114.9
0.006488 114.9
0.006496 114.9
0.006504 114.9
0.006512 114.9
0.00652 114.9
0.006528 114.9
0.006536 114.9
0.006544 114.9
0.006552 114.9
0.00656 114.9
0.006568 114.9
0.006576 114.9
0.006584 114.9
0.006592 114.9
0.0066 114.9
0.006608 114.9
0.006616 114.9
0.006624 114.9
0.006632 114.9
0.00664 114.9
0.006648 114.9
0.006656 114.9
0.006664 114.9
0.006672 114.9
0.00668 114.9
0.006688 114.9
0.006696 114.9
0.006704 114.9
0.006712 114.9
0.00672 114.9
0.006728 114.9
0.006736 114.9
0.006744 114.9
0.006752 114.9
0.00676 114.9
0.006768 114.9
0.006776 114.9
0.006784 114.9
0.006792 114.9
0.0068 114.9
0.006808 114.9
0.006816 114.9
0.006824 114.9
0.006832 114.9
0.00684 114.9
0.006848 114.9
0.006856 114.9
0.006864 114.9
0.006872 114.9
0.00688 114.9
0.006888 114.9
0.006896 114.9
0.006904 114.9
0.006912 114.9
0.00692 114.9
0.006928 114.9
0.006936 114.9
0.006944 114.9
0.006952 114.9
0.00696 114.9
0.006968 114.9
0.006976 114.9
0.006984 114.9
0.006992 114.9
0.007 114.9
0.007008 114.9
0.007016 114.9
0.007024 114.9
0.007032 114.9
0.00704 114.9
0.007048 114.9
0.007056 114.9
0.007064 114.9
0.007072 114.9
0.00708 114.9
0.007088 114.9
0.007096 114.9
0.007104 114.9
0.007112 114.9
0.00712 114.9
0.007128 114.9
0.007136 114.9
0.007144 114.9
0.007152 114.9
0.00716 114.9
0.007168 114.9
0.007176 114.9
0.007184 114.9
0.007192 114.9
0.0072 114.9
0.007208 114.9
0.007216 114.9
0.007224 114.9
0.007232 114.9
0.00724 114.9
0.007248 114.9
0.007256 114.9
0.007264 114.9
0.007272 114.9
0.00728 114.9
0.007288 114.9
0.007296 114.9
0.007304 114.9
0.007312 114.9
0.00732 114.9
0.007328 114.9
0.007336 114.9
0.007344 114.9
0.007352 114.9
0.00736 114.9
0.007368 114.9
0.007376 114.9
0.007384 114.9
0.007392 114.9
0.0074 114.9
0.007408 114.9
0.007416 114.9
0.007424 114.9
0.007432 114.9
0.00744 114.9
0.007448 114.9
0.007456 114.9
0.007464 114.9
0.007472 114.9
0.00748 114.9
0.007488 114.9
0.007496 114.9
0.007504 114.9
0.007512 114.9
0.00752 114.9
0.007528 114.9
0.007536 114.9
0.007544 114.9
0.007552 114.9
0.00756 114.9
0.007568 114.9
0.007576 114.9
0.007584 114.9
0.007592 114.9
0.0076 114.9
0.007608 114.9
0.007616 114.9
0.007624 114.9
0.007632 114.9
0.00764 114.9
0.007648 114.9
0.007656 114.9
0.007664 114.9
0.007672 114.9
0.00768 114.9
0.007688 114.9
0.007696 114.9
0.007704 114.9
0.007712 114.9
0.00772 114.9
0.007728 114.9
0.007736 114.9
0.007744 114.9
0.007752 114.9
0.00776 114.9
0.007768 114.9
0.007776 114.9
0.007784 114.9
0.007792 114.9
0.0078 114.9
0.007808 114.9
0.007816 114.9
0.007824 114.9
0.007832 114.9
0.00784 114.9
0.007848 114.9
0.007856 114.9
0.007864 114.9
0.007872 114.9
0.00788 114.9
0.007888 114.9
0.007896 114.9
0.007904 114.9
0.007912 114.9
0.00792 114.9
0.007928 114.9
0.007936 114.9
0.007944 114.9
0.007952 114.9
0.00796 114.9
0.007968 114.9
0.007976 114.9
0.007984 114.9
0.007992 114.9
0.008 114.9
0.008008 114.9
0.008016 114.9
0.008024 114.9
0.008032 114.9
0.00804 114.9
0.008048 114.9
0.008056 114.9
0.008064 114.9
0.008072 114.9
0.00808 114.9
0.008088 114.9
0.008096 114.9
0.008104 114.9
0.008112 114.9
0.00812 114.9
0.008128 114.9
0.008136 114.9
0.008144 114.9
0.008152 114.9
0.00816 114.9
0.008168 114.9
0.008176 114.9
0.008184 114.9
0.008192 114.9
0.0082 114.9
0.008208 114.9
0.008216 114.9
0.008224 114.9
0.008232 114.9
0.00824 114.9
0.008248 114.9
0.008256 114.9
0.008264 114.9
0.008272 114.9
0.00828 114.9
0.008288 114.9
0.008296 114.9
0.008304 114.9
0.008312 114.9
0.00832 114.9
0.008328 114.9
0.008336 114.9
0.008344 114.9
0.008352 114.9
0.00836 114.9
0.008368 114.9
0.008376 114.9
0.008384 114.9
0.008392 114.9
0.0084 114.9
0.008408 114.9
0.008416 114.9
0.008424 114.9
0.008432 114.9
0.00844 114.9
0.008448 114.9
0.008456 114.9
0.008464 114.9
0.008472 114.9
0.00848 114.9
0.008488 114.9
0.008496 114.9
0.008504 114.9
0.008512 114.9
0.00852 114.9
0.008528 114.9
0.008536 114.9
0.008544 114.9
0.008552 114.9
0.00856 114.9
0.008568 114.9
0.008576 114.9
0.008584 114.9
0.008592 114.9
0.0086 114.9
0.008608 114.9
0.008616 114.9
0.008624 114.9
0.008632 114.9
0.00864 114.9
0.008648 114.9
0.008656 114.9
0.008664 114.9
0.008672 114.9
0.00868 114.9
0.008688 114.9
0.008696 114.9
0.008704 114.9
0.008712 114.9
0.00872 114.9
0.008728 114.9
0.008736 114.9
0.008744 114.9
0.008752 114.9
0.00876 114.9
0.008768 114.9
0.008776 114.9
0.008784 114.9
0.008792 114.9
0.0088 114.9
0.008808 114.9
0.008816 114.9
0.008824 114.9
0.008832 114.9
0.00884 114.9
0.008848 114.9
0.008856 114.9
0.008864 114.9
0.008872 114.9
0.00888 114.9
0.008888 114.9
0.008896 114.9
0.008904 114.9
0.008912 114.9
0.00892 114.9
0.008928 114.9
0.008936 114.9
0.008944 114.9
0.008952 114.9
0.00896 114.9
0.008968 114.9
0.008976 114.9
0.008984 114.9
0.008992 114.9
0.009 114.9
0.009008 114.9
0.009016 114.9
0.009024 114.9
0.009032 114.9
0.00904 114.9
0.009048 114.9
0.009056 114.9
0.009064 114.9
0.009072 114.9
0.00908 114.9
0.009088 114.9
0.009096 114.9
0.009104 114.9
0.009112 114.9
0.00912 114.9
0.009128 114.9
0.009136 114.9
0.009144 114.9
0.009152 114.9
0.00916 114.9
0.009168 114.9
0.009176 114.9
0.009184 114.9
0.009192 114.9
0.0092 114.9
0.009208 114.9
0.009216 114.9
0.009224 114.9
0.009232 114.9
0.00924 114.9
0.009248 114.9
0.009256 114.9
0.009264 114.9
0.009272 114.9
0.00928 114.9
0.009288 114.9
0.009296 114.9
0.009304 114.9
0.009312 114.9
0.00932 114.9
0.009328 114.9
0.009336 114.9
0.009344 114.9
0.009352 114.9
0.00936 114.9
0.009368 114.9
0.009376 114.9
0.009384 114.9
0.009392 114.9
0.0094 114.9
0.009408 114.9
0.009416 114.9
0.009424 114.9
0.009432 114.9
0.00944 114.9
0.009448 114.9
0.009456 114.9
0.009464 114.9
0.009472 114.9
0.00948 114.9
0.009488 114.9
0.009496 114.9
0.009504 114.9
0.009512 114.9
0.00952 114.9
0.009528 114.9
0.009536 114.9
0.009544 114.9
0.009552 114.9
0.00956 114.9
0.009568 114.9
0.009576 114.9
0.009584 114.9
0.009592 114.9
0.0096 114.9
0.009608 114.9
0.009616 114.9
0.009624 114.9
0.009632 114.9
0.00964 114.9
0.009648 114.9
0.009656 114.9
0.009664 114.9
0.009672 114.9
0.00968 114.9
0.009688 114.9
0.009696 114.9
0.009704 114.9
0.009712 114.9
0.00972 114.9
0.009728 114.9
0.009736 114.9
0.009744 114.9
0.009752 114.9
0.00976 114.9
0.009768 114.9
0.009776 114.9
0.009784 114.9
0.009792 114.9
0.0098 114.9
0.009808 114.9
0.009816 114.9
0.009824 114.9
0.009832 114.9
0.00984 114.9
0.009848 114.9
0.009856 114.9
0.009864 114.9
0.009872 114.9
0.00988 114.9
0.009888 114.9
0.009896 114.9
0.009904 114.9
0.009912 114.9
0.00992 114.9
0.009928 114.9
0.009936 114.9
0.009944 114.9
0.009952 114.9
0.00996 114.9
0.009968 114.9
0.009976 114.9
0.009984 114.9
0.009992 114.9
0.01 114.9
0.010008 114.9
0.010016 114.9
0.010024 114.9
0.010032 114.9
0.01004 114.9
0.010048 114.9
0.010056 114.9
0.010064 114.9
0.010072 114.9
0.01008 114.9
0.010088 114.9
0.010096 114.9
0.010104 114.9
0.010112 114.9
0.01012 114.9
0.010128 114.9
0.010136 114.9
0.010144 114.9
0.010152 114.9
0.01016 114.9
0.010168 114.9
0.010176 114.9
0.010184 114.9
0.010192 114.9
0.0102 114.9
0.010208 114.9
0.010216 114.9
0.010224 114.9
0.010232 114.9
0.01024 114.9
0.010248 114.9
0.010256 114.9
0.010264 114.9
0.010272 114.9
0.01028 114.9
0.010288 114.9
0.010296 114.9
0.010304 114.9
0.010312 114.9
0.01032 114.9
0.010328 114.9
0.010336 114.9
0.010344 114.9
0.010352 114.9
0.01036 114.9
0.010368 114.9
0.010376 114.9
0.010384 114.9
0.010392 114.9
0.0104 114.9
0.010408 114.9
0.010416 114.9
0.010424 114.9
0.010432 114.9
0.01044 114.9
0.010448 114.9
0.010456 114.9
0.010464 114.9
0.010472 114.9
0.01048 114.9
0.010488 114.9
0.010496 114.9
0.010504 114.9
0.010512 114.9
0.01052 114.9
0.010528 114.9
0.010536 114.9
0.010544 114.9
0.010552 114.9
0.01056 114.9
0.010568 114.9
0.010576 114.9
0.010584 114.9
0.010592 114.9
0.0106 114.9
0.010608 114.9
0.010616 114.9
0.010624 114.9
0.010632 114.9
0.01064 114.9
0.010648 114.9
0.010656 114.9
0.010664 114.9
0.010672 114.9
0.01068 114.9
0.010688 114.9
0.010696 114.9
0.010704 114.9
0.010712 114.9
0.01072 114.9
0.010728 114.9
0.010736 114.9
0.010744 114.9
0.010752 114.9
0.01076 114.9
0.010768 114.9
0.010776 114.9
0.010784 114.9
0.010792 114.9
0.0108 114.9
0.010808 114.9
0.010816 114.9
0.010824 114.9
0.010832 114.9
0.01084 114.9
0.010848 114.9
0.010856 114.9
0.010864 114.9
0.010872 114.9
0.01088 114.9
0.010888 114.9
0.010896 114.9
0.010904 114.9
0.010912 114.9
0.01092 114.9
0.010928 114.9
0.010936 114.9
0.010944 114.9
0.010952 114.9
0.01096 114.9
0.010968 114.9
0.010976 114.9
0.010984 114.9
0.010992 114.9
0.011 114.9
0.011008 114.9
0.011016 114.9
0.011024 114.9
0.011032 114.9
0.01104 114.9
0.011048 114.9
0.011056 114.9
0.011064 114.9
0.011072 114.9
0.01108 114.9
0.011088 114.9
0.011096 114.9
0.011104 114.9
0.011112 114.9
0.01112 114.9
0.011128 114.9
0.011136 114.9
0.011144 114.9
0.011152 114.9
0.01116 114.9
0.011168 114.9
0.011176 114.9
0.011184 114.9
0.011192 114.9
0.0112 114.9
0.011208 114.9
0.011216 114.9
0.011224 114.9
0.011232 114.9
0.01124 114.9
0.011248 114.9
0.011256 114.9
0.011264 114.9
0.011272 114.9
0.01128 114.9
0.011288 114.9
0.011296 114.9
0.011304 114.9
0.011312 114.9
0.01132 114.9
0.011328 114.9
0.011336 114.9
0.011344 114.9
0.011352 114.9
0.01136 114.9
0.011368 114.9
0.011376 114.9
0.011384 114.9
0.011392 114.9
0.0114 114.9
0.011408 114.9
0.011416 114.9
0.011424 114.9
0.011432 114.9
0.01144 114.9
0.011448 114.9
0.011456 114.9
0.011464 114.9
0.011472 114.9
0.01148 114.9
0.011488 114.9
0.011496 114.9
0.011504 114.9
0.011512 114.9
0.01152 114.9
0.011528 114.9
0.011536 114.9
0.011544 114.9
0.011552 114.9
0.01156 114.9
0.011568 114.9
0.011576 114.9
0.011584 114.9
0.011592 114.9
0.0116 114.9
0.011608 114.9
0.011616 114.9
0.011624 114.9
0.011632 114.9
0.01164 114.9
0.011648 114.9
0.011656 114.9
0.011664 114.9
0.011672 114.9
0.01168 114.9
0.011688 114.9
0.011696 114.9
0.011704 114.9
0.011712 114.9
0.01172 114.9
0.011728 114.9
0.011736 114.9
0.011744 114.9
0.011752 114.9
0.01176 114.9
0.011768 114.9
0.011776 114.9
0.011784 114.9
0.011792 114.9
0.0118 114.9
0.011808 114.9
0.011816 114.9
0.011824 114.9
0.011832 114.9
0.01184 114.9
0.011848 114.9
0.011856 114.9
0.011864 114.9
0.011872 114.9
0.01188 114.9
0.011888 114.9
0.011896 114.9
0.011904 114.9
0.011912 114.9
0.01192 114.9
0.011928 114.9
0.011936 114.9
0.011944 114.9
0.011952 114.9
0.01196 114.9
0.011968 114.9
0.011976 114.9
0.011984 114.9
0.011992 114.9
0.012 114.9
0.012008 114.9
0.012016 114.9
0.012024 114.9
0.012032 114.9
0.01204 114.9
0.012048 114.9
0.012056 114.9
0.012064 114.9
0.012072 114.9
0.01208 114.9
0.012088 114.9
0.012096 114.9
0.012104 114.9
0.012112 114.9
0.01212 114.9
0.012128 114.9
0.012136 114.9
0.012144 114.9
0.012152 114.9
0.01216 114.9
0.012168 114.9
0.012176 114.9
0.012184 114.9
0.012192 114.9
0.0122 114.9
0.012208 114.9
0.012216 114.9
0.012224 114.9
0.012232 114.9
0.01224 114.9
0.012248 114.9
0.012256 114.9
0.012264 114.9
0.012272 114.9
0.01228 114.9
0.012288 114.9
0.012296 114.9
0.012304 114.9
0.012312 114.9
0.01232 114.9
0.012328 114.9
0.012336 114.9
0.012344 114.9
0.012352 114.9
0.01236 114.9
0.012368 114.9
0.012376 114.9
0.012384 114.9
0.012392 114.9
0.0124 114.9
0.012408 114.9
0.012416 114.9
0.012424 114.9
0.012432 114.9
0.01244 114.9
0.012448 114.9
0.012456 114.9
0.012464 114.9
0.012472 114.9
0.01248 114.9
0.012488 114.9
0.012496 114.9
0.012504 114.9
0.012512 114.9
0.01252 114.9
0.012528 114.9
0.012536 114.9
0.012544 114.9
0.012552 114.9
0.01256 114.9
0.012568 114.9
0.012576 114.9
0.012584 114.9
0.012592 114.9
0.0126 114.9
0.012608 114.9
0.012616 114.9
0.012624 114.9
0.012632 114.9
0.01264 114.9
0.012648 114.9
0.012656 114.9
0.012664 114.9
0.012672 114.9
0.01268 114.9
0.012688 114.9
0.012696 114.9
0.012704 114.9
0.012712 114.9
0.01272 114.9
0.012728 114.9
0.012736 114.9
0.012744 114.9
0.012752 114.9
0.01276 114.9
0.012768 114.9
0.012776 114.9
0.012784 114.9
0.012792 114.9
0.0128 114.9
0.012808 114.9
0.012816 114.9
0.012824 114.9
0.012832 114.9
0.01284 114.9
0.012848 114.9
0.012856 114.9
0.012864 114.9
0.012872 114.9
0.01288 114.9
0.012888 114.9
0.012896 114.9
0.012904 114.9
0.012912 114.9
0.01292 114.9
0.012928 114.9
0.012936 114.9
0.012944 114.9
0.012952 114.9
0.01296 114.9
0.012968 114.9
0.012976 114.9
0.012984 114.9
0.012992 114.9
0.013 114.9
0.013008 114.9
0.013016 114.9
0.013024 114.9
0.013032 114.9
0.01304 114.9
0.013048 114.9
0.013056 114.9
0.013064 114.9
0.013072 114.9
0.01308 114.9
0.013088 114.9
0.013096 114.9
0.013104 114.9
0.013112 114.9
0.01312 114.9
0.013128 114.9
0.013136 114.9
0.013144 114.9
0.013152 114.9
0.01316 114.9
0.013168 114.9
0.013176 114.9
0.013184 114.9
0.013192 114.9
0.0132 114.9
0.013208 114.9
0.013216 114.9
0.013224 114.9
0.013232 114.9
0.01324 114.9
0.013248 114.9
0.013256 114.9
0.013264 114.9
0.013272 114.9
0.01328 114.9
0.013288 114.9
0.013296 114.9
0.013304 114.9
0.013312 114.9
0.01332 114.9
0.013328 114.9
0.013336 114.9
0.013344 114.9
0.013352 114.9
0.01336 114.9
0.013368 114.9
0.013376 114.9
0.013384 114.9
0.013392 114.9
0.0134 114.9
0.013408 114.9
0.013416 114.9
0.013424 114.9
0.013432 114.9
0.01344 114.9
0.013448 114.9
0.013456 114.9
0.013464 114.9
0.013472 114.9
0.01348 114.9
0.013488 114.9
0.013496 114.9
0.013504 114.9
0.013512 114.9
0.01352 114.9
0.013528 114.9
0.013536 114.9
0.013544 114.9
0.013552 114.9
0.01356 114.9
0.013568 114.9
0.013576 114.9
0.013584 114.9
0.013592 114.9
0.0136 114.9
0.013608 114.9
0.013616 114.9
0.013624 114.9
0.013632 114.9
0.01364 114.9
0.013648 114.9
0.013656 114.9
0.013664 114.9
0.013672 114.9
0.01368 114.9
0.013688 114.9
0.013696 114.9
0.013704 114.9
0.013712 114.9
0.01372 114.9
0.013728 114.9
0.013736 114.9
0.013744 114.9
0.013752 114.9
0.01376 114.9
0.013768 114.9
0.013776 114.9
0.013784 114.9
0.013792 114.9
0.0138 114.9
0.013808 114.9
0.013816 114.9
0.013824 114.9
0.013832 114.9
0.01384 114.9
0.013848 114.9
0.013856 114.9
0.013864 114.9
0.013872 114.9
0.01388 114.9
0.013888 114.9
0.013896 114.9
0.013904 114.9
0.013912 114.9
0.01392 114.9
0.013928 114.9
0.013936 114.9
0.013944 114.9
0.013952 114.9
0.01396 114.9
0.013968 114.9
0.013976 114.9
0.013984 114.9
0.013992 114.9
0.014 114.9
0.014008 114.9
0.014016 114.9
0.014024 114.9
0.014032 114.9
0.01404 114.9
0.014048 114.9
0.014056 114.9
0.014064 114.9
0.014072 114.9
0.01408 114.9
0.014088 114.9
0.014096 114.9
0.014104 114.9
0.014112 114.9
0.01412 114.9
0.014128 114.9
0.014136 114.9
0.014144 114.9
0.014152 114.9
0.01416 114.9
0.014168 114.9
0.014176 114.9
0.014184 114.9
0.014192 114.9
0.0142 114.9
0.014208 114.9
0.014216 114.9
0.014224 114.9
0.014232 114.9
0.01424 114.9
0.014248 114.9
0.014256 114.9
0.014264 114.9
0.014272 114.9
0.01428 114.9
0.014288 114.9
0.014296 114.9
0.014304 114.9
0.014312 114.9
0.01432 114.9
0.014328 114.9
0.014336 114.9
0.014344 114.9
0.014352 114.9
0.01436 114.9
0.014368 114.9
0.014376 114.9
0.014384 114.9
0.014392 114.9
0.0144 114.9
0.014408 114.9
0.014416 114.9
0.014424 114.9
0.014432 114.9
0.01444 114.9
0.014448 114.9
0.014456 114.9
0.014464 114.9
0.014472 114.9
0.01448 114.9
0.014488 114.9
0.014496 114.9
0.014504 114.9
0.014512 114.9
0.01452 114.9
0.014528 114.9
0.014536 114.9
0.014544 114.9
0.014552 114.9
0.01456 114.9
0.014568 114.9
0.014576 114.9
0.014584 114.9
0.014592 114.9
0.0146 114.9
0.014608 114.9
0.014616 114.9
0.014624 114.9
0.014632 114.9
0.01464 114.9
0.014648 114.9
0.014656 114.9
0.014664 114.9
0.014672 114.9
0.01468 114.9
0.014688 114.9
0.014696 114.9
0.014704 114.9
0.014712 114.9
0.01472 114.9
0.014728 114.9
0.014736 114.9
0.014744 114.9
0.014752 114.9
0.01476 114.9
0.014768 114.9
0.014776 114.9
0.014784 114.9
0.014792 114.9
0.0148 114.9
0.014808 114.9
0.014816 114.9
0.014824 114.9
0.014832 114.9
0.01484 114.9
0.014848 114.9
0.014856 114.9
0.014864 114.9
0.014872 114.9
0.01488 114.9
0.014888 114.9
0.014896 114.9
0.014904 114.9
0.014912 114.9
0.01492 114.9
0.014928 114.9
0.014936 114.9
0.014944 114.9
0.014952 114.9
0.01496 114.9
0.014968 114.9
0.014976 114.9
0.014984 114.9
0.014992 114.9
0.015 114.9
0.015008 114.9
0.015016 114.9
0.015024 114.9
0.015032 114.9
0.01504 114.9
0.015048 114.9
0.015056 114.9
0.015064 114.9
0.015072 114.9
0.01508 114.9
0.015088 114.9
0.015096 114.9
0.015104 114.9
0.015112 114.9
0.01512 114.9
0.015128 114.9
0.015136 114.9
0.015144 114.9
0.015152 114.9
0.01516 114.9
0.015168 114.9
0.015176 114.9
0.015184 114.9
0.015192 114.9
0.0152 114.9
0.015208 114.9
0.015216 114.9
0.015224 114.9
0.015232 114.9
0.01524 114.9
0.015248 114.9
0.015256 114.9
0.015264 114.9
0.015272 114.9
0.01528 114.9
0.015288 114.9
0.015296 114.9
0.015304 114.9
0.015312 114.9
0.01532 114.9
0.015328 114.9
0.015336 114.9
0.015344 114.9
0.015352 114.9
0.01536 114.9
0.015368 114.9
0.015376 114.9
0.015384 114.9
0.015392 114.9
0.0154 114.9
0.015408 114.9
0.015416 114.9
0.015424 114.9
0.015432 114.9
0.01544 114.9
0.015448 114.9
0.015456 114.9
0.015464 114.9
0.015472 114.9
0.01548 114.9
0.015488 114.9
0.015496 114.9
0.015504 114.9
0.015512 114.9
0.01552 114.9
0.015528 114.9
0.015536 114.9
0.015544 114.9
0.015552 114.9
0.01556 114.9
0.015568 114.9
0.015576 114.9
0.015584 114.9
0.015592 114.9
0.0156 114.9
0.015608 114.9
0.015616 114.9
0.015624 114.9
0.015632 114.9
0.01564 114.9
0.015648 114.9
0.015656 114.9
0.015664 114.9
0.015672 114.9
0.01568 114.9
0.015688 114.9
0.015696 114.9
0.015704 114.9
0.015712 114.9
0.01572 114.9
0.015728 114.9
0.015736 114.9
0.015744 114.9
0.015752 114.9
0.01576 114.9
0.015768 114.9
0.015776 114.9
0.015784 114.9
0.015792 114.9
0.0158 114.9
0.015808 114.9
0.015816 114.9
0.015824 114.9
0.015832 114.9
0.01584 114.9
0.015848 114.9
0.015856 114.9
0.015864 114.9
0.015872 114.9
0.01588 114.9
0.015888 114.9
0.015896 114.9
0.015904 114.9
0.015912 114.9
0.01592 114.9
0.015928 114.9
0.015936 114.9
0.015944 114.9
0.015952 114.9
0.01596 114.9
0.015968 114.9
0.015976 114.9
0.015984 114.9
0.015992 114.9
0.016 114.9
0.016008 114.9
0.016016 114.9
0.016024 114.9
0.016032 114.9
0.01604 114.9
0.016048 114.9
0.016056 114.9
0.016064 114.9
0.016072 114.9
0.01608 114.9
0.016088 114.9
0.016096 114.9
0.016104 114.9
0.016112 114.9
0.01612 114.9
0.016128 114.9
0.016136 114.9
0.016144 114.9
0.016152 114.9
0.01616 114.9
0.016168 114.9
0.016176 114.9
0.016184 114.9
0.016192 114.9
0.0162 114.9
0.016208 114.9
0.016216 114.9
0.016224 114.9
0.016232 114.9
0.01624 114.9
0.016248 114.9
0.016256 114.9
0.016264 114.9
0.016272 114.9
0.01628 114.9
0.016288 114.9
0.016296 114.9
0.016304 114.9
0.016312 114.9
0.01632 114.9
0.016328 114.9
0.016336 114.9
0.016344 114.9
0.016352 114.9
0.01636 114.9
0.016368 114.9
0.016376 114.9
0.016384 114.9
0.016392 114.9
0.0164 114.9
0.016408 114.9
0.016416 114.9
0.016424 114.9
0.016432 114.9
0.01644 114.9
0.016448 114.9
0.016456 114.9
0.016464 114.9
0.016472 114.9
0.01648 114.9
0.016488 114.9
0.016496 114.9
0.016504 114.9
0.016512 114.9
0.01652 114.9
0.016528 114.9
0.016536 114.9
0.016544 114.9
0.016552 114.9
0.01656 114.9
0.016568 114.9
0.016576 114.9
0.016584 114.9
0.016592 114.9
0.0166 114.9
0.016608 114.9
0.016616 114.9
0.016624 114.9
0.016632 114.9
0.01664 114.9
0.016648 114.9
0.016656 114.9
0.016664 114.9
0.016672 114.9
0.01668 114.9
0.016688 114.9
0.016696 114.9
0.016704 114.9
0.016712 114.9
0.01672 114.9
0.016728 114.9
0.016736 114.9
0.016744 114.9
0.016752 114.9
0.01676 114.9
0.016768 114.9
0.016776 114.9
0.016784 114.9
0.016792 114.9
0.0168 114.9
0.016808 114.9
0.016816 114.9
0.016824 114.9
0.016832 114.9
0.01684 114.9
0.016848 114.9
0.016856 114.9
0.016864 114.9
0.016872 114.9
0.01688 114.9
0.016888 114.9
0.016896 114.9
0.016904 114.9
0.016912 114.9
0.01692 114.9
0.016928 114.9
0.016936 114.9
0.016944 114.9
0.016952 114.9
0.01696 114.9
0.016968 114.9
0.016976 114.9
0.016984 114.9
0.016992 114.9
0.017 114.9
0.017008 114.9
0.017016 114.9
0.017024 114.9
0.017032 114.9
0.01704 114.9
0.017048 114.9
0.017056 114.9
0.017064 114.9
0.017072 114.9
0.01708 114.9
0.017088 114.9
0.017096 114.9
0.017104 114.9
0.017112 114.9
0.01712 114.9
0.017128 114.9
0.017136 114.9
0.017144 114.9
0.017152 114.9
0.01716 114.9
0.017168 114.9
0.017176 114.9
0.017184 114.9
0.017192 114.9
0.0172 114.9
0.017208 114.9
0.017216 114.9
0.017224 114.9
0.017232 114.9
0.01724 114.9
0.017248 114.9
0.017256 114.9
0.017264 114.9
0.017272 114.9
0.01728 114.9
0.017288 114.9
0.017296 114.9
0.017304 114.9
0.017312 114.9
0.01732 114.9
0.017328 114.9
0.017336 114.9
0.017344 114.9
0.017352 114.9
0.01736 114.9
0.017368 114.9
0.017376 114.9
0.017384 114.9
0.017392 114.9
0.0174 114.9
0.017408 114.9
0.017416 114.9
0.017424 114.9
0.017432 114.9
0.01744 114.9
0.017448 114.9
0.017456 114.9
0.017464 114.9
0.017472 114.9
0.01748 114.9
0.017488 114.9
0.017496 114.9
0.017504 114.9
0.017512 114.9
0.01752 114.9
0.017528 114.9
0.017536 114.9
0.017544 114.9
0.017552 114.9
0.01756 114.9
0.017568 114.9
0.017576 114.9
0.017584 114.9
0.017592 114.9
0.0176 114.9
0.017608 114.9
0.017616 114.9
0.017624 114.9
0.017632 114.9
0.01764 114.9
0.017648 114.9
0.017656 114.9
0.017664 114.9
0.017672 114.9
0.01768 114.9
0.017688 114.9
0.017696 114.9
0.017704 114.9
0.017712 114.9
0.01772 114.9
0.017728 114.9
0.017736 114.9
0.017744 114.9
0.017752 114.9
0.01776 114.9
0.017768 114.9
0.017776 114.9
0.017784 114.9
0.017792 114.9
0.0178 114.9
0.017808 114.9
0.017816 114.9
0.017824 114.9
0.017832 114.9
0.01784 114.9
0.017848 114.9
0.017856 114.9
0.017864 114.9
0.017872 114.9
0.01788 114.9
0.017888 114.9
0.017896 114.9
0.017904 114.9
0.017912 114.9
0.01792 114.9
0.017928 114.9
0.017936 114.9
0.017944 114.9
0.017952 114.9
0.01796 114.9
0.017968 114.9
0.017976 114.9
0.017984 114.9
0.017992 114.9
0.018 114.9
0.018008 114.9
0.018016 114.9
0.018024 114.9
0.018032 114.9
0.01804 114.9
0.018048 114.9
0.018056 114.9
0.018064 114.9
0.018072 114.9
0.01808 114.9
0.018088 114.9
0.018096 114.9
0.018104 114.9
0.018112 114.9
0.01812 114.9
0.018128 114.9
0.018136 114.9
0.018144 114.9
0.018152 114.9
0.01816 114.9
0.018168 114.9
0.018176 114.9
0.018184 114.9
0.018192 114.9
0.0182 114.9
0.018208 114.9
0.018216 114.9
0.018224 114.9
0.018232 114.9
0.01824 114.9
0.018248 114.9
0.018256 114.9
0.018264 114.9
0.018272 114.9
0.01828 114.9
0.018288 114.9
0.018296 114.9
0.018304 114.9
0.018312 114.9
0.01832 114.9
0.018328 114.9
0.018336 114.9
0.018344 114.9
0.018352 114.9
0.01836 114.9
0.018368 114.9
0.018376 114.9
0.018384 114.9
0.018392 114.9
0.0184 114.9
0.018408 114.9
0.018416 114.9
0.018424 114.9
0.018432 114.9
0.01844 114.9
0.018448 114.9
0.018456 114.9
0.018464 114.9
0.018472 114.9
0.01848 114.9
0.018488 114.9
0.018496 114.9
0.018504 114.9
0.018512 114.9
0.01852 114.9
0.018528 114.9
0.018536 114.9
0.018544 114.9
0.018552 114.9
0.01856 114.9
0.018568 114.9
0.018576 114.9
0.018584 114.9
0.018592 114.9
0.0186 114.9
0.018608 114.9
0.018616 114.9
0.018624 114.9
0.018632 114.9
0.01864 114.9
0.018648 114.9
0.018656 114.9
0.018664 114.9
0.018672 114.9
0.01868 114.9
0.018688 114.9
0.018696 114.9
0.018704 114.9
0.018712 114.9
0.01872 114.9
0.018728 114.9
0.018736 114.9
0.018744 114.9
0.018752 114.9
0.01876 114.9
0.018768 114.9
0.018776 114.9
0.018784 114.9
0.018792 114.9
0.0188 114.9
0.018808 114.9
0.018816 114.9
0.018824 114.9
0.018832 114.9
0.01884 114.9
0.018848 114.9
0.018856 114.9
0.018864 114.9
0.018872 114.9
0.01888 114.9
0.018888 114.9
0.018896 114.9
0.018904 114.9
0.018912 114.9
0.01892 114.9
0.018928 114.9
0.018936 114.9
0.018944 114.9
0.018952 114.9
0.01896 114.9
0.018968 114.9
0.018976 114.9
0.018984 114.9
0.018992 114.9
0.019 114.9
0.019008 114.9
0.019016 114.9
0.019024 114.9
0.019032 114.9
0.01904 114.9
0.019048 114.9
0.019056 114.9
0.019064 114.9
0.019072 114.9
0.01908 114.9
0.019088 114.9
0.019096 114.9
0.019104 114.9
0.019112 114.9
0.01912 114.9
0.019128 114.9
0.019136 114.9
0.019144 114.9
0.019152 114.9
0.01916 114.9
0.019168 114.9
0.019176 114.9
0.019184 114.9
0.019192 114.9
0.0192 114.9
0.019208 114.9
0.019216 114.9
0.019224 114.9
0.019232 114.9
0.01924 114.9
0.019248 114.9
0.019256 114.9
0.019264 114.9
0.019272 114.9
0.01928 114.9
0.019288 114.9
0.019296 114.9
0.019304 114.9
0.019312 114.9
0.01932 114.9
0.019328 114.9
0.019336 114.9
0.019344 114.9
0.019352 114.9
0.01936 114.9
0.019368 114.9
0.019376 114.9
0.019384 114.9
0.019392 114.9
0.0194 114.9
0.019408 114.9
0.019416 114.9
0.019424 114.9
0.019432 114.9
0.01944 114.9
0.019448 114.9
0.019456 114.9
0.019464 114.9
0.019472 114.9
0.01948 114.9
0.019488 114.9
0.019496 114.9
0.019504 114.9
0.019512 114.9
0.01952 114.9
0.019528 114.9
0.019536 114.9
0.019544 114.9
0.019552 114.9
0.01956 114.9
0.019568 114.9
0.019576 114.9
0.019584 114.9
0.019592 114.9
0.0196 114.9
0.019608 114.9
0.019616 114.9
0.019624 114.9
0.019632 114.9
0.01964 114.9
0.019648 114.9
0.019656 114.9
0.019664 114.9
0.019672 114.9
0.01968 114.9
0.019688 114.9
0.019696 114.9
0.019704 114.9
0.019712 114.9
0.01972 114.9
0.019728 114.9
0.019736 114.9
0.019744 114.9
0.019752 114.9
0.01976 114.9
0.019768 114.9
0.019776 114.9
0.019784 114.9
0.019792 114.9
0.0198 114.9
0.019808 114.9
0.019816 114.9
0.019824 114.9
0.019832 114.9
0.01984 114.9
0.019848 114.9
0.019856 114.9
0.019864 114.9
0.019872 114.9
0.01988 114.9
0.019888 114.9
0.019896 114.9
0.019904 114.9
0.019912 114.9
0.01992 114.9
0.019928 114.9
0.019936 114.9
0.019944 114.9
0.019952 114.9
0.01996 114.9
0.019968 114.9
0.019976 114.9
0.019984 114.9
0.019992 114.9
0.02 114.9
0.020008 114.9
0.020016 114.9
0.020024 114.9
0.020032 114.9
0.02004 114.9
0.020048 114.9
0.020056 114.9
0.020064 114.9
0.020072 114.9
0.02008 114.9
0.020088 114.9
0.020096 114.9
0.020104 114.9
0.020112 114.9
0.02012 114.9
0.020128 114.9
0.020136 114.9
0.020144 114.9
0.020152 114.9
0.02016 114.9
0.020168 114.9
0.020176 114.9
0.020184 114.9
0.020192 114.9
0.0202 114.9
0.020208 114.9
0.020216 114.9
0.020224 114.9
0.020232 114.9
0.02024 114.9
0.020248 114.9
0.020256 114.9
0.020264 114.9
0.020272 114.9
0.02028 114.9
0.020288 114.9
0.020296 114.9
0.020304 114.9
0.020312 114.9
0.02032 114.9
0.020328 114.9
0.020336 114.9
0.020344 114.9
0.020352 114.9
0.02036 114.9
0.020368 114.9
0.020376 114.9
0.020384 114.9
0.020392 114.9
0.0204 114.9
0.020408 114.9
0.020416 114.9
0.020424 114.9
0.020432 114.9
0.02044 114.9
0.020448 114.9
0.020456 114.9
0.020464 114.9
0.020472 114.9
0.02048 114.9
0.020488 114.9
0.020496 114.9
0.020504 114.9
0.020512 114.9
0.02052 114.9
0.020528 114.9
0.020536 114.9
0.020544 114.9
0.020552 114.9
0.02056 114.9
0.020568 114.9
0.020576 114.9
0.020584 114.9
0.020592 114.9
0.0206 114.9
0.020608 114.9
0.020616 114.9
0.020624 114.9
0.020632 114.9
0.02064 114.9
0.020648 114.9
0.020656 114.9
0.020664 114.9
0.020672 114.9
0.02068 114.9
0.020688 114.9
0.020696 114.9
0.020704 114.9
0.020712 114.9
0.02072 114.9
0.020728 114.9
0.020736 114.9
0.020744 114.9
0.020752 114.9
0.02076 114.9
0.020768 114.9
0.020776 114.9
0.020784 114.9
0.020792 114.9
0.0208 114.9
0.020808 114.9
0.020816 114.9
0.020824 114.9
0.020832 114.9
0.02084 114.9
0.020848 114.9
0.020856 114.9
0.020864 114.9
0.020872 114.9
0.02088 114.9
0.020888 114.9
0.020896 114.9
0.020904 114.9
0.020912 114.9
0.02092 114.9
0.020928 114.9
0.020936 114.9
0.020944 114.9
0.020952 114.9
0.02096 114.9
0.020968 114.9
0.020976 114.9
0.020984 114.9
0.020992 114.9
0.021 114.9
0.021008 114.9
0.021016 114.9
0.021024 114.9
0.021032 114.9
0.02104 114.9
0.021048 114.9
0.021056 114.9
0.021064 114.9
0.021072 114.9
0.02108 114.9
0.021088 114.9
0.021096 114.9
0.021104 114.9
0.021112 114.9
0.02112 114.9
0.021128 114.9
0.021136 114.9
0.021144 114.9
0.021152 114.9
0.02116 114.9
0.021168 114.9
0.021176 114.9
0.021184 114.9
0.021192 114.9
0.0212 114.9
0.021208 114.9
0.021216 114.9
0.021224 114.9
0.021232 114.9
0.02124 114.9
0.021248 114.9
0.021256 114.9
0.021264 114.9
0.021272 114.9
0.02128 114.9
0.021288 114.9
0.021296 114.9
0.021304 114.9
0.021312 114.9
0.02132 114.9
0.021328 114.9
0.021336 114.9
0.021344 114.9
0.021352 114.9
0.02136 114.9
0.021368 114.9
0.021376 114.9
0.021384 114.9
0.021392 114.9
0.0214 114.9
0.021408 114.9
0.021416 114.9
0.021424 114.9
0.021432 114.9
0.02144 114.9
0.021448 114.9
0.021456 114.9
0.021464 114.9
0.021472 114.9
0.02148 114.9
0.021488 114.9
0.021496 114.9
0.021504 114.9
0.021512 114.9
0.02152 114.9
0.021528 114.9
0.021536 114.9
0.021544 114.9
0.021552 114.9
0.02156 114.9
0.021568 114.9
0.021576 114.9
0.021584 114.9
0.021592 114.9
0.0216 114.9
0.021608 114.9
0.021616 114.9
0.021624 114.9
0.021632 114.9
0.02164 114.9
0.021648 114.9
0.021656 114.9
0.021664 114.9
0.021672 114.9
0.02168 114.9
0.021688 114.9
0.021696 114.9
0.021704 114.9
0.021712 114.9
0.02172 114.9
0.021728 114.9
0.021736 114.9
0.021744 114.9
0.021752 114.9
0.02176 114.9
0.021768 114.9
0.021776 114.9
0.021784 114.9
0.021792 114.9
0.0218 114.9
0.021808 114.9
0.021816 114.9
0.021824 114.9
0.021832 114.9
0.02184 114.9
0.021848 114.9
0.021856 114.9
0.021864 114.9
0.021872 114.9
0.02188 114.9
0.021888 114.9
0.021896 114.9
0.021904 114.9
0.021912 114.9
0.02192 114.9
0.021928 114.9
0.021936 114.9
0.021944 114.9
0.021952 114.9
0.02196 114.9
0.021968 114.9
0.021976 114.9
0.021984 114.9
0.021992 114.9
0.022 114.9
0.022008 114.9
0.022016 114.9
0.022024 114.9
0.022032 114.9
0.02204 114.9
0.022048 114.9
0.022056 114.9
0.022064 114.9
0.022072 114.9
0.02208 114.9
0.022088 114.9
0.022096 114.9
0.022104 114.9
0.022112 114.9
0.02212 114.9
0.022128 114.9
0.022136 114.9
0.022144 114.9
0.022152 114.9
0.02216 114.9
0.022168 114.9
0.022176 114.9
0.022184 114.9
0.022192 114.9
0.0222 114.9
0.022208 114.9
0.022216 114.9
0.022224 114.9
0.022232 114.9
0.02224 114.9
0.022248 114.9
0.022256 114.9
0.022264 114.9
0.022272 114.9
0.02228 114.9
0.022288 114.9
0.022296 114.9
0.022304 114.9
0.022312 114.9
0.02232 114.9
0.022328 114.9
0.022336 114.9
0.022344 114.9
0.022352 114.9
0.02236 114.9
0.022368 114.9
0.022376 114.9
0.022384 114.9
0.022392 114.9
0.0224 114.9
0.022408 114.9
0.022416 114.9
0.022424 114.9
0.022432 114.9
0.02244 114.9
0.022448 114.9
0.022456 114.9
0.022464 114.9
0.022472 114.9
0.02248 114.9
0.022488 114.9
0.022496 114.9
0.022504 114.9
0.022512 114.9
0.02252 114.9
0.022528 114.9
0.022536 114.9
0.022544 114.9
0.022552 114.9
0.02256 114.9
0.022568 114.9
0.022576 114.9
0.022584 114.9
0.022592 114.9
0.0226 114.9
0.022608 114.9
0.022616 114.9
0.022624 114.9
0.022632 114.9
0.02264 114.9
0.022648 114.9
0.022656 114.9
0.022664 114.9
0.022672 114.9
0.02268 114.9
0.022688 114.9
0.022696 114.9
0.022704 114.9
0.022712 114.9
0.02272 114.9
0.022728 114.9
0.022736 114.9
0.022744 114.9
0.022752 114.9
0.02276 114.9
0.022768 114.9
0.022776 114.9
0.022784 114.9
0.022792 114.9
0.0228 114.9
0.022808 114.9
0.022816 114.9
0.022824 114.9
0.022832 114.9
0.02284 114.9
0.022848 114.9
0.022856 114.9
0.022864 114.9
0.022872 114.9
0.02288 114.9
0.022888 114.9
0.022896 114.9
0.022904 114.9
0.022912 114.9
0.02292 114.9
0.022928 114.9
0.022936 114.9
0.022944 114.9
0.022952 114.9
0.02296 114.9
0.022968 114.9
0.022976 114.9
0.022984 114.9
0.022992 114.9
0.023 114.9
0.023008 114.9
0.023016 114.9
0.023024 114.9
0.023032 114.9
0.02304 114.9
0.023048 114.9
0.023056 114.9
0.023064 114.9
0.023072 114.9
0.02308 114.9
0.023088 114.9
0.023096 114.9
0.023104 114.9
0.023112 114.9
0.02312 114.9
0.023128 114.9
0.023136 114.9
0.023144 114.9
0.023152 114.9
0.02316 114.9
0.023168 114.9
0.023176 114.9
0.023184 114.9
0.023192 114.9
0.0232 114.9
0.023208 114.9
0.023216 114.9
0.023224 114.9
0.023232 114.9
0.02324 114.9
0.023248 114.9
0.023256 114.9
0.023264 114.9
0.023272 114.9
0.02328 114.9
0.023288 114.9
0.023296 114.9
0.023304 114.9
0.023312 114.9
0.02332 114.9
0.023328 114.9
0.023336 114.9
0.023344 114.9
0.023352 114.9
0.02336 114.9
0.023368 114.9
0.023376 114.9
0.023384 114.9
0.023392 114.9
0.0234 114.9
0.023408 114.9
0.023416 114.9
0.023424 114.9
0.023432 114.9
0.02344 114.9
0.023448 114.9
0.023456 114.9
0.023464 114.9
0.023472 114.9
0.02348 114.9
0.023488 114.9
0.023496 114.9
0.023504 114.9
0.023512 114.9
0.02352 114.9
0.023528 114.9
0.023536 114.9
0.023544 114.9
0.023552 114.9
0.02356 114.9
0.023568 114.9
0.023576 114.9
0.023584 114.9
0.023592 114.9
0.0236 114.9
0.023608 114.9
0.023616 114.9
0.023624 114.9
0.023632 114.9
0.02364 114.9
0.023648 114.9
0.023656 114.9
0.023664 114.9
0.023672 114.9
0.02368 114.9
0.023688 114.9
0.023696 114.9
0.023704 114.9
0.023712 114.9
0.02372 114.9
0.023728 114.9
0.023736 114.9
0.023744 114.9
0.023752 114.9
0.02376 114.9
0.023768 114.9
0.023776 114.9
0.023784 114.9
0.023792 114.9
0.0238 114.9
0.023808 114.9
0.023816 114.9
0.023824 114.9
0.023832 114.9
0.02384 114.9
0.023848 114.9
0.023856 114.9
0.023864 114.9
0.023872 114.9
0.02388 114.9
0.023888 114.9
0.023896 114.9
0.023904 114.9
0.023912 114.9
0.02392 114.9
0.023928 114.9
0.023936 114.9
0.023944 114.9
0.023952 114.9
0.02396 114.9
0.023968 114.9
0.023976 114.9
0.023984 114.9
0.023992 114.9
0.024 114.9
0.024008 114.9
0.024016 114.9
0.024024 114.9
0.024032 114.9
0.02404 114.9
0.024048 114.9
0.024056 114.9
0.024064 114.9
0.024072 114.9
0.02408 114.9
0.024088 114.9
0.024096 114.9
0.024104 114.9
0.024112 114.9
0.02412 114.9
0.024128 114.9
0.024136 114.9
0.024144 114.9
0.024152 114.9
0.02416 114.9
0.024168 114.9
0.024176 114.9
0.024184 114.9
0.024192 114.9
0.0242 114.9
0.024208 114.9
0.024216 114.9
0.024224 114.9
0.024232 114.9
0.02424 114.9
0.024248 114.9
0.024256 114.9
0.024264 114.9
0.024272 114.9
0.02428 114.9
0.024288 114.9
0.024296 114.9
0.024304 114.9
0.024312 114.9
0.02432 114.9
0.024328 114.9
0.024336 114.9
0.024344 114.9
0.024352 114.9
0.02436 114.9
0.024368 114.9
0.024376 114.9
0.024384 114.9
0.024392 114.9
0.0244 114.9
0.024408 114.9
0.024416 114.9
0.024424 114.9
0.024432 114.9
0.02444 114.9
0.024448 114.9
0.024456 114.9
0.024464 114.9
0.024472 114.9
0.02448 114.9
0.024488 114.9
0.024496 114.9
0.024504 114.9
0.024512 114.9
0.02452 114.9
0.024528 114.9
0.024536 114.9
0.024544 114.9
0.024552 114.9
0.02456 114.9
0.024568 114.9
0.024576 114.9
0.024584 114.9
0.024592 114.9
0.0246 114.9
0.024608 114.9
0.024616 114.9
0.024624 114.9
0.024632 114.9
0.02464 114.9
0.024648 114.9
0.024656 114.9
0.024664 114.9
0.024672 114.9
0.02468 114.9
0.024688 114.9
0.024696 114.9
0.024704 114.9
0.024712 114.9
0.02472 114.9
0.024728 114.9
0.024736 114.9
0.024744 114.9
0.024752 114.9
0.02476 114.9
0.024768 114.9
0.024776 114.9
0.024784 114.9
0.024792 114.9
0.0248 114.9
0.024808 114.9
0.024816 114.9
0.024824 114.9
0.024832 114.9
0.02484 114.9
0.024848 114.9
0.024856 114.9
0.024864 114.9
0.024872 114.9
0.02488 114.9
0.024888 114.9
0.024896 114.9
0.024904 114.9
0.024912 114.9
0.02492 114.9
0.024928 114.9
0.024936 114.9
0.024944 114.9
0.024952 114.9
0.02496 114.9
0.024968 114.9
0.024976 114.9
0.024984 114.9
0.024992 114.9
0.025 114.9
0.025008 114.9
0.025016 114.9
0.025024 114.9
0.025032 114.9
0.02504 114.9
0.025048 114.9
0.025056 114.9
0.025064 114.9
0.025072 114.9
0.02508 114.9
0.025088 114.9
0.025096 114.9
0.025104 114.9
0.025112 114.9
0.02512 114.9
0.025128 114.9
0.025136 114.9
0.025144 114.9
0.025152 114.9
0.02516 114.9
0.025168 114.9
0.025176 114.9
0.025184 114.9
0.025192 114.9
0.0252 114.9
0.025208 114.9
0.025216 114.9
0.025224 114.9
0.025232 114.9
0.02524 114.9
0.025248 114.9
0.025256 114.9
0.025264 114.9
0.025272 114.9
0.02528 114.9
0.025288 114.9
0.025296 114.9
0.025304 114.9
0.025312 114.9
0.02532 114.9
0.025328 114.9
0.025336 114.9
0.025344 114.9
0.025352 114.9
0.02536 114.9
0.025368 114.9
0.025376 114.9
0.025384 114.9
0.025392 114.9
0.0254 114.9
0.025408 114.9
0.025416 114.9
0.025424 114.9
0.025432 114.9
0.02544 114.9
0.025448 114.9
0.025456 114.9
0.025464 114.9
0.025472 114.9
0.02548 114.9
0.025488 114.9
0.025496 114.9
0.025504 114.9
0.025512 114.9
0.02552 114.9
0.025528 114.9
0.025536 114.9
0.025544 114.9
0.025552 114.9
0.02556 114.9
0.025568 114.9
0.025576 114.9
0.025584 114.9
0.025592 114.9
0.0256 114.9
0.025608 114.9
0.025616 114.9
0.025624 114.9
0.025632 114.9
0.02564 114.9
0.025648 114.9
0.025656 114.9
0.025664 114.9
0.025672 114.9
0.02568 114.9
0.025688 114.9
0.025696 114.9
0.025704 114.9
0.025712 114.9
0.02572 114.9
0.025728 114.9
0.025736 114.9
0.025744 114.9
0.025752 114.9
0.02576 114.9
0.025768 114.9
0.025776 114.9
0.025784 114.9
0.025792 114.9
0.0258 114.9
0.025808 114.9
0.025816 114.9
0.025824 114.9
0.025832 114.9
0.02584 114.9
0.025848 114.9
0.025856 114.9
0.025864 114.9
0.025872 114.9
0.02588 114.9
0.025888 114.9
0.025896 114.9
0.025904 114.9
0.025912 114.9
0.02592 114.9
0.025928 114.9
0.025936 114.9
0.025944 114.9
0.025952 114.9
0.02596 114.9
0.025968 114.9
0.025976 114.9
0.025984 114.9
0.025992 114.9
0.026 114.9
0.026008 114.9
0.026016 114.9
0.026024 114.9
0.026032 114.9
0.02604 114.9
0.026048 114.9
0.026056 114.9
0.026064 114.9
0.026072 114.9
0.02608 114.9
0.026088 114.9
0.026096 114.9
0.026104 114.9
0.026112 114.9
0.02612 114.9
0.026128 114.9
0.026136 114.9
0.026144 114.9
0.026152 114.9
0.02616 114.9
0.026168 114.9
0.026176 114.9
0.026184 114.9
0.026192 114.9
0.0262 114.9
0.026208 114.9
0.026216 114.9
0.026224 114.9
0.026232 114.9
0.02624 114.9
0.026248 114.9
0.026256 114.9
0.026264 114.9
0.026272 114.9
0.02628 114.9
0.026288 114.9
0.026296 114.9
0.026304 114.9
0.026312 114.9
0.02632 114.9
0.026328 114.9
0.026336 114.9
0.026344 114.9
0.026352 114.9
0.02636 114.9
0.026368 114.9
0.026376 114.9
0.026384 114.9
0.026392 114.9
0.0264 114.9
0.026408 114.9
0.026416 114.9
0.026424 114.9
0.026432 114.9
0.02644 114.9
0.026448 114.9
0.026456 114.9
0.026464 114.9
0.026472 114.9
0.02648 114.9
0.026488 114.9
0.026496 114.9
0.026504 114.9
0.026512 114.9
0.02652 114.9
0.026528 114.9
0.026536 114.9
0.026544 114.9
0.026552 114.9
0.02656 114.9
0.026568 114.9
0.026576 114.9
0.026584 114.9
0.026592 114.9
0.0266 114.9
0.026608 114.9
0.026616 114.9
0.026624 114.9
0.026632 114.9
0.02664 114.9
0.026648 114.9
0.026656 114.9
0.026664 114.9
0.026672 114.9
0.02668 114.9
0.026688 114.9
0.026696 114.9
0.026704 114.9
0.026712 114.9
0.02672 114.9
0.026728 114.9
0.026736 114.9
0.026744 114.9
0.026752 114.9
0.02676 114.9
0.026768 114.9
0.026776 114.9
0.026784 114.9
0.026792 114.9
0.0268 114.9
0.026808 114.9
0.026816 114.9
0.026824 114.9
0.026832 114.9
0.02684 114.9
0.026848 114.9
0.026856 114.9
0.026864 114.9
0.026872 114.9
0.02688 114.9
0.026888 114.9
0.026896 114.9
0.026904 114.9
0.026912 114.9
0.02692 114.9
0.026928 114.9
0.026936 114.9
0.026944 114.9
0.026952 114.9
0.02696 114.9
0.026968 114.9
0.026976 114.9
0.026984 114.9
0.026992 114.9
0.027 114.9
0.027008 114.9
0.027016 114.9
0.027024 114.9
0.027032 114.9
0.02704 114.9
0.027048 114.9
0.027056 114.9
0.027064 114.9
0.027072 114.9
0.02708 114.9
0.027088 114.9
0.027096 114.9
0.027104 114.9
0.027112 114.9
0.02712 114.9
0.027128 114.9
0.027136 114.9
0.027144 114.9
0.027152 114.9
0.02716 114.9
0.027168 114.9
0.027176 114.9
0.027184 114.9
0.027192 114.9
0.0272 114.9
0.027208 114.9
0.027216 114.9
0.027224 114.9
0.027232 114.9
0.02724 114.9
0.027248 114.9
0.027256 114.9
0.027264 114.9
0.027272 114.9
0.02728 114.9
0.027288 114.9
0.027296 114.9
0.027304 114.9
0.027312 114.9
0.02732 114.9
0.027328 114.9
0.027336 114.9
0.027344 114.9
0.027352 114.9
0.02736 114.9
0.027368 114.9
0.027376 114.9
0.027384 114.9
0.027392 114.9
0.0274 114.9
0.027408 114.9
0.027416 114.9
0.027424 114.9
0.027432 114.9
0.02744 114.9
0.027448 114.9
0.027456 114.9
0.027464 114.9
0.027472 114.9
0.02748 114.9
0.027488 114.9
0.027496 114.9
0.027504 114.9
0.027512 114.9
0.02752 114.9
0.027528 114.9
0.027536 114.9
0.027544 114.9
0.027552 114.9
0.02756 114.9
0.027568 114.9
0.027576 114.9
0.027584 114.9
0.027592 114.9
0.0276 114.9
0.027608 114.9
0.027616 114.9
0.027624 114.9
0.027632 114.9
0.02764 114.9
0.027648 114.9
0.027656 114.9
0.027664 114.9
0.027672 114.9
0.02768 114.9
0.027688 114.9
0.027696 114.9
0.027704 114.9
0.027712 114.9
0.02772 114.9
0.027728 114.9
0.027736 114.9
0.027744 114.9
0.027752 114.9
0.02776 114.9
0.027768 114.9
0.027776 114.9
0.027784 114.9
0.027792 114.9
0.0278 114.9
0.027808 114.9
0.027816 114.9
0.027824 114.9
0.027832 114.9
0.02784 114.9
0.027848 114.9
0.027856 114.9
0.027864 114.9
0.027872 114.9
0.02788 114.9
0.027888 114.9
0.027896 114.9
0.027904 114.9
0.027912 114.9
0.02792 114.9
0.027928 114.9
0.027936 114.9
0.027944 114.9
0.027952 114.9
0.02796 114.9
0.027968 114.9
0.027976 114.9
0.027984 114.9
0.027992 114.9
0.028 114.9
1 114.9
