8e-06 57996
1.6e-05 57996
2.4e-05 57995
3.2e-05 57995
4e-05 57995
4.8e-05 57995
5.6e-05 57995
6.4e-05 57994
7.2e-05 57993
8e-05 57991
8.8e-05 57989
9.6e-05 57986
0.000104 57980
0.000112 57972
0.00012 57960
0.000128 57943
0.000136 57917
0.000144 57881
0.000152 57830
0.00016 57758
0.000168 57658
0.000176 57520
0.000184 57333
0.000192 57081
0.0002 56746
0.000208 56306
0.000216 55735
0.000224 55003
0.000232 54078
0.00024 52925
0.000248 51509
0.000256 49799
0.000264 47770
0.000272 45405
0.00028 42704
0.000288 39685
0.000296 36386
0.000304 32868
0.000312 29211
0.00032 25512
0.000328 21874
0.000336 18398
0.000344 15174
0.000352 12272
0.00036 9735.4
0.000368 7582.8
0.000376 5806.5
0.000384 4379.2
0.000392 3260.2
0.0004 2402.4
0.000408 1757.5
0.000416 1280.7
0.000424 932.77
0.000432 681.49
0.00044 501.22
0.000448 372.37
0.000456 280.33
0.000464 214.48
0.000472 167.18
0.00048 133.05
0.000488 108.27
0.000496 90.198
0.000504 76.974
0.000512 67.301
0.00052 60.274
0.000528 55.258
0.000536 51.809
0.000544 49.619
0.000552 48.475
0.00056 48.235
0.000568 48.808
0.000576 50.142
0.000584 52.218
0.000592 55.04
0.0006 58.635
0.000608 63.048
0.000616 68.345
0.000624 74.607
0.000632 81.936
0.00064 90.45
0.000648 100.29
0.000656 111.62
0.000664 124.64
0.000672 139.54
0.00068 156.59
0.000688 176.05
0.000696 198.25
0.000704 223.54
0.000712 252.32
0.00072 285.03
0.000728 322.17
0.000736 364.29
0.000744 412.02
0.000752 466.01
0.00076 527.01
0.000768 595.84
0.000776 673.36
0.000784 760.53
0.000792 858.38
0.0008 968.01
0.000808 1090.6
0.000816 1227.4
0.000824 1379.7
0.000832 1548.8
0.00084 1736.3
0.000848 1943.5
0.000856 2172.1
0.000864 2423.5
0.000872 2699.2
0.00088 3000.9
0.000888 3330
0.000896 3687.9
0.000904 4076.3
0.000912 4496.2
0.00092 4949.1
0.000928 5435.9
0.000936 5957.8
0.000944 6515.4
0.000952 7109.5
0.00096 7740.4
0.000968 8408.4
0.000976 9113.5
0.000984 9855.4
0.000992 10634
0.001 11448
0.001008 12296
0.001016 13178
0.001024 14093
0.001032 15037
0.00104 16010
0.001048 17009
0.001056 18032
0.001064 19077
0.001072 20141
0.00108 21221
0.001088 22315
0.001096 23419
0.001104 24531
0.001112 25648
0.00112 26767
0.001128 27885
0.001136 29000
0.001144 30108
0.001152 31207
0.00116 32294
0.001168 33368
0.001176 34425
0.001184 35465
0.001192 36484
0.0012 37482
0.001208 38456
0.001216 39405
0.001224 40329
0.001232 41226
0.00124 42095
0.001248 42935
0.001256 43747
0.001264 44529
0.001272 45282
0.00128 46005
0.001288 46699
0.001296 47363
0.001304 47998
0.001312 48604
0.00132 49182
0.001328 49732
0.001336 50256
0.001344 50752
0.001352 51223
0.00136 51669
0.001368 52091
0.001376 52489
0.001384 52865
0.001392 53220
0.0014 53553
0.001408 53867
0.001416 54161
0.001424 54438
0.001432 54697
0.00144 54939
0.001448 55166
0.001456 55378
0.001464 55576
0.001472 55761
0.00148 55933
0.001488 56093
0.001496 56242
0.001504 56381
0.001512 56510
0.00152 56629
0.001528 56740
0.001536 56842
0.001544 56937
0.001552 57025
0.00156 57106
0.001568 57181
0.001576 57250
0.001584 57313
0.001592 57372
0.0016 57426
0.001608 57476
0.001616 57521
0.001624 57563
0.001632 57602
0.00164 57637
0.001648 57669
0.001656 57699
0.001664 57726
0.001672 57751
0.00168 57773
0.001688 57794
0.001696 57813
0.001704 57830
0.001712 57846
0.00172 57860
0.001728 57873
0.001736 57885
0.001744 57896
0.001752 57905
0.00176 57914
0.001768 57922
0.001776 57930
0.001784 57936
0.001792 57942
0.0018 57948
0.001808 57952
0.001816 57957
0.001824 57961
0.001832 57964
0.00184 57968
0.001848 57971
0.001856 57973
0.001864 57976
0.001872 57978
0.00188 57980
0.001888 57981
0.001896 57983
0.001904 57984
0.001912 57985
0.00192 57987
0.001928 57988
0.001936 57988
0.001944 57989
0.001952 57990
0.00196 57991
0.001968 57991
0.001976 57992
0.001984 57992
0.001992 57993
0.002 57993
0.002008 57993
0.002016 57993
0.002024 57994
0.002032 57994
0.00204 57994
0.002048 57994
0.002056 57994
0.002064 57995
0.002072 57995
0.00208 57995
0.002088 57995
0.002096 57995
0.002104 57995
0.002112 57995
0.00212 57995
0.002128 57995
0.002136 57995
0.002144 57995
0.002152 57995
0.00216 57995
0.002168 57995
0.002176 57995
0.002184 57995
0.002192 57996
0.0022 57996
0.002208 57996
0.002216 57996
0.002224 57996
0.002232 57996
0.00224 57996
0.002248 57996
0.002256 57996
0.002264 57996
0.002272 57996
0.00228 57996
0.002288 57996
0.002296 57996
0.002304 57996
0.002312 57996
0.00232 57996
0.002328 57996
0.002336 57996
0.002344 57996
0.002352 57996
0.00236 57996
0.002368 57996
0.002376 57996
0.002384 57996
0.002392 57996
0.0024 57996
0.002408 57996
0.002416 57996
0.002424 57996
0.002432 57996
0.00244 57996
0.002448 57996
0.002456 57996
0.002464 57996
0.002472 57996
0.00248 57996
0.002488 57996
0.002496 57996
0.002504 57996
0.002512 57996
0.00252 57996
0.002528 57996
0.002536 57996
0.002544 57996
0.002552 57996
0.00256 57996
0.002568 57996
0.002576 57996
0.002584 57996
0.002592 57996
0.0026 57996
0.002608 57996
0.002616 57996
0.002624 57996
0.002632 57996
0.00264 57996
0.002648 57996
0.002656 57996
0.002664 57996
0.002672 57996
0.00268 57996
0.002688 57996
0.002696 57996
0.002704 57996
0.002712 57996
0.00272 57996
0.002728 57996
0.002736 57996
0.002744 57996
0.002752 57996
0.00276 57996
0.002768 57996
0.002776 57996
0.002784 57996
0.002792 57996
0.0028 57996
0.002808 57996
0.002816 57996
0.002824 57996
0.002832 57996
0.00284 57996
0.002848 57996
0.002856 57996
0.002864 57996
0.002872 57996
0.00288 57996
0.002888 57996
0.002896 57996
0.002904 57996
0.002912 57996
0.00292 57996
0.002928 57996
0.002936 57996
0.002944 57996
0.002952 57996
0.00296 57996
0.002968 57996
0.002976 57996
0.002984 57996
0.002992 57996
0.003 57996
0.003008 57996
0.003016 57996
0.003024 57996
0.003032 57996
0.00304 57996
0.003048 57996
0.003056 57996
0.003064 57996
0.003072 57996
0.00308 57996
0.003088 57996
0.003096 57996
0.003104 57996
0.003112 57996
0.00312 57996
0.003128 57996
0.003136 57996
0.003144 57996
0.003152 57996
0.00316 57996
0.003168 57996
0.003176 57996
0.003184 57996
0.003192 57996
0.0032 57996
0.003208 57996
0.003216 57996
0.003224 57996
0.003232 57996
0.00324 57996
0.003248 57996
0.003256 57996
0.003264 57996
0.003272 57996
0.00328 57996
0.003288 57996
0.003296 57996
0.003304 57996
0.003312 57996
0.00332 57996
0.003328 57996
0.003336 57996
0.003344 57996
0.003352 57996
0.00336 57996
0.003368 57996
0.003376 57996
0.003384 57996
0.003392 57996
0.0034 57996
0.003408 57996
0.003416 57996
0.003424 57996
0.003432 57996
0.00344 57996
0.003448 57996
0.003456 57996
0.003464 57996
0.003472 57996
0.00348 57996
0.003488 57996
0.003496 57996
0.003504 57996
0.003512 57996
0.00352 57996
0.003528 57996
0.003536 57996
0.003544 57996
0.003552 57996
0.00356 57996
0.003568 57996
0.003576 57996
0.003584 57996
0.003592 57996
0.0036 57996
0.003608 57996
0.003616 57996
0.003624 57996
0.003632 57996
0.00364 57996
0.003648 57996
0.003656 57996
0.003664 57996
0.003672 57996
0.00368 57996
0.003688 57996
0.003696 57996
0.003704 57996
0.003712 57996
0.00372 57996
0.003728 57996
0.003736 57996
0.003744 57996
0.003752 57996
0.00376 57996
0.003768 57996
0.003776 57996
0.003784 57996
0.003792 57996
0.0038 57996
0.003808 57996
0.003816 57996
0.003824 57996
0.003832 57996
0.00384 57996
0.003848 57996
0.003856 57996
0.003864 57996
0.003872 57996
0.00388 57996
0.003888 57996
0.003896 57996
0.003904 57996
0.003912 57996
0.00392 57996
0.003928 57996
0.003936 57996
0.003944 57996
0.003952 57996
0.00396 57996
0.003968 57996
0.003976 57996
0.003984 57996
0.003992 57996
0.004 57996
0.004008 57996
0.004016 57996
0.004024 57996
0.004032 57996
0.00404 57996
0.004048 57996
0.004056 57996
0.004064 57996
0.004072 57996
0.00408 57996
0.004088 57996
0.004096 57996
0.004104 57996
0.004112 57996
0.00412 57996
0.004128 57996
0.004136 57996
0.004144 57996
0.004152 57996
0.00416 57996
0.004168 57996
0.004176 57996
0.004184 57996
0.004192 57996
0.0042 57996
0.004208 57996
0.004216 57996
0.004224 57996
0.004232 57996
0.00424 57996
0.004248 57996
0.004256 57996
0.004264 57996
0.004272 57996
0.00428 57996
0.004288 57996
0.004296 57996
0.004304 57996
0.004312 57996
0.00432 57996
0.004328 57996
0.004336 57996
0.004344 57996
0.004352 57996
0.00436 57996
0.004368 57996
0.004376 57996
0.004384 57996
0.004392 57996
0.0044 57996
0.004408 57996
0.004416 57996
0.004424 57996
0.004432 57996
0.00444 57996
0.004448 57996
0.004456 57996
0.004464 57996
0.004472 57996
0.00448 57996
0.004488 57996
0.004496 57996
0.004504 57996
0.004512 57996
0.00452 57996
0.004528 57996
0.004536 57996
0.004544 57996
0.004552 57996
0.00456 57996
0.004568 57996
0.004576 57996
0.004584 57996
0.004592 57996
0.0046 57996
0.004608 57996
0.004616 57996
0.004624 57996
0.004632 57996
0.00464 57996
0.004648 57996
0.004656 57996
0.004664 57996
0.004672 57996
0.00468 57996
0.004688 57996
0.004696 57996
0.004704 57996
0.004712 57996
0.00472 57996
0.004728 57996
0.004736 57996
0.004744 57996
0.004752 57996
0.00476 57996
0.004768 57996
0.004776 57996
0.004784 57996
0.004792 57996
0.0048 57996
0.004808 57996
0.004816 57996
0.004824 57996
0.004832 57996
0.00484 57996
0.004848 57996
0.004856 57996
0.004864 57996
0.004872 57996
0.00488 57996
0.004888 57996
0.004896 57996
0.004904 57996
0.004912 57996
0.00492 57996
0.004928 57996
0.004936 57996
0.004944 57996
0.004952 57996
0.00496 57996
0.004968 57996
0.004976 57996
0.004984 57996
0.004992 57996
0.005 57996
0.005008 57996
0.005016 57996
0.005024 57996
0.005032 57996
0.00504 57996
0.005048 57996
0.005056 57996
0.005064 57996
0.005072 57996
0.00508 57996
0.005088 57996
0.005096 57996
0.005104 57996
0.005112 57996
0.00512 57996
0.005128 57996
0.005136 57996
0.005144 57996
0.005152 57996
0.00516 57996
0.005168 57996
0.005176 57996
0.005184 57996
0.005192 57996
0.0052 57996
0.005208 57996
0.005216 57996
0.005224 57996
0.005232 57996
0.00524 57996
0.005248 57996
0.005256 57996
0.005264 57996
0.005272 57996
0.00528 57996
0.005288 57996
0.005296 57996
0.005304 57996
0.005312 57996
0.00532 57996
0.005328 57996
0.005336 57996
0.005344 57996
0.005352 57996
0.00536 57996
0.005368 57996
0.005376 57996
0.005384 57996
0.005392 57996
0.0054 57996
0.005408 57996
0.005416 57996
0.005424 57996
0.005432 57996
0.00544 57996
0.005448 57996
0.005456 57996
0.005464 57996
0.005472 57996
0.00548 57996
0.005488 57996
0.005496 57996
0.005504 57996
0.005512 57996
0.00552 57996
0.005528 57996
0.005536 57996
0.005544 57996
0.005552 57996
0.00556 57996
0.005568 57996
0.005576 57996
0.005584 57996
0.005592 57996
0.0056 57996
0.005608 57996
0.005616 57996
0.005624 57996
0.005632 57996
0.00564 57996
0.005648 57996
0.005656 57996
0.005664 57996
0.005672 57996
0.00568 57996
0.005688 57996
0.005696 57996
0.005704 57996
0.005712 57996
0.00572 57996
0.005728 57996
0.005736 57996
0.005744 57996
0.005752 57996
0.00576 57996
0.005768 57996
0.005776 57996
0.005784 57996
0.005792 57996
0.0058 57996
0.005808 57996
0.005816 57996
0.005824 57996
0.005832 57996
0.00584 57996
0.005848 57996
0.005856 57996
0.005864 57996
0.005872 57996
0.00588 57996
0.005888 57996
0.005896 57996
0.005904 57996
0.005912 57996
0.00592 57996
0.005928 57996
0.005936 57996
0.005944 57996
0.005952 57996
0.00596 57996
0.005968 57996
0.005976 57996
0.005984 57996
0.005992 57996
0.006 57996
0.006008 57996
0.006016 57996
0.006024 57996
0.006032 57996
0.00604 57996
0.006048 57996
0.006056 57996
0.006064 57996
0.006072 57996
0.00608 57996
0.006088 57996
0.006096 57996
0.006104 57996
0.006112 57996
0.00612 57996
0.006128 57996
0.006136 57996
0.006144 57996
0.006152 57996
0.00616 57996
0.006168 57996
0.006176 57996
0.006184 57996
0.006192 57996
0.0062 57996
0.006208 57996
0.006216 57996
0.006224 57996
0.006232 57996
0.00624 57996
0.006248 57996
0.006256 57996
0.006264 57996
0.006272 57996
0.00628 57996
0.006288 57996
0.006296 57996
0.006304 57996
0.006312 57996
0.00632 57996
0.006328 57996
0.006336 57996
0.006344 57996
0.006352 57996
0.00636 57996
0.006368 57996
0.006376 57996
0.006384 57996
0.006392 57996
0.0064 57996
0.006408 57996
0.006416 57996
0.006424 57996
0.006432 57996
0.00644 57996
0.006448 57996
0.006456 57996
0.006464 57996
0.006472 57996
0.00648 57996
0.006488 57996
0.006496 57996
0.006504 57996
0.006512 57996
0.00652 57996
0.006528 57996
0.006536 57996
0.006544 57996
0.006552 57996
0.00656 57996
0.006568 57996
0.006576 57996
0.006584 57996
0.006592 57996
0.0066 57996
0.006608 57996
0.006616 57996
0.006624 57996
0.006632 57996
0.00664 57996
0.006648 57996
0.006656 57996
0.006664 57996
0.006672 57996
0.00668 57996
0.006688 57996
0.006696 57996
0.006704 57996
0.006712 57996
0.00672 57996
0.006728 57996
0.006736 57996
0.006744 57996
0.006752 57996
0.00676 57996
0.006768 57996
0.006776 57996
0.006784 57996
0.006792 57996
0.0068 57996
0.006808 57996
0.006816 57996
0.006824 57996
0.006832 57996
0.00684 57996
0.006848 57996
0.006856 57996
0.006864 57996
0.006872 57996
0.00688 57996
0.006888 57996
0.006896 57996
0.006904 57996
0.006912 57996
0.00692 57996
0.006928 57996
0.006936 57996
0.006944 57996
0.006952 57996
0.00696 57996
0.006968 57996
0.006976 57996
0.006984 57996
0.006992 57996
0.007 57996
0.007008 57996
0.007016 57996
0.007024 57996
0.007032 57996
0.00704 57996
0.007048 57996
0.007056 57996
0.007064 57996
0.007072 57996
0.00708 57996
0.007088 57996
0.007096 57996
0.007104 57996
0.007112 57996
0.00712 57996
0.007128 57996
0.007136 57996
0.007144 57996
0.007152 57996
0.00716 57996
0.007168 57996
0.007176 57996
0.007184 57996
0.007192 57996
0.0072 57996
0.007208 57996
0.007216 57996
0.007224 57996
0.007232 57996
0.00724 57996
0.007248 57996
0.007256 57996
0.007264 57996
0.007272 57996
0.00728 57996
0.007288 57996
0.007296 57996
0.007304 57996
0.007312 57996
0.00732 57996
0.007328 57996
0.007336 57996
0.007344 57996
0.007352 57996
0.00736 57996
0.007368 57996
0.007376 57996
0.007384 57996
0.007392 57996
0.0074 57996
0.007408 57996
0.007416 57996
0.007424 57996
0.007432 57996
0.00744 57996
0.007448 57996
0.007456 57996
0.007464 57996
0.007472 57996
0.00748 57996
0.007488 57996
0.007496 57996
0.007504 57996
0.007512 57996
0.00752 57996
0.007528 57996
0.007536 57996
0.007544 57996
0.007552 57996
0.00756 57996
0.007568 57996
0.007576 57996
0.007584 57996
0.007592 57996
0.0076 57996
0.007608 57996
0.007616 57996
0.007624 57996
0.007632 57996
0.00764 57996
0.007648 57996
0.007656 57996
0.007664 57996
0.007672 57996
0.00768 57996
0.007688 57996
0.007696 57996
0.007704 57996
0.007712 57996
0.00772 57996
0.007728 57996
0.007736 57996
0.007744 57996
0.007752 57996
0.00776 57996
0.007768 57996
0.007776 57996
0.007784 57996
0.007792 57996
0.0078 57996
0.007808 57996
0.007816 57996
0.007824 57996
0.007832 57996
0.00784 57996
0.007848 57996
0.007856 57996
0.007864 57996
0.007872 57996
0.00788 57996
0.007888 57996
0.007896 57996
0.007904 57996
0.007912 57996
0.00792 57996
0.007928 57996
0.007936 57996
0.007944 57996
0.007952 57996
0.00796 57996
0.007968 57996
0.007976 57996
0.007984 57996
0.007992 57996
0.008 57996
0.008008 57996
0.008016 57996
0.008024 57996
0.008032 57996
0.00804 57996
0.008048 57996
0.008056 57996
0.008064 57996
0.008072 57996
0.00808 57996
0.008088 57996
0.008096 57996
0.008104 57996
0.008112 57996
0.00812 57996
0.008128 57996
0.008136 57996
0.008144 57996
0.008152 57996
0.00816 57996
0.008168 57996
0.008176 57996
0.008184 57996
0.008192 57996
0.0082 57996
0.008208 57996
0.008216 57996
0.008224 57996
0.008232 57996
0.00824 57996
0.008248 57996
0.008256 57996
0.008264 57996
0.008272 57996
0.00828 57996
0.008288 57996
0.008296 57996
0.008304 57996
0.008312 57996
0.00832 57996
0.008328 57996
0.008336 57996
0.008344 57996
0.008352 57996
0.00836 57996
0.008368 57996
0.008376 57996
0.008384 57996
0.008392 57996
0.0084 57996
0.008408 57996
0.008416 57996
0.008424 57996
0.008432 57996
0.00844 57996
0.008448 57996
0.008456 57996
0.008464 57996
0.008472 57996
0.00848 57996
0.008488 57996
0.008496 57996
0.008504 57996
0.008512 57996
0.00852 57996
0.008528 57996
0.008536 57996
0.008544 57996
0.008552 57996
0.00856 57996
0.008568 57996
0.008576 57996
0.008584 57996
0.008592 57996
0.0086 57996
0.008608 57996
0.008616 57996
0.008624 57996
0.008632 57996
0.00864 57996
0.008648 57996
0.008656 57996
0.008664 57996
0.008672 57996
0.00868 57996
0.008688 57996
0.008696 57996
0.008704 57996
0.008712 57996
0.00872 57996
0.008728 57996
0.008736 57996
0.008744 57996
0.008752 57996
0.00876 57996
0.008768 57996
0.008776 57996
0.008784 57996
0.008792 57996
0.0088 57996
0.008808 57996
0.008816 57996
0.008824 57996
0.008832 57996
0.00884 57996
0.008848 57996
0.008856 57996
0.008864 57996
0.008872 57996
0.00888 57996
0.008888 57996
0.008896 57996
0.008904 57996
0.008912 57996
0.00892 57996
0.008928 57996
0.008936 57996
0.008944 57996
0.008952 57996
0.00896 57996
0.008968 57996
0.008976 57996
0.008984 57996
0.008992 57996
0.009 57996
0.009008 57996
0.009016 57996
0.009024 57996
0.009032 57996
0.00904 57996
0.009048 57996
0.009056 57996
0.009064 57996
0.009072 57996
0.00908 57996
0.009088 57996
0.009096 57996
0.009104 57996
0.009112 57996
0.00912 57996
0.009128 57996
0.009136 57996
0.009144 57996
0.009152 57996
0.00916 57996
0.009168 57996
0.009176 57996
0.009184 57996
0.009192 57996
0.0092 57996
0.009208 57996
0.009216 57996
0.009224 57996
0.009232 57996
0.00924 57996
0.009248 57996
0.009256 57996
0.009264 57996
0.009272 57996
0.00928 57996
0.009288 57996
0.009296 57996
0.009304 57996
0.009312 57996
0.00932 57996
0.009328 57996
0.009336 57996
0.009344 57996
0.009352 57996
0.00936 57996
0.009368 57996
0.009376 57996
0.009384 57996
0.009392 57996
0.0094 57996
0.009408 57996
0.009416 57996
0.009424 57996
0.009432 57996
0.00944 57996
0.009448 57996
0.009456 57996
0.009464 57996
0.009472 57996
0.00948 57996
0.009488 57996
0.009496 57996
0.009504 57996
0.009512 57996
0.00952 57996
0.009528 57996
0.009536 57996
0.009544 57996
0.009552 57996
0.00956 57996
0.009568 57996
0.009576 57996
0.009584 57996
0.009592 57996
0.0096 57996
0.009608 57996
0.009616 57996
0.009624 57996
0.009632 57996
0.00964 57996
0.009648 57996
0.009656 57996
0.009664 57996
0.009672 57996
0.00968 57996
0.009688 57996
0.009696 57996
0.009704 57996
0.009712 57996
0.00972 57996
0.009728 57996
0.009736 57996
0.009744 57996
0.009752 57996
0.00976 57996
0.009768 57996
0.009776 57996
0.009784 57996
0.009792 57996
0.0098 57996
0.009808 57996
0.009816 57996
0.009824 57996
0.009832 57996
0.00984 57996
0.009848 57996
0.009856 57996
0.009864 57996
0.009872 57996
0.00988 57996
0.009888 57996
0.009896 57996
0.009904 57996
0.009912 57996
0.00992 57996
0.009928 57996
0.009936 57996
0.009944 57996
0.009952 57996
0.00996 57996
0.009968 57996
0.009976 57996
0.009984 57996
0.009992 57996
0.01 57996
0.010008 57996
0.010016 57996
0.010024 57996
0.010032 57996
0.01004 57996
0.010048 57996
0.010056 57996
0.010064 57996
0.010072 57996
0.01008 57996
0.010088 57996
0.010096 57996
0.010104 57996
0.010112 57996
0.01012 57996
0.010128 57996
0.010136 57996
0.010144 57996
0.010152 57996
0.01016 57996
0.010168 57996
0.010176 57996
0.010184 57996
0.010192 57996
0.0102 57996
0.010208 57996
0.010216 57996
0.010224 57996
0.010232 57996
0.01024 57996
0.010248 57996
0.010256 57996
0.010264 57996
0.010272 57996
0.01028 57996
0.010288 57996
0.010296 57996
0.010304 57996
0.010312 57996
0.01032 57996
0.010328 57996
0.010336 57996
0.010344 57996
0.010352 57996
0.01036 57996
0.010368 57996
0.010376 57996
0.010384 57996
0.010392 57996
0.0104 57996
0.010408 57996
0.010416 57996
0.010424 57996
0.010432 57996
0.01044 57996
0.010448 57996
0.010456 57996
0.010464 57996
0.010472 57996
0.01048 57996
0.010488 57996
0.010496 57996
0.010504 57996
0.010512 57996
0.01052 57996
0.010528 57996
0.010536 57996
0.010544 57996
0.010552 57996
0.01056 57996
0.010568 57996
0.010576 57996
0.010584 57996
0.010592 57996
0.0106 57996
0.010608 57996
0.010616 57996
0.010624 57996
0.010632 57996
0.01064 57996
0.010648 57996
0.010656 57996
0.010664 57996
0.010672 57996
0.01068 57996
0.010688 57996
0.010696 57996
0.010704 57996
0.010712 57996
0.01072 57996
0.010728 57996
0.010736 57996
0.010744 57996
0.010752 57996
0.01076 57996
0.010768 57996
0.010776 57996
0.010784 57996
0.010792 57996
0.0108 57996
0.010808 57996
0.010816 57996
0.010824 57996
0.010832 57996
0.01084 57996
0.010848 57996
0.010856 57996
0.010864 57996
0.010872 57996
0.01088 57996
0.010888 57996
0.010896 57996
0.010904 57996
0.010912 57996
0.01092 57996
0.010928 57996
0.010936 57996
0.010944 57996
0.010952 57996
0.01096 57996
0.010968 57996
0.010976 57996
0.010984 57996
0.010992 57996
0.011 57996
0.011008 57996
0.011016 57996
0.011024 57996
0.011032 57996
0.01104 57996
0.011048 57996
0.011056 57996
0.011064 57996
0.011072 57996
0.01108 57996
0.011088 57996
0.011096 57996
0.011104 57996
0.011112 57996
0.01112 57996
0.011128 57996
0.011136 57996
0.011144 57996
0.011152 57996
0.01116 57996
0.011168 57996
0.011176 57996
0.011184 57996
0.011192 57996
0.0112 57996
0.011208 57996
0.011216 57996
0.011224 57996
0.011232 57996
0.01124 57996
0.011248 57996
0.011256 57996
0.011264 57996
0.011272 57996
0.01128 57996
0.011288 57996
0.011296 57996
0.011304 57996
0.011312 57996
0.01132 57996
0.011328 57996
0.011336 57996
0.011344 57996
0.011352 57996
0.01136 57996
0.011368 57996
0.011376 57996
0.011384 57996
0.011392 57996
0.0114 57996
0.011408 57996
0.011416 57996
0.011424 57996
0.011432 57996
0.01144 57996
0.011448 57996
0.011456 57996
0.011464 57996
0.011472 57996
0.01148 57996
0.011488 57996
0.011496 57996
0.011504 57996
0.011512 57996
0.01152 57996
0.011528 57996
0.011536 57996
0.011544 57996
0.011552 57996
0.01156 57996
0.011568 57996
0.011576 57996
0.011584 57996
0.011592 57996
0.0116 57996
0.011608 57996
0.011616 57996
0.011624 57996
0.011632 57996
0.01164 57996
0.011648 57996
0.011656 57996
0.011664 57996
0.011672 57996
0.01168 57996
0.011688 57996
0.011696 57996
0.011704 57996
0.011712 57996
0.01172 57996
0.011728 57996
0.011736 57996
0.011744 57996
0.011752 57996
0.01176 57996
0.011768 57996
0.011776 57996
0.011784 57996
0.011792 57996
0.0118 57996
0.011808 57996
0.011816 57996
0.011824 57996
0.011832 57996
0.01184 57996
0.011848 57996
0.011856 57996
0.011864 57996
0.011872 57996
0.01188 57996
0.011888 57996
0.011896 57996
0.011904 57996
0.011912 57996
0.01192 57996
0.011928 57996
0.011936 57996
0.011944 57996
0.011952 57996
0.01196 57996
0.011968 57996
0.011976 57996
0.011984 57996
0.011992 57996
0.012 57996
0.012008 57996
0.012016 57996
0.012024 57996
0.012032 57996
0.01204 57996
0.012048 57996
0.012056 57996
0.012064 57996
0.012072 57996
0.01208 57996
0.012088 57996
0.012096 57996
0.012104 57996
0.012112 57996
0.01212 57996
0.012128 57996
0.012136 57996
0.012144 57996
0.012152 57996
0.01216 57996
0.012168 57996
0.012176 57996
0.012184 57996
0.012192 57996
0.0122 57996
0.012208 57996
0.012216 57996
0.012224 57996
0.012232 57996
0.01224 57996
0.012248 57996
0.012256 57996
0.012264 57996
0.012272 57996
0.01228 57996
0.012288 57996
0.012296 57996
0.012304 57996
0.012312 57996
0.01232 57996
0.012328 57996
0.012336 57996
0.012344 57996
0.012352 57996
0.01236 57996
0.012368 57996
0.012376 57996
0.012384 57996
0.012392 57996
0.0124 57996
0.012408 57996
0.012416 57996
0.012424 57996
0.012432 57996
0.01244 57996
0.012448 57996
0.012456 57996
0.012464 57996
0.012472 57996
0.01248 57996
0.012488 57996
0.012496 57996
0.012504 57996
0.012512 57996
0.01252 57996
0.012528 57996
0.012536 57996
0.012544 57996
0.012552 57996
0.01256 57996
0.012568 57996
0.012576 57996
0.012584 57996
0.012592 57996
0.0126 57996
0.012608 57996
0.012616 57996
0.012624 57996
0.012632 57996
0.01264 57996
0.012648 57996
0.012656 57996
0.012664 57996
0.012672 57996
0.01268 57996
0.012688 57996
0.012696 57996
0.012704 57996
0.012712 57996
0.01272 57996
0.012728 57996
0.012736 57996
0.012744 57996
0.012752 57996
0.01276 57996
0.012768 57996
0.012776 57996
0.012784 57996
0.012792 57996
0.0128 57996
0.012808 57996
0.012816 57996
0.012824 57996
0.012832 57996
0.01284 57996
0.012848 57996
0.012856 57996
0.012864 57996
0.012872 57996
0.01288 57996
0.012888 57996
0.012896 57996
0.012904 57996
0.012912 57996
0.01292 57996
0.012928 57996
0.012936 57996
0.012944 57996
0.012952 57996
0.01296 57996
0.012968 57996
0.012976 57996
0.012984 57996
0.012992 57996
0.013 57996
0.013008 57996
0.013016 57996
0.013024 57996
0.013032 57996
0.01304 57996
0.013048 57996
0.013056 57996
0.013064 57996
0.013072 57996
0.01308 57996
0.013088 57996
0.013096 57996
0.013104 57996
0.013112 57996
0.01312 57996
0.013128 57996
0.013136 57996
0.013144 57996
0.013152 57996
0.01316 57996
0.013168 57996
0.013176 57996
0.013184 57996
0.013192 57996
0.0132 57996
0.013208 57996
0.013216 57996
0.013224 57996
0.013232 57996
0.01324 57996
0.013248 57996
0.013256 57996
0.013264 57996
0.013272 57996
0.01328 57996
0.013288 57996
0.013296 57996
0.013304 57996
0.013312 57996
0.01332 57996
0.013328 57996
0.013336 57996
0.013344 57996
0.013352 57996
0.01336 57996
0.013368 57996
0.013376 57996
0.013384 57996
0.013392 57996
0.0134 57996
0.013408 57996
0.013416 57996
0.013424 57996
0.013432 57996
0.01344 57996
0.013448 57996
0.013456 57996
0.013464 57996
0.013472 57996
0.01348 57996
0.013488 57996
0.013496 57996
0.013504 57996
0.013512 57996
0.01352 57996
0.013528 57996
0.013536 57996
0.013544 57996
0.013552 57996
0.01356 57996
0.013568 57996
0.013576 57996
0.013584 57996
0.013592 57996
0.0136 57996
0.013608 57996
0.013616 57996
0.013624 57996
0.013632 57996
0.01364 57996
0.013648 57996
0.013656 57996
0.013664 57996
0.013672 57996
0.01368 57996
0.013688 57996
0.013696 57996
0.013704 57996
0.013712 57996
0.01372 57996
0.013728 57996
0.013736 57996
0.013744 57996
0.013752 57996
0.01376 57996
0.013768 57996
0.013776 57996
0.013784 57996
0.013792 57996
0.0138 57996
0.013808 57996
0.013816 57996
0.013824 57996
0.013832 57996
0.01384 57996
0.013848 57996
0.013856 57996
0.013864 57996
0.013872 57996
0.01388 57996
0.013888 57996
0.013896 57996
0.013904 57996
0.013912 57996
0.01392 57996
0.013928 57996
0.013936 57996
0.013944 57996
0.013952 57996
0.01396 57996
0.013968 57996
0.013976 57996
0.013984 57996
0.013992 57996
0.014 57996
0.014008 57996
0.014016 57996
0.014024 57996
0.014032 57996
0.01404 57996
0.014048 57996
0.014056 57996
0.014064 57996
0.014072 57996
0.01408 57996
0.014088 57996
0.014096 57996
0.014104 57996
0.014112 57996
0.01412 57996
0.014128 57996
0.014136 57996
0.014144 57996
0.014152 57996
0.01416 57996
0.014168 57996
0.014176 57996
0.014184 57996
0.014192 57996
0.0142 57996
0.014208 57996
0.014216 57996
0.014224 57996
0.014232 57996
0.01424 57996
0.014248 57996
0.014256 57996
0.014264 57996
0.014272 57996
0.01428 57996
0.014288 57996
0.014296 57996
0.014304 57996
0.014312 57996
0.01432 57996
0.014328 57996
0.014336 57996
0.014344 57996
0.014352 57996
0.01436 57996
0.014368 57996
0.014376 57996
0.014384 57996
0.014392 57996
0.0144 57996
0.014408 57996
0.014416 57996
0.014424 57996
0.014432 57996
0.01444 57996
0.014448 57996
0.014456 57996
0.014464 57996
0.014472 57996
0.01448 57996
0.014488 57996
0.014496 57996
0.014504 57996
0.014512 57996
0.01452 57996
0.014528 57996
0.014536 57996
0.014544 57996
0.014552 57996
0.01456 57996
0.014568 57996
0.014576 57996
0.014584 57996
0.014592 57996
0.0146 57996
0.014608 57996
0.014616 57996
0.014624 57996
0.014632 57996
0.01464 57996
0.014648 57996
0.014656 57996
0.014664 57996
0.014672 57996
0.01468 57996
0.014688 57996
0.014696 57996
0.014704 57996
0.014712 57996
0.01472 57996
0.014728 57996
0.014736 57996
0.014744 57996
0.014752 57996
0.01476 57996
0.014768 57996
0.014776 57996
0.014784 57996
0.014792 57996
0.0148 57996
0.014808 57996
0.014816 57996
0.014824 57996
0.014832 57996
0.01484 57996
0.014848 57996
0.014856 57996
0.014864 57996
0.014872 57996
0.01488 57996
0.014888 57996
0.014896 57996
0.014904 57996
0.014912 57996
0.01492 57996
0.014928 57996
0.014936 57996
0.014944 57996
0.014952 57996
0.01496 57996
0.014968 57996
0.014976 57996
0.014984 57996
0.014992 57996
0.015 57996
0.015008 57996
0.015016 57996
0.015024 57996
0.015032 57996
0.01504 57996
0.015048 57996
0.015056 57996
0.015064 57996
0.015072 57996
0.01508 57996
0.015088 57996
0.015096 57996
0.015104 57996
0.015112 57996
0.01512 57996
0.015128 57996
0.015136 57996
0.015144 57996
0.015152 57996
0.01516 57996
0.015168 57996
0.015176 57996
0.015184 57996
0.015192 57996
0.0152 57996
0.015208 57996
0.015216 57996
0.015224 57996
0.015232 57996
0.01524 57996
0.015248 57996
0.015256 57996
0.015264 57996
0.015272 57996
0.01528 57996
0.015288 57996
0.015296 57996
0.015304 57996
0.015312 57996
0.01532 57996
0.015328 57996
0.015336 57996
0.015344 57996
0.015352 57996
0.01536 57996
0.015368 57996
0.015376 57996
0.015384 57996
0.015392 57996
0.0154 57996
0.015408 57996
0.015416 57996
0.015424 57996
0.015432 57996
0.01544 57996
0.015448 57996
0.015456 57996
0.015464 57996
0.015472 57996
0.01548 57996
0.015488 57996
0.015496 57996
0.015504 57996
0.015512 57996
0.01552 57996
0.015528 57996
0.015536 57996
0.015544 57996
0.015552 57996
0.01556 57996
0.015568 57996
0.015576 57996
0.015584 57996
0.015592 57996
0.0156 57996
0.015608 57996
0.015616 57996
0.015624 57996
0.015632 57996
0.01564 57996
0.015648 57996
0.015656 57996
0.015664 57996
0.015672 57996
0.01568 57996
0.015688 57996
0.015696 57996
0.015704 57996
0.015712 57996
0.01572 57996
0.015728 57996
0.015736 57996
0.015744 57996
0.015752 57996
0.01576 57996
0.015768 57996
0.015776 57996
0.015784 57996
0.015792 57996
0.0158 57996
0.015808 57996
0.015816 57996
0.015824 57996
0.015832 57996
0.01584 57996
0.015848 57996
0.015856 57996
0.015864 57996
0.015872 57996
0.01588 57996
0.015888 57996
0.015896 57996
0.015904 57996
0.015912 57996
0.01592 57996
0.015928 57996
0.015936 57996
0.015944 57996
0.015952 57996
0.01596 57996
0.015968 57996
0.015976 57996
0.015984 57996
0.015992 57996
0.016 57996
0.016008 57996
0.016016 57996
0.016024 57996
0.016032 57996
0.01604 57996
0.016048 57996
0.016056 57996
0.016064 57996
0.016072 57996
0.01608 57996
0.016088 57996
0.016096 57996
0.016104 57996
0.016112 57996
0.01612 57996
0.016128 57996
0.016136 57996
0.016144 57996
0.016152 57996
0.01616 57996
0.016168 57996
0.016176 57996
0.016184 57996
0.016192 57996
0.0162 57996
0.016208 57996
0.016216 57996
0.016224 57996
0.016232 57996
0.01624 57996
0.016248 57996
0.016256 57996
0.016264 57996
0.016272 57996
0.01628 57996
0.016288 57996
0.016296 57996
0.016304 57996
0.016312 57996
0.01632 57996
0.016328 57996
0.016336 57996
0.016344 57996
0.016352 57996
0.01636 57996
0.016368 57996
0.016376 57996
0.016384 57996
0.016392 57996
0.0164 57996
0.016408 57996
0.016416 57996
0.016424 57996
0.016432 57996
0.01644 57996
0.016448 57996
0.016456 57996
0.016464 57996
0.016472 57996
0.01648 57996
0.016488 57996
0.016496 57996
0.016504 57996
0.016512 57996
0.01652 57996
0.016528 57996
0.016536 57996
0.016544 57996
0.016552 57996
0.01656 57996
0.016568 57996
0.016576 57996
0.016584 57996
0.016592 57996
0.0166 57996
0.016608 57996
0.016616 57996
0.016624 57996
0.016632 57996
0.01664 57996
0.016648 57996
0.016656 57996
0.016664 57996
0.016672 57996
0.01668 57996
0.016688 57996
0.016696 57996
0.016704 57996
0.016712 57996
0.01672 57996
0.016728 57996
0.016736 57996
0.016744 57996
0.016752 57996
0.01676 57996
0.016768 57996
0.016776 57996
0.016784 57996
0.016792 57996
0.0168 57996
0.016808 57996
0.016816 57996
0.016824 57996
0.016832 57996
0.01684 57996
0.016848 57996
0.016856 57996
0.016864 57996
0.016872 57996
0.01688 57996
0.016888 57996
0.016896 57996
0.016904 57996
0.016912 57996
0.01692 57996
0.016928 57996
0.016936 57996
0.016944 57996
0.016952 57996
0.01696 57996
0.016968 57996
0.016976 57996
0.016984 57996
0.016992 57996
0.017 57996
0.017008 57996
0.017016 57996
0.017024 57996
0.017032 57996
0.01704 57996
0.017048 57996
0.017056 57996
0.017064 57996
0.017072 57996
0.01708 57996
0.017088 57996
0.017096 57996
0.017104 57996
0.017112 57996
0.01712 57996
0.017128 57996
0.017136 57996
0.017144 57996
0.017152 57996
0.01716 57996
0.017168 57996
0.017176 57996
0.017184 57996
0.017192 57996
0.0172 57996
0.017208 57996
0.017216 57996
0.017224 57996
0.017232 57996
0.01724 57996
0.017248 57996
0.017256 57996
0.017264 57996
0.017272 57996
0.01728 57996
0.017288 57996
0.017296 57996
0.017304 57996
0.017312 57996
0.01732 57996
0.017328 57996
0.017336 57996
0.017344 57996
0.017352 57996
0.01736 57996
0.017368 57996
0.017376 57996
0.017384 57996
0.017392 57996
0.0174 57996
0.017408 57996
0.017416 57996
0.017424 57996
0.017432 57996
0.01744 57996
0.017448 57996
0.017456 57996
0.017464 57996
0.017472 57996
0.01748 57996
0.017488 57996
0.017496 57996
0.017504 57996
0.017512 57996
0.01752 57996
0.017528 57996
0.017536 57996
0.017544 57996
0.017552 57996
0.01756 57996
0.017568 57996
0.017576 57996
0.017584 57996
0.017592 57996
0.0176 57996
0.017608 57996
0.017616 57996
0.017624 57996
0.017632 57996
0.01764 57996
0.017648 57996
0.017656 57996
0.017664 57996
0.017672 57996
0.01768 57996
0.017688 57996
0.017696 57996
0.017704 57996
0.017712 57996
0.01772 57996
0.017728 57996
0.017736 57996
0.017744 57996
0.017752 57996
0.01776 57996
0.017768 57996
0.017776 57996
0.017784 57996
0.017792 57996
0.0178 57996
0.017808 57996
0.017816 57996
0.017824 57996
0.017832 57996
0.01784 57996
0.017848 57996
0.017856 57996
0.017864 57996
0.017872 57996
0.01788 57996
0.017888 57996
0.017896 57996
0.017904 57996
0.017912 57996
0.01792 57996
0.017928 57996
0.017936 57996
0.017944 57996
0.017952 57996
0.01796 57996
0.017968 57996
0.017976 57996
0.017984 57996
0.017992 57996
0.018 57996
0.018008 57996
0.018016 57996
0.018024 57996
0.018032 57996
0.01804 57996
0.018048 57996
0.018056 57996
0.018064 57996
0.018072 57996
0.01808 57996
0.018088 57996
0.018096 57996
0.018104 57996
0.018112 57996
0.01812 57996
0.018128 57996
0.018136 57996
0.018144 57996
0.018152 57996
0.01816 57996
0.018168 57996
0.018176 57996
0.018184 57996
0.018192 57996
0.0182 57996
0.018208 57996
0.018216 57996
0.018224 57996
0.018232 57996
0.01824 57996
0.018248 57996
0.018256 57996
0.018264 57996
0.018272 57996
0.01828 57996
0.018288 57996
0.018296 57996
0.018304 57996
0.018312 57996
0.01832 57996
0.018328 57996
0.018336 57996
0.018344 57996
0.018352 57996
0.01836 57996
0.018368 57996
0.018376 57996
0.018384 57996
0.018392 57996
0.0184 57996
0.018408 57996
0.018416 57996
0.018424 57996
0.018432 57996
0.01844 57996
0.018448 57996
0.018456 57996
0.018464 57996
0.018472 57996
0.01848 57996
0.018488 57996
0.018496 57996
0.018504 57996
0.018512 57996
0.01852 57996
0.018528 57996
0.018536 57996
0.018544 57996
0.018552 57996
0.01856 57996
0.018568 57996
0.018576 57996
0.018584 57996
0.018592 57996
0.0186 57996
0.018608 57996
0.018616 57996
0.018624 57996
0.018632 57996
0.01864 57996
0.018648 57996
0.018656 57996
0.018664 57996
0.018672 57996
0.01868 57996
0.018688 57996
0.018696 57996
0.018704 57996
0.018712 57996
0.01872 57996
0.018728 57996
0.018736 57996
0.018744 57996
0.018752 57996
0.01876 57996
0.018768 57996
0.018776 57996
0.018784 57996
0.018792 57996
0.0188 57996
0.018808 57996
0.018816 57996
0.018824 57996
0.018832 57996
0.01884 57996
0.018848 57996
0.018856 57996
0.018864 57996
0.018872 57996
0.01888 57996
0.018888 57996
0.018896 57996
0.018904 57996
0.018912 57996
0.01892 57996
0.018928 57996
0.018936 57996
0.018944 57996
0.018952 57996
0.01896 57996
0.018968 57996
0.018976 57996
0.018984 57996
0.018992 57996
0.019 57996
0.019008 57996
0.019016 57996
0.019024 57996
0.019032 57996
0.01904 57996
0.019048 57996
0.019056 57996
0.019064 57996
0.019072 57996
0.01908 57996
0.019088 57996
0.019096 57996
0.019104 57996
0.019112 57996
0.01912 57996
0.019128 57996
0.019136 57996
0.019144 57996
0.019152 57996
0.01916 57996
0.019168 57996
0.019176 57996
0.019184 57996
0.019192 57996
0.0192 57996
0.019208 57996
0.019216 57996
0.019224 57996
0.019232 57996
0.01924 57996
0.019248 57996
0.019256 57996
0.019264 57996
0.019272 57996
0.01928 57996
0.019288 57996
0.019296 57996
0.019304 57996
0.019312 57996
0.01932 57996
0.019328 57996
0.019336 57996
0.019344 57996
0.019352 57996
0.01936 57996
0.019368 57996
0.019376 57996
0.019384 57996
0.019392 57996
0.0194 57996
0.019408 57996
0.019416 57996
0.019424 57996
0.019432 57996
0.01944 57996
0.019448 57996
0.019456 57996
0.019464 57996
0.019472 57996
0.01948 57996
0.019488 57996
0.019496 57996
0.019504 57996
0.019512 57996
0.01952 57996
0.019528 57996
0.019536 57996
0.019544 57996
0.019552 57996
0.01956 57996
0.019568 57996
0.019576 57996
0.019584 57996
0.019592 57996
0.0196 57996
0.019608 57996
0.019616 57996
0.019624 57996
0.019632 57996
0.01964 57996
0.019648 57996
0.019656 57996
0.019664 57996
0.019672 57996
0.01968 57996
0.019688 57996
0.019696 57996
0.019704 57996
0.019712 57996
0.01972 57996
0.019728 57996
0.019736 57996
0.019744 57996
0.019752 57996
0.01976 57996
0.019768 57996
0.019776 57996
0.019784 57996
0.019792 57996
0.0198 57996
0.019808 57996
0.019816 57996
0.019824 57996
0.019832 57996
0.01984 57996
0.019848 57996
0.019856 57996
0.019864 57996
0.019872 57996
0.01988 57996
0.019888 57996
0.019896 57996
0.019904 57996
0.019912 57996
0.01992 57996
0.019928 57996
0.019936 57996
0.019944 57996
0.019952 57996
0.01996 57996
0.019968 57996
0.019976 57996
0.019984 57996
0.019992 57996
0.02 57996
0.020008 57996
0.020016 57996
0.020024 57996
0.020032 57996
0.02004 57996
0.020048 57996
0.020056 57996
0.020064 57996
0.020072 57996
0.02008 57996
0.020088 57996
0.020096 57996
0.020104 57996
0.020112 57996
0.02012 57996
0.020128 57996
0.020136 57996
0.020144 57996
0.020152 57996
0.02016 57996
0.020168 57996
0.020176 57996
0.020184 57996
0.020192 57996
0.0202 57996
0.020208 57996
0.020216 57996
0.020224 57996
0.020232 57996
0.02024 57996
0.020248 57996
0.020256 57996
0.020264 57996
0.020272 57996
0.02028 57996
0.020288 57996
0.020296 57996
0.020304 57996
0.020312 57996
0.02032 57996
0.020328 57996
0.020336 57996
0.020344 57996
0.020352 57996
0.02036 57996
0.020368 57996
0.020376 57996
0.020384 57996
0.020392 57996
0.0204 57996
0.020408 57996
0.020416 57996
0.020424 57996
0.020432 57996
0.02044 57996
0.020448 57996
0.020456 57996
0.020464 57996
0.020472 57996
0.02048 57996
0.020488 57996
0.020496 57996
0.020504 57996
0.020512 57996
0.02052 57996
0.020528 57996
0.020536 57996
0.020544 57996
0.020552 57996
0.02056 57996
0.020568 57996
0.020576 57996
0.020584 57996
0.020592 57996
0.0206 57996
0.020608 57996
0.020616 57996
0.020624 57996
0.020632 57996
0.02064 57996
0.020648 57996
0.020656 57996
0.020664 57996
0.020672 57996
0.02068 57996
0.020688 57996
0.020696 57996
0.020704 57996
0.020712 57996
0.02072 57996
0.020728 57996
0.020736 57996
0.020744 57996
0.020752 57996
0.02076 57996
0.020768 57996
0.020776 57996
0.020784 57996
0.020792 57996
0.0208 57996
0.020808 57996
0.020816 57996
0.020824 57996
0.020832 57996
0.02084 57996
0.020848 57996
0.020856 57996
0.020864 57996
0.020872 57996
0.02088 57996
0.020888 57996
0.020896 57996
0.020904 57996
0.020912 57996
0.02092 57996
0.020928 57996
0.020936 57996
0.020944 57996
0.020952 57996
0.02096 57996
0.020968 57996
0.020976 57996
0.020984 57996
0.020992 57996
0.021 57996
0.021008 57996
0.021016 57996
0.021024 57996
0.021032 57996
0.02104 57996
0.021048 57996
0.021056 57996
0.021064 57996
0.021072 57996
0.02108 57996
0.021088 57996
0.021096 57996
0.021104 57996
0.021112 57996
0.02112 57996
0.021128 57996
0.021136 57996
0.021144 57996
0.021152 57996
0.02116 57996
0.021168 57996
0.021176 57996
0.021184 57996
0.021192 57996
0.0212 57996
0.021208 57996
0.021216 57996
0.021224 57996
0.021232 57996
0.02124 57996
0.021248 57996
0.021256 57996
0.021264 57996
0.021272 57996
0.02128 57996
0.021288 57996
0.021296 57996
0.021304 57996
0.021312 57996
0.02132 57996
0.021328 57996
0.021336 57996
0.021344 57996
0.021352 57996
0.02136 57996
0.021368 57996
0.021376 57996
0.021384 57996
0.021392 57996
0.0214 57996
0.021408 57996
0.021416 57996
0.021424 57996
0.021432 57996
0.02144 57996
0.021448 57996
0.021456 57996
0.021464 57996
0.021472 57996
0.02148 57996
0.021488 57996
0.021496 57996
0.021504 57996
0.021512 57996
0.02152 57996
0.021528 57996
0.021536 57996
0.021544 57996
0.021552 57996
0.02156 57996
0.021568 57996
0.021576 57996
0.021584 57996
0.021592 57996
0.0216 57996
0.021608 57996
0.021616 57996
0.021624 57996
0.021632 57996
0.02164 57996
0.021648 57996
0.021656 57996
0.021664 57996
0.021672 57996
0.02168 57996
0.021688 57996
0.021696 57996
0.021704 57996
0.021712 57996
0.02172 57996
0.021728 57996
0.021736 57996
0.021744 57996
0.021752 57996
0.02176 57996
0.021768 57996
0.021776 57996
0.021784 57996
0.021792 57996
0.0218 57996
0.021808 57996
0.021816 57996
0.021824 57996
0.021832 57996
0.02184 57996
0.021848 57996
0.021856 57996
0.021864 57996
0.021872 57996
0.02188 57996
0.021888 57996
0.021896 57996
0.021904 57996
0.021912 57996
0.02192 57996
0.021928 57996
0.021936 57996
0.021944 57996
0.021952 57996
0.02196 57996
0.021968 57996
0.021976 57996
0.021984 57996
0.021992 57996
0.022 57996
0.022008 57996
0.022016 57996
0.022024 57996
0.022032 57996
0.02204 57996
0.022048 57996
0.022056 57996
0.022064 57996
0.022072 57996
0.02208 57996
0.022088 57996
0.022096 57996
0.022104 57996
0.022112 57996
0.02212 57996
0.022128 57996
0.022136 57996
0.022144 57996
0.022152 57996
0.02216 57996
0.022168 57996
0.022176 57996
0.022184 57996
0.022192 57996
0.0222 57996
0.022208 57996
0.022216 57996
0.022224 57996
0.022232 57996
0.02224 57996
0.022248 57996
0.022256 57996
0.022264 57996
0.022272 57996
0.02228 57996
0.022288 57996
0.022296 57996
0.022304 57996
0.022312 57996
0.02232 57996
0.022328 57996
0.022336 57996
0.022344 57996
0.022352 57996
0.02236 57996
0.022368 57996
0.022376 57996
0.022384 57996
0.022392 57996
0.0224 57996
0.022408 57996
0.022416 57996
0.022424 57996
0.022432 57996
0.02244 57996
0.022448 57996
0.022456 57996
0.022464 57996
0.022472 57996
0.02248 57996
0.022488 57996
0.022496 57996
0.022504 57996
0.022512 57996
0.02252 57996
0.022528 57996
0.022536 57996
0.022544 57996
0.022552 57996
0.02256 57996
0.022568 57996
0.022576 57996
0.022584 57996
0.022592 57996
0.0226 57996
0.022608 57996
0.022616 57996
0.022624 57996
0.022632 57996
0.02264 57996
0.022648 57996
0.022656 57996
0.022664 57996
0.022672 57996
0.02268 57996
0.022688 57996
0.022696 57996
0.022704 57996
0.022712 57996
0.02272 57996
0.022728 57996
0.022736 57996
0.022744 57996
0.022752 57996
0.02276 57996
0.022768 57996
0.022776 57996
0.022784 57996
0.022792 57996
0.0228 57996
0.022808 57996
0.022816 57996
0.022824 57996
0.022832 57996
0.02284 57996
0.022848 57996
0.022856 57996
0.022864 57996
0.022872 57996
0.02288 57996
0.022888 57996
0.022896 57996
0.022904 57996
0.022912 57996
0.02292 57996
0.022928 57996
0.022936 57996
0.022944 57996
0.022952 57996
0.02296 57996
0.022968 57996
0.022976 57996
0.022984 57996
0.022992 57996
0.023 57996
0.023008 57996
0.023016 57996
0.023024 57996
0.023032 57996
0.02304 57996
0.023048 57996
0.023056 57996
0.023064 57996
0.023072 57996
0.02308 57996
0.023088 57996
0.023096 57996
0.023104 57996
0.023112 57996
0.02312 57996
0.023128 57996
0.023136 57996
0.023144 57996
0.023152 57996
0.02316 57996
0.023168 57996
0.023176 57996
0.023184 57996
0.023192 57996
0.0232 57996
0.023208 57996
0.023216 57996
0.023224 57996
0.023232 57996
0.02324 57996
0.023248 57996
0.023256 57996
0.023264 57996
0.023272 57996
0.02328 57996
0.023288 57996
0.023296 57996
0.023304 57996
0.023312 57996
0.02332 57996
0.023328 57996
0.023336 57996
0.023344 57996
0.023352 57996
0.02336 57996
0.023368 57996
0.023376 57996
0.023384 57996
0.023392 57996
0.0234 57996
0.023408 57996
0.023416 57996
0.023424 57996
0.023432 57996
0.02344 57996
0.023448 57996
0.023456 57996
0.023464 57996
0.023472 57996
0.02348 57996
0.023488 57996
0.023496 57996
0.023504 57996
0.023512 57996
0.02352 57996
0.023528 57996
0.023536 57996
0.023544 57996
0.023552 57996
0.02356 57996
0.023568 57996
0.023576 57996
0.023584 57996
0.023592 57996
0.0236 57996
0.023608 57996
0.023616 57996
0.023624 57996
0.023632 57996
0.02364 57996
0.023648 57996
0.023656 57996
0.023664 57996
0.023672 57996
0.02368 57996
0.023688 57996
0.023696 57996
0.023704 57996
0.023712 57996
0.02372 57996
0.023728 57996
0.023736 57996
0.023744 57996
0.023752 57996
0.02376 57996
0.023768 57996
0.023776 57996
0.023784 57996
0.023792 57996
0.0238 57996
0.023808 57996
0.023816 57996
0.023824 57996
0.023832 57996
0.02384 57996
0.023848 57996
0.023856 57996
0.023864 57996
0.023872 57996
0.02388 57996
0.023888 57996
0.023896 57996
0.023904 57996
0.023912 57996
0.02392 57996
0.023928 57996
0.023936 57996
0.023944 57996
0.023952 57996
0.02396 57996
0.023968 57996
0.023976 57996
0.023984 57996
0.023992 57996
0.024 57996
0.024008 57996
0.024016 57996
0.024024 57996
0.024032 57996
0.02404 57996
0.024048 57996
0.024056 57996
0.024064 57996
0.024072 57996
0.02408 57996
0.024088 57996
0.024096 57996
0.024104 57996
0.024112 57996
0.02412 57996
0.024128 57996
0.024136 57996
0.024144 57996
0.024152 57996
0.02416 57996
0.024168 57996
0.024176 57996
0.024184 57996
0.024192 57996
0.0242 57996
0.024208 57996
0.024216 57996
0.024224 57996
0.024232 57996
0.02424 57996
0.024248 57996
0.024256 57996
0.024264 57996
0.024272 57996
0.02428 57996
0.024288 57996
0.024296 57996
0.024304 57996
0.024312 57996
0.02432 57996
0.024328 57996
0.024336 57996
0.024344 57996
0.024352 57996
0.02436 57996
0.024368 57996
0.024376 57996
0.024384 57996
0.024392 57996
0.0244 57996
0.024408 57996
0.024416 57996
0.024424 57996
0.024432 57996
0.02444 57996
0.024448 57996
0.024456 57996
0.024464 57996
0.024472 57996
0.02448 57996
0.024488 57996
0.024496 57996
0.024504 57996
0.024512 57996
0.02452 57996
0.024528 57996
0.024536 57996
0.024544 57996
0.024552 57996
0.02456 57996
0.024568 57996
0.024576 57996
0.024584 57996
0.024592 57996
0.0246 57996
0.024608 57996
0.024616 57996
0.024624 57996
0.024632 57996
0.02464 57996
0.024648 57996
0.024656 57996
0.024664 57996
0.024672 57996
0.02468 57996
0.024688 57996
0.024696 57996
0.024704 57996
0.024712 57996
0.02472 57996
0.024728 57996
0.024736 57996
0.024744 57996
0.024752 57996
0.02476 57996
0.024768 57996
0.024776 57996
0.024784 57996
0.024792 57996
0.0248 57996
0.024808 57996
0.024816 57996
0.024824 57996
0.024832 57996
0.02484 57996
0.024848 57996
0.024856 57996
0.024864 57996
0.024872 57996
0.02488 57996
0.024888 57996
0.024896 57996
0.024904 57996
0.024912 57996
0.02492 57996
0.024928 57996
0.024936 57996
0.024944 57996
0.024952 57996
0.02496 57996
0.024968 57996
0.024976 57996
0.024984 57996
0.024992 57996
0.025 57996
0.025008 57996
0.025016 57996
0.025024 57996
0.025032 57996
0.02504 57996
0.025048 57996
0.025056 57996
0.025064 57996
0.025072 57996
0.02508 57996
0.025088 57996
0.025096 57996
0.025104 57996
0.025112 57996
0.02512 57996
0.025128 57996
0.025136 57996
0.025144 57996
0.025152 57996
0.02516 57996
0.025168 57996
0.025176 57996
0.025184 57996
0.025192 57996
0.0252 57996
0.025208 57996
0.025216 57996
0.025224 57996
0.025232 57996
0.02524 57996
0.025248 57996
0.025256 57996
0.025264 57996
0.025272 57996
0.02528 57996
0.025288 57996
0.025296 57996
0.025304 57996
0.025312 57996
0.02532 57996
0.025328 57996
0.025336 57996
0.025344 57996
0.025352 57996
0.02536 57996
0.025368 57996
0.025376 57996
0.025384 57996
0.025392 57996
0.0254 57996
0.025408 57996
0.025416 57996
0.025424 57996
0.025432 57996
0.02544 57996
0.025448 57996
0.025456 57996
0.025464 57996
0.025472 57996
0.02548 57996
0.025488 57996
0.025496 57996
0.025504 57996
0.025512 57996
0.02552 57996
0.025528 57996
0.025536 57996
0.025544 57996
0.025552 57996
0.02556 57996
0.025568 57996
0.025576 57996
0.025584 57996
0.025592 57996
0.0256 57996
0.025608 57996
0.025616 57996
0.025624 57996
0.025632 57996
0.02564 57996
0.025648 57996
0.025656 57996
0.025664 57996
0.025672 57996
0.02568 57996
0.025688 57996
0.025696 57996
0.025704 57996
0.025712 57996
0.02572 57996
0.025728 57996
0.025736 57996
0.025744 57996
0.025752 57996
0.02576 57996
0.025768 57996
0.025776 57996
0.025784 57996
0.025792 57996
0.0258 57996
0.025808 57996
0.025816 57996
0.025824 57996
0.025832 57996
0.02584 57996
0.025848 57996
0.025856 57996
0.025864 57996
0.025872 57996
0.02588 57996
0.025888 57996
0.025896 57996
0.025904 57996
0.025912 57996
0.02592 57996
0.025928 57996
0.025936 57996
0.025944 57996
0.025952 57996
0.02596 57996
0.025968 57996
0.025976 57996
0.025984 57996
0.025992 57996
0.026 57996
0.026008 57996
0.026016 57996
0.026024 57996
0.026032 57996
0.02604 57996
0.026048 57996
0.026056 57996
0.026064 57996
0.026072 57996
0.02608 57996
0.026088 57996
0.026096 57996
0.026104 57996
0.026112 57996
0.02612 57996
0.026128 57996
0.026136 57996
0.026144 57996
0.026152 57996
0.02616 57996
0.026168 57996
0.026176 57996
0.026184 57996
0.026192 57996
0.0262 57996
0.026208 57996
0.026216 57996
0.026224 57996
0.026232 57996
0.02624 57996
0.026248 57996
0.026256 57996
0.026264 57996
0.026272 57996
0.02628 57996
0.026288 57996
0.026296 57996
0.026304 57996
0.026312 57996
0.02632 57996
0.026328 57996
0.026336 57996
0.026344 57996
0.026352 57996
0.02636 57996
0.026368 57996
0.026376 57996
0.026384 57996
0.026392 57996
0.0264 57996
0.026408 57996
0.026416 57996
0.026424 57996
0.026432 57996
0.02644 57996
0.026448 57996
0.026456 57996
0.026464 57996
0.026472 57996
0.02648 57996
0.026488 57996
0.026496 57996
0.026504 57996
0.026512 57996
0.02652 57996
0.026528 57996
0.026536 57996
0.026544 57996
0.026552 57996
0.02656 57996
0.026568 57996
0.026576 57996
0.026584 57996
0.026592 57996
0.0266 57996
0.026608 57996
0.026616 57996
0.026624 57996
0.026632 57996
0.02664 57996
0.026648 57996
0.026656 57996
0.026664 57996
0.026672 57996
0.02668 57996
0.026688 57996
0.026696 57996
0.026704 57996
0.026712 57996
0.02672 57996
0.026728 57996
0.026736 57996
0.026744 57996
0.026752 57996
0.02676 57996
0.026768 57996
0.026776 57996
0.026784 57996
0.026792 57996
0.0268 57996
0.026808 57996
0.026816 57996
0.026824 57996
0.026832 57996
0.02684 57996
0.026848 57996
0.026856 57996
0.026864 57996
0.026872 57996
0.02688 57996
0.026888 57996
0.026896 57996
0.026904 57996
0.026912 57996
0.02692 57996
0.026928 57996
0.026936 57996
0.026944 57996
0.026952 57996
0.02696 57996
0.026968 57996
0.026976 57996
0.026984 57996
0.026992 57996
0.027 57996
0.027008 57996
0.027016 57996
0.027024 57996
0.027032 57996
0.02704 57996
0.027048 57996
0.027056 57996
0.027064 57996
0.027072 57996
0.02708 57996
0.027088 57996
0.027096 57996
0.027104 57996
0.027112 57996
0.02712 57996
0.027128 57996
0.027136 57996
0.027144 57996
0.027152 57996
0.02716 57996
0.027168 57996
0.027176 57996
0.027184 57996
0.027192 57996
0.0272 57996
0.027208 57996
0.027216 57996
0.027224 57996
0.027232 57996
0.02724 57996
0.027248 57996
0.027256 57996
0.027264 57996
0.027272 57996
0.02728 57996
0.027288 57996
0.027296 57996
0.027304 57996
0.027312 57996
0.02732 57996
0.027328 57996
0.027336 57996
0.027344 57996
0.027352 57996
0.02736 57996
0.027368 57996
0.027376 57996
0.027384 57996
0.027392 57996
0.0274 57996
0.027408 57996
0.027416 57996
0.027424 57996
0.027432 57996
0.02744 57996
0.027448 57996
0.027456 57996
0.027464 57996
0.027472 57996
0.02748 57996
0.027488 57996
0.027496 57996
0.027504 57996
0.027512 57996
0.02752 57996
0.027528 57996
0.027536 57996
0.027544 57996
0.027552 57996
0.02756 57996
0.027568 57996
0.027576 57996
0.027584 57996
0.027592 57996
0.0276 57996
0.027608 57996
0.027616 57996
0.027624 57996
0.027632 57996
0.02764 57996
0.027648 57996
0.027656 57996
0.027664 57996
0.027672 57996
0.02768 57996
0.027688 57996
0.027696 57996
0.027704 57996
0.027712 57996
0.02772 57996
0.027728 57996
0.027736 57996
0.027744 57996
0.027752 57996
0.02776 57996
0.027768 57996
0.027776 57996
0.027784 57996
0.027792 57996
0.0278 57996
0.027808 57996
0.027816 57996
0.027824 57996
0.027832 57996
0.02784 57996
0.027848 57996
0.027856 57996
0.027864 57996
0.027872 57996
0.02788 57996
0.027888 57996
0.027896 57996
0.027904 57996
0.027912 57996
0.02792 57996
0.027928 57996
0.027936 57996
0.027944 57996
0.027952 57996
0.02796 57996
0.027968 57996
0.027976 57996
0.027984 57996
0.027992 57996
0.028 57996
1 57996
