9.4231e-06 53782
1.8846e-05 53782
2.8269e-05 53782
3.7692e-05 53781
4.7115e-05 53781
5.6538e-05 53781
6.5962e-05 53781
7.5385e-05 53781
8.4808e-05 53781
9.4231e-05 53781
0.00010365 53780
0.00011308 53779
0.0001225 53778
0.00013192 53776
0.00014135 53774
0.00015077 53770
0.00016019 53764
0.00016962 53756
0.00017904 53745
0.00018846 53729
0.00019788 53706
0.00020731 53676
0.00021673 53634
0.00022615 53577
0.00023558 53502
0.000245 53402
0.00025442 53272
0.00026385 53103
0.00027327 52888
0.00028269 52616
0.00029212 52275
0.00030154 51854
0.00031096 51340
0.00032038 50719
0.00032981 49980
0.00033923 49109
0.00034865 48099
0.00035808 46941
0.0003675 45634
0.00037692 44178
0.00038635 42579
0.00039577 40850
0.00040519 39008
0.00041462 37074
0.00042404 35074
0.00043346 33036
0.00044288 30990
0.00045231 28965
0.00046173 26988
0.00047115 25085
0.00048058 23275
0.00049 21576
0.00049942 19998
0.00050885 18550
0.00051827 17234
0.00052769 16049
0.00053712 14994
0.00054654 14063
0.00055596 13248
0.00056538 12543
0.00057481 11939
0.00058423 11428
0.00059365 11002
0.00060308 10654
0.0006125 10376
0.00062192 10162
0.00063135 10006
0.00064077 9903.4
0.00065019 9848.2
0.00065962 9836.5
0.00066904 9836.5
0.00067846 9836.5
0.00068788 9836.5
0.00069731 9836.5
0.00070673 9836.5
0.00071615 9836.5
0.00072558 9836.5
0.000735 9836.5
0.00074442 9836.5
0.00075385 9836.5
0.00076327 9836.5
0.00077269 9836.5
0.00078212 9836.5
0.00079154 9836.5
0.00080096 9836.5
0.00081038 9836.5
0.00081981 9836.5
0.00082923 9836.5
0.00083865 9836.5
0.00084808 9836.5
0.0008575 9836.5
0.00086692 9864.4
0.00087635 9928.3
0.00088577 10025
0.00089519 10152
0.00090462 10307
0.00091404 10488
0.00092346 10693
0.00093288 10920
0.00094231 11168
0.00095173 11435
0.00096115 11722
0.00097058 12026
0.00098 12348
0.00098942 12687
0.00099885 13042
0.0010083 13413
0.0010177 13800
0.0010271 14203
0.0010365 14621
0.001046 15054
0.0010554 15502
0.0010648 15965
0.0010742 16443
0.0010837 16935
0.0010931 17442
0.0011025 17962
0.0011119 18496
0.0011213 19044
0.0011308 19604
0.0011402 20177
0.0011496 20761
0.001159 21357
0.0011685 21964
0.0011779 22581
0.0011873 23208
0.0011967 23843
0.0012062 24486
0.0012156 25137
0.001225 25795
0.0012344 26458
0.0012438 27125
0.0012533 27797
0.0012627 28472
0.0012721 29148
0.0012815 29826
0.001291 30504
0.0013004 31181
0.0013098 31857
0.0013192 32530
0.0013287 33199
0.0013381 33864
0.0013475 34523
0.0013569 35177
0.0013663 35823
0.0013758 36462
0.0013852 37091
0.0013946 37712
0.001404 38323
0.0014135 38923
0.0014229 39512
0.0014323 40089
0.0014417 40654
0.0014512 41206
0.0014606 41745
0.00147 42271
0.0014794 42783
0.0014888 43281
0.0014983 43765
0.0015077 44234
0.0015171 44689
0.0015265 45129
0.001536 45554
0.0015454 45965
0.0015548 46362
0.0015642 46744
0.0015737 47112
0.0015831 47465
0.0015925 47804
0.0016019 48130
0.0016113 48442
0.0016208 48741
0.0016302 49026
0.0016396 49299
0.001649 49560
0.0016585 49808
0.0016679 50044
0.0016773 50269
0.0016867 50483
0.0016962 50686
0.0017056 50879
0.001715 51062
0.0017244 51235
0.0017338 51398
0.0017433 51553
0.0017527 51699
0.0017621 51837
0.0017715 51967
0.001781 52090
0.0017904 52205
0.0017998 52314
0.0018092 52416
0.0018187 52512
0.0018281 52601
0.0018375 52686
0.0018469 52765
0.0018563 52838
0.0018658 52908
0.0018752 52972
0.0018846 53032
0.001894 53089
0.0019035 53141
0.0019129 53190
0.0019223 53235
0.0019317 53278
0.0019412 53317
0.0019506 53354
0.00196 53388
0.0019694 53419
0.0019788 53448
0.0019883 53475
0.0019977 53500
0.0020071 53523
0.0020165 53545
0.002026 53564
0.0020354 53583
0.0020448 53600
0.0020542 53615
0.0020637 53629
0.0020731 53642
0.0020825 53655
0.0020919 53666
0.0021013 53676
0.0021108 53685
0.0021202 53694
0.0021296 53702
0.002139 53709
0.0021485 53715
0.0021579 53722
0.0021673 53727
0.0021767 53732
0.0021862 53737
0.0021956 53741
0.002205 53745
0.0022144 53748
0.0022238 53751
0.0022333 53754
0.0022427 53757
0.0022521 53759
0.0022615 53761
0.002271 53763
0.0022804 53765
0.0022898 53767
0.0022992 53768
0.0023087 53770
0.0023181 53771
0.0023275 53772
0.0023369 53773
0.0023463 53774
0.0023558 53775
0.0023652 53775
0.0023746 53776
0.002384 53777
0.0023935 53777
0.0024029 53778
0.0024123 53778
0.0024217 53778
0.0024312 53779
0.0024406 53779
0.00245 53779
0.0024594 53780
0.0024688 53780
0.0024783 53780
0.0024877 53780
0.0024971 53780
0.0025065 53780
0.002516 53781
0.0025254 53781
0.0025348 53781
0.0025442 53781
0.0025537 53781
0.0025631 53781
0.0025725 53781
0.0025819 53781
0.0025913 53781
0.0026008 53781
0.0026102 53781
0.0026196 53781
0.002629 53781
0.0026385 53781
0.0026479 53781
0.0026573 53781
0.0026667 53781
0.0026762 53781
0.0026856 53781
0.002695 53781
0.0027044 53781
0.0027138 53781
0.0027233 53781
0.0027327 53781
0.0027421 53782
0.0027515 53782
0.002761 53782
0.0027704 53782
0.0027798 53782
0.0027892 53782
0.0027987 53782
0.0028081 53782
0.0028175 53782
0.0028269 53782
0.0028363 53782
0.0028458 53782
0.0028552 53782
0.0028646 53782
0.002874 53782
0.0028835 53782
0.0028929 53782
0.0029023 53782
0.0029117 53782
0.0029212 53782
0.0029306 53782
0.00294 53782
0.0029494 53782
0.0029588 53782
0.0029683 53782
0.0029777 53782
0.0029871 53782
0.0029965 53782
0.003006 53782
0.0030154 53782
0.0030248 53782
0.0030342 53782
0.0030437 53782
0.0030531 53782
0.0030625 53782
0.0030719 53782
0.0030813 53782
0.0030908 53782
0.0031002 53782
0.0031096 53782
0.003119 53782
0.0031285 53782
0.0031379 53782
0.0031473 53782
0.0031567 53782
0.0031662 53782
0.0031756 53782
0.003185 53782
0.0031944 53782
0.0032038 53782
0.0032133 53782
0.0032227 53782
0.0032321 53782
0.0032415 53782
0.003251 53782
0.0032604 53782
0.0032698 53782
0.0032792 53782
0.0032887 53782
0.0032981 53782
0.0033075 53782
0.0033169 53782
0.0033263 53782
0.0033358 53782
0.0033452 53782
0.0033546 53782
0.003364 53782
0.0033735 53782
0.0033829 53782
0.0033923 53782
0.0034017 53782
0.0034112 53782
0.0034206 53782
0.00343 53782
0.0034394 53782
0.0034488 53782
0.0034583 53782
0.0034677 53782
0.0034771 53782
0.0034865 53782
0.003496 53782
0.00501 45844
1 45844
