9.4231e-06 2876
1.8846e-05 2876
2.8269e-05 2876
3.7692e-05 2876
4.7115e-05 2876
5.6538e-05 2876.1
6.5962e-05 2876.1
7.5385e-05 2876.1
8.4808e-05 2876.1
9.4231e-05 2876.1
0.00010365 2876.1
0.00011308 2876.1
0.0001225 2876.1
0.00013192 2876.2
0.00014135 2876.2
0.00015077 2876.3
0.00016019 2876.5
0.00016962 2876.7
0.00017904 2877
0.00018846 2877.4
0.00019788 2877.9
0.00020731 2878.7
0.00021673 2879.7
0.00022615 2881.1
0.00023558 2883
0.000245 2885.5
0.00025442 2888.8
0.00026385 2893
0.00027327 2898.5
0.00028269 2905.4
0.00029212 2914.2
0.00030154 2925.1
0.00031096 2938.7
0.00032038 2955.3
0.00032981 2975.5
0.00033923 2999.8
0.00034865 3028.9
0.00035808 3063.3
0.0003675 3103.6
0.00037692 3150.6
0.00038635 3204.9
0.00039577 3267.1
0.00040519 3337.8
0.00041462 3417.4
0.00042404 3506.4
0.00043346 3605.1
0.00044288 3713.5
0.00045231 3831.7
0.00046173 3959.3
0.00047115 4095.9
0.00048058 4240.5
0.00049 4392.2
0.00049942 4549.6
0.00050885 4710.9
0.00051827 4874.4
0.00052769 5038
0.00053712 5199.3
0.00054654 5356.2
0.00055596 5506.5
0.00056538 5647.9
0.00057481 5778.7
0.00058423 5897
0.00059365 6001.8
0.00060308 6091.9
0.0006125 6167
0.00062192 6226.8
0.00063135 6271.5
0.00064077 6301.7
0.00065019 6318
0.00065962 6321.5
0.00066904 6313.2
0.00067846 6294.3
0.00068788 6266
0.00069731 6229.5
0.00070673 6185.9
0.00071615 6136.3
0.00072558 6081.5
0.000735 6022.6
0.00074442 5960.3
0.00075385 5895.2
0.00076327 5828
0.00077269 5759.1
0.00078212 5689
0.00079154 5618.1
0.00080096 5546.7
0.00081038 5475
0.00081981 5403.2
0.00082923 5331.7
0.00083865 5260.5
0.00084808 5189.7
0.0008575 5119.6
0.00086692 5050.2
0.00087635 4981.7
0.00088577 4914
0.00089519 4847.3
0.00090462 4781.7
0.00091404 4717.2
0.00092346 4653.9
0.00093288 4591.7
0.00094231 4530.9
0.00095173 4471.3
0.00096115 4413
0.00097058 4356
0.00098 4300.5
0.00098942 4246.2
0.00099885 4193.4
0.0010083 4141.9
0.0010177 4091.9
0.0010271 4043.2
0.0010365 3995.9
0.001046 3950
0.0010554 3905.5
0.0010648 3862.3
0.0010742 3820.5
0.0010837 3780
0.0010931 3740.8
0.0011025 3702.9
0.0011119 3666.3
0.0011213 3631
0.0011308 3596.8
0.0011402 3563.9
0.0011496 3532.2
0.001159 3501.6
0.0011685 3472.2
0.0011779 3443.9
0.0011873 3416.6
0.0011967 3390.4
0.0012062 3365.3
0.0012156 3341.1
0.001225 3318
0.0012344 3295.7
0.0012438 3274.4
0.0012533 3254
0.0012627 3234.5
0.0012721 3215.7
0.0012815 3197.9
0.001291 3180.7
0.0013004 3164.4
0.0013098 3148.8
0.0013192 3133.9
0.0013287 3119.7
0.0013381 3106.1
0.0013475 3093.2
0.0013569 3080.9
0.0013663 3069.2
0.0013758 3058.1
0.0013852 3047.5
0.0013946 3037.5
0.001404 3027.9
0.0014135 3018.9
0.0014229 3010.3
0.0014323 3002.2
0.0014417 2994.4
0.0014512 2987.1
0.0014606 2980.2
0.00147 2973.7
0.0014794 2967.5
0.0014888 2961.7
0.0014983 2956.2
0.0015077 2951
0.0015171 2946.1
0.0015265 2941.5
0.001536 2937.1
0.0015454 2933
0.0015548 2929.2
0.0015642 2925.6
0.0015737 2922.2
0.0015831 2919
0.0015925 2916
0.0016019 2913.2
0.0016113 2910.5
0.0016208 2908.1
0.0016302 2905.8
0.0016396 2903.6
0.001649 2901.6
0.0016585 2899.7
0.0016679 2898
0.0016773 2896.3
0.0016867 2894.8
0.0016962 2893.4
0.0017056 2892.1
0.001715 2890.8
0.0017244 2889.7
0.0017338 2888.6
0.0017433 2887.6
0.0017527 2886.7
0.0017621 2885.9
0.0017715 2885.1
0.001781 2884.3
0.0017904 2883.7
0.0017998 2883
0.0018092 2882.5
0.0018187 2881.9
0.0018281 2881.4
0.0018375 2881
0.0018469 2880.6
0.0018563 2880.2
0.0018658 2879.8
0.0018752 2879.5
0.0018846 2879.2
0.001894 2878.9
0.0019035 2878.7
0.0019129 2878.4
0.0019223 2878.2
0.0019317 2878
0.0019412 2877.9
0.0019506 2877.7
0.00196 2877.5
0.0019694 2877.4
0.0019788 2877.3
0.0019883 2877.2
0.0019977 2877.1
0.0020071 2877
0.0020165 2876.9
0.002026 2876.8
0.0020354 2876.7
0.0020448 2876.7
0.0020542 2876.6
0.0020637 2876.5
0.0020731 2876.5
0.0020825 2876.5
0.0020919 2876.4
0.0021013 2876.4
0.0021108 2876.3
0.0021202 2876.3
0.0021296 2876.3
0.002139 2876.3
0.0021485 2876.2
0.0021579 2876.2
0.0021673 2876.2
0.0021767 2876.2
0.0021862 2876.2
0.0021956 2876.2
0.002205 2876.1
0.0022144 2876.1
0.0022238 2876.1
0.0022333 2876.1
0.0022427 2876.1
0.0022521 2876.1
0.0022615 2876.1
0.002271 2876.1
0.0022804 2876.1
0.0022898 2876.1
0.0022992 2876.1
0.0023087 2876.1
0.0023181 2876.1
0.0023275 2876.1
0.0023369 2876.1
0.0023463 2876.1
0.0023558 2876.1
0.0023652 2876.1
0.0023746 2876.1
0.002384 2876.1
0.0023935 2876.1
0.0024029 2876.1
0.0024123 2876.1
0.0024217 2876.1
0.0024312 2876.1
0.0024406 2876.1
0.00245 2876.1
0.0024594 2876.1
0.0024688 2876.1
0.0024783 2876.1
0.0024877 2876.1
0.0024971 2876
0.0025065 2876
0.002516 2876
0.0025254 2876
0.0025348 2876
0.0025442 2876
0.0025537 2876
0.0025631 2876
0.0025725 2876
0.0025819 2876
0.0025913 2876
0.0026008 2876
0.0026102 2876
0.0026196 2876
0.002629 2876
0.0026385 2876
0.0026479 2876
0.0026573 2876
0.0026667 2876
0.0026762 2876
0.0026856 2876
0.002695 2876
0.0027044 2876
0.0027138 2876
0.0027233 2876
0.0027327 2876
0.0027421 2876
0.0027515 2876
0.002761 2876
0.0027704 2876
0.0027798 2876
0.0027892 2876
0.0027987 2876
0.0028081 2876
0.0028175 2876
0.0028269 2876
0.0028363 2876
0.0028458 2876
0.0028552 2876
0.0028646 2876
0.002874 2876
0.0028835 2876
0.0028929 2876
0.0029023 2876
0.0029117 2876
0.0029212 2876
0.0029306 2876
0.00294 2876
0.0029494 2876
0.0029588 2876
0.0029683 2876
0.0029777 2876
0.0029871 2876
0.0029965 2876
0.003006 2876
0.0030154 2876
0.0030248 2876
0.0030342 2876
0.0030437 2876
0.0030531 2876
0.0030625 2876
0.0030719 2876
0.0030813 2876
0.0030908 2876
0.0031002 2876
0.0031096 2876
0.003119 2876
0.0031285 2876
0.0031379 2876
0.0031473 2876
0.0031567 2876
0.0031662 2876
0.0031756 2876
0.003185 2876
0.0031944 2876
0.0032038 2876
0.0032133 2876
0.0032227 2876
0.0032321 2876
0.0032415 2876
0.003251 2876
0.0032604 2876
0.0032698 2876
0.0032792 2876
0.0032887 2876
0.0032981 2876
0.0033075 2876
0.0033169 2876
0.0033263 2876
0.0033358 2876
0.0033452 2876
0.0033546 2876
0.003364 2876
0.0033735 2876
0.0033829 2876
0.0033923 2876
0.0034017 2876
0.0034112 2876
0.0034206 2876
0.00343 2876
0.0034394 2876
0.0034488 2876
0.0034583 2876
0.0034677 2876
0.0034771 2876
0.0034865 2876
0.003496 2876
0.0035054 2876
0.0035148 2876
0.0035242 2876
0.0035337 2876
0.0035431 2876
0.0035525 2876
0.0035619 2876
0.0035713 2876
0.0035808 2876
0.0035902 2876
0.0035996 2876
0.003609 2876
0.0036185 2876
0.0036279 2876
0.0036373 2876
0.0036467 2876
0.0036562 2876
0.0036656 2876
0.003675 2876
0.0036844 2876
0.0036938 2876
0.0037033 2876
0.0037127 2876
0.0037221 2876
0.0037315 2876
0.003741 2876
0.0037504 2876
0.0037598 2876
0.0037692 2876
0.0037787 2876
0.0037881 2876
0.0037975 2876
0.0038069 2876
0.0038163 2876
0.0038258 2876
0.0038352 2876
0.0038446 2876
0.003854 2876
0.0038635 2876
0.0038729 2876
0.0038823 2876
0.0038917 2876
0.0039012 2876
0.0039106 2876
0.00392 2876
0.0039294 2876
0.0039388 2876
0.0039483 2876
0.0039577 2876
0.0039671 2876
0.0039765 2876
0.003986 2876
0.0039954 2876
0.0040048 2876
0.0040142 2876
0.0040237 2876
0.0040331 2876
0.0040425 2876
0.0040519 2876
0.0040613 2876
0.0040708 2876
0.0040802 2876
0.0040896 2876
0.004099 2876
0.0041085 2876
0.0041179 2876
0.0041273 2876
0.0041367 2876
0.0041462 2876
0.0041556 2876
0.004165 2876
0.0041744 2876
0.0041838 2876
0.0041933 2876
0.0042027 2876
0.0042121 2876
0.0042215 2876
0.004231 2876
0.0042404 2876
0.0042498 2876
0.0042592 2876
0.0042687 2876
0.0042781 2876
0.0042875 2876
0.0042969 2876
0.0043063 2876
0.0043158 2876
0.0043252 2876
0.0043346 2876
0.004344 2876
0.0043535 2876
0.0043629 2876
0.0043723 2876
0.0043817 2876
0.0043912 2876
0.0044006 2876
0.00441 2876
0.0044194 2876
0.0044288 2876
0.0044383 2876
0.0044477 2876
0.0044571 2876
0.0044665 2876
0.004476 2876
0.0044854 2876
0.0044948 2876
0.0045042 2876
0.0045137 2876
0.0045231 2876
0.0045325 2876
0.0045419 2876
0.0045513 2876
0.0045608 2876
0.0045702 2876
0.0045796 2876
0.004589 2876
0.0045985 2876
0.0046079 2876
0.0046173 2876
0.0046267 2876
0.0046362 2876
0.0046456 2876
0.004655 2876
0.0046644 2876
0.0046738 2876
0.0046833 2876
0.0046927 2876
0.0047021 2876
0.0047115 2876
0.004721 2876
0.0047304 2876
0.0047398 2876
0.0047492 2876
0.0047587 2876
0.0047681 2876
0.0047775 2876
0.0047869 2876
0.0047963 2876
0.0048058 2876
0.0048152 2876
0.0048246 2876
0.004834 2876
0.0048435 2876
0.0048529 2876
0.0048623 2876
0.0048717 2876
0.0048812 2876
0.0048906 2876
0.0049 2876
0.0049094 2876
0.0049188 2876
0.0049283 2876
0.0049377 2876
0.0049471 2876
0.0049565 2876
0.004966 2876
0.0049754 2876
0.0049848 2876
0.0049942 2876
0.0050037 2876
0.0050131 2876
0.0050225 2876
0.0050319 2876
0.0050413 2876
0.0050508 2876
0.0050602 2876
0.0050696 2876
0.005079 2876
0.0050885 2876
0.0050979 2876
0.0051073 2876
0.0051167 2876
0.0051262 2876
0.0051356 2876
0.005145 2876
0.0051544 2876
0.0051638 2876
0.0051733 2876
0.0051827 2876
0.0051921 2876
0.0052015 2876
0.005211 2876
0.0052204 2876
0.0052298 2876
0.0052392 2876
0.0052487 2876
0.0052581 2876
0.0052675 2876
0.0052769 2876
0.0052863 2876
0.0052958 2876
0.0053052 2876
0.0053146 2876
0.005324 2876
0.0053335 2876
0.0053429 2876
0.0053523 2876
0.0053617 2876
0.0053712 2876
0.0053806 2876
0.00539 2876
0.0053994 2876
0.0054088 2876
0.0054183 2876
0.0054277 2876
0.0054371 2876
0.0054465 2876
0.005456 2876
0.0054654 2876
0.0054748 2876
0.0054842 2876
0.0054937 2876
0.0055031 2876
0.0055125 2876
0.0055219 2876
0.0055313 2876
0.0055408 2876
0.0055502 2876
0.0055596 2876
0.005569 2876
0.0055785 2876
0.0055879 2876
0.0055973 2876
0.0056067 2876
0.0056162 2876
0.0056256 2876
0.005635 2876
0.0056444 2876
0.0056538 2876
0.0056633 2876
0.0056727 2876
0.0056821 2876
0.0056915 2876
0.005701 2876
0.0057104 2876
0.0057198 2876
0.0057292 2876
0.0057387 2876
0.0057481 2876
0.0057575 2876
0.0057669 2876
0.0057763 2876
0.0057858 2876
0.0057952 2876
0.0058046 2876
0.005814 2876
0.0058235 2876
0.0058329 2876
0.0058423 2876
0.0058517 2876
0.0058612 2876
0.0058706 2876
0.00588 2876
0.0058894 2876
0.0058988 2876
0.0059083 2876
0.0059177 2876
0.0059271 2876
0.0059365 2876
0.005946 2876
0.0059554 2876
0.0059648 2876
0.0059742 2876
0.0059837 2876
0.0059931 2876
0.0060025 2876
0.0060119 2876
0.0060213 2876
0.0060308 2876
0.0060402 2876
0.0060496 2876
0.006059 2876
0.0060685 2876
0.0060779 2876
0.0060873 2876
0.0060967 2876
0.0061062 2876
0.0061156 2876
0.006125 2876
0.0061344 2876
0.0061438 2876
0.0061533 2876
0.0061627 2876
0.0061721 2876
0.0061815 2876
0.006191 2876
0.0062004 2876
0.0062098 2876
0.0062192 2876
0.0062287 2876
0.0062381 2876
0.0062475 2876
0.0062569 2876
0.0062663 2876
0.0062758 2876
0.0062852 2876
0.0062946 2876
0.006304 2876
0.0063135 2876
0.0063229 2876
0.0063323 2876
0.0063417 2876
0.0063512 2876
0.0063606 2876
0.00637 2876
0.0063794 2876
0.0063888 2876
0.0063983 2876
0.0064077 2876
0.0064171 2876
0.0064265 2876
0.006436 2876
0.0064454 2876
0.0064548 2876
0.0064642 2876
0.0064737 2876
0.0064831 2876
0.0064925 2876
0.0065019 2876
0.0065113 2876
0.0065208 2876
0.0065302 2876
0.0065396 2876
0.006549 2876
0.0065585 2876
0.0065679 2876
0.0065773 2876
0.0065867 2876
0.0065962 2876
0.0066056 2876
0.006615 2876
0.0066244 2876
0.0066338 2876
0.0066433 2876
0.0066527 2876
0.0066621 2876
0.0066715 2876
0.006681 2876
0.0066904 2876
0.0066998 2876
0.0067092 2876
0.0067187 2876
0.0067281 2876
0.0067375 2876
0.0067469 2876
0.0067563 2876
0.0067658 2876
0.0067752 2876
0.0067846 2876
0.006794 2876
0.0068035 2876
0.0068129 2876
0.0068223 2876
0.0068317 2876
0.0068412 2876
0.0068506 2876
0.00686 2876
0.0068694 2876
0.0068788 2876
0.0068883 2876
0.0068977 2876
0.0069071 2876
0.0069165 2876
0.006926 2876
0.0069354 2876
0.0069448 2876
0.0069542 2876
0.0069637 2876
0.0069731 2876
0.0069825 2876
0.0069919 2876
0.0070013 2876
0.0070108 2876
0.0070202 2876
0.0070296 2876
0.007039 2876
0.0070485 2876
0.0070579 2876
0.0070673 2876
0.0070767 2876
0.0070862 2876
0.0070956 2876
0.007105 2876
0.0071144 2876
0.0071238 2876
0.0071333 2876
0.0071427 2876
0.0071521 2876
0.0071615 2876
0.007171 2876
0.0071804 2876
0.0071898 2876
0.0071992 2876
0.0072087 2876
0.0072181 2876
0.0072275 2876
0.0072369 2876
0.0072463 2876
0.0072558 2876
0.0072652 2876
0.0072746 2876
0.007284 2876
0.0072935 2876
0.0073029 2876
0.0073123 2876
0.0073217 2876
0.0073312 2876
0.0073406 2876
0.00735 2876
0.0073594 2876
0.0073688 2876
0.0073783 2876
0.0073877 2876
0.0073971 2876
0.0074065 2876
0.007416 2876
0.0074254 2876
0.0074348 2876
0.0074442 2876
0.0074537 2876
0.0074631 2876
0.0074725 2876
0.0074819 2876
0.0074913 2876
0.0075008 2876
0.0075102 2876
0.0075196 2876
0.007529 2876
0.0075385 2876
0.0075479 2876
0.0075573 2876
0.0075667 2876
0.0075762 2876
0.0075856 2876
0.007595 2876
0.0076044 2876
0.0076138 2876
0.0076233 2876
0.0076327 2876
0.0076421 2876
0.0076515 2876
0.007661 2876
0.0076704 2876
0.0076798 2876
0.0076892 2876
0.0076987 2876
0.0077081 2876
0.0077175 2876
0.0077269 2876
0.0077363 2876
0.0077458 2876
0.0077552 2876
0.0077646 2876
0.007774 2876
0.0077835 2876
0.0077929 2876
0.0078023 2876
0.0078117 2876
0.0078212 2876
0.0078306 2876
0.00784 2876
0.0078494 2876
0.0078588 2876
0.0078683 2876
0.0078777 2876
0.0078871 2876
0.0078965 2876
0.007906 2876
0.0079154 2876
0.0079248 2876
0.0079342 2876
0.0079437 2876
0.0079531 2876
0.0079625 2876
0.0079719 2876
0.0079813 2876
0.0079908 2876
0.0080002 2876
0.0080096 2876
0.008019 2876
0.0080285 2876
0.0080379 2876
0.0080473 2876
0.0080567 2876
0.0080662 2876
0.0080756 2876
0.008085 2876
0.0080944 2876
0.0081038 2876
0.0081133 2876
0.0081227 2876
0.0081321 2876
0.0081415 2876
0.008151 2876
0.0081604 2876
0.0081698 2876
0.0081792 2876
0.0081887 2876
0.0081981 2876
0.0082075 2876
0.0082169 2876
0.0082263 2876
0.0082358 2876
0.0082452 2876
0.0082546 2876
0.008264 2876
0.0082735 2876
0.0082829 2876
0.0082923 2876
0.0083017 2876
0.0083112 2876
0.0083206 2876
0.00833 2876
0.0083394 2876
0.0083488 2876
0.0083583 2876
0.0083677 2876
0.0083771 2876
0.0083865 2876
0.008396 2876
0.0084054 2876
0.0084148 2876
0.0084242 2876
0.0084337 2876
0.0084431 2876
0.0084525 2876
0.0084619 2876
0.0084713 2876
0.0084808 2876
0.0084902 2876
0.0084996 2876
0.008509 2876
0.0085185 2876
0.0085279 2876
0.0085373 2876
0.0085467 2876
0.0085562 2876
0.0085656 2876
0.008575 2876
0.0085844 2876
0.0085938 2876
0.0086033 2876
0.0086127 2876
0.0086221 2876
0.0086315 2876
0.008641 2876
0.0086504 2876
0.0086598 2876
0.0086692 2876
0.0086787 2876
0.0086881 2876
0.0086975 2876
0.0087069 2876
0.0087163 2876
0.0087258 2876
0.0087352 2876
0.0087446 2876
0.008754 2876
0.0087635 2876
0.0087729 2876
0.0087823 2876
0.0087917 2876
0.0088012 2876
0.0088106 2876
0.00882 2876
0.0088294 2876
0.0088388 2876
0.0088483 2876
0.0088577 2876
0.0088671 2876
0.0088765 2876
0.008886 2876
0.0088954 2876
0.0089048 2876
0.0089142 2876
0.0089237 2876
0.0089331 2876
0.0089425 2876
0.0089519 2876
0.0089613 2876
0.0089708 2876
0.0089802 2876
0.0089896 2876
0.008999 2876
0.0090085 2876
0.0090179 2876
0.0090273 2876
0.0090367 2876
0.0090462 2876
0.0090556 2876
0.009065 2876
0.0090744 2876
0.0090838 2876
0.0090933 2876
0.0091027 2876
0.0091121 2876
0.0091215 2876
0.009131 2876
0.0091404 2876
0.0091498 2876
0.0091592 2876
0.0091687 2876
0.0091781 2876
0.0091875 2876
0.0091969 2876
0.0092063 2876
0.0092158 2876
0.0092252 2876
0.0092346 2876
0.009244 2876
0.0092535 2876
0.0092629 2876
0.0092723 2876
0.0092817 2876
0.0092912 2876
0.0093006 2876
0.00931 2876
0.0093194 2876
0.0093288 2876
0.0093383 2876
0.0093477 2876
0.0093571 2876
0.0093665 2876
0.009376 2876
0.0093854 2876
0.0093948 2876
0.0094042 2876
0.0094137 2876
0.0094231 2876
0.0094325 2876
0.0094419 2876
0.0094513 2876
0.0094608 2876
0.0094702 2876
0.0094796 2876
0.009489 2876
0.0094985 2876
0.0095079 2876
0.0095173 2876
0.0095267 2876
0.0095362 2876
0.0095456 2876
0.009555 2876
0.0095644 2876
0.0095738 2876
0.0095833 2876
0.0095927 2876
0.0096021 2876
0.0096115 2876
0.009621 2876
0.0096304 2876
0.0096398 2876
0.0096492 2876
0.0096587 2876
0.0096681 2876
0.0096775 2876
0.0096869 2876
0.0096963 2876
0.0097058 2876
0.0097152 2876
0.0097246 2876
0.009734 2876
0.0097435 2876
0.0097529 2876
0.0097623 2876
0.0097717 2876
0.0097812 2876
0.0097906 2876
0.0098 2876
0.0098094 2876
0.0098188 2876
0.0098283 2876
0.0098377 2876
0.0098471 2876
0.0098565 2876
0.009866 2876
0.0098754 2876
0.0098848 2876
0.0098942 2876
0.0099037 2876
0.0099131 2876
0.0099225 2876
0.0099319 2876
0.0099413 2876
0.0099508 2876
0.0099602 2876
0.0099696 2876
0.009979 2876
0.0099885 2876
0.0099979 2876
0.010007 2876
0.010017 2876
0.010026 2876
0.010036 2876
0.010045 2876
0.010054 2876
0.010064 2876
0.010073 2876
0.010083 2876
0.010092 2876
0.010102 2876
0.010111 2876
0.01012 2876
0.01013 2876
0.010139 2876
0.010149 2876
0.010158 2876
0.010168 2876
0.010177 2876
0.010186 2876
0.010196 2876
0.010205 2876
0.010215 2876
0.010224 2876
0.010233 2876
0.010243 2876
0.010252 2876
0.010262 2876
0.010271 2876
0.010281 2876
0.01029 2876
0.010299 2876
0.010309 2876
0.010318 2876
0.010328 2876
0.010337 2876
0.010347 2876
0.010356 2876
0.010365 2876
0.010375 2876
0.010384 2876
0.010394 2876
0.010403 2876
0.010412 2876
0.010422 2876
0.010431 2876
0.010441 2876
0.01045 2876
0.01046 2876
0.010469 2876
0.010478 2876
0.010488 2876
0.010497 2876
0.010507 2876
0.010516 2876
0.010526 2876
0.010535 2876
0.010544 2876
0.010554 2876
0.010563 2876
0.010573 2876
0.010582 2876
0.010592 2876
0.010601 2876
0.01061 2876
0.01062 2876
0.010629 2876
0.010639 2876
0.010648 2876
0.010658 2876
0.010667 2876
0.010676 2876
0.010686 2876
0.010695 2876
0.010705 2876
0.010714 2876
0.010723 2876
0.010733 2876
0.010742 2876
0.010752 2876
0.010761 2876
0.010771 2876
0.01078 2876
0.010789 2876
0.010799 2876
0.010808 2876
0.010818 2876
0.010827 2876
0.010837 2876
0.010846 2876
0.010855 2876
0.010865 2876
0.010874 2876
0.010884 2876
0.010893 2876
0.010903 2876
0.010912 2876
0.010921 2876
0.010931 2876
0.01094 2876
0.01095 2876
0.010959 2876
0.010968 2876
0.010978 2876
0.010987 2876
0.010997 2876
0.011006 2876
0.011016 2876
0.011025 2876
0.011034 2876
0.011044 2876
0.011053 2876
0.011063 2876
0.011072 2876
0.011082 2876
0.011091 2876
0.0111 2876
0.01111 2876
0.011119 2876
0.011129 2876
0.011138 2876
0.011147 2876
0.011157 2876
0.011166 2876
0.011176 2876
0.011185 2876
0.011195 2876
0.011204 2876
0.011213 2876
0.011223 2876
0.011232 2876
0.011242 2876
0.011251 2876
0.011261 2876
0.01127 2876
0.011279 2876
0.011289 2876
0.011298 2876
0.011308 2876
0.011317 2876
0.011327 2876
0.011336 2876
0.011345 2876
0.011355 2876
0.011364 2876
0.011374 2876
0.011383 2876
0.011393 2876
0.011402 2876
0.011411 2876
0.011421 2876
0.01143 2876
0.01144 2876
0.011449 2876
0.011458 2876
0.011468 2876
0.011477 2876
0.011487 2876
0.011496 2876
0.011506 2876
0.011515 2876
0.011524 2876
0.011534 2876
0.011543 2876
0.011553 2876
0.011562 2876
0.011572 2876
0.011581 2876
0.01159 2876
0.0116 2876
0.011609 2876
0.011619 2876
0.011628 2876
0.011638 2876
0.011647 2876
0.011656 2876
0.011666 2876
0.011675 2876
0.011685 2876
0.011694 2876
0.011703 2876
0.011713 2876
0.011722 2876
0.011732 2876
0.011741 2876
0.011751 2876
0.01176 2876
0.011769 2876
0.011779 2876
0.011788 2876
0.011798 2876
0.011807 2876
0.011817 2876
0.011826 2876
0.011835 2876
0.011845 2876
0.011854 2876
0.011864 2876
0.011873 2876
0.011883 2876
0.011892 2876
0.011901 2876
0.011911 2876
0.01192 2876
0.01193 2876
0.011939 2876
0.011948 2876
0.011958 2876
0.011967 2876
0.011977 2876
0.011986 2876
0.011996 2876
0.012005 2876
0.012014 2876
0.012024 2876
0.012033 2876
0.012043 2876
0.012052 2876
0.012062 2876
0.012071 2876
0.01208 2876
0.01209 2876
0.012099 2876
0.012109 2876
0.012118 2876
0.012128 2876
0.012137 2876
0.012146 2876
0.012156 2876
0.012165 2876
0.012175 2876
0.012184 2876
0.012193 2876
0.012203 2876
0.012212 2876
0.012222 2876
0.012231 2876
0.012241 2876
0.01225 2876
0.012259 2876
0.012269 2876
0.012278 2876
0.012288 2876
0.012297 2876
0.012307 2876
0.012316 2876
0.012325 2876
0.012335 2876
0.012344 2876
0.012354 2876
0.012363 2876
0.012373 2876
0.012382 2876
0.012391 2876
0.012401 2876
0.01241 2876
0.01242 2876
0.012429 2876
0.012438 2876
0.012448 2876
0.012457 2876
0.012467 2876
0.012476 2876
0.012486 2876
0.012495 2876
0.012504 2876
0.012514 2876
0.012523 2876
0.012533 2876
0.012542 2876
0.012552 2876
0.012561 2876
0.01257 2876
0.01258 2876
0.012589 2876
0.012599 2876
0.012608 2876
0.012618 2876
0.012627 2876
0.012636 2876
0.012646 2876
0.012655 2876
0.012665 2876
0.012674 2876
0.012683 2876
0.012693 2876
0.012702 2876
0.012712 2876
0.012721 2876
0.012731 2876
0.01274 2876
0.012749 2876
0.012759 2876
0.012768 2876
0.012778 2876
0.012787 2876
0.012797 2876
0.012806 2876
0.012815 2876
0.012825 2876
0.012834 2876
0.012844 2876
0.012853 2876
0.012863 2876
0.012872 2876
0.012881 2876
0.012891 2876
0.0129 2876
0.01291 2876
0.012919 2876
0.012928 2876
0.012938 2876
0.012947 2876
0.012957 2876
0.012966 2876
0.012976 2876
0.012985 2876
0.012994 2876
0.013004 2876
0.013013 2876
0.013023 2876
0.013032 2876
0.013042 2876
0.013051 2876
0.01306 2876
0.01307 2876
0.013079 2876
0.013089 2876
0.013098 2876
0.013107 2876
0.013117 2876
0.013126 2876
0.013136 2876
0.013145 2876
0.013155 2876
0.013164 2876
0.013173 2876
0.013183 2876
0.013192 2876
0.013202 2876
0.013211 2876
0.013221 2876
0.01323 2876
0.013239 2876
0.013249 2876
0.013258 2876
0.013268 2876
0.013277 2876
0.013287 2876
0.013296 2876
0.013305 2876
0.013315 2876
0.013324 2876
0.013334 2876
0.013343 2876
0.013352 2876
0.013362 2876
0.013371 2876
0.013381 2876
0.01339 2876
0.0134 2876
0.013409 2876
0.013418 2876
0.013428 2876
0.013437 2876
0.013447 2876
0.013456 2876
0.013466 2876
0.013475 2876
0.013484 2876
0.013494 2876
0.013503 2876
0.013513 2876
0.013522 2876
0.013532 2876
0.013541 2876
0.01355 2876
0.01356 2876
0.013569 2876
0.013579 2876
0.013588 2876
0.013598 2876
0.013607 2876
0.013616 2876
0.013626 2876
0.013635 2876
0.013645 2876
0.013654 2876
0.013663 2876
0.013673 2876
0.013682 2876
0.013692 2876
0.013701 2876
0.013711 2876
0.01372 2876
0.013729 2876
0.013739 2876
0.013748 2876
0.013758 2876
0.013767 2876
0.013777 2876
0.013786 2876
0.013795 2876
0.013805 2876
0.013814 2876
0.013824 2876
0.013833 2876
0.013843 2876
0.013852 2876
0.013861 2876
0.013871 2876
0.01388 2876
0.01389 2876
0.013899 2876
0.013908 2876
0.013918 2876
0.013927 2876
0.013937 2876
0.013946 2876
0.013956 2876
0.013965 2876
0.013974 2876
0.013984 2876
0.013993 2876
0.014003 2876
0.014012 2876
0.014022 2876
0.014031 2876
0.01404 2876
0.01405 2876
0.014059 2876
0.014069 2876
0.014078 2876
0.014088 2876
0.014097 2876
0.014106 2876
0.014116 2876
0.014125 2876
0.014135 2876
0.014144 2876
0.014153 2876
0.014163 2876
0.014172 2876
0.014182 2876
0.014191 2876
0.014201 2876
0.01421 2876
0.014219 2876
0.014229 2876
0.014238 2876
0.014248 2876
0.014257 2876
0.014267 2876
0.014276 2876
0.014285 2876
0.014295 2876
0.014304 2876
0.014314 2876
0.014323 2876
0.014333 2876
0.014342 2876
0.014351 2876
0.014361 2876
0.01437 2876
0.01438 2876
0.014389 2876
0.014398 2876
0.014408 2876
0.014417 2876
0.014427 2876
0.014436 2876
0.014446 2876
0.014455 2876
0.014464 2876
0.014474 2876
0.014483 2876
0.014493 2876
0.014502 2876
0.014512 2876
0.014521 2876
0.01453 2876
0.01454 2876
0.014549 2876
0.014559 2876
0.014568 2876
0.014578 2876
0.014587 2876
0.014596 2876
0.014606 2876
0.014615 2876
0.014625 2876
0.014634 2876
0.014643 2876
0.014653 2876
0.014662 2876
0.014672 2876
0.014681 2876
0.014691 2876
0.0147 2876
0.014709 2876
0.014719 2876
0.014728 2876
0.014738 2876
0.014747 2876
0.014757 2876
0.014766 2876
0.014775 2876
0.014785 2876
0.014794 2876
0.014804 2876
0.014813 2876
0.014823 2876
0.014832 2876
0.014841 2876
0.014851 2876
0.01486 2876
0.01487 2876
0.014879 2876
0.014888 2876
0.014898 2876
0.014907 2876
0.014917 2876
0.014926 2876
0.014936 2876
0.014945 2876
0.014954 2876
0.014964 2876
0.014973 2876
0.014983 2876
0.014992 2876
0.015002 2876
0.015011 2876
0.01502 2876
0.01503 2876
0.015039 2876
0.015049 2876
0.015058 2876
0.015068 2876
0.015077 2876
0.015086 2876
0.015096 2876
0.015105 2876
0.015115 2876
0.015124 2876
0.015133 2876
0.015143 2876
0.015152 2876
0.015162 2876
0.015171 2876
0.015181 2876
0.01519 2876
0.015199 2876
0.015209 2876
0.015218 2876
0.015228 2876
0.015237 2876
0.015247 2876
0.015256 2876
0.015265 2876
0.015275 2876
0.015284 2876
0.015294 2876
0.015303 2876
0.015312 2876
0.015322 2876
0.015331 2876
0.015341 2876
0.01535 2876
0.01536 2876
0.015369 2876
0.015378 2876
0.015388 2876
0.015397 2876
0.015407 2876
0.015416 2876
0.015426 2876
0.015435 2876
0.015444 2876
0.015454 2876
0.015463 2876
0.015473 2876
0.015482 2876
0.015492 2876
0.015501 2876
0.01551 2876
0.01552 2876
0.015529 2876
0.015539 2876
0.015548 2876
0.015558 2876
0.015567 2876
0.015576 2876
0.015586 2876
0.015595 2876
0.015605 2876
0.015614 2876
0.015623 2876
0.015633 2876
0.015642 2876
0.015652 2876
0.015661 2876
0.015671 2876
0.01568 2876
0.015689 2876
0.015699 2876
0.015708 2876
0.015718 2876
0.015727 2876
0.015737 2876
0.015746 2876
0.015755 2876
0.015765 2876
0.015774 2876
0.015784 2876
0.015793 2876
0.015803 2876
0.015812 2876
0.015821 2876
0.015831 2876
0.01584 2876
0.01585 2876
0.015859 2876
0.015868 2876
0.015878 2876
0.015887 2876
0.015897 2876
0.015906 2876
0.015916 2876
0.015925 2876
0.015934 2876
0.015944 2876
0.015953 2876
0.015963 2876
0.015972 2876
0.015982 2876
0.015991 2876
0.016 2876
0.01601 2876
0.016019 2876
0.016029 2876
0.016038 2876
0.016047 2876
0.016057 2876
0.016066 2876
0.016076 2876
0.016085 2876
0.016095 2876
0.016104 2876
0.016113 2876
0.016123 2876
0.016132 2876
0.016142 2876
0.016151 2876
0.016161 2876
0.01617 2876
0.016179 2876
0.016189 2876
0.016198 2876
0.016208 2876
0.016217 2876
0.016227 2876
0.016236 2876
0.016245 2876
0.016255 2876
0.016264 2876
0.016274 2876
0.016283 2876
0.016292 2876
0.016302 2876
0.016311 2876
0.016321 2876
0.01633 2876
0.01634 2876
0.016349 2876
0.016358 2876
0.016368 2876
0.016377 2876
0.016387 2876
0.016396 2876
0.016406 2876
0.016415 2876
0.016424 2876
0.016434 2876
0.016443 2876
0.016453 2876
0.016462 2876
0.016472 2876
0.016481 2876
0.01649 2876
0.0165 2876
0.016509 2876
0.016519 2876
0.016528 2876
0.016538 2876
0.016547 2876
0.016556 2876
0.016566 2876
0.016575 2876
0.016585 2876
0.016594 2876
0.016603 2876
0.016613 2876
0.016622 2876
0.016632 2876
0.016641 2876
0.016651 2876
0.01666 2876
0.016669 2876
0.016679 2876
0.016688 2876
0.016698 2876
0.016707 2876
0.016717 2876
0.016726 2876
0.016735 2876
0.016745 2876
0.016754 2876
0.016764 2876
0.016773 2876
0.016783 2876
0.016792 2876
0.016801 2876
0.016811 2876
0.01682 2876
0.01683 2876
0.016839 2876
0.016848 2876
0.016858 2876
0.016867 2876
0.016877 2876
0.016886 2876
0.016896 2876
0.016905 2876
0.016914 2876
0.016924 2876
0.016933 2876
0.016943 2876
0.016952 2876
0.016962 2876
0.016971 2876
0.01698 2876
0.01699 2876
0.016999 2876
0.017009 2876
0.017018 2876
0.017028 2876
0.017037 2876
0.017046 2876
0.017056 2876
0.017065 2876
0.017075 2876
0.017084 2876
0.017093 2876
0.017103 2876
0.017112 2876
0.017122 2876
0.017131 2876
0.017141 2876
0.01715 2876
0.017159 2876
0.017169 2876
0.017178 2876
0.017188 2876
0.017197 2876
0.017207 2876
0.017216 2876
0.017225 2876
0.017235 2876
0.017244 2876
0.017254 2876
0.017263 2876
0.017273 2876
0.017282 2876
0.017291 2876
0.017301 2876
0.01731 2876
0.01732 2876
0.017329 2876
0.017338 2876
0.017348 2876
0.017357 2876
0.017367 2876
0.017376 2876
0.017386 2876
0.017395 2876
0.017404 2876
0.017414 2876
0.017423 2876
0.017433 2876
0.017442 2876
0.017452 2876
0.017461 2876
0.01747 2876
0.01748 2876
0.017489 2876
0.017499 2876
0.017508 2876
0.017518 2876
0.017527 2876
0.017536 2876
0.017546 2876
0.017555 2876
0.017565 2876
0.017574 2876
0.017583 2876
0.017593 2876
0.017602 2876
0.017612 2876
0.017621 2876
0.017631 2876
0.01764 2876
0.017649 2876
0.017659 2876
0.017668 2876
0.017678 2876
0.017687 2876
0.017697 2876
0.017706 2876
0.017715 2876
0.017725 2876
0.017734 2876
0.017744 2876
0.017753 2876
0.017763 2876
0.017772 2876
0.017781 2876
0.017791 2876
0.0178 2876
0.01781 2876
0.017819 2876
0.017828 2876
0.017838 2876
0.017847 2876
0.017857 2876
0.017866 2876
0.017876 2876
0.017885 2876
0.017894 2876
0.017904 2876
0.017913 2876
0.017923 2876
0.017932 2876
0.017942 2876
0.017951 2876
0.01796 2876
0.01797 2876
0.017979 2876
0.017989 2876
0.017998 2876
0.018008 2876
0.018017 2876
0.018026 2876
0.018036 2876
0.018045 2876
0.018055 2876
0.018064 2876
0.018073 2876
0.018083 2876
0.018092 2876
0.018102 2876
0.018111 2876
0.018121 2876
0.01813 2876
0.018139 2876
0.018149 2876
0.018158 2876
0.018168 2876
0.018177 2876
0.018187 2876
0.018196 2876
0.018205 2876
0.018215 2876
0.018224 2876
0.018234 2876
0.018243 2876
0.018253 2876
0.018262 2876
0.018271 2876
0.018281 2876
0.01829 2876
0.0183 2876
0.018309 2876
0.018318 2876
0.018328 2876
0.018337 2876
0.018347 2876
0.018356 2876
0.018366 2876
0.018375 2876
0.018384 2876
0.018394 2876
0.018403 2876
0.018413 2876
0.018422 2876
0.018432 2876
0.018441 2876
0.01845 2876
0.01846 2876
0.018469 2876
0.018479 2876
0.018488 2876
0.018498 2876
0.018507 2876
0.018516 2876
0.018526 2876
0.018535 2876
0.018545 2876
0.018554 2876
0.018563 2876
0.018573 2876
0.018582 2876
0.018592 2876
0.018601 2876
0.018611 2876
0.01862 2876
0.018629 2876
0.018639 2876
0.018648 2876
0.018658 2876
0.018667 2876
0.018677 2876
0.018686 2876
0.018695 2876
0.018705 2876
0.018714 2876
0.018724 2876
0.018733 2876
0.018743 2876
0.018752 2876
0.018761 2876
0.018771 2876
0.01878 2876
0.01879 2876
0.018799 2876
0.018808 2876
0.018818 2876
0.018827 2876
0.018837 2876
0.018846 2876
0.018856 2876
0.018865 2876
0.018874 2876
0.018884 2876
0.018893 2876
0.018903 2876
0.018912 2876
0.018922 2876
0.018931 2876
0.01894 2876
0.01895 2876
0.018959 2876
0.018969 2876
0.018978 2876
0.018988 2876
0.018997 2876
0.019006 2876
0.019016 2876
0.019025 2876
0.019035 2876
0.019044 2876
0.019053 2876
0.019063 2876
0.019072 2876
0.019082 2876
0.019091 2876
0.019101 2876
0.01911 2876
0.019119 2876
0.019129 2876
0.019138 2876
0.019148 2876
0.019157 2876
0.019167 2876
0.019176 2876
0.019185 2876
0.019195 2876
0.019204 2876
0.019214 2876
0.019223 2876
0.019232 2876
0.019242 2876
0.019251 2876
0.019261 2876
0.01927 2876
0.01928 2876
0.019289 2876
0.019298 2876
0.019308 2876
0.019317 2876
0.019327 2876
0.019336 2876
0.019346 2876
0.019355 2876
0.019364 2876
0.019374 2876
0.019383 2876
0.019393 2876
0.019402 2876
0.019412 2876
0.019421 2876
0.01943 2876
0.01944 2876
0.019449 2876
0.019459 2876
0.019468 2876
0.019478 2876
0.019487 2876
0.019496 2876
0.019506 2876
0.019515 2876
0.019525 2876
0.019534 2876
0.019543 2876
0.019553 2876
0.019562 2876
0.019572 2876
0.019581 2876
0.019591 2876
0.0196 2876
0.019609 2876
0.019619 2876
0.019628 2876
0.019638 2876
0.019647 2876
0.019657 2876
0.019666 2876
0.019675 2876
0.019685 2876
0.019694 2876
0.019704 2876
0.019713 2876
0.019723 2876
0.019732 2876
0.019741 2876
0.019751 2876
0.01976 2876
0.01977 2876
0.019779 2876
0.019788 2876
0.019798 2876
0.019807 2876
0.019817 2876
0.019826 2876
0.019836 2876
0.019845 2876
0.019854 2876
0.019864 2876
0.019873 2876
0.019883 2876
0.019892 2876
0.019902 2876
0.019911 2876
0.01992 2876
0.01993 2876
0.019939 2876
0.019949 2876
0.019958 2876
0.019967 2876
0.019977 2876
0.019986 2876
0.019996 2876
0.020005 2876
0.020015 2876
0.020024 2876
0.020033 2876
0.020043 2876
0.020052 2876
0.020062 2876
0.020071 2876
0.020081 2876
0.02009 2876
0.020099 2876
0.020109 2876
0.020118 2876
0.020128 2876
0.020137 2876
0.020147 2876
0.020156 2876
0.020165 2876
0.020175 2876
0.020184 2876
0.020194 2876
0.020203 2876
0.020213 2876
0.020222 2876
0.020231 2876
0.020241 2876
0.02025 2876
0.02026 2876
0.020269 2876
0.020278 2876
0.020288 2876
0.020297 2876
0.020307 2876
0.020316 2876
0.020326 2876
0.020335 2876
0.020344 2876
0.020354 2876
0.020363 2876
0.020373 2876
0.020382 2876
0.020392 2876
0.020401 2876
0.02041 2876
0.02042 2876
0.020429 2876
0.020439 2876
0.020448 2876
0.020457 2876
0.020467 2876
0.020476 2876
0.020486 2876
0.020495 2876
0.020505 2876
0.020514 2876
0.020523 2876
0.020533 2876
0.020542 2876
0.020552 2876
0.020561 2876
0.020571 2876
0.02058 2876
0.020589 2876
0.020599 2876
0.020608 2876
0.020618 2876
0.020627 2876
0.020637 2876
0.020646 2876
0.020655 2876
0.020665 2876
0.020674 2876
0.020684 2876
0.020693 2876
0.020703 2876
0.020712 2876
0.020721 2876
0.020731 2876
0.02074 2876
0.02075 2876
0.020759 2876
0.020768 2876
0.020778 2876
0.020787 2876
0.020797 2876
0.020806 2876
0.020816 2876
0.020825 2876
0.020834 2876
0.020844 2876
0.020853 2876
0.020863 2876
0.020872 2876
0.020882 2876
0.020891 2876
0.0209 2876
0.02091 2876
0.020919 2876
0.020929 2876
0.020938 2876
0.020948 2876
0.020957 2876
0.020966 2876
0.020976 2876
0.020985 2876
0.020995 2876
0.021004 2876
0.021013 2876
0.021023 2876
0.021032 2876
0.021042 2876
0.021051 2876
0.021061 2876
0.02107 2876
0.021079 2876
0.021089 2876
0.021098 2876
0.021108 2876
0.021117 2876
0.021127 2876
0.021136 2876
0.021145 2876
0.021155 2876
0.021164 2876
0.021174 2876
0.021183 2876
0.021193 2876
0.021202 2876
0.021211 2876
0.021221 2876
0.02123 2876
0.02124 2876
0.021249 2876
0.021258 2876
0.021268 2876
0.021277 2876
0.021287 2876
0.021296 2876
0.021306 2876
0.021315 2876
0.021324 2876
0.021334 2876
0.021343 2876
0.021353 2876
0.021362 2876
0.021372 2876
0.021381 2876
0.02139 2876
0.0214 2876
0.021409 2876
0.021419 2876
0.021428 2876
0.021438 2876
0.021447 2876
0.021456 2876
0.021466 2876
0.021475 2876
0.021485 2876
0.021494 2876
0.021503 2876
0.021513 2876
0.021522 2876
0.021532 2876
0.021541 2876
0.021551 2876
0.02156 2876
0.021569 2876
0.021579 2876
0.021588 2876
0.021598 2876
0.021607 2876
0.021617 2876
0.021626 2876
0.021635 2876
0.021645 2876
0.021654 2876
0.021664 2876
0.021673 2876
0.021683 2876
0.021692 2876
0.021701 2876
0.021711 2876
0.02172 2876
0.02173 2876
0.021739 2876
0.021748 2876
0.021758 2876
0.021767 2876
0.021777 2876
0.021786 2876
0.021796 2876
0.021805 2876
0.021814 2876
0.021824 2876
0.021833 2876
0.021843 2876
0.021852 2876
0.021862 2876
0.021871 2876
0.02188 2876
0.02189 2876
0.021899 2876
0.021909 2876
0.021918 2876
0.021928 2876
0.021937 2876
0.021946 2876
0.021956 2876
0.021965 2876
0.021975 2876
0.021984 2876
0.021993 2876
0.022003 2876
0.022012 2876
0.022022 2876
0.022031 2876
0.022041 2876
0.02205 2876
0.022059 2876
0.022069 2876
0.022078 2876
0.022088 2876
0.022097 2876
0.022107 2876
0.022116 2876
0.022125 2876
0.022135 2876
0.022144 2876
0.022154 2876
0.022163 2876
0.022173 2876
0.022182 2876
0.022191 2876
0.022201 2876
0.02221 2876
0.02222 2876
0.022229 2876
0.022238 2876
0.022248 2876
0.022257 2876
0.022267 2876
0.022276 2876
0.022286 2876
0.022295 2876
0.022304 2876
0.022314 2876
0.022323 2876
0.022333 2876
0.022342 2876
0.022352 2876
0.022361 2876
0.02237 2876
0.02238 2876
0.022389 2876
0.022399 2876
0.022408 2876
0.022417 2876
0.022427 2876
0.022436 2876
0.022446 2876
0.022455 2876
0.022465 2876
0.022474 2876
0.022483 2876
0.022493 2876
0.022502 2876
0.022512 2876
0.022521 2876
0.022531 2876
0.02254 2876
0.022549 2876
0.022559 2876
0.022568 2876
0.022578 2876
0.022587 2876
0.022597 2876
0.022606 2876
0.022615 2876
0.022625 2876
0.022634 2876
0.022644 2876
0.022653 2876
0.022663 2876
0.022672 2876
0.022681 2876
0.022691 2876
0.0227 2876
0.02271 2876
0.022719 2876
0.022728 2876
0.022738 2876
0.022747 2876
0.022757 2876
0.022766 2876
0.022776 2876
0.022785 2876
0.022794 2876
0.022804 2876
0.022813 2876
0.022823 2876
0.022832 2876
0.022842 2876
0.022851 2876
0.02286 2876
0.02287 2876
0.022879 2876
0.022889 2876
0.022898 2876
0.022908 2876
0.022917 2876
0.022926 2876
0.022936 2876
0.022945 2876
0.022955 2876
0.022964 2876
0.022973 2876
0.022983 2876
0.022992 2876
0.023002 2876
0.023011 2876
0.023021 2876
0.02303 2876
0.023039 2876
0.023049 2876
0.023058 2876
0.023068 2876
0.023077 2876
0.023087 2876
0.023096 2876
0.023105 2876
0.023115 2876
0.023124 2876
0.023134 2876
0.023143 2876
0.023152 2876
0.023162 2876
0.023171 2876
0.023181 2876
0.02319 2876
0.0232 2876
0.023209 2876
0.023218 2876
0.023228 2876
0.023237 2876
0.023247 2876
0.023256 2876
0.023266 2876
0.023275 2876
0.023284 2876
0.023294 2876
0.023303 2876
0.023313 2876
0.023322 2876
0.023332 2876
0.023341 2876
0.02335 2876
0.02336 2876
0.023369 2876
0.023379 2876
0.023388 2876
0.023398 2876
0.023407 2876
0.023416 2876
0.023426 2876
0.023435 2876
0.023445 2876
0.023454 2876
0.023463 2876
0.023473 2876
0.023482 2876
0.023492 2876
0.023501 2876
0.023511 2876
0.02352 2876
0.023529 2876
0.023539 2876
0.023548 2876
0.023558 2876
0.023567 2876
0.023577 2876
0.023586 2876
0.023595 2876
0.023605 2876
0.023614 2876
0.023624 2876
0.023633 2876
0.023643 2876
0.023652 2876
0.023661 2876
0.023671 2876
0.02368 2876
0.02369 2876
0.023699 2876
0.023708 2876
0.023718 2876
0.023727 2876
0.023737 2876
0.023746 2876
0.023756 2876
0.023765 2876
0.023774 2876
0.023784 2876
0.023793 2876
0.023803 2876
0.023812 2876
0.023822 2876
0.023831 2876
0.02384 2876
0.02385 2876
0.023859 2876
0.023869 2876
0.023878 2876
0.023887 2876
0.023897 2876
0.023906 2876
0.023916 2876
0.023925 2876
0.023935 2876
0.023944 2876
0.023953 2876
0.023963 2876
0.023972 2876
0.023982 2876
0.023991 2876
0.024001 2876
0.02401 2876
0.024019 2876
0.024029 2876
0.024038 2876
0.024048 2876
0.024057 2876
0.024067 2876
0.024076 2876
0.024085 2876
0.024095 2876
0.024104 2876
0.024114 2876
0.024123 2876
0.024133 2876
0.024142 2876
0.024151 2876
0.024161 2876
0.02417 2876
0.02418 2876
0.024189 2876
0.024198 2876
0.024208 2876
0.024217 2876
0.024227 2876
0.024236 2876
0.024246 2876
0.024255 2876
0.024264 2876
0.024274 2876
0.024283 2876
0.024293 2876
0.024302 2876
0.024312 2876
0.024321 2876
0.02433 2876
0.02434 2876
0.024349 2876
0.024359 2876
0.024368 2876
0.024377 2876
0.024387 2876
0.024396 2876
0.024406 2876
0.024415 2876
0.024425 2876
0.024434 2876
0.024443 2876
0.024453 2876
0.024462 2876
0.024472 2876
0.024481 2876
0.024491 2876
0.0245 2876
0.024509 2876
0.024519 2876
0.024528 2876
0.024538 2876
0.024547 2876
0.024557 2876
0.024566 2876
0.024575 2876
0.024585 2876
0.024594 2876
0.024604 2876
0.024613 2876
0.024622 2876
0.024632 2876
0.024641 2876
0.024651 2876
0.02466 2876
0.02467 2876
0.024679 2876
0.024688 2876
0.024698 2876
0.024707 2876
0.024717 2876
0.024726 2876
0.024736 2876
0.024745 2876
0.024754 2876
0.024764 2876
0.024773 2876
0.024783 2876
0.024792 2876
0.024802 2876
0.024811 2876
0.02482 2876
0.02483 2876
0.024839 2876
0.024849 2876
0.024858 2876
0.024868 2876
0.024877 2876
0.024886 2876
0.024896 2876
0.024905 2876
0.024915 2876
0.024924 2876
0.024933 2876
0.024943 2876
0.024952 2876
0.024962 2876
0.024971 2876
0.024981 2876
0.02499 2876
0.024999 2876
0.025009 2876
0.025018 2876
0.025028 2876
0.025037 2876
0.025047 2876
0.025056 2876
0.025065 2876
0.025075 2876
0.025084 2876
0.025094 2876
0.025103 2876
0.025113 2876
0.025122 2876
0.025131 2876
0.025141 2876
0.02515 2876
0.02516 2876
0.025169 2876
0.025178 2876
0.025188 2876
0.025197 2876
0.025207 2876
0.025216 2876
0.025226 2876
0.025235 2876
0.025244 2876
0.025254 2876
0.025263 2876
0.025273 2876
0.025282 2876
0.025292 2876
0.025301 2876
0.02531 2876
0.02532 2876
0.025329 2876
0.025339 2876
0.025348 2876
0.025358 2876
0.025367 2876
0.025376 2876
0.025386 2876
0.025395 2876
0.025405 2876
0.025414 2876
0.025423 2876
0.025433 2876
0.025442 2876
0.025452 2876
0.025461 2876
0.025471 2876
0.02548 2876
0.025489 2876
0.025499 2876
0.025508 2876
0.025518 2876
0.025527 2876
0.025537 2876
0.025546 2876
0.025555 2876
0.025565 2876
0.025574 2876
0.025584 2876
0.025593 2876
0.025603 2876
0.025612 2876
0.025621 2876
0.025631 2876
0.02564 2876
0.02565 2876
0.025659 2876
0.025668 2876
0.025678 2876
0.025687 2876
0.025697 2876
0.025706 2876
0.025716 2876
0.025725 2876
0.025734 2876
0.025744 2876
0.025753 2876
0.025763 2876
0.025772 2876
0.025782 2876
0.025791 2876
0.0258 2876
0.02581 2876
0.025819 2876
0.025829 2876
0.025838 2876
0.025848 2876
0.025857 2876
0.025866 2876
0.025876 2876
0.025885 2876
0.025895 2876
0.025904 2876
0.025913 2876
0.025923 2876
0.025932 2876
0.025942 2876
0.025951 2876
0.025961 2876
0.02597 2876
0.025979 2876
0.025989 2876
0.025998 2876
0.026008 2876
0.026017 2876
0.026027 2876
0.026036 2876
0.026045 2876
0.026055 2876
0.026064 2876
0.026074 2876
0.026083 2876
0.026093 2876
0.026102 2876
0.026111 2876
0.026121 2876
0.02613 2876
0.02614 2876
0.026149 2876
0.026158 2876
0.026168 2876
0.026177 2876
0.026187 2876
0.026196 2876
0.026206 2876
0.026215 2876
0.026224 2876
0.026234 2876
0.026243 2876
0.026253 2876
0.026262 2876
0.026272 2876
0.026281 2876
0.02629 2876
0.0263 2876
0.026309 2876
0.026319 2876
0.026328 2876
0.026338 2876
0.026347 2876
0.026356 2876
0.026366 2876
0.026375 2876
0.026385 2876
0.026394 2876
0.026403 2876
0.026413 2876
0.026422 2876
0.026432 2876
0.026441 2876
0.026451 2876
0.02646 2876
0.026469 2876
0.026479 2876
0.026488 2876
0.026498 2876
0.026507 2876
0.026517 2876
0.026526 2876
0.026535 2876
0.026545 2876
0.026554 2876
0.026564 2876
0.026573 2876
0.026583 2876
0.026592 2876
0.026601 2876
0.026611 2876
0.02662 2876
0.02663 2876
0.026639 2876
0.026648 2876
0.026658 2876
0.026667 2876
0.026677 2876
0.026686 2876
0.026696 2876
0.026705 2876
0.026714 2876
0.026724 2876
0.026733 2876
0.026743 2876
0.026752 2876
0.026762 2876
0.026771 2876
0.02678 2876
0.02679 2876
0.026799 2876
0.026809 2876
0.026818 2876
0.026828 2876
0.026837 2876
0.026846 2876
0.026856 2876
0.026865 2876
0.026875 2876
0.026884 2876
0.026893 2876
0.026903 2876
0.026912 2876
0.026922 2876
0.026931 2876
0.026941 2876
0.02695 2876
0.026959 2876
0.026969 2876
0.026978 2876
0.026988 2876
0.026997 2876
0.027007 2876
0.027016 2876
0.027025 2876
0.027035 2876
0.027044 2876
0.027054 2876
0.027063 2876
0.027073 2876
0.027082 2876
0.027091 2876
0.027101 2876
0.02711 2876
0.02712 2876
0.027129 2876
0.027138 2876
0.027148 2876
0.027157 2876
0.027167 2876
0.027176 2876
0.027186 2876
0.027195 2876
0.027204 2876
0.027214 2876
0.027223 2876
0.027233 2876
0.027242 2876
0.027252 2876
0.027261 2876
0.02727 2876
0.02728 2876
0.027289 2876
0.027299 2876
0.027308 2876
0.027318 2876
0.027327 2876
0.027336 2876
0.027346 2876
0.027355 2876
0.027365 2876
0.027374 2876
0.027383 2876
0.027393 2876
0.027402 2876
0.027412 2876
0.027421 2876
0.027431 2876
0.02744 2876
0.027449 2876
0.027459 2876
0.027468 2876
0.027478 2876
0.027487 2876
0.027497 2876
0.027506 2876
0.027515 2876
0.027525 2876
0.027534 2876
0.027544 2876
0.027553 2876
0.027563 2876
0.027572 2876
0.027581 2876
0.027591 2876
0.0276 2876
0.02761 2876
0.027619 2876
0.027628 2876
0.027638 2876
0.027647 2876
0.027657 2876
0.027666 2876
0.027676 2876
0.027685 2876
0.027694 2876
0.027704 2876
0.027713 2876
0.027723 2876
0.027732 2876
0.027742 2876
0.027751 2876
0.02776 2876
0.02777 2876
0.027779 2876
0.027789 2876
0.027798 2876
0.027808 2876
0.027817 2876
0.027826 2876
0.027836 2876
0.027845 2876
0.027855 2876
0.027864 2876
0.027873 2876
0.027883 2876
0.027892 2876
0.027902 2876
0.027911 2876
0.027921 2876
0.02793 2876
0.027939 2876
0.027949 2876
0.027958 2876
0.027968 2876
0.027977 2876
0.027987 2876
0.027996 2876
0.028005 2876
0.028015 2876
0.028024 2876
0.028034 2876
0.028043 2876
0.028053 2876
0.028062 2876
0.028071 2876
0.028081 2876
0.02809 2876
0.0281 2876
0.028109 2876
0.028118 2876
0.028128 2876
0.028137 2876
0.028147 2876
0.028156 2876
0.028166 2876
0.028175 2876
0.028184 2876
0.028194 2876
0.028203 2876
0.028213 2876
0.028222 2876
0.028232 2876
0.028241 2876
0.02825 2876
0.02826 2876
0.028269 2876
0.028279 2876
0.028288 2876
0.028297 2876
0.028307 2876
0.028316 2876
0.028326 2876
0.028335 2876
0.028345 2876
0.028354 2876
0.028363 2876
0.028373 2876
0.028382 2876
0.028392 2876
0.028401 2876
0.028411 2876
0.02842 2876
0.028429 2876
0.028439 2876
0.028448 2876
0.028458 2876
0.028467 2876
0.028477 2876
0.028486 2876
0.028495 2876
0.028505 2876
0.028514 2876
0.028524 2876
0.028533 2876
0.028543 2876
0.028552 2876
0.028561 2876
0.028571 2876
0.02858 2876
0.02859 2876
0.028599 2876
0.028608 2876
0.028618 2876
0.028627 2876
0.028637 2876
0.028646 2876
0.028656 2876
0.028665 2876
0.028674 2876
0.028684 2876
0.028693 2876
0.028703 2876
0.028712 2876
0.028722 2876
0.028731 2876
0.02874 2876
0.02875 2876
0.028759 2876
0.028769 2876
0.028778 2876
0.028788 2876
0.028797 2876
0.028806 2876
0.028816 2876
0.028825 2876
0.028835 2876
0.028844 2876
0.028853 2876
0.028863 2876
0.028872 2876
0.028882 2876
0.028891 2876
0.028901 2876
0.02891 2876
0.028919 2876
0.028929 2876
0.028938 2876
0.028948 2876
0.028957 2876
0.028967 2876
0.028976 2876
0.028985 2876
0.028995 2876
0.029004 2876
0.029014 2876
0.029023 2876
0.029033 2876
0.029042 2876
0.029051 2876
0.029061 2876
0.02907 2876
0.02908 2876
0.029089 2876
0.029098 2876
0.029108 2876
0.029117 2876
0.029127 2876
0.029136 2876
0.029146 2876
0.029155 2876
0.029164 2876
0.029174 2876
0.029183 2876
0.029193 2876
0.029202 2876
0.029212 2876
0.029221 2876
0.02923 2876
0.02924 2876
0.029249 2876
0.029259 2876
0.029268 2876
0.029278 2876
0.029287 2876
0.029296 2876
0.029306 2876
0.029315 2876
0.029325 2876
0.029334 2876
0.029343 2876
0.029353 2876
0.029362 2876
0.029372 2876
0.029381 2876
0.029391 2876
0.0294 2876
0.029409 2876
0.029419 2876
0.029428 2876
0.029438 2876
0.029447 2876
0.029457 2876
0.029466 2876
0.029475 2876
0.029485 2876
0.029494 2876
0.029504 2876
0.029513 2876
0.029523 2876
0.029532 2876
0.029541 2876
0.029551 2876
0.02956 2876
0.02957 2876
0.029579 2876
0.029588 2876
0.029598 2876
0.029607 2876
0.029617 2876
0.029626 2876
0.029636 2876
0.029645 2876
0.029654 2876
0.029664 2876
0.029673 2876
0.029683 2876
0.029692 2876
0.029702 2876
0.029711 2876
0.02972 2876
0.02973 2876
0.029739 2876
0.029749 2876
0.029758 2876
0.029767 2876
0.029777 2876
0.029786 2876
0.029796 2876
0.029805 2876
0.029815 2876
0.029824 2876
0.029833 2876
0.029843 2876
0.029852 2876
0.029862 2876
0.029871 2876
0.029881 2876
0.02989 2876
0.029899 2876
0.029909 2876
0.029918 2876
0.029928 2876
0.029937 2876
0.029947 2876
0.029956 2876
0.029965 2876
0.029975 2876
0.029984 2876
0.029994 2876
0.030003 2876
0.030013 2876
0.030022 2876
0.030031 2876
0.030041 2876
0.03005 2876
0.03006 2876
0.030069 2876
0.030078 2876
0.030088 2876
0.030097 2876
0.030107 2876
0.030116 2876
0.030126 2876
0.030135 2876
0.030144 2876
0.030154 2876
0.030163 2876
0.030173 2876
0.030182 2876
0.030192 2876
0.030201 2876
0.03021 2876
0.03022 2876
0.030229 2876
0.030239 2876
0.030248 2876
0.030257 2876
0.030267 2876
0.030276 2876
0.030286 2876
0.030295 2876
0.030305 2876
0.030314 2876
0.030323 2876
0.030333 2876
0.030342 2876
0.030352 2876
0.030361 2876
0.030371 2876
0.03038 2876
0.030389 2876
0.030399 2876
0.030408 2876
0.030418 2876
0.030427 2876
0.030437 2876
0.030446 2876
0.030455 2876
0.030465 2876
0.030474 2876
0.030484 2876
0.030493 2876
0.030503 2876
0.030512 2876
0.030521 2876
0.030531 2876
0.03054 2876
0.03055 2876
0.030559 2876
0.030568 2876
0.030578 2876
0.030587 2876
0.030597 2876
0.030606 2876
0.030616 2876
0.030625 2876
0.030634 2876
0.030644 2876
0.030653 2876
0.030663 2876
0.030672 2876
0.030682 2876
0.030691 2876
0.0307 2876
0.03071 2876
0.030719 2876
0.030729 2876
0.030738 2876
0.030747 2876
0.030757 2876
0.030766 2876
0.030776 2876
0.030785 2876
0.030795 2876
0.030804 2876
0.030813 2876
0.030823 2876
0.030832 2876
0.030842 2876
0.030851 2876
0.030861 2876
0.03087 2876
0.030879 2876
0.030889 2876
0.030898 2876
0.030908 2876
0.030917 2876
0.030927 2876
0.030936 2876
0.030945 2876
0.030955 2876
0.030964 2876
0.030974 2876
0.030983 2876
0.030993 2876
0.031002 2876
0.031011 2876
0.031021 2876
0.03103 2876
0.03104 2876
0.031049 2876
0.031058 2876
0.031068 2876
0.031077 2876
0.031087 2876
0.031096 2876
0.031106 2876
0.031115 2876
0.031124 2876
0.031134 2876
0.031143 2876
0.031153 2876
0.031162 2876
0.031172 2876
0.031181 2876
0.03119 2876
0.0312 2876
0.031209 2876
0.031219 2876
0.031228 2876
0.031238 2876
0.031247 2876
0.031256 2876
0.031266 2876
0.031275 2876
0.031285 2876
0.031294 2876
0.031303 2876
0.031313 2876
0.031322 2876
0.031332 2876
0.031341 2876
0.031351 2876
0.03136 2876
0.031369 2876
0.031379 2876
0.031388 2876
0.031398 2876
0.031407 2876
0.031417 2876
0.031426 2876
0.031435 2876
0.031445 2876
0.031454 2876
0.031464 2876
0.031473 2876
0.031483 2876
0.031492 2876
0.031501 2876
0.031511 2876
0.03152 2876
0.03153 2876
0.031539 2876
0.031548 2876
0.031558 2876
0.031567 2876
0.031577 2876
0.031586 2876
0.031596 2876
0.031605 2876
0.031614 2876
0.031624 2876
0.031633 2876
0.031643 2876
0.031652 2876
0.031662 2876
0.031671 2876
0.03168 2876
0.03169 2876
0.031699 2876
0.031709 2876
0.031718 2876
0.031728 2876
0.031737 2876
0.031746 2876
0.031756 2876
0.031765 2876
0.031775 2876
0.031784 2876
0.031793 2876
0.031803 2876
0.031812 2876
0.031822 2876
0.031831 2876
0.031841 2876
0.03185 2876
0.031859 2876
0.031869 2876
0.031878 2876
0.031888 2876
0.031897 2876
0.031907 2876
0.031916 2876
0.031925 2876
0.031935 2876
0.031944 2876
0.031954 2876
0.031963 2876
0.031973 2876
0.031982 2876
0.031991 2876
0.032001 2876
0.03201 2876
0.03202 2876
0.032029 2876
0.032038 2876
0.032048 2876
0.032057 2876
0.032067 2876
0.032076 2876
0.032086 2876
0.032095 2876
0.032104 2876
0.032114 2876
0.032123 2876
0.032133 2876
0.032142 2876
0.032152 2876
0.032161 2876
0.03217 2876
0.03218 2876
0.032189 2876
0.032199 2876
0.032208 2876
0.032218 2876
0.032227 2876
0.032236 2876
0.032246 2876
0.032255 2876
0.032265 2876
0.032274 2876
0.032283 2876
0.032293 2876
0.032302 2876
0.032312 2876
0.032321 2876
0.032331 2876
0.03234 2876
0.032349 2876
0.032359 2876
0.032368 2876
0.032378 2876
0.032387 2876
0.032397 2876
0.032406 2876
0.032415 2876
0.032425 2876
0.032434 2876
0.032444 2876
0.032453 2876
0.032462 2876
0.032472 2876
0.032481 2876
0.032491 2876
0.0325 2876
0.03251 2876
0.032519 2876
0.032528 2876
0.032538 2876
0.032547 2876
0.032557 2876
0.032566 2876
0.032576 2876
0.032585 2876
0.032594 2876
0.032604 2876
0.032613 2876
0.032623 2876
0.032632 2876
0.032642 2876
0.032651 2876
0.03266 2876
0.03267 2876
0.032679 2876
0.032689 2876
0.032698 2876
0.032708 2876
0.032717 2876
0.032726 2876
0.032736 2876
0.032745 2876
0.032755 2876
0.032764 2876
0.032773 2876
0.032783 2876
0.032792 2876
0.032802 2876
0.032811 2876
0.032821 2876
0.03283 2876
0.032839 2876
0.032849 2876
0.032858 2876
0.032868 2876
0.032877 2876
0.032887 2876
0.032896 2876
0.032905 2876
0.032915 2876
0.032924 2876
0.032934 2876
0.032943 2876
0.032953 2876
0.032962 2876
0.032971 2876
0.032981 2876
1 2876
