9.4231e-06 70112
1.8846e-05 70112
2.8269e-05 70112
3.7692e-05 70112
4.7115e-05 70112
5.6538e-05 70112
6.5962e-05 70112
7.5385e-05 70111
8.4808e-05 70111
9.4231e-05 70110
0.00010365 70109
0.00011308 70107
0.0001225 70104
0.00013192 70099
0.00014135 70093
0.00015077 70084
0.00016019 70070
0.00016962 70051
0.00017904 70023
0.00018846 69985
0.00019788 69931
0.00020731 69857
0.00021673 69756
0.00022615 69621
0.00023558 69440
0.000245 69201
0.00025442 68890
0.00026385 68489
0.00027327 67977
0.00028269 67332
0.00029212 66529
0.00030154 65544
0.00031096 64349
0.00032038 62920
0.00032981 61237
0.00033923 59283
0.00034865 57051
0.00035808 54542
0.0003675 51770
0.00037692 48762
0.00038635 45554
0.00039577 42198
0.00040519 38752
0.00041462 35279
0.00042404 31846
0.00043346 28515
0.00044288 25340
0.00045231 22368
0.00046173 19632
0.00047115 17152
0.00048058 14938
0.00049 12987
0.00049942 11288
0.00050885 9825.2
0.00051827 8577.1
0.00052769 7520.8
0.00053712 6633.5
0.00054654 5892.7
0.00055596 5278
0.00056538 4771
0.00057481 4355.4
0.00058423 4017.5
0.00059365 3745.5
0.00060308 3529.6
0.0006125 3361.6
0.00062192 3234.9
0.00063135 3144
0.00064077 3084.5
0.00065019 3052.8
0.00065962 3046.1
0.00066904 3062.1
0.00067846 3098.8
0.00068788 3154.9
0.00069731 3229.2
0.00070673 3320.8
0.00071615 3429.1
0.00072558 3553.7
0.000735 3694.1
0.00074442 3850.4
0.00075385 4022.5
0.00076327 4210.5
0.00077269 4414.6
0.00078212 4635.2
0.00079154 4872.6
0.00080096 5127.4
0.00081038 5400.1
0.00081981 5691.2
0.00082923 6001.5
0.00083865 6331.7
0.00084808 6682.4
0.0008575 7054.3
0.00086692 7448.3
0.00087635 7865
0.00088577 8305.2
0.00089519 8769.5
0.00090462 9258.6
0.00091404 9773.2
0.00092346 10314
0.00093288 10881
0.00094231 11475
0.00095173 12096
0.00096115 12745
0.00097058 13421
0.00098 14126
0.00098942 14858
0.00099885 15617
0.0010083 16405
0.0010177 17218
0.0010271 18059
0.0010365 18925
0.001046 19816
0.0010554 20732
0.0010648 21670
0.0010742 22630
0.0010837 23611
0.0010931 24612
0.0011025 25630
0.0011119 26664
0.0011213 27713
0.0011308 28775
0.0011402 29848
0.0011496 30930
0.001159 32019
0.0011685 33114
0.0011779 34212
0.0011873 35311
0.0011967 36409
0.0012062 37505
0.0012156 38597
0.001225 39682
0.0012344 40758
0.0012438 41825
0.0012533 42880
0.0012627 43921
0.0012721 44948
0.0012815 45958
0.001291 46950
0.0013004 47923
0.0013098 48876
0.0013192 49808
0.0013287 50718
0.0013381 51604
0.0013475 52467
0.0013569 53305
0.0013663 54119
0.0013758 54907
0.0013852 55670
0.0013946 56407
0.001404 57119
0.0014135 57804
0.0014229 58464
0.0014323 59098
0.0014417 59706
0.0014512 60290
0.0014606 60849
0.00147 61383
0.0014794 61893
0.0014888 62380
0.0014983 62845
0.0015077 63286
0.0015171 63707
0.0015265 64106
0.001536 64484
0.0015454 64843
0.0015548 65183
0.0015642 65505
0.0015737 65809
0.0015831 66095
0.0015925 66366
0.0016019 66621
0.0016113 66861
0.0016208 67086
0.0016302 67299
0.0016396 67498
0.001649 67684
0.0016585 67859
0.0016679 68023
0.0016773 68176
0.0016867 68320
0.0016962 68454
0.0017056 68578
0.001715 68695
0.0017244 68803
0.0017338 68904
0.0017433 68998
0.0017527 69086
0.0017621 69167
0.0017715 69242
0.001781 69312
0.0017904 69377
0.0017998 69437
0.0018092 69492
0.0018187 69543
0.0018281 69591
0.0018375 69634
0.0018469 69675
0.0018563 69712
0.0018658 69746
0.0018752 69778
0.0018846 69807
0.001894 69833
0.0019035 69858
0.0019129 69880
0.0019223 69901
0.0019317 69920
0.0019412 69937
0.0019506 69953
0.00196 69968
0.0019694 69981
0.0019788 69993
0.0019883 70004
0.0019977 70014
0.0020071 70023
0.0020165 70032
0.002026 70040
0.0020354 70047
0.0020448 70053
0.0020542 70059
0.0020637 70064
0.0020731 70069
0.0020825 70073
0.0020919 70077
0.0021013 70080
0.0021108 70083
0.0021202 70086
0.0021296 70089
0.002139 70091
0.0021485 70093
0.0021579 70095
0.0021673 70097
0.0021767 70099
0.0021862 70100
0.0021956 70101
0.002205 70103
0.0022144 70104
0.0022238 70104
0.0022333 70105
0.0022427 70106
0.0022521 70107
0.0022615 70107
0.002271 70108
0.0022804 70108
0.0022898 70109
0.0022992 70109
0.0023087 70109
0.0023181 70110
0.0023275 70110
0.0023369 70110
0.0023463 70110
0.0023558 70111
0.0023652 70111
0.0023746 70111
0.002384 70111
0.0023935 70111
0.0024029 70111
0.0024123 70111
0.0024217 70111
0.0024312 70112
0.0024406 70112
0.00245 70112
0.0024594 70112
0.0024688 70112
0.0024783 70112
0.0024877 70112
0.0024971 70112
0.0025065 70112
0.002516 70112
0.0025254 70112
0.0025348 70112
0.0025442 70112
0.0025537 70112
0.0025631 70112
0.0025725 70112
0.0025819 70112
0.0025913 70112
0.0026008 70112
0.0026102 70112
0.0026196 70112
0.002629 70112
0.0026385 70112
0.0026479 70112
0.0026573 70112
0.0026667 70112
0.0026762 70112
0.0026856 70112
0.002695 70112
0.0027044 70112
0.0027138 70112
0.0027233 70112
0.0027327 70112
0.0027421 70112
0.0027515 70112
0.002761 70112
0.0027704 70112
0.0027798 70112
0.0027892 70112
0.0027987 70112
0.0028081 70112
0.0028175 70112
0.0028269 70112
0.0028363 70112
0.0028458 70112
0.0028552 70112
0.0028646 70112
0.002874 70112
0.0028835 70112
0.0028929 70112
0.0029023 70112
0.0029117 70112
0.0029212 70112
0.0029306 70112
0.00294 70112
0.0029494 70112
0.0029588 70112
0.0029683 70112
0.0029777 70112
0.0029871 70112
0.0029965 70112
0.003006 70112
0.0030154 70112
0.0030248 70112
0.0030342 70112
0.0030437 70112
0.0030531 70112
0.0030625 70112
0.0030719 70112
0.0030813 70112
0.0030908 70112
0.0031002 70112
0.0031096 70112
0.003119 70112
0.0031285 70112
0.0031379 70112
0.0031473 70112
0.0031567 70112
0.0031662 70112
0.0031756 70112
0.003185 70112
0.0031944 70112
0.0032038 70112
0.0032133 70112
0.0032227 70112
0.0032321 70112
0.0032415 70112
0.003251 70112
0.0032604 70112
0.0032698 70112
0.0032792 70112
0.0032887 70112
0.0032981 70112
0.0033075 70112
0.0033169 70112
0.0033263 70112
0.0033358 70112
0.0033452 70112
0.0033546 70112
0.003364 70112
0.0033735 70112
0.0033829 70112
0.0033923 70112
0.0034017 70112
0.0034112 70112
0.0034206 70112
0.00343 70112
0.0034394 70112
0.0034488 70112
0.0034583 70112
0.0034677 70112
0.0034771 70112
0.0034865 70112
0.003496 70112
0.0035054 70112
0.0035148 70112
0.0035242 70112
0.0035337 70112
0.0035431 70112
0.0035525 70112
0.0035619 70112
0.0035713 70112
0.0035808 70112
0.0035902 70112
0.0035996 70112
0.003609 70112
0.0036185 70112
0.0036279 70112
0.0036373 70112
0.0036467 70112
0.0036562 70112
0.0036656 70112
0.003675 70112
0.0036844 70112
0.0036938 70112
0.0037033 70112
0.0037127 70112
0.0037221 70112
0.0037315 70112
0.003741 70112
0.0037504 70112
0.0037598 70112
0.0037692 70112
0.0037787 70112
0.0037881 70112
0.0037975 70112
0.0038069 70112
0.0038163 70112
0.0038258 70112
0.0038352 70112
0.0038446 70112
0.003854 70112
0.0038635 70112
0.0038729 70112
0.0038823 70112
0.0038917 70112
0.0039012 70112
0.0039106 70112
0.00392 70112
0.0039294 70112
0.0039388 70112
0.0039483 70112
0.0039577 70112
0.0039671 70112
0.0039765 70112
0.003986 70112
0.0039954 70112
0.0040048 70112
0.0040142 70112
0.0040237 70112
0.0040331 70112
0.0040425 70112
0.0040519 70112
0.0040613 70112
0.0040708 70112
0.0040802 70112
0.0040896 70112
0.004099 70112
0.0041085 70112
0.0041179 70112
0.0041273 70112
0.0041367 70112
0.0041462 70112
0.0041556 70112
0.004165 70112
0.0041744 70112
0.0041838 70112
0.0041933 70112
0.0042027 70112
0.0042121 70112
0.0042215 70112
0.004231 70112
0.0042404 70112
0.0042498 70112
0.0042592 70112
0.0042687 70112
0.0042781 70112
0.0042875 70112
0.0042969 70112
0.0043063 70112
0.0043158 70112
0.0043252 70112
0.0043346 70112
0.004344 70112
0.0043535 70112
0.0043629 70112
0.0043723 70112
0.0043817 70112
0.0043912 70112
0.0044006 70112
0.00441 70112
0.0044194 70112
0.0044288 70112
0.0044383 70112
0.0044477 70112
0.0044571 70112
0.0044665 70112
0.004476 70112
0.0044854 70112
0.0044948 70112
0.0045042 70112
0.0045137 70112
0.0045231 70112
0.0045325 70112
0.0045419 70112
0.0045513 70112
0.0045608 70112
0.0045702 70112
0.0045796 70112
0.004589 70112
0.0045985 70112
0.0046079 70112
0.0046173 70112
0.0046267 70112
0.0046362 70112
0.0046456 70112
0.004655 70112
0.0046644 70112
0.0046738 70112
0.0046833 70112
0.0046927 70112
0.0047021 70112
0.0047115 70112
0.004721 70112
0.0047304 70112
0.0047398 70112
0.0047492 70112
0.0047587 70112
0.0047681 70112
0.0047775 70112
0.0047869 70112
0.0047963 70112
0.0048058 70112
0.0048152 70112
0.0048246 70112
0.004834 70112
0.0048435 70112
0.0048529 70112
0.0048623 70112
0.0048717 70112
0.0048812 70112
0.0048906 70112
0.0049 70112
0.0049094 70112
0.0049188 70112
0.0049283 70112
0.0049377 70112
0.0049471 70112
0.0049565 70112
0.004966 70112
0.0049754 70112
0.0049848 70112
0.0049942 70112
0.0050037 70112
0.0050131 70112
0.0050225 70112
0.0050319 70112
0.0050413 70112
0.0050508 70112
0.0050602 70112
0.0050696 70112
0.005079 70112
0.0050885 70112
0.0050979 70112
0.0051073 70112
0.0051167 70112
0.0051262 70112
0.0051356 70112
0.005145 70112
0.0051544 70112
0.0051638 70112
0.0051733 70112
0.0051827 70112
0.0051921 70112
0.0052015 70112
0.005211 70112
0.0052204 70112
0.0052298 70112
0.0052392 70112
0.0052487 70112
0.0052581 70112
0.0052675 70112
0.0052769 70112
0.0052863 70112
0.0052958 70112
0.0053052 70112
0.0053146 70112
0.005324 70112
0.0053335 70112
0.0053429 70112
0.0053523 70112
0.0053617 70112
0.0053712 70112
0.0053806 70112
0.00539 70112
0.0053994 70112
0.0054088 70112
0.0054183 70112
0.0054277 70112
0.0054371 70112
0.0054465 70112
0.005456 70112
0.0054654 70112
0.0054748 70112
0.0054842 70112
0.0054937 70112
0.0055031 70112
0.0055125 70112
0.0055219 70112
0.0055313 70112
0.0055408 70112
0.0055502 70112
0.0055596 70112
0.005569 70112
0.0055785 70112
0.0055879 70112
0.0055973 70112
0.0056067 70112
0.0056162 70112
0.0056256 70112
0.005635 70112
0.0056444 70112
0.0056538 70112
0.0056633 70112
0.0056727 70112
0.0056821 70112
0.0056915 70112
0.005701 70112
0.0057104 70112
0.0057198 70112
0.0057292 70112
0.0057387 70112
0.0057481 70112
0.0057575 70112
0.0057669 70112
0.0057763 70112
0.0057858 70112
0.0057952 70112
0.0058046 70112
0.005814 70112
0.0058235 70112
0.0058329 70112
0.0058423 70112
0.0058517 70112
0.0058612 70112
0.0058706 70112
0.00588 70112
0.0058894 70112
0.0058988 70112
0.0059083 70112
0.0059177 70112
0.0059271 70112
0.0059365 70112
0.005946 70112
0.0059554 70112
0.0059648 70112
0.0059742 70112
0.0059837 70112
0.0059931 70112
0.0060025 70112
0.0060119 70112
0.0060213 70112
0.0060308 70112
0.0060402 70112
0.0060496 70112
0.006059 70112
0.0060685 70112
0.0060779 70112
0.0060873 70112
0.0060967 70112
0.0061062 70112
0.0061156 70112
0.006125 70112
0.0061344 70112
0.0061438 70112
0.0061533 70112
0.0061627 70112
0.0061721 70112
0.0061815 70112
0.006191 70112
0.0062004 70112
0.0062098 70112
0.0062192 70112
0.0062287 70112
0.0062381 70112
0.0062475 70112
0.0062569 70112
0.0062663 70112
0.0062758 70112
0.0062852 70112
0.0062946 70112
0.006304 70112
0.0063135 70112
0.0063229 70112
0.0063323 70112
0.0063417 70112
0.0063512 70112
0.0063606 70112
0.00637 70112
0.0063794 70112
0.0063888 70112
0.0063983 70112
0.0064077 70112
0.0064171 70112
0.0064265 70112
0.006436 70112
0.0064454 70112
0.0064548 70112
0.0064642 70112
0.0064737 70112
0.0064831 70112
0.0064925 70112
0.0065019 70112
0.0065113 70112
0.0065208 70112
0.0065302 70112
0.0065396 70112
0.006549 70112
0.0065585 70112
0.0065679 70112
0.0065773 70112
0.0065867 70112
0.0065962 70112
0.0066056 70112
0.006615 70112
0.0066244 70112
0.0066338 70112
0.0066433 70112
0.0066527 70112
0.0066621 70112
0.0066715 70112
0.006681 70112
0.0066904 70112
0.0066998 70112
0.0067092 70112
0.0067187 70112
0.0067281 70112
0.0067375 70112
0.0067469 70112
0.0067563 70112
0.0067658 70112
0.0067752 70112
0.0067846 70112
0.006794 70112
0.0068035 70112
0.0068129 70112
0.0068223 70112
0.0068317 70112
0.0068412 70112
0.0068506 70112
0.00686 70112
0.0068694 70112
0.0068788 70112
0.0068883 70112
0.0068977 70112
0.0069071 70112
0.0069165 70112
0.006926 70112
0.0069354 70112
0.0069448 70112
0.0069542 70112
0.0069637 70112
0.0069731 70112
0.0069825 70112
0.0069919 70112
0.0070013 70112
0.0070108 70112
0.0070202 70112
0.0070296 70112
0.007039 70112
0.0070485 70112
0.0070579 70112
0.0070673 70112
0.0070767 70112
0.0070862 70112
0.0070956 70112
0.007105 70112
0.0071144 70112
0.0071238 70112
0.0071333 70112
0.0071427 70112
0.0071521 70112
0.0071615 70112
0.007171 70112
0.0071804 70112
0.0071898 70112
0.0071992 70112
0.0072087 70112
0.0072181 70112
0.0072275 70112
0.0072369 70112
0.0072463 70112
0.0072558 70112
0.0072652 70112
0.0072746 70112
0.007284 70112
0.0072935 70112
0.0073029 70112
0.0073123 70112
0.0073217 70112
0.0073312 70112
0.0073406 70112
0.00735 70112
0.0073594 70112
0.0073688 70112
0.0073783 70112
0.0073877 70112
0.0073971 70112
0.0074065 70112
0.007416 70112
0.0074254 70112
0.0074348 70112
0.0074442 70112
0.0074537 70112
0.0074631 70112
0.0074725 70112
0.0074819 70112
0.0074913 70112
0.0075008 70112
0.0075102 70112
0.0075196 70112
0.007529 70112
0.0075385 70112
0.0075479 70112
0.0075573 70112
0.0075667 70112
0.0075762 70112
0.0075856 70112
0.007595 70112
0.0076044 70112
0.0076138 70112
0.0076233 70112
0.0076327 70112
0.0076421 70112
0.0076515 70112
0.007661 70112
0.0076704 70112
0.0076798 70112
0.0076892 70112
0.0076987 70112
0.0077081 70112
0.0077175 70112
0.0077269 70112
0.0077363 70112
0.0077458 70112
0.0077552 70112
0.0077646 70112
0.007774 70112
0.0077835 70112
0.0077929 70112
0.0078023 70112
0.0078117 70112
0.0078212 70112
0.0078306 70112
0.00784 70112
0.0078494 70112
0.0078588 70112
0.0078683 70112
0.0078777 70112
0.0078871 70112
0.0078965 70112
0.007906 70112
0.0079154 70112
0.0079248 70112
0.0079342 70112
0.0079437 70112
0.0079531 70112
0.0079625 70112
0.0079719 70112
0.0079813 70112
0.0079908 70112
0.0080002 70112
0.0080096 70112
0.008019 70112
0.0080285 70112
0.0080379 70112
0.0080473 70112
0.0080567 70112
0.0080662 70112
0.0080756 70112
0.008085 70112
0.0080944 70112
0.0081038 70112
0.0081133 70112
0.0081227 70112
0.0081321 70112
0.0081415 70112
0.008151 70112
0.0081604 70112
0.0081698 70112
0.0081792 70112
0.0081887 70112
0.0081981 70112
0.0082075 70112
0.0082169 70112
0.0082263 70112
0.0082358 70112
0.0082452 70112
0.0082546 70112
0.008264 70112
0.0082735 70112
0.0082829 70112
0.0082923 70112
0.0083017 70112
0.0083112 70112
0.0083206 70112
0.00833 70112
0.0083394 70112
0.0083488 70112
0.0083583 70112
0.0083677 70112
0.0083771 70112
0.0083865 70112
0.008396 70112
0.0084054 70112
0.0084148 70112
0.0084242 70112
0.0084337 70112
0.0084431 70112
0.0084525 70112
0.0084619 70112
0.0084713 70112
0.0084808 70112
0.0084902 70112
0.0084996 70112
0.008509 70112
0.0085185 70112
0.0085279 70112
0.0085373 70112
0.0085467 70112
0.0085562 70112
0.0085656 70112
0.008575 70112
0.0085844 70112
0.0085938 70112
0.0086033 70112
0.0086127 70112
0.0086221 70112
0.0086315 70112
0.008641 70112
0.0086504 70112
0.0086598 70112
0.0086692 70112
0.0086787 70112
0.0086881 70112
0.0086975 70112
0.0087069 70112
0.0087163 70112
0.0087258 70112
0.0087352 70112
0.0087446 70112
0.008754 70112
0.0087635 70112
0.0087729 70112
0.0087823 70112
0.0087917 70112
0.0088012 70112
0.0088106 70112
0.00882 70112
0.0088294 70112
0.0088388 70112
0.0088483 70112
0.0088577 70112
0.0088671 70112
0.0088765 70112
0.008886 70112
0.0088954 70112
0.0089048 70112
0.0089142 70112
0.0089237 70112
0.0089331 70112
0.0089425 70112
0.0089519 70112
0.0089613 70112
0.0089708 70112
0.0089802 70112
0.0089896 70112
0.008999 70112
0.0090085 70112
0.0090179 70112
0.0090273 70112
0.0090367 70112
0.0090462 70112
0.0090556 70112
0.009065 70112
0.0090744 70112
0.0090838 70112
0.0090933 70112
0.0091027 70112
0.0091121 70112
0.0091215 70112
0.009131 70112
0.0091404 70112
0.0091498 70112
0.0091592 70112
0.0091687 70112
0.0091781 70112
0.0091875 70112
0.0091969 70112
0.0092063 70112
0.0092158 70112
0.0092252 70112
0.0092346 70112
0.009244 70112
0.0092535 70112
0.0092629 70112
0.0092723 70112
0.0092817 70112
0.0092912 70112
0.0093006 70112
0.00931 70112
0.0093194 70112
0.0093288 70112
0.0093383 70112
0.0093477 70112
0.0093571 70112
0.0093665 70112
0.009376 70112
0.0093854 70112
0.0093948 70112
0.0094042 70112
0.0094137 70112
0.0094231 70112
0.0094325 70112
0.0094419 70112
0.0094513 70112
0.0094608 70112
0.0094702 70112
0.0094796 70112
0.009489 70112
0.0094985 70112
0.0095079 70112
0.0095173 70112
0.0095267 70112
0.0095362 70112
0.0095456 70112
0.009555 70112
0.0095644 70112
0.0095738 70112
0.0095833 70112
0.0095927 70112
0.0096021 70112
0.0096115 70112
0.009621 70112
0.0096304 70112
0.0096398 70112
0.0096492 70112
0.0096587 70112
0.0096681 70112
0.0096775 70112
0.0096869 70112
0.0096963 70112
0.0097058 70112
0.0097152 70112
0.0097246 70112
0.009734 70112
0.0097435 70112
0.0097529 70112
0.0097623 70112
0.0097717 70112
0.0097812 70112
0.0097906 70112
0.0098 70112
0.0098094 70112
0.0098188 70112
0.0098283 70112
0.0098377 70112
0.0098471 70112
0.0098565 70112
0.009866 70112
0.0098754 70112
0.0098848 70112
0.0098942 70112
0.0099037 70112
0.0099131 70112
0.0099225 70112
0.0099319 70112
0.0099413 70112
0.0099508 70112
0.0099602 70112
0.0099696 70112
0.009979 70112
0.0099885 70112
0.0099979 70112
0.010007 70112
0.010017 70112
0.010026 70112
0.010036 70112
0.010045 70112
0.010054 70112
0.010064 70112
0.010073 70112
0.010083 70112
0.010092 70112
0.010102 70112
0.010111 70112
0.01012 70112
0.01013 70112
0.010139 70112
0.010149 70112
0.010158 70112
0.010168 70112
0.010177 70112
0.010186 70112
0.010196 70112
0.010205 70112
0.010215 70112
0.010224 70112
0.010233 70112
0.010243 70112
0.010252 70112
0.010262 70112
0.010271 70112
0.010281 70112
0.01029 70112
0.010299 70112
0.010309 70112
0.010318 70112
0.010328 70112
0.010337 70112
0.010347 70112
0.010356 70112
0.010365 70112
0.010375 70112
0.010384 70112
0.010394 70112
0.010403 70112
0.010412 70112
0.010422 70112
0.010431 70112
0.010441 70112
0.01045 70112
0.01046 70112
0.010469 70112
0.010478 70112
0.010488 70112
0.010497 70112
0.010507 70112
0.010516 70112
0.010526 70112
0.010535 70112
0.010544 70112
0.010554 70112
0.010563 70112
0.010573 70112
0.010582 70112
0.010592 70112
0.010601 70112
0.01061 70112
0.01062 70112
0.010629 70112
0.010639 70112
0.010648 70112
0.010658 70112
0.010667 70112
0.010676 70112
0.010686 70112
0.010695 70112
0.010705 70112
0.010714 70112
0.010723 70112
0.010733 70112
0.010742 70112
0.010752 70112
0.010761 70112
0.010771 70112
0.01078 70112
0.010789 70112
0.010799 70112
0.010808 70112
0.010818 70112
0.010827 70112
0.010837 70112
0.010846 70112
0.010855 70112
0.010865 70112
0.010874 70112
0.010884 70112
0.010893 70112
0.010903 70112
0.010912 70112
0.010921 70112
0.010931 70112
0.01094 70112
0.01095 70112
0.010959 70112
0.010968 70112
0.010978 70112
0.010987 70112
0.010997 70112
0.011006 70112
0.011016 70112
0.011025 70112
0.011034 70112
0.011044 70112
0.011053 70112
0.011063 70112
0.011072 70112
0.011082 70112
0.011091 70112
0.0111 70112
0.01111 70112
0.011119 70112
0.011129 70112
0.011138 70112
0.011147 70112
0.011157 70112
0.011166 70112
0.011176 70112
0.011185 70112
0.011195 70112
0.011204 70112
0.011213 70112
0.011223 70112
0.011232 70112
0.011242 70112
0.011251 70112
0.011261 70112
0.01127 70112
0.011279 70112
0.011289 70112
0.011298 70112
0.011308 70112
0.011317 70112
0.011327 70112
0.011336 70112
0.011345 70112
0.011355 70112
0.011364 70112
0.011374 70112
0.011383 70112
0.011393 70112
0.011402 70112
0.011411 70112
0.011421 70112
0.01143 70112
0.01144 70112
0.011449 70112
0.011458 70112
0.011468 70112
0.011477 70112
0.011487 70112
0.011496 70112
0.011506 70112
0.011515 70112
0.011524 70112
0.011534 70112
0.011543 70112
0.011553 70112
0.011562 70112
0.011572 70112
0.011581 70112
0.01159 70112
0.0116 70112
0.011609 70112
0.011619 70112
0.011628 70112
0.011638 70112
0.011647 70112
0.011656 70112
0.011666 70112
0.011675 70112
0.011685 70112
0.011694 70112
0.011703 70112
0.011713 70112
0.011722 70112
0.011732 70112
0.011741 70112
0.011751 70112
0.01176 70112
0.011769 70112
0.011779 70112
0.011788 70112
0.011798 70112
0.011807 70112
0.011817 70112
0.011826 70112
0.011835 70112
0.011845 70112
0.011854 70112
0.011864 70112
0.011873 70112
0.011883 70112
0.011892 70112
0.011901 70112
0.011911 70112
0.01192 70112
0.01193 70112
0.011939 70112
0.011948 70112
0.011958 70112
0.011967 70112
0.011977 70112
0.011986 70112
0.011996 70112
0.012005 70112
0.012014 70112
0.012024 70112
0.012033 70112
0.012043 70112
0.012052 70112
0.012062 70112
0.012071 70112
0.01208 70112
0.01209 70112
0.012099 70112
0.012109 70112
0.012118 70112
0.012128 70112
0.012137 70112
0.012146 70112
0.012156 70112
0.012165 70112
0.012175 70112
0.012184 70112
0.012193 70112
0.012203 70112
0.012212 70112
0.012222 70112
0.012231 70112
0.012241 70112
0.01225 70112
0.012259 70112
0.012269 70112
0.012278 70112
0.012288 70112
0.012297 70112
0.012307 70112
0.012316 70112
0.012325 70112
0.012335 70112
0.012344 70112
0.012354 70112
0.012363 70112
0.012373 70112
0.012382 70112
0.012391 70112
0.012401 70112
0.01241 70112
0.01242 70112
0.012429 70112
0.012438 70112
0.012448 70112
0.012457 70112
0.012467 70112
0.012476 70112
0.012486 70112
0.012495 70112
0.012504 70112
0.012514 70112
0.012523 70112
0.012533 70112
0.012542 70112
0.012552 70112
0.012561 70112
0.01257 70112
0.01258 70112
0.012589 70112
0.012599 70112
0.012608 70112
0.012618 70112
0.012627 70112
0.012636 70112
0.012646 70112
0.012655 70112
0.012665 70112
0.012674 70112
0.012683 70112
0.012693 70112
0.012702 70112
0.012712 70112
0.012721 70112
0.012731 70112
0.01274 70112
0.012749 70112
0.012759 70112
0.012768 70112
0.012778 70112
0.012787 70112
0.012797 70112
0.012806 70112
0.012815 70112
0.012825 70112
0.012834 70112
0.012844 70112
0.012853 70112
0.012863 70112
0.012872 70112
0.012881 70112
0.012891 70112
0.0129 70112
0.01291 70112
0.012919 70112
0.012928 70112
0.012938 70112
0.012947 70112
0.012957 70112
0.012966 70112
0.012976 70112
0.012985 70112
0.012994 70112
0.013004 70112
0.013013 70112
0.013023 70112
0.013032 70112
0.013042 70112
0.013051 70112
0.01306 70112
0.01307 70112
0.013079 70112
0.013089 70112
0.013098 70112
0.013107 70112
0.013117 70112
0.013126 70112
0.013136 70112
0.013145 70112
0.013155 70112
0.013164 70112
0.013173 70112
0.013183 70112
0.013192 70112
0.013202 70112
0.013211 70112
0.013221 70112
0.01323 70112
0.013239 70112
0.013249 70112
0.013258 70112
0.013268 70112
0.013277 70112
0.013287 70112
0.013296 70112
0.013305 70112
0.013315 70112
0.013324 70112
0.013334 70112
0.013343 70112
0.013352 70112
0.013362 70112
0.013371 70112
0.013381 70112
0.01339 70112
0.0134 70112
0.013409 70112
0.013418 70112
0.013428 70112
0.013437 70112
0.013447 70112
0.013456 70112
0.013466 70112
0.013475 70112
0.013484 70112
0.013494 70112
0.013503 70112
0.013513 70112
0.013522 70112
0.013532 70112
0.013541 70112
0.01355 70112
0.01356 70112
0.013569 70112
0.013579 70112
0.013588 70112
0.013598 70112
0.013607 70112
0.013616 70112
0.013626 70112
0.013635 70112
0.013645 70112
0.013654 70112
0.013663 70112
0.013673 70112
0.013682 70112
0.013692 70112
0.013701 70112
0.013711 70112
0.01372 70112
0.013729 70112
0.013739 70112
0.013748 70112
0.013758 70112
0.013767 70112
0.013777 70112
0.013786 70112
0.013795 70112
0.013805 70112
0.013814 70112
0.013824 70112
0.013833 70112
0.013843 70112
0.013852 70112
0.013861 70112
0.013871 70112
0.01388 70112
0.01389 70112
0.013899 70112
0.013908 70112
0.013918 70112
0.013927 70112
0.013937 70112
0.013946 70112
0.013956 70112
0.013965 70112
0.013974 70112
0.013984 70112
0.013993 70112
0.014003 70112
0.014012 70112
0.014022 70112
0.014031 70112
0.01404 70112
0.01405 70112
0.014059 70112
0.014069 70112
0.014078 70112
0.014088 70112
0.014097 70112
0.014106 70112
0.014116 70112
0.014125 70112
0.014135 70112
0.014144 70112
0.014153 70112
0.014163 70112
0.014172 70112
0.014182 70112
0.014191 70112
0.014201 70112
0.01421 70112
0.014219 70112
0.014229 70112
0.014238 70112
0.014248 70112
0.014257 70112
0.014267 70112
0.014276 70112
0.014285 70112
0.014295 70112
0.014304 70112
0.014314 70112
0.014323 70112
0.014333 70112
0.014342 70112
0.014351 70112
0.014361 70112
0.01437 70112
0.01438 70112
0.014389 70112
0.014398 70112
0.014408 70112
0.014417 70112
0.014427 70112
0.014436 70112
0.014446 70112
0.014455 70112
0.014464 70112
0.014474 70112
0.014483 70112
0.014493 70112
0.014502 70112
0.014512 70112
0.014521 70112
0.01453 70112
0.01454 70112
0.014549 70112
0.014559 70112
0.014568 70112
0.014578 70112
0.014587 70112
0.014596 70112
0.014606 70112
0.014615 70112
0.014625 70112
0.014634 70112
0.014643 70112
0.014653 70112
0.014662 70112
0.014672 70112
0.014681 70112
0.014691 70112
0.0147 70112
0.014709 70112
0.014719 70112
0.014728 70112
0.014738 70112
0.014747 70112
0.014757 70112
0.014766 70112
0.014775 70112
0.014785 70112
0.014794 70112
0.014804 70112
0.014813 70112
0.014823 70112
0.014832 70112
0.014841 70112
0.014851 70112
0.01486 70112
0.01487 70112
0.014879 70112
0.014888 70112
0.014898 70112
0.014907 70112
0.014917 70112
0.014926 70112
0.014936 70112
0.014945 70112
0.014954 70112
0.014964 70112
0.014973 70112
0.014983 70112
0.014992 70112
0.015002 70112
0.015011 70112
0.01502 70112
0.01503 70112
0.015039 70112
0.015049 70112
0.015058 70112
0.015068 70112
0.015077 70112
0.015086 70112
0.015096 70112
0.015105 70112
0.015115 70112
0.015124 70112
0.015133 70112
0.015143 70112
0.015152 70112
0.015162 70112
0.015171 70112
0.015181 70112
0.01519 70112
0.015199 70112
0.015209 70112
0.015218 70112
0.015228 70112
0.015237 70112
0.015247 70112
0.015256 70112
0.015265 70112
0.015275 70112
0.015284 70112
0.015294 70112
0.015303 70112
0.015312 70112
0.015322 70112
0.015331 70112
0.015341 70112
0.01535 70112
0.01536 70112
0.015369 70112
0.015378 70112
0.015388 70112
0.015397 70112
0.015407 70112
0.015416 70112
0.015426 70112
0.015435 70112
0.015444 70112
0.015454 70112
0.015463 70112
0.015473 70112
0.015482 70112
0.015492 70112
0.015501 70112
0.01551 70112
0.01552 70112
0.015529 70112
0.015539 70112
0.015548 70112
0.015558 70112
0.015567 70112
0.015576 70112
0.015586 70112
0.015595 70112
0.015605 70112
0.015614 70112
0.015623 70112
0.015633 70112
0.015642 70112
0.015652 70112
0.015661 70112
0.015671 70112
0.01568 70112
0.015689 70112
0.015699 70112
0.015708 70112
0.015718 70112
0.015727 70112
0.015737 70112
0.015746 70112
0.015755 70112
0.015765 70112
0.015774 70112
0.015784 70112
0.015793 70112
0.015803 70112
0.015812 70112
0.015821 70112
0.015831 70112
0.01584 70112
0.01585 70112
0.015859 70112
0.015868 70112
0.015878 70112
0.015887 70112
0.015897 70112
0.015906 70112
0.015916 70112
0.015925 70112
0.015934 70112
0.015944 70112
0.015953 70112
0.015963 70112
0.015972 70112
0.015982 70112
0.015991 70112
0.016 70112
0.01601 70112
0.016019 70112
0.016029 70112
0.016038 70112
0.016047 70112
0.016057 70112
0.016066 70112
0.016076 70112
0.016085 70112
0.016095 70112
0.016104 70112
0.016113 70112
0.016123 70112
0.016132 70112
0.016142 70112
0.016151 70112
0.016161 70112
0.01617 70112
0.016179 70112
0.016189 70112
0.016198 70112
0.016208 70112
0.016217 70112
0.016227 70112
0.016236 70112
0.016245 70112
0.016255 70112
0.016264 70112
0.016274 70112
0.016283 70112
0.016292 70112
0.016302 70112
0.016311 70112
0.016321 70112
0.01633 70112
0.01634 70112
0.016349 70112
0.016358 70112
0.016368 70112
0.016377 70112
0.016387 70112
0.016396 70112
0.016406 70112
0.016415 70112
0.016424 70112
0.016434 70112
0.016443 70112
0.016453 70112
0.016462 70112
0.016472 70112
0.016481 70112
0.01649 70112
0.0165 70112
0.016509 70112
0.016519 70112
0.016528 70112
0.016538 70112
0.016547 70112
0.016556 70112
0.016566 70112
0.016575 70112
0.016585 70112
0.016594 70112
0.016603 70112
0.016613 70112
0.016622 70112
0.016632 70112
0.016641 70112
0.016651 70112
0.01666 70112
0.016669 70112
0.016679 70112
0.016688 70112
0.016698 70112
0.016707 70112
0.016717 70112
0.016726 70112
0.016735 70112
0.016745 70112
0.016754 70112
0.016764 70112
0.016773 70112
0.016783 70112
0.016792 70112
0.016801 70112
0.016811 70112
0.01682 70112
0.01683 70112
0.016839 70112
0.016848 70112
0.016858 70112
0.016867 70112
0.016877 70112
0.016886 70112
0.016896 70112
0.016905 70112
0.016914 70112
0.016924 70112
0.016933 70112
0.016943 70112
0.016952 70112
0.016962 70112
0.016971 70112
0.01698 70112
0.01699 70112
0.016999 70112
0.017009 70112
0.017018 70112
0.017028 70112
0.017037 70112
0.017046 70112
0.017056 70112
0.017065 70112
0.017075 70112
0.017084 70112
0.017093 70112
0.017103 70112
0.017112 70112
0.017122 70112
0.017131 70112
0.017141 70112
0.01715 70112
0.017159 70112
0.017169 70112
0.017178 70112
0.017188 70112
0.017197 70112
0.017207 70112
0.017216 70112
0.017225 70112
0.017235 70112
0.017244 70112
0.017254 70112
0.017263 70112
0.017273 70112
0.017282 70112
0.017291 70112
0.017301 70112
0.01731 70112
0.01732 70112
0.017329 70112
0.017338 70112
0.017348 70112
0.017357 70112
0.017367 70112
0.017376 70112
0.017386 70112
0.017395 70112
0.017404 70112
0.017414 70112
0.017423 70112
0.017433 70112
0.017442 70112
0.017452 70112
0.017461 70112
0.01747 70112
0.01748 70112
0.017489 70112
0.017499 70112
0.017508 70112
0.017518 70112
0.017527 70112
0.017536 70112
0.017546 70112
0.017555 70112
0.017565 70112
0.017574 70112
0.017583 70112
0.017593 70112
0.017602 70112
0.017612 70112
0.017621 70112
0.017631 70112
0.01764 70112
0.017649 70112
0.017659 70112
0.017668 70112
0.017678 70112
0.017687 70112
0.017697 70112
0.017706 70112
0.017715 70112
0.017725 70112
0.017734 70112
0.017744 70112
0.017753 70112
0.017763 70112
0.017772 70112
0.017781 70112
0.017791 70112
0.0178 70112
0.01781 70112
0.017819 70112
0.017828 70112
0.017838 70112
0.017847 70112
0.017857 70112
0.017866 70112
0.017876 70112
0.017885 70112
0.017894 70112
0.017904 70112
0.017913 70112
0.017923 70112
0.017932 70112
0.017942 70112
0.017951 70112
0.01796 70112
0.01797 70112
0.017979 70112
0.017989 70112
0.017998 70112
0.018008 70112
0.018017 70112
0.018026 70112
0.018036 70112
0.018045 70112
0.018055 70112
0.018064 70112
0.018073 70112
0.018083 70112
0.018092 70112
0.018102 70112
0.018111 70112
0.018121 70112
0.01813 70112
0.018139 70112
0.018149 70112
0.018158 70112
0.018168 70112
0.018177 70112
0.018187 70112
0.018196 70112
0.018205 70112
0.018215 70112
0.018224 70112
0.018234 70112
0.018243 70112
0.018253 70112
0.018262 70112
0.018271 70112
0.018281 70112
0.01829 70112
0.0183 70112
0.018309 70112
0.018318 70112
0.018328 70112
0.018337 70112
0.018347 70112
0.018356 70112
0.018366 70112
0.018375 70112
0.018384 70112
0.018394 70112
0.018403 70112
0.018413 70112
0.018422 70112
0.018432 70112
0.018441 70112
0.01845 70112
0.01846 70112
0.018469 70112
0.018479 70112
0.018488 70112
0.018498 70112
0.018507 70112
0.018516 70112
0.018526 70112
0.018535 70112
0.018545 70112
0.018554 70112
0.018563 70112
0.018573 70112
0.018582 70112
0.018592 70112
0.018601 70112
0.018611 70112
0.01862 70112
0.018629 70112
0.018639 70112
0.018648 70112
0.018658 70112
0.018667 70112
0.018677 70112
0.018686 70112
0.018695 70112
0.018705 70112
0.018714 70112
0.018724 70112
0.018733 70112
0.018743 70112
0.018752 70112
0.018761 70112
0.018771 70112
0.01878 70112
0.01879 70112
0.018799 70112
0.018808 70112
0.018818 70112
0.018827 70112
0.018837 70112
0.018846 70112
0.018856 70112
0.018865 70112
0.018874 70112
0.018884 70112
0.018893 70112
0.018903 70112
0.018912 70112
0.018922 70112
0.018931 70112
0.01894 70112
0.01895 70112
0.018959 70112
0.018969 70112
0.018978 70112
0.018988 70112
0.018997 70112
0.019006 70112
0.019016 70112
0.019025 70112
0.019035 70112
0.019044 70112
0.019053 70112
0.019063 70112
0.019072 70112
0.019082 70112
0.019091 70112
0.019101 70112
0.01911 70112
0.019119 70112
0.019129 70112
0.019138 70112
0.019148 70112
0.019157 70112
0.019167 70112
0.019176 70112
0.019185 70112
0.019195 70112
0.019204 70112
0.019214 70112
0.019223 70112
0.019232 70112
0.019242 70112
0.019251 70112
0.019261 70112
0.01927 70112
0.01928 70112
0.019289 70112
0.019298 70112
0.019308 70112
0.019317 70112
0.019327 70112
0.019336 70112
0.019346 70112
0.019355 70112
0.019364 70112
0.019374 70112
0.019383 70112
0.019393 70112
0.019402 70112
0.019412 70112
0.019421 70112
0.01943 70112
0.01944 70112
0.019449 70112
0.019459 70112
0.019468 70112
0.019478 70112
0.019487 70112
0.019496 70112
0.019506 70112
0.019515 70112
0.019525 70112
0.019534 70112
0.019543 70112
0.019553 70112
0.019562 70112
0.019572 70112
0.019581 70112
0.019591 70112
0.0196 70112
0.019609 70112
0.019619 70112
0.019628 70112
0.019638 70112
0.019647 70112
0.019657 70112
0.019666 70112
0.019675 70112
0.019685 70112
0.019694 70112
0.019704 70112
0.019713 70112
0.019723 70112
0.019732 70112
0.019741 70112
0.019751 70112
0.01976 70112
0.01977 70112
0.019779 70112
0.019788 70112
0.019798 70112
0.019807 70112
0.019817 70112
0.019826 70112
0.019836 70112
0.019845 70112
0.019854 70112
0.019864 70112
0.019873 70112
0.019883 70112
0.019892 70112
0.019902 70112
0.019911 70112
0.01992 70112
0.01993 70112
0.019939 70112
0.019949 70112
0.019958 70112
0.019967 70112
0.019977 70112
0.019986 70112
0.019996 70112
0.020005 70112
0.020015 70112
0.020024 70112
0.020033 70112
0.020043 70112
0.020052 70112
0.020062 70112
0.020071 70112
0.020081 70112
0.02009 70112
0.020099 70112
0.020109 70112
0.020118 70112
0.020128 70112
0.020137 70112
0.020147 70112
0.020156 70112
0.020165 70112
0.020175 70112
0.020184 70112
0.020194 70112
0.020203 70112
0.020213 70112
0.020222 70112
0.020231 70112
0.020241 70112
0.02025 70112
0.02026 70112
0.020269 70112
0.020278 70112
0.020288 70112
0.020297 70112
0.020307 70112
0.020316 70112
0.020326 70112
0.020335 70112
0.020344 70112
0.020354 70112
0.020363 70112
0.020373 70112
0.020382 70112
0.020392 70112
0.020401 70112
0.02041 70112
0.02042 70112
0.020429 70112
0.020439 70112
0.020448 70112
0.020457 70112
0.020467 70112
0.020476 70112
0.020486 70112
0.020495 70112
0.020505 70112
0.020514 70112
0.020523 70112
0.020533 70112
0.020542 70112
0.020552 70112
0.020561 70112
0.020571 70112
0.02058 70112
0.020589 70112
0.020599 70112
0.020608 70112
0.020618 70112
0.020627 70112
0.020637 70112
0.020646 70112
0.020655 70112
0.020665 70112
0.020674 70112
0.020684 70112
0.020693 70112
0.020703 70112
0.020712 70112
0.020721 70112
0.020731 70112
0.02074 70112
0.02075 70112
0.020759 70112
0.020768 70112
0.020778 70112
0.020787 70112
0.020797 70112
0.020806 70112
0.020816 70112
0.020825 70112
0.020834 70112
0.020844 70112
0.020853 70112
0.020863 70112
0.020872 70112
0.020882 70112
0.020891 70112
0.0209 70112
0.02091 70112
0.020919 70112
0.020929 70112
0.020938 70112
0.020948 70112
0.020957 70112
0.020966 70112
0.020976 70112
0.020985 70112
0.020995 70112
0.021004 70112
0.021013 70112
0.021023 70112
0.021032 70112
0.021042 70112
0.021051 70112
0.021061 70112
0.02107 70112
0.021079 70112
0.021089 70112
0.021098 70112
0.021108 70112
0.021117 70112
0.021127 70112
0.021136 70112
0.021145 70112
0.021155 70112
0.021164 70112
0.021174 70112
0.021183 70112
0.021193 70112
0.021202 70112
0.021211 70112
0.021221 70112
0.02123 70112
0.02124 70112
0.021249 70112
0.021258 70112
0.021268 70112
0.021277 70112
0.021287 70112
0.021296 70112
0.021306 70112
0.021315 70112
0.021324 70112
0.021334 70112
0.021343 70112
0.021353 70112
0.021362 70112
0.021372 70112
0.021381 70112
0.02139 70112
0.0214 70112
0.021409 70112
0.021419 70112
0.021428 70112
0.021438 70112
0.021447 70112
0.021456 70112
0.021466 70112
0.021475 70112
0.021485 70112
0.021494 70112
0.021503 70112
0.021513 70112
0.021522 70112
0.021532 70112
0.021541 70112
0.021551 70112
0.02156 70112
0.021569 70112
0.021579 70112
0.021588 70112
0.021598 70112
0.021607 70112
0.021617 70112
0.021626 70112
0.021635 70112
0.021645 70112
0.021654 70112
0.021664 70112
0.021673 70112
0.021683 70112
0.021692 70112
0.021701 70112
0.021711 70112
0.02172 70112
0.02173 70112
0.021739 70112
0.021748 70112
0.021758 70112
0.021767 70112
0.021777 70112
0.021786 70112
0.021796 70112
0.021805 70112
0.021814 70112
0.021824 70112
0.021833 70112
0.021843 70112
0.021852 70112
0.021862 70112
0.021871 70112
0.02188 70112
0.02189 70112
0.021899 70112
0.021909 70112
0.021918 70112
0.021928 70112
0.021937 70112
0.021946 70112
0.021956 70112
0.021965 70112
0.021975 70112
0.021984 70112
0.021993 70112
0.022003 70112
0.022012 70112
0.022022 70112
0.022031 70112
0.022041 70112
0.02205 70112
0.022059 70112
0.022069 70112
0.022078 70112
0.022088 70112
0.022097 70112
0.022107 70112
0.022116 70112
0.022125 70112
0.022135 70112
0.022144 70112
0.022154 70112
0.022163 70112
0.022173 70112
0.022182 70112
0.022191 70112
0.022201 70112
0.02221 70112
0.02222 70112
0.022229 70112
0.022238 70112
0.022248 70112
0.022257 70112
0.022267 70112
0.022276 70112
0.022286 70112
0.022295 70112
0.022304 70112
0.022314 70112
0.022323 70112
0.022333 70112
0.022342 70112
0.022352 70112
0.022361 70112
0.02237 70112
0.02238 70112
0.022389 70112
0.022399 70112
0.022408 70112
0.022417 70112
0.022427 70112
0.022436 70112
0.022446 70112
0.022455 70112
0.022465 70112
0.022474 70112
0.022483 70112
0.022493 70112
0.022502 70112
0.022512 70112
0.022521 70112
0.022531 70112
0.02254 70112
0.022549 70112
0.022559 70112
0.022568 70112
0.022578 70112
0.022587 70112
0.022597 70112
0.022606 70112
0.022615 70112
0.022625 70112
0.022634 70112
0.022644 70112
0.022653 70112
0.022663 70112
0.022672 70112
0.022681 70112
0.022691 70112
0.0227 70112
0.02271 70112
0.022719 70112
0.022728 70112
0.022738 70112
0.022747 70112
0.022757 70112
0.022766 70112
0.022776 70112
0.022785 70112
0.022794 70112
0.022804 70112
0.022813 70112
0.022823 70112
0.022832 70112
0.022842 70112
0.022851 70112
0.02286 70112
0.02287 70112
0.022879 70112
0.022889 70112
0.022898 70112
0.022908 70112
0.022917 70112
0.022926 70112
0.022936 70112
0.022945 70112
0.022955 70112
0.022964 70112
0.022973 70112
0.022983 70112
0.022992 70112
0.023002 70112
0.023011 70112
0.023021 70112
0.02303 70112
0.023039 70112
0.023049 70112
0.023058 70112
0.023068 70112
0.023077 70112
0.023087 70112
0.023096 70112
0.023105 70112
0.023115 70112
0.023124 70112
0.023134 70112
0.023143 70112
0.023152 70112
0.023162 70112
0.023171 70112
0.023181 70112
0.02319 70112
0.0232 70112
0.023209 70112
0.023218 70112
0.023228 70112
0.023237 70112
0.023247 70112
0.023256 70112
0.023266 70112
0.023275 70112
0.023284 70112
0.023294 70112
0.023303 70112
0.023313 70112
0.023322 70112
0.023332 70112
0.023341 70112
0.02335 70112
0.02336 70112
0.023369 70112
0.023379 70112
0.023388 70112
0.023398 70112
0.023407 70112
0.023416 70112
0.023426 70112
0.023435 70112
0.023445 70112
0.023454 70112
0.023463 70112
0.023473 70112
0.023482 70112
0.023492 70112
0.023501 70112
0.023511 70112
0.02352 70112
0.023529 70112
0.023539 70112
0.023548 70112
0.023558 70112
0.023567 70112
0.023577 70112
0.023586 70112
0.023595 70112
0.023605 70112
0.023614 70112
0.023624 70112
0.023633 70112
0.023643 70112
0.023652 70112
0.023661 70112
0.023671 70112
0.02368 70112
0.02369 70112
0.023699 70112
0.023708 70112
0.023718 70112
0.023727 70112
0.023737 70112
0.023746 70112
0.023756 70112
0.023765 70112
0.023774 70112
0.023784 70112
0.023793 70112
0.023803 70112
0.023812 70112
0.023822 70112
0.023831 70112
0.02384 70112
0.02385 70112
0.023859 70112
0.023869 70112
0.023878 70112
0.023887 70112
0.023897 70112
0.023906 70112
0.023916 70112
0.023925 70112
0.023935 70112
0.023944 70112
0.023953 70112
0.023963 70112
0.023972 70112
0.023982 70112
0.023991 70112
0.024001 70112
0.02401 70112
0.024019 70112
0.024029 70112
0.024038 70112
0.024048 70112
0.024057 70112
0.024067 70112
0.024076 70112
0.024085 70112
0.024095 70112
0.024104 70112
0.024114 70112
0.024123 70112
0.024133 70112
0.024142 70112
0.024151 70112
0.024161 70112
0.02417 70112
0.02418 70112
0.024189 70112
0.024198 70112
0.024208 70112
0.024217 70112
0.024227 70112
0.024236 70112
0.024246 70112
0.024255 70112
0.024264 70112
0.024274 70112
0.024283 70112
0.024293 70112
0.024302 70112
0.024312 70112
0.024321 70112
0.02433 70112
0.02434 70112
0.024349 70112
0.024359 70112
0.024368 70112
0.024377 70112
0.024387 70112
0.024396 70112
0.024406 70112
0.024415 70112
0.024425 70112
0.024434 70112
0.024443 70112
0.024453 70112
0.024462 70112
0.024472 70112
0.024481 70112
0.024491 70112
0.0245 70112
0.024509 70112
0.024519 70112
0.024528 70112
0.024538 70112
0.024547 70112
0.024557 70112
0.024566 70112
0.024575 70112
0.024585 70112
0.024594 70112
0.024604 70112
0.024613 70112
0.024622 70112
0.024632 70112
0.024641 70112
0.024651 70112
0.02466 70112
0.02467 70112
0.024679 70112
0.024688 70112
0.024698 70112
0.024707 70112
0.024717 70112
0.024726 70112
0.024736 70112
0.024745 70112
0.024754 70112
0.024764 70112
0.024773 70112
0.024783 70112
0.024792 70112
0.024802 70112
0.024811 70112
0.02482 70112
0.02483 70112
0.024839 70112
0.024849 70112
0.024858 70112
0.024868 70112
0.024877 70112
0.024886 70112
0.024896 70112
0.024905 70112
0.024915 70112
0.024924 70112
0.024933 70112
0.024943 70112
0.024952 70112
0.024962 70112
0.024971 70112
0.024981 70112
0.02499 70112
0.024999 70112
0.025009 70112
0.025018 70112
0.025028 70112
0.025037 70112
0.025047 70112
0.025056 70112
0.025065 70112
0.025075 70112
0.025084 70112
0.025094 70112
0.025103 70112
0.025113 70112
0.025122 70112
0.025131 70112
0.025141 70112
0.02515 70112
0.02516 70112
0.025169 70112
0.025178 70112
0.025188 70112
0.025197 70112
0.025207 70112
0.025216 70112
0.025226 70112
0.025235 70112
0.025244 70112
0.025254 70112
0.025263 70112
0.025273 70112
0.025282 70112
0.025292 70112
0.025301 70112
0.02531 70112
0.02532 70112
0.025329 70112
0.025339 70112
0.025348 70112
0.025358 70112
0.025367 70112
0.025376 70112
0.025386 70112
0.025395 70112
0.025405 70112
0.025414 70112
0.025423 70112
0.025433 70112
0.025442 70112
0.025452 70112
0.025461 70112
0.025471 70112
0.02548 70112
0.025489 70112
0.025499 70112
0.025508 70112
0.025518 70112
0.025527 70112
0.025537 70112
0.025546 70112
0.025555 70112
0.025565 70112
0.025574 70112
0.025584 70112
0.025593 70112
0.025603 70112
0.025612 70112
0.025621 70112
0.025631 70112
0.02564 70112
0.02565 70112
0.025659 70112
0.025668 70112
0.025678 70112
0.025687 70112
0.025697 70112
0.025706 70112
0.025716 70112
0.025725 70112
0.025734 70112
0.025744 70112
0.025753 70112
0.025763 70112
0.025772 70112
0.025782 70112
0.025791 70112
0.0258 70112
0.02581 70112
0.025819 70112
0.025829 70112
0.025838 70112
0.025848 70112
0.025857 70112
0.025866 70112
0.025876 70112
0.025885 70112
0.025895 70112
0.025904 70112
0.025913 70112
0.025923 70112
0.025932 70112
0.025942 70112
0.025951 70112
0.025961 70112
0.02597 70112
0.025979 70112
0.025989 70112
0.025998 70112
0.026008 70112
0.026017 70112
0.026027 70112
0.026036 70112
0.026045 70112
0.026055 70112
0.026064 70112
0.026074 70112
0.026083 70112
0.026093 70112
0.026102 70112
0.026111 70112
0.026121 70112
0.02613 70112
0.02614 70112
0.026149 70112
0.026158 70112
0.026168 70112
0.026177 70112
0.026187 70112
0.026196 70112
0.026206 70112
0.026215 70112
0.026224 70112
0.026234 70112
0.026243 70112
0.026253 70112
0.026262 70112
0.026272 70112
0.026281 70112
0.02629 70112
0.0263 70112
0.026309 70112
0.026319 70112
0.026328 70112
0.026338 70112
0.026347 70112
0.026356 70112
0.026366 70112
0.026375 70112
0.026385 70112
0.026394 70112
0.026403 70112
0.026413 70112
0.026422 70112
0.026432 70112
0.026441 70112
0.026451 70112
0.02646 70112
0.026469 70112
0.026479 70112
0.026488 70112
0.026498 70112
0.026507 70112
0.026517 70112
0.026526 70112
0.026535 70112
0.026545 70112
0.026554 70112
0.026564 70112
0.026573 70112
0.026583 70112
0.026592 70112
0.026601 70112
0.026611 70112
0.02662 70112
0.02663 70112
0.026639 70112
0.026648 70112
0.026658 70112
0.026667 70112
0.026677 70112
0.026686 70112
0.026696 70112
0.026705 70112
0.026714 70112
0.026724 70112
0.026733 70112
0.026743 70112
0.026752 70112
0.026762 70112
0.026771 70112
0.02678 70112
0.02679 70112
0.026799 70112
0.026809 70112
0.026818 70112
0.026828 70112
0.026837 70112
0.026846 70112
0.026856 70112
0.026865 70112
0.026875 70112
0.026884 70112
0.026893 70112
0.026903 70112
0.026912 70112
0.026922 70112
0.026931 70112
0.026941 70112
0.02695 70112
0.026959 70112
0.026969 70112
0.026978 70112
0.026988 70112
0.026997 70112
0.027007 70112
0.027016 70112
0.027025 70112
0.027035 70112
0.027044 70112
0.027054 70112
0.027063 70112
0.027073 70112
0.027082 70112
0.027091 70112
0.027101 70112
0.02711 70112
0.02712 70112
0.027129 70112
0.027138 70112
0.027148 70112
0.027157 70112
0.027167 70112
0.027176 70112
0.027186 70112
0.027195 70112
0.027204 70112
0.027214 70112
0.027223 70112
0.027233 70112
0.027242 70112
0.027252 70112
0.027261 70112
0.02727 70112
0.02728 70112
0.027289 70112
0.027299 70112
0.027308 70112
0.027318 70112
0.027327 70112
0.027336 70112
0.027346 70112
0.027355 70112
0.027365 70112
0.027374 70112
0.027383 70112
0.027393 70112
0.027402 70112
0.027412 70112
0.027421 70112
0.027431 70112
0.02744 70112
0.027449 70112
0.027459 70112
0.027468 70112
0.027478 70112
0.027487 70112
0.027497 70112
0.027506 70112
0.027515 70112
0.027525 70112
0.027534 70112
0.027544 70112
0.027553 70112
0.027563 70112
0.027572 70112
0.027581 70112
0.027591 70112
0.0276 70112
0.02761 70112
0.027619 70112
0.027628 70112
0.027638 70112
0.027647 70112
0.027657 70112
0.027666 70112
0.027676 70112
0.027685 70112
0.027694 70112
0.027704 70112
0.027713 70112
0.027723 70112
0.027732 70112
0.027742 70112
0.027751 70112
0.02776 70112
0.02777 70112
0.027779 70112
0.027789 70112
0.027798 70112
0.027808 70112
0.027817 70112
0.027826 70112
0.027836 70112
0.027845 70112
0.027855 70112
0.027864 70112
0.027873 70112
0.027883 70112
0.027892 70112
0.027902 70112
0.027911 70112
0.027921 70112
0.02793 70112
0.027939 70112
0.027949 70112
0.027958 70112
0.027968 70112
0.027977 70112
0.027987 70112
0.027996 70112
0.028005 70112
0.028015 70112
0.028024 70112
0.028034 70112
0.028043 70112
0.028053 70112
0.028062 70112
0.028071 70112
0.028081 70112
0.02809 70112
0.0281 70112
0.028109 70112
0.028118 70112
0.028128 70112
0.028137 70112
0.028147 70112
0.028156 70112
0.028166 70112
0.028175 70112
0.028184 70112
0.028194 70112
0.028203 70112
0.028213 70112
0.028222 70112
0.028232 70112
0.028241 70112
0.02825 70112
0.02826 70112
0.028269 70112
0.028279 70112
0.028288 70112
0.028297 70112
0.028307 70112
0.028316 70112
0.028326 70112
0.028335 70112
0.028345 70112
0.028354 70112
0.028363 70112
0.028373 70112
0.028382 70112
0.028392 70112
0.028401 70112
0.028411 70112
0.02842 70112
0.028429 70112
0.028439 70112
0.028448 70112
0.028458 70112
0.028467 70112
0.028477 70112
0.028486 70112
0.028495 70112
0.028505 70112
0.028514 70112
0.028524 70112
0.028533 70112
0.028543 70112
0.028552 70112
0.028561 70112
0.028571 70112
0.02858 70112
0.02859 70112
0.028599 70112
0.028608 70112
0.028618 70112
0.028627 70112
0.028637 70112
0.028646 70112
0.028656 70112
0.028665 70112
0.028674 70112
0.028684 70112
0.028693 70112
0.028703 70112
0.028712 70112
0.028722 70112
0.028731 70112
0.02874 70112
0.02875 70112
0.028759 70112
0.028769 70112
0.028778 70112
0.028788 70112
0.028797 70112
0.028806 70112
0.028816 70112
0.028825 70112
0.028835 70112
0.028844 70112
0.028853 70112
0.028863 70112
0.028872 70112
0.028882 70112
0.028891 70112
0.028901 70112
0.02891 70112
0.028919 70112
0.028929 70112
0.028938 70112
0.028948 70112
0.028957 70112
0.028967 70112
0.028976 70112
0.028985 70112
0.028995 70112
0.029004 70112
0.029014 70112
0.029023 70112
0.029033 70112
0.029042 70112
0.029051 70112
0.029061 70112
0.02907 70112
0.02908 70112
0.029089 70112
0.029098 70112
0.029108 70112
0.029117 70112
0.029127 70112
0.029136 70112
0.029146 70112
0.029155 70112
0.029164 70112
0.029174 70112
0.029183 70112
0.029193 70112
0.029202 70112
0.029212 70112
0.029221 70112
0.02923 70112
0.02924 70112
0.029249 70112
0.029259 70112
0.029268 70112
0.029278 70112
0.029287 70112
0.029296 70112
0.029306 70112
0.029315 70112
0.029325 70112
0.029334 70112
0.029343 70112
0.029353 70112
0.029362 70112
0.029372 70112
0.029381 70112
0.029391 70112
0.0294 70112
0.029409 70112
0.029419 70112
0.029428 70112
0.029438 70112
0.029447 70112
0.029457 70112
0.029466 70112
0.029475 70112
0.029485 70112
0.029494 70112
0.029504 70112
0.029513 70112
0.029523 70112
0.029532 70112
0.029541 70112
0.029551 70112
0.02956 70112
0.02957 70112
0.029579 70112
0.029588 70112
0.029598 70112
0.029607 70112
0.029617 70112
0.029626 70112
0.029636 70112
0.029645 70112
0.029654 70112
0.029664 70112
0.029673 70112
0.029683 70112
0.029692 70112
0.029702 70112
0.029711 70112
0.02972 70112
0.02973 70112
0.029739 70112
0.029749 70112
0.029758 70112
0.029767 70112
0.029777 70112
0.029786 70112
0.029796 70112
0.029805 70112
0.029815 70112
0.029824 70112
0.029833 70112
0.029843 70112
0.029852 70112
0.029862 70112
0.029871 70112
0.029881 70112
0.02989 70112
0.029899 70112
0.029909 70112
0.029918 70112
0.029928 70112
0.029937 70112
0.029947 70112
0.029956 70112
0.029965 70112
0.029975 70112
0.029984 70112
0.029994 70112
0.030003 70112
0.030013 70112
0.030022 70112
0.030031 70112
0.030041 70112
0.03005 70112
0.03006 70112
0.030069 70112
0.030078 70112
0.030088 70112
0.030097 70112
0.030107 70112
0.030116 70112
0.030126 70112
0.030135 70112
0.030144 70112
0.030154 70112
0.030163 70112
0.030173 70112
0.030182 70112
0.030192 70112
0.030201 70112
0.03021 70112
0.03022 70112
0.030229 70112
0.030239 70112
0.030248 70112
0.030257 70112
0.030267 70112
0.030276 70112
0.030286 70112
0.030295 70112
0.030305 70112
0.030314 70112
0.030323 70112
0.030333 70112
0.030342 70112
0.030352 70112
0.030361 70112
0.030371 70112
0.03038 70112
0.030389 70112
0.030399 70112
0.030408 70112
0.030418 70112
0.030427 70112
0.030437 70112
0.030446 70112
0.030455 70112
0.030465 70112
0.030474 70112
0.030484 70112
0.030493 70112
0.030503 70112
0.030512 70112
0.030521 70112
0.030531 70112
0.03054 70112
0.03055 70112
0.030559 70112
0.030568 70112
0.030578 70112
0.030587 70112
0.030597 70112
0.030606 70112
0.030616 70112
0.030625 70112
0.030634 70112
0.030644 70112
0.030653 70112
0.030663 70112
0.030672 70112
0.030682 70112
0.030691 70112
0.0307 70112
0.03071 70112
0.030719 70112
0.030729 70112
0.030738 70112
0.030747 70112
0.030757 70112
0.030766 70112
0.030776 70112
0.030785 70112
0.030795 70112
0.030804 70112
0.030813 70112
0.030823 70112
0.030832 70112
0.030842 70112
0.030851 70112
0.030861 70112
0.03087 70112
0.030879 70112
0.030889 70112
0.030898 70112
0.030908 70112
0.030917 70112
0.030927 70112
0.030936 70112
0.030945 70112
0.030955 70112
0.030964 70112
0.030974 70112
0.030983 70112
0.030993 70112
0.031002 70112
0.031011 70112
0.031021 70112
0.03103 70112
0.03104 70112
0.031049 70112
0.031058 70112
0.031068 70112
0.031077 70112
0.031087 70112
0.031096 70112
0.031106 70112
0.031115 70112
0.031124 70112
0.031134 70112
0.031143 70112
0.031153 70112
0.031162 70112
0.031172 70112
0.031181 70112
0.03119 70112
0.0312 70112
0.031209 70112
0.031219 70112
0.031228 70112
0.031238 70112
0.031247 70112
0.031256 70112
0.031266 70112
0.031275 70112
0.031285 70112
0.031294 70112
0.031303 70112
0.031313 70112
0.031322 70112
0.031332 70112
0.031341 70112
0.031351 70112
0.03136 70112
0.031369 70112
0.031379 70112
0.031388 70112
0.031398 70112
0.031407 70112
0.031417 70112
0.031426 70112
0.031435 70112
0.031445 70112
0.031454 70112
0.031464 70112
0.031473 70112
0.031483 70112
0.031492 70112
0.031501 70112
0.031511 70112
0.03152 70112
0.03153 70112
0.031539 70112
0.031548 70112
0.031558 70112
0.031567 70112
0.031577 70112
0.031586 70112
0.031596 70112
0.031605 70112
0.031614 70112
0.031624 70112
0.031633 70112
0.031643 70112
0.031652 70112
0.031662 70112
0.031671 70112
0.03168 70112
0.03169 70112
0.031699 70112
0.031709 70112
0.031718 70112
0.031728 70112
0.031737 70112
0.031746 70112
0.031756 70112
0.031765 70112
0.031775 70112
0.031784 70112
0.031793 70112
0.031803 70112
0.031812 70112
0.031822 70112
0.031831 70112
0.031841 70112
0.03185 70112
0.031859 70112
0.031869 70112
0.031878 70112
0.031888 70112
0.031897 70112
0.031907 70112
0.031916 70112
0.031925 70112
0.031935 70112
0.031944 70112
0.031954 70112
0.031963 70112
0.031973 70112
0.031982 70112
0.031991 70112
0.032001 70112
0.03201 70112
0.03202 70112
0.032029 70112
0.032038 70112
0.032048 70112
0.032057 70112
0.032067 70112
0.032076 70112
0.032086 70112
0.032095 70112
0.032104 70112
0.032114 70112
0.032123 70112
0.032133 70112
0.032142 70112
0.032152 70112
0.032161 70112
0.03217 70112
0.03218 70112
0.032189 70112
0.032199 70112
0.032208 70112
0.032218 70112
0.032227 70112
0.032236 70112
0.032246 70112
0.032255 70112
0.032265 70112
0.032274 70112
0.032283 70112
0.032293 70112
0.032302 70112
0.032312 70112
0.032321 70112
0.032331 70112
0.03234 70112
0.032349 70112
0.032359 70112
0.032368 70112
0.032378 70112
0.032387 70112
0.032397 70112
0.032406 70112
0.032415 70112
0.032425 70112
0.032434 70112
0.032444 70112
0.032453 70112
0.032462 70112
0.032472 70112
0.032481 70112
0.032491 70112
0.0325 70112
0.03251 70112
0.032519 70112
0.032528 70112
0.032538 70112
0.032547 70112
0.032557 70112
0.032566 70112
0.032576 70112
0.032585 70112
0.032594 70112
0.032604 70112
0.032613 70112
0.032623 70112
0.032632 70112
0.032642 70112
0.032651 70112
0.03266 70112
0.03267 70112
0.032679 70112
0.032689 70112
0.032698 70112
0.032708 70112
0.032717 70112
0.032726 70112
0.032736 70112
0.032745 70112
0.032755 70112
0.032764 70112
0.032773 70112
0.032783 70112
0.032792 70112
0.032802 70112
0.032811 70112
0.032821 70112
0.03283 70112
0.032839 70112
0.032849 70112
0.032858 70112
0.032868 70112
0.032877 70112
0.032887 70112
0.032896 70112
0.032905 70112
0.032915 70112
0.032924 70112
0.032934 70112
0.032943 70112
0.032953 70112
0.032962 70112
0.032971 70112
0.032981 70112
1 70112
