9.4231e-06 8280
1.8846e-05 8280
2.8269e-05 8280
3.7692e-05 8280
4.7115e-05 8280
5.6538e-05 8280
6.5962e-05 8280
7.5385e-05 8280
8.4808e-05 8280
9.4231e-05 8280
0.00010365 8280
0.00011308 8280
0.0001225 8280
0.00013192 8280
0.00014135 8280
0.00015077 8280
0.00016019 8280
0.00016962 8280
0.00017904 8280
0.00018846 8280
0.00019788 8280
0.00020731 8280
0.00021673 8280
0.00022615 8280
0.00023558 8280
0.000245 8280
0.00025442 8280
0.00026385 8280
0.00027327 8280
0.00028269 8280
0.00029212 8280
0.00030154 8280
0.00031096 8280
0.00032038 8280
0.00032981 8280
0.00033923 8280
0.00034865 8280
0.00035808 8280
0.0003675 8280
0.00037692 8280
0.00038635 8280
0.00039577 8280
0.00040519 8280
0.00041462 8280
0.00042404 8280
0.00043346 8280
0.00044288 8280
0.00045231 8280
0.00046173 8280
0.00047115 8280
0.00048058 8280
0.00049 8280
0.00049942 8280
0.00050885 8280
0.00051827 8280
0.00052769 8280
0.00053712 8280
0.00054654 8280
0.00055596 8280
0.00056538 8280
0.00057481 8280
0.00058423 8280
0.00059365 8280
0.00060308 8280
0.0006125 8280
0.00062192 8280
0.00063135 8280
0.00064077 8280
0.00065019 8280
0.00065962 8280
0.00066904 8280
0.00067846 8280
0.00068788 8280
0.00069731 8280
0.00070673 8280
0.00071615 8280
0.00072558 8280
0.000735 8280
0.00074442 8280
0.00075385 8280
0.00076327 8280
0.00077269 8280
0.00078212 8280
0.00079154 8280
0.00080096 8280
0.00081038 8280
0.00081981 8280
0.00082923 8280
0.00083865 8280
0.00084808 8280
0.0008575 8280
0.00086692 8280
0.00087635 8280
0.00088577 8280
0.00089519 8280
0.00090462 8280
0.00091404 8280
0.00092346 8280
0.00093288 8280
0.00094231 8280
0.00095173 8280
0.00096115 8280
0.00097058 8280
0.00098 8280
0.00098942 8280
0.00099885 8280
0.0010083 8280
0.0010177 8280
0.0010271 8280
0.0010365 8280
0.001046 8280
0.0010554 8280
0.0010648 8280
0.0010742 8280
0.0010837 8280
0.0010931 8280
0.0011025 8280
0.0011119 8280
0.0011213 8280
0.0011308 8280
0.0011402 8280
0.0011496 8280
0.001159 8280
0.0011685 8280
0.0011779 8280
0.0011873 8280
0.0011967 8280
0.0012062 8280
0.0012156 8280
0.001225 8280
0.0012344 8280
0.0012438 8280
0.0012533 8280
0.0012627 8280
0.0012721 8280
0.0012815 8280
0.001291 8280
0.0013004 8280
0.0013098 8280
0.0013192 8280
0.0013287 8280
0.0013381 8280
0.0013475 8280
0.0013569 8280
0.0013663 8280
0.0013758 8280
0.0013852 8280
0.0013946 8280
0.001404 8280
0.0014135 8280
0.0014229 8280
0.0014323 8280
0.0014417 8280
0.0014512 8280
0.0014606 8280
0.00147 8280
0.0014794 8280
0.0014888 8280
0.0014983 8280
0.0015077 8280
0.0015171 8280
0.0015265 8280
0.001536 8280
0.0015454 8280
0.0015548 8280
0.0015642 8280
0.0015737 8280
0.0015831 8280
0.0015925 8280
0.0016019 8280
0.0016113 8280
0.0016208 8280
0.0016302 8280
0.0016396 8280
0.001649 8280
0.0016585 8280
0.0016679 8280
0.0016773 8280
0.0016867 8280
0.0016962 8280
0.0017056 8280
0.001715 8280
0.0017244 8280
0.0017338 8280
0.0017433 8280
0.0017527 8280
0.0017621 8280
0.0017715 8280
0.001781 8280
0.0017904 8280
0.0017998 8280
0.0018092 8280
0.0018187 8280
0.0018281 8280
0.0018375 8280
0.0018469 8280
0.0018563 8280
0.0018658 8280
0.0018752 8280
0.0018846 8280
0.001894 8280
0.0019035 8280
0.0019129 8280
0.0019223 8280
0.0019317 8280
0.0019412 8280
0.0019506 8280
0.00196 8280
0.0019694 8280
0.0019788 8280
0.0019883 8280
0.0019977 8280
0.0020071 8280
0.0020165 8280
0.002026 8280
0.0020354 8280
0.0020448 8280
0.0020542 8280
0.0020637 8280
0.0020731 8280
0.0020825 8280
0.0020919 8280
0.0021013 8280
0.0021108 8280
0.0021202 8280
0.0021296 8280
0.002139 8280
0.0021485 8280
0.0021579 8280
0.0021673 8280
0.0021767 8280
0.0021862 8280
0.0021956 8280
0.002205 8280
0.0022144 8280
0.0022238 8280
0.0022333 8280
0.0022427 8280
0.0022521 8280
0.0022615 8280
0.002271 8280
0.0022804 8280
0.0022898 8280
0.0022992 8280
0.0023087 8280
0.0023181 8280
0.0023275 8280
0.0023369 8280
0.0023463 8280
0.0023558 8280
0.0023652 8280
0.0023746 8280
0.002384 8280
0.0023935 8280
0.0024029 8280
0.0024123 8280
0.0024217 8280
0.0024312 8280
0.0024406 8280
0.00245 8280
0.0024594 8280
0.0024688 8280
0.0024783 8280
0.0024877 8280
0.0024971 8280
0.0025065 8280
0.002516 8280
0.0025254 8280
0.0025348 8280
0.0025442 8280
0.0025537 8280
0.0025631 8280
0.0025725 8280
0.0025819 8280
0.0025913 8280
0.0026008 8280
0.0026102 8280
0.0026196 8280
0.002629 8280
0.0026385 8280
0.0026479 8280
0.0026573 8280
0.0026667 8280
0.0026762 8280
0.0026856 8280
0.002695 8280
0.0027044 8280
0.0027138 8280
0.0027233 8280
0.0027327 8280
0.0027421 8280
0.0027515 8280
0.002761 8280
0.0027704 8280
0.0027798 8280
0.0027892 8280
0.0027987 8280
0.0028081 8280
0.0028175 8280
0.0028269 8280
0.0028363 8280
0.0028458 8280
0.0028552 8280
0.0028646 8280
0.002874 8280
0.0028835 8280
0.0028929 8280
0.0029023 8280
0.0029117 8280
0.0029212 8280
0.0029306 8280
0.00294 8280
0.0029494 8280
0.0029588 8280
0.0029683 8280
0.0029777 8280
0.0029871 8280
0.0029965 8280
0.003006 8280
0.0030154 8280
0.0030248 8280
0.0030342 8280
0.0030437 8280
0.0030531 8280
0.0030625 8280
0.0030719 8280
0.0030813 8280
0.0030908 8280
0.0031002 8280
0.0031096 8280
0.003119 8280
0.0031285 8280
0.0031379 8280
0.0031473 8280
0.0031567 8280
0.0031662 8280
0.0031756 8280
0.003185 8280
0.0031944 8280
0.0032038 8280
0.0032133 8280
0.0032227 8280
0.0032321 8280
0.0032415 8280
0.003251 8280
0.0032604 8280
0.0032698 8280
0.0032792 8280
0.0032887 8280
0.0032981 8280
0.0033075 8280
0.0033169 8280
0.0033263 8280
0.0033358 8280
0.0033452 8280
0.0033546 8280
0.003364 8280
0.0033735 8280
0.0033829 8280
0.0033923 8280
0.0034017 8280
0.0034112 8280
0.0034206 8280
0.00343 8280
0.0034394 8280
0.0034488 8280
0.0034583 8280
0.0034677 8280
0.0034771 8280
0.0034865 8280
0.003496 8280
0.0035054 8280
0.0035148 8280
0.0035242 8280
0.0035337 8280
0.0035431 8280
0.0035525 8280
0.0035619 8280
0.0035713 8280
0.0035808 8280
0.0035902 8280
0.0035996 8280
0.003609 8280
0.0036185 8280
0.0036279 8280
0.0036373 8280
0.0036467 8280
0.0036562 8280
0.0036656 8280
0.003675 8280
0.0036844 8280
0.0036938 8280
0.0037033 8280
0.0037127 8280
0.0037221 8280
0.0037315 8280
0.003741 8280
0.0037504 8280
0.0037598 8280
0.0037692 8280
0.0037787 8280
0.0037881 8280
0.0037975 8280
0.0038069 8280
0.0038163 8280
0.0038258 8280
0.0038352 8280
0.0038446 8280
0.003854 8280
0.0038635 8280
0.0038729 8280
0.0038823 8280
0.0038917 8280
0.0039012 8280
0.0039106 8280
0.00392 8280
0.0039294 8280
0.0039388 8280
0.0039483 8280
0.0039577 8280
0.0039671 8280
0.0039765 8280
0.003986 8280
0.0039954 8280
0.0040048 8280
0.0040142 8280
0.0040237 8280
0.0040331 8280
0.0040425 8280
0.0040519 8280
0.0040613 8280
0.0040708 8280
0.0040802 8280
0.0040896 8280
0.004099 8280
0.0041085 8280
0.0041179 8280
0.0041273 8280
0.0041367 8280
0.0041462 8280
0.0041556 8280
0.004165 8280
0.0041744 8280
0.0041838 8280
0.0041933 8280
0.0042027 8280
0.0042121 8280
0.0042215 8280
0.004231 8280
0.0042404 8280
0.0042498 8280
0.0042592 8280
0.0042687 8280
0.0042781 8280
0.0042875 8280
0.0042969 8280
0.0043063 8280
0.0043158 8280
0.0043252 8280
0.0043346 8280
0.004344 8280
0.0043535 8280
0.0043629 8280
0.0043723 8280
0.0043817 8280
0.0043912 8280
0.0044006 8280
0.00441 8280
0.0044194 8280
0.0044288 8280
0.0044383 8280
0.0044477 8280
0.0044571 8280
0.0044665 8280
0.004476 8280
0.0044854 8280
0.0044948 8280
0.0045042 8280
0.0045137 8280
0.0045231 8280
0.0045325 8280
0.0045419 8280
0.0045513 8280
0.0045608 8280
0.0045702 8280
0.0045796 8280
0.004589 8280
0.0045985 8280
0.0046079 8280
0.0046173 8280
0.0046267 8280
0.0046362 8280
0.0046456 8280
0.004655 8280
0.0046644 8280
0.0046738 8280
0.0046833 8280
0.0046927 8280
0.0047021 8280
0.0047115 8280
0.004721 8280
0.0047304 8280
0.0047398 8280
0.0047492 8280
0.0047587 8280
0.0047681 8280
0.0047775 8280
0.0047869 8280
0.0047963 8280
0.0048058 8280
0.0048152 8280
0.0048246 8280
0.004834 8280
0.0048435 8280
0.0048529 8280
0.0048623 8280
0.0048717 8280
0.0048812 8280
0.0048906 8280
0.0049 8280
0.0049094 8280
0.0049188 8280
0.0049283 8280
0.0049377 8280
0.0049471 8280
0.0049565 8280
0.004966 8280
0.0049754 8280
0.0049848 8280
0.0049942 8280
0.0050037 8280
0.0050131 8280
0.0050225 8280
0.0050319 8280
0.0050413 8280
0.0050508 8280
0.0050602 8280
0.0050696 8280
0.005079 8280
0.0050885 8280
0.0050979 8280
0.0051073 8280
0.0051167 8280
0.0051262 8280
0.0051356 8280
0.005145 8280
0.0051544 8280
0.0051638 8280
0.0051733 8280
0.0051827 8280
0.0051921 8280
0.0052015 8280
0.005211 8280
0.0052204 8280
0.0052298 8280
0.0052392 8280
0.0052487 8280
0.0052581 8280
0.0052675 8280
0.0052769 8280
0.0052863 8280
0.0052958 8280
0.0053052 8280
0.0053146 8280
0.005324 8280
0.0053335 8280
0.0053429 8280
0.0053523 8280
0.0053617 8280
0.0053712 8280
0.0053806 8280
0.00539 8280
0.0053994 8280
0.0054088 8280
0.0054183 8280
0.0054277 8280
0.0054371 8280
0.0054465 8280
0.005456 8280
0.0054654 8280
0.0054748 8280
0.0054842 8280
0.0054937 8280
0.0055031 8280
0.0055125 8280
0.0055219 8280
0.0055313 8280
0.0055408 8280
0.0055502 8280
0.0055596 8280
0.005569 8280
0.0055785 8280
0.0055879 8280
0.0055973 8280
0.0056067 8280
0.0056162 8280
0.0056256 8280
0.005635 8280
0.0056444 8280
0.0056538 8280
0.0056633 8280
0.0056727 8280
0.0056821 8280
0.0056915 8280
0.005701 8280
0.0057104 8280
0.0057198 8280
0.0057292 8280
0.0057387 8280
0.0057481 8280
0.0057575 8280
0.0057669 8280
0.0057763 8280
0.0057858 8280
0.0057952 8280
0.0058046 8280
0.005814 8280
0.0058235 8280
0.0058329 8280
0.0058423 8280
0.0058517 8280
0.0058612 8280
0.0058706 8280
0.00588 8280
0.0058894 8280
0.0058988 8280
0.0059083 8280
0.0059177 8280
0.0059271 8280
0.0059365 8280
0.005946 8280
0.0059554 8280
0.0059648 8280
0.0059742 8280
0.0059837 8280
0.0059931 8280
0.0060025 8280
0.0060119 8280
0.0060213 8280
0.0060308 8280
0.0060402 8280
0.0060496 8280
0.006059 8280
0.0060685 8280
0.0060779 8280
0.0060873 8280
0.0060967 8280
0.0061062 8280
0.0061156 8280
0.006125 8280
0.0061344 8280
0.0061438 8280
0.0061533 8280
0.0061627 8280
0.0061721 8280
0.0061815 8280
0.006191 8280
0.0062004 8280
0.0062098 8280
0.0062192 8280
0.0062287 8280
0.0062381 8280
0.0062475 8280
0.0062569 8280
0.0062663 8280
0.0062758 8280
0.0062852 8280
0.0062946 8280
0.006304 8280
0.0063135 8280
0.0063229 8280
0.0063323 8280
0.0063417 8280
0.0063512 8280
0.0063606 8280
0.00637 8280
0.0063794 8280
0.0063888 8280
0.0063983 8280
0.0064077 8280
0.0064171 8280
0.0064265 8280
0.006436 8280
0.0064454 8280
0.0064548 8280
0.0064642 8280
0.0064737 8280
0.0064831 8280
0.0064925 8280
0.0065019 8280
0.0065113 8280
0.0065208 8280
0.0065302 8280
0.0065396 8280
0.006549 8280
0.0065585 8280
0.0065679 8280
0.0065773 8280
0.0065867 8280
0.0065962 8280
0.0066056 8280
0.006615 8280
0.0066244 8280
0.0066338 8280
0.0066433 8280
0.0066527 8280
0.0066621 8280
0.0066715 8280
0.006681 8280
0.0066904 8280
0.0066998 8280
0.0067092 8280
0.0067187 8280
0.0067281 8280
0.0067375 8280
0.0067469 8280
0.0067563 8280
0.0067658 8280
0.0067752 8280
0.0067846 8280
0.006794 8280
0.0068035 8280
0.0068129 8280
0.0068223 8280
0.0068317 8280
0.0068412 8280
0.0068506 8280
0.00686 8280
0.0068694 8280
0.0068788 8280
0.0068883 8280
0.0068977 8280
0.0069071 8280
0.0069165 8280
0.006926 8280
0.0069354 8280
0.0069448 8280
0.0069542 8280
0.0069637 8280
0.0069731 8280
0.0069825 8280
0.0069919 8280
0.0070013 8280
0.0070108 8280
0.0070202 8280
0.0070296 8280
0.007039 8280
0.0070485 8280
0.0070579 8280
0.0070673 8280
0.0070767 8280
0.0070862 8280
0.0070956 8280
0.007105 8280
0.0071144 8280
0.0071238 8280
0.0071333 8280
0.0071427 8280
0.0071521 8280
0.0071615 8280
0.007171 8280
0.0071804 8280
0.0071898 8280
0.0071992 8280
0.0072087 8280
0.0072181 8280
0.0072275 8280
0.0072369 8280
0.0072463 8280
0.0072558 8280
0.0072652 8280
0.0072746 8280
0.007284 8280
0.0072935 8280
0.0073029 8280
0.0073123 8280
0.0073217 8280
0.0073312 8280
0.0073406 8280
0.00735 8280
0.0073594 8280
0.0073688 8280
0.0073783 8280
0.0073877 8280
0.0073971 8280
0.0074065 8280
0.007416 8280
0.0074254 8280
0.0074348 8280
0.0074442 8280
0.0074537 8280
0.0074631 8280
0.0074725 8280
0.0074819 8280
0.0074913 8280
0.0075008 8280
0.0075102 8280
0.0075196 8280
0.007529 8280
0.0075385 8280
0.0075479 8280
0.0075573 8280
0.0075667 8280
0.0075762 8280
0.0075856 8280
0.007595 8280
0.0076044 8280
0.0076138 8280
0.0076233 8280
0.0076327 8280
0.0076421 8280
0.0076515 8280
0.007661 8280
0.0076704 8280
0.0076798 8280
0.0076892 8280
0.0076987 8280
0.0077081 8280
0.0077175 8280
0.0077269 8280
0.0077363 8280
0.0077458 8280
0.0077552 8280
0.0077646 8280
0.007774 8280
0.0077835 8280
0.0077929 8280
0.0078023 8280
0.0078117 8280
0.0078212 8280
0.0078306 8280
0.00784 8280
0.0078494 8280
0.0078588 8280
0.0078683 8280
0.0078777 8280
0.0078871 8280
0.0078965 8280
0.007906 8280
0.0079154 8280
0.0079248 8280
0.0079342 8280
0.0079437 8280
0.0079531 8280
0.0079625 8280
0.0079719 8280
0.0079813 8280
0.0079908 8280
0.0080002 8280
0.0080096 8280
0.008019 8280
0.0080285 8280
0.0080379 8280
0.0080473 8280
0.0080567 8280
0.0080662 8280
0.0080756 8280
0.008085 8280
0.0080944 8280
0.0081038 8280
0.0081133 8280
0.0081227 8280
0.0081321 8280
0.0081415 8280
0.008151 8280
0.0081604 8280
0.0081698 8280
0.0081792 8280
0.0081887 8280
0.0081981 8280
0.0082075 8280
0.0082169 8280
0.0082263 8280
0.0082358 8280
0.0082452 8280
0.0082546 8280
0.008264 8280
0.0082735 8280
0.0082829 8280
0.0082923 8280
0.0083017 8280
0.0083112 8280
0.0083206 8280
0.00833 8280
0.0083394 8280
0.0083488 8280
0.0083583 8280
0.0083677 8280
0.0083771 8280
0.0083865 8280
0.008396 8280
0.0084054 8280
0.0084148 8280
0.0084242 8280
0.0084337 8280
0.0084431 8280
0.0084525 8280
0.0084619 8280
0.0084713 8280
0.0084808 8280
0.0084902 8280
0.0084996 8280
0.008509 8280
0.0085185 8280
0.0085279 8280
0.0085373 8280
0.0085467 8280
0.0085562 8280
0.0085656 8280
0.008575 8280
0.0085844 8280
0.0085938 8280
0.0086033 8280
0.0086127 8280
0.0086221 8280
0.0086315 8280
0.008641 8280
0.0086504 8280
0.0086598 8280
0.0086692 8280
0.0086787 8280
0.0086881 8280
0.0086975 8280
0.0087069 8280
0.0087163 8280
0.0087258 8280
0.0087352 8280
0.0087446 8280
0.008754 8280
0.0087635 8280
0.0087729 8280
0.0087823 8280
0.0087917 8280
0.0088012 8280
0.0088106 8280
0.00882 8280
0.0088294 8280
0.0088388 8280
0.0088483 8280
0.0088577 8280
0.0088671 8280
0.0088765 8280
0.008886 8280
0.0088954 8280
0.0089048 8280
0.0089142 8280
0.0089237 8280
0.0089331 8280
0.0089425 8280
0.0089519 8280
0.0089613 8280
0.0089708 8280
0.0089802 8280
0.0089896 8280
0.008999 8280
0.0090085 8280
0.0090179 8280
0.0090273 8280
0.0090367 8280
0.0090462 8280
0.0090556 8280
0.009065 8280
0.0090744 8280
0.0090838 8280
0.0090933 8280
0.0091027 8280
0.0091121 8280
0.0091215 8280
0.009131 8280
0.0091404 8280
0.0091498 8280
0.0091592 8280
0.0091687 8280
0.0091781 8280
0.0091875 8280
0.0091969 8280
0.0092063 8280
0.0092158 8280
0.0092252 8280
0.0092346 8280
0.009244 8280
0.0092535 8280
0.0092629 8280
0.0092723 8280
0.0092817 8280
0.0092912 8280
0.0093006 8280
0.00931 8280
0.0093194 8280
0.0093288 8280
0.0093383 8280
0.0093477 8280
0.0093571 8280
0.0093665 8280
0.009376 8280
0.0093854 8280
0.0093948 8280
0.0094042 8280
0.0094137 8280
0.0094231 8280
0.0094325 8280
0.0094419 8280
0.0094513 8280
0.0094608 8280
0.0094702 8280
0.0094796 8280
0.009489 8280
0.0094985 8280
0.0095079 8280
0.0095173 8280
0.0095267 8280
0.0095362 8280
0.0095456 8280
0.009555 8280
0.0095644 8280
0.0095738 8280
0.0095833 8280
0.0095927 8280
0.0096021 8280
0.0096115 8280
0.009621 8280
0.0096304 8280
0.0096398 8280
0.0096492 8280
0.0096587 8280
0.0096681 8280
0.0096775 8280
0.0096869 8280
0.0096963 8280
0.0097058 8280
0.0097152 8280
0.0097246 8280
0.009734 8280
0.0097435 8280
0.0097529 8280
0.0097623 8280
0.0097717 8280
0.0097812 8280
0.0097906 8280
0.0098 8280
0.0098094 8280
0.0098188 8280
0.0098283 8280
0.0098377 8280
0.0098471 8280
0.0098565 8280
0.009866 8280
0.0098754 8280
0.0098848 8280
0.0098942 8280
0.0099037 8280
0.0099131 8280
0.0099225 8280
0.0099319 8280
0.0099413 8280
0.0099508 8280
0.0099602 8280
0.0099696 8280
0.009979 8280
0.0099885 8280
0.0099979 8280
0.010007 8280
0.010017 8280
0.010026 8280
0.010036 8280
0.010045 8280
0.010054 8280
0.010064 8280
0.010073 8280
0.010083 8280
0.010092 8280
0.010102 8280
0.010111 8280
0.01012 8280
0.01013 8280
0.010139 8280
0.010149 8280
0.010158 8280
0.010168 8280
0.010177 8280
0.010186 8280
0.010196 8280
0.010205 8280
0.010215 8280
0.010224 8280
0.010233 8280
0.010243 8280
0.010252 8280
0.010262 8280
0.010271 8280
0.010281 8280
0.01029 8280
0.010299 8280
0.010309 8280
0.010318 8280
0.010328 8280
0.010337 8280
0.010347 8280
0.010356 8280
0.010365 8280
0.010375 8280
0.010384 8280
0.010394 8280
0.010403 8280
0.010412 8280
0.010422 8280
0.010431 8280
0.010441 8280
0.01045 8280
0.01046 8280
0.010469 8280
0.010478 8280
0.010488 8280
0.010497 8280
0.010507 8280
0.010516 8280
0.010526 8280
0.010535 8280
0.010544 8280
0.010554 8280
0.010563 8280
0.010573 8280
0.010582 8280
0.010592 8280
0.010601 8280
0.01061 8280
0.01062 8280
0.010629 8280
0.010639 8280
0.010648 8280
0.010658 8280
0.010667 8280
0.010676 8280
0.010686 8280
0.010695 8280
0.010705 8280
0.010714 8280
0.010723 8280
0.010733 8280
0.010742 8280
0.010752 8280
0.010761 8280
0.010771 8280
0.01078 8280
0.010789 8280
0.010799 8280
0.010808 8280
0.010818 8280
0.010827 8280
0.010837 8280
0.010846 8280
0.010855 8280
0.010865 8280
0.010874 8280
0.010884 8280
0.010893 8280
0.010903 8280
0.010912 8280
0.010921 8280
0.010931 8280
0.01094 8280
0.01095 8280
0.010959 8280
0.010968 8280
0.010978 8280
0.010987 8280
0.010997 8280
0.011006 8280
0.011016 8280
0.011025 8280
0.011034 8280
0.011044 8280
0.011053 8280
0.011063 8280
0.011072 8280
0.011082 8280
0.011091 8280
0.0111 8280
0.01111 8280
0.011119 8280
0.011129 8280
0.011138 8280
0.011147 8280
0.011157 8280
0.011166 8280
0.011176 8280
0.011185 8280
0.011195 8280
0.011204 8280
0.011213 8280
0.011223 8280
0.011232 8280
0.011242 8280
0.011251 8280
0.011261 8280
0.01127 8280
0.011279 8280
0.011289 8280
0.011298 8280
0.011308 8280
0.011317 8280
0.011327 8280
0.011336 8280
0.011345 8280
0.011355 8280
0.011364 8280
0.011374 8280
0.011383 8280
0.011393 8280
0.011402 8280
0.011411 8280
0.011421 8280
0.01143 8280
0.01144 8280
0.011449 8280
0.011458 8280
0.011468 8280
0.011477 8280
0.011487 8280
0.011496 8280
0.011506 8280
0.011515 8280
0.011524 8280
0.011534 8280
0.011543 8280
0.011553 8280
0.011562 8280
0.011572 8280
0.011581 8280
0.01159 8280
0.0116 8280
0.011609 8280
0.011619 8280
0.011628 8280
0.011638 8280
0.011647 8280
0.011656 8280
0.011666 8280
0.011675 8280
0.011685 8280
0.011694 8280
0.011703 8280
0.011713 8280
0.011722 8280
0.011732 8280
0.011741 8280
0.011751 8280
0.01176 8280
0.011769 8280
0.011779 8280
0.011788 8280
0.011798 8280
0.011807 8280
0.011817 8280
0.011826 8280
0.011835 8280
0.011845 8280
0.011854 8280
0.011864 8280
0.011873 8280
0.011883 8280
0.011892 8280
0.011901 8280
0.011911 8280
0.01192 8280
0.01193 8280
0.011939 8280
0.011948 8280
0.011958 8280
0.011967 8280
0.011977 8280
0.011986 8280
0.011996 8280
0.012005 8280
0.012014 8280
0.012024 8280
0.012033 8280
0.012043 8280
0.012052 8280
0.012062 8280
0.012071 8280
0.01208 8280
0.01209 8280
0.012099 8280
0.012109 8280
0.012118 8280
0.012128 8280
0.012137 8280
0.012146 8280
0.012156 8280
0.012165 8280
0.012175 8280
0.012184 8280
0.012193 8280
0.012203 8280
0.012212 8280
0.012222 8280
0.012231 8280
0.012241 8280
0.01225 8280
0.012259 8280
0.012269 8280
0.012278 8280
0.012288 8280
0.012297 8280
0.012307 8280
0.012316 8280
0.012325 8280
0.012335 8280
0.012344 8280
0.012354 8280
0.012363 8280
0.012373 8280
0.012382 8280
0.012391 8280
0.012401 8280
0.01241 8280
0.01242 8280
0.012429 8280
0.012438 8280
0.012448 8280
0.012457 8280
0.012467 8280
0.012476 8280
0.012486 8280
0.012495 8280
0.012504 8280
0.012514 8280
0.012523 8280
0.012533 8280
0.012542 8280
0.012552 8280
0.012561 8280
0.01257 8280
0.01258 8280
0.012589 8280
0.012599 8280
0.012608 8280
0.012618 8280
0.012627 8280
0.012636 8280
0.012646 8280
0.012655 8280
0.012665 8280
0.012674 8280
0.012683 8280
0.012693 8280
0.012702 8280
0.012712 8280
0.012721 8280
0.012731 8280
0.01274 8280
0.012749 8280
0.012759 8280
0.012768 8280
0.012778 8280
0.012787 8280
0.012797 8280
0.012806 8280
0.012815 8280
0.012825 8280
0.012834 8280
0.012844 8280
0.012853 8280
0.012863 8280
0.012872 8280
0.012881 8280
0.012891 8280
0.0129 8280
0.01291 8280
0.012919 8280
0.012928 8280
0.012938 8280
0.012947 8280
0.012957 8280
0.012966 8280
0.012976 8280
0.012985 8280
0.012994 8280
0.013004 8280
0.013013 8280
0.013023 8280
0.013032 8280
0.013042 8280
0.013051 8280
0.01306 8280
0.01307 8280
0.013079 8280
0.013089 8280
0.013098 8280
0.013107 8280
0.013117 8280
0.013126 8280
0.013136 8280
0.013145 8280
0.013155 8280
0.013164 8280
0.013173 8280
0.013183 8280
0.013192 8280
0.013202 8280
0.013211 8280
0.013221 8280
0.01323 8280
0.013239 8280
0.013249 8280
0.013258 8280
0.013268 8280
0.013277 8280
0.013287 8280
0.013296 8280
0.013305 8280
0.013315 8280
0.013324 8280
0.013334 8280
0.013343 8280
0.013352 8280
0.013362 8280
0.013371 8280
0.013381 8280
0.01339 8280
0.0134 8280
0.013409 8280
0.013418 8280
0.013428 8280
0.013437 8280
0.013447 8280
0.013456 8280
0.013466 8280
0.013475 8280
0.013484 8280
0.013494 8280
0.013503 8280
0.013513 8280
0.013522 8280
0.013532 8280
0.013541 8280
0.01355 8280
0.01356 8280
0.013569 8280
0.013579 8280
0.013588 8280
0.013598 8280
0.013607 8280
0.013616 8280
0.013626 8280
0.013635 8280
0.013645 8280
0.013654 8280
0.013663 8280
0.013673 8280
0.013682 8280
0.013692 8280
0.013701 8280
0.013711 8280
0.01372 8280
0.013729 8280
0.013739 8280
0.013748 8280
0.013758 8280
0.013767 8280
0.013777 8280
0.013786 8280
0.013795 8280
0.013805 8280
0.013814 8280
0.013824 8280
0.013833 8280
0.013843 8280
0.013852 8280
0.013861 8280
0.013871 8280
0.01388 8280
0.01389 8280
0.013899 8280
0.013908 8280
0.013918 8280
0.013927 8280
0.013937 8280
0.013946 8280
0.013956 8280
0.013965 8280
0.013974 8280
0.013984 8280
0.013993 8280
0.014003 8280
0.014012 8280
0.014022 8280
0.014031 8280
0.01404 8280
0.01405 8280
0.014059 8280
0.014069 8280
0.014078 8280
0.014088 8280
0.014097 8280
0.014106 8280
0.014116 8280
0.014125 8280
0.014135 8280
0.014144 8280
0.014153 8280
0.014163 8280
0.014172 8280
0.014182 8280
0.014191 8280
0.014201 8280
0.01421 8280
0.014219 8280
0.014229 8280
0.014238 8280
0.014248 8280
0.014257 8280
0.014267 8280
0.014276 8280
0.014285 8280
0.014295 8280
0.014304 8280
0.014314 8280
0.014323 8280
0.014333 8280
0.014342 8280
0.014351 8280
0.014361 8280
0.01437 8280
0.01438 8280
0.014389 8280
0.014398 8280
0.014408 8280
0.014417 8280
0.014427 8280
0.014436 8280
0.014446 8280
0.014455 8280
0.014464 8280
0.014474 8280
0.014483 8280
0.014493 8280
0.014502 8280
0.014512 8280
0.014521 8280
0.01453 8280
0.01454 8280
0.014549 8280
0.014559 8280
0.014568 8280
0.014578 8280
0.014587 8280
0.014596 8280
0.014606 8280
0.014615 8280
0.014625 8280
0.014634 8280
0.014643 8280
0.014653 8280
0.014662 8280
0.014672 8280
0.014681 8280
0.014691 8280
0.0147 8280
0.014709 8280
0.014719 8280
0.014728 8280
0.014738 8280
0.014747 8280
0.014757 8280
0.014766 8280
0.014775 8280
0.014785 8280
0.014794 8280
0.014804 8280
0.014813 8280
0.014823 8280
0.014832 8280
0.014841 8280
0.014851 8280
0.01486 8280
0.01487 8280
0.014879 8280
0.014888 8280
0.014898 8280
0.014907 8280
0.014917 8280
0.014926 8280
0.014936 8280
0.014945 8280
0.014954 8280
0.014964 8280
0.014973 8280
0.014983 8280
0.014992 8280
0.015002 8280
0.015011 8280
0.01502 8280
0.01503 8280
0.015039 8280
0.015049 8280
0.015058 8280
0.015068 8280
0.015077 8280
0.015086 8280
0.015096 8280
0.015105 8280
0.015115 8280
0.015124 8280
0.015133 8280
0.015143 8280
0.015152 8280
0.015162 8280
0.015171 8280
0.015181 8280
0.01519 8280
0.015199 8280
0.015209 8280
0.015218 8280
0.015228 8280
0.015237 8280
0.015247 8280
0.015256 8280
0.015265 8280
0.015275 8280
0.015284 8280
0.015294 8280
0.015303 8280
0.015312 8280
0.015322 8280
0.015331 8280
0.015341 8280
0.01535 8280
0.01536 8280
0.015369 8280
0.015378 8280
0.015388 8280
0.015397 8280
0.015407 8280
0.015416 8280
0.015426 8280
0.015435 8280
0.015444 8280
0.015454 8280
0.015463 8280
0.015473 8280
0.015482 8280
0.015492 8280
0.015501 8280
0.01551 8280
0.01552 8280
0.015529 8280
0.015539 8280
0.015548 8280
0.015558 8280
0.015567 8280
0.015576 8280
0.015586 8280
0.015595 8280
0.015605 8280
0.015614 8280
0.015623 8280
0.015633 8280
0.015642 8280
0.015652 8280
0.015661 8280
0.015671 8280
0.01568 8280
0.015689 8280
0.015699 8280
0.015708 8280
0.015718 8280
0.015727 8280
0.015737 8280
0.015746 8280
0.015755 8280
0.015765 8280
0.015774 8280
0.015784 8280
0.015793 8280
0.015803 8280
0.015812 8280
0.015821 8280
0.015831 8280
0.01584 8280
0.01585 8280
0.015859 8280
0.015868 8280
0.015878 8280
0.015887 8280
0.015897 8280
0.015906 8280
0.015916 8280
0.015925 8280
0.015934 8280
0.015944 8280
0.015953 8280
0.015963 8280
0.015972 8280
0.015982 8280
0.015991 8280
0.016 8280
0.01601 8280
0.016019 8280
0.016029 8280
0.016038 8280
0.016047 8280
0.016057 8280
0.016066 8280
0.016076 8280
0.016085 8280
0.016095 8280
0.016104 8280
0.016113 8280
0.016123 8280
0.016132 8280
0.016142 8280
0.016151 8280
0.016161 8280
0.01617 8280
0.016179 8280
0.016189 8280
0.016198 8280
0.016208 8280
0.016217 8280
0.016227 8280
0.016236 8280
0.016245 8280
0.016255 8280
0.016264 8280
0.016274 8280
0.016283 8280
0.016292 8280
0.016302 8280
0.016311 8280
0.016321 8280
0.01633 8280
0.01634 8280
0.016349 8280
0.016358 8280
0.016368 8280
0.016377 8280
0.016387 8280
0.016396 8280
0.016406 8280
0.016415 8280
0.016424 8280
0.016434 8280
0.016443 8280
0.016453 8280
0.016462 8280
0.016472 8280
0.016481 8280
0.01649 8280
0.0165 8280
0.016509 8280
0.016519 8280
0.016528 8280
0.016538 8280
0.016547 8280
0.016556 8280
0.016566 8280
0.016575 8280
0.016585 8280
0.016594 8280
0.016603 8280
0.016613 8280
0.016622 8280
0.016632 8280
0.016641 8280
0.016651 8280
0.01666 8280
0.016669 8280
0.016679 8280
0.016688 8280
0.016698 8280
0.016707 8280
0.016717 8280
0.016726 8280
0.016735 8280
0.016745 8280
0.016754 8280
0.016764 8280
0.016773 8280
0.016783 8280
0.016792 8280
0.016801 8280
0.016811 8280
0.01682 8280
0.01683 8280
0.016839 8280
0.016848 8280
0.016858 8280
0.016867 8280
0.016877 8280
0.016886 8280
0.016896 8280
0.016905 8280
0.016914 8280
0.016924 8280
0.016933 8280
0.016943 8280
0.016952 8280
0.016962 8280
0.016971 8280
0.01698 8280
0.01699 8280
0.016999 8280
0.017009 8280
0.017018 8280
0.017028 8280
0.017037 8280
0.017046 8280
0.017056 8280
0.017065 8280
0.017075 8280
0.017084 8280
0.017093 8280
0.017103 8280
0.017112 8280
0.017122 8280
0.017131 8280
0.017141 8280
0.01715 8280
0.017159 8280
0.017169 8280
0.017178 8280
0.017188 8280
0.017197 8280
0.017207 8280
0.017216 8280
0.017225 8280
0.017235 8280
0.017244 8280
0.017254 8280
0.017263 8280
0.017273 8280
0.017282 8280
0.017291 8280
0.017301 8280
0.01731 8280
0.01732 8280
0.017329 8280
0.017338 8280
0.017348 8280
0.017357 8280
0.017367 8280
0.017376 8280
0.017386 8280
0.017395 8280
0.017404 8280
0.017414 8280
0.017423 8280
0.017433 8280
0.017442 8280
0.017452 8280
0.017461 8280
0.01747 8280
0.01748 8280
0.017489 8280
0.017499 8280
0.017508 8280
0.017518 8280
0.017527 8280
0.017536 8280
0.017546 8280
0.017555 8280
0.017565 8280
0.017574 8280
0.017583 8280
0.017593 8280
0.017602 8280
0.017612 8280
0.017621 8280
0.017631 8280
0.01764 8280
0.017649 8280
0.017659 8280
0.017668 8280
0.017678 8280
0.017687 8280
0.017697 8280
0.017706 8280
0.017715 8280
0.017725 8280
0.017734 8280
0.017744 8280
0.017753 8280
0.017763 8280
0.017772 8280
0.017781 8280
0.017791 8280
0.0178 8280
0.01781 8280
0.017819 8280
0.017828 8280
0.017838 8280
0.017847 8280
0.017857 8280
0.017866 8280
0.017876 8280
0.017885 8280
0.017894 8280
0.017904 8280
0.017913 8280
0.017923 8280
0.017932 8280
0.017942 8280
0.017951 8280
0.01796 8280
0.01797 8280
0.017979 8280
0.017989 8280
0.017998 8280
0.018008 8280
0.018017 8280
0.018026 8280
0.018036 8280
0.018045 8280
0.018055 8280
0.018064 8280
0.018073 8280
0.018083 8280
0.018092 8280
0.018102 8280
0.018111 8280
0.018121 8280
0.01813 8280
0.018139 8280
0.018149 8280
0.018158 8280
0.018168 8280
0.018177 8280
0.018187 8280
0.018196 8280
0.018205 8280
0.018215 8280
0.018224 8280
0.018234 8280
0.018243 8280
0.018253 8280
0.018262 8280
0.018271 8280
0.018281 8280
0.01829 8280
0.0183 8280
0.018309 8280
0.018318 8280
0.018328 8280
0.018337 8280
0.018347 8280
0.018356 8280
0.018366 8280
0.018375 8280
0.018384 8280
0.018394 8280
0.018403 8280
0.018413 8280
0.018422 8280
0.018432 8280
0.018441 8280
0.01845 8280
0.01846 8280
0.018469 8280
0.018479 8280
0.018488 8280
0.018498 8280
0.018507 8280
0.018516 8280
0.018526 8280
0.018535 8280
0.018545 8280
0.018554 8280
0.018563 8280
0.018573 8280
0.018582 8280
0.018592 8280
0.018601 8280
0.018611 8280
0.01862 8280
0.018629 8280
0.018639 8280
0.018648 8280
0.018658 8280
0.018667 8280
0.018677 8280
0.018686 8280
0.018695 8280
0.018705 8280
0.018714 8280
0.018724 8280
0.018733 8280
0.018743 8280
0.018752 8280
0.018761 8280
0.018771 8280
0.01878 8280
0.01879 8280
0.018799 8280
0.018808 8280
0.018818 8280
0.018827 8280
0.018837 8280
0.018846 8280
0.018856 8280
0.018865 8280
0.018874 8280
0.018884 8280
0.018893 8280
0.018903 8280
0.018912 8280
0.018922 8280
0.018931 8280
0.01894 8280
0.01895 8280
0.018959 8280
0.018969 8280
0.018978 8280
0.018988 8280
0.018997 8280
0.019006 8280
0.019016 8280
0.019025 8280
0.019035 8280
0.019044 8280
0.019053 8280
0.019063 8280
0.019072 8280
0.019082 8280
0.019091 8280
0.019101 8280
0.01911 8280
0.019119 8280
0.019129 8280
0.019138 8280
0.019148 8280
0.019157 8280
0.019167 8280
0.019176 8280
0.019185 8280
0.019195 8280
0.019204 8280
0.019214 8280
0.019223 8280
0.019232 8280
0.019242 8280
0.019251 8280
0.019261 8280
0.01927 8280
0.01928 8280
0.019289 8280
0.019298 8280
0.019308 8280
0.019317 8280
0.019327 8280
0.019336 8280
0.019346 8280
0.019355 8280
0.019364 8280
0.019374 8280
0.019383 8280
0.019393 8280
0.019402 8280
0.019412 8280
0.019421 8280
0.01943 8280
0.01944 8280
0.019449 8280
0.019459 8280
0.019468 8280
0.019478 8280
0.019487 8280
0.019496 8280
0.019506 8280
0.019515 8280
0.019525 8280
0.019534 8280
0.019543 8280
0.019553 8280
0.019562 8280
0.019572 8280
0.019581 8280
0.019591 8280
0.0196 8280
0.019609 8280
0.019619 8280
0.019628 8280
0.019638 8280
0.019647 8280
0.019657 8280
0.019666 8280
0.019675 8280
0.019685 8280
0.019694 8280
0.019704 8280
0.019713 8280
0.019723 8280
0.019732 8280
0.019741 8280
0.019751 8280
0.01976 8280
0.01977 8280
0.019779 8280
0.019788 8280
0.019798 8280
0.019807 8280
0.019817 8280
0.019826 8280
0.019836 8280
0.019845 8280
0.019854 8280
0.019864 8280
0.019873 8280
0.019883 8280
0.019892 8280
0.019902 8280
0.019911 8280
0.01992 8280
0.01993 8280
0.019939 8280
0.019949 8280
0.019958 8280
0.019967 8280
0.019977 8280
0.019986 8280
0.019996 8280
0.020005 8280
0.020015 8280
0.020024 8280
0.020033 8280
0.020043 8280
0.020052 8280
0.020062 8280
0.020071 8280
0.020081 8280
0.02009 8280
0.020099 8280
0.020109 8280
0.020118 8280
0.020128 8280
0.020137 8280
0.020147 8280
0.020156 8280
0.020165 8280
0.020175 8280
0.020184 8280
0.020194 8280
0.020203 8280
0.020213 8280
0.020222 8280
0.020231 8280
0.020241 8280
0.02025 8280
0.02026 8280
0.020269 8280
0.020278 8280
0.020288 8280
0.020297 8280
0.020307 8280
0.020316 8280
0.020326 8280
0.020335 8280
0.020344 8280
0.020354 8280
0.020363 8280
0.020373 8280
0.020382 8280
0.020392 8280
0.020401 8280
0.02041 8280
0.02042 8280
0.020429 8280
0.020439 8280
0.020448 8280
0.020457 8280
0.020467 8280
0.020476 8280
0.020486 8280
0.020495 8280
0.020505 8280
0.020514 8280
0.020523 8280
0.020533 8280
0.020542 8280
0.020552 8280
0.020561 8280
0.020571 8280
0.02058 8280
0.020589 8280
0.020599 8280
0.020608 8280
0.020618 8280
0.020627 8280
0.020637 8280
0.020646 8280
0.020655 8280
0.020665 8280
0.020674 8280
0.020684 8280
0.020693 8280
0.020703 8280
0.020712 8280
0.020721 8280
0.020731 8280
0.02074 8280
0.02075 8280
0.020759 8280
0.020768 8280
0.020778 8280
0.020787 8280
0.020797 8280
0.020806 8280
0.020816 8280
0.020825 8280
0.020834 8280
0.020844 8280
0.020853 8280
0.020863 8280
0.020872 8280
0.020882 8280
0.020891 8280
0.0209 8280
0.02091 8280
0.020919 8280
0.020929 8280
0.020938 8280
0.020948 8280
0.020957 8280
0.020966 8280
0.020976 8280
0.020985 8280
0.020995 8280
0.021004 8280
0.021013 8280
0.021023 8280
0.021032 8280
0.021042 8280
0.021051 8280
0.021061 8280
0.02107 8280
0.021079 8280
0.021089 8280
0.021098 8280
0.021108 8280
0.021117 8280
0.021127 8280
0.021136 8280
0.021145 8280
0.021155 8280
0.021164 8280
0.021174 8280
0.021183 8280
0.021193 8280
0.021202 8280
0.021211 8280
0.021221 8280
0.02123 8280
0.02124 8280
0.021249 8280
0.021258 8280
0.021268 8280
0.021277 8280
0.021287 8280
0.021296 8280
0.021306 8280
0.021315 8280
0.021324 8280
0.021334 8280
0.021343 8280
0.021353 8280
0.021362 8280
0.021372 8280
0.021381 8280
0.02139 8280
0.0214 8280
0.021409 8280
0.021419 8280
0.021428 8280
0.021438 8280
0.021447 8280
0.021456 8280
0.021466 8280
0.021475 8280
0.021485 8280
0.021494 8280
0.021503 8280
0.021513 8280
0.021522 8280
0.021532 8280
0.021541 8280
0.021551 8280
0.02156 8280
0.021569 8280
0.021579 8280
0.021588 8280
0.021598 8280
0.021607 8280
0.021617 8280
0.021626 8280
0.021635 8280
0.021645 8280
0.021654 8280
0.021664 8280
0.021673 8280
0.021683 8280
0.021692 8280
0.021701 8280
0.021711 8280
0.02172 8280
0.02173 8280
0.021739 8280
0.021748 8280
0.021758 8280
0.021767 8280
0.021777 8280
0.021786 8280
0.021796 8280
0.021805 8280
0.021814 8280
0.021824 8280
0.021833 8280
0.021843 8280
0.021852 8280
0.021862 8280
0.021871 8280
0.02188 8280
0.02189 8280
0.021899 8280
0.021909 8280
0.021918 8280
0.021928 8280
0.021937 8280
0.021946 8280
0.021956 8280
0.021965 8280
0.021975 8280
0.021984 8280
0.021993 8280
0.022003 8280
0.022012 8280
0.022022 8280
0.022031 8280
0.022041 8280
0.02205 8280
0.022059 8280
0.022069 8280
0.022078 8280
0.022088 8280
0.022097 8280
0.022107 8280
0.022116 8280
0.022125 8280
0.022135 8280
0.022144 8280
0.022154 8280
0.022163 8280
0.022173 8280
0.022182 8280
0.022191 8280
0.022201 8280
0.02221 8280
0.02222 8280
0.022229 8280
0.022238 8280
0.022248 8280
0.022257 8280
0.022267 8280
0.022276 8280
0.022286 8280
0.022295 8280
0.022304 8280
0.022314 8280
0.022323 8280
0.022333 8280
0.022342 8280
0.022352 8280
0.022361 8280
0.02237 8280
0.02238 8280
0.022389 8280
0.022399 8280
0.022408 8280
0.022417 8280
0.022427 8280
0.022436 8280
0.022446 8280
0.022455 8280
0.022465 8280
0.022474 8280
0.022483 8280
0.022493 8280
0.022502 8280
0.022512 8280
0.022521 8280
0.022531 8280
0.02254 8280
0.022549 8280
0.022559 8280
0.022568 8280
0.022578 8280
0.022587 8280
0.022597 8280
0.022606 8280
0.022615 8280
0.022625 8280
0.022634 8280
0.022644 8280
0.022653 8280
0.022663 8280
0.022672 8280
0.022681 8280
0.022691 8280
0.0227 8280
0.02271 8280
0.022719 8280
0.022728 8280
0.022738 8280
0.022747 8280
0.022757 8280
0.022766 8280
0.022776 8280
0.022785 8280
0.022794 8280
0.022804 8280
0.022813 8280
0.022823 8280
0.022832 8280
0.022842 8280
0.022851 8280
0.02286 8280
0.02287 8280
0.022879 8280
0.022889 8280
0.022898 8280
0.022908 8280
0.022917 8280
0.022926 8280
0.022936 8280
0.022945 8280
0.022955 8280
0.022964 8280
0.022973 8280
0.022983 8280
0.022992 8280
0.023002 8280
0.023011 8280
0.023021 8280
0.02303 8280
0.023039 8280
0.023049 8280
0.023058 8280
0.023068 8280
0.023077 8280
0.023087 8280
0.023096 8280
0.023105 8280
0.023115 8280
0.023124 8280
0.023134 8280
0.023143 8280
0.023152 8280
0.023162 8280
0.023171 8280
0.023181 8280
0.02319 8280
0.0232 8280
0.023209 8280
0.023218 8280
0.023228 8280
0.023237 8280
0.023247 8280
0.023256 8280
0.023266 8280
0.023275 8280
0.023284 8280
0.023294 8280
0.023303 8280
0.023313 8280
0.023322 8280
0.023332 8280
0.023341 8280
0.02335 8280
0.02336 8280
0.023369 8280
0.023379 8280
0.023388 8280
0.023398 8280
0.023407 8280
0.023416 8280
0.023426 8280
0.023435 8280
0.023445 8280
0.023454 8280
0.023463 8280
0.023473 8280
0.023482 8280
0.023492 8280
0.023501 8280
0.023511 8280
0.02352 8280
0.023529 8280
0.023539 8280
0.023548 8280
0.023558 8280
0.023567 8280
0.023577 8280
0.023586 8280
0.023595 8280
0.023605 8280
0.023614 8280
0.023624 8280
0.023633 8280
0.023643 8280
0.023652 8280
0.023661 8280
0.023671 8280
0.02368 8280
0.02369 8280
0.023699 8280
0.023708 8280
0.023718 8280
0.023727 8280
0.023737 8280
0.023746 8280
0.023756 8280
0.023765 8280
0.023774 8280
0.023784 8280
0.023793 8280
0.023803 8280
0.023812 8280
0.023822 8280
0.023831 8280
0.02384 8280
0.02385 8280
0.023859 8280
0.023869 8280
0.023878 8280
0.023887 8280
0.023897 8280
0.023906 8280
0.023916 8280
0.023925 8280
0.023935 8280
0.023944 8280
0.023953 8280
0.023963 8280
0.023972 8280
0.023982 8280
0.023991 8280
0.024001 8280
0.02401 8280
0.024019 8280
0.024029 8280
0.024038 8280
0.024048 8280
0.024057 8280
0.024067 8280
0.024076 8280
0.024085 8280
0.024095 8280
0.024104 8280
0.024114 8280
0.024123 8280
0.024133 8280
0.024142 8280
0.024151 8280
0.024161 8280
0.02417 8280
0.02418 8280
0.024189 8280
0.024198 8280
0.024208 8280
0.024217 8280
0.024227 8280
0.024236 8280
0.024246 8280
0.024255 8280
0.024264 8280
0.024274 8280
0.024283 8280
0.024293 8280
0.024302 8280
0.024312 8280
0.024321 8280
0.02433 8280
0.02434 8280
0.024349 8280
0.024359 8280
0.024368 8280
0.024377 8280
0.024387 8280
0.024396 8280
0.024406 8280
0.024415 8280
0.024425 8280
0.024434 8280
0.024443 8280
0.024453 8280
0.024462 8280
0.024472 8280
0.024481 8280
0.024491 8280
0.0245 8280
0.024509 8280
0.024519 8280
0.024528 8280
0.024538 8280
0.024547 8280
0.024557 8280
0.024566 8280
0.024575 8280
0.024585 8280
0.024594 8280
0.024604 8280
0.024613 8280
0.024622 8280
0.024632 8280
0.024641 8280
0.024651 8280
0.02466 8280
0.02467 8280
0.024679 8280
0.024688 8280
0.024698 8280
0.024707 8280
0.024717 8280
0.024726 8280
0.024736 8280
0.024745 8280
0.024754 8280
0.024764 8280
0.024773 8280
0.024783 8280
0.024792 8280
0.024802 8280
0.024811 8280
0.02482 8280
0.02483 8280
0.024839 8280
0.024849 8280
0.024858 8280
0.024868 8280
0.024877 8280
0.024886 8280
0.024896 8280
0.024905 8280
0.024915 8280
0.024924 8280
0.024933 8280
0.024943 8280
0.024952 8280
0.024962 8280
0.024971 8280
0.024981 8280
0.02499 8280
0.024999 8280
0.025009 8280
0.025018 8280
0.025028 8280
0.025037 8280
0.025047 8280
0.025056 8280
0.025065 8280
0.025075 8280
0.025084 8280
0.025094 8280
0.025103 8280
0.025113 8280
0.025122 8280
0.025131 8280
0.025141 8280
0.02515 8280
0.02516 8280
0.025169 8280
0.025178 8280
0.025188 8280
0.025197 8280
0.025207 8280
0.025216 8280
0.025226 8280
0.025235 8280
0.025244 8280
0.025254 8280
0.025263 8280
0.025273 8280
0.025282 8280
0.025292 8280
0.025301 8280
0.02531 8280
0.02532 8280
0.025329 8280
0.025339 8280
0.025348 8280
0.025358 8280
0.025367 8280
0.025376 8280
0.025386 8280
0.025395 8280
0.025405 8280
0.025414 8280
0.025423 8280
0.025433 8280
0.025442 8280
0.025452 8280
0.025461 8280
0.025471 8280
0.02548 8280
0.025489 8280
0.025499 8280
0.025508 8280
0.025518 8280
0.025527 8280
0.025537 8280
0.025546 8280
0.025555 8280
0.025565 8280
0.025574 8280
0.025584 8280
0.025593 8280
0.025603 8280
0.025612 8280
0.025621 8280
0.025631 8280
0.02564 8280
0.02565 8280
0.025659 8280
0.025668 8280
0.025678 8280
0.025687 8280
0.025697 8280
0.025706 8280
0.025716 8280
0.025725 8280
0.025734 8280
0.025744 8280
0.025753 8280
0.025763 8280
0.025772 8280
0.025782 8280
0.025791 8280
0.0258 8280
0.02581 8280
0.025819 8280
0.025829 8280
0.025838 8280
0.025848 8280
0.025857 8280
0.025866 8280
0.025876 8280
0.025885 8280
0.025895 8280
0.025904 8280
0.025913 8280
0.025923 8280
0.025932 8280
0.025942 8280
0.025951 8280
0.025961 8280
0.02597 8280
0.025979 8280
0.025989 8280
0.025998 8280
0.026008 8280
0.026017 8280
0.026027 8280
0.026036 8280
0.026045 8280
0.026055 8280
0.026064 8280
0.026074 8280
0.026083 8280
0.026093 8280
0.026102 8280
0.026111 8280
0.026121 8280
0.02613 8280
0.02614 8280
0.026149 8280
0.026158 8280
0.026168 8280
0.026177 8280
0.026187 8280
0.026196 8280
0.026206 8280
0.026215 8280
0.026224 8280
0.026234 8280
0.026243 8280
0.026253 8280
0.026262 8280
0.026272 8280
0.026281 8280
0.02629 8280
0.0263 8280
0.026309 8280
0.026319 8280
0.026328 8280
0.026338 8280
0.026347 8280
0.026356 8280
0.026366 8280
0.026375 8280
0.026385 8280
0.026394 8280
0.026403 8280
0.026413 8280
0.026422 8280
0.026432 8280
0.026441 8280
0.026451 8280
0.02646 8280
0.026469 8280
0.026479 8280
0.026488 8280
0.026498 8280
0.026507 8280
0.026517 8280
0.026526 8280
0.026535 8280
0.026545 8280
0.026554 8280
0.026564 8280
0.026573 8280
0.026583 8280
0.026592 8280
0.026601 8280
0.026611 8280
0.02662 8280
0.02663 8280
0.026639 8280
0.026648 8280
0.026658 8280
0.026667 8280
0.026677 8280
0.026686 8280
0.026696 8280
0.026705 8280
0.026714 8280
0.026724 8280
0.026733 8280
0.026743 8280
0.026752 8280
0.026762 8280
0.026771 8280
0.02678 8280
0.02679 8280
0.026799 8280
0.026809 8280
0.026818 8280
0.026828 8280
0.026837 8280
0.026846 8280
0.026856 8280
0.026865 8280
0.026875 8280
0.026884 8280
0.026893 8280
0.026903 8280
0.026912 8280
0.026922 8280
0.026931 8280
0.026941 8280
0.02695 8280
0.026959 8280
0.026969 8280
0.026978 8280
0.026988 8280
0.026997 8280
0.027007 8280
0.027016 8280
0.027025 8280
0.027035 8280
0.027044 8280
0.027054 8280
0.027063 8280
0.027073 8280
0.027082 8280
0.027091 8280
0.027101 8280
0.02711 8280
0.02712 8280
0.027129 8280
0.027138 8280
0.027148 8280
0.027157 8280
0.027167 8280
0.027176 8280
0.027186 8280
0.027195 8280
0.027204 8280
0.027214 8280
0.027223 8280
0.027233 8280
0.027242 8280
0.027252 8280
0.027261 8280
0.02727 8280
0.02728 8280
0.027289 8280
0.027299 8280
0.027308 8280
0.027318 8280
0.027327 8280
0.027336 8280
0.027346 8280
0.027355 8280
0.027365 8280
0.027374 8280
0.027383 8280
0.027393 8280
0.027402 8280
0.027412 8280
0.027421 8280
0.027431 8280
0.02744 8280
0.027449 8280
0.027459 8280
0.027468 8280
0.027478 8280
0.027487 8280
0.027497 8280
0.027506 8280
0.027515 8280
0.027525 8280
0.027534 8280
0.027544 8280
0.027553 8280
0.027563 8280
0.027572 8280
0.027581 8280
0.027591 8280
0.0276 8280
0.02761 8280
0.027619 8280
0.027628 8280
0.027638 8280
0.027647 8280
0.027657 8280
0.027666 8280
0.027676 8280
0.027685 8280
0.027694 8280
0.027704 8280
0.027713 8280
0.027723 8280
0.027732 8280
0.027742 8280
0.027751 8280
0.02776 8280
0.02777 8280
0.027779 8280
0.027789 8280
0.027798 8280
0.027808 8280
0.027817 8280
0.027826 8280
0.027836 8280
0.027845 8280
0.027855 8280
0.027864 8280
0.027873 8280
0.027883 8280
0.027892 8280
0.027902 8280
0.027911 8280
0.027921 8280
0.02793 8280
0.027939 8280
0.027949 8280
0.027958 8280
0.027968 8280
0.027977 8280
0.027987 8280
0.027996 8280
0.028005 8280
0.028015 8280
0.028024 8280
0.028034 8280
0.028043 8280
0.028053 8280
0.028062 8280
0.028071 8280
0.028081 8280
0.02809 8280
0.0281 8280
0.028109 8280
0.028118 8280
0.028128 8280
0.028137 8280
0.028147 8280
0.028156 8280
0.028166 8280
0.028175 8280
0.028184 8280
0.028194 8280
0.028203 8280
0.028213 8280
0.028222 8280
0.028232 8280
0.028241 8280
0.02825 8280
0.02826 8280
0.028269 8280
0.028279 8280
0.028288 8280
0.028297 8280
0.028307 8280
0.028316 8280
0.028326 8280
0.028335 8280
0.028345 8280
0.028354 8280
0.028363 8280
0.028373 8280
0.028382 8280
0.028392 8280
0.028401 8280
0.028411 8280
0.02842 8280
0.028429 8280
0.028439 8280
0.028448 8280
0.028458 8280
0.028467 8280
0.028477 8280
0.028486 8280
0.028495 8280
0.028505 8280
0.028514 8280
0.028524 8280
0.028533 8280
0.028543 8280
0.028552 8280
0.028561 8280
0.028571 8280
0.02858 8280
0.02859 8280
0.028599 8280
0.028608 8280
0.028618 8280
0.028627 8280
0.028637 8280
0.028646 8280
0.028656 8280
0.028665 8280
0.028674 8280
0.028684 8280
0.028693 8280
0.028703 8280
0.028712 8280
0.028722 8280
0.028731 8280
0.02874 8280
0.02875 8280
0.028759 8280
0.028769 8280
0.028778 8280
0.028788 8280
0.028797 8280
0.028806 8280
0.028816 8280
0.028825 8280
0.028835 8280
0.028844 8280
0.028853 8280
0.028863 8280
0.028872 8280
0.028882 8280
0.028891 8280
0.028901 8280
0.02891 8280
0.028919 8280
0.028929 8280
0.028938 8280
0.028948 8280
0.028957 8280
0.028967 8280
0.028976 8280
0.028985 8280
0.028995 8280
0.029004 8280
0.029014 8280
0.029023 8280
0.029033 8280
0.029042 8280
0.029051 8280
0.029061 8280
0.02907 8280
0.02908 8280
0.029089 8280
0.029098 8280
0.029108 8280
0.029117 8280
0.029127 8280
0.029136 8280
0.029146 8280
0.029155 8280
0.029164 8280
0.029174 8280
0.029183 8280
0.029193 8280
0.029202 8280
0.029212 8280
0.029221 8280
0.02923 8280
0.02924 8280
0.029249 8280
0.029259 8280
0.029268 8280
0.029278 8280
0.029287 8280
0.029296 8280
0.029306 8280
0.029315 8280
0.029325 8280
0.029334 8280
0.029343 8280
0.029353 8280
0.029362 8280
0.029372 8280
0.029381 8280
0.029391 8280
0.0294 8280
0.029409 8280
0.029419 8280
0.029428 8280
0.029438 8280
0.029447 8280
0.029457 8280
0.029466 8280
0.029475 8280
0.029485 8280
0.029494 8280
0.029504 8280
0.029513 8280
0.029523 8280
0.029532 8280
0.029541 8280
0.029551 8280
0.02956 8280
0.02957 8280
0.029579 8280
0.029588 8280
0.029598 8280
0.029607 8280
0.029617 8280
0.029626 8280
0.029636 8280
0.029645 8280
0.029654 8280
0.029664 8280
0.029673 8280
0.029683 8280
0.029692 8280
0.029702 8280
0.029711 8280
0.02972 8280
0.02973 8280
0.029739 8280
0.029749 8280
0.029758 8280
0.029767 8280
0.029777 8280
0.029786 8280
0.029796 8280
0.029805 8280
0.029815 8280
0.029824 8280
0.029833 8280
0.029843 8280
0.029852 8280
0.029862 8280
0.029871 8280
0.029881 8280
0.02989 8280
0.029899 8280
0.029909 8280
0.029918 8280
0.029928 8280
0.029937 8280
0.029947 8280
0.029956 8280
0.029965 8280
0.029975 8280
0.029984 8280
0.029994 8280
0.030003 8280
0.030013 8280
0.030022 8280
0.030031 8280
0.030041 8280
0.03005 8280
0.03006 8280
0.030069 8280
0.030078 8280
0.030088 8280
0.030097 8280
0.030107 8280
0.030116 8280
0.030126 8280
0.030135 8280
0.030144 8280
0.030154 8280
0.030163 8280
0.030173 8280
0.030182 8280
0.030192 8280
0.030201 8280
0.03021 8280
0.03022 8280
0.030229 8280
0.030239 8280
0.030248 8280
0.030257 8280
0.030267 8280
0.030276 8280
0.030286 8280
0.030295 8280
0.030305 8280
0.030314 8280
0.030323 8280
0.030333 8280
0.030342 8280
0.030352 8280
0.030361 8280
0.030371 8280
0.03038 8280
0.030389 8280
0.030399 8280
0.030408 8280
0.030418 8280
0.030427 8280
0.030437 8280
0.030446 8280
0.030455 8280
0.030465 8280
0.030474 8280
0.030484 8280
0.030493 8280
0.030503 8280
0.030512 8280
0.030521 8280
0.030531 8280
0.03054 8280
0.03055 8280
0.030559 8280
0.030568 8280
0.030578 8280
0.030587 8280
0.030597 8280
0.030606 8280
0.030616 8280
0.030625 8280
0.030634 8280
0.030644 8280
0.030653 8280
0.030663 8280
0.030672 8280
0.030682 8280
0.030691 8280
0.0307 8280
0.03071 8280
0.030719 8280
0.030729 8280
0.030738 8280
0.030747 8280
0.030757 8280
0.030766 8280
0.030776 8280
0.030785 8280
0.030795 8280
0.030804 8280
0.030813 8280
0.030823 8280
0.030832 8280
0.030842 8280
0.030851 8280
0.030861 8280
0.03087 8280
0.030879 8280
0.030889 8280
0.030898 8280
0.030908 8280
0.030917 8280
0.030927 8280
0.030936 8280
0.030945 8280
0.030955 8280
0.030964 8280
0.030974 8280
0.030983 8280
0.030993 8280
0.031002 8280
0.031011 8280
0.031021 8280
0.03103 8280
0.03104 8280
0.031049 8280
0.031058 8280
0.031068 8280
0.031077 8280
0.031087 8280
0.031096 8280
0.031106 8280
0.031115 8280
0.031124 8280
0.031134 8280
0.031143 8280
0.031153 8280
0.031162 8280
0.031172 8280
0.031181 8280
0.03119 8280
0.0312 8280
0.031209 8280
0.031219 8280
0.031228 8280
0.031238 8280
0.031247 8280
0.031256 8280
0.031266 8280
0.031275 8280
0.031285 8280
0.031294 8280
0.031303 8280
0.031313 8280
0.031322 8280
0.031332 8280
0.031341 8280
0.031351 8280
0.03136 8280
0.031369 8280
0.031379 8280
0.031388 8280
0.031398 8280
0.031407 8280
0.031417 8280
0.031426 8280
0.031435 8280
0.031445 8280
0.031454 8280
0.031464 8280
0.031473 8280
0.031483 8280
0.031492 8280
0.031501 8280
0.031511 8280
0.03152 8280
0.03153 8280
0.031539 8280
0.031548 8280
0.031558 8280
0.031567 8280
0.031577 8280
0.031586 8280
0.031596 8280
0.031605 8280
0.031614 8280
0.031624 8280
0.031633 8280
0.031643 8280
0.031652 8280
0.031662 8280
0.031671 8280
0.03168 8280
0.03169 8280
0.031699 8280
0.031709 8280
0.031718 8280
0.031728 8280
0.031737 8280
0.031746 8280
0.031756 8280
0.031765 8280
0.031775 8280
0.031784 8280
0.031793 8280
0.031803 8280
0.031812 8280
0.031822 8280
0.031831 8280
0.031841 8280
0.03185 8280
0.031859 8280
0.031869 8280
0.031878 8280
0.031888 8280
0.031897 8280
0.031907 8280
0.031916 8280
0.031925 8280
0.031935 8280
0.031944 8280
0.031954 8280
0.031963 8280
0.031973 8280
0.031982 8280
0.031991 8280
0.032001 8280
0.03201 8280
0.03202 8280
0.032029 8280
0.032038 8280
0.032048 8280
0.032057 8280
0.032067 8280
0.032076 8280
0.032086 8280
0.032095 8280
0.032104 8280
0.032114 8280
0.032123 8280
0.032133 8280
0.032142 8280
0.032152 8280
0.032161 8280
0.03217 8280
0.03218 8280
0.032189 8280
0.032199 8280
0.032208 8280
0.032218 8280
0.032227 8280
0.032236 8280
0.032246 8280
0.032255 8280
0.032265 8280
0.032274 8280
0.032283 8280
0.032293 8280
0.032302 8280
0.032312 8280
0.032321 8280
0.032331 8280
0.03234 8280
0.032349 8280
0.032359 8280
0.032368 8280
0.032378 8280
0.032387 8280
0.032397 8280
0.032406 8280
0.032415 8280
0.032425 8280
0.032434 8280
0.032444 8280
0.032453 8280
0.032462 8280
0.032472 8280
0.032481 8280
0.032491 8280
0.0325 8280
0.03251 8280
0.032519 8280
0.032528 8280
0.032538 8280
0.032547 8280
0.032557 8280
0.032566 8280
0.032576 8280
0.032585 8280
0.032594 8280
0.032604 8280
0.032613 8280
0.032623 8280
0.032632 8280
0.032642 8280
0.032651 8280
0.03266 8280
0.03267 8280
0.032679 8280
0.032689 8280
0.032698 8280
0.032708 8280
0.032717 8280
0.032726 8280
0.032736 8280
0.032745 8280
0.032755 8280
0.032764 8280
0.032773 8280
0.032783 8280
0.032792 8280
0.032802 8280
0.032811 8280
0.032821 8280
0.03283 8280
0.032839 8280
0.032849 8280
0.032858 8280
0.032868 8280
0.032877 8280
0.032887 8280
0.032896 8280
0.032905 8280
0.032915 8280
0.032924 8280
0.032934 8280
0.032943 8280
0.032953 8280
0.032962 8280
0.032971 8280
0.032981 8280
1 8280
