9.4231e-06 39380
1.8846e-05 39380
2.8269e-05 39380
3.7692e-05 39380
4.7115e-05 39380
5.6538e-05 39380
6.5962e-05 39380
7.5385e-05 39380
8.4808e-05 39381
9.4231e-05 39382
0.00010365 39383
0.00011308 39384
0.0001225 39387
0.00013192 39391
0.00014135 39397
0.00015077 39405
0.00016019 39418
0.00016962 39435
0.00017904 39461
0.00018846 39496
0.00019788 39545
0.00020731 39614
0.00021673 39707
0.00022615 39832
0.00023558 40001
0.000245 40226
0.00025442 40522
0.00026385 40909
0.00027327 41411
0.00028269 42058
0.00029212 42886
0.00030154 43939
0.00031096 45274
0.00032038 46957
0.00032981 49074
0.00033923 51731
0.00034865 55063
0.00035808 59240
0.0003675 64483
0.00037692 71077
0.00038635 79392
0.00039577 89913
0.00040519 1.0327e+05
0.00041462 1.2031e+05
0.00042404 1.421e+05
0.00043346 1.7007e+05
0.00044288 2.0605e+05
0.00045231 2.524e+05
0.00046173 3.1205e+05
0.00047115 3.8867e+05
0.00048058 4.8662e+05
0.00049 6.11e+05
0.00049942 7.6741e+05
0.00050885 9.6172e+05
0.00051827 1.1995e+06
0.00052769 1.4852e+06
0.00053712 1.8216e+06
0.00054654 2.2084e+06
0.00055596 2.6417e+06
0.00056538 3.1132e+06
0.00057481 3.6104e+06
0.00058423 4.1171e+06
0.00059365 4.6142e+06
0.00060308 5.082e+06
0.0006125 5.5014e+06
0.00062192 5.8561e+06
0.00063135 6.1339e+06
0.00064077 6.3274e+06
0.00065019 6.4344e+06
0.00065962 6.4574e+06
0.00066904 6.4029e+06
0.00067846 6.2799e+06
0.00068788 6.0993e+06
0.00069731 5.8728e+06
0.00070673 5.6116e+06
0.00071615 5.3263e+06
0.00072558 5.0261e+06
0.000735 4.719e+06
0.00074442 4.4116e+06
0.00075385 4.1088e+06
0.00076327 3.8147e+06
0.00077269 3.5321e+06
0.00078212 3.2628e+06
0.00079154 3.0083e+06
0.00080096 2.769e+06
0.00081038 2.5453e+06
0.00081981 2.337e+06
0.00082923 2.1437e+06
0.00083865 1.9649e+06
0.00084808 1.8e+06
0.0008575 1.6482e+06
0.00086692 1.5088e+06
0.00087635 1.381e+06
0.00088577 1.264e+06
0.00089519 1.157e+06
0.00090462 1.0592e+06
0.00091404 9.7006e+05
0.00092346 8.8875e+05
0.00093288 8.1467e+05
0.00094231 7.4722e+05
0.00095173 6.8582e+05
0.00096115 6.2996e+05
0.00097058 5.7914e+05
0.00098 5.3293e+05
0.00098942 4.9089e+05
0.00099885 4.5266e+05
0.0010083 4.1788e+05
0.0010177 3.8623e+05
0.0010271 3.5744e+05
0.0010365 3.3122e+05
0.001046 3.0734e+05
0.0010554 2.8558e+05
0.0010648 2.6575e+05
0.0010742 2.4765e+05
0.0010837 2.3114e+05
0.0010931 2.1606e+05
0.0011025 2.0228e+05
0.0011119 1.8967e+05
0.0011213 1.7814e+05
0.0011308 1.6757e+05
0.0011402 1.5789e+05
0.0011496 1.4901e+05
0.001159 1.4085e+05
0.0011685 1.3336e+05
0.0011779 1.2647e+05
0.0011873 1.2013e+05
0.0011967 1.1429e+05
0.0012062 1.0891e+05
0.0012156 1.0395e+05
0.001225 99367
0.0012344 95134
0.0012438 91221
0.0012533 87600
0.0012627 84247
0.0012721 81141
0.0012815 78262
0.001291 75590
0.0013004 73110
0.0013098 70806
0.0013192 68665
0.0013287 66673
0.0013381 64821
0.0013475 63097
0.0013569 61491
0.0013663 59994
0.0013758 58600
0.0013852 57300
0.0013946 56087
0.001404 54956
0.0014135 53900
0.0014229 52915
0.0014323 51995
0.0014417 51136
0.0014512 50334
0.0014606 49584
0.00147 48884
0.0014794 48230
0.0014888 47620
0.0014983 47049
0.0015077 46516
0.0015171 46018
0.0015265 45553
0.001536 45119
0.0015454 44714
0.0015548 44335
0.0015642 43982
0.0015737 43652
0.0015831 43344
0.0015925 43058
0.0016019 42790
0.0016113 42541
0.0016208 42308
0.0016302 42092
0.0016396 41890
0.001649 41702
0.0016585 41527
0.0016679 41365
0.0016773 41214
0.0016867 41073
0.0016962 40943
0.0017056 40822
0.001715 40709
0.0017244 40605
0.0017338 40508
0.0017433 40418
0.0017527 40335
0.0017621 40258
0.0017715 40187
0.001781 40121
0.0017904 40061
0.0017998 40004
0.0018092 39953
0.0018187 39905
0.0018281 39861
0.0018375 39820
0.0018469 39782
0.0018563 39748
0.0018658 39716
0.0018752 39687
0.0018846 39660
0.001894 39635
0.0019035 39613
0.0019129 39592
0.0019223 39573
0.0019317 39556
0.0019412 39540
0.0019506 39525
0.00196 39512
0.0019694 39500
0.0019788 39488
0.0019883 39478
0.0019977 39469
0.0020071 39461
0.0020165 39453
0.002026 39446
0.0020354 39440
0.0020448 39434
0.0020542 39428
0.0020637 39424
0.0020731 39419
0.0020825 39415
0.0020919 39412
0.0021013 39409
0.0021108 39406
0.0021202 39403
0.0021296 39401
0.002139 39399
0.0021485 39397
0.0021579 39395
0.0021673 39393
0.0021767 39392
0.0021862 39391
0.0021956 39389
0.002205 39388
0.0022144 39387
0.0022238 39387
0.0022333 39386
0.0022427 39385
0.0022521 39385
0.0022615 39384
0.002271 39383
0.0022804 39383
0.0022898 39383
0.0022992 39382
0.0023087 39382
0.0023181 39382
0.0023275 39381
0.0023369 39381
0.0023463 39381
0.0023558 39381
0.0023652 39381
0.0023746 39381
0.002384 39380
0.0023935 39380
0.0024029 39380
0.0024123 39380
0.0024217 39380
0.0024312 39380
0.0024406 39380
0.00245 39380
0.0024594 39380
0.0024688 39380
0.0024783 39380
0.0024877 39380
0.0024971 39380
0.0025065 39380
0.002516 39380
0.0025254 39380
0.0025348 39380
0.0025442 39380
0.0025537 39380
0.0025631 39380
0.0025725 39380
0.0025819 39380
0.0025913 39380
0.0026008 39380
0.0026102 39380
0.0026196 39380
0.002629 39380
0.0026385 39380
0.0026479 39380
0.0026573 39380
0.0026667 39380
0.0026762 39380
0.0026856 39380
0.002695 39380
0.0027044 39380
0.0027138 39380
0.0027233 39380
0.0027327 39380
0.0027421 39380
0.0027515 39380
0.002761 39380
0.0027704 39380
0.0027798 39380
0.0027892 39380
0.0027987 39380
0.0028081 39380
0.0028175 39380
0.0028269 39380
0.0028363 39380
0.0028458 39380
0.0028552 39380
0.0028646 39380
0.002874 39380
0.0028835 39380
0.0028929 39380
0.0029023 39380
0.0029117 39380
0.0029212 39380
0.0029306 39380
0.00294 39380
0.0029494 39380
0.0029588 39380
0.0029683 39380
0.0029777 39380
0.0029871 39380
0.0029965 39380
0.003006 39380
0.0030154 39380
0.0030248 39380
0.0030342 39380
0.0030437 39380
0.0030531 39380
0.0030625 39380
0.0030719 39380
0.0030813 39380
0.0030908 39380
0.0031002 39380
0.0031096 39380
0.003119 39380
0.0031285 39380
0.0031379 39380
0.0031473 39380
0.0031567 39380
0.0031662 39380
0.0031756 39380
0.003185 39380
0.0031944 39380
0.0032038 39380
0.0032133 39380
0.0032227 39380
0.0032321 39380
0.0032415 39380
0.003251 39380
0.0032604 39380
0.0032698 39380
0.0032792 39380
0.0032887 39380
0.0032981 39380
0.0033075 39380
0.0033169 39380
0.0033263 39380
0.0033358 39380
0.0033452 39380
0.0033546 39380
0.003364 39380
0.0033735 39380
0.0033829 39380
0.0033923 39380
0.0034017 39380
0.0034112 39380
0.0034206 39380
0.00343 39380
0.0034394 39380
0.0034488 39380
0.0034583 39380
0.0034677 39380
0.0034771 39380
0.0034865 39380
0.003496 39380
0.0035054 39380
0.0035148 39380
0.0035242 39380
0.0035337 39380
0.0035431 39380
0.0035525 39380
0.0035619 39380
0.0035713 39380
0.0035808 39380
0.0035902 39380
0.0035996 39380
0.003609 39380
0.0036185 39380
0.0036279 39380
0.0036373 39380
0.0036467 39380
0.0036562 39380
0.0036656 39380
0.003675 39380
0.0036844 39380
0.0036938 39380
0.0037033 39380
0.0037127 39380
0.0037221 39380
0.0037315 39380
0.003741 39380
0.0037504 39380
0.0037598 39380
0.0037692 39380
0.0037787 39380
0.0037881 39380
0.0037975 39380
0.0038069 39380
0.0038163 39380
0.0038258 39380
0.0038352 39380
0.0038446 39380
0.003854 39380
0.0038635 39380
0.0038729 39380
0.0038823 39380
0.0038917 39380
0.0039012 39380
0.0039106 39380
0.00392 39380
0.0039294 39380
0.0039388 39380
0.0039483 39380
0.0039577 39380
0.0039671 39380
0.0039765 39380
0.003986 39380
0.0039954 39380
0.0040048 39380
0.0040142 39380
0.0040237 39380
0.0040331 39380
0.0040425 39380
0.0040519 39380
0.0040613 39380
0.0040708 39380
0.0040802 39380
0.0040896 39380
0.004099 39380
0.0041085 39380
0.0041179 39380
0.0041273 39380
0.0041367 39380
0.0041462 39380
0.0041556 39380
0.004165 39380
0.0041744 39380
0.0041838 39380
0.0041933 39380
0.0042027 39380
0.0042121 39380
0.0042215 39380
0.004231 39380
0.0042404 39380
0.0042498 39380
0.0042592 39380
0.0042687 39380
0.0042781 39380
0.0042875 39380
0.0042969 39380
0.0043063 39380
0.0043158 39380
0.0043252 39380
0.0043346 39380
0.004344 39380
0.0043535 39380
0.0043629 39380
0.0043723 39380
0.0043817 39380
0.0043912 39380
0.0044006 39380
0.00441 39380
0.0044194 39380
0.0044288 39380
0.0044383 39380
0.0044477 39380
0.0044571 39380
0.0044665 39380
0.004476 39380
0.0044854 39380
0.0044948 39380
0.0045042 39380
0.0045137 39380
0.0045231 39380
0.0045325 39380
0.0045419 39380
0.0045513 39380
0.0045608 39380
0.0045702 39380
0.0045796 39380
0.004589 39380
0.0045985 39380
0.0046079 39380
0.0046173 39380
0.0046267 39380
0.0046362 39380
0.0046456 39380
0.004655 39380
0.0046644 39380
0.0046738 39380
0.0046833 39380
0.0046927 39380
0.0047021 39380
0.0047115 39380
0.004721 39380
0.0047304 39380
0.0047398 39380
0.0047492 39380
0.0047587 39380
0.0047681 39380
0.0047775 39380
0.0047869 39380
0.0047963 39380
0.0048058 39380
0.0048152 39380
0.0048246 39380
0.004834 39380
0.0048435 39380
0.0048529 39380
0.0048623 39380
0.0048717 39380
0.0048812 39380
0.0048906 39380
0.0049 39380
0.0049094 39380
0.0049188 39380
0.0049283 39380
0.0049377 39380
0.0049471 39380
0.0049565 39380
0.004966 39380
0.0049754 39380
0.0049848 39380
0.0049942 39380
0.0050037 39380
0.0050131 39380
0.0050225 39380
0.0050319 39380
0.0050413 39380
0.0050508 39380
0.0050602 39380
0.0050696 39380
0.005079 39380
0.0050885 39380
0.0050979 39380
0.0051073 39380
0.0051167 39380
0.0051262 39380
0.0051356 39380
0.005145 39380
0.0051544 39380
0.0051638 39380
0.0051733 39380
0.0051827 39380
0.0051921 39380
0.0052015 39380
0.005211 39380
0.0052204 39380
0.0052298 39380
0.0052392 39380
0.0052487 39380
0.0052581 39380
0.0052675 39380
0.0052769 39380
0.0052863 39380
0.0052958 39380
0.0053052 39380
0.0053146 39380
0.005324 39380
0.0053335 39380
0.0053429 39380
0.0053523 39380
0.0053617 39380
0.0053712 39380
0.0053806 39380
0.00539 39380
0.0053994 39380
0.0054088 39380
0.0054183 39380
0.0054277 39380
0.0054371 39380
0.0054465 39380
0.005456 39380
0.0054654 39380
0.0054748 39380
0.0054842 39380
0.0054937 39380
0.0055031 39380
0.0055125 39380
0.0055219 39380
0.0055313 39380
0.0055408 39380
0.0055502 39380
0.0055596 39380
0.005569 39380
0.0055785 39380
0.0055879 39380
0.0055973 39380
0.0056067 39380
0.0056162 39380
0.0056256 39380
0.005635 39380
0.0056444 39380
0.0056538 39380
0.0056633 39380
0.0056727 39380
0.0056821 39380
0.0056915 39380
0.005701 39380
0.0057104 39380
0.0057198 39380
0.0057292 39380
0.0057387 39380
0.0057481 39380
0.0057575 39380
0.0057669 39380
0.0057763 39380
0.0057858 39380
0.0057952 39380
0.0058046 39380
0.005814 39380
0.0058235 39380
0.0058329 39380
0.0058423 39380
0.0058517 39380
0.0058612 39380
0.0058706 39380
0.00588 39380
0.0058894 39380
0.0058988 39380
0.0059083 39380
0.0059177 39380
0.0059271 39380
0.0059365 39380
0.005946 39380
0.0059554 39380
0.0059648 39380
0.0059742 39380
0.0059837 39380
0.0059931 39380
0.0060025 39380
0.0060119 39380
0.0060213 39380
0.0060308 39380
0.0060402 39380
0.0060496 39380
0.006059 39380
0.0060685 39380
0.0060779 39380
0.0060873 39380
0.0060967 39380
0.0061062 39380
0.0061156 39380
0.006125 39380
0.0061344 39380
0.0061438 39380
0.0061533 39380
0.0061627 39380
0.0061721 39380
0.0061815 39380
0.006191 39380
0.0062004 39380
0.0062098 39380
0.0062192 39380
0.0062287 39380
0.0062381 39380
0.0062475 39380
0.0062569 39380
0.0062663 39380
0.0062758 39380
0.0062852 39380
0.0062946 39380
0.006304 39380
0.0063135 39380
0.0063229 39380
0.0063323 39380
0.0063417 39380
0.0063512 39380
0.0063606 39380
0.00637 39380
0.0063794 39380
0.0063888 39380
0.0063983 39380
0.0064077 39380
0.0064171 39380
0.0064265 39380
0.006436 39380
0.0064454 39380
0.0064548 39380
0.0064642 39380
0.0064737 39380
0.0064831 39380
0.0064925 39380
0.0065019 39380
0.0065113 39380
0.0065208 39380
0.0065302 39380
0.0065396 39380
0.006549 39380
0.0065585 39380
0.0065679 39380
0.0065773 39380
0.0065867 39380
0.0065962 39380
0.0066056 39380
0.006615 39380
0.0066244 39380
0.0066338 39380
0.0066433 39380
0.0066527 39380
0.0066621 39380
0.0066715 39380
0.006681 39380
0.0066904 39380
0.0066998 39380
0.0067092 39380
0.0067187 39380
0.0067281 39380
0.0067375 39380
0.0067469 39380
0.0067563 39380
0.0067658 39380
0.0067752 39380
0.0067846 39380
0.006794 39380
0.0068035 39380
0.0068129 39380
0.0068223 39380
0.0068317 39380
0.0068412 39380
0.0068506 39380
0.00686 39380
0.0068694 39380
0.0068788 39380
0.0068883 39380
0.0068977 39380
0.0069071 39380
0.0069165 39380
0.006926 39380
0.0069354 39380
0.0069448 39380
0.0069542 39380
0.0069637 39380
0.0069731 39380
0.0069825 39380
0.0069919 39380
0.0070013 39380
0.0070108 39380
0.0070202 39380
0.0070296 39380
0.007039 39380
0.0070485 39380
0.0070579 39380
0.0070673 39380
0.0070767 39380
0.0070862 39380
0.0070956 39380
0.007105 39380
0.0071144 39380
0.0071238 39380
0.0071333 39380
0.0071427 39380
0.0071521 39380
0.0071615 39380
0.007171 39380
0.0071804 39380
0.0071898 39380
0.0071992 39380
0.0072087 39380
0.0072181 39380
0.0072275 39380
0.0072369 39380
0.0072463 39380
0.0072558 39380
0.0072652 39380
0.0072746 39380
0.007284 39380
0.0072935 39380
0.0073029 39380
0.0073123 39380
0.0073217 39380
0.0073312 39380
0.0073406 39380
0.00735 39380
0.0073594 39380
0.0073688 39380
0.0073783 39380
0.0073877 39380
0.0073971 39380
0.0074065 39380
0.007416 39380
0.0074254 39380
0.0074348 39380
0.0074442 39380
0.0074537 39380
0.0074631 39380
0.0074725 39380
0.0074819 39380
0.0074913 39380
0.0075008 39380
0.0075102 39380
0.0075196 39380
0.007529 39380
0.0075385 39380
0.0075479 39380
0.0075573 39380
0.0075667 39380
0.0075762 39380
0.0075856 39380
0.007595 39380
0.0076044 39380
0.0076138 39380
0.0076233 39380
0.0076327 39380
0.0076421 39380
0.0076515 39380
0.007661 39380
0.0076704 39380
0.0076798 39380
0.0076892 39380
0.0076987 39380
0.0077081 39380
0.0077175 39380
0.0077269 39380
0.0077363 39380
0.0077458 39380
0.0077552 39380
0.0077646 39380
0.007774 39380
0.0077835 39380
0.0077929 39380
0.0078023 39380
0.0078117 39380
0.0078212 39380
0.0078306 39380
0.00784 39380
0.0078494 39380
0.0078588 39380
0.0078683 39380
0.0078777 39380
0.0078871 39380
0.0078965 39380
0.007906 39380
0.0079154 39380
0.0079248 39380
0.0079342 39380
0.0079437 39380
0.0079531 39380
0.0079625 39380
0.0079719 39380
0.0079813 39380
0.0079908 39380
0.0080002 39380
0.0080096 39380
0.008019 39380
0.0080285 39380
0.0080379 39380
0.0080473 39380
0.0080567 39380
0.0080662 39380
0.0080756 39380
0.008085 39380
0.0080944 39380
0.0081038 39380
0.0081133 39380
0.0081227 39380
0.0081321 39380
0.0081415 39380
0.008151 39380
0.0081604 39380
0.0081698 39380
0.0081792 39380
0.0081887 39380
0.0081981 39380
0.0082075 39380
0.0082169 39380
0.0082263 39380
0.0082358 39380
0.0082452 39380
0.0082546 39380
0.008264 39380
0.0082735 39380
0.0082829 39380
0.0082923 39380
0.0083017 39380
0.0083112 39380
0.0083206 39380
0.00833 39380
0.0083394 39380
0.0083488 39380
0.0083583 39380
0.0083677 39380
0.0083771 39380
0.0083865 39380
0.008396 39380
0.0084054 39380
0.0084148 39380
0.0084242 39380
0.0084337 39380
0.0084431 39380
0.0084525 39380
0.0084619 39380
0.0084713 39380
0.0084808 39380
0.0084902 39380
0.0084996 39380
0.008509 39380
0.0085185 39380
0.0085279 39380
0.0085373 39380
0.0085467 39380
0.0085562 39380
0.0085656 39380
0.008575 39380
0.0085844 39380
0.0085938 39380
0.0086033 39380
0.0086127 39380
0.0086221 39380
0.0086315 39380
0.008641 39380
0.0086504 39380
0.0086598 39380
0.0086692 39380
0.0086787 39380
0.0086881 39380
0.0086975 39380
0.0087069 39380
0.0087163 39380
0.0087258 39380
0.0087352 39380
0.0087446 39380
0.008754 39380
0.0087635 39380
0.0087729 39380
0.0087823 39380
0.0087917 39380
0.0088012 39380
0.0088106 39380
0.00882 39380
0.0088294 39380
0.0088388 39380
0.0088483 39380
0.0088577 39380
0.0088671 39380
0.0088765 39380
0.008886 39380
0.0088954 39380
0.0089048 39380
0.0089142 39380
0.0089237 39380
0.0089331 39380
0.0089425 39380
0.0089519 39380
0.0089613 39380
0.0089708 39380
0.0089802 39380
0.0089896 39380
0.008999 39380
0.0090085 39380
0.0090179 39380
0.0090273 39380
0.0090367 39380
0.0090462 39380
0.0090556 39380
0.009065 39380
0.0090744 39380
0.0090838 39380
0.0090933 39380
0.0091027 39380
0.0091121 39380
0.0091215 39380
0.009131 39380
0.0091404 39380
0.0091498 39380
0.0091592 39380
0.0091687 39380
0.0091781 39380
0.0091875 39380
0.0091969 39380
0.0092063 39380
0.0092158 39380
0.0092252 39380
0.0092346 39380
0.009244 39380
0.0092535 39380
0.0092629 39380
0.0092723 39380
0.0092817 39380
0.0092912 39380
0.0093006 39380
0.00931 39380
0.0093194 39380
0.0093288 39380
0.0093383 39380
0.0093477 39380
0.0093571 39380
0.0093665 39380
0.009376 39380
0.0093854 39380
0.0093948 39380
0.0094042 39380
0.0094137 39380
0.0094231 39380
0.0094325 39380
0.0094419 39380
0.0094513 39380
0.0094608 39380
0.0094702 39380
0.0094796 39380
0.009489 39380
0.0094985 39380
0.0095079 39380
0.0095173 39380
0.0095267 39380
0.0095362 39380
0.0095456 39380
0.009555 39380
0.0095644 39380
0.0095738 39380
0.0095833 39380
0.0095927 39380
0.0096021 39380
0.0096115 39380
0.009621 39380
0.0096304 39380
0.0096398 39380
0.0096492 39380
0.0096587 39380
0.0096681 39380
0.0096775 39380
0.0096869 39380
0.0096963 39380
0.0097058 39380
0.0097152 39380
0.0097246 39380
0.009734 39380
0.0097435 39380
0.0097529 39380
0.0097623 39380
0.0097717 39380
0.0097812 39380
0.0097906 39380
0.0098 39380
0.0098094 39380
0.0098188 39380
0.0098283 39380
0.0098377 39380
0.0098471 39380
0.0098565 39380
0.009866 39380
0.0098754 39380
0.0098848 39380
0.0098942 39380
0.0099037 39380
0.0099131 39380
0.0099225 39380
0.0099319 39380
0.0099413 39380
0.0099508 39380
0.0099602 39380
0.0099696 39380
0.009979 39380
0.0099885 39380
0.0099979 39380
0.010007 39380
0.010017 39380
0.010026 39380
0.010036 39380
0.010045 39380
0.010054 39380
0.010064 39380
0.010073 39380
0.010083 39380
0.010092 39380
0.010102 39380
0.010111 39380
0.01012 39380
0.01013 39380
0.010139 39380
0.010149 39380
0.010158 39380
0.010168 39380
0.010177 39380
0.010186 39380
0.010196 39380
0.010205 39380
0.010215 39380
0.010224 39380
0.010233 39380
0.010243 39380
0.010252 39380
0.010262 39380
0.010271 39380
0.010281 39380
0.01029 39380
0.010299 39380
0.010309 39380
0.010318 39380
0.010328 39380
0.010337 39380
0.010347 39380
0.010356 39380
0.010365 39380
0.010375 39380
0.010384 39380
0.010394 39380
0.010403 39380
0.010412 39380
0.010422 39380
0.010431 39380
0.010441 39380
0.01045 39380
0.01046 39380
0.010469 39380
0.010478 39380
0.010488 39380
0.010497 39380
0.010507 39380
0.010516 39380
0.010526 39380
0.010535 39380
0.010544 39380
0.010554 39380
0.010563 39380
0.010573 39380
0.010582 39380
0.010592 39380
0.010601 39380
0.01061 39380
0.01062 39380
0.010629 39380
0.010639 39380
0.010648 39380
0.010658 39380
0.010667 39380
0.010676 39380
0.010686 39380
0.010695 39380
0.010705 39380
0.010714 39380
0.010723 39380
0.010733 39380
0.010742 39380
0.010752 39380
0.010761 39380
0.010771 39380
0.01078 39380
0.010789 39380
0.010799 39380
0.010808 39380
0.010818 39380
0.010827 39380
0.010837 39380
0.010846 39380
0.010855 39380
0.010865 39380
0.010874 39380
0.010884 39380
0.010893 39380
0.010903 39380
0.010912 39380
0.010921 39380
0.010931 39380
0.01094 39380
0.01095 39380
0.010959 39380
0.010968 39380
0.010978 39380
0.010987 39380
0.010997 39380
0.011006 39380
0.011016 39380
0.011025 39380
0.011034 39380
0.011044 39380
0.011053 39380
0.011063 39380
0.011072 39380
0.011082 39380
0.011091 39380
0.0111 39380
0.01111 39380
0.011119 39380
0.011129 39380
0.011138 39380
0.011147 39380
0.011157 39380
0.011166 39380
0.011176 39380
0.011185 39380
0.011195 39380
0.011204 39380
0.011213 39380
0.011223 39380
0.011232 39380
0.011242 39380
0.011251 39380
0.011261 39380
0.01127 39380
0.011279 39380
0.011289 39380
0.011298 39380
0.011308 39380
0.011317 39380
0.011327 39380
0.011336 39380
0.011345 39380
0.011355 39380
0.011364 39380
0.011374 39380
0.011383 39380
0.011393 39380
0.011402 39380
0.011411 39380
0.011421 39380
0.01143 39380
0.01144 39380
0.011449 39380
0.011458 39380
0.011468 39380
0.011477 39380
0.011487 39380
0.011496 39380
0.011506 39380
0.011515 39380
0.011524 39380
0.011534 39380
0.011543 39380
0.011553 39380
0.011562 39380
0.011572 39380
0.011581 39380
0.01159 39380
0.0116 39380
0.011609 39380
0.011619 39380
0.011628 39380
0.011638 39380
0.011647 39380
0.011656 39380
0.011666 39380
0.011675 39380
0.011685 39380
0.011694 39380
0.011703 39380
0.011713 39380
0.011722 39380
0.011732 39380
0.011741 39380
0.011751 39380
0.01176 39380
0.011769 39380
0.011779 39380
0.011788 39380
0.011798 39380
0.011807 39380
0.011817 39380
0.011826 39380
0.011835 39380
0.011845 39380
0.011854 39380
0.011864 39380
0.011873 39380
0.011883 39380
0.011892 39380
0.011901 39380
0.011911 39380
0.01192 39380
0.01193 39380
0.011939 39380
0.011948 39380
0.011958 39380
0.011967 39380
0.011977 39380
0.011986 39380
0.011996 39380
0.012005 39380
0.012014 39380
0.012024 39380
0.012033 39380
0.012043 39380
0.012052 39380
0.012062 39380
0.012071 39380
0.01208 39380
0.01209 39380
0.012099 39380
0.012109 39380
0.012118 39380
0.012128 39380
0.012137 39380
0.012146 39380
0.012156 39380
0.012165 39380
0.012175 39380
0.012184 39380
0.012193 39380
0.012203 39380
0.012212 39380
0.012222 39380
0.012231 39380
0.012241 39380
0.01225 39380
0.012259 39380
0.012269 39380
0.012278 39380
0.012288 39380
0.012297 39380
0.012307 39380
0.012316 39380
0.012325 39380
0.012335 39380
0.012344 39380
0.012354 39380
0.012363 39380
0.012373 39380
0.012382 39380
0.012391 39380
0.012401 39380
0.01241 39380
0.01242 39380
0.012429 39380
0.012438 39380
0.012448 39380
0.012457 39380
0.012467 39380
0.012476 39380
0.012486 39380
0.012495 39380
0.012504 39380
0.012514 39380
0.012523 39380
0.012533 39380
0.012542 39380
0.012552 39380
0.012561 39380
0.01257 39380
0.01258 39380
0.012589 39380
0.012599 39380
0.012608 39380
0.012618 39380
0.012627 39380
0.012636 39380
0.012646 39380
0.012655 39380
0.012665 39380
0.012674 39380
0.012683 39380
0.012693 39380
0.012702 39380
0.012712 39380
0.012721 39380
0.012731 39380
0.01274 39380
0.012749 39380
0.012759 39380
0.012768 39380
0.012778 39380
0.012787 39380
0.012797 39380
0.012806 39380
0.012815 39380
0.012825 39380
0.012834 39380
0.012844 39380
0.012853 39380
0.012863 39380
0.012872 39380
0.012881 39380
0.012891 39380
0.0129 39380
0.01291 39380
0.012919 39380
0.012928 39380
0.012938 39380
0.012947 39380
0.012957 39380
0.012966 39380
0.012976 39380
0.012985 39380
0.012994 39380
0.013004 39380
0.013013 39380
0.013023 39380
0.013032 39380
0.013042 39380
0.013051 39380
0.01306 39380
0.01307 39380
0.013079 39380
0.013089 39380
0.013098 39380
0.013107 39380
0.013117 39380
0.013126 39380
0.013136 39380
0.013145 39380
0.013155 39380
0.013164 39380
0.013173 39380
0.013183 39380
0.013192 39380
0.013202 39380
0.013211 39380
0.013221 39380
0.01323 39380
0.013239 39380
0.013249 39380
0.013258 39380
0.013268 39380
0.013277 39380
0.013287 39380
0.013296 39380
0.013305 39380
0.013315 39380
0.013324 39380
0.013334 39380
0.013343 39380
0.013352 39380
0.013362 39380
0.013371 39380
0.013381 39380
0.01339 39380
0.0134 39380
0.013409 39380
0.013418 39380
0.013428 39380
0.013437 39380
0.013447 39380
0.013456 39380
0.013466 39380
0.013475 39380
0.013484 39380
0.013494 39380
0.013503 39380
0.013513 39380
0.013522 39380
0.013532 39380
0.013541 39380
0.01355 39380
0.01356 39380
0.013569 39380
0.013579 39380
0.013588 39380
0.013598 39380
0.013607 39380
0.013616 39380
0.013626 39380
0.013635 39380
0.013645 39380
0.013654 39380
0.013663 39380
0.013673 39380
0.013682 39380
0.013692 39380
0.013701 39380
0.013711 39380
0.01372 39380
0.013729 39380
0.013739 39380
0.013748 39380
0.013758 39380
0.013767 39380
0.013777 39380
0.013786 39380
0.013795 39380
0.013805 39380
0.013814 39380
0.013824 39380
0.013833 39380
0.013843 39380
0.013852 39380
0.013861 39380
0.013871 39380
0.01388 39380
0.01389 39380
0.013899 39380
0.013908 39380
0.013918 39380
0.013927 39380
0.013937 39380
0.013946 39380
0.013956 39380
0.013965 39380
0.013974 39380
0.013984 39380
0.013993 39380
0.014003 39380
0.014012 39380
0.014022 39380
0.014031 39380
0.01404 39380
0.01405 39380
0.014059 39380
0.014069 39380
0.014078 39380
0.014088 39380
0.014097 39380
0.014106 39380
0.014116 39380
0.014125 39380
0.014135 39380
0.014144 39380
0.014153 39380
0.014163 39380
0.014172 39380
0.014182 39380
0.014191 39380
0.014201 39380
0.01421 39380
0.014219 39380
0.014229 39380
0.014238 39380
0.014248 39380
0.014257 39380
0.014267 39380
0.014276 39380
0.014285 39380
0.014295 39380
0.014304 39380
0.014314 39380
0.014323 39380
0.014333 39380
0.014342 39380
0.014351 39380
0.014361 39380
0.01437 39380
0.01438 39380
0.014389 39380
0.014398 39380
0.014408 39380
0.014417 39380
0.014427 39380
0.014436 39380
0.014446 39380
0.014455 39380
0.014464 39380
0.014474 39380
0.014483 39380
0.014493 39380
0.014502 39380
0.014512 39380
0.014521 39380
0.01453 39380
0.01454 39380
0.014549 39380
0.014559 39380
0.014568 39380
0.014578 39380
0.014587 39380
0.014596 39380
0.014606 39380
0.014615 39380
0.014625 39380
0.014634 39380
0.014643 39380
0.014653 39380
0.014662 39380
0.014672 39380
0.014681 39380
0.014691 39380
0.0147 39380
0.014709 39380
0.014719 39380
0.014728 39380
0.014738 39380
0.014747 39380
0.014757 39380
0.014766 39380
0.014775 39380
0.014785 39380
0.014794 39380
0.014804 39380
0.014813 39380
0.014823 39380
0.014832 39380
0.014841 39380
0.014851 39380
0.01486 39380
0.01487 39380
0.014879 39380
0.014888 39380
0.014898 39380
0.014907 39380
0.014917 39380
0.014926 39380
0.014936 39380
0.014945 39380
0.014954 39380
0.014964 39380
0.014973 39380
0.014983 39380
0.014992 39380
0.015002 39380
0.015011 39380
0.01502 39380
0.01503 39380
0.015039 39380
0.015049 39380
0.015058 39380
0.015068 39380
0.015077 39380
0.015086 39380
0.015096 39380
0.015105 39380
0.015115 39380
0.015124 39380
0.015133 39380
0.015143 39380
0.015152 39380
0.015162 39380
0.015171 39380
0.015181 39380
0.01519 39380
0.015199 39380
0.015209 39380
0.015218 39380
0.015228 39380
0.015237 39380
0.015247 39380
0.015256 39380
0.015265 39380
0.015275 39380
0.015284 39380
0.015294 39380
0.015303 39380
0.015312 39380
0.015322 39380
0.015331 39380
0.015341 39380
0.01535 39380
0.01536 39380
0.015369 39380
0.015378 39380
0.015388 39380
0.015397 39380
0.015407 39380
0.015416 39380
0.015426 39380
0.015435 39380
0.015444 39380
0.015454 39380
0.015463 39380
0.015473 39380
0.015482 39380
0.015492 39380
0.015501 39380
0.01551 39380
0.01552 39380
0.015529 39380
0.015539 39380
0.015548 39380
0.015558 39380
0.015567 39380
0.015576 39380
0.015586 39380
0.015595 39380
0.015605 39380
0.015614 39380
0.015623 39380
0.015633 39380
0.015642 39380
0.015652 39380
0.015661 39380
0.015671 39380
0.01568 39380
0.015689 39380
0.015699 39380
0.015708 39380
0.015718 39380
0.015727 39380
0.015737 39380
0.015746 39380
0.015755 39380
0.015765 39380
0.015774 39380
0.015784 39380
0.015793 39380
0.015803 39380
0.015812 39380
0.015821 39380
0.015831 39380
0.01584 39380
0.01585 39380
0.015859 39380
0.015868 39380
0.015878 39380
0.015887 39380
0.015897 39380
0.015906 39380
0.015916 39380
0.015925 39380
0.015934 39380
0.015944 39380
0.015953 39380
0.015963 39380
0.015972 39380
0.015982 39380
0.015991 39380
0.016 39380
0.01601 39380
0.016019 39380
0.016029 39380
0.016038 39380
0.016047 39380
0.016057 39380
0.016066 39380
0.016076 39380
0.016085 39380
0.016095 39380
0.016104 39380
0.016113 39380
0.016123 39380
0.016132 39380
0.016142 39380
0.016151 39380
0.016161 39380
0.01617 39380
0.016179 39380
0.016189 39380
0.016198 39380
0.016208 39380
0.016217 39380
0.016227 39380
0.016236 39380
0.016245 39380
0.016255 39380
0.016264 39380
0.016274 39380
0.016283 39380
0.016292 39380
0.016302 39380
0.016311 39380
0.016321 39380
0.01633 39380
0.01634 39380
0.016349 39380
0.016358 39380
0.016368 39380
0.016377 39380
0.016387 39380
0.016396 39380
0.016406 39380
0.016415 39380
0.016424 39380
0.016434 39380
0.016443 39380
0.016453 39380
0.016462 39380
0.016472 39380
0.016481 39380
0.01649 39380
0.0165 39380
0.016509 39380
0.016519 39380
0.016528 39380
0.016538 39380
0.016547 39380
0.016556 39380
0.016566 39380
0.016575 39380
0.016585 39380
0.016594 39380
0.016603 39380
0.016613 39380
0.016622 39380
0.016632 39380
0.016641 39380
0.016651 39380
0.01666 39380
0.016669 39380
0.016679 39380
0.016688 39380
0.016698 39380
0.016707 39380
0.016717 39380
0.016726 39380
0.016735 39380
0.016745 39380
0.016754 39380
0.016764 39380
0.016773 39380
0.016783 39380
0.016792 39380
0.016801 39380
0.016811 39380
0.01682 39380
0.01683 39380
0.016839 39380
0.016848 39380
0.016858 39380
0.016867 39380
0.016877 39380
0.016886 39380
0.016896 39380
0.016905 39380
0.016914 39380
0.016924 39380
0.016933 39380
0.016943 39380
0.016952 39380
0.016962 39380
0.016971 39380
0.01698 39380
0.01699 39380
0.016999 39380
0.017009 39380
0.017018 39380
0.017028 39380
0.017037 39380
0.017046 39380
0.017056 39380
0.017065 39380
0.017075 39380
0.017084 39380
0.017093 39380
0.017103 39380
0.017112 39380
0.017122 39380
0.017131 39380
0.017141 39380
0.01715 39380
0.017159 39380
0.017169 39380
0.017178 39380
0.017188 39380
0.017197 39380
0.017207 39380
0.017216 39380
0.017225 39380
0.017235 39380
0.017244 39380
0.017254 39380
0.017263 39380
0.017273 39380
0.017282 39380
0.017291 39380
0.017301 39380
0.01731 39380
0.01732 39380
0.017329 39380
0.017338 39380
0.017348 39380
0.017357 39380
0.017367 39380
0.017376 39380
0.017386 39380
0.017395 39380
0.017404 39380
0.017414 39380
0.017423 39380
0.017433 39380
0.017442 39380
0.017452 39380
0.017461 39380
0.01747 39380
0.01748 39380
0.017489 39380
0.017499 39380
0.017508 39380
0.017518 39380
0.017527 39380
0.017536 39380
0.017546 39380
0.017555 39380
0.017565 39380
0.017574 39380
0.017583 39380
0.017593 39380
0.017602 39380
0.017612 39380
0.017621 39380
0.017631 39380
0.01764 39380
0.017649 39380
0.017659 39380
0.017668 39380
0.017678 39380
0.017687 39380
0.017697 39380
0.017706 39380
0.017715 39380
0.017725 39380
0.017734 39380
0.017744 39380
0.017753 39380
0.017763 39380
0.017772 39380
0.017781 39380
0.017791 39380
0.0178 39380
0.01781 39380
0.017819 39380
0.017828 39380
0.017838 39380
0.017847 39380
0.017857 39380
0.017866 39380
0.017876 39380
0.017885 39380
0.017894 39380
0.017904 39380
0.017913 39380
0.017923 39380
0.017932 39380
0.017942 39380
0.017951 39380
0.01796 39380
0.01797 39380
0.017979 39380
0.017989 39380
0.017998 39380
0.018008 39380
0.018017 39380
0.018026 39380
0.018036 39380
0.018045 39380
0.018055 39380
0.018064 39380
0.018073 39380
0.018083 39380
0.018092 39380
0.018102 39380
0.018111 39380
0.018121 39380
0.01813 39380
0.018139 39380
0.018149 39380
0.018158 39380
0.018168 39380
0.018177 39380
0.018187 39380
0.018196 39380
0.018205 39380
0.018215 39380
0.018224 39380
0.018234 39380
0.018243 39380
0.018253 39380
0.018262 39380
0.018271 39380
0.018281 39380
0.01829 39380
0.0183 39380
0.018309 39380
0.018318 39380
0.018328 39380
0.018337 39380
0.018347 39380
0.018356 39380
0.018366 39380
0.018375 39380
0.018384 39380
0.018394 39380
0.018403 39380
0.018413 39380
0.018422 39380
0.018432 39380
0.018441 39380
0.01845 39380
0.01846 39380
0.018469 39380
0.018479 39380
0.018488 39380
0.018498 39380
0.018507 39380
0.018516 39380
0.018526 39380
0.018535 39380
0.018545 39380
0.018554 39380
0.018563 39380
0.018573 39380
0.018582 39380
0.018592 39380
0.018601 39380
0.018611 39380
0.01862 39380
0.018629 39380
0.018639 39380
0.018648 39380
0.018658 39380
0.018667 39380
0.018677 39380
0.018686 39380
0.018695 39380
0.018705 39380
0.018714 39380
0.018724 39380
0.018733 39380
0.018743 39380
0.018752 39380
0.018761 39380
0.018771 39380
0.01878 39380
0.01879 39380
0.018799 39380
0.018808 39380
0.018818 39380
0.018827 39380
0.018837 39380
0.018846 39380
0.018856 39380
0.018865 39380
0.018874 39380
0.018884 39380
0.018893 39380
0.018903 39380
0.018912 39380
0.018922 39380
0.018931 39380
0.01894 39380
0.01895 39380
0.018959 39380
0.018969 39380
0.018978 39380
0.018988 39380
0.018997 39380
0.019006 39380
0.019016 39380
0.019025 39380
0.019035 39380
0.019044 39380
0.019053 39380
0.019063 39380
0.019072 39380
0.019082 39380
0.019091 39380
0.019101 39380
0.01911 39380
0.019119 39380
0.019129 39380
0.019138 39380
0.019148 39380
0.019157 39380
0.019167 39380
0.019176 39380
0.019185 39380
0.019195 39380
0.019204 39380
0.019214 39380
0.019223 39380
0.019232 39380
0.019242 39380
0.019251 39380
0.019261 39380
0.01927 39380
0.01928 39380
0.019289 39380
0.019298 39380
0.019308 39380
0.019317 39380
0.019327 39380
0.019336 39380
0.019346 39380
0.019355 39380
0.019364 39380
0.019374 39380
0.019383 39380
0.019393 39380
0.019402 39380
0.019412 39380
0.019421 39380
0.01943 39380
0.01944 39380
0.019449 39380
0.019459 39380
0.019468 39380
0.019478 39380
0.019487 39380
0.019496 39380
0.019506 39380
0.019515 39380
0.019525 39380
0.019534 39380
0.019543 39380
0.019553 39380
0.019562 39380
0.019572 39380
0.019581 39380
0.019591 39380
0.0196 39380
0.019609 39380
0.019619 39380
0.019628 39380
0.019638 39380
0.019647 39380
0.019657 39380
0.019666 39380
0.019675 39380
0.019685 39380
0.019694 39380
0.019704 39380
0.019713 39380
0.019723 39380
0.019732 39380
0.019741 39380
0.019751 39380
0.01976 39380
0.01977 39380
0.019779 39380
0.019788 39380
0.019798 39380
0.019807 39380
0.019817 39380
0.019826 39380
0.019836 39380
0.019845 39380
0.019854 39380
0.019864 39380
0.019873 39380
0.019883 39380
0.019892 39380
0.019902 39380
0.019911 39380
0.01992 39380
0.01993 39380
0.019939 39380
0.019949 39380
0.019958 39380
0.019967 39380
0.019977 39380
0.019986 39380
0.019996 39380
0.020005 39380
0.020015 39380
0.020024 39380
0.020033 39380
0.020043 39380
0.020052 39380
0.020062 39380
0.020071 39380
0.020081 39380
0.02009 39380
0.020099 39380
0.020109 39380
0.020118 39380
0.020128 39380
0.020137 39380
0.020147 39380
0.020156 39380
0.020165 39380
0.020175 39380
0.020184 39380
0.020194 39380
0.020203 39380
0.020213 39380
0.020222 39380
0.020231 39380
0.020241 39380
0.02025 39380
0.02026 39380
0.020269 39380
0.020278 39380
0.020288 39380
0.020297 39380
0.020307 39380
0.020316 39380
0.020326 39380
0.020335 39380
0.020344 39380
0.020354 39380
0.020363 39380
0.020373 39380
0.020382 39380
0.020392 39380
0.020401 39380
0.02041 39380
0.02042 39380
0.020429 39380
0.020439 39380
0.020448 39380
0.020457 39380
0.020467 39380
0.020476 39380
0.020486 39380
0.020495 39380
0.020505 39380
0.020514 39380
0.020523 39380
0.020533 39380
0.020542 39380
0.020552 39380
0.020561 39380
0.020571 39380
0.02058 39380
0.020589 39380
0.020599 39380
0.020608 39380
0.020618 39380
0.020627 39380
0.020637 39380
0.020646 39380
0.020655 39380
0.020665 39380
0.020674 39380
0.020684 39380
0.020693 39380
0.020703 39380
0.020712 39380
0.020721 39380
0.020731 39380
0.02074 39380
0.02075 39380
0.020759 39380
0.020768 39380
0.020778 39380
0.020787 39380
0.020797 39380
0.020806 39380
0.020816 39380
0.020825 39380
0.020834 39380
0.020844 39380
0.020853 39380
0.020863 39380
0.020872 39380
0.020882 39380
0.020891 39380
0.0209 39380
0.02091 39380
0.020919 39380
0.020929 39380
0.020938 39380
0.020948 39380
0.020957 39380
0.020966 39380
0.020976 39380
0.020985 39380
0.020995 39380
0.021004 39380
0.021013 39380
0.021023 39380
0.021032 39380
0.021042 39380
0.021051 39380
0.021061 39380
0.02107 39380
0.021079 39380
0.021089 39380
0.021098 39380
0.021108 39380
0.021117 39380
0.021127 39380
0.021136 39380
0.021145 39380
0.021155 39380
0.021164 39380
0.021174 39380
0.021183 39380
0.021193 39380
0.021202 39380
0.021211 39380
0.021221 39380
0.02123 39380
0.02124 39380
0.021249 39380
0.021258 39380
0.021268 39380
0.021277 39380
0.021287 39380
0.021296 39380
0.021306 39380
0.021315 39380
0.021324 39380
0.021334 39380
0.021343 39380
0.021353 39380
0.021362 39380
0.021372 39380
0.021381 39380
0.02139 39380
0.0214 39380
0.021409 39380
0.021419 39380
0.021428 39380
0.021438 39380
0.021447 39380
0.021456 39380
0.021466 39380
0.021475 39380
0.021485 39380
0.021494 39380
0.021503 39380
0.021513 39380
0.021522 39380
0.021532 39380
0.021541 39380
0.021551 39380
0.02156 39380
0.021569 39380
0.021579 39380
0.021588 39380
0.021598 39380
0.021607 39380
0.021617 39380
0.021626 39380
0.021635 39380
0.021645 39380
0.021654 39380
0.021664 39380
0.021673 39380
0.021683 39380
0.021692 39380
0.021701 39380
0.021711 39380
0.02172 39380
0.02173 39380
0.021739 39380
0.021748 39380
0.021758 39380
0.021767 39380
0.021777 39380
0.021786 39380
0.021796 39380
0.021805 39380
0.021814 39380
0.021824 39380
0.021833 39380
0.021843 39380
0.021852 39380
0.021862 39380
0.021871 39380
0.02188 39380
0.02189 39380
0.021899 39380
0.021909 39380
0.021918 39380
0.021928 39380
0.021937 39380
0.021946 39380
0.021956 39380
0.021965 39380
0.021975 39380
0.021984 39380
0.021993 39380
0.022003 39380
0.022012 39380
0.022022 39380
0.022031 39380
0.022041 39380
0.02205 39380
0.022059 39380
0.022069 39380
0.022078 39380
0.022088 39380
0.022097 39380
0.022107 39380
0.022116 39380
0.022125 39380
0.022135 39380
0.022144 39380
0.022154 39380
0.022163 39380
0.022173 39380
0.022182 39380
0.022191 39380
0.022201 39380
0.02221 39380
0.02222 39380
0.022229 39380
0.022238 39380
0.022248 39380
0.022257 39380
0.022267 39380
0.022276 39380
0.022286 39380
0.022295 39380
0.022304 39380
0.022314 39380
0.022323 39380
0.022333 39380
0.022342 39380
0.022352 39380
0.022361 39380
0.02237 39380
0.02238 39380
0.022389 39380
0.022399 39380
0.022408 39380
0.022417 39380
0.022427 39380
0.022436 39380
0.022446 39380
0.022455 39380
0.022465 39380
0.022474 39380
0.022483 39380
0.022493 39380
0.022502 39380
0.022512 39380
0.022521 39380
0.022531 39380
0.02254 39380
0.022549 39380
0.022559 39380
0.022568 39380
0.022578 39380
0.022587 39380
0.022597 39380
0.022606 39380
0.022615 39380
0.022625 39380
0.022634 39380
0.022644 39380
0.022653 39380
0.022663 39380
0.022672 39380
0.022681 39380
0.022691 39380
0.0227 39380
0.02271 39380
0.022719 39380
0.022728 39380
0.022738 39380
0.022747 39380
0.022757 39380
0.022766 39380
0.022776 39380
0.022785 39380
0.022794 39380
0.022804 39380
0.022813 39380
0.022823 39380
0.022832 39380
0.022842 39380
0.022851 39380
0.02286 39380
0.02287 39380
0.022879 39380
0.022889 39380
0.022898 39380
0.022908 39380
0.022917 39380
0.022926 39380
0.022936 39380
0.022945 39380
0.022955 39380
0.022964 39380
0.022973 39380
0.022983 39380
0.022992 39380
0.023002 39380
0.023011 39380
0.023021 39380
0.02303 39380
0.023039 39380
0.023049 39380
0.023058 39380
0.023068 39380
0.023077 39380
0.023087 39380
0.023096 39380
0.023105 39380
0.023115 39380
0.023124 39380
0.023134 39380
0.023143 39380
0.023152 39380
0.023162 39380
0.023171 39380
0.023181 39380
0.02319 39380
0.0232 39380
0.023209 39380
0.023218 39380
0.023228 39380
0.023237 39380
0.023247 39380
0.023256 39380
0.023266 39380
0.023275 39380
0.023284 39380
0.023294 39380
0.023303 39380
0.023313 39380
0.023322 39380
0.023332 39380
0.023341 39380
0.02335 39380
0.02336 39380
0.023369 39380
0.023379 39380
0.023388 39380
0.023398 39380
0.023407 39380
0.023416 39380
0.023426 39380
0.023435 39380
0.023445 39380
0.023454 39380
0.023463 39380
0.023473 39380
0.023482 39380
0.023492 39380
0.023501 39380
0.023511 39380
0.02352 39380
0.023529 39380
0.023539 39380
0.023548 39380
0.023558 39380
0.023567 39380
0.023577 39380
0.023586 39380
0.023595 39380
0.023605 39380
0.023614 39380
0.023624 39380
0.023633 39380
0.023643 39380
0.023652 39380
0.023661 39380
0.023671 39380
0.02368 39380
0.02369 39380
0.023699 39380
0.023708 39380
0.023718 39380
0.023727 39380
0.023737 39380
0.023746 39380
0.023756 39380
0.023765 39380
0.023774 39380
0.023784 39380
0.023793 39380
0.023803 39380
0.023812 39380
0.023822 39380
0.023831 39380
0.02384 39380
0.02385 39380
0.023859 39380
0.023869 39380
0.023878 39380
0.023887 39380
0.023897 39380
0.023906 39380
0.023916 39380
0.023925 39380
0.023935 39380
0.023944 39380
0.023953 39380
0.023963 39380
0.023972 39380
0.023982 39380
0.023991 39380
0.024001 39380
0.02401 39380
0.024019 39380
0.024029 39380
0.024038 39380
0.024048 39380
0.024057 39380
0.024067 39380
0.024076 39380
0.024085 39380
0.024095 39380
0.024104 39380
0.024114 39380
0.024123 39380
0.024133 39380
0.024142 39380
0.024151 39380
0.024161 39380
0.02417 39380
0.02418 39380
0.024189 39380
0.024198 39380
0.024208 39380
0.024217 39380
0.024227 39380
0.024236 39380
0.024246 39380
0.024255 39380
0.024264 39380
0.024274 39380
0.024283 39380
0.024293 39380
0.024302 39380
0.024312 39380
0.024321 39380
0.02433 39380
0.02434 39380
0.024349 39380
0.024359 39380
0.024368 39380
0.024377 39380
0.024387 39380
0.024396 39380
0.024406 39380
0.024415 39380
0.024425 39380
0.024434 39380
0.024443 39380
0.024453 39380
0.024462 39380
0.024472 39380
0.024481 39380
0.024491 39380
0.0245 39380
0.024509 39380
0.024519 39380
0.024528 39380
0.024538 39380
0.024547 39380
0.024557 39380
0.024566 39380
0.024575 39380
0.024585 39380
0.024594 39380
0.024604 39380
0.024613 39380
0.024622 39380
0.024632 39380
0.024641 39380
0.024651 39380
0.02466 39380
0.02467 39380
0.024679 39380
0.024688 39380
0.024698 39380
0.024707 39380
0.024717 39380
0.024726 39380
0.024736 39380
0.024745 39380
0.024754 39380
0.024764 39380
0.024773 39380
0.024783 39380
0.024792 39380
0.024802 39380
0.024811 39380
0.02482 39380
0.02483 39380
0.024839 39380
0.024849 39380
0.024858 39380
0.024868 39380
0.024877 39380
0.024886 39380
0.024896 39380
0.024905 39380
0.024915 39380
0.024924 39380
0.024933 39380
0.024943 39380
0.024952 39380
0.024962 39380
0.024971 39380
0.024981 39380
0.02499 39380
0.024999 39380
0.025009 39380
0.025018 39380
0.025028 39380
0.025037 39380
0.025047 39380
0.025056 39380
0.025065 39380
0.025075 39380
0.025084 39380
0.025094 39380
0.025103 39380
0.025113 39380
0.025122 39380
0.025131 39380
0.025141 39380
0.02515 39380
0.02516 39380
0.025169 39380
0.025178 39380
0.025188 39380
0.025197 39380
0.025207 39380
0.025216 39380
0.025226 39380
0.025235 39380
0.025244 39380
0.025254 39380
0.025263 39380
0.025273 39380
0.025282 39380
0.025292 39380
0.025301 39380
0.02531 39380
0.02532 39380
0.025329 39380
0.025339 39380
0.025348 39380
0.025358 39380
0.025367 39380
0.025376 39380
0.025386 39380
0.025395 39380
0.025405 39380
0.025414 39380
0.025423 39380
0.025433 39380
0.025442 39380
0.025452 39380
0.025461 39380
0.025471 39380
0.02548 39380
0.025489 39380
0.025499 39380
0.025508 39380
0.025518 39380
0.025527 39380
0.025537 39380
0.025546 39380
0.025555 39380
0.025565 39380
0.025574 39380
0.025584 39380
0.025593 39380
0.025603 39380
0.025612 39380
0.025621 39380
0.025631 39380
0.02564 39380
0.02565 39380
0.025659 39380
0.025668 39380
0.025678 39380
0.025687 39380
0.025697 39380
0.025706 39380
0.025716 39380
0.025725 39380
0.025734 39380
0.025744 39380
0.025753 39380
0.025763 39380
0.025772 39380
0.025782 39380
0.025791 39380
0.0258 39380
0.02581 39380
0.025819 39380
0.025829 39380
0.025838 39380
0.025848 39380
0.025857 39380
0.025866 39380
0.025876 39380
0.025885 39380
0.025895 39380
0.025904 39380
0.025913 39380
0.025923 39380
0.025932 39380
0.025942 39380
0.025951 39380
0.025961 39380
0.02597 39380
0.025979 39380
0.025989 39380
0.025998 39380
0.026008 39380
0.026017 39380
0.026027 39380
0.026036 39380
0.026045 39380
0.026055 39380
0.026064 39380
0.026074 39380
0.026083 39380
0.026093 39380
0.026102 39380
0.026111 39380
0.026121 39380
0.02613 39380
0.02614 39380
0.026149 39380
0.026158 39380
0.026168 39380
0.026177 39380
0.026187 39380
0.026196 39380
0.026206 39380
0.026215 39380
0.026224 39380
0.026234 39380
0.026243 39380
0.026253 39380
0.026262 39380
0.026272 39380
0.026281 39380
0.02629 39380
0.0263 39380
0.026309 39380
0.026319 39380
0.026328 39380
0.026338 39380
0.026347 39380
0.026356 39380
0.026366 39380
0.026375 39380
0.026385 39380
0.026394 39380
0.026403 39380
0.026413 39380
0.026422 39380
0.026432 39380
0.026441 39380
0.026451 39380
0.02646 39380
0.026469 39380
0.026479 39380
0.026488 39380
0.026498 39380
0.026507 39380
0.026517 39380
0.026526 39380
0.026535 39380
0.026545 39380
0.026554 39380
0.026564 39380
0.026573 39380
0.026583 39380
0.026592 39380
0.026601 39380
0.026611 39380
0.02662 39380
0.02663 39380
0.026639 39380
0.026648 39380
0.026658 39380
0.026667 39380
0.026677 39380
0.026686 39380
0.026696 39380
0.026705 39380
0.026714 39380
0.026724 39380
0.026733 39380
0.026743 39380
0.026752 39380
0.026762 39380
0.026771 39380
0.02678 39380
0.02679 39380
0.026799 39380
0.026809 39380
0.026818 39380
0.026828 39380
0.026837 39380
0.026846 39380
0.026856 39380
0.026865 39380
0.026875 39380
0.026884 39380
0.026893 39380
0.026903 39380
0.026912 39380
0.026922 39380
0.026931 39380
0.026941 39380
0.02695 39380
0.026959 39380
0.026969 39380
0.026978 39380
0.026988 39380
0.026997 39380
0.027007 39380
0.027016 39380
0.027025 39380
0.027035 39380
0.027044 39380
0.027054 39380
0.027063 39380
0.027073 39380
0.027082 39380
0.027091 39380
0.027101 39380
0.02711 39380
0.02712 39380
0.027129 39380
0.027138 39380
0.027148 39380
0.027157 39380
0.027167 39380
0.027176 39380
0.027186 39380
0.027195 39380
0.027204 39380
0.027214 39380
0.027223 39380
0.027233 39380
0.027242 39380
0.027252 39380
0.027261 39380
0.02727 39380
0.02728 39380
0.027289 39380
0.027299 39380
0.027308 39380
0.027318 39380
0.027327 39380
0.027336 39380
0.027346 39380
0.027355 39380
0.027365 39380
0.027374 39380
0.027383 39380
0.027393 39380
0.027402 39380
0.027412 39380
0.027421 39380
0.027431 39380
0.02744 39380
0.027449 39380
0.027459 39380
0.027468 39380
0.027478 39380
0.027487 39380
0.027497 39380
0.027506 39380
0.027515 39380
0.027525 39380
0.027534 39380
0.027544 39380
0.027553 39380
0.027563 39380
0.027572 39380
0.027581 39380
0.027591 39380
0.0276 39380
0.02761 39380
0.027619 39380
0.027628 39380
0.027638 39380
0.027647 39380
0.027657 39380
0.027666 39380
0.027676 39380
0.027685 39380
0.027694 39380
0.027704 39380
0.027713 39380
0.027723 39380
0.027732 39380
0.027742 39380
0.027751 39380
0.02776 39380
0.02777 39380
0.027779 39380
0.027789 39380
0.027798 39380
0.027808 39380
0.027817 39380
0.027826 39380
0.027836 39380
0.027845 39380
0.027855 39380
0.027864 39380
0.027873 39380
0.027883 39380
0.027892 39380
0.027902 39380
0.027911 39380
0.027921 39380
0.02793 39380
0.027939 39380
0.027949 39380
0.027958 39380
0.027968 39380
0.027977 39380
0.027987 39380
0.027996 39380
0.028005 39380
0.028015 39380
0.028024 39380
0.028034 39380
0.028043 39380
0.028053 39380
0.028062 39380
0.028071 39380
0.028081 39380
0.02809 39380
0.0281 39380
0.028109 39380
0.028118 39380
0.028128 39380
0.028137 39380
0.028147 39380
0.028156 39380
0.028166 39380
0.028175 39380
0.028184 39380
0.028194 39380
0.028203 39380
0.028213 39380
0.028222 39380
0.028232 39380
0.028241 39380
0.02825 39380
0.02826 39380
0.028269 39380
0.028279 39380
0.028288 39380
0.028297 39380
0.028307 39380
0.028316 39380
0.028326 39380
0.028335 39380
0.028345 39380
0.028354 39380
0.028363 39380
0.028373 39380
0.028382 39380
0.028392 39380
0.028401 39380
0.028411 39380
0.02842 39380
0.028429 39380
0.028439 39380
0.028448 39380
0.028458 39380
0.028467 39380
0.028477 39380
0.028486 39380
0.028495 39380
0.028505 39380
0.028514 39380
0.028524 39380
0.028533 39380
0.028543 39380
0.028552 39380
0.028561 39380
0.028571 39380
0.02858 39380
0.02859 39380
0.028599 39380
0.028608 39380
0.028618 39380
0.028627 39380
0.028637 39380
0.028646 39380
0.028656 39380
0.028665 39380
0.028674 39380
0.028684 39380
0.028693 39380
0.028703 39380
0.028712 39380
0.028722 39380
0.028731 39380
0.02874 39380
0.02875 39380
0.028759 39380
0.028769 39380
0.028778 39380
0.028788 39380
0.028797 39380
0.028806 39380
0.028816 39380
0.028825 39380
0.028835 39380
0.028844 39380
0.028853 39380
0.028863 39380
0.028872 39380
0.028882 39380
0.028891 39380
0.028901 39380
0.02891 39380
0.028919 39380
0.028929 39380
0.028938 39380
0.028948 39380
0.028957 39380
0.028967 39380
0.028976 39380
0.028985 39380
0.028995 39380
0.029004 39380
0.029014 39380
0.029023 39380
0.029033 39380
0.029042 39380
0.029051 39380
0.029061 39380
0.02907 39380
0.02908 39380
0.029089 39380
0.029098 39380
0.029108 39380
0.029117 39380
0.029127 39380
0.029136 39380
0.029146 39380
0.029155 39380
0.029164 39380
0.029174 39380
0.029183 39380
0.029193 39380
0.029202 39380
0.029212 39380
0.029221 39380
0.02923 39380
0.02924 39380
0.029249 39380
0.029259 39380
0.029268 39380
0.029278 39380
0.029287 39380
0.029296 39380
0.029306 39380
0.029315 39380
0.029325 39380
0.029334 39380
0.029343 39380
0.029353 39380
0.029362 39380
0.029372 39380
0.029381 39380
0.029391 39380
0.0294 39380
0.029409 39380
0.029419 39380
0.029428 39380
0.029438 39380
0.029447 39380
0.029457 39380
0.029466 39380
0.029475 39380
0.029485 39380
0.029494 39380
0.029504 39380
0.029513 39380
0.029523 39380
0.029532 39380
0.029541 39380
0.029551 39380
0.02956 39380
0.02957 39380
0.029579 39380
0.029588 39380
0.029598 39380
0.029607 39380
0.029617 39380
0.029626 39380
0.029636 39380
0.029645 39380
0.029654 39380
0.029664 39380
0.029673 39380
0.029683 39380
0.029692 39380
0.029702 39380
0.029711 39380
0.02972 39380
0.02973 39380
0.029739 39380
0.029749 39380
0.029758 39380
0.029767 39380
0.029777 39380
0.029786 39380
0.029796 39380
0.029805 39380
0.029815 39380
0.029824 39380
0.029833 39380
0.029843 39380
0.029852 39380
0.029862 39380
0.029871 39380
0.029881 39380
0.02989 39380
0.029899 39380
0.029909 39380
0.029918 39380
0.029928 39380
0.029937 39380
0.029947 39380
0.029956 39380
0.029965 39380
0.029975 39380
0.029984 39380
0.029994 39380
0.030003 39380
0.030013 39380
0.030022 39380
0.030031 39380
0.030041 39380
0.03005 39380
0.03006 39380
0.030069 39380
0.030078 39380
0.030088 39380
0.030097 39380
0.030107 39380
0.030116 39380
0.030126 39380
0.030135 39380
0.030144 39380
0.030154 39380
0.030163 39380
0.030173 39380
0.030182 39380
0.030192 39380
0.030201 39380
0.03021 39380
0.03022 39380
0.030229 39380
0.030239 39380
0.030248 39380
0.030257 39380
0.030267 39380
0.030276 39380
0.030286 39380
0.030295 39380
0.030305 39380
0.030314 39380
0.030323 39380
0.030333 39380
0.030342 39380
0.030352 39380
0.030361 39380
0.030371 39380
0.03038 39380
0.030389 39380
0.030399 39380
0.030408 39380
0.030418 39380
0.030427 39380
0.030437 39380
0.030446 39380
0.030455 39380
0.030465 39380
0.030474 39380
0.030484 39380
0.030493 39380
0.030503 39380
0.030512 39380
0.030521 39380
0.030531 39380
0.03054 39380
0.03055 39380
0.030559 39380
0.030568 39380
0.030578 39380
0.030587 39380
0.030597 39380
0.030606 39380
0.030616 39380
0.030625 39380
0.030634 39380
0.030644 39380
0.030653 39380
0.030663 39380
0.030672 39380
0.030682 39380
0.030691 39380
0.0307 39380
0.03071 39380
0.030719 39380
0.030729 39380
0.030738 39380
0.030747 39380
0.030757 39380
0.030766 39380
0.030776 39380
0.030785 39380
0.030795 39380
0.030804 39380
0.030813 39380
0.030823 39380
0.030832 39380
0.030842 39380
0.030851 39380
0.030861 39380
0.03087 39380
0.030879 39380
0.030889 39380
0.030898 39380
0.030908 39380
0.030917 39380
0.030927 39380
0.030936 39380
0.030945 39380
0.030955 39380
0.030964 39380
0.030974 39380
0.030983 39380
0.030993 39380
0.031002 39380
0.031011 39380
0.031021 39380
0.03103 39380
0.03104 39380
0.031049 39380
0.031058 39380
0.031068 39380
0.031077 39380
0.031087 39380
0.031096 39380
0.031106 39380
0.031115 39380
0.031124 39380
0.031134 39380
0.031143 39380
0.031153 39380
0.031162 39380
0.031172 39380
0.031181 39380
0.03119 39380
0.0312 39380
0.031209 39380
0.031219 39380
0.031228 39380
0.031238 39380
0.031247 39380
0.031256 39380
0.031266 39380
0.031275 39380
0.031285 39380
0.031294 39380
0.031303 39380
0.031313 39380
0.031322 39380
0.031332 39380
0.031341 39380
0.031351 39380
0.03136 39380
0.031369 39380
0.031379 39380
0.031388 39380
0.031398 39380
0.031407 39380
0.031417 39380
0.031426 39380
0.031435 39380
0.031445 39380
0.031454 39380
0.031464 39380
0.031473 39380
0.031483 39380
0.031492 39380
0.031501 39380
0.031511 39380
0.03152 39380
0.03153 39380
0.031539 39380
0.031548 39380
0.031558 39380
0.031567 39380
0.031577 39380
0.031586 39380
0.031596 39380
0.031605 39380
0.031614 39380
0.031624 39380
0.031633 39380
0.031643 39380
0.031652 39380
0.031662 39380
0.031671 39380
0.03168 39380
0.03169 39380
0.031699 39380
0.031709 39380
0.031718 39380
0.031728 39380
0.031737 39380
0.031746 39380
0.031756 39380
0.031765 39380
0.031775 39380
0.031784 39380
0.031793 39380
0.031803 39380
0.031812 39380
0.031822 39380
0.031831 39380
0.031841 39380
0.03185 39380
0.031859 39380
0.031869 39380
0.031878 39380
0.031888 39380
0.031897 39380
0.031907 39380
0.031916 39380
0.031925 39380
0.031935 39380
0.031944 39380
0.031954 39380
0.031963 39380
0.031973 39380
0.031982 39380
0.031991 39380
0.032001 39380
0.03201 39380
0.03202 39380
0.032029 39380
0.032038 39380
0.032048 39380
0.032057 39380
0.032067 39380
0.032076 39380
0.032086 39380
0.032095 39380
0.032104 39380
0.032114 39380
0.032123 39380
0.032133 39380
0.032142 39380
0.032152 39380
0.032161 39380
0.03217 39380
0.03218 39380
0.032189 39380
0.032199 39380
0.032208 39380
0.032218 39380
0.032227 39380
0.032236 39380
0.032246 39380
0.032255 39380
0.032265 39380
0.032274 39380
0.032283 39380
0.032293 39380
0.032302 39380
0.032312 39380
0.032321 39380
0.032331 39380
0.03234 39380
0.032349 39380
0.032359 39380
0.032368 39380
0.032378 39380
0.032387 39380
0.032397 39380
0.032406 39380
0.032415 39380
0.032425 39380
0.032434 39380
0.032444 39380
0.032453 39380
0.032462 39380
0.032472 39380
0.032481 39380
0.032491 39380
0.0325 39380
0.03251 39380
0.032519 39380
0.032528 39380
0.032538 39380
0.032547 39380
0.032557 39380
0.032566 39380
0.032576 39380
0.032585 39380
0.032594 39380
0.032604 39380
0.032613 39380
0.032623 39380
0.032632 39380
0.032642 39380
0.032651 39380
0.03266 39380
0.03267 39380
0.032679 39380
0.032689 39380
0.032698 39380
0.032708 39380
0.032717 39380
0.032726 39380
0.032736 39380
0.032745 39380
0.032755 39380
0.032764 39380
0.032773 39380
0.032783 39380
0.032792 39380
0.032802 39380
0.032811 39380
0.032821 39380
0.03283 39380
0.032839 39380
0.032849 39380
0.032858 39380
0.032868 39380
0.032877 39380
0.032887 39380
0.032896 39380
0.032905 39380
0.032915 39380
0.032924 39380
0.032934 39380
0.032943 39380
0.032953 39380
0.032962 39380
0.032971 39380
0.032981 39380
1 39380
