9.4231e-06 9.176e+05
1.8846e-05 9.176e+05
2.8269e-05 9.176e+05
3.7692e-05 9.176e+05
4.7115e-05 9.176e+05
5.6538e-05 9.176e+05
6.5962e-05 9.176e+05
7.5385e-05 9.176e+05
8.4808e-05 9.176e+05
9.4231e-05 9.1759e+05
0.00010365 9.1759e+05
0.00011308 9.1758e+05
0.0001225 9.1757e+05
0.00013192 9.1756e+05
0.00014135 9.1754e+05
0.00015077 9.1751e+05
0.00016019 9.1746e+05
0.00016962 9.174e+05
0.00017904 9.1731e+05
0.00018846 9.1718e+05
0.00019788 9.17e+05
0.00020731 9.1676e+05
0.00021673 9.1642e+05
0.00022615 9.1597e+05
0.00023558 9.1537e+05
0.000245 9.1458e+05
0.00025442 9.1353e+05
0.00026385 9.1218e+05
0.00027327 9.1044e+05
0.00028269 9.0824e+05
0.00029212 9.0547e+05
0.00030154 9.0201e+05
0.00031096 8.9776e+05
0.00032038 8.9256e+05
0.00032981 8.8629e+05
0.00033923 8.7879e+05
0.00034865 8.6991e+05
0.00035808 8.5951e+05
0.0003675 8.4744e+05
0.00037692 8.3359e+05
0.00038635 8.1785e+05
0.00039577 8.0015e+05
0.00040519 7.8044e+05
0.00041462 7.5872e+05
0.00042404 7.3504e+05
0.00043346 7.0947e+05
0.00044288 6.8217e+05
0.00045231 6.5331e+05
0.00046173 6.2312e+05
0.00047115 5.9189e+05
0.00048058 5.5991e+05
0.00049 5.2753e+05
0.00049942 4.951e+05
0.00050885 4.6299e+05
0.00051827 4.3157e+05
0.00052769 4.0116e+05
0.00053712 3.7212e+05
0.00054654 3.4473e+05
0.00055596 3.1924e+05
0.00056538 2.9588e+05
0.00057481 2.748e+05
0.00058423 2.5612e+05
0.00059365 2.399e+05
0.00060308 2.2616e+05
0.0006125 2.1488e+05
0.00062192 2.0599e+05
0.00063135 1.994e+05
0.00064077 1.9498e+05
0.00065019 1.9259e+05
0.00065962 1.9208e+05
0.00066904 1.9329e+05
0.00067846 1.9605e+05
0.00068788 2.002e+05
0.00069731 2.0559e+05
0.00070673 2.1206e+05
0.00071615 2.1948e+05
0.00072558 2.2773e+05
0.000735 2.367e+05
0.00074442 2.4629e+05
0.00075385 2.564e+05
0.00076327 2.6697e+05
0.00077269 2.7792e+05
0.00078212 2.892e+05
0.00079154 3.0076e+05
0.00080096 3.1255e+05
0.00081038 3.2453e+05
0.00081981 3.3668e+05
0.00082923 3.4896e+05
0.00083865 3.6135e+05
0.00084808 3.7382e+05
0.0008575 3.8635e+05
0.00086692 3.9892e+05
0.00087635 4.1152e+05
0.00088577 4.2411e+05
0.00089519 4.367e+05
0.00090462 4.4925e+05
0.00091404 4.6177e+05
0.00092346 4.7422e+05
0.00093288 4.866e+05
0.00094231 4.989e+05
0.00095173 5.111e+05
0.00096115 5.2318e+05
0.00097058 5.3515e+05
0.00098 5.4698e+05
0.00098942 5.5867e+05
0.00099885 5.702e+05
0.0010083 5.8158e+05
0.0010177 5.9278e+05
0.0010271 6.038e+05
0.0010365 6.1464e+05
0.001046 6.2529e+05
0.0010554 6.3573e+05
0.0010648 6.4597e+05
0.0010742 6.5601e+05
0.0010837 6.6582e+05
0.0010931 6.7542e+05
0.0011025 6.848e+05
0.0011119 6.9395e+05
0.0011213 7.0288e+05
0.0011308 7.1158e+05
0.0011402 7.2004e+05
0.0011496 7.2828e+05
0.001159 7.3629e+05
0.0011685 7.4406e+05
0.0011779 7.5161e+05
0.0011873 7.5893e+05
0.0011967 7.6601e+05
0.0012062 7.7287e+05
0.0012156 7.7951e+05
0.001225 7.8592e+05
0.0012344 7.9212e+05
0.0012438 7.9809e+05
0.0012533 8.0385e+05
0.0012627 8.0941e+05
0.0012721 8.1475e+05
0.0012815 8.1989e+05
0.001291 8.2483e+05
0.0013004 8.2958e+05
0.0013098 8.3413e+05
0.0013192 8.385e+05
0.0013287 8.4269e+05
0.0013381 8.467e+05
0.0013475 8.5053e+05
0.0013569 8.542e+05
0.0013663 8.5771e+05
0.0013758 8.6105e+05
0.0013852 8.6424e+05
0.0013946 8.6729e+05
0.001404 8.7018e+05
0.0014135 8.7294e+05
0.0014229 8.7557e+05
0.0014323 8.7806e+05
0.0014417 8.8043e+05
0.0014512 8.8268e+05
0.0014606 8.8482e+05
0.00147 8.8684e+05
0.0014794 8.8876e+05
0.0014888 8.9057e+05
0.0014983 8.9228e+05
0.0015077 8.9391e+05
0.0015171 8.9544e+05
0.0015265 8.9688e+05
0.001536 8.9824e+05
0.0015454 8.9953e+05
0.0015548 9.0074e+05
0.0015642 9.0188e+05
0.0015737 9.0295e+05
0.0015831 9.0395e+05
0.0015925 9.049e+05
0.0016019 9.0578e+05
0.0016113 9.0662e+05
0.0016208 9.074e+05
0.0016302 9.0813e+05
0.0016396 9.0881e+05
0.001649 9.0945e+05
0.0016585 9.1004e+05
0.0016679 9.106e+05
0.0016773 9.1112e+05
0.0016867 9.1161e+05
0.0016962 9.1206e+05
0.0017056 9.1248e+05
0.001715 9.1288e+05
0.0017244 9.1324e+05
0.0017338 9.1358e+05
0.0017433 9.139e+05
0.0017527 9.1419e+05
0.0017621 9.1446e+05
0.0017715 9.1471e+05
0.001781 9.1494e+05
0.0017904 9.1516e+05
0.0017998 9.1536e+05
0.0018092 9.1554e+05
0.0018187 9.1572e+05
0.0018281 9.1587e+05
0.0018375 9.1602e+05
0.0018469 9.1615e+05
0.0018563 9.1628e+05
0.0018658 9.1639e+05
0.0018752 9.1649e+05
0.0018846 9.1659e+05
0.001894 9.1668e+05
0.0019035 9.1676e+05
0.0019129 9.1683e+05
0.0019223 9.169e+05
0.0019317 9.1697e+05
0.0019412 9.1702e+05
0.0019506 9.1707e+05
0.00196 9.1712e+05
0.0019694 9.1717e+05
0.0019788 9.1721e+05
0.0019883 9.1724e+05
0.0019977 9.1728e+05
0.0020071 9.1731e+05
0.0020165 9.1734e+05
0.002026 9.1736e+05
0.0020354 9.1738e+05
0.0020448 9.174e+05
0.0020542 9.1742e+05
0.0020637 9.1744e+05
0.0020731 9.1746e+05
0.0020825 9.1747e+05
0.0020919 9.1748e+05
0.0021013 9.1749e+05
0.0021108 9.1751e+05
0.0021202 9.1752e+05
0.0021296 9.1752e+05
0.002139 9.1753e+05
0.0021485 9.1754e+05
0.0021579 9.1754e+05
0.0021673 9.1755e+05
0.0021767 9.1756e+05
0.0021862 9.1756e+05
0.0021956 9.1756e+05
0.002205 9.1757e+05
0.0022144 9.1757e+05
0.0022238 9.1757e+05
0.0022333 9.1758e+05
0.0022427 9.1758e+05
0.0022521 9.1758e+05
0.0022615 9.1758e+05
0.002271 9.1759e+05
0.0022804 9.1759e+05
0.0022898 9.1759e+05
0.0022992 9.1759e+05
0.0023087 9.1759e+05
0.0023181 9.1759e+05
0.0023275 9.1759e+05
0.0023369 9.1759e+05
0.0023463 9.1759e+05
0.0023558 9.176e+05
0.0023652 9.176e+05
0.0023746 9.176e+05
0.002384 9.176e+05
0.0023935 9.176e+05
0.0024029 9.176e+05
0.0024123 9.176e+05
0.0024217 9.176e+05
0.0024312 9.176e+05
0.0024406 9.176e+05
0.00245 9.176e+05
0.0024594 9.176e+05
0.0024688 9.176e+05
0.0024783 9.176e+05
0.0024877 9.176e+05
0.0024971 9.176e+05
0.0025065 9.176e+05
0.002516 9.176e+05
0.0025254 9.176e+05
0.0025348 9.176e+05
0.0025442 9.176e+05
0.0025537 9.176e+05
0.0025631 9.176e+05
0.0025725 9.176e+05
0.0025819 9.176e+05
0.0025913 9.176e+05
0.0026008 9.176e+05
0.0026102 9.176e+05
0.0026196 9.176e+05
0.002629 9.176e+05
0.0026385 9.176e+05
0.0026479 9.176e+05
0.0026573 9.176e+05
0.0026667 9.176e+05
0.0026762 9.176e+05
0.0026856 9.176e+05
0.002695 9.176e+05
0.0027044 9.176e+05
0.0027138 9.176e+05
0.0027233 9.176e+05
0.0027327 9.176e+05
0.0027421 9.176e+05
0.0027515 9.176e+05
0.002761 9.176e+05
0.0027704 9.176e+05
0.0027798 9.176e+05
0.0027892 9.176e+05
0.0027987 9.176e+05
0.0028081 9.176e+05
0.0028175 9.176e+05
0.0028269 9.176e+05
0.0028363 9.176e+05
0.0028458 9.176e+05
0.0028552 9.176e+05
0.0028646 9.176e+05
0.002874 9.176e+05
0.0028835 9.176e+05
0.0028929 9.176e+05
0.0029023 9.176e+05
0.0029117 9.176e+05
0.0029212 9.176e+05
0.0029306 9.176e+05
0.00294 9.176e+05
0.0029494 9.176e+05
0.0029588 9.176e+05
0.0029683 9.176e+05
0.0029777 9.176e+05
0.0029871 9.176e+05
0.0029965 9.176e+05
0.003006 9.176e+05
0.0030154 9.176e+05
0.0030248 9.176e+05
0.0030342 9.176e+05
0.0030437 9.176e+05
0.0030531 9.176e+05
0.0030625 9.176e+05
0.0030719 9.176e+05
0.0030813 9.176e+05
0.0030908 9.176e+05
0.0031002 9.176e+05
0.0031096 9.176e+05
0.003119 9.176e+05
0.0031285 9.176e+05
0.0031379 9.176e+05
0.0031473 9.176e+05
0.0031567 9.176e+05
0.0031662 9.176e+05
0.0031756 9.176e+05
0.003185 9.176e+05
0.0031944 9.176e+05
0.0032038 9.176e+05
0.0032133 9.176e+05
0.0032227 9.176e+05
0.0032321 9.176e+05
0.0032415 9.176e+05
0.003251 9.176e+05
0.0032604 9.176e+05
0.0032698 9.176e+05
0.0032792 9.176e+05
0.0032887 9.176e+05
0.0032981 9.176e+05
0.0033075 9.176e+05
0.0033169 9.176e+05
0.0033263 9.176e+05
0.0033358 9.176e+05
0.0033452 9.176e+05
0.0033546 9.176e+05
0.003364 9.176e+05
0.0033735 9.176e+05
0.0033829 9.176e+05
0.0033923 9.176e+05
0.0034017 9.176e+05
0.0034112 9.176e+05
0.0034206 9.176e+05
0.00343 9.176e+05
0.0034394 9.176e+05
0.0034488 9.176e+05
0.0034583 9.176e+05
0.0034677 9.176e+05
0.0034771 9.176e+05
0.0034865 9.176e+05
0.003496 9.176e+05
0.0035054 9.176e+05
0.0035148 9.176e+05
0.0035242 9.176e+05
0.0035337 9.176e+05
0.0035431 9.176e+05
0.0035525 9.176e+05
0.0035619 9.176e+05
0.0035713 9.176e+05
0.0035808 9.176e+05
0.0035902 9.176e+05
0.0035996 9.176e+05
0.003609 9.176e+05
0.0036185 9.176e+05
0.0036279 9.176e+05
0.0036373 9.176e+05
0.0036467 9.176e+05
0.0036562 9.176e+05
0.0036656 9.176e+05
0.003675 9.176e+05
0.0036844 9.176e+05
0.0036938 9.176e+05
0.0037033 9.176e+05
0.0037127 9.176e+05
0.0037221 9.176e+05
0.0037315 9.176e+05
0.003741 9.176e+05
0.0037504 9.176e+05
0.0037598 9.176e+05
0.0037692 9.176e+05
0.0037787 9.176e+05
0.0037881 9.176e+05
0.0037975 9.176e+05
0.0038069 9.176e+05
0.0038163 9.176e+05
0.0038258 9.176e+05
0.0038352 9.176e+05
0.0038446 9.176e+05
0.003854 9.176e+05
0.0038635 9.176e+05
0.0038729 9.176e+05
0.0038823 9.176e+05
0.0038917 9.176e+05
0.0039012 9.176e+05
0.0039106 9.176e+05
0.00392 9.176e+05
0.0039294 9.176e+05
0.0039388 9.176e+05
0.0039483 9.176e+05
0.0039577 9.176e+05
0.0039671 9.176e+05
0.0039765 9.176e+05
0.003986 9.176e+05
0.0039954 9.176e+05
0.0040048 9.176e+05
0.0040142 9.176e+05
0.0040237 9.176e+05
0.0040331 9.176e+05
0.0040425 9.176e+05
0.0040519 9.176e+05
0.0040613 9.176e+05
0.0040708 9.176e+05
0.0040802 9.176e+05
0.0040896 9.176e+05
0.004099 9.176e+05
0.0041085 9.176e+05
0.0041179 9.176e+05
0.0041273 9.176e+05
0.0041367 9.176e+05
0.0041462 9.176e+05
0.0041556 9.176e+05
0.004165 9.176e+05
0.0041744 9.176e+05
0.0041838 9.176e+05
0.0041933 9.176e+05
0.0042027 9.176e+05
0.0042121 9.176e+05
0.0042215 9.176e+05
0.004231 9.176e+05
0.0042404 9.176e+05
0.0042498 9.176e+05
0.0042592 9.176e+05
0.0042687 9.176e+05
0.0042781 9.176e+05
0.0042875 9.176e+05
0.0042969 9.176e+05
0.0043063 9.176e+05
0.0043158 9.176e+05
0.0043252 9.176e+05
0.0043346 9.176e+05
0.004344 9.176e+05
0.0043535 9.176e+05
0.0043629 9.176e+05
0.0043723 9.176e+05
0.0043817 9.176e+05
0.0043912 9.176e+05
0.0044006 9.176e+05
0.00441 9.176e+05
0.0044194 9.176e+05
0.0044288 9.176e+05
0.0044383 9.176e+05
0.0044477 9.176e+05
0.0044571 9.176e+05
0.0044665 9.176e+05
0.004476 9.176e+05
0.0044854 9.176e+05
0.0044948 9.176e+05
0.0045042 9.176e+05
0.0045137 9.176e+05
0.0045231 9.176e+05
0.0045325 9.176e+05
0.0045419 9.176e+05
0.0045513 9.176e+05
0.0045608 9.176e+05
0.0045702 9.176e+05
0.0045796 9.176e+05
0.004589 9.176e+05
0.0045985 9.176e+05
0.0046079 9.176e+05
0.0046173 9.176e+05
0.0046267 9.176e+05
0.0046362 9.176e+05
0.0046456 9.176e+05
0.004655 9.176e+05
0.0046644 9.176e+05
0.0046738 9.176e+05
0.0046833 9.176e+05
0.0046927 9.176e+05
0.0047021 9.176e+05
0.0047115 9.176e+05
0.004721 9.176e+05
0.0047304 9.176e+05
0.0047398 9.176e+05
0.0047492 9.176e+05
0.0047587 9.176e+05
0.0047681 9.176e+05
0.0047775 9.176e+05
0.0047869 9.176e+05
0.0047963 9.176e+05
0.0048058 9.176e+05
0.0048152 9.176e+05
0.0048246 9.176e+05
0.004834 9.176e+05
0.0048435 9.176e+05
0.0048529 9.176e+05
0.0048623 9.176e+05
0.0048717 9.176e+05
0.0048812 9.176e+05
0.0048906 9.176e+05
0.0049 9.176e+05
0.0049094 9.176e+05
0.0049188 9.176e+05
0.0049283 9.176e+05
0.0049377 9.176e+05
0.0049471 9.176e+05
0.0049565 9.176e+05
0.004966 9.176e+05
0.0049754 9.176e+05
0.0049848 9.176e+05
0.0049942 9.176e+05
0.0050037 9.176e+05
0.0050131 9.176e+05
0.0050225 9.176e+05
0.0050319 9.176e+05
0.0050413 9.176e+05
0.0050508 9.176e+05
0.0050602 9.176e+05
0.0050696 9.176e+05
0.005079 9.176e+05
0.0050885 9.176e+05
0.0050979 9.176e+05
0.0051073 9.176e+05
0.0051167 9.176e+05
0.0051262 9.176e+05
0.0051356 9.176e+05
0.005145 9.176e+05
0.0051544 9.176e+05
0.0051638 9.176e+05
0.0051733 9.176e+05
0.0051827 9.176e+05
0.0051921 9.176e+05
0.0052015 9.176e+05
0.005211 9.176e+05
0.0052204 9.176e+05
0.0052298 9.176e+05
0.0052392 9.176e+05
0.0052487 9.176e+05
0.0052581 9.176e+05
0.0052675 9.176e+05
0.0052769 9.176e+05
0.0052863 9.176e+05
0.0052958 9.176e+05
0.0053052 9.176e+05
0.0053146 9.176e+05
0.005324 9.176e+05
0.0053335 9.176e+05
0.0053429 9.176e+05
0.0053523 9.176e+05
0.0053617 9.176e+05
0.0053712 9.176e+05
0.0053806 9.176e+05
0.00539 9.176e+05
0.0053994 9.176e+05
0.0054088 9.176e+05
0.0054183 9.176e+05
0.0054277 9.176e+05
0.0054371 9.176e+05
0.0054465 9.176e+05
0.005456 9.176e+05
0.0054654 9.176e+05
0.0054748 9.176e+05
0.0054842 9.176e+05
0.0054937 9.176e+05
0.0055031 9.176e+05
0.0055125 9.176e+05
0.0055219 9.176e+05
0.0055313 9.176e+05
0.0055408 9.176e+05
0.0055502 9.176e+05
0.0055596 9.176e+05
0.005569 9.176e+05
0.0055785 9.176e+05
0.0055879 9.176e+05
0.0055973 9.176e+05
0.0056067 9.176e+05
0.0056162 9.176e+05
0.0056256 9.176e+05
0.005635 9.176e+05
0.0056444 9.176e+05
0.0056538 9.176e+05
0.0056633 9.176e+05
0.0056727 9.176e+05
0.0056821 9.176e+05
0.0056915 9.176e+05
0.005701 9.176e+05
0.0057104 9.176e+05
0.0057198 9.176e+05
0.0057292 9.176e+05
0.0057387 9.176e+05
0.0057481 9.176e+05
0.0057575 9.176e+05
0.0057669 9.176e+05
0.0057763 9.176e+05
0.0057858 9.176e+05
0.0057952 9.176e+05
0.0058046 9.176e+05
0.005814 9.176e+05
0.0058235 9.176e+05
0.0058329 9.176e+05
0.0058423 9.176e+05
0.0058517 9.176e+05
0.0058612 9.176e+05
0.0058706 9.176e+05
0.00588 9.176e+05
0.0058894 9.176e+05
0.0058988 9.176e+05
0.0059083 9.176e+05
0.0059177 9.176e+05
0.0059271 9.176e+05
0.0059365 9.176e+05
0.005946 9.176e+05
0.0059554 9.176e+05
0.0059648 9.176e+05
0.0059742 9.176e+05
0.0059837 9.176e+05
0.0059931 9.176e+05
0.0060025 9.176e+05
0.0060119 9.176e+05
0.0060213 9.176e+05
0.0060308 9.176e+05
0.0060402 9.176e+05
0.0060496 9.176e+05
0.006059 9.176e+05
0.0060685 9.176e+05
0.0060779 9.176e+05
0.0060873 9.176e+05
0.0060967 9.176e+05
0.0061062 9.176e+05
0.0061156 9.176e+05
0.006125 9.176e+05
0.0061344 9.176e+05
0.0061438 9.176e+05
0.0061533 9.176e+05
0.0061627 9.176e+05
0.0061721 9.176e+05
0.0061815 9.176e+05
0.006191 9.176e+05
0.0062004 9.176e+05
0.0062098 9.176e+05
0.0062192 9.176e+05
0.0062287 9.176e+05
0.0062381 9.176e+05
0.0062475 9.176e+05
0.0062569 9.176e+05
0.0062663 9.176e+05
0.0062758 9.176e+05
0.0062852 9.176e+05
0.0062946 9.176e+05
0.006304 9.176e+05
0.0063135 9.176e+05
0.0063229 9.176e+05
0.0063323 9.176e+05
0.0063417 9.176e+05
0.0063512 9.176e+05
0.0063606 9.176e+05
0.00637 9.176e+05
0.0063794 9.176e+05
0.0063888 9.176e+05
0.0063983 9.176e+05
0.0064077 9.176e+05
0.0064171 9.176e+05
0.0064265 9.176e+05
0.006436 9.176e+05
0.0064454 9.176e+05
0.0064548 9.176e+05
0.0064642 9.176e+05
0.0064737 9.176e+05
0.0064831 9.176e+05
0.0064925 9.176e+05
0.0065019 9.176e+05
0.0065113 9.176e+05
0.0065208 9.176e+05
0.0065302 9.176e+05
0.0065396 9.176e+05
0.006549 9.176e+05
0.0065585 9.176e+05
0.0065679 9.176e+05
0.0065773 9.176e+05
0.0065867 9.176e+05
0.0065962 9.176e+05
0.0066056 9.176e+05
0.006615 9.176e+05
0.0066244 9.176e+05
0.0066338 9.176e+05
0.0066433 9.176e+05
0.0066527 9.176e+05
0.0066621 9.176e+05
0.0066715 9.176e+05
0.006681 9.176e+05
0.0066904 9.176e+05
0.0066998 9.176e+05
0.0067092 9.176e+05
0.0067187 9.176e+05
0.0067281 9.176e+05
0.0067375 9.176e+05
0.0067469 9.176e+05
0.0067563 9.176e+05
0.0067658 9.176e+05
0.0067752 9.176e+05
0.0067846 9.176e+05
0.006794 9.176e+05
0.0068035 9.176e+05
0.0068129 9.176e+05
0.0068223 9.176e+05
0.0068317 9.176e+05
0.0068412 9.176e+05
0.0068506 9.176e+05
0.00686 9.176e+05
0.0068694 9.176e+05
0.0068788 9.176e+05
0.0068883 9.176e+05
0.0068977 9.176e+05
0.0069071 9.176e+05
0.0069165 9.176e+05
0.006926 9.176e+05
0.0069354 9.176e+05
0.0069448 9.176e+05
0.0069542 9.176e+05
0.0069637 9.176e+05
0.0069731 9.176e+05
0.0069825 9.176e+05
0.0069919 9.176e+05
0.0070013 9.176e+05
0.0070108 9.176e+05
0.0070202 9.176e+05
0.0070296 9.176e+05
0.007039 9.176e+05
0.0070485 9.176e+05
0.0070579 9.176e+05
0.0070673 9.176e+05
0.0070767 9.176e+05
0.0070862 9.176e+05
0.0070956 9.176e+05
0.007105 9.176e+05
0.0071144 9.176e+05
0.0071238 9.176e+05
0.0071333 9.176e+05
0.0071427 9.176e+05
0.0071521 9.176e+05
0.0071615 9.176e+05
0.007171 9.176e+05
0.0071804 9.176e+05
0.0071898 9.176e+05
0.0071992 9.176e+05
0.0072087 9.176e+05
0.0072181 9.176e+05
0.0072275 9.176e+05
0.0072369 9.176e+05
0.0072463 9.176e+05
0.0072558 9.176e+05
0.0072652 9.176e+05
0.0072746 9.176e+05
0.007284 9.176e+05
0.0072935 9.176e+05
0.0073029 9.176e+05
0.0073123 9.176e+05
0.0073217 9.176e+05
0.0073312 9.176e+05
0.0073406 9.176e+05
0.00735 9.176e+05
0.0073594 9.176e+05
0.0073688 9.176e+05
0.0073783 9.176e+05
0.0073877 9.176e+05
0.0073971 9.176e+05
0.0074065 9.176e+05
0.007416 9.176e+05
0.0074254 9.176e+05
0.0074348 9.176e+05
0.0074442 9.176e+05
0.0074537 9.176e+05
0.0074631 9.176e+05
0.0074725 9.176e+05
0.0074819 9.176e+05
0.0074913 9.176e+05
0.0075008 9.176e+05
0.0075102 9.176e+05
0.0075196 9.176e+05
0.007529 9.176e+05
0.0075385 9.176e+05
0.0075479 9.176e+05
0.0075573 9.176e+05
0.0075667 9.176e+05
0.0075762 9.176e+05
0.0075856 9.176e+05
0.007595 9.176e+05
0.0076044 9.176e+05
0.0076138 9.176e+05
0.0076233 9.176e+05
0.0076327 9.176e+05
0.0076421 9.176e+05
0.0076515 9.176e+05
0.007661 9.176e+05
0.0076704 9.176e+05
0.0076798 9.176e+05
0.0076892 9.176e+05
0.0076987 9.176e+05
0.0077081 9.176e+05
0.0077175 9.176e+05
0.0077269 9.176e+05
0.0077363 9.176e+05
0.0077458 9.176e+05
0.0077552 9.176e+05
0.0077646 9.176e+05
0.007774 9.176e+05
0.0077835 9.176e+05
0.0077929 9.176e+05
0.0078023 9.176e+05
0.0078117 9.176e+05
0.0078212 9.176e+05
0.0078306 9.176e+05
0.00784 9.176e+05
0.0078494 9.176e+05
0.0078588 9.176e+05
0.0078683 9.176e+05
0.0078777 9.176e+05
0.0078871 9.176e+05
0.0078965 9.176e+05
0.007906 9.176e+05
0.0079154 9.176e+05
0.0079248 9.176e+05
0.0079342 9.176e+05
0.0079437 9.176e+05
0.0079531 9.176e+05
0.0079625 9.176e+05
0.0079719 9.176e+05
0.0079813 9.176e+05
0.0079908 9.176e+05
0.0080002 9.176e+05
0.0080096 9.176e+05
0.008019 9.176e+05
0.0080285 9.176e+05
0.0080379 9.176e+05
0.0080473 9.176e+05
0.0080567 9.176e+05
0.0080662 9.176e+05
0.0080756 9.176e+05
0.008085 9.176e+05
0.0080944 9.176e+05
0.0081038 9.176e+05
0.0081133 9.176e+05
0.0081227 9.176e+05
0.0081321 9.176e+05
0.0081415 9.176e+05
0.008151 9.176e+05
0.0081604 9.176e+05
0.0081698 9.176e+05
0.0081792 9.176e+05
0.0081887 9.176e+05
0.0081981 9.176e+05
0.0082075 9.176e+05
0.0082169 9.176e+05
0.0082263 9.176e+05
0.0082358 9.176e+05
0.0082452 9.176e+05
0.0082546 9.176e+05
0.008264 9.176e+05
0.0082735 9.176e+05
0.0082829 9.176e+05
0.0082923 9.176e+05
0.0083017 9.176e+05
0.0083112 9.176e+05
0.0083206 9.176e+05
0.00833 9.176e+05
0.0083394 9.176e+05
0.0083488 9.176e+05
0.0083583 9.176e+05
0.0083677 9.176e+05
0.0083771 9.176e+05
0.0083865 9.176e+05
0.008396 9.176e+05
0.0084054 9.176e+05
0.0084148 9.176e+05
0.0084242 9.176e+05
0.0084337 9.176e+05
0.0084431 9.176e+05
0.0084525 9.176e+05
0.0084619 9.176e+05
0.0084713 9.176e+05
0.0084808 9.176e+05
0.0084902 9.176e+05
0.0084996 9.176e+05
0.008509 9.176e+05
0.0085185 9.176e+05
0.0085279 9.176e+05
0.0085373 9.176e+05
0.0085467 9.176e+05
0.0085562 9.176e+05
0.0085656 9.176e+05
0.008575 9.176e+05
0.0085844 9.176e+05
0.0085938 9.176e+05
0.0086033 9.176e+05
0.0086127 9.176e+05
0.0086221 9.176e+05
0.0086315 9.176e+05
0.008641 9.176e+05
0.0086504 9.176e+05
0.0086598 9.176e+05
0.0086692 9.176e+05
0.0086787 9.176e+05
0.0086881 9.176e+05
0.0086975 9.176e+05
0.0087069 9.176e+05
0.0087163 9.176e+05
0.0087258 9.176e+05
0.0087352 9.176e+05
0.0087446 9.176e+05
0.008754 9.176e+05
0.0087635 9.176e+05
0.0087729 9.176e+05
0.0087823 9.176e+05
0.0087917 9.176e+05
0.0088012 9.176e+05
0.0088106 9.176e+05
0.00882 9.176e+05
0.0088294 9.176e+05
0.0088388 9.176e+05
0.0088483 9.176e+05
0.0088577 9.176e+05
0.0088671 9.176e+05
0.0088765 9.176e+05
0.008886 9.176e+05
0.0088954 9.176e+05
0.0089048 9.176e+05
0.0089142 9.176e+05
0.0089237 9.176e+05
0.0089331 9.176e+05
0.0089425 9.176e+05
0.0089519 9.176e+05
0.0089613 9.176e+05
0.0089708 9.176e+05
0.0089802 9.176e+05
0.0089896 9.176e+05
0.008999 9.176e+05
0.0090085 9.176e+05
0.0090179 9.176e+05
0.0090273 9.176e+05
0.0090367 9.176e+05
0.0090462 9.176e+05
0.0090556 9.176e+05
0.009065 9.176e+05
0.0090744 9.176e+05
0.0090838 9.176e+05
0.0090933 9.176e+05
0.0091027 9.176e+05
0.0091121 9.176e+05
0.0091215 9.176e+05
0.009131 9.176e+05
0.0091404 9.176e+05
0.0091498 9.176e+05
0.0091592 9.176e+05
0.0091687 9.176e+05
0.0091781 9.176e+05
0.0091875 9.176e+05
0.0091969 9.176e+05
0.0092063 9.176e+05
0.0092158 9.176e+05
0.0092252 9.176e+05
0.0092346 9.176e+05
0.009244 9.176e+05
0.0092535 9.176e+05
0.0092629 9.176e+05
0.0092723 9.176e+05
0.0092817 9.176e+05
0.0092912 9.176e+05
0.0093006 9.176e+05
0.00931 9.176e+05
0.0093194 9.176e+05
0.0093288 9.176e+05
0.0093383 9.176e+05
0.0093477 9.176e+05
0.0093571 9.176e+05
0.0093665 9.176e+05
0.009376 9.176e+05
0.0093854 9.176e+05
0.0093948 9.176e+05
0.0094042 9.176e+05
0.0094137 9.176e+05
0.0094231 9.176e+05
0.0094325 9.176e+05
0.0094419 9.176e+05
0.0094513 9.176e+05
0.0094608 9.176e+05
0.0094702 9.176e+05
0.0094796 9.176e+05
0.009489 9.176e+05
0.0094985 9.176e+05
0.0095079 9.176e+05
0.0095173 9.176e+05
0.0095267 9.176e+05
0.0095362 9.176e+05
0.0095456 9.176e+05
0.009555 9.176e+05
0.0095644 9.176e+05
0.0095738 9.176e+05
0.0095833 9.176e+05
0.0095927 9.176e+05
0.0096021 9.176e+05
0.0096115 9.176e+05
0.009621 9.176e+05
0.0096304 9.176e+05
0.0096398 9.176e+05
0.0096492 9.176e+05
0.0096587 9.176e+05
0.0096681 9.176e+05
0.0096775 9.176e+05
0.0096869 9.176e+05
0.0096963 9.176e+05
0.0097058 9.176e+05
0.0097152 9.176e+05
0.0097246 9.176e+05
0.009734 9.176e+05
0.0097435 9.176e+05
0.0097529 9.176e+05
0.0097623 9.176e+05
0.0097717 9.176e+05
0.0097812 9.176e+05
0.0097906 9.176e+05
0.0098 9.176e+05
0.0098094 9.176e+05
0.0098188 9.176e+05
0.0098283 9.176e+05
0.0098377 9.176e+05
0.0098471 9.176e+05
0.0098565 9.176e+05
0.009866 9.176e+05
0.0098754 9.176e+05
0.0098848 9.176e+05
0.0098942 9.176e+05
0.0099037 9.176e+05
0.0099131 9.176e+05
0.0099225 9.176e+05
0.0099319 9.176e+05
0.0099413 9.176e+05
0.0099508 9.176e+05
0.0099602 9.176e+05
0.0099696 9.176e+05
0.009979 9.176e+05
0.0099885 9.176e+05
0.0099979 9.176e+05
0.010007 9.176e+05
0.010017 9.176e+05
0.010026 9.176e+05
0.010036 9.176e+05
0.010045 9.176e+05
0.010054 9.176e+05
0.010064 9.176e+05
0.010073 9.176e+05
0.010083 9.176e+05
0.010092 9.176e+05
0.010102 9.176e+05
0.010111 9.176e+05
0.01012 9.176e+05
0.01013 9.176e+05
0.010139 9.176e+05
0.010149 9.176e+05
0.010158 9.176e+05
0.010168 9.176e+05
0.010177 9.176e+05
0.010186 9.176e+05
0.010196 9.176e+05
0.010205 9.176e+05
0.010215 9.176e+05
0.010224 9.176e+05
0.010233 9.176e+05
0.010243 9.176e+05
0.010252 9.176e+05
0.010262 9.176e+05
0.010271 9.176e+05
0.010281 9.176e+05
0.01029 9.176e+05
0.010299 9.176e+05
0.010309 9.176e+05
0.010318 9.176e+05
0.010328 9.176e+05
0.010337 9.176e+05
0.010347 9.176e+05
0.010356 9.176e+05
0.010365 9.176e+05
0.010375 9.176e+05
0.010384 9.176e+05
0.010394 9.176e+05
0.010403 9.176e+05
0.010412 9.176e+05
0.010422 9.176e+05
0.010431 9.176e+05
0.010441 9.176e+05
0.01045 9.176e+05
0.01046 9.176e+05
0.010469 9.176e+05
0.010478 9.176e+05
0.010488 9.176e+05
0.010497 9.176e+05
0.010507 9.176e+05
0.010516 9.176e+05
0.010526 9.176e+05
0.010535 9.176e+05
0.010544 9.176e+05
0.010554 9.176e+05
0.010563 9.176e+05
0.010573 9.176e+05
0.010582 9.176e+05
0.010592 9.176e+05
0.010601 9.176e+05
0.01061 9.176e+05
0.01062 9.176e+05
0.010629 9.176e+05
0.010639 9.176e+05
0.010648 9.176e+05
0.010658 9.176e+05
0.010667 9.176e+05
0.010676 9.176e+05
0.010686 9.176e+05
0.010695 9.176e+05
0.010705 9.176e+05
0.010714 9.176e+05
0.010723 9.176e+05
0.010733 9.176e+05
0.010742 9.176e+05
0.010752 9.176e+05
0.010761 9.176e+05
0.010771 9.176e+05
0.01078 9.176e+05
0.010789 9.176e+05
0.010799 9.176e+05
0.010808 9.176e+05
0.010818 9.176e+05
0.010827 9.176e+05
0.010837 9.176e+05
0.010846 9.176e+05
0.010855 9.176e+05
0.010865 9.176e+05
0.010874 9.176e+05
0.010884 9.176e+05
0.010893 9.176e+05
0.010903 9.176e+05
0.010912 9.176e+05
0.010921 9.176e+05
0.010931 9.176e+05
0.01094 9.176e+05
0.01095 9.176e+05
0.010959 9.176e+05
0.010968 9.176e+05
0.010978 9.176e+05
0.010987 9.176e+05
0.010997 9.176e+05
0.011006 9.176e+05
0.011016 9.176e+05
0.011025 9.176e+05
0.011034 9.176e+05
0.011044 9.176e+05
0.011053 9.176e+05
0.011063 9.176e+05
0.011072 9.176e+05
0.011082 9.176e+05
0.011091 9.176e+05
0.0111 9.176e+05
0.01111 9.176e+05
0.011119 9.176e+05
0.011129 9.176e+05
0.011138 9.176e+05
0.011147 9.176e+05
0.011157 9.176e+05
0.011166 9.176e+05
0.011176 9.176e+05
0.011185 9.176e+05
0.011195 9.176e+05
0.011204 9.176e+05
0.011213 9.176e+05
0.011223 9.176e+05
0.011232 9.176e+05
0.011242 9.176e+05
0.011251 9.176e+05
0.011261 9.176e+05
0.01127 9.176e+05
0.011279 9.176e+05
0.011289 9.176e+05
0.011298 9.176e+05
0.011308 9.176e+05
0.011317 9.176e+05
0.011327 9.176e+05
0.011336 9.176e+05
0.011345 9.176e+05
0.011355 9.176e+05
0.011364 9.176e+05
0.011374 9.176e+05
0.011383 9.176e+05
0.011393 9.176e+05
0.011402 9.176e+05
0.011411 9.176e+05
0.011421 9.176e+05
0.01143 9.176e+05
0.01144 9.176e+05
0.011449 9.176e+05
0.011458 9.176e+05
0.011468 9.176e+05
0.011477 9.176e+05
0.011487 9.176e+05
0.011496 9.176e+05
0.011506 9.176e+05
0.011515 9.176e+05
0.011524 9.176e+05
0.011534 9.176e+05
0.011543 9.176e+05
0.011553 9.176e+05
0.011562 9.176e+05
0.011572 9.176e+05
0.011581 9.176e+05
0.01159 9.176e+05
0.0116 9.176e+05
0.011609 9.176e+05
0.011619 9.176e+05
0.011628 9.176e+05
0.011638 9.176e+05
0.011647 9.176e+05
0.011656 9.176e+05
0.011666 9.176e+05
0.011675 9.176e+05
0.011685 9.176e+05
0.011694 9.176e+05
0.011703 9.176e+05
0.011713 9.176e+05
0.011722 9.176e+05
0.011732 9.176e+05
0.011741 9.176e+05
0.011751 9.176e+05
0.01176 9.176e+05
0.011769 9.176e+05
0.011779 9.176e+05
0.011788 9.176e+05
0.011798 9.176e+05
0.011807 9.176e+05
0.011817 9.176e+05
0.011826 9.176e+05
0.011835 9.176e+05
0.011845 9.176e+05
0.011854 9.176e+05
0.011864 9.176e+05
0.011873 9.176e+05
0.011883 9.176e+05
0.011892 9.176e+05
0.011901 9.176e+05
0.011911 9.176e+05
0.01192 9.176e+05
0.01193 9.176e+05
0.011939 9.176e+05
0.011948 9.176e+05
0.011958 9.176e+05
0.011967 9.176e+05
0.011977 9.176e+05
0.011986 9.176e+05
0.011996 9.176e+05
0.012005 9.176e+05
0.012014 9.176e+05
0.012024 9.176e+05
0.012033 9.176e+05
0.012043 9.176e+05
0.012052 9.176e+05
0.012062 9.176e+05
0.012071 9.176e+05
0.01208 9.176e+05
0.01209 9.176e+05
0.012099 9.176e+05
0.012109 9.176e+05
0.012118 9.176e+05
0.012128 9.176e+05
0.012137 9.176e+05
0.012146 9.176e+05
0.012156 9.176e+05
0.012165 9.176e+05
0.012175 9.176e+05
0.012184 9.176e+05
0.012193 9.176e+05
0.012203 9.176e+05
0.012212 9.176e+05
0.012222 9.176e+05
0.012231 9.176e+05
0.012241 9.176e+05
0.01225 9.176e+05
0.012259 9.176e+05
0.012269 9.176e+05
0.012278 9.176e+05
0.012288 9.176e+05
0.012297 9.176e+05
0.012307 9.176e+05
0.012316 9.176e+05
0.012325 9.176e+05
0.012335 9.176e+05
0.012344 9.176e+05
0.012354 9.176e+05
0.012363 9.176e+05
0.012373 9.176e+05
0.012382 9.176e+05
0.012391 9.176e+05
0.012401 9.176e+05
0.01241 9.176e+05
0.01242 9.176e+05
0.012429 9.176e+05
0.012438 9.176e+05
0.012448 9.176e+05
0.012457 9.176e+05
0.012467 9.176e+05
0.012476 9.176e+05
0.012486 9.176e+05
0.012495 9.176e+05
0.012504 9.176e+05
0.012514 9.176e+05
0.012523 9.176e+05
0.012533 9.176e+05
0.012542 9.176e+05
0.012552 9.176e+05
0.012561 9.176e+05
0.01257 9.176e+05
0.01258 9.176e+05
0.012589 9.176e+05
0.012599 9.176e+05
0.012608 9.176e+05
0.012618 9.176e+05
0.012627 9.176e+05
0.012636 9.176e+05
0.012646 9.176e+05
0.012655 9.176e+05
0.012665 9.176e+05
0.012674 9.176e+05
0.012683 9.176e+05
0.012693 9.176e+05
0.012702 9.176e+05
0.012712 9.176e+05
0.012721 9.176e+05
0.012731 9.176e+05
0.01274 9.176e+05
0.012749 9.176e+05
0.012759 9.176e+05
0.012768 9.176e+05
0.012778 9.176e+05
0.012787 9.176e+05
0.012797 9.176e+05
0.012806 9.176e+05
0.012815 9.176e+05
0.012825 9.176e+05
0.012834 9.176e+05
0.012844 9.176e+05
0.012853 9.176e+05
0.012863 9.176e+05
0.012872 9.176e+05
0.012881 9.176e+05
0.012891 9.176e+05
0.0129 9.176e+05
0.01291 9.176e+05
0.012919 9.176e+05
0.012928 9.176e+05
0.012938 9.176e+05
0.012947 9.176e+05
0.012957 9.176e+05
0.012966 9.176e+05
0.012976 9.176e+05
0.012985 9.176e+05
0.012994 9.176e+05
0.013004 9.176e+05
0.013013 9.176e+05
0.013023 9.176e+05
0.013032 9.176e+05
0.013042 9.176e+05
0.013051 9.176e+05
0.01306 9.176e+05
0.01307 9.176e+05
0.013079 9.176e+05
0.013089 9.176e+05
0.013098 9.176e+05
0.013107 9.176e+05
0.013117 9.176e+05
0.013126 9.176e+05
0.013136 9.176e+05
0.013145 9.176e+05
0.013155 9.176e+05
0.013164 9.176e+05
0.013173 9.176e+05
0.013183 9.176e+05
0.013192 9.176e+05
0.013202 9.176e+05
0.013211 9.176e+05
0.013221 9.176e+05
0.01323 9.176e+05
0.013239 9.176e+05
0.013249 9.176e+05
0.013258 9.176e+05
0.013268 9.176e+05
0.013277 9.176e+05
0.013287 9.176e+05
0.013296 9.176e+05
0.013305 9.176e+05
0.013315 9.176e+05
0.013324 9.176e+05
0.013334 9.176e+05
0.013343 9.176e+05
0.013352 9.176e+05
0.013362 9.176e+05
0.013371 9.176e+05
0.013381 9.176e+05
0.01339 9.176e+05
0.0134 9.176e+05
0.013409 9.176e+05
0.013418 9.176e+05
0.013428 9.176e+05
0.013437 9.176e+05
0.013447 9.176e+05
0.013456 9.176e+05
0.013466 9.176e+05
0.013475 9.176e+05
0.013484 9.176e+05
0.013494 9.176e+05
0.013503 9.176e+05
0.013513 9.176e+05
0.013522 9.176e+05
0.013532 9.176e+05
0.013541 9.176e+05
0.01355 9.176e+05
0.01356 9.176e+05
0.013569 9.176e+05
0.013579 9.176e+05
0.013588 9.176e+05
0.013598 9.176e+05
0.013607 9.176e+05
0.013616 9.176e+05
0.013626 9.176e+05
0.013635 9.176e+05
0.013645 9.176e+05
0.013654 9.176e+05
0.013663 9.176e+05
0.013673 9.176e+05
0.013682 9.176e+05
0.013692 9.176e+05
0.013701 9.176e+05
0.013711 9.176e+05
0.01372 9.176e+05
0.013729 9.176e+05
0.013739 9.176e+05
0.013748 9.176e+05
0.013758 9.176e+05
0.013767 9.176e+05
0.013777 9.176e+05
0.013786 9.176e+05
0.013795 9.176e+05
0.013805 9.176e+05
0.013814 9.176e+05
0.013824 9.176e+05
0.013833 9.176e+05
0.013843 9.176e+05
0.013852 9.176e+05
0.013861 9.176e+05
0.013871 9.176e+05
0.01388 9.176e+05
0.01389 9.176e+05
0.013899 9.176e+05
0.013908 9.176e+05
0.013918 9.176e+05
0.013927 9.176e+05
0.013937 9.176e+05
0.013946 9.176e+05
0.013956 9.176e+05
0.013965 9.176e+05
0.013974 9.176e+05
0.013984 9.176e+05
0.013993 9.176e+05
0.014003 9.176e+05
0.014012 9.176e+05
0.014022 9.176e+05
0.014031 9.176e+05
0.01404 9.176e+05
0.01405 9.176e+05
0.014059 9.176e+05
0.014069 9.176e+05
0.014078 9.176e+05
0.014088 9.176e+05
0.014097 9.176e+05
0.014106 9.176e+05
0.014116 9.176e+05
0.014125 9.176e+05
0.014135 9.176e+05
0.014144 9.176e+05
0.014153 9.176e+05
0.014163 9.176e+05
0.014172 9.176e+05
0.014182 9.176e+05
0.014191 9.176e+05
0.014201 9.176e+05
0.01421 9.176e+05
0.014219 9.176e+05
0.014229 9.176e+05
0.014238 9.176e+05
0.014248 9.176e+05
0.014257 9.176e+05
0.014267 9.176e+05
0.014276 9.176e+05
0.014285 9.176e+05
0.014295 9.176e+05
0.014304 9.176e+05
0.014314 9.176e+05
0.014323 9.176e+05
0.014333 9.176e+05
0.014342 9.176e+05
0.014351 9.176e+05
0.014361 9.176e+05
0.01437 9.176e+05
0.01438 9.176e+05
0.014389 9.176e+05
0.014398 9.176e+05
0.014408 9.176e+05
0.014417 9.176e+05
0.014427 9.176e+05
0.014436 9.176e+05
0.014446 9.176e+05
0.014455 9.176e+05
0.014464 9.176e+05
0.014474 9.176e+05
0.014483 9.176e+05
0.014493 9.176e+05
0.014502 9.176e+05
0.014512 9.176e+05
0.014521 9.176e+05
0.01453 9.176e+05
0.01454 9.176e+05
0.014549 9.176e+05
0.014559 9.176e+05
0.014568 9.176e+05
0.014578 9.176e+05
0.014587 9.176e+05
0.014596 9.176e+05
0.014606 9.176e+05
0.014615 9.176e+05
0.014625 9.176e+05
0.014634 9.176e+05
0.014643 9.176e+05
0.014653 9.176e+05
0.014662 9.176e+05
0.014672 9.176e+05
0.014681 9.176e+05
0.014691 9.176e+05
0.0147 9.176e+05
0.014709 9.176e+05
0.014719 9.176e+05
0.014728 9.176e+05
0.014738 9.176e+05
0.014747 9.176e+05
0.014757 9.176e+05
0.014766 9.176e+05
0.014775 9.176e+05
0.014785 9.176e+05
0.014794 9.176e+05
0.014804 9.176e+05
0.014813 9.176e+05
0.014823 9.176e+05
0.014832 9.176e+05
0.014841 9.176e+05
0.014851 9.176e+05
0.01486 9.176e+05
0.01487 9.176e+05
0.014879 9.176e+05
0.014888 9.176e+05
0.014898 9.176e+05
0.014907 9.176e+05
0.014917 9.176e+05
0.014926 9.176e+05
0.014936 9.176e+05
0.014945 9.176e+05
0.014954 9.176e+05
0.014964 9.176e+05
0.014973 9.176e+05
0.014983 9.176e+05
0.014992 9.176e+05
0.015002 9.176e+05
0.015011 9.176e+05
0.01502 9.176e+05
0.01503 9.176e+05
0.015039 9.176e+05
0.015049 9.176e+05
0.015058 9.176e+05
0.015068 9.176e+05
0.015077 9.176e+05
0.015086 9.176e+05
0.015096 9.176e+05
0.015105 9.176e+05
0.015115 9.176e+05
0.015124 9.176e+05
0.015133 9.176e+05
0.015143 9.176e+05
0.015152 9.176e+05
0.015162 9.176e+05
0.015171 9.176e+05
0.015181 9.176e+05
0.01519 9.176e+05
0.015199 9.176e+05
0.015209 9.176e+05
0.015218 9.176e+05
0.015228 9.176e+05
0.015237 9.176e+05
0.015247 9.176e+05
0.015256 9.176e+05
0.015265 9.176e+05
0.015275 9.176e+05
0.015284 9.176e+05
0.015294 9.176e+05
0.015303 9.176e+05
0.015312 9.176e+05
0.015322 9.176e+05
0.015331 9.176e+05
0.015341 9.176e+05
0.01535 9.176e+05
0.01536 9.176e+05
0.015369 9.176e+05
0.015378 9.176e+05
0.015388 9.176e+05
0.015397 9.176e+05
0.015407 9.176e+05
0.015416 9.176e+05
0.015426 9.176e+05
0.015435 9.176e+05
0.015444 9.176e+05
0.015454 9.176e+05
0.015463 9.176e+05
0.015473 9.176e+05
0.015482 9.176e+05
0.015492 9.176e+05
0.015501 9.176e+05
0.01551 9.176e+05
0.01552 9.176e+05
0.015529 9.176e+05
0.015539 9.176e+05
0.015548 9.176e+05
0.015558 9.176e+05
0.015567 9.176e+05
0.015576 9.176e+05
0.015586 9.176e+05
0.015595 9.176e+05
0.015605 9.176e+05
0.015614 9.176e+05
0.015623 9.176e+05
0.015633 9.176e+05
0.015642 9.176e+05
0.015652 9.176e+05
0.015661 9.176e+05
0.015671 9.176e+05
0.01568 9.176e+05
0.015689 9.176e+05
0.015699 9.176e+05
0.015708 9.176e+05
0.015718 9.176e+05
0.015727 9.176e+05
0.015737 9.176e+05
0.015746 9.176e+05
0.015755 9.176e+05
0.015765 9.176e+05
0.015774 9.176e+05
0.015784 9.176e+05
0.015793 9.176e+05
0.015803 9.176e+05
0.015812 9.176e+05
0.015821 9.176e+05
0.015831 9.176e+05
0.01584 9.176e+05
0.01585 9.176e+05
0.015859 9.176e+05
0.015868 9.176e+05
0.015878 9.176e+05
0.015887 9.176e+05
0.015897 9.176e+05
0.015906 9.176e+05
0.015916 9.176e+05
0.015925 9.176e+05
0.015934 9.176e+05
0.015944 9.176e+05
0.015953 9.176e+05
0.015963 9.176e+05
0.015972 9.176e+05
0.015982 9.176e+05
0.015991 9.176e+05
0.016 9.176e+05
0.01601 9.176e+05
0.016019 9.176e+05
0.016029 9.176e+05
0.016038 9.176e+05
0.016047 9.176e+05
0.016057 9.176e+05
0.016066 9.176e+05
0.016076 9.176e+05
0.016085 9.176e+05
0.016095 9.176e+05
0.016104 9.176e+05
0.016113 9.176e+05
0.016123 9.176e+05
0.016132 9.176e+05
0.016142 9.176e+05
0.016151 9.176e+05
0.016161 9.176e+05
0.01617 9.176e+05
0.016179 9.176e+05
0.016189 9.176e+05
0.016198 9.176e+05
0.016208 9.176e+05
0.016217 9.176e+05
0.016227 9.176e+05
0.016236 9.176e+05
0.016245 9.176e+05
0.016255 9.176e+05
0.016264 9.176e+05
0.016274 9.176e+05
0.016283 9.176e+05
0.016292 9.176e+05
0.016302 9.176e+05
0.016311 9.176e+05
0.016321 9.176e+05
0.01633 9.176e+05
0.01634 9.176e+05
0.016349 9.176e+05
0.016358 9.176e+05
0.016368 9.176e+05
0.016377 9.176e+05
0.016387 9.176e+05
0.016396 9.176e+05
0.016406 9.176e+05
0.016415 9.176e+05
0.016424 9.176e+05
0.016434 9.176e+05
0.016443 9.176e+05
0.016453 9.176e+05
0.016462 9.176e+05
0.016472 9.176e+05
0.016481 9.176e+05
0.01649 9.176e+05
0.0165 9.176e+05
0.016509 9.176e+05
0.016519 9.176e+05
0.016528 9.176e+05
0.016538 9.176e+05
0.016547 9.176e+05
0.016556 9.176e+05
0.016566 9.176e+05
0.016575 9.176e+05
0.016585 9.176e+05
0.016594 9.176e+05
0.016603 9.176e+05
0.016613 9.176e+05
0.016622 9.176e+05
0.016632 9.176e+05
0.016641 9.176e+05
0.016651 9.176e+05
0.01666 9.176e+05
0.016669 9.176e+05
0.016679 9.176e+05
0.016688 9.176e+05
0.016698 9.176e+05
0.016707 9.176e+05
0.016717 9.176e+05
0.016726 9.176e+05
0.016735 9.176e+05
0.016745 9.176e+05
0.016754 9.176e+05
0.016764 9.176e+05
0.016773 9.176e+05
0.016783 9.176e+05
0.016792 9.176e+05
0.016801 9.176e+05
0.016811 9.176e+05
0.01682 9.176e+05
0.01683 9.176e+05
0.016839 9.176e+05
0.016848 9.176e+05
0.016858 9.176e+05
0.016867 9.176e+05
0.016877 9.176e+05
0.016886 9.176e+05
0.016896 9.176e+05
0.016905 9.176e+05
0.016914 9.176e+05
0.016924 9.176e+05
0.016933 9.176e+05
0.016943 9.176e+05
0.016952 9.176e+05
0.016962 9.176e+05
0.016971 9.176e+05
0.01698 9.176e+05
0.01699 9.176e+05
0.016999 9.176e+05
0.017009 9.176e+05
0.017018 9.176e+05
0.017028 9.176e+05
0.017037 9.176e+05
0.017046 9.176e+05
0.017056 9.176e+05
0.017065 9.176e+05
0.017075 9.176e+05
0.017084 9.176e+05
0.017093 9.176e+05
0.017103 9.176e+05
0.017112 9.176e+05
0.017122 9.176e+05
0.017131 9.176e+05
0.017141 9.176e+05
0.01715 9.176e+05
0.017159 9.176e+05
0.017169 9.176e+05
0.017178 9.176e+05
0.017188 9.176e+05
0.017197 9.176e+05
0.017207 9.176e+05
0.017216 9.176e+05
0.017225 9.176e+05
0.017235 9.176e+05
0.017244 9.176e+05
0.017254 9.176e+05
0.017263 9.176e+05
0.017273 9.176e+05
0.017282 9.176e+05
0.017291 9.176e+05
0.017301 9.176e+05
0.01731 9.176e+05
0.01732 9.176e+05
0.017329 9.176e+05
0.017338 9.176e+05
0.017348 9.176e+05
0.017357 9.176e+05
0.017367 9.176e+05
0.017376 9.176e+05
0.017386 9.176e+05
0.017395 9.176e+05
0.017404 9.176e+05
0.017414 9.176e+05
0.017423 9.176e+05
0.017433 9.176e+05
0.017442 9.176e+05
0.017452 9.176e+05
0.017461 9.176e+05
0.01747 9.176e+05
0.01748 9.176e+05
0.017489 9.176e+05
0.017499 9.176e+05
0.017508 9.176e+05
0.017518 9.176e+05
0.017527 9.176e+05
0.017536 9.176e+05
0.017546 9.176e+05
0.017555 9.176e+05
0.017565 9.176e+05
0.017574 9.176e+05
0.017583 9.176e+05
0.017593 9.176e+05
0.017602 9.176e+05
0.017612 9.176e+05
0.017621 9.176e+05
0.017631 9.176e+05
0.01764 9.176e+05
0.017649 9.176e+05
0.017659 9.176e+05
0.017668 9.176e+05
0.017678 9.176e+05
0.017687 9.176e+05
0.017697 9.176e+05
0.017706 9.176e+05
0.017715 9.176e+05
0.017725 9.176e+05
0.017734 9.176e+05
0.017744 9.176e+05
0.017753 9.176e+05
0.017763 9.176e+05
0.017772 9.176e+05
0.017781 9.176e+05
0.017791 9.176e+05
0.0178 9.176e+05
0.01781 9.176e+05
0.017819 9.176e+05
0.017828 9.176e+05
0.017838 9.176e+05
0.017847 9.176e+05
0.017857 9.176e+05
0.017866 9.176e+05
0.017876 9.176e+05
0.017885 9.176e+05
0.017894 9.176e+05
0.017904 9.176e+05
0.017913 9.176e+05
0.017923 9.176e+05
0.017932 9.176e+05
0.017942 9.176e+05
0.017951 9.176e+05
0.01796 9.176e+05
0.01797 9.176e+05
0.017979 9.176e+05
0.017989 9.176e+05
0.017998 9.176e+05
0.018008 9.176e+05
0.018017 9.176e+05
0.018026 9.176e+05
0.018036 9.176e+05
0.018045 9.176e+05
0.018055 9.176e+05
0.018064 9.176e+05
0.018073 9.176e+05
0.018083 9.176e+05
0.018092 9.176e+05
0.018102 9.176e+05
0.018111 9.176e+05
0.018121 9.176e+05
0.01813 9.176e+05
0.018139 9.176e+05
0.018149 9.176e+05
0.018158 9.176e+05
0.018168 9.176e+05
0.018177 9.176e+05
0.018187 9.176e+05
0.018196 9.176e+05
0.018205 9.176e+05
0.018215 9.176e+05
0.018224 9.176e+05
0.018234 9.176e+05
0.018243 9.176e+05
0.018253 9.176e+05
0.018262 9.176e+05
0.018271 9.176e+05
0.018281 9.176e+05
0.01829 9.176e+05
0.0183 9.176e+05
0.018309 9.176e+05
0.018318 9.176e+05
0.018328 9.176e+05
0.018337 9.176e+05
0.018347 9.176e+05
0.018356 9.176e+05
0.018366 9.176e+05
0.018375 9.176e+05
0.018384 9.176e+05
0.018394 9.176e+05
0.018403 9.176e+05
0.018413 9.176e+05
0.018422 9.176e+05
0.018432 9.176e+05
0.018441 9.176e+05
0.01845 9.176e+05
0.01846 9.176e+05
0.018469 9.176e+05
0.018479 9.176e+05
0.018488 9.176e+05
0.018498 9.176e+05
0.018507 9.176e+05
0.018516 9.176e+05
0.018526 9.176e+05
0.018535 9.176e+05
0.018545 9.176e+05
0.018554 9.176e+05
0.018563 9.176e+05
0.018573 9.176e+05
0.018582 9.176e+05
0.018592 9.176e+05
0.018601 9.176e+05
0.018611 9.176e+05
0.01862 9.176e+05
0.018629 9.176e+05
0.018639 9.176e+05
0.018648 9.176e+05
0.018658 9.176e+05
0.018667 9.176e+05
0.018677 9.176e+05
0.018686 9.176e+05
0.018695 9.176e+05
0.018705 9.176e+05
0.018714 9.176e+05
0.018724 9.176e+05
0.018733 9.176e+05
0.018743 9.176e+05
0.018752 9.176e+05
0.018761 9.176e+05
0.018771 9.176e+05
0.01878 9.176e+05
0.01879 9.176e+05
0.018799 9.176e+05
0.018808 9.176e+05
0.018818 9.176e+05
0.018827 9.176e+05
0.018837 9.176e+05
0.018846 9.176e+05
0.018856 9.176e+05
0.018865 9.176e+05
0.018874 9.176e+05
0.018884 9.176e+05
0.018893 9.176e+05
0.018903 9.176e+05
0.018912 9.176e+05
0.018922 9.176e+05
0.018931 9.176e+05
0.01894 9.176e+05
0.01895 9.176e+05
0.018959 9.176e+05
0.018969 9.176e+05
0.018978 9.176e+05
0.018988 9.176e+05
0.018997 9.176e+05
0.019006 9.176e+05
0.019016 9.176e+05
0.019025 9.176e+05
0.019035 9.176e+05
0.019044 9.176e+05
0.019053 9.176e+05
0.019063 9.176e+05
0.019072 9.176e+05
0.019082 9.176e+05
0.019091 9.176e+05
0.019101 9.176e+05
0.01911 9.176e+05
0.019119 9.176e+05
0.019129 9.176e+05
0.019138 9.176e+05
0.019148 9.176e+05
0.019157 9.176e+05
0.019167 9.176e+05
0.019176 9.176e+05
0.019185 9.176e+05
0.019195 9.176e+05
0.019204 9.176e+05
0.019214 9.176e+05
0.019223 9.176e+05
0.019232 9.176e+05
0.019242 9.176e+05
0.019251 9.176e+05
0.019261 9.176e+05
0.01927 9.176e+05
0.01928 9.176e+05
0.019289 9.176e+05
0.019298 9.176e+05
0.019308 9.176e+05
0.019317 9.176e+05
0.019327 9.176e+05
0.019336 9.176e+05
0.019346 9.176e+05
0.019355 9.176e+05
0.019364 9.176e+05
0.019374 9.176e+05
0.019383 9.176e+05
0.019393 9.176e+05
0.019402 9.176e+05
0.019412 9.176e+05
0.019421 9.176e+05
0.01943 9.176e+05
0.01944 9.176e+05
0.019449 9.176e+05
0.019459 9.176e+05
0.019468 9.176e+05
0.019478 9.176e+05
0.019487 9.176e+05
0.019496 9.176e+05
0.019506 9.176e+05
0.019515 9.176e+05
0.019525 9.176e+05
0.019534 9.176e+05
0.019543 9.176e+05
0.019553 9.176e+05
0.019562 9.176e+05
0.019572 9.176e+05
0.019581 9.176e+05
0.019591 9.176e+05
0.0196 9.176e+05
0.019609 9.176e+05
0.019619 9.176e+05
0.019628 9.176e+05
0.019638 9.176e+05
0.019647 9.176e+05
0.019657 9.176e+05
0.019666 9.176e+05
0.019675 9.176e+05
0.019685 9.176e+05
0.019694 9.176e+05
0.019704 9.176e+05
0.019713 9.176e+05
0.019723 9.176e+05
0.019732 9.176e+05
0.019741 9.176e+05
0.019751 9.176e+05
0.01976 9.176e+05
0.01977 9.176e+05
0.019779 9.176e+05
0.019788 9.176e+05
0.019798 9.176e+05
0.019807 9.176e+05
0.019817 9.176e+05
0.019826 9.176e+05
0.019836 9.176e+05
0.019845 9.176e+05
0.019854 9.176e+05
0.019864 9.176e+05
0.019873 9.176e+05
0.019883 9.176e+05
0.019892 9.176e+05
0.019902 9.176e+05
0.019911 9.176e+05
0.01992 9.176e+05
0.01993 9.176e+05
0.019939 9.176e+05
0.019949 9.176e+05
0.019958 9.176e+05
0.019967 9.176e+05
0.019977 9.176e+05
0.019986 9.176e+05
0.019996 9.176e+05
0.020005 9.176e+05
0.020015 9.176e+05
0.020024 9.176e+05
0.020033 9.176e+05
0.020043 9.176e+05
0.020052 9.176e+05
0.020062 9.176e+05
0.020071 9.176e+05
0.020081 9.176e+05
0.02009 9.176e+05
0.020099 9.176e+05
0.020109 9.176e+05
0.020118 9.176e+05
0.020128 9.176e+05
0.020137 9.176e+05
0.020147 9.176e+05
0.020156 9.176e+05
0.020165 9.176e+05
0.020175 9.176e+05
0.020184 9.176e+05
0.020194 9.176e+05
0.020203 9.176e+05
0.020213 9.176e+05
0.020222 9.176e+05
0.020231 9.176e+05
0.020241 9.176e+05
0.02025 9.176e+05
0.02026 9.176e+05
0.020269 9.176e+05
0.020278 9.176e+05
0.020288 9.176e+05
0.020297 9.176e+05
0.020307 9.176e+05
0.020316 9.176e+05
0.020326 9.176e+05
0.020335 9.176e+05
0.020344 9.176e+05
0.020354 9.176e+05
0.020363 9.176e+05
0.020373 9.176e+05
0.020382 9.176e+05
0.020392 9.176e+05
0.020401 9.176e+05
0.02041 9.176e+05
0.02042 9.176e+05
0.020429 9.176e+05
0.020439 9.176e+05
0.020448 9.176e+05
0.020457 9.176e+05
0.020467 9.176e+05
0.020476 9.176e+05
0.020486 9.176e+05
0.020495 9.176e+05
0.020505 9.176e+05
0.020514 9.176e+05
0.020523 9.176e+05
0.020533 9.176e+05
0.020542 9.176e+05
0.020552 9.176e+05
0.020561 9.176e+05
0.020571 9.176e+05
0.02058 9.176e+05
0.020589 9.176e+05
0.020599 9.176e+05
0.020608 9.176e+05
0.020618 9.176e+05
0.020627 9.176e+05
0.020637 9.176e+05
0.020646 9.176e+05
0.020655 9.176e+05
0.020665 9.176e+05
0.020674 9.176e+05
0.020684 9.176e+05
0.020693 9.176e+05
0.020703 9.176e+05
0.020712 9.176e+05
0.020721 9.176e+05
0.020731 9.176e+05
0.02074 9.176e+05
0.02075 9.176e+05
0.020759 9.176e+05
0.020768 9.176e+05
0.020778 9.176e+05
0.020787 9.176e+05
0.020797 9.176e+05
0.020806 9.176e+05
0.020816 9.176e+05
0.020825 9.176e+05
0.020834 9.176e+05
0.020844 9.176e+05
0.020853 9.176e+05
0.020863 9.176e+05
0.020872 9.176e+05
0.020882 9.176e+05
0.020891 9.176e+05
0.0209 9.176e+05
0.02091 9.176e+05
0.020919 9.176e+05
0.020929 9.176e+05
0.020938 9.176e+05
0.020948 9.176e+05
0.020957 9.176e+05
0.020966 9.176e+05
0.020976 9.176e+05
0.020985 9.176e+05
0.020995 9.176e+05
0.021004 9.176e+05
0.021013 9.176e+05
0.021023 9.176e+05
0.021032 9.176e+05
0.021042 9.176e+05
0.021051 9.176e+05
0.021061 9.176e+05
0.02107 9.176e+05
0.021079 9.176e+05
0.021089 9.176e+05
0.021098 9.176e+05
0.021108 9.176e+05
0.021117 9.176e+05
0.021127 9.176e+05
0.021136 9.176e+05
0.021145 9.176e+05
0.021155 9.176e+05
0.021164 9.176e+05
0.021174 9.176e+05
0.021183 9.176e+05
0.021193 9.176e+05
0.021202 9.176e+05
0.021211 9.176e+05
0.021221 9.176e+05
0.02123 9.176e+05
0.02124 9.176e+05
0.021249 9.176e+05
0.021258 9.176e+05
0.021268 9.176e+05
0.021277 9.176e+05
0.021287 9.176e+05
0.021296 9.176e+05
0.021306 9.176e+05
0.021315 9.176e+05
0.021324 9.176e+05
0.021334 9.176e+05
0.021343 9.176e+05
0.021353 9.176e+05
0.021362 9.176e+05
0.021372 9.176e+05
0.021381 9.176e+05
0.02139 9.176e+05
0.0214 9.176e+05
0.021409 9.176e+05
0.021419 9.176e+05
0.021428 9.176e+05
0.021438 9.176e+05
0.021447 9.176e+05
0.021456 9.176e+05
0.021466 9.176e+05
0.021475 9.176e+05
0.021485 9.176e+05
0.021494 9.176e+05
0.021503 9.176e+05
0.021513 9.176e+05
0.021522 9.176e+05
0.021532 9.176e+05
0.021541 9.176e+05
0.021551 9.176e+05
0.02156 9.176e+05
0.021569 9.176e+05
0.021579 9.176e+05
0.021588 9.176e+05
0.021598 9.176e+05
0.021607 9.176e+05
0.021617 9.176e+05
0.021626 9.176e+05
0.021635 9.176e+05
0.021645 9.176e+05
0.021654 9.176e+05
0.021664 9.176e+05
0.021673 9.176e+05
0.021683 9.176e+05
0.021692 9.176e+05
0.021701 9.176e+05
0.021711 9.176e+05
0.02172 9.176e+05
0.02173 9.176e+05
0.021739 9.176e+05
0.021748 9.176e+05
0.021758 9.176e+05
0.021767 9.176e+05
0.021777 9.176e+05
0.021786 9.176e+05
0.021796 9.176e+05
0.021805 9.176e+05
0.021814 9.176e+05
0.021824 9.176e+05
0.021833 9.176e+05
0.021843 9.176e+05
0.021852 9.176e+05
0.021862 9.176e+05
0.021871 9.176e+05
0.02188 9.176e+05
0.02189 9.176e+05
0.021899 9.176e+05
0.021909 9.176e+05
0.021918 9.176e+05
0.021928 9.176e+05
0.021937 9.176e+05
0.021946 9.176e+05
0.021956 9.176e+05
0.021965 9.176e+05
0.021975 9.176e+05
0.021984 9.176e+05
0.021993 9.176e+05
0.022003 9.176e+05
0.022012 9.176e+05
0.022022 9.176e+05
0.022031 9.176e+05
0.022041 9.176e+05
0.02205 9.176e+05
0.022059 9.176e+05
0.022069 9.176e+05
0.022078 9.176e+05
0.022088 9.176e+05
0.022097 9.176e+05
0.022107 9.176e+05
0.022116 9.176e+05
0.022125 9.176e+05
0.022135 9.176e+05
0.022144 9.176e+05
0.022154 9.176e+05
0.022163 9.176e+05
0.022173 9.176e+05
0.022182 9.176e+05
0.022191 9.176e+05
0.022201 9.176e+05
0.02221 9.176e+05
0.02222 9.176e+05
0.022229 9.176e+05
0.022238 9.176e+05
0.022248 9.176e+05
0.022257 9.176e+05
0.022267 9.176e+05
0.022276 9.176e+05
0.022286 9.176e+05
0.022295 9.176e+05
0.022304 9.176e+05
0.022314 9.176e+05
0.022323 9.176e+05
0.022333 9.176e+05
0.022342 9.176e+05
0.022352 9.176e+05
0.022361 9.176e+05
0.02237 9.176e+05
0.02238 9.176e+05
0.022389 9.176e+05
0.022399 9.176e+05
0.022408 9.176e+05
0.022417 9.176e+05
0.022427 9.176e+05
0.022436 9.176e+05
0.022446 9.176e+05
0.022455 9.176e+05
0.022465 9.176e+05
0.022474 9.176e+05
0.022483 9.176e+05
0.022493 9.176e+05
0.022502 9.176e+05
0.022512 9.176e+05
0.022521 9.176e+05
0.022531 9.176e+05
0.02254 9.176e+05
0.022549 9.176e+05
0.022559 9.176e+05
0.022568 9.176e+05
0.022578 9.176e+05
0.022587 9.176e+05
0.022597 9.176e+05
0.022606 9.176e+05
0.022615 9.176e+05
0.022625 9.176e+05
0.022634 9.176e+05
0.022644 9.176e+05
0.022653 9.176e+05
0.022663 9.176e+05
0.022672 9.176e+05
0.022681 9.176e+05
0.022691 9.176e+05
0.0227 9.176e+05
0.02271 9.176e+05
0.022719 9.176e+05
0.022728 9.176e+05
0.022738 9.176e+05
0.022747 9.176e+05
0.022757 9.176e+05
0.022766 9.176e+05
0.022776 9.176e+05
0.022785 9.176e+05
0.022794 9.176e+05
0.022804 9.176e+05
0.022813 9.176e+05
0.022823 9.176e+05
0.022832 9.176e+05
0.022842 9.176e+05
0.022851 9.176e+05
0.02286 9.176e+05
0.02287 9.176e+05
0.022879 9.176e+05
0.022889 9.176e+05
0.022898 9.176e+05
0.022908 9.176e+05
0.022917 9.176e+05
0.022926 9.176e+05
0.022936 9.176e+05
0.022945 9.176e+05
0.022955 9.176e+05
0.022964 9.176e+05
0.022973 9.176e+05
0.022983 9.176e+05
0.022992 9.176e+05
0.023002 9.176e+05
0.023011 9.176e+05
0.023021 9.176e+05
0.02303 9.176e+05
0.023039 9.176e+05
0.023049 9.176e+05
0.023058 9.176e+05
0.023068 9.176e+05
0.023077 9.176e+05
0.023087 9.176e+05
0.023096 9.176e+05
0.023105 9.176e+05
0.023115 9.176e+05
0.023124 9.176e+05
0.023134 9.176e+05
0.023143 9.176e+05
0.023152 9.176e+05
0.023162 9.176e+05
0.023171 9.176e+05
0.023181 9.176e+05
0.02319 9.176e+05
0.0232 9.176e+05
0.023209 9.176e+05
0.023218 9.176e+05
0.023228 9.176e+05
0.023237 9.176e+05
0.023247 9.176e+05
0.023256 9.176e+05
0.023266 9.176e+05
0.023275 9.176e+05
0.023284 9.176e+05
0.023294 9.176e+05
0.023303 9.176e+05
0.023313 9.176e+05
0.023322 9.176e+05
0.023332 9.176e+05
0.023341 9.176e+05
0.02335 9.176e+05
0.02336 9.176e+05
0.023369 9.176e+05
0.023379 9.176e+05
0.023388 9.176e+05
0.023398 9.176e+05
0.023407 9.176e+05
0.023416 9.176e+05
0.023426 9.176e+05
0.023435 9.176e+05
0.023445 9.176e+05
0.023454 9.176e+05
0.023463 9.176e+05
0.023473 9.176e+05
0.023482 9.176e+05
0.023492 9.176e+05
0.023501 9.176e+05
0.023511 9.176e+05
0.02352 9.176e+05
0.023529 9.176e+05
0.023539 9.176e+05
0.023548 9.176e+05
0.023558 9.176e+05
0.023567 9.176e+05
0.023577 9.176e+05
0.023586 9.176e+05
0.023595 9.176e+05
0.023605 9.176e+05
0.023614 9.176e+05
0.023624 9.176e+05
0.023633 9.176e+05
0.023643 9.176e+05
0.023652 9.176e+05
0.023661 9.176e+05
0.023671 9.176e+05
0.02368 9.176e+05
0.02369 9.176e+05
0.023699 9.176e+05
0.023708 9.176e+05
0.023718 9.176e+05
0.023727 9.176e+05
0.023737 9.176e+05
0.023746 9.176e+05
0.023756 9.176e+05
0.023765 9.176e+05
0.023774 9.176e+05
0.023784 9.176e+05
0.023793 9.176e+05
0.023803 9.176e+05
0.023812 9.176e+05
0.023822 9.176e+05
0.023831 9.176e+05
0.02384 9.176e+05
0.02385 9.176e+05
0.023859 9.176e+05
0.023869 9.176e+05
0.023878 9.176e+05
0.023887 9.176e+05
0.023897 9.176e+05
0.023906 9.176e+05
0.023916 9.176e+05
0.023925 9.176e+05
0.023935 9.176e+05
0.023944 9.176e+05
0.023953 9.176e+05
0.023963 9.176e+05
0.023972 9.176e+05
0.023982 9.176e+05
0.023991 9.176e+05
0.024001 9.176e+05
0.02401 9.176e+05
0.024019 9.176e+05
0.024029 9.176e+05
0.024038 9.176e+05
0.024048 9.176e+05
0.024057 9.176e+05
0.024067 9.176e+05
0.024076 9.176e+05
0.024085 9.176e+05
0.024095 9.176e+05
0.024104 9.176e+05
0.024114 9.176e+05
0.024123 9.176e+05
0.024133 9.176e+05
0.024142 9.176e+05
0.024151 9.176e+05
0.024161 9.176e+05
0.02417 9.176e+05
0.02418 9.176e+05
0.024189 9.176e+05
0.024198 9.176e+05
0.024208 9.176e+05
0.024217 9.176e+05
0.024227 9.176e+05
0.024236 9.176e+05
0.024246 9.176e+05
0.024255 9.176e+05
0.024264 9.176e+05
0.024274 9.176e+05
0.024283 9.176e+05
0.024293 9.176e+05
0.024302 9.176e+05
0.024312 9.176e+05
0.024321 9.176e+05
0.02433 9.176e+05
0.02434 9.176e+05
0.024349 9.176e+05
0.024359 9.176e+05
0.024368 9.176e+05
0.024377 9.176e+05
0.024387 9.176e+05
0.024396 9.176e+05
0.024406 9.176e+05
0.024415 9.176e+05
0.024425 9.176e+05
0.024434 9.176e+05
0.024443 9.176e+05
0.024453 9.176e+05
0.024462 9.176e+05
0.024472 9.176e+05
0.024481 9.176e+05
0.024491 9.176e+05
0.0245 9.176e+05
0.024509 9.176e+05
0.024519 9.176e+05
0.024528 9.176e+05
0.024538 9.176e+05
0.024547 9.176e+05
0.024557 9.176e+05
0.024566 9.176e+05
0.024575 9.176e+05
0.024585 9.176e+05
0.024594 9.176e+05
0.024604 9.176e+05
0.024613 9.176e+05
0.024622 9.176e+05
0.024632 9.176e+05
0.024641 9.176e+05
0.024651 9.176e+05
0.02466 9.176e+05
0.02467 9.176e+05
0.024679 9.176e+05
0.024688 9.176e+05
0.024698 9.176e+05
0.024707 9.176e+05
0.024717 9.176e+05
0.024726 9.176e+05
0.024736 9.176e+05
0.024745 9.176e+05
0.024754 9.176e+05
0.024764 9.176e+05
0.024773 9.176e+05
0.024783 9.176e+05
0.024792 9.176e+05
0.024802 9.176e+05
0.024811 9.176e+05
0.02482 9.176e+05
0.02483 9.176e+05
0.024839 9.176e+05
0.024849 9.176e+05
0.024858 9.176e+05
0.024868 9.176e+05
0.024877 9.176e+05
0.024886 9.176e+05
0.024896 9.176e+05
0.024905 9.176e+05
0.024915 9.176e+05
0.024924 9.176e+05
0.024933 9.176e+05
0.024943 9.176e+05
0.024952 9.176e+05
0.024962 9.176e+05
0.024971 9.176e+05
0.024981 9.176e+05
0.02499 9.176e+05
0.024999 9.176e+05
0.025009 9.176e+05
0.025018 9.176e+05
0.025028 9.176e+05
0.025037 9.176e+05
0.025047 9.176e+05
0.025056 9.176e+05
0.025065 9.176e+05
0.025075 9.176e+05
0.025084 9.176e+05
0.025094 9.176e+05
0.025103 9.176e+05
0.025113 9.176e+05
0.025122 9.176e+05
0.025131 9.176e+05
0.025141 9.176e+05
0.02515 9.176e+05
0.02516 9.176e+05
0.025169 9.176e+05
0.025178 9.176e+05
0.025188 9.176e+05
0.025197 9.176e+05
0.025207 9.176e+05
0.025216 9.176e+05
0.025226 9.176e+05
0.025235 9.176e+05
0.025244 9.176e+05
0.025254 9.176e+05
0.025263 9.176e+05
0.025273 9.176e+05
0.025282 9.176e+05
0.025292 9.176e+05
0.025301 9.176e+05
0.02531 9.176e+05
0.02532 9.176e+05
0.025329 9.176e+05
0.025339 9.176e+05
0.025348 9.176e+05
0.025358 9.176e+05
0.025367 9.176e+05
0.025376 9.176e+05
0.025386 9.176e+05
0.025395 9.176e+05
0.025405 9.176e+05
0.025414 9.176e+05
0.025423 9.176e+05
0.025433 9.176e+05
0.025442 9.176e+05
0.025452 9.176e+05
0.025461 9.176e+05
0.025471 9.176e+05
0.02548 9.176e+05
0.025489 9.176e+05
0.025499 9.176e+05
0.025508 9.176e+05
0.025518 9.176e+05
0.025527 9.176e+05
0.025537 9.176e+05
0.025546 9.176e+05
0.025555 9.176e+05
0.025565 9.176e+05
0.025574 9.176e+05
0.025584 9.176e+05
0.025593 9.176e+05
0.025603 9.176e+05
0.025612 9.176e+05
0.025621 9.176e+05
0.025631 9.176e+05
0.02564 9.176e+05
0.02565 9.176e+05
0.025659 9.176e+05
0.025668 9.176e+05
0.025678 9.176e+05
0.025687 9.176e+05
0.025697 9.176e+05
0.025706 9.176e+05
0.025716 9.176e+05
0.025725 9.176e+05
0.025734 9.176e+05
0.025744 9.176e+05
0.025753 9.176e+05
0.025763 9.176e+05
0.025772 9.176e+05
0.025782 9.176e+05
0.025791 9.176e+05
0.0258 9.176e+05
0.02581 9.176e+05
0.025819 9.176e+05
0.025829 9.176e+05
0.025838 9.176e+05
0.025848 9.176e+05
0.025857 9.176e+05
0.025866 9.176e+05
0.025876 9.176e+05
0.025885 9.176e+05
0.025895 9.176e+05
0.025904 9.176e+05
0.025913 9.176e+05
0.025923 9.176e+05
0.025932 9.176e+05
0.025942 9.176e+05
0.025951 9.176e+05
0.025961 9.176e+05
0.02597 9.176e+05
0.025979 9.176e+05
0.025989 9.176e+05
0.025998 9.176e+05
0.026008 9.176e+05
0.026017 9.176e+05
0.026027 9.176e+05
0.026036 9.176e+05
0.026045 9.176e+05
0.026055 9.176e+05
0.026064 9.176e+05
0.026074 9.176e+05
0.026083 9.176e+05
0.026093 9.176e+05
0.026102 9.176e+05
0.026111 9.176e+05
0.026121 9.176e+05
0.02613 9.176e+05
0.02614 9.176e+05
0.026149 9.176e+05
0.026158 9.176e+05
0.026168 9.176e+05
0.026177 9.176e+05
0.026187 9.176e+05
0.026196 9.176e+05
0.026206 9.176e+05
0.026215 9.176e+05
0.026224 9.176e+05
0.026234 9.176e+05
0.026243 9.176e+05
0.026253 9.176e+05
0.026262 9.176e+05
0.026272 9.176e+05
0.026281 9.176e+05
0.02629 9.176e+05
0.0263 9.176e+05
0.026309 9.176e+05
0.026319 9.176e+05
0.026328 9.176e+05
0.026338 9.176e+05
0.026347 9.176e+05
0.026356 9.176e+05
0.026366 9.176e+05
0.026375 9.176e+05
0.026385 9.176e+05
0.026394 9.176e+05
0.026403 9.176e+05
0.026413 9.176e+05
0.026422 9.176e+05
0.026432 9.176e+05
0.026441 9.176e+05
0.026451 9.176e+05
0.02646 9.176e+05
0.026469 9.176e+05
0.026479 9.176e+05
0.026488 9.176e+05
0.026498 9.176e+05
0.026507 9.176e+05
0.026517 9.176e+05
0.026526 9.176e+05
0.026535 9.176e+05
0.026545 9.176e+05
0.026554 9.176e+05
0.026564 9.176e+05
0.026573 9.176e+05
0.026583 9.176e+05
0.026592 9.176e+05
0.026601 9.176e+05
0.026611 9.176e+05
0.02662 9.176e+05
0.02663 9.176e+05
0.026639 9.176e+05
0.026648 9.176e+05
0.026658 9.176e+05
0.026667 9.176e+05
0.026677 9.176e+05
0.026686 9.176e+05
0.026696 9.176e+05
0.026705 9.176e+05
0.026714 9.176e+05
0.026724 9.176e+05
0.026733 9.176e+05
0.026743 9.176e+05
0.026752 9.176e+05
0.026762 9.176e+05
0.026771 9.176e+05
0.02678 9.176e+05
0.02679 9.176e+05
0.026799 9.176e+05
0.026809 9.176e+05
0.026818 9.176e+05
0.026828 9.176e+05
0.026837 9.176e+05
0.026846 9.176e+05
0.026856 9.176e+05
0.026865 9.176e+05
0.026875 9.176e+05
0.026884 9.176e+05
0.026893 9.176e+05
0.026903 9.176e+05
0.026912 9.176e+05
0.026922 9.176e+05
0.026931 9.176e+05
0.026941 9.176e+05
0.02695 9.176e+05
0.026959 9.176e+05
0.026969 9.176e+05
0.026978 9.176e+05
0.026988 9.176e+05
0.026997 9.176e+05
0.027007 9.176e+05
0.027016 9.176e+05
0.027025 9.176e+05
0.027035 9.176e+05
0.027044 9.176e+05
0.027054 9.176e+05
0.027063 9.176e+05
0.027073 9.176e+05
0.027082 9.176e+05
0.027091 9.176e+05
0.027101 9.176e+05
0.02711 9.176e+05
0.02712 9.176e+05
0.027129 9.176e+05
0.027138 9.176e+05
0.027148 9.176e+05
0.027157 9.176e+05
0.027167 9.176e+05
0.027176 9.176e+05
0.027186 9.176e+05
0.027195 9.176e+05
0.027204 9.176e+05
0.027214 9.176e+05
0.027223 9.176e+05
0.027233 9.176e+05
0.027242 9.176e+05
0.027252 9.176e+05
0.027261 9.176e+05
0.02727 9.176e+05
0.02728 9.176e+05
0.027289 9.176e+05
0.027299 9.176e+05
0.027308 9.176e+05
0.027318 9.176e+05
0.027327 9.176e+05
0.027336 9.176e+05
0.027346 9.176e+05
0.027355 9.176e+05
0.027365 9.176e+05
0.027374 9.176e+05
0.027383 9.176e+05
0.027393 9.176e+05
0.027402 9.176e+05
0.027412 9.176e+05
0.027421 9.176e+05
0.027431 9.176e+05
0.02744 9.176e+05
0.027449 9.176e+05
0.027459 9.176e+05
0.027468 9.176e+05
0.027478 9.176e+05
0.027487 9.176e+05
0.027497 9.176e+05
0.027506 9.176e+05
0.027515 9.176e+05
0.027525 9.176e+05
0.027534 9.176e+05
0.027544 9.176e+05
0.027553 9.176e+05
0.027563 9.176e+05
0.027572 9.176e+05
0.027581 9.176e+05
0.027591 9.176e+05
0.0276 9.176e+05
0.02761 9.176e+05
0.027619 9.176e+05
0.027628 9.176e+05
0.027638 9.176e+05
0.027647 9.176e+05
0.027657 9.176e+05
0.027666 9.176e+05
0.027676 9.176e+05
0.027685 9.176e+05
0.027694 9.176e+05
0.027704 9.176e+05
0.027713 9.176e+05
0.027723 9.176e+05
0.027732 9.176e+05
0.027742 9.176e+05
0.027751 9.176e+05
0.02776 9.176e+05
0.02777 9.176e+05
0.027779 9.176e+05
0.027789 9.176e+05
0.027798 9.176e+05
0.027808 9.176e+05
0.027817 9.176e+05
0.027826 9.176e+05
0.027836 9.176e+05
0.027845 9.176e+05
0.027855 9.176e+05
0.027864 9.176e+05
0.027873 9.176e+05
0.027883 9.176e+05
0.027892 9.176e+05
0.027902 9.176e+05
0.027911 9.176e+05
0.027921 9.176e+05
0.02793 9.176e+05
0.027939 9.176e+05
0.027949 9.176e+05
0.027958 9.176e+05
0.027968 9.176e+05
0.027977 9.176e+05
0.027987 9.176e+05
0.027996 9.176e+05
0.028005 9.176e+05
0.028015 9.176e+05
0.028024 9.176e+05
0.028034 9.176e+05
0.028043 9.176e+05
0.028053 9.176e+05
0.028062 9.176e+05
0.028071 9.176e+05
0.028081 9.176e+05
0.02809 9.176e+05
0.0281 9.176e+05
0.028109 9.176e+05
0.028118 9.176e+05
0.028128 9.176e+05
0.028137 9.176e+05
0.028147 9.176e+05
0.028156 9.176e+05
0.028166 9.176e+05
0.028175 9.176e+05
0.028184 9.176e+05
0.028194 9.176e+05
0.028203 9.176e+05
0.028213 9.176e+05
0.028222 9.176e+05
0.028232 9.176e+05
0.028241 9.176e+05
0.02825 9.176e+05
0.02826 9.176e+05
0.028269 9.176e+05
0.028279 9.176e+05
0.028288 9.176e+05
0.028297 9.176e+05
0.028307 9.176e+05
0.028316 9.176e+05
0.028326 9.176e+05
0.028335 9.176e+05
0.028345 9.176e+05
0.028354 9.176e+05
0.028363 9.176e+05
0.028373 9.176e+05
0.028382 9.176e+05
0.028392 9.176e+05
0.028401 9.176e+05
0.028411 9.176e+05
0.02842 9.176e+05
0.028429 9.176e+05
0.028439 9.176e+05
0.028448 9.176e+05
0.028458 9.176e+05
0.028467 9.176e+05
0.028477 9.176e+05
0.028486 9.176e+05
0.028495 9.176e+05
0.028505 9.176e+05
0.028514 9.176e+05
0.028524 9.176e+05
0.028533 9.176e+05
0.028543 9.176e+05
0.028552 9.176e+05
0.028561 9.176e+05
0.028571 9.176e+05
0.02858 9.176e+05
0.02859 9.176e+05
0.028599 9.176e+05
0.028608 9.176e+05
0.028618 9.176e+05
0.028627 9.176e+05
0.028637 9.176e+05
0.028646 9.176e+05
0.028656 9.176e+05
0.028665 9.176e+05
0.028674 9.176e+05
0.028684 9.176e+05
0.028693 9.176e+05
0.028703 9.176e+05
0.028712 9.176e+05
0.028722 9.176e+05
0.028731 9.176e+05
0.02874 9.176e+05
0.02875 9.176e+05
0.028759 9.176e+05
0.028769 9.176e+05
0.028778 9.176e+05
0.028788 9.176e+05
0.028797 9.176e+05
0.028806 9.176e+05
0.028816 9.176e+05
0.028825 9.176e+05
0.028835 9.176e+05
0.028844 9.176e+05
0.028853 9.176e+05
0.028863 9.176e+05
0.028872 9.176e+05
0.028882 9.176e+05
0.028891 9.176e+05
0.028901 9.176e+05
0.02891 9.176e+05
0.028919 9.176e+05
0.028929 9.176e+05
0.028938 9.176e+05
0.028948 9.176e+05
0.028957 9.176e+05
0.028967 9.176e+05
0.028976 9.176e+05
0.028985 9.176e+05
0.028995 9.176e+05
0.029004 9.176e+05
0.029014 9.176e+05
0.029023 9.176e+05
0.029033 9.176e+05
0.029042 9.176e+05
0.029051 9.176e+05
0.029061 9.176e+05
0.02907 9.176e+05
0.02908 9.176e+05
0.029089 9.176e+05
0.029098 9.176e+05
0.029108 9.176e+05
0.029117 9.176e+05
0.029127 9.176e+05
0.029136 9.176e+05
0.029146 9.176e+05
0.029155 9.176e+05
0.029164 9.176e+05
0.029174 9.176e+05
0.029183 9.176e+05
0.029193 9.176e+05
0.029202 9.176e+05
0.029212 9.176e+05
0.029221 9.176e+05
0.02923 9.176e+05
0.02924 9.176e+05
0.029249 9.176e+05
0.029259 9.176e+05
0.029268 9.176e+05
0.029278 9.176e+05
0.029287 9.176e+05
0.029296 9.176e+05
0.029306 9.176e+05
0.029315 9.176e+05
0.029325 9.176e+05
0.029334 9.176e+05
0.029343 9.176e+05
0.029353 9.176e+05
0.029362 9.176e+05
0.029372 9.176e+05
0.029381 9.176e+05
0.029391 9.176e+05
0.0294 9.176e+05
0.029409 9.176e+05
0.029419 9.176e+05
0.029428 9.176e+05
0.029438 9.176e+05
0.029447 9.176e+05
0.029457 9.176e+05
0.029466 9.176e+05
0.029475 9.176e+05
0.029485 9.176e+05
0.029494 9.176e+05
0.029504 9.176e+05
0.029513 9.176e+05
0.029523 9.176e+05
0.029532 9.176e+05
0.029541 9.176e+05
0.029551 9.176e+05
0.02956 9.176e+05
0.02957 9.176e+05
0.029579 9.176e+05
0.029588 9.176e+05
0.029598 9.176e+05
0.029607 9.176e+05
0.029617 9.176e+05
0.029626 9.176e+05
0.029636 9.176e+05
0.029645 9.176e+05
0.029654 9.176e+05
0.029664 9.176e+05
0.029673 9.176e+05
0.029683 9.176e+05
0.029692 9.176e+05
0.029702 9.176e+05
0.029711 9.176e+05
0.02972 9.176e+05
0.02973 9.176e+05
0.029739 9.176e+05
0.029749 9.176e+05
0.029758 9.176e+05
0.029767 9.176e+05
0.029777 9.176e+05
0.029786 9.176e+05
0.029796 9.176e+05
0.029805 9.176e+05
0.029815 9.176e+05
0.029824 9.176e+05
0.029833 9.176e+05
0.029843 9.176e+05
0.029852 9.176e+05
0.029862 9.176e+05
0.029871 9.176e+05
0.029881 9.176e+05
0.02989 9.176e+05
0.029899 9.176e+05
0.029909 9.176e+05
0.029918 9.176e+05
0.029928 9.176e+05
0.029937 9.176e+05
0.029947 9.176e+05
0.029956 9.176e+05
0.029965 9.176e+05
0.029975 9.176e+05
0.029984 9.176e+05
0.029994 9.176e+05
0.030003 9.176e+05
0.030013 9.176e+05
0.030022 9.176e+05
0.030031 9.176e+05
0.030041 9.176e+05
0.03005 9.176e+05
0.03006 9.176e+05
0.030069 9.176e+05
0.030078 9.176e+05
0.030088 9.176e+05
0.030097 9.176e+05
0.030107 9.176e+05
0.030116 9.176e+05
0.030126 9.176e+05
0.030135 9.176e+05
0.030144 9.176e+05
0.030154 9.176e+05
0.030163 9.176e+05
0.030173 9.176e+05
0.030182 9.176e+05
0.030192 9.176e+05
0.030201 9.176e+05
0.03021 9.176e+05
0.03022 9.176e+05
0.030229 9.176e+05
0.030239 9.176e+05
0.030248 9.176e+05
0.030257 9.176e+05
0.030267 9.176e+05
0.030276 9.176e+05
0.030286 9.176e+05
0.030295 9.176e+05
0.030305 9.176e+05
0.030314 9.176e+05
0.030323 9.176e+05
0.030333 9.176e+05
0.030342 9.176e+05
0.030352 9.176e+05
0.030361 9.176e+05
0.030371 9.176e+05
0.03038 9.176e+05
0.030389 9.176e+05
0.030399 9.176e+05
0.030408 9.176e+05
0.030418 9.176e+05
0.030427 9.176e+05
0.030437 9.176e+05
0.030446 9.176e+05
0.030455 9.176e+05
0.030465 9.176e+05
0.030474 9.176e+05
0.030484 9.176e+05
0.030493 9.176e+05
0.030503 9.176e+05
0.030512 9.176e+05
0.030521 9.176e+05
0.030531 9.176e+05
0.03054 9.176e+05
0.03055 9.176e+05
0.030559 9.176e+05
0.030568 9.176e+05
0.030578 9.176e+05
0.030587 9.176e+05
0.030597 9.176e+05
0.030606 9.176e+05
0.030616 9.176e+05
0.030625 9.176e+05
0.030634 9.176e+05
0.030644 9.176e+05
0.030653 9.176e+05
0.030663 9.176e+05
0.030672 9.176e+05
0.030682 9.176e+05
0.030691 9.176e+05
0.0307 9.176e+05
0.03071 9.176e+05
0.030719 9.176e+05
0.030729 9.176e+05
0.030738 9.176e+05
0.030747 9.176e+05
0.030757 9.176e+05
0.030766 9.176e+05
0.030776 9.176e+05
0.030785 9.176e+05
0.030795 9.176e+05
0.030804 9.176e+05
0.030813 9.176e+05
0.030823 9.176e+05
0.030832 9.176e+05
0.030842 9.176e+05
0.030851 9.176e+05
0.030861 9.176e+05
0.03087 9.176e+05
0.030879 9.176e+05
0.030889 9.176e+05
0.030898 9.176e+05
0.030908 9.176e+05
0.030917 9.176e+05
0.030927 9.176e+05
0.030936 9.176e+05
0.030945 9.176e+05
0.030955 9.176e+05
0.030964 9.176e+05
0.030974 9.176e+05
0.030983 9.176e+05
0.030993 9.176e+05
0.031002 9.176e+05
0.031011 9.176e+05
0.031021 9.176e+05
0.03103 9.176e+05
0.03104 9.176e+05
0.031049 9.176e+05
0.031058 9.176e+05
0.031068 9.176e+05
0.031077 9.176e+05
0.031087 9.176e+05
0.031096 9.176e+05
0.031106 9.176e+05
0.031115 9.176e+05
0.031124 9.176e+05
0.031134 9.176e+05
0.031143 9.176e+05
0.031153 9.176e+05
0.031162 9.176e+05
0.031172 9.176e+05
0.031181 9.176e+05
0.03119 9.176e+05
0.0312 9.176e+05
0.031209 9.176e+05
0.031219 9.176e+05
0.031228 9.176e+05
0.031238 9.176e+05
0.031247 9.176e+05
0.031256 9.176e+05
0.031266 9.176e+05
0.031275 9.176e+05
0.031285 9.176e+05
0.031294 9.176e+05
0.031303 9.176e+05
0.031313 9.176e+05
0.031322 9.176e+05
0.031332 9.176e+05
0.031341 9.176e+05
0.031351 9.176e+05
0.03136 9.176e+05
0.031369 9.176e+05
0.031379 9.176e+05
0.031388 9.176e+05
0.031398 9.176e+05
0.031407 9.176e+05
0.031417 9.176e+05
0.031426 9.176e+05
0.031435 9.176e+05
0.031445 9.176e+05
0.031454 9.176e+05
0.031464 9.176e+05
0.031473 9.176e+05
0.031483 9.176e+05
0.031492 9.176e+05
0.031501 9.176e+05
0.031511 9.176e+05
0.03152 9.176e+05
0.03153 9.176e+05
0.031539 9.176e+05
0.031548 9.176e+05
0.031558 9.176e+05
0.031567 9.176e+05
0.031577 9.176e+05
0.031586 9.176e+05
0.031596 9.176e+05
0.031605 9.176e+05
0.031614 9.176e+05
0.031624 9.176e+05
0.031633 9.176e+05
0.031643 9.176e+05
0.031652 9.176e+05
0.031662 9.176e+05
0.031671 9.176e+05
0.03168 9.176e+05
0.03169 9.176e+05
0.031699 9.176e+05
0.031709 9.176e+05
0.031718 9.176e+05
0.031728 9.176e+05
0.031737 9.176e+05
0.031746 9.176e+05
0.031756 9.176e+05
0.031765 9.176e+05
0.031775 9.176e+05
0.031784 9.176e+05
0.031793 9.176e+05
0.031803 9.176e+05
0.031812 9.176e+05
0.031822 9.176e+05
0.031831 9.176e+05
0.031841 9.176e+05
0.03185 9.176e+05
0.031859 9.176e+05
0.031869 9.176e+05
0.031878 9.176e+05
0.031888 9.176e+05
0.031897 9.176e+05
0.031907 9.176e+05
0.031916 9.176e+05
0.031925 9.176e+05
0.031935 9.176e+05
0.031944 9.176e+05
0.031954 9.176e+05
0.031963 9.176e+05
0.031973 9.176e+05
0.031982 9.176e+05
0.031991 9.176e+05
0.032001 9.176e+05
0.03201 9.176e+05
0.03202 9.176e+05
0.032029 9.176e+05
0.032038 9.176e+05
0.032048 9.176e+05
0.032057 9.176e+05
0.032067 9.176e+05
0.032076 9.176e+05
0.032086 9.176e+05
0.032095 9.176e+05
0.032104 9.176e+05
0.032114 9.176e+05
0.032123 9.176e+05
0.032133 9.176e+05
0.032142 9.176e+05
0.032152 9.176e+05
0.032161 9.176e+05
0.03217 9.176e+05
0.03218 9.176e+05
0.032189 9.176e+05
0.032199 9.176e+05
0.032208 9.176e+05
0.032218 9.176e+05
0.032227 9.176e+05
0.032236 9.176e+05
0.032246 9.176e+05
0.032255 9.176e+05
0.032265 9.176e+05
0.032274 9.176e+05
0.032283 9.176e+05
0.032293 9.176e+05
0.032302 9.176e+05
0.032312 9.176e+05
0.032321 9.176e+05
0.032331 9.176e+05
0.03234 9.176e+05
0.032349 9.176e+05
0.032359 9.176e+05
0.032368 9.176e+05
0.032378 9.176e+05
0.032387 9.176e+05
0.032397 9.176e+05
0.032406 9.176e+05
0.032415 9.176e+05
0.032425 9.176e+05
0.032434 9.176e+05
0.032444 9.176e+05
0.032453 9.176e+05
0.032462 9.176e+05
0.032472 9.176e+05
0.032481 9.176e+05
0.032491 9.176e+05
0.0325 9.176e+05
0.03251 9.176e+05
0.032519 9.176e+05
0.032528 9.176e+05
0.032538 9.176e+05
0.032547 9.176e+05
0.032557 9.176e+05
0.032566 9.176e+05
0.032576 9.176e+05
0.032585 9.176e+05
0.032594 9.176e+05
0.032604 9.176e+05
0.032613 9.176e+05
0.032623 9.176e+05
0.032632 9.176e+05
0.032642 9.176e+05
0.032651 9.176e+05
0.03266 9.176e+05
0.03267 9.176e+05
0.032679 9.176e+05
0.032689 9.176e+05
0.032698 9.176e+05
0.032708 9.176e+05
0.032717 9.176e+05
0.032726 9.176e+05
0.032736 9.176e+05
0.032745 9.176e+05
0.032755 9.176e+05
0.032764 9.176e+05
0.032773 9.176e+05
0.032783 9.176e+05
0.032792 9.176e+05
0.032802 9.176e+05
0.032811 9.176e+05
0.032821 9.176e+05
0.03283 9.176e+05
0.032839 9.176e+05
0.032849 9.176e+05
0.032858 9.176e+05
0.032868 9.176e+05
0.032877 9.176e+05
0.032887 9.176e+05
0.032896 9.176e+05
0.032905 9.176e+05
0.032915 9.176e+05
0.032924 9.176e+05
0.032934 9.176e+05
0.032943 9.176e+05
0.032953 9.176e+05
0.032962 9.176e+05
0.032971 9.176e+05
0.032981 9.176e+05
1 9.176e+05
