9.4231e-06 2.4011e+05
1.8846e-05 2.4011e+05
2.8269e-05 2.4011e+05
3.7692e-05 2.4011e+05
4.7115e-05 2.4011e+05
5.6538e-05 2.4011e+05
6.5962e-05 2.4011e+05
7.5385e-05 2.4011e+05
8.4808e-05 2.4011e+05
9.4231e-05 2.4011e+05
0.00010365 2.401e+05
0.00011308 2.401e+05
0.0001225 2.401e+05
0.00013192 2.401e+05
0.00014135 2.4009e+05
0.00015077 2.4008e+05
0.00016019 2.4007e+05
0.00016962 2.4005e+05
0.00017904 2.4003e+05
0.00018846 2.4e+05
0.00019788 2.3995e+05
0.00020731 2.3989e+05
0.00021673 2.398e+05
0.00022615 2.3968e+05
0.00023558 2.3953e+05
0.000245 2.3932e+05
0.00025442 2.3905e+05
0.00026385 2.387e+05
0.00027327 2.3825e+05
0.00028269 2.3768e+05
0.00029212 2.3697e+05
0.00030154 2.3608e+05
0.00031096 2.3499e+05
0.00032038 2.3367e+05
0.00032981 2.3208e+05
0.00033923 2.302e+05
0.00034865 2.2799e+05
0.00035808 2.2543e+05
0.0003675 2.225e+05
0.00037692 2.1918e+05
0.00038635 2.1547e+05
0.00039577 2.1137e+05
0.00040519 2.0689e+05
0.00041462 2.0207e+05
0.00042404 1.9694e+05
0.00043346 1.9155e+05
0.00044288 1.8596e+05
0.00045231 1.8022e+05
0.00046173 1.7441e+05
0.00047115 1.686e+05
0.00048058 1.6285e+05
0.00049 1.5722e+05
0.00049942 1.5179e+05
0.00050885 1.4659e+05
0.00051827 1.4167e+05
0.00052769 1.3707e+05
0.00053712 1.3282e+05
0.00054654 1.2893e+05
0.00055596 1.2541e+05
0.00056538 1.2227e+05
0.00057481 1.195e+05
0.00058423 1.171e+05
0.00059365 1.1506e+05
0.00060308 1.1336e+05
0.0006125 1.1198e+05
0.00062192 1.109e+05
0.00063135 1.1011e+05
0.00064077 1.0958e+05
0.00065019 1.093e+05
0.00065962 1.0924e+05
0.00066904 1.0938e+05
0.00067846 1.0971e+05
0.00068788 1.1021e+05
0.00069731 1.1085e+05
0.00070673 1.1163e+05
0.00071615 1.1254e+05
0.00072558 1.1355e+05
0.000735 1.1466e+05
0.00074442 1.1586e+05
0.00075385 1.1714e+05
0.00076327 1.1849e+05
0.00077269 1.1991e+05
0.00078212 1.2138e+05
0.00079154 1.2292e+05
0.00080096 1.245e+05
0.00081038 1.2613e+05
0.00081981 1.278e+05
0.00082923 1.2952e+05
0.00083865 1.3127e+05
0.00084808 1.3306e+05
0.0008575 1.3488e+05
0.00086692 1.3674e+05
0.00087635 1.3862e+05
0.00088577 1.4053e+05
0.00089519 1.4246e+05
0.00090462 1.4442e+05
0.00091404 1.4639e+05
0.00092346 1.4838e+05
0.00093288 1.5039e+05
0.00094231 1.5241e+05
0.00095173 1.5444e+05
0.00096115 1.5648e+05
0.00097058 1.5853e+05
0.00098 1.6058e+05
0.00098942 1.6263e+05
0.00099885 1.6468e+05
0.0010083 1.6672e+05
0.0010177 1.6876e+05
0.0010271 1.708e+05
0.0010365 1.7282e+05
0.001046 1.7482e+05
0.0010554 1.7682e+05
0.0010648 1.7879e+05
0.0010742 1.8075e+05
0.0010837 1.8269e+05
0.0010931 1.846e+05
0.0011025 1.8649e+05
0.0011119 1.8835e+05
0.0011213 1.9019e+05
0.0011308 1.9199e+05
0.0011402 1.9376e+05
0.0011496 1.955e+05
0.001159 1.9721e+05
0.0011685 1.9888e+05
0.0011779 2.0052e+05
0.0011873 2.0212e+05
0.0011967 2.0368e+05
0.0012062 2.052e+05
0.0012156 2.0668e+05
0.001225 2.0813e+05
0.0012344 2.0953e+05
0.0012438 2.109e+05
0.0012533 2.1222e+05
0.0012627 2.135e+05
0.0012721 2.1474e+05
0.0012815 2.1595e+05
0.001291 2.1711e+05
0.0013004 2.1823e+05
0.0013098 2.1931e+05
0.0013192 2.2035e+05
0.0013287 2.2136e+05
0.0013381 2.2232e+05
0.0013475 2.2325e+05
0.0013569 2.2414e+05
0.0013663 2.2499e+05
0.0013758 2.2581e+05
0.0013852 2.266e+05
0.0013946 2.2735e+05
0.001404 2.2806e+05
0.0014135 2.2875e+05
0.0014229 2.294e+05
0.0014323 2.3002e+05
0.0014417 2.3061e+05
0.0014512 2.3118e+05
0.0014606 2.3171e+05
0.00147 2.3222e+05
0.0014794 2.3271e+05
0.0014888 2.3316e+05
0.0014983 2.336e+05
0.0015077 2.3401e+05
0.0015171 2.344e+05
0.0015265 2.3477e+05
0.001536 2.3511e+05
0.0015454 2.3544e+05
0.0015548 2.3575e+05
0.0015642 2.3604e+05
0.0015737 2.3632e+05
0.0015831 2.3658e+05
0.0015925 2.3682e+05
0.0016019 2.3705e+05
0.0016113 2.3726e+05
0.0016208 2.3746e+05
0.0016302 2.3765e+05
0.0016396 2.3783e+05
0.001649 2.3799e+05
0.0016585 2.3815e+05
0.0016679 2.3829e+05
0.0016773 2.3843e+05
0.0016867 2.3855e+05
0.0016962 2.3867e+05
0.0017056 2.3878e+05
0.001715 2.3888e+05
0.0017244 2.3897e+05
0.0017338 2.3906e+05
0.0017433 2.3914e+05
0.0017527 2.3922e+05
0.0017621 2.3929e+05
0.0017715 2.3936e+05
0.001781 2.3942e+05
0.0017904 2.3947e+05
0.0017998 2.3952e+05
0.0018092 2.3957e+05
0.0018187 2.3962e+05
0.0018281 2.3966e+05
0.0018375 2.397e+05
0.0018469 2.3973e+05
0.0018563 2.3976e+05
0.0018658 2.3979e+05
0.0018752 2.3982e+05
0.0018846 2.3984e+05
0.001894 2.3987e+05
0.0019035 2.3989e+05
0.0019129 2.3991e+05
0.0019223 2.3993e+05
0.0019317 2.3994e+05
0.0019412 2.3996e+05
0.0019506 2.3997e+05
0.00196 2.3998e+05
0.0019694 2.3999e+05
0.0019788 2.4e+05
0.0019883 2.4001e+05
0.0019977 2.4002e+05
0.0020071 2.4003e+05
0.0020165 2.4004e+05
0.002026 2.4004e+05
0.0020354 2.4005e+05
0.0020448 2.4006e+05
0.0020542 2.4006e+05
0.0020637 2.4007e+05
0.0020731 2.4007e+05
0.0020825 2.4007e+05
0.0020919 2.4008e+05
0.0021013 2.4008e+05
0.0021108 2.4008e+05
0.0021202 2.4009e+05
0.0021296 2.4009e+05
0.002139 2.4009e+05
0.0021485 2.4009e+05
0.0021579 2.4009e+05
0.0021673 2.4009e+05
0.0021767 2.401e+05
0.0021862 2.401e+05
0.0021956 2.401e+05
0.002205 2.401e+05
0.0022144 2.401e+05
0.0022238 2.401e+05
0.0022333 2.401e+05
0.0022427 2.401e+05
0.0022521 2.401e+05
0.0022615 2.401e+05
0.002271 2.401e+05
0.0022804 2.401e+05
0.0022898 2.401e+05
0.0022992 2.401e+05
0.0023087 2.401e+05
0.0023181 2.4011e+05
0.0023275 2.4011e+05
0.0023369 2.4011e+05
0.0023463 2.4011e+05
0.0023558 2.4011e+05
0.0023652 2.4011e+05
0.0023746 2.4011e+05
0.002384 2.4011e+05
0.0023935 2.4011e+05
0.0024029 2.4011e+05
0.0024123 2.4011e+05
0.0024217 2.4011e+05
0.0024312 2.4011e+05
0.0024406 2.4011e+05
0.00245 2.4011e+05
0.0024594 2.4011e+05
0.0024688 2.4011e+05
0.0024783 2.4011e+05
0.0024877 2.4011e+05
0.0024971 2.4011e+05
0.0025065 2.4011e+05
0.002516 2.4011e+05
0.0025254 2.4011e+05
0.0025348 2.4011e+05
0.0025442 2.4011e+05
0.0025537 2.4011e+05
0.0025631 2.4011e+05
0.0025725 2.4011e+05
0.0025819 2.4011e+05
0.0025913 2.4011e+05
0.0026008 2.4011e+05
0.0026102 2.4011e+05
0.0026196 2.4011e+05
0.002629 2.4011e+05
0.0026385 2.4011e+05
0.0026479 2.4011e+05
0.0026573 2.4011e+05
0.0026667 2.4011e+05
0.0026762 2.4011e+05
0.0026856 2.4011e+05
0.002695 2.4011e+05
0.0027044 2.4011e+05
0.0027138 2.4011e+05
0.0027233 2.4011e+05
0.0027327 2.4011e+05
0.0027421 2.4011e+05
0.0027515 2.4011e+05
0.002761 2.4011e+05
0.0027704 2.4011e+05
0.0027798 2.4011e+05
0.0027892 2.4011e+05
0.0027987 2.4011e+05
0.0028081 2.4011e+05
0.0028175 2.4011e+05
0.0028269 2.4011e+05
0.0028363 2.4011e+05
0.0028458 2.4011e+05
0.0028552 2.4011e+05
0.0028646 2.4011e+05
0.002874 2.4011e+05
0.0028835 2.4011e+05
0.0028929 2.4011e+05
0.0029023 2.4011e+05
0.0029117 2.4011e+05
0.0029212 2.4011e+05
0.0029306 2.4011e+05
0.00294 2.4011e+05
0.0029494 2.4011e+05
0.0029588 2.4011e+05
0.0029683 2.4011e+05
0.0029777 2.4011e+05
0.0029871 2.4011e+05
0.0029965 2.4011e+05
0.003006 2.4011e+05
0.0030154 2.4011e+05
0.0030248 2.4011e+05
0.0030342 2.4011e+05
0.0030437 2.4011e+05
0.0030531 2.4011e+05
0.0030625 2.4011e+05
0.0030719 2.4011e+05
0.0030813 2.4011e+05
0.0030908 2.4011e+05
0.0031002 2.4011e+05
0.0031096 2.4011e+05
0.003119 2.4011e+05
0.0031285 2.4011e+05
0.0031379 2.4011e+05
0.0031473 2.4011e+05
0.0031567 2.4011e+05
0.0031662 2.4011e+05
0.0031756 2.4011e+05
0.003185 2.4011e+05
0.0031944 2.4011e+05
0.0032038 2.4011e+05
0.0032133 2.4011e+05
0.0032227 2.4011e+05
0.0032321 2.4011e+05
0.0032415 2.4011e+05
0.003251 2.4011e+05
0.0032604 2.4011e+05
0.0032698 2.4011e+05
0.0032792 2.4011e+05
0.0032887 2.4011e+05
0.0032981 2.4011e+05
0.0033075 2.4011e+05
0.0033169 2.4011e+05
0.0033263 2.4011e+05
0.0033358 2.4011e+05
0.0033452 2.4011e+05
0.0033546 2.4011e+05
0.003364 2.4011e+05
0.0033735 2.4011e+05
0.0033829 2.4011e+05
0.0033923 2.4011e+05
0.0034017 2.4011e+05
0.0034112 2.4011e+05
0.0034206 2.4011e+05
0.00343 2.4011e+05
0.0034394 2.4011e+05
0.0034488 2.4011e+05
0.0034583 2.4011e+05
0.0034677 2.4011e+05
0.0034771 2.4011e+05
0.0034865 2.4011e+05
0.003496 2.4011e+05
0.0035054 2.4011e+05
0.0035148 2.4011e+05
0.0035242 2.4011e+05
0.0035337 2.4011e+05
0.0035431 2.4011e+05
0.0035525 2.4011e+05
0.0035619 2.4011e+05
0.0035713 2.4011e+05
0.0035808 2.4011e+05
0.0035902 2.4011e+05
0.0035996 2.4011e+05
0.003609 2.4011e+05
0.0036185 2.4011e+05
0.0036279 2.4011e+05
0.0036373 2.4011e+05
0.0036467 2.4011e+05
0.0036562 2.4011e+05
0.0036656 2.4011e+05
0.003675 2.4011e+05
0.0036844 2.4011e+05
0.0036938 2.4011e+05
0.0037033 2.4011e+05
0.0037127 2.4011e+05
0.0037221 2.4011e+05
0.0037315 2.4011e+05
0.003741 2.4011e+05
0.0037504 2.4011e+05
0.0037598 2.4011e+05
0.0037692 2.4011e+05
0.0037787 2.4011e+05
0.0037881 2.4011e+05
0.0037975 2.4011e+05
0.0038069 2.4011e+05
0.0038163 2.4011e+05
0.0038258 2.4011e+05
0.0038352 2.4011e+05
0.0038446 2.4011e+05
0.003854 2.4011e+05
0.0038635 2.4011e+05
0.0038729 2.4011e+05
0.0038823 2.4011e+05
0.0038917 2.4011e+05
0.0039012 2.4011e+05
0.0039106 2.4011e+05
0.00392 2.4011e+05
0.0039294 2.4011e+05
0.0039388 2.4011e+05
0.0039483 2.4011e+05
0.0039577 2.4011e+05
0.0039671 2.4011e+05
0.0039765 2.4011e+05
0.003986 2.4011e+05
0.0039954 2.4011e+05
0.0040048 2.4011e+05
0.0040142 2.4011e+05
0.0040237 2.4011e+05
0.0040331 2.4011e+05
0.0040425 2.4011e+05
0.0040519 2.4011e+05
0.0040613 2.4011e+05
0.0040708 2.4011e+05
0.0040802 2.4011e+05
0.0040896 2.4011e+05
0.004099 2.4011e+05
0.0041085 2.4011e+05
0.0041179 2.4011e+05
0.0041273 2.4011e+05
0.0041367 2.4011e+05
0.0041462 2.4011e+05
0.0041556 2.4011e+05
0.004165 2.4011e+05
0.0041744 2.4011e+05
0.0041838 2.4011e+05
0.0041933 2.4011e+05
0.0042027 2.4011e+05
0.0042121 2.4011e+05
0.0042215 2.4011e+05
0.004231 2.4011e+05
0.0042404 2.4011e+05
0.0042498 2.4011e+05
0.0042592 2.4011e+05
0.0042687 2.4011e+05
0.0042781 2.4011e+05
0.0042875 2.4011e+05
0.0042969 2.4011e+05
0.0043063 2.4011e+05
0.0043158 2.4011e+05
0.0043252 2.4011e+05
0.0043346 2.4011e+05
0.004344 2.4011e+05
0.0043535 2.4011e+05
0.0043629 2.4011e+05
0.0043723 2.4011e+05
0.0043817 2.4011e+05
0.0043912 2.4011e+05
0.0044006 2.4011e+05
0.00441 2.4011e+05
0.0044194 2.4011e+05
0.0044288 2.4011e+05
0.0044383 2.4011e+05
0.0044477 2.4011e+05
0.0044571 2.4011e+05
0.0044665 2.4011e+05
0.004476 2.4011e+05
0.0044854 2.4011e+05
0.0044948 2.4011e+05
0.0045042 2.4011e+05
0.0045137 2.4011e+05
0.0045231 2.4011e+05
0.0045325 2.4011e+05
0.0045419 2.4011e+05
0.0045513 2.4011e+05
0.0045608 2.4011e+05
0.0045702 2.4011e+05
0.0045796 2.4011e+05
0.004589 2.4011e+05
0.0045985 2.4011e+05
0.0046079 2.4011e+05
0.0046173 2.4011e+05
0.0046267 2.4011e+05
0.0046362 2.4011e+05
0.0046456 2.4011e+05
0.004655 2.4011e+05
0.0046644 2.4011e+05
0.0046738 2.4011e+05
0.0046833 2.4011e+05
0.0046927 2.4011e+05
0.0047021 2.4011e+05
0.0047115 2.4011e+05
0.004721 2.4011e+05
0.0047304 2.4011e+05
0.0047398 2.4011e+05
0.0047492 2.4011e+05
0.0047587 2.4011e+05
0.0047681 2.4011e+05
0.0047775 2.4011e+05
0.0047869 2.4011e+05
0.0047963 2.4011e+05
0.0048058 2.4011e+05
0.0048152 2.4011e+05
0.0048246 2.4011e+05
0.004834 2.4011e+05
0.0048435 2.4011e+05
0.0048529 2.4011e+05
0.0048623 2.4011e+05
0.0048717 2.4011e+05
0.0048812 2.4011e+05
0.0048906 2.4011e+05
0.0049 2.4011e+05
0.0049094 2.4011e+05
0.0049188 2.4011e+05
0.0049283 2.4011e+05
0.0049377 2.4011e+05
0.0049471 2.4011e+05
0.0049565 2.4011e+05
0.004966 2.4011e+05
0.0049754 2.4011e+05
0.0049848 2.4011e+05
0.0049942 2.4011e+05
0.0050037 2.4011e+05
0.0050131 2.4011e+05
0.0050225 2.4011e+05
0.0050319 2.4011e+05
0.0050413 2.4011e+05
0.0050508 2.4011e+05
0.0050602 2.4011e+05
0.0050696 2.4011e+05
0.005079 2.4011e+05
0.0050885 2.4011e+05
0.0050979 2.4011e+05
0.0051073 2.4011e+05
0.0051167 2.4011e+05
0.0051262 2.4011e+05
0.0051356 2.4011e+05
0.005145 2.4011e+05
0.0051544 2.4011e+05
0.0051638 2.4011e+05
0.0051733 2.4011e+05
0.0051827 2.4011e+05
0.0051921 2.4011e+05
0.0052015 2.4011e+05
0.005211 2.4011e+05
0.0052204 2.4011e+05
0.0052298 2.4011e+05
0.0052392 2.4011e+05
0.0052487 2.4011e+05
0.0052581 2.4011e+05
0.0052675 2.4011e+05
0.0052769 2.4011e+05
0.0052863 2.4011e+05
0.0052958 2.4011e+05
0.0053052 2.4011e+05
0.0053146 2.4011e+05
0.005324 2.4011e+05
0.0053335 2.4011e+05
0.0053429 2.4011e+05
0.0053523 2.4011e+05
0.0053617 2.4011e+05
0.0053712 2.4011e+05
0.0053806 2.4011e+05
0.00539 2.4011e+05
0.0053994 2.4011e+05
0.0054088 2.4011e+05
0.0054183 2.4011e+05
0.0054277 2.4011e+05
0.0054371 2.4011e+05
0.0054465 2.4011e+05
0.005456 2.4011e+05
0.0054654 2.4011e+05
0.0054748 2.4011e+05
0.0054842 2.4011e+05
0.0054937 2.4011e+05
0.0055031 2.4011e+05
0.0055125 2.4011e+05
0.0055219 2.4011e+05
0.0055313 2.4011e+05
0.0055408 2.4011e+05
0.0055502 2.4011e+05
0.0055596 2.4011e+05
0.005569 2.4011e+05
0.0055785 2.4011e+05
0.0055879 2.4011e+05
0.0055973 2.4011e+05
0.0056067 2.4011e+05
0.0056162 2.4011e+05
0.0056256 2.4011e+05
0.005635 2.4011e+05
0.0056444 2.4011e+05
0.0056538 2.4011e+05
0.0056633 2.4011e+05
0.0056727 2.4011e+05
0.0056821 2.4011e+05
0.0056915 2.4011e+05
0.005701 2.4011e+05
0.0057104 2.4011e+05
0.0057198 2.4011e+05
0.0057292 2.4011e+05
0.0057387 2.4011e+05
0.0057481 2.4011e+05
0.0057575 2.4011e+05
0.0057669 2.4011e+05
0.0057763 2.4011e+05
0.0057858 2.4011e+05
0.0057952 2.4011e+05
0.0058046 2.4011e+05
0.005814 2.4011e+05
0.0058235 2.4011e+05
0.0058329 2.4011e+05
0.0058423 2.4011e+05
0.0058517 2.4011e+05
0.0058612 2.4011e+05
0.0058706 2.4011e+05
0.00588 2.4011e+05
0.0058894 2.4011e+05
0.0058988 2.4011e+05
0.0059083 2.4011e+05
0.0059177 2.4011e+05
0.0059271 2.4011e+05
0.0059365 2.4011e+05
0.005946 2.4011e+05
0.0059554 2.4011e+05
0.0059648 2.4011e+05
0.0059742 2.4011e+05
0.0059837 2.4011e+05
0.0059931 2.4011e+05
0.0060025 2.4011e+05
0.0060119 2.4011e+05
0.0060213 2.4011e+05
0.0060308 2.4011e+05
0.0060402 2.4011e+05
0.0060496 2.4011e+05
0.006059 2.4011e+05
0.0060685 2.4011e+05
0.0060779 2.4011e+05
0.0060873 2.4011e+05
0.0060967 2.4011e+05
0.0061062 2.4011e+05
0.0061156 2.4011e+05
0.006125 2.4011e+05
0.0061344 2.4011e+05
0.0061438 2.4011e+05
0.0061533 2.4011e+05
0.0061627 2.4011e+05
0.0061721 2.4011e+05
0.0061815 2.4011e+05
0.006191 2.4011e+05
0.0062004 2.4011e+05
0.0062098 2.4011e+05
0.0062192 2.4011e+05
0.0062287 2.4011e+05
0.0062381 2.4011e+05
0.0062475 2.4011e+05
0.0062569 2.4011e+05
0.0062663 2.4011e+05
0.0062758 2.4011e+05
0.0062852 2.4011e+05
0.0062946 2.4011e+05
0.006304 2.4011e+05
0.0063135 2.4011e+05
0.0063229 2.4011e+05
0.0063323 2.4011e+05
0.0063417 2.4011e+05
0.0063512 2.4011e+05
0.0063606 2.4011e+05
0.00637 2.4011e+05
0.0063794 2.4011e+05
0.0063888 2.4011e+05
0.0063983 2.4011e+05
0.0064077 2.4011e+05
0.0064171 2.4011e+05
0.0064265 2.4011e+05
0.006436 2.4011e+05
0.0064454 2.4011e+05
0.0064548 2.4011e+05
0.0064642 2.4011e+05
0.0064737 2.4011e+05
0.0064831 2.4011e+05
0.0064925 2.4011e+05
0.0065019 2.4011e+05
0.0065113 2.4011e+05
0.0065208 2.4011e+05
0.0065302 2.4011e+05
0.0065396 2.4011e+05
0.006549 2.4011e+05
0.0065585 2.4011e+05
0.0065679 2.4011e+05
0.0065773 2.4011e+05
0.0065867 2.4011e+05
0.0065962 2.4011e+05
0.0066056 2.4011e+05
0.006615 2.4011e+05
0.0066244 2.4011e+05
0.0066338 2.4011e+05
0.0066433 2.4011e+05
0.0066527 2.4011e+05
0.0066621 2.4011e+05
0.0066715 2.4011e+05
0.006681 2.4011e+05
0.0066904 2.4011e+05
0.0066998 2.4011e+05
0.0067092 2.4011e+05
0.0067187 2.4011e+05
0.0067281 2.4011e+05
0.0067375 2.4011e+05
0.0067469 2.4011e+05
0.0067563 2.4011e+05
0.0067658 2.4011e+05
0.0067752 2.4011e+05
0.0067846 2.4011e+05
0.006794 2.4011e+05
0.0068035 2.4011e+05
0.0068129 2.4011e+05
0.0068223 2.4011e+05
0.0068317 2.4011e+05
0.0068412 2.4011e+05
0.0068506 2.4011e+05
0.00686 2.4011e+05
0.0068694 2.4011e+05
0.0068788 2.4011e+05
0.0068883 2.4011e+05
0.0068977 2.4011e+05
0.0069071 2.4011e+05
0.0069165 2.4011e+05
0.006926 2.4011e+05
0.0069354 2.4011e+05
0.0069448 2.4011e+05
0.0069542 2.4011e+05
0.0069637 2.4011e+05
0.0069731 2.4011e+05
0.0069825 2.4011e+05
0.0069919 2.4011e+05
0.0070013 2.4011e+05
0.0070108 2.4011e+05
0.0070202 2.4011e+05
0.0070296 2.4011e+05
0.007039 2.4011e+05
0.0070485 2.4011e+05
0.0070579 2.4011e+05
0.0070673 2.4011e+05
0.0070767 2.4011e+05
0.0070862 2.4011e+05
0.0070956 2.4011e+05
0.007105 2.4011e+05
0.0071144 2.4011e+05
0.0071238 2.4011e+05
0.0071333 2.4011e+05
0.0071427 2.4011e+05
0.0071521 2.4011e+05
0.0071615 2.4011e+05
0.007171 2.4011e+05
0.0071804 2.4011e+05
0.0071898 2.4011e+05
0.0071992 2.4011e+05
0.0072087 2.4011e+05
0.0072181 2.4011e+05
0.0072275 2.4011e+05
0.0072369 2.4011e+05
0.0072463 2.4011e+05
0.0072558 2.4011e+05
0.0072652 2.4011e+05
0.0072746 2.4011e+05
0.007284 2.4011e+05
0.0072935 2.4011e+05
0.0073029 2.4011e+05
0.0073123 2.4011e+05
0.0073217 2.4011e+05
0.0073312 2.4011e+05
0.0073406 2.4011e+05
0.00735 2.4011e+05
0.0073594 2.4011e+05
0.0073688 2.4011e+05
0.0073783 2.4011e+05
0.0073877 2.4011e+05
0.0073971 2.4011e+05
0.0074065 2.4011e+05
0.007416 2.4011e+05
0.0074254 2.4011e+05
0.0074348 2.4011e+05
0.0074442 2.4011e+05
0.0074537 2.4011e+05
0.0074631 2.4011e+05
0.0074725 2.4011e+05
0.0074819 2.4011e+05
0.0074913 2.4011e+05
0.0075008 2.4011e+05
0.0075102 2.4011e+05
0.0075196 2.4011e+05
0.007529 2.4011e+05
0.0075385 2.4011e+05
0.0075479 2.4011e+05
0.0075573 2.4011e+05
0.0075667 2.4011e+05
0.0075762 2.4011e+05
0.0075856 2.4011e+05
0.007595 2.4011e+05
0.0076044 2.4011e+05
0.0076138 2.4011e+05
0.0076233 2.4011e+05
0.0076327 2.4011e+05
0.0076421 2.4011e+05
0.0076515 2.4011e+05
0.007661 2.4011e+05
0.0076704 2.4011e+05
0.0076798 2.4011e+05
0.0076892 2.4011e+05
0.0076987 2.4011e+05
0.0077081 2.4011e+05
0.0077175 2.4011e+05
0.0077269 2.4011e+05
0.0077363 2.4011e+05
0.0077458 2.4011e+05
0.0077552 2.4011e+05
0.0077646 2.4011e+05
0.007774 2.4011e+05
0.0077835 2.4011e+05
0.0077929 2.4011e+05
0.0078023 2.4011e+05
0.0078117 2.4011e+05
0.0078212 2.4011e+05
0.0078306 2.4011e+05
0.00784 2.4011e+05
0.0078494 2.4011e+05
0.0078588 2.4011e+05
0.0078683 2.4011e+05
0.0078777 2.4011e+05
0.0078871 2.4011e+05
0.0078965 2.4011e+05
0.007906 2.4011e+05
0.0079154 2.4011e+05
0.0079248 2.4011e+05
0.0079342 2.4011e+05
0.0079437 2.4011e+05
0.0079531 2.4011e+05
0.0079625 2.4011e+05
0.0079719 2.4011e+05
0.0079813 2.4011e+05
0.0079908 2.4011e+05
0.0080002 2.4011e+05
0.0080096 2.4011e+05
0.008019 2.4011e+05
0.0080285 2.4011e+05
0.0080379 2.4011e+05
0.0080473 2.4011e+05
0.0080567 2.4011e+05
0.0080662 2.4011e+05
0.0080756 2.4011e+05
0.008085 2.4011e+05
0.0080944 2.4011e+05
0.0081038 2.4011e+05
0.0081133 2.4011e+05
0.0081227 2.4011e+05
0.0081321 2.4011e+05
0.0081415 2.4011e+05
0.008151 2.4011e+05
0.0081604 2.4011e+05
0.0081698 2.4011e+05
0.0081792 2.4011e+05
0.0081887 2.4011e+05
0.0081981 2.4011e+05
0.0082075 2.4011e+05
0.0082169 2.4011e+05
0.0082263 2.4011e+05
0.0082358 2.4011e+05
0.0082452 2.4011e+05
0.0082546 2.4011e+05
0.008264 2.4011e+05
0.0082735 2.4011e+05
0.0082829 2.4011e+05
0.0082923 2.4011e+05
0.0083017 2.4011e+05
0.0083112 2.4011e+05
0.0083206 2.4011e+05
0.00833 2.4011e+05
0.0083394 2.4011e+05
0.0083488 2.4011e+05
0.0083583 2.4011e+05
0.0083677 2.4011e+05
0.0083771 2.4011e+05
0.0083865 2.4011e+05
0.008396 2.4011e+05
0.0084054 2.4011e+05
0.0084148 2.4011e+05
0.0084242 2.4011e+05
0.0084337 2.4011e+05
0.0084431 2.4011e+05
0.0084525 2.4011e+05
0.0084619 2.4011e+05
0.0084713 2.4011e+05
0.0084808 2.4011e+05
0.0084902 2.4011e+05
0.0084996 2.4011e+05
0.008509 2.4011e+05
0.0085185 2.4011e+05
0.0085279 2.4011e+05
0.0085373 2.4011e+05
0.0085467 2.4011e+05
0.0085562 2.4011e+05
0.0085656 2.4011e+05
0.008575 2.4011e+05
0.0085844 2.4011e+05
0.0085938 2.4011e+05
0.0086033 2.4011e+05
0.0086127 2.4011e+05
0.0086221 2.4011e+05
0.0086315 2.4011e+05
0.008641 2.4011e+05
0.0086504 2.4011e+05
0.0086598 2.4011e+05
0.0086692 2.4011e+05
0.0086787 2.4011e+05
0.0086881 2.4011e+05
0.0086975 2.4011e+05
0.0087069 2.4011e+05
0.0087163 2.4011e+05
0.0087258 2.4011e+05
0.0087352 2.4011e+05
0.0087446 2.4011e+05
0.008754 2.4011e+05
0.0087635 2.4011e+05
0.0087729 2.4011e+05
0.0087823 2.4011e+05
0.0087917 2.4011e+05
0.0088012 2.4011e+05
0.0088106 2.4011e+05
0.00882 2.4011e+05
0.0088294 2.4011e+05
0.0088388 2.4011e+05
0.0088483 2.4011e+05
0.0088577 2.4011e+05
0.0088671 2.4011e+05
0.0088765 2.4011e+05
0.008886 2.4011e+05
0.0088954 2.4011e+05
0.0089048 2.4011e+05
0.0089142 2.4011e+05
0.0089237 2.4011e+05
0.0089331 2.4011e+05
0.0089425 2.4011e+05
0.0089519 2.4011e+05
0.0089613 2.4011e+05
0.0089708 2.4011e+05
0.0089802 2.4011e+05
0.0089896 2.4011e+05
0.008999 2.4011e+05
0.0090085 2.4011e+05
0.0090179 2.4011e+05
0.0090273 2.4011e+05
0.0090367 2.4011e+05
0.0090462 2.4011e+05
0.0090556 2.4011e+05
0.009065 2.4011e+05
0.0090744 2.4011e+05
0.0090838 2.4011e+05
0.0090933 2.4011e+05
0.0091027 2.4011e+05
0.0091121 2.4011e+05
0.0091215 2.4011e+05
0.009131 2.4011e+05
0.0091404 2.4011e+05
0.0091498 2.4011e+05
0.0091592 2.4011e+05
0.0091687 2.4011e+05
0.0091781 2.4011e+05
0.0091875 2.4011e+05
0.0091969 2.4011e+05
0.0092063 2.4011e+05
0.0092158 2.4011e+05
0.0092252 2.4011e+05
0.0092346 2.4011e+05
0.009244 2.4011e+05
0.0092535 2.4011e+05
0.0092629 2.4011e+05
0.0092723 2.4011e+05
0.0092817 2.4011e+05
0.0092912 2.4011e+05
0.0093006 2.4011e+05
0.00931 2.4011e+05
0.0093194 2.4011e+05
0.0093288 2.4011e+05
0.0093383 2.4011e+05
0.0093477 2.4011e+05
0.0093571 2.4011e+05
0.0093665 2.4011e+05
0.009376 2.4011e+05
0.0093854 2.4011e+05
0.0093948 2.4011e+05
0.0094042 2.4011e+05
0.0094137 2.4011e+05
0.0094231 2.4011e+05
0.0094325 2.4011e+05
0.0094419 2.4011e+05
0.0094513 2.4011e+05
0.0094608 2.4011e+05
0.0094702 2.4011e+05
0.0094796 2.4011e+05
0.009489 2.4011e+05
0.0094985 2.4011e+05
0.0095079 2.4011e+05
0.0095173 2.4011e+05
0.0095267 2.4011e+05
0.0095362 2.4011e+05
0.0095456 2.4011e+05
0.009555 2.4011e+05
0.0095644 2.4011e+05
0.0095738 2.4011e+05
0.0095833 2.4011e+05
0.0095927 2.4011e+05
0.0096021 2.4011e+05
0.0096115 2.4011e+05
0.009621 2.4011e+05
0.0096304 2.4011e+05
0.0096398 2.4011e+05
0.0096492 2.4011e+05
0.0096587 2.4011e+05
0.0096681 2.4011e+05
0.0096775 2.4011e+05
0.0096869 2.4011e+05
0.0096963 2.4011e+05
0.0097058 2.4011e+05
0.0097152 2.4011e+05
0.0097246 2.4011e+05
0.009734 2.4011e+05
0.0097435 2.4011e+05
0.0097529 2.4011e+05
0.0097623 2.4011e+05
0.0097717 2.4011e+05
0.0097812 2.4011e+05
0.0097906 2.4011e+05
0.0098 2.4011e+05
0.0098094 2.4011e+05
0.0098188 2.4011e+05
0.0098283 2.4011e+05
0.0098377 2.4011e+05
0.0098471 2.4011e+05
0.0098565 2.4011e+05
0.009866 2.4011e+05
0.0098754 2.4011e+05
0.0098848 2.4011e+05
0.0098942 2.4011e+05
0.0099037 2.4011e+05
0.0099131 2.4011e+05
0.0099225 2.4011e+05
0.0099319 2.4011e+05
0.0099413 2.4011e+05
0.0099508 2.4011e+05
0.0099602 2.4011e+05
0.0099696 2.4011e+05
0.009979 2.4011e+05
0.0099885 2.4011e+05
0.0099979 2.4011e+05
0.010007 2.4011e+05
0.010017 2.4011e+05
0.010026 2.4011e+05
0.010036 2.4011e+05
0.010045 2.4011e+05
0.010054 2.4011e+05
0.010064 2.4011e+05
0.010073 2.4011e+05
0.010083 2.4011e+05
0.010092 2.4011e+05
0.010102 2.4011e+05
0.010111 2.4011e+05
0.01012 2.4011e+05
0.01013 2.4011e+05
0.010139 2.4011e+05
0.010149 2.4011e+05
0.010158 2.4011e+05
0.010168 2.4011e+05
0.010177 2.4011e+05
0.010186 2.4011e+05
0.010196 2.4011e+05
0.010205 2.4011e+05
0.010215 2.4011e+05
0.010224 2.4011e+05
0.010233 2.4011e+05
0.010243 2.4011e+05
0.010252 2.4011e+05
0.010262 2.4011e+05
0.010271 2.4011e+05
0.010281 2.4011e+05
0.01029 2.4011e+05
0.010299 2.4011e+05
0.010309 2.4011e+05
0.010318 2.4011e+05
0.010328 2.4011e+05
0.010337 2.4011e+05
0.010347 2.4011e+05
0.010356 2.4011e+05
0.010365 2.4011e+05
0.010375 2.4011e+05
0.010384 2.4011e+05
0.010394 2.4011e+05
0.010403 2.4011e+05
0.010412 2.4011e+05
0.010422 2.4011e+05
0.010431 2.4011e+05
0.010441 2.4011e+05
0.01045 2.4011e+05
0.01046 2.4011e+05
0.010469 2.4011e+05
0.010478 2.4011e+05
0.010488 2.4011e+05
0.010497 2.4011e+05
0.010507 2.4011e+05
0.010516 2.4011e+05
0.010526 2.4011e+05
0.010535 2.4011e+05
0.010544 2.4011e+05
0.010554 2.4011e+05
0.010563 2.4011e+05
0.010573 2.4011e+05
0.010582 2.4011e+05
0.010592 2.4011e+05
0.010601 2.4011e+05
0.01061 2.4011e+05
0.01062 2.4011e+05
0.010629 2.4011e+05
0.010639 2.4011e+05
0.010648 2.4011e+05
0.010658 2.4011e+05
0.010667 2.4011e+05
0.010676 2.4011e+05
0.010686 2.4011e+05
0.010695 2.4011e+05
0.010705 2.4011e+05
0.010714 2.4011e+05
0.010723 2.4011e+05
0.010733 2.4011e+05
0.010742 2.4011e+05
0.010752 2.4011e+05
0.010761 2.4011e+05
0.010771 2.4011e+05
0.01078 2.4011e+05
0.010789 2.4011e+05
0.010799 2.4011e+05
0.010808 2.4011e+05
0.010818 2.4011e+05
0.010827 2.4011e+05
0.010837 2.4011e+05
0.010846 2.4011e+05
0.010855 2.4011e+05
0.010865 2.4011e+05
0.010874 2.4011e+05
0.010884 2.4011e+05
0.010893 2.4011e+05
0.010903 2.4011e+05
0.010912 2.4011e+05
0.010921 2.4011e+05
0.010931 2.4011e+05
0.01094 2.4011e+05
0.01095 2.4011e+05
0.010959 2.4011e+05
0.010968 2.4011e+05
0.010978 2.4011e+05
0.010987 2.4011e+05
0.010997 2.4011e+05
0.011006 2.4011e+05
0.011016 2.4011e+05
0.011025 2.4011e+05
0.011034 2.4011e+05
0.011044 2.4011e+05
0.011053 2.4011e+05
0.011063 2.4011e+05
0.011072 2.4011e+05
0.011082 2.4011e+05
0.011091 2.4011e+05
0.0111 2.4011e+05
0.01111 2.4011e+05
0.011119 2.4011e+05
0.011129 2.4011e+05
0.011138 2.4011e+05
0.011147 2.4011e+05
0.011157 2.4011e+05
0.011166 2.4011e+05
0.011176 2.4011e+05
0.011185 2.4011e+05
0.011195 2.4011e+05
0.011204 2.4011e+05
0.011213 2.4011e+05
0.011223 2.4011e+05
0.011232 2.4011e+05
0.011242 2.4011e+05
0.011251 2.4011e+05
0.011261 2.4011e+05
0.01127 2.4011e+05
0.011279 2.4011e+05
0.011289 2.4011e+05
0.011298 2.4011e+05
0.011308 2.4011e+05
0.011317 2.4011e+05
0.011327 2.4011e+05
0.011336 2.4011e+05
0.011345 2.4011e+05
0.011355 2.4011e+05
0.011364 2.4011e+05
0.011374 2.4011e+05
0.011383 2.4011e+05
0.011393 2.4011e+05
0.011402 2.4011e+05
0.011411 2.4011e+05
0.011421 2.4011e+05
0.01143 2.4011e+05
0.01144 2.4011e+05
0.011449 2.4011e+05
0.011458 2.4011e+05
0.011468 2.4011e+05
0.011477 2.4011e+05
0.011487 2.4011e+05
0.011496 2.4011e+05
0.011506 2.4011e+05
0.011515 2.4011e+05
0.011524 2.4011e+05
0.011534 2.4011e+05
0.011543 2.4011e+05
0.011553 2.4011e+05
0.011562 2.4011e+05
0.011572 2.4011e+05
0.011581 2.4011e+05
0.01159 2.4011e+05
0.0116 2.4011e+05
0.011609 2.4011e+05
0.011619 2.4011e+05
0.011628 2.4011e+05
0.011638 2.4011e+05
0.011647 2.4011e+05
0.011656 2.4011e+05
0.011666 2.4011e+05
0.011675 2.4011e+05
0.011685 2.4011e+05
0.011694 2.4011e+05
0.011703 2.4011e+05
0.011713 2.4011e+05
0.011722 2.4011e+05
0.011732 2.4011e+05
0.011741 2.4011e+05
0.011751 2.4011e+05
0.01176 2.4011e+05
0.011769 2.4011e+05
0.011779 2.4011e+05
0.011788 2.4011e+05
0.011798 2.4011e+05
0.011807 2.4011e+05
0.011817 2.4011e+05
0.011826 2.4011e+05
0.011835 2.4011e+05
0.011845 2.4011e+05
0.011854 2.4011e+05
0.011864 2.4011e+05
0.011873 2.4011e+05
0.011883 2.4011e+05
0.011892 2.4011e+05
0.011901 2.4011e+05
0.011911 2.4011e+05
0.01192 2.4011e+05
0.01193 2.4011e+05
0.011939 2.4011e+05
0.011948 2.4011e+05
0.011958 2.4011e+05
0.011967 2.4011e+05
0.011977 2.4011e+05
0.011986 2.4011e+05
0.011996 2.4011e+05
0.012005 2.4011e+05
0.012014 2.4011e+05
0.012024 2.4011e+05
0.012033 2.4011e+05
0.012043 2.4011e+05
0.012052 2.4011e+05
0.012062 2.4011e+05
0.012071 2.4011e+05
0.01208 2.4011e+05
0.01209 2.4011e+05
0.012099 2.4011e+05
0.012109 2.4011e+05
0.012118 2.4011e+05
0.012128 2.4011e+05
0.012137 2.4011e+05
0.012146 2.4011e+05
0.012156 2.4011e+05
0.012165 2.4011e+05
0.012175 2.4011e+05
0.012184 2.4011e+05
0.012193 2.4011e+05
0.012203 2.4011e+05
0.012212 2.4011e+05
0.012222 2.4011e+05
0.012231 2.4011e+05
0.012241 2.4011e+05
0.01225 2.4011e+05
0.012259 2.4011e+05
0.012269 2.4011e+05
0.012278 2.4011e+05
0.012288 2.4011e+05
0.012297 2.4011e+05
0.012307 2.4011e+05
0.012316 2.4011e+05
0.012325 2.4011e+05
0.012335 2.4011e+05
0.012344 2.4011e+05
0.012354 2.4011e+05
0.012363 2.4011e+05
0.012373 2.4011e+05
0.012382 2.4011e+05
0.012391 2.4011e+05
0.012401 2.4011e+05
0.01241 2.4011e+05
0.01242 2.4011e+05
0.012429 2.4011e+05
0.012438 2.4011e+05
0.012448 2.4011e+05
0.012457 2.4011e+05
0.012467 2.4011e+05
0.012476 2.4011e+05
0.012486 2.4011e+05
0.012495 2.4011e+05
0.012504 2.4011e+05
0.012514 2.4011e+05
0.012523 2.4011e+05
0.012533 2.4011e+05
0.012542 2.4011e+05
0.012552 2.4011e+05
0.012561 2.4011e+05
0.01257 2.4011e+05
0.01258 2.4011e+05
0.012589 2.4011e+05
0.012599 2.4011e+05
0.012608 2.4011e+05
0.012618 2.4011e+05
0.012627 2.4011e+05
0.012636 2.4011e+05
0.012646 2.4011e+05
0.012655 2.4011e+05
0.012665 2.4011e+05
0.012674 2.4011e+05
0.012683 2.4011e+05
0.012693 2.4011e+05
0.012702 2.4011e+05
0.012712 2.4011e+05
0.012721 2.4011e+05
0.012731 2.4011e+05
0.01274 2.4011e+05
0.012749 2.4011e+05
0.012759 2.4011e+05
0.012768 2.4011e+05
0.012778 2.4011e+05
0.012787 2.4011e+05
0.012797 2.4011e+05
0.012806 2.4011e+05
0.012815 2.4011e+05
0.012825 2.4011e+05
0.012834 2.4011e+05
0.012844 2.4011e+05
0.012853 2.4011e+05
0.012863 2.4011e+05
0.012872 2.4011e+05
0.012881 2.4011e+05
0.012891 2.4011e+05
0.0129 2.4011e+05
0.01291 2.4011e+05
0.012919 2.4011e+05
0.012928 2.4011e+05
0.012938 2.4011e+05
0.012947 2.4011e+05
0.012957 2.4011e+05
0.012966 2.4011e+05
0.012976 2.4011e+05
0.012985 2.4011e+05
0.012994 2.4011e+05
0.013004 2.4011e+05
0.013013 2.4011e+05
0.013023 2.4011e+05
0.013032 2.4011e+05
0.013042 2.4011e+05
0.013051 2.4011e+05
0.01306 2.4011e+05
0.01307 2.4011e+05
0.013079 2.4011e+05
0.013089 2.4011e+05
0.013098 2.4011e+05
0.013107 2.4011e+05
0.013117 2.4011e+05
0.013126 2.4011e+05
0.013136 2.4011e+05
0.013145 2.4011e+05
0.013155 2.4011e+05
0.013164 2.4011e+05
0.013173 2.4011e+05
0.013183 2.4011e+05
0.013192 2.4011e+05
0.013202 2.4011e+05
0.013211 2.4011e+05
0.013221 2.4011e+05
0.01323 2.4011e+05
0.013239 2.4011e+05
0.013249 2.4011e+05
0.013258 2.4011e+05
0.013268 2.4011e+05
0.013277 2.4011e+05
0.013287 2.4011e+05
0.013296 2.4011e+05
0.013305 2.4011e+05
0.013315 2.4011e+05
0.013324 2.4011e+05
0.013334 2.4011e+05
0.013343 2.4011e+05
0.013352 2.4011e+05
0.013362 2.4011e+05
0.013371 2.4011e+05
0.013381 2.4011e+05
0.01339 2.4011e+05
0.0134 2.4011e+05
0.013409 2.4011e+05
0.013418 2.4011e+05
0.013428 2.4011e+05
0.013437 2.4011e+05
0.013447 2.4011e+05
0.013456 2.4011e+05
0.013466 2.4011e+05
0.013475 2.4011e+05
0.013484 2.4011e+05
0.013494 2.4011e+05
0.013503 2.4011e+05
0.013513 2.4011e+05
0.013522 2.4011e+05
0.013532 2.4011e+05
0.013541 2.4011e+05
0.01355 2.4011e+05
0.01356 2.4011e+05
0.013569 2.4011e+05
0.013579 2.4011e+05
0.013588 2.4011e+05
0.013598 2.4011e+05
0.013607 2.4011e+05
0.013616 2.4011e+05
0.013626 2.4011e+05
0.013635 2.4011e+05
0.013645 2.4011e+05
0.013654 2.4011e+05
0.013663 2.4011e+05
0.013673 2.4011e+05
0.013682 2.4011e+05
0.013692 2.4011e+05
0.013701 2.4011e+05
0.013711 2.4011e+05
0.01372 2.4011e+05
0.013729 2.4011e+05
0.013739 2.4011e+05
0.013748 2.4011e+05
0.013758 2.4011e+05
0.013767 2.4011e+05
0.013777 2.4011e+05
0.013786 2.4011e+05
0.013795 2.4011e+05
0.013805 2.4011e+05
0.013814 2.4011e+05
0.013824 2.4011e+05
0.013833 2.4011e+05
0.013843 2.4011e+05
0.013852 2.4011e+05
0.013861 2.4011e+05
0.013871 2.4011e+05
0.01388 2.4011e+05
0.01389 2.4011e+05
0.013899 2.4011e+05
0.013908 2.4011e+05
0.013918 2.4011e+05
0.013927 2.4011e+05
0.013937 2.4011e+05
0.013946 2.4011e+05
0.013956 2.4011e+05
0.013965 2.4011e+05
0.013974 2.4011e+05
0.013984 2.4011e+05
0.013993 2.4011e+05
0.014003 2.4011e+05
0.014012 2.4011e+05
0.014022 2.4011e+05
0.014031 2.4011e+05
0.01404 2.4011e+05
0.01405 2.4011e+05
0.014059 2.4011e+05
0.014069 2.4011e+05
0.014078 2.4011e+05
0.014088 2.4011e+05
0.014097 2.4011e+05
0.014106 2.4011e+05
0.014116 2.4011e+05
0.014125 2.4011e+05
0.014135 2.4011e+05
0.014144 2.4011e+05
0.014153 2.4011e+05
0.014163 2.4011e+05
0.014172 2.4011e+05
0.014182 2.4011e+05
0.014191 2.4011e+05
0.014201 2.4011e+05
0.01421 2.4011e+05
0.014219 2.4011e+05
0.014229 2.4011e+05
0.014238 2.4011e+05
0.014248 2.4011e+05
0.014257 2.4011e+05
0.014267 2.4011e+05
0.014276 2.4011e+05
0.014285 2.4011e+05
0.014295 2.4011e+05
0.014304 2.4011e+05
0.014314 2.4011e+05
0.014323 2.4011e+05
0.014333 2.4011e+05
0.014342 2.4011e+05
0.014351 2.4011e+05
0.014361 2.4011e+05
0.01437 2.4011e+05
0.01438 2.4011e+05
0.014389 2.4011e+05
0.014398 2.4011e+05
0.014408 2.4011e+05
0.014417 2.4011e+05
0.014427 2.4011e+05
0.014436 2.4011e+05
0.014446 2.4011e+05
0.014455 2.4011e+05
0.014464 2.4011e+05
0.014474 2.4011e+05
0.014483 2.4011e+05
0.014493 2.4011e+05
0.014502 2.4011e+05
0.014512 2.4011e+05
0.014521 2.4011e+05
0.01453 2.4011e+05
0.01454 2.4011e+05
0.014549 2.4011e+05
0.014559 2.4011e+05
0.014568 2.4011e+05
0.014578 2.4011e+05
0.014587 2.4011e+05
0.014596 2.4011e+05
0.014606 2.4011e+05
0.014615 2.4011e+05
0.014625 2.4011e+05
0.014634 2.4011e+05
0.014643 2.4011e+05
0.014653 2.4011e+05
0.014662 2.4011e+05
0.014672 2.4011e+05
0.014681 2.4011e+05
0.014691 2.4011e+05
0.0147 2.4011e+05
0.014709 2.4011e+05
0.014719 2.4011e+05
0.014728 2.4011e+05
0.014738 2.4011e+05
0.014747 2.4011e+05
0.014757 2.4011e+05
0.014766 2.4011e+05
0.014775 2.4011e+05
0.014785 2.4011e+05
0.014794 2.4011e+05
0.014804 2.4011e+05
0.014813 2.4011e+05
0.014823 2.4011e+05
0.014832 2.4011e+05
0.014841 2.4011e+05
0.014851 2.4011e+05
0.01486 2.4011e+05
0.01487 2.4011e+05
0.014879 2.4011e+05
0.014888 2.4011e+05
0.014898 2.4011e+05
0.014907 2.4011e+05
0.014917 2.4011e+05
0.014926 2.4011e+05
0.014936 2.4011e+05
0.014945 2.4011e+05
0.014954 2.4011e+05
0.014964 2.4011e+05
0.014973 2.4011e+05
0.014983 2.4011e+05
0.014992 2.4011e+05
0.015002 2.4011e+05
0.015011 2.4011e+05
0.01502 2.4011e+05
0.01503 2.4011e+05
0.015039 2.4011e+05
0.015049 2.4011e+05
0.015058 2.4011e+05
0.015068 2.4011e+05
0.015077 2.4011e+05
0.015086 2.4011e+05
0.015096 2.4011e+05
0.015105 2.4011e+05
0.015115 2.4011e+05
0.015124 2.4011e+05
0.015133 2.4011e+05
0.015143 2.4011e+05
0.015152 2.4011e+05
0.015162 2.4011e+05
0.015171 2.4011e+05
0.015181 2.4011e+05
0.01519 2.4011e+05
0.015199 2.4011e+05
0.015209 2.4011e+05
0.015218 2.4011e+05
0.015228 2.4011e+05
0.015237 2.4011e+05
0.015247 2.4011e+05
0.015256 2.4011e+05
0.015265 2.4011e+05
0.015275 2.4011e+05
0.015284 2.4011e+05
0.015294 2.4011e+05
0.015303 2.4011e+05
0.015312 2.4011e+05
0.015322 2.4011e+05
0.015331 2.4011e+05
0.015341 2.4011e+05
0.01535 2.4011e+05
0.01536 2.4011e+05
0.015369 2.4011e+05
0.015378 2.4011e+05
0.015388 2.4011e+05
0.015397 2.4011e+05
0.015407 2.4011e+05
0.015416 2.4011e+05
0.015426 2.4011e+05
0.015435 2.4011e+05
0.015444 2.4011e+05
0.015454 2.4011e+05
0.015463 2.4011e+05
0.015473 2.4011e+05
0.015482 2.4011e+05
0.015492 2.4011e+05
0.015501 2.4011e+05
0.01551 2.4011e+05
0.01552 2.4011e+05
0.015529 2.4011e+05
0.015539 2.4011e+05
0.015548 2.4011e+05
0.015558 2.4011e+05
0.015567 2.4011e+05
0.015576 2.4011e+05
0.015586 2.4011e+05
0.015595 2.4011e+05
0.015605 2.4011e+05
0.015614 2.4011e+05
0.015623 2.4011e+05
0.015633 2.4011e+05
0.015642 2.4011e+05
0.015652 2.4011e+05
0.015661 2.4011e+05
0.015671 2.4011e+05
0.01568 2.4011e+05
0.015689 2.4011e+05
0.015699 2.4011e+05
0.015708 2.4011e+05
0.015718 2.4011e+05
0.015727 2.4011e+05
0.015737 2.4011e+05
0.015746 2.4011e+05
0.015755 2.4011e+05
0.015765 2.4011e+05
0.015774 2.4011e+05
0.015784 2.4011e+05
0.015793 2.4011e+05
0.015803 2.4011e+05
0.015812 2.4011e+05
0.015821 2.4011e+05
0.015831 2.4011e+05
0.01584 2.4011e+05
0.01585 2.4011e+05
0.015859 2.4011e+05
0.015868 2.4011e+05
0.015878 2.4011e+05
0.015887 2.4011e+05
0.015897 2.4011e+05
0.015906 2.4011e+05
0.015916 2.4011e+05
0.015925 2.4011e+05
0.015934 2.4011e+05
0.015944 2.4011e+05
0.015953 2.4011e+05
0.015963 2.4011e+05
0.015972 2.4011e+05
0.015982 2.4011e+05
0.015991 2.4011e+05
0.016 2.4011e+05
0.01601 2.4011e+05
0.016019 2.4011e+05
0.016029 2.4011e+05
0.016038 2.4011e+05
0.016047 2.4011e+05
0.016057 2.4011e+05
0.016066 2.4011e+05
0.016076 2.4011e+05
0.016085 2.4011e+05
0.016095 2.4011e+05
0.016104 2.4011e+05
0.016113 2.4011e+05
0.016123 2.4011e+05
0.016132 2.4011e+05
0.016142 2.4011e+05
0.016151 2.4011e+05
0.016161 2.4011e+05
0.01617 2.4011e+05
0.016179 2.4011e+05
0.016189 2.4011e+05
0.016198 2.4011e+05
0.016208 2.4011e+05
0.016217 2.4011e+05
0.016227 2.4011e+05
0.016236 2.4011e+05
0.016245 2.4011e+05
0.016255 2.4011e+05
0.016264 2.4011e+05
0.016274 2.4011e+05
0.016283 2.4011e+05
0.016292 2.4011e+05
0.016302 2.4011e+05
0.016311 2.4011e+05
0.016321 2.4011e+05
0.01633 2.4011e+05
0.01634 2.4011e+05
0.016349 2.4011e+05
0.016358 2.4011e+05
0.016368 2.4011e+05
0.016377 2.4011e+05
0.016387 2.4011e+05
0.016396 2.4011e+05
0.016406 2.4011e+05
0.016415 2.4011e+05
0.016424 2.4011e+05
0.016434 2.4011e+05
0.016443 2.4011e+05
0.016453 2.4011e+05
0.016462 2.4011e+05
0.016472 2.4011e+05
0.016481 2.4011e+05
0.01649 2.4011e+05
0.0165 2.4011e+05
0.016509 2.4011e+05
0.016519 2.4011e+05
0.016528 2.4011e+05
0.016538 2.4011e+05
0.016547 2.4011e+05
0.016556 2.4011e+05
0.016566 2.4011e+05
0.016575 2.4011e+05
0.016585 2.4011e+05
0.016594 2.4011e+05
0.016603 2.4011e+05
0.016613 2.4011e+05
0.016622 2.4011e+05
0.016632 2.4011e+05
0.016641 2.4011e+05
0.016651 2.4011e+05
0.01666 2.4011e+05
0.016669 2.4011e+05
0.016679 2.4011e+05
0.016688 2.4011e+05
0.016698 2.4011e+05
0.016707 2.4011e+05
0.016717 2.4011e+05
0.016726 2.4011e+05
0.016735 2.4011e+05
0.016745 2.4011e+05
0.016754 2.4011e+05
0.016764 2.4011e+05
0.016773 2.4011e+05
0.016783 2.4011e+05
0.016792 2.4011e+05
0.016801 2.4011e+05
0.016811 2.4011e+05
0.01682 2.4011e+05
0.01683 2.4011e+05
0.016839 2.4011e+05
0.016848 2.4011e+05
0.016858 2.4011e+05
0.016867 2.4011e+05
0.016877 2.4011e+05
0.016886 2.4011e+05
0.016896 2.4011e+05
0.016905 2.4011e+05
0.016914 2.4011e+05
0.016924 2.4011e+05
0.016933 2.4011e+05
0.016943 2.4011e+05
0.016952 2.4011e+05
0.016962 2.4011e+05
0.016971 2.4011e+05
0.01698 2.4011e+05
0.01699 2.4011e+05
0.016999 2.4011e+05
0.017009 2.4011e+05
0.017018 2.4011e+05
0.017028 2.4011e+05
0.017037 2.4011e+05
0.017046 2.4011e+05
0.017056 2.4011e+05
0.017065 2.4011e+05
0.017075 2.4011e+05
0.017084 2.4011e+05
0.017093 2.4011e+05
0.017103 2.4011e+05
0.017112 2.4011e+05
0.017122 2.4011e+05
0.017131 2.4011e+05
0.017141 2.4011e+05
0.01715 2.4011e+05
0.017159 2.4011e+05
0.017169 2.4011e+05
0.017178 2.4011e+05
0.017188 2.4011e+05
0.017197 2.4011e+05
0.017207 2.4011e+05
0.017216 2.4011e+05
0.017225 2.4011e+05
0.017235 2.4011e+05
0.017244 2.4011e+05
0.017254 2.4011e+05
0.017263 2.4011e+05
0.017273 2.4011e+05
0.017282 2.4011e+05
0.017291 2.4011e+05
0.017301 2.4011e+05
0.01731 2.4011e+05
0.01732 2.4011e+05
0.017329 2.4011e+05
0.017338 2.4011e+05
0.017348 2.4011e+05
0.017357 2.4011e+05
0.017367 2.4011e+05
0.017376 2.4011e+05
0.017386 2.4011e+05
0.017395 2.4011e+05
0.017404 2.4011e+05
0.017414 2.4011e+05
0.017423 2.4011e+05
0.017433 2.4011e+05
0.017442 2.4011e+05
0.017452 2.4011e+05
0.017461 2.4011e+05
0.01747 2.4011e+05
0.01748 2.4011e+05
0.017489 2.4011e+05
0.017499 2.4011e+05
0.017508 2.4011e+05
0.017518 2.4011e+05
0.017527 2.4011e+05
0.017536 2.4011e+05
0.017546 2.4011e+05
0.017555 2.4011e+05
0.017565 2.4011e+05
0.017574 2.4011e+05
0.017583 2.4011e+05
0.017593 2.4011e+05
0.017602 2.4011e+05
0.017612 2.4011e+05
0.017621 2.4011e+05
0.017631 2.4011e+05
0.01764 2.4011e+05
0.017649 2.4011e+05
0.017659 2.4011e+05
0.017668 2.4011e+05
0.017678 2.4011e+05
0.017687 2.4011e+05
0.017697 2.4011e+05
0.017706 2.4011e+05
0.017715 2.4011e+05
0.017725 2.4011e+05
0.017734 2.4011e+05
0.017744 2.4011e+05
0.017753 2.4011e+05
0.017763 2.4011e+05
0.017772 2.4011e+05
0.017781 2.4011e+05
0.017791 2.4011e+05
0.0178 2.4011e+05
0.01781 2.4011e+05
0.017819 2.4011e+05
0.017828 2.4011e+05
0.017838 2.4011e+05
0.017847 2.4011e+05
0.017857 2.4011e+05
0.017866 2.4011e+05
0.017876 2.4011e+05
0.017885 2.4011e+05
0.017894 2.4011e+05
0.017904 2.4011e+05
0.017913 2.4011e+05
0.017923 2.4011e+05
0.017932 2.4011e+05
0.017942 2.4011e+05
0.017951 2.4011e+05
0.01796 2.4011e+05
0.01797 2.4011e+05
0.017979 2.4011e+05
0.017989 2.4011e+05
0.017998 2.4011e+05
0.018008 2.4011e+05
0.018017 2.4011e+05
0.018026 2.4011e+05
0.018036 2.4011e+05
0.018045 2.4011e+05
0.018055 2.4011e+05
0.018064 2.4011e+05
0.018073 2.4011e+05
0.018083 2.4011e+05
0.018092 2.4011e+05
0.018102 2.4011e+05
0.018111 2.4011e+05
0.018121 2.4011e+05
0.01813 2.4011e+05
0.018139 2.4011e+05
0.018149 2.4011e+05
0.018158 2.4011e+05
0.018168 2.4011e+05
0.018177 2.4011e+05
0.018187 2.4011e+05
0.018196 2.4011e+05
0.018205 2.4011e+05
0.018215 2.4011e+05
0.018224 2.4011e+05
0.018234 2.4011e+05
0.018243 2.4011e+05
0.018253 2.4011e+05
0.018262 2.4011e+05
0.018271 2.4011e+05
0.018281 2.4011e+05
0.01829 2.4011e+05
0.0183 2.4011e+05
0.018309 2.4011e+05
0.018318 2.4011e+05
0.018328 2.4011e+05
0.018337 2.4011e+05
0.018347 2.4011e+05
0.018356 2.4011e+05
0.018366 2.4011e+05
0.018375 2.4011e+05
0.018384 2.4011e+05
0.018394 2.4011e+05
0.018403 2.4011e+05
0.018413 2.4011e+05
0.018422 2.4011e+05
0.018432 2.4011e+05
0.018441 2.4011e+05
0.01845 2.4011e+05
0.01846 2.4011e+05
0.018469 2.4011e+05
0.018479 2.4011e+05
0.018488 2.4011e+05
0.018498 2.4011e+05
0.018507 2.4011e+05
0.018516 2.4011e+05
0.018526 2.4011e+05
0.018535 2.4011e+05
0.018545 2.4011e+05
0.018554 2.4011e+05
0.018563 2.4011e+05
0.018573 2.4011e+05
0.018582 2.4011e+05
0.018592 2.4011e+05
0.018601 2.4011e+05
0.018611 2.4011e+05
0.01862 2.4011e+05
0.018629 2.4011e+05
0.018639 2.4011e+05
0.018648 2.4011e+05
0.018658 2.4011e+05
0.018667 2.4011e+05
0.018677 2.4011e+05
0.018686 2.4011e+05
0.018695 2.4011e+05
0.018705 2.4011e+05
0.018714 2.4011e+05
0.018724 2.4011e+05
0.018733 2.4011e+05
0.018743 2.4011e+05
0.018752 2.4011e+05
0.018761 2.4011e+05
0.018771 2.4011e+05
0.01878 2.4011e+05
0.01879 2.4011e+05
0.018799 2.4011e+05
0.018808 2.4011e+05
0.018818 2.4011e+05
0.018827 2.4011e+05
0.018837 2.4011e+05
0.018846 2.4011e+05
0.018856 2.4011e+05
0.018865 2.4011e+05
0.018874 2.4011e+05
0.018884 2.4011e+05
0.018893 2.4011e+05
0.018903 2.4011e+05
0.018912 2.4011e+05
0.018922 2.4011e+05
0.018931 2.4011e+05
0.01894 2.4011e+05
0.01895 2.4011e+05
0.018959 2.4011e+05
0.018969 2.4011e+05
0.018978 2.4011e+05
0.018988 2.4011e+05
0.018997 2.4011e+05
0.019006 2.4011e+05
0.019016 2.4011e+05
0.019025 2.4011e+05
0.019035 2.4011e+05
0.019044 2.4011e+05
0.019053 2.4011e+05
0.019063 2.4011e+05
0.019072 2.4011e+05
0.019082 2.4011e+05
0.019091 2.4011e+05
0.019101 2.4011e+05
0.01911 2.4011e+05
0.019119 2.4011e+05
0.019129 2.4011e+05
0.019138 2.4011e+05
0.019148 2.4011e+05
0.019157 2.4011e+05
0.019167 2.4011e+05
0.019176 2.4011e+05
0.019185 2.4011e+05
0.019195 2.4011e+05
0.019204 2.4011e+05
0.019214 2.4011e+05
0.019223 2.4011e+05
0.019232 2.4011e+05
0.019242 2.4011e+05
0.019251 2.4011e+05
0.019261 2.4011e+05
0.01927 2.4011e+05
0.01928 2.4011e+05
0.019289 2.4011e+05
0.019298 2.4011e+05
0.019308 2.4011e+05
0.019317 2.4011e+05
0.019327 2.4011e+05
0.019336 2.4011e+05
0.019346 2.4011e+05
0.019355 2.4011e+05
0.019364 2.4011e+05
0.019374 2.4011e+05
0.019383 2.4011e+05
0.019393 2.4011e+05
0.019402 2.4011e+05
0.019412 2.4011e+05
0.019421 2.4011e+05
0.01943 2.4011e+05
0.01944 2.4011e+05
0.019449 2.4011e+05
0.019459 2.4011e+05
0.019468 2.4011e+05
0.019478 2.4011e+05
0.019487 2.4011e+05
0.019496 2.4011e+05
0.019506 2.4011e+05
0.019515 2.4011e+05
0.019525 2.4011e+05
0.019534 2.4011e+05
0.019543 2.4011e+05
0.019553 2.4011e+05
0.019562 2.4011e+05
0.019572 2.4011e+05
0.019581 2.4011e+05
0.019591 2.4011e+05
0.0196 2.4011e+05
0.019609 2.4011e+05
0.019619 2.4011e+05
0.019628 2.4011e+05
0.019638 2.4011e+05
0.019647 2.4011e+05
0.019657 2.4011e+05
0.019666 2.4011e+05
0.019675 2.4011e+05
0.019685 2.4011e+05
0.019694 2.4011e+05
0.019704 2.4011e+05
0.019713 2.4011e+05
0.019723 2.4011e+05
0.019732 2.4011e+05
0.019741 2.4011e+05
0.019751 2.4011e+05
0.01976 2.4011e+05
0.01977 2.4011e+05
0.019779 2.4011e+05
0.019788 2.4011e+05
0.019798 2.4011e+05
0.019807 2.4011e+05
0.019817 2.4011e+05
0.019826 2.4011e+05
0.019836 2.4011e+05
0.019845 2.4011e+05
0.019854 2.4011e+05
0.019864 2.4011e+05
0.019873 2.4011e+05
0.019883 2.4011e+05
0.019892 2.4011e+05
0.019902 2.4011e+05
0.019911 2.4011e+05
0.01992 2.4011e+05
0.01993 2.4011e+05
0.019939 2.4011e+05
0.019949 2.4011e+05
0.019958 2.4011e+05
0.019967 2.4011e+05
0.019977 2.4011e+05
0.019986 2.4011e+05
0.019996 2.4011e+05
0.020005 2.4011e+05
0.020015 2.4011e+05
0.020024 2.4011e+05
0.020033 2.4011e+05
0.020043 2.4011e+05
0.020052 2.4011e+05
0.020062 2.4011e+05
0.020071 2.4011e+05
0.020081 2.4011e+05
0.02009 2.4011e+05
0.020099 2.4011e+05
0.020109 2.4011e+05
0.020118 2.4011e+05
0.020128 2.4011e+05
0.020137 2.4011e+05
0.020147 2.4011e+05
0.020156 2.4011e+05
0.020165 2.4011e+05
0.020175 2.4011e+05
0.020184 2.4011e+05
0.020194 2.4011e+05
0.020203 2.4011e+05
0.020213 2.4011e+05
0.020222 2.4011e+05
0.020231 2.4011e+05
0.020241 2.4011e+05
0.02025 2.4011e+05
0.02026 2.4011e+05
0.020269 2.4011e+05
0.020278 2.4011e+05
0.020288 2.4011e+05
0.020297 2.4011e+05
0.020307 2.4011e+05
0.020316 2.4011e+05
0.020326 2.4011e+05
0.020335 2.4011e+05
0.020344 2.4011e+05
0.020354 2.4011e+05
0.020363 2.4011e+05
0.020373 2.4011e+05
0.020382 2.4011e+05
0.020392 2.4011e+05
0.020401 2.4011e+05
0.02041 2.4011e+05
0.02042 2.4011e+05
0.020429 2.4011e+05
0.020439 2.4011e+05
0.020448 2.4011e+05
0.020457 2.4011e+05
0.020467 2.4011e+05
0.020476 2.4011e+05
0.020486 2.4011e+05
0.020495 2.4011e+05
0.020505 2.4011e+05
0.020514 2.4011e+05
0.020523 2.4011e+05
0.020533 2.4011e+05
0.020542 2.4011e+05
0.020552 2.4011e+05
0.020561 2.4011e+05
0.020571 2.4011e+05
0.02058 2.4011e+05
0.020589 2.4011e+05
0.020599 2.4011e+05
0.020608 2.4011e+05
0.020618 2.4011e+05
0.020627 2.4011e+05
0.020637 2.4011e+05
0.020646 2.4011e+05
0.020655 2.4011e+05
0.020665 2.4011e+05
0.020674 2.4011e+05
0.020684 2.4011e+05
0.020693 2.4011e+05
0.020703 2.4011e+05
0.020712 2.4011e+05
0.020721 2.4011e+05
0.020731 2.4011e+05
0.02074 2.4011e+05
0.02075 2.4011e+05
0.020759 2.4011e+05
0.020768 2.4011e+05
0.020778 2.4011e+05
0.020787 2.4011e+05
0.020797 2.4011e+05
0.020806 2.4011e+05
0.020816 2.4011e+05
0.020825 2.4011e+05
0.020834 2.4011e+05
0.020844 2.4011e+05
0.020853 2.4011e+05
0.020863 2.4011e+05
0.020872 2.4011e+05
0.020882 2.4011e+05
0.020891 2.4011e+05
0.0209 2.4011e+05
0.02091 2.4011e+05
0.020919 2.4011e+05
0.020929 2.4011e+05
0.020938 2.4011e+05
0.020948 2.4011e+05
0.020957 2.4011e+05
0.020966 2.4011e+05
0.020976 2.4011e+05
0.020985 2.4011e+05
0.020995 2.4011e+05
0.021004 2.4011e+05
0.021013 2.4011e+05
0.021023 2.4011e+05
0.021032 2.4011e+05
0.021042 2.4011e+05
0.021051 2.4011e+05
0.021061 2.4011e+05
0.02107 2.4011e+05
0.021079 2.4011e+05
0.021089 2.4011e+05
0.021098 2.4011e+05
0.021108 2.4011e+05
0.021117 2.4011e+05
0.021127 2.4011e+05
0.021136 2.4011e+05
0.021145 2.4011e+05
0.021155 2.4011e+05
0.021164 2.4011e+05
0.021174 2.4011e+05
0.021183 2.4011e+05
0.021193 2.4011e+05
0.021202 2.4011e+05
0.021211 2.4011e+05
0.021221 2.4011e+05
0.02123 2.4011e+05
0.02124 2.4011e+05
0.021249 2.4011e+05
0.021258 2.4011e+05
0.021268 2.4011e+05
0.021277 2.4011e+05
0.021287 2.4011e+05
0.021296 2.4011e+05
0.021306 2.4011e+05
0.021315 2.4011e+05
0.021324 2.4011e+05
0.021334 2.4011e+05
0.021343 2.4011e+05
0.021353 2.4011e+05
0.021362 2.4011e+05
0.021372 2.4011e+05
0.021381 2.4011e+05
0.02139 2.4011e+05
0.0214 2.4011e+05
0.021409 2.4011e+05
0.021419 2.4011e+05
0.021428 2.4011e+05
0.021438 2.4011e+05
0.021447 2.4011e+05
0.021456 2.4011e+05
0.021466 2.4011e+05
0.021475 2.4011e+05
0.021485 2.4011e+05
0.021494 2.4011e+05
0.021503 2.4011e+05
0.021513 2.4011e+05
0.021522 2.4011e+05
0.021532 2.4011e+05
0.021541 2.4011e+05
0.021551 2.4011e+05
0.02156 2.4011e+05
0.021569 2.4011e+05
0.021579 2.4011e+05
0.021588 2.4011e+05
0.021598 2.4011e+05
0.021607 2.4011e+05
0.021617 2.4011e+05
0.021626 2.4011e+05
0.021635 2.4011e+05
0.021645 2.4011e+05
0.021654 2.4011e+05
0.021664 2.4011e+05
0.021673 2.4011e+05
0.021683 2.4011e+05
0.021692 2.4011e+05
0.021701 2.4011e+05
0.021711 2.4011e+05
0.02172 2.4011e+05
0.02173 2.4011e+05
0.021739 2.4011e+05
0.021748 2.4011e+05
0.021758 2.4011e+05
0.021767 2.4011e+05
0.021777 2.4011e+05
0.021786 2.4011e+05
0.021796 2.4011e+05
0.021805 2.4011e+05
0.021814 2.4011e+05
0.021824 2.4011e+05
0.021833 2.4011e+05
0.021843 2.4011e+05
0.021852 2.4011e+05
0.021862 2.4011e+05
0.021871 2.4011e+05
0.02188 2.4011e+05
0.02189 2.4011e+05
0.021899 2.4011e+05
0.021909 2.4011e+05
0.021918 2.4011e+05
0.021928 2.4011e+05
0.021937 2.4011e+05
0.021946 2.4011e+05
0.021956 2.4011e+05
0.021965 2.4011e+05
0.021975 2.4011e+05
0.021984 2.4011e+05
0.021993 2.4011e+05
0.022003 2.4011e+05
0.022012 2.4011e+05
0.022022 2.4011e+05
0.022031 2.4011e+05
0.022041 2.4011e+05
0.02205 2.4011e+05
0.022059 2.4011e+05
0.022069 2.4011e+05
0.022078 2.4011e+05
0.022088 2.4011e+05
0.022097 2.4011e+05
0.022107 2.4011e+05
0.022116 2.4011e+05
0.022125 2.4011e+05
0.022135 2.4011e+05
0.022144 2.4011e+05
0.022154 2.4011e+05
0.022163 2.4011e+05
0.022173 2.4011e+05
0.022182 2.4011e+05
0.022191 2.4011e+05
0.022201 2.4011e+05
0.02221 2.4011e+05
0.02222 2.4011e+05
0.022229 2.4011e+05
0.022238 2.4011e+05
0.022248 2.4011e+05
0.022257 2.4011e+05
0.022267 2.4011e+05
0.022276 2.4011e+05
0.022286 2.4011e+05
0.022295 2.4011e+05
0.022304 2.4011e+05
0.022314 2.4011e+05
0.022323 2.4011e+05
0.022333 2.4011e+05
0.022342 2.4011e+05
0.022352 2.4011e+05
0.022361 2.4011e+05
0.02237 2.4011e+05
0.02238 2.4011e+05
0.022389 2.4011e+05
0.022399 2.4011e+05
0.022408 2.4011e+05
0.022417 2.4011e+05
0.022427 2.4011e+05
0.022436 2.4011e+05
0.022446 2.4011e+05
0.022455 2.4011e+05
0.022465 2.4011e+05
0.022474 2.4011e+05
0.022483 2.4011e+05
0.022493 2.4011e+05
0.022502 2.4011e+05
0.022512 2.4011e+05
0.022521 2.4011e+05
0.022531 2.4011e+05
0.02254 2.4011e+05
0.022549 2.4011e+05
0.022559 2.4011e+05
0.022568 2.4011e+05
0.022578 2.4011e+05
0.022587 2.4011e+05
0.022597 2.4011e+05
0.022606 2.4011e+05
0.022615 2.4011e+05
0.022625 2.4011e+05
0.022634 2.4011e+05
0.022644 2.4011e+05
0.022653 2.4011e+05
0.022663 2.4011e+05
0.022672 2.4011e+05
0.022681 2.4011e+05
0.022691 2.4011e+05
0.0227 2.4011e+05
0.02271 2.4011e+05
0.022719 2.4011e+05
0.022728 2.4011e+05
0.022738 2.4011e+05
0.022747 2.4011e+05
0.022757 2.4011e+05
0.022766 2.4011e+05
0.022776 2.4011e+05
0.022785 2.4011e+05
0.022794 2.4011e+05
0.022804 2.4011e+05
0.022813 2.4011e+05
0.022823 2.4011e+05
0.022832 2.4011e+05
0.022842 2.4011e+05
0.022851 2.4011e+05
0.02286 2.4011e+05
0.02287 2.4011e+05
0.022879 2.4011e+05
0.022889 2.4011e+05
0.022898 2.4011e+05
0.022908 2.4011e+05
0.022917 2.4011e+05
0.022926 2.4011e+05
0.022936 2.4011e+05
0.022945 2.4011e+05
0.022955 2.4011e+05
0.022964 2.4011e+05
0.022973 2.4011e+05
0.022983 2.4011e+05
0.022992 2.4011e+05
0.023002 2.4011e+05
0.023011 2.4011e+05
0.023021 2.4011e+05
0.02303 2.4011e+05
0.023039 2.4011e+05
0.023049 2.4011e+05
0.023058 2.4011e+05
0.023068 2.4011e+05
0.023077 2.4011e+05
0.023087 2.4011e+05
0.023096 2.4011e+05
0.023105 2.4011e+05
0.023115 2.4011e+05
0.023124 2.4011e+05
0.023134 2.4011e+05
0.023143 2.4011e+05
0.023152 2.4011e+05
0.023162 2.4011e+05
0.023171 2.4011e+05
0.023181 2.4011e+05
0.02319 2.4011e+05
0.0232 2.4011e+05
0.023209 2.4011e+05
0.023218 2.4011e+05
0.023228 2.4011e+05
0.023237 2.4011e+05
0.023247 2.4011e+05
0.023256 2.4011e+05
0.023266 2.4011e+05
0.023275 2.4011e+05
0.023284 2.4011e+05
0.023294 2.4011e+05
0.023303 2.4011e+05
0.023313 2.4011e+05
0.023322 2.4011e+05
0.023332 2.4011e+05
0.023341 2.4011e+05
0.02335 2.4011e+05
0.02336 2.4011e+05
0.023369 2.4011e+05
0.023379 2.4011e+05
0.023388 2.4011e+05
0.023398 2.4011e+05
0.023407 2.4011e+05
0.023416 2.4011e+05
0.023426 2.4011e+05
0.023435 2.4011e+05
0.023445 2.4011e+05
0.023454 2.4011e+05
0.023463 2.4011e+05
0.023473 2.4011e+05
0.023482 2.4011e+05
0.023492 2.4011e+05
0.023501 2.4011e+05
0.023511 2.4011e+05
0.02352 2.4011e+05
0.023529 2.4011e+05
0.023539 2.4011e+05
0.023548 2.4011e+05
0.023558 2.4011e+05
0.023567 2.4011e+05
0.023577 2.4011e+05
0.023586 2.4011e+05
0.023595 2.4011e+05
0.023605 2.4011e+05
0.023614 2.4011e+05
0.023624 2.4011e+05
0.023633 2.4011e+05
0.023643 2.4011e+05
0.023652 2.4011e+05
0.023661 2.4011e+05
0.023671 2.4011e+05
0.02368 2.4011e+05
0.02369 2.4011e+05
0.023699 2.4011e+05
0.023708 2.4011e+05
0.023718 2.4011e+05
0.023727 2.4011e+05
0.023737 2.4011e+05
0.023746 2.4011e+05
0.023756 2.4011e+05
0.023765 2.4011e+05
0.023774 2.4011e+05
0.023784 2.4011e+05
0.023793 2.4011e+05
0.023803 2.4011e+05
0.023812 2.4011e+05
0.023822 2.4011e+05
0.023831 2.4011e+05
0.02384 2.4011e+05
0.02385 2.4011e+05
0.023859 2.4011e+05
0.023869 2.4011e+05
0.023878 2.4011e+05
0.023887 2.4011e+05
0.023897 2.4011e+05
0.023906 2.4011e+05
0.023916 2.4011e+05
0.023925 2.4011e+05
0.023935 2.4011e+05
0.023944 2.4011e+05
0.023953 2.4011e+05
0.023963 2.4011e+05
0.023972 2.4011e+05
0.023982 2.4011e+05
0.023991 2.4011e+05
0.024001 2.4011e+05
0.02401 2.4011e+05
0.024019 2.4011e+05
0.024029 2.4011e+05
0.024038 2.4011e+05
0.024048 2.4011e+05
0.024057 2.4011e+05
0.024067 2.4011e+05
0.024076 2.4011e+05
0.024085 2.4011e+05
0.024095 2.4011e+05
0.024104 2.4011e+05
0.024114 2.4011e+05
0.024123 2.4011e+05
0.024133 2.4011e+05
0.024142 2.4011e+05
0.024151 2.4011e+05
0.024161 2.4011e+05
0.02417 2.4011e+05
0.02418 2.4011e+05
0.024189 2.4011e+05
0.024198 2.4011e+05
0.024208 2.4011e+05
0.024217 2.4011e+05
0.024227 2.4011e+05
0.024236 2.4011e+05
0.024246 2.4011e+05
0.024255 2.4011e+05
0.024264 2.4011e+05
0.024274 2.4011e+05
0.024283 2.4011e+05
0.024293 2.4011e+05
0.024302 2.4011e+05
0.024312 2.4011e+05
0.024321 2.4011e+05
0.02433 2.4011e+05
0.02434 2.4011e+05
0.024349 2.4011e+05
0.024359 2.4011e+05
0.024368 2.4011e+05
0.024377 2.4011e+05
0.024387 2.4011e+05
0.024396 2.4011e+05
0.024406 2.4011e+05
0.024415 2.4011e+05
0.024425 2.4011e+05
0.024434 2.4011e+05
0.024443 2.4011e+05
0.024453 2.4011e+05
0.024462 2.4011e+05
0.024472 2.4011e+05
0.024481 2.4011e+05
0.024491 2.4011e+05
0.0245 2.4011e+05
0.024509 2.4011e+05
0.024519 2.4011e+05
0.024528 2.4011e+05
0.024538 2.4011e+05
0.024547 2.4011e+05
0.024557 2.4011e+05
0.024566 2.4011e+05
0.024575 2.4011e+05
0.024585 2.4011e+05
0.024594 2.4011e+05
0.024604 2.4011e+05
0.024613 2.4011e+05
0.024622 2.4011e+05
0.024632 2.4011e+05
0.024641 2.4011e+05
0.024651 2.4011e+05
0.02466 2.4011e+05
0.02467 2.4011e+05
0.024679 2.4011e+05
0.024688 2.4011e+05
0.024698 2.4011e+05
0.024707 2.4011e+05
0.024717 2.4011e+05
0.024726 2.4011e+05
0.024736 2.4011e+05
0.024745 2.4011e+05
0.024754 2.4011e+05
0.024764 2.4011e+05
0.024773 2.4011e+05
0.024783 2.4011e+05
0.024792 2.4011e+05
0.024802 2.4011e+05
0.024811 2.4011e+05
0.02482 2.4011e+05
0.02483 2.4011e+05
0.024839 2.4011e+05
0.024849 2.4011e+05
0.024858 2.4011e+05
0.024868 2.4011e+05
0.024877 2.4011e+05
0.024886 2.4011e+05
0.024896 2.4011e+05
0.024905 2.4011e+05
0.024915 2.4011e+05
0.024924 2.4011e+05
0.024933 2.4011e+05
0.024943 2.4011e+05
0.024952 2.4011e+05
0.024962 2.4011e+05
0.024971 2.4011e+05
0.024981 2.4011e+05
0.02499 2.4011e+05
0.024999 2.4011e+05
0.025009 2.4011e+05
0.025018 2.4011e+05
0.025028 2.4011e+05
0.025037 2.4011e+05
0.025047 2.4011e+05
0.025056 2.4011e+05
0.025065 2.4011e+05
0.025075 2.4011e+05
0.025084 2.4011e+05
0.025094 2.4011e+05
0.025103 2.4011e+05
0.025113 2.4011e+05
0.025122 2.4011e+05
0.025131 2.4011e+05
0.025141 2.4011e+05
0.02515 2.4011e+05
0.02516 2.4011e+05
0.025169 2.4011e+05
0.025178 2.4011e+05
0.025188 2.4011e+05
0.025197 2.4011e+05
0.025207 2.4011e+05
0.025216 2.4011e+05
0.025226 2.4011e+05
0.025235 2.4011e+05
0.025244 2.4011e+05
0.025254 2.4011e+05
0.025263 2.4011e+05
0.025273 2.4011e+05
0.025282 2.4011e+05
0.025292 2.4011e+05
0.025301 2.4011e+05
0.02531 2.4011e+05
0.02532 2.4011e+05
0.025329 2.4011e+05
0.025339 2.4011e+05
0.025348 2.4011e+05
0.025358 2.4011e+05
0.025367 2.4011e+05
0.025376 2.4011e+05
0.025386 2.4011e+05
0.025395 2.4011e+05
0.025405 2.4011e+05
0.025414 2.4011e+05
0.025423 2.4011e+05
0.025433 2.4011e+05
0.025442 2.4011e+05
0.025452 2.4011e+05
0.025461 2.4011e+05
0.025471 2.4011e+05
0.02548 2.4011e+05
0.025489 2.4011e+05
0.025499 2.4011e+05
0.025508 2.4011e+05
0.025518 2.4011e+05
0.025527 2.4011e+05
0.025537 2.4011e+05
0.025546 2.4011e+05
0.025555 2.4011e+05
0.025565 2.4011e+05
0.025574 2.4011e+05
0.025584 2.4011e+05
0.025593 2.4011e+05
0.025603 2.4011e+05
0.025612 2.4011e+05
0.025621 2.4011e+05
0.025631 2.4011e+05
0.02564 2.4011e+05
0.02565 2.4011e+05
0.025659 2.4011e+05
0.025668 2.4011e+05
0.025678 2.4011e+05
0.025687 2.4011e+05
0.025697 2.4011e+05
0.025706 2.4011e+05
0.025716 2.4011e+05
0.025725 2.4011e+05
0.025734 2.4011e+05
0.025744 2.4011e+05
0.025753 2.4011e+05
0.025763 2.4011e+05
0.025772 2.4011e+05
0.025782 2.4011e+05
0.025791 2.4011e+05
0.0258 2.4011e+05
0.02581 2.4011e+05
0.025819 2.4011e+05
0.025829 2.4011e+05
0.025838 2.4011e+05
0.025848 2.4011e+05
0.025857 2.4011e+05
0.025866 2.4011e+05
0.025876 2.4011e+05
0.025885 2.4011e+05
0.025895 2.4011e+05
0.025904 2.4011e+05
0.025913 2.4011e+05
0.025923 2.4011e+05
0.025932 2.4011e+05
0.025942 2.4011e+05
0.025951 2.4011e+05
0.025961 2.4011e+05
0.02597 2.4011e+05
0.025979 2.4011e+05
0.025989 2.4011e+05
0.025998 2.4011e+05
0.026008 2.4011e+05
0.026017 2.4011e+05
0.026027 2.4011e+05
0.026036 2.4011e+05
0.026045 2.4011e+05
0.026055 2.4011e+05
0.026064 2.4011e+05
0.026074 2.4011e+05
0.026083 2.4011e+05
0.026093 2.4011e+05
0.026102 2.4011e+05
0.026111 2.4011e+05
0.026121 2.4011e+05
0.02613 2.4011e+05
0.02614 2.4011e+05
0.026149 2.4011e+05
0.026158 2.4011e+05
0.026168 2.4011e+05
0.026177 2.4011e+05
0.026187 2.4011e+05
0.026196 2.4011e+05
0.026206 2.4011e+05
0.026215 2.4011e+05
0.026224 2.4011e+05
0.026234 2.4011e+05
0.026243 2.4011e+05
0.026253 2.4011e+05
0.026262 2.4011e+05
0.026272 2.4011e+05
0.026281 2.4011e+05
0.02629 2.4011e+05
0.0263 2.4011e+05
0.026309 2.4011e+05
0.026319 2.4011e+05
0.026328 2.4011e+05
0.026338 2.4011e+05
0.026347 2.4011e+05
0.026356 2.4011e+05
0.026366 2.4011e+05
0.026375 2.4011e+05
0.026385 2.4011e+05
0.026394 2.4011e+05
0.026403 2.4011e+05
0.026413 2.4011e+05
0.026422 2.4011e+05
0.026432 2.4011e+05
0.026441 2.4011e+05
0.026451 2.4011e+05
0.02646 2.4011e+05
0.026469 2.4011e+05
0.026479 2.4011e+05
0.026488 2.4011e+05
0.026498 2.4011e+05
0.026507 2.4011e+05
0.026517 2.4011e+05
0.026526 2.4011e+05
0.026535 2.4011e+05
0.026545 2.4011e+05
0.026554 2.4011e+05
0.026564 2.4011e+05
0.026573 2.4011e+05
0.026583 2.4011e+05
0.026592 2.4011e+05
0.026601 2.4011e+05
0.026611 2.4011e+05
0.02662 2.4011e+05
0.02663 2.4011e+05
0.026639 2.4011e+05
0.026648 2.4011e+05
0.026658 2.4011e+05
0.026667 2.4011e+05
0.026677 2.4011e+05
0.026686 2.4011e+05
0.026696 2.4011e+05
0.026705 2.4011e+05
0.026714 2.4011e+05
0.026724 2.4011e+05
0.026733 2.4011e+05
0.026743 2.4011e+05
0.026752 2.4011e+05
0.026762 2.4011e+05
0.026771 2.4011e+05
0.02678 2.4011e+05
0.02679 2.4011e+05
0.026799 2.4011e+05
0.026809 2.4011e+05
0.026818 2.4011e+05
0.026828 2.4011e+05
0.026837 2.4011e+05
0.026846 2.4011e+05
0.026856 2.4011e+05
0.026865 2.4011e+05
0.026875 2.4011e+05
0.026884 2.4011e+05
0.026893 2.4011e+05
0.026903 2.4011e+05
0.026912 2.4011e+05
0.026922 2.4011e+05
0.026931 2.4011e+05
0.026941 2.4011e+05
0.02695 2.4011e+05
0.026959 2.4011e+05
0.026969 2.4011e+05
0.026978 2.4011e+05
0.026988 2.4011e+05
0.026997 2.4011e+05
0.027007 2.4011e+05
0.027016 2.4011e+05
0.027025 2.4011e+05
0.027035 2.4011e+05
0.027044 2.4011e+05
0.027054 2.4011e+05
0.027063 2.4011e+05
0.027073 2.4011e+05
0.027082 2.4011e+05
0.027091 2.4011e+05
0.027101 2.4011e+05
0.02711 2.4011e+05
0.02712 2.4011e+05
0.027129 2.4011e+05
0.027138 2.4011e+05
0.027148 2.4011e+05
0.027157 2.4011e+05
0.027167 2.4011e+05
0.027176 2.4011e+05
0.027186 2.4011e+05
0.027195 2.4011e+05
0.027204 2.4011e+05
0.027214 2.4011e+05
0.027223 2.4011e+05
0.027233 2.4011e+05
0.027242 2.4011e+05
0.027252 2.4011e+05
0.027261 2.4011e+05
0.02727 2.4011e+05
0.02728 2.4011e+05
0.027289 2.4011e+05
0.027299 2.4011e+05
0.027308 2.4011e+05
0.027318 2.4011e+05
0.027327 2.4011e+05
0.027336 2.4011e+05
0.027346 2.4011e+05
0.027355 2.4011e+05
0.027365 2.4011e+05
0.027374 2.4011e+05
0.027383 2.4011e+05
0.027393 2.4011e+05
0.027402 2.4011e+05
0.027412 2.4011e+05
0.027421 2.4011e+05
0.027431 2.4011e+05
0.02744 2.4011e+05
0.027449 2.4011e+05
0.027459 2.4011e+05
0.027468 2.4011e+05
0.027478 2.4011e+05
0.027487 2.4011e+05
0.027497 2.4011e+05
0.027506 2.4011e+05
0.027515 2.4011e+05
0.027525 2.4011e+05
0.027534 2.4011e+05
0.027544 2.4011e+05
0.027553 2.4011e+05
0.027563 2.4011e+05
0.027572 2.4011e+05
0.027581 2.4011e+05
0.027591 2.4011e+05
0.0276 2.4011e+05
0.02761 2.4011e+05
0.027619 2.4011e+05
0.027628 2.4011e+05
0.027638 2.4011e+05
0.027647 2.4011e+05
0.027657 2.4011e+05
0.027666 2.4011e+05
0.027676 2.4011e+05
0.027685 2.4011e+05
0.027694 2.4011e+05
0.027704 2.4011e+05
0.027713 2.4011e+05
0.027723 2.4011e+05
0.027732 2.4011e+05
0.027742 2.4011e+05
0.027751 2.4011e+05
0.02776 2.4011e+05
0.02777 2.4011e+05
0.027779 2.4011e+05
0.027789 2.4011e+05
0.027798 2.4011e+05
0.027808 2.4011e+05
0.027817 2.4011e+05
0.027826 2.4011e+05
0.027836 2.4011e+05
0.027845 2.4011e+05
0.027855 2.4011e+05
0.027864 2.4011e+05
0.027873 2.4011e+05
0.027883 2.4011e+05
0.027892 2.4011e+05
0.027902 2.4011e+05
0.027911 2.4011e+05
0.027921 2.4011e+05
0.02793 2.4011e+05
0.027939 2.4011e+05
0.027949 2.4011e+05
0.027958 2.4011e+05
0.027968 2.4011e+05
0.027977 2.4011e+05
0.027987 2.4011e+05
0.027996 2.4011e+05
0.028005 2.4011e+05
0.028015 2.4011e+05
0.028024 2.4011e+05
0.028034 2.4011e+05
0.028043 2.4011e+05
0.028053 2.4011e+05
0.028062 2.4011e+05
0.028071 2.4011e+05
0.028081 2.4011e+05
0.02809 2.4011e+05
0.0281 2.4011e+05
0.028109 2.4011e+05
0.028118 2.4011e+05
0.028128 2.4011e+05
0.028137 2.4011e+05
0.028147 2.4011e+05
0.028156 2.4011e+05
0.028166 2.4011e+05
0.028175 2.4011e+05
0.028184 2.4011e+05
0.028194 2.4011e+05
0.028203 2.4011e+05
0.028213 2.4011e+05
0.028222 2.4011e+05
0.028232 2.4011e+05
0.028241 2.4011e+05
0.02825 2.4011e+05
0.02826 2.4011e+05
0.028269 2.4011e+05
0.028279 2.4011e+05
0.028288 2.4011e+05
0.028297 2.4011e+05
0.028307 2.4011e+05
0.028316 2.4011e+05
0.028326 2.4011e+05
0.028335 2.4011e+05
0.028345 2.4011e+05
0.028354 2.4011e+05
0.028363 2.4011e+05
0.028373 2.4011e+05
0.028382 2.4011e+05
0.028392 2.4011e+05
0.028401 2.4011e+05
0.028411 2.4011e+05
0.02842 2.4011e+05
0.028429 2.4011e+05
0.028439 2.4011e+05
0.028448 2.4011e+05
0.028458 2.4011e+05
0.028467 2.4011e+05
0.028477 2.4011e+05
0.028486 2.4011e+05
0.028495 2.4011e+05
0.028505 2.4011e+05
0.028514 2.4011e+05
0.028524 2.4011e+05
0.028533 2.4011e+05
0.028543 2.4011e+05
0.028552 2.4011e+05
0.028561 2.4011e+05
0.028571 2.4011e+05
0.02858 2.4011e+05
0.02859 2.4011e+05
0.028599 2.4011e+05
0.028608 2.4011e+05
0.028618 2.4011e+05
0.028627 2.4011e+05
0.028637 2.4011e+05
0.028646 2.4011e+05
0.028656 2.4011e+05
0.028665 2.4011e+05
0.028674 2.4011e+05
0.028684 2.4011e+05
0.028693 2.4011e+05
0.028703 2.4011e+05
0.028712 2.4011e+05
0.028722 2.4011e+05
0.028731 2.4011e+05
0.02874 2.4011e+05
0.02875 2.4011e+05
0.028759 2.4011e+05
0.028769 2.4011e+05
0.028778 2.4011e+05
0.028788 2.4011e+05
0.028797 2.4011e+05
0.028806 2.4011e+05
0.028816 2.4011e+05
0.028825 2.4011e+05
0.028835 2.4011e+05
0.028844 2.4011e+05
0.028853 2.4011e+05
0.028863 2.4011e+05
0.028872 2.4011e+05
0.028882 2.4011e+05
0.028891 2.4011e+05
0.028901 2.4011e+05
0.02891 2.4011e+05
0.028919 2.4011e+05
0.028929 2.4011e+05
0.028938 2.4011e+05
0.028948 2.4011e+05
0.028957 2.4011e+05
0.028967 2.4011e+05
0.028976 2.4011e+05
0.028985 2.4011e+05
0.028995 2.4011e+05
0.029004 2.4011e+05
0.029014 2.4011e+05
0.029023 2.4011e+05
0.029033 2.4011e+05
0.029042 2.4011e+05
0.029051 2.4011e+05
0.029061 2.4011e+05
0.02907 2.4011e+05
0.02908 2.4011e+05
0.029089 2.4011e+05
0.029098 2.4011e+05
0.029108 2.4011e+05
0.029117 2.4011e+05
0.029127 2.4011e+05
0.029136 2.4011e+05
0.029146 2.4011e+05
0.029155 2.4011e+05
0.029164 2.4011e+05
0.029174 2.4011e+05
0.029183 2.4011e+05
0.029193 2.4011e+05
0.029202 2.4011e+05
0.029212 2.4011e+05
0.029221 2.4011e+05
0.02923 2.4011e+05
0.02924 2.4011e+05
0.029249 2.4011e+05
0.029259 2.4011e+05
0.029268 2.4011e+05
0.029278 2.4011e+05
0.029287 2.4011e+05
0.029296 2.4011e+05
0.029306 2.4011e+05
0.029315 2.4011e+05
0.029325 2.4011e+05
0.029334 2.4011e+05
0.029343 2.4011e+05
0.029353 2.4011e+05
0.029362 2.4011e+05
0.029372 2.4011e+05
0.029381 2.4011e+05
0.029391 2.4011e+05
0.0294 2.4011e+05
0.029409 2.4011e+05
0.029419 2.4011e+05
0.029428 2.4011e+05
0.029438 2.4011e+05
0.029447 2.4011e+05
0.029457 2.4011e+05
0.029466 2.4011e+05
0.029475 2.4011e+05
0.029485 2.4011e+05
0.029494 2.4011e+05
0.029504 2.4011e+05
0.029513 2.4011e+05
0.029523 2.4011e+05
0.029532 2.4011e+05
0.029541 2.4011e+05
0.029551 2.4011e+05
0.02956 2.4011e+05
0.02957 2.4011e+05
0.029579 2.4011e+05
0.029588 2.4011e+05
0.029598 2.4011e+05
0.029607 2.4011e+05
0.029617 2.4011e+05
0.029626 2.4011e+05
0.029636 2.4011e+05
0.029645 2.4011e+05
0.029654 2.4011e+05
0.029664 2.4011e+05
0.029673 2.4011e+05
0.029683 2.4011e+05
0.029692 2.4011e+05
0.029702 2.4011e+05
0.029711 2.4011e+05
0.02972 2.4011e+05
0.02973 2.4011e+05
0.029739 2.4011e+05
0.029749 2.4011e+05
0.029758 2.4011e+05
0.029767 2.4011e+05
0.029777 2.4011e+05
0.029786 2.4011e+05
0.029796 2.4011e+05
0.029805 2.4011e+05
0.029815 2.4011e+05
0.029824 2.4011e+05
0.029833 2.4011e+05
0.029843 2.4011e+05
0.029852 2.4011e+05
0.029862 2.4011e+05
0.029871 2.4011e+05
0.029881 2.4011e+05
0.02989 2.4011e+05
0.029899 2.4011e+05
0.029909 2.4011e+05
0.029918 2.4011e+05
0.029928 2.4011e+05
0.029937 2.4011e+05
0.029947 2.4011e+05
0.029956 2.4011e+05
0.029965 2.4011e+05
0.029975 2.4011e+05
0.029984 2.4011e+05
0.029994 2.4011e+05
0.030003 2.4011e+05
0.030013 2.4011e+05
0.030022 2.4011e+05
0.030031 2.4011e+05
0.030041 2.4011e+05
0.03005 2.4011e+05
0.03006 2.4011e+05
0.030069 2.4011e+05
0.030078 2.4011e+05
0.030088 2.4011e+05
0.030097 2.4011e+05
0.030107 2.4011e+05
0.030116 2.4011e+05
0.030126 2.4011e+05
0.030135 2.4011e+05
0.030144 2.4011e+05
0.030154 2.4011e+05
0.030163 2.4011e+05
0.030173 2.4011e+05
0.030182 2.4011e+05
0.030192 2.4011e+05
0.030201 2.4011e+05
0.03021 2.4011e+05
0.03022 2.4011e+05
0.030229 2.4011e+05
0.030239 2.4011e+05
0.030248 2.4011e+05
0.030257 2.4011e+05
0.030267 2.4011e+05
0.030276 2.4011e+05
0.030286 2.4011e+05
0.030295 2.4011e+05
0.030305 2.4011e+05
0.030314 2.4011e+05
0.030323 2.4011e+05
0.030333 2.4011e+05
0.030342 2.4011e+05
0.030352 2.4011e+05
0.030361 2.4011e+05
0.030371 2.4011e+05
0.03038 2.4011e+05
0.030389 2.4011e+05
0.030399 2.4011e+05
0.030408 2.4011e+05
0.030418 2.4011e+05
0.030427 2.4011e+05
0.030437 2.4011e+05
0.030446 2.4011e+05
0.030455 2.4011e+05
0.030465 2.4011e+05
0.030474 2.4011e+05
0.030484 2.4011e+05
0.030493 2.4011e+05
0.030503 2.4011e+05
0.030512 2.4011e+05
0.030521 2.4011e+05
0.030531 2.4011e+05
0.03054 2.4011e+05
0.03055 2.4011e+05
0.030559 2.4011e+05
0.030568 2.4011e+05
0.030578 2.4011e+05
0.030587 2.4011e+05
0.030597 2.4011e+05
0.030606 2.4011e+05
0.030616 2.4011e+05
0.030625 2.4011e+05
0.030634 2.4011e+05
0.030644 2.4011e+05
0.030653 2.4011e+05
0.030663 2.4011e+05
0.030672 2.4011e+05
0.030682 2.4011e+05
0.030691 2.4011e+05
0.0307 2.4011e+05
0.03071 2.4011e+05
0.030719 2.4011e+05
0.030729 2.4011e+05
0.030738 2.4011e+05
0.030747 2.4011e+05
0.030757 2.4011e+05
0.030766 2.4011e+05
0.030776 2.4011e+05
0.030785 2.4011e+05
0.030795 2.4011e+05
0.030804 2.4011e+05
0.030813 2.4011e+05
0.030823 2.4011e+05
0.030832 2.4011e+05
0.030842 2.4011e+05
0.030851 2.4011e+05
0.030861 2.4011e+05
0.03087 2.4011e+05
0.030879 2.4011e+05
0.030889 2.4011e+05
0.030898 2.4011e+05
0.030908 2.4011e+05
0.030917 2.4011e+05
0.030927 2.4011e+05
0.030936 2.4011e+05
0.030945 2.4011e+05
0.030955 2.4011e+05
0.030964 2.4011e+05
0.030974 2.4011e+05
0.030983 2.4011e+05
0.030993 2.4011e+05
0.031002 2.4011e+05
0.031011 2.4011e+05
0.031021 2.4011e+05
0.03103 2.4011e+05
0.03104 2.4011e+05
0.031049 2.4011e+05
0.031058 2.4011e+05
0.031068 2.4011e+05
0.031077 2.4011e+05
0.031087 2.4011e+05
0.031096 2.4011e+05
0.031106 2.4011e+05
0.031115 2.4011e+05
0.031124 2.4011e+05
0.031134 2.4011e+05
0.031143 2.4011e+05
0.031153 2.4011e+05
0.031162 2.4011e+05
0.031172 2.4011e+05
0.031181 2.4011e+05
0.03119 2.4011e+05
0.0312 2.4011e+05
0.031209 2.4011e+05
0.031219 2.4011e+05
0.031228 2.4011e+05
0.031238 2.4011e+05
0.031247 2.4011e+05
0.031256 2.4011e+05
0.031266 2.4011e+05
0.031275 2.4011e+05
0.031285 2.4011e+05
0.031294 2.4011e+05
0.031303 2.4011e+05
0.031313 2.4011e+05
0.031322 2.4011e+05
0.031332 2.4011e+05
0.031341 2.4011e+05
0.031351 2.4011e+05
0.03136 2.4011e+05
0.031369 2.4011e+05
0.031379 2.4011e+05
0.031388 2.4011e+05
0.031398 2.4011e+05
0.031407 2.4011e+05
0.031417 2.4011e+05
0.031426 2.4011e+05
0.031435 2.4011e+05
0.031445 2.4011e+05
0.031454 2.4011e+05
0.031464 2.4011e+05
0.031473 2.4011e+05
0.031483 2.4011e+05
0.031492 2.4011e+05
0.031501 2.4011e+05
0.031511 2.4011e+05
0.03152 2.4011e+05
0.03153 2.4011e+05
0.031539 2.4011e+05
0.031548 2.4011e+05
0.031558 2.4011e+05
0.031567 2.4011e+05
0.031577 2.4011e+05
0.031586 2.4011e+05
0.031596 2.4011e+05
0.031605 2.4011e+05
0.031614 2.4011e+05
0.031624 2.4011e+05
0.031633 2.4011e+05
0.031643 2.4011e+05
0.031652 2.4011e+05
0.031662 2.4011e+05
0.031671 2.4011e+05
0.03168 2.4011e+05
0.03169 2.4011e+05
0.031699 2.4011e+05
0.031709 2.4011e+05
0.031718 2.4011e+05
0.031728 2.4011e+05
0.031737 2.4011e+05
0.031746 2.4011e+05
0.031756 2.4011e+05
0.031765 2.4011e+05
0.031775 2.4011e+05
0.031784 2.4011e+05
0.031793 2.4011e+05
0.031803 2.4011e+05
0.031812 2.4011e+05
0.031822 2.4011e+05
0.031831 2.4011e+05
0.031841 2.4011e+05
0.03185 2.4011e+05
0.031859 2.4011e+05
0.031869 2.4011e+05
0.031878 2.4011e+05
0.031888 2.4011e+05
0.031897 2.4011e+05
0.031907 2.4011e+05
0.031916 2.4011e+05
0.031925 2.4011e+05
0.031935 2.4011e+05
0.031944 2.4011e+05
0.031954 2.4011e+05
0.031963 2.4011e+05
0.031973 2.4011e+05
0.031982 2.4011e+05
0.031991 2.4011e+05
0.032001 2.4011e+05
0.03201 2.4011e+05
0.03202 2.4011e+05
0.032029 2.4011e+05
0.032038 2.4011e+05
0.032048 2.4011e+05
0.032057 2.4011e+05
0.032067 2.4011e+05
0.032076 2.4011e+05
0.032086 2.4011e+05
0.032095 2.4011e+05
0.032104 2.4011e+05
0.032114 2.4011e+05
0.032123 2.4011e+05
0.032133 2.4011e+05
0.032142 2.4011e+05
0.032152 2.4011e+05
0.032161 2.4011e+05
0.03217 2.4011e+05
0.03218 2.4011e+05
0.032189 2.4011e+05
0.032199 2.4011e+05
0.032208 2.4011e+05
0.032218 2.4011e+05
0.032227 2.4011e+05
0.032236 2.4011e+05
0.032246 2.4011e+05
0.032255 2.4011e+05
0.032265 2.4011e+05
0.032274 2.4011e+05
0.032283 2.4011e+05
0.032293 2.4011e+05
0.032302 2.4011e+05
0.032312 2.4011e+05
0.032321 2.4011e+05
0.032331 2.4011e+05
0.03234 2.4011e+05
0.032349 2.4011e+05
0.032359 2.4011e+05
0.032368 2.4011e+05
0.032378 2.4011e+05
0.032387 2.4011e+05
0.032397 2.4011e+05
0.032406 2.4011e+05
0.032415 2.4011e+05
0.032425 2.4011e+05
0.032434 2.4011e+05
0.032444 2.4011e+05
0.032453 2.4011e+05
0.032462 2.4011e+05
0.032472 2.4011e+05
0.032481 2.4011e+05
0.032491 2.4011e+05
0.0325 2.4011e+05
0.03251 2.4011e+05
0.032519 2.4011e+05
0.032528 2.4011e+05
0.032538 2.4011e+05
0.032547 2.4011e+05
0.032557 2.4011e+05
0.032566 2.4011e+05
0.032576 2.4011e+05
0.032585 2.4011e+05
0.032594 2.4011e+05
0.032604 2.4011e+05
0.032613 2.4011e+05
0.032623 2.4011e+05
0.032632 2.4011e+05
0.032642 2.4011e+05
0.032651 2.4011e+05
0.03266 2.4011e+05
0.03267 2.4011e+05
0.032679 2.4011e+05
0.032689 2.4011e+05
0.032698 2.4011e+05
0.032708 2.4011e+05
0.032717 2.4011e+05
0.032726 2.4011e+05
0.032736 2.4011e+05
0.032745 2.4011e+05
0.032755 2.4011e+05
0.032764 2.4011e+05
0.032773 2.4011e+05
0.032783 2.4011e+05
0.032792 2.4011e+05
0.032802 2.4011e+05
0.032811 2.4011e+05
0.032821 2.4011e+05
0.03283 2.4011e+05
0.032839 2.4011e+05
0.032849 2.4011e+05
0.032858 2.4011e+05
0.032868 2.4011e+05
0.032877 2.4011e+05
0.032887 2.4011e+05
0.032896 2.4011e+05
0.032905 2.4011e+05
0.032915 2.4011e+05
0.032924 2.4011e+05
0.032934 2.4011e+05
0.032943 2.4011e+05
0.032953 2.4011e+05
0.032962 2.4011e+05
0.032971 2.4011e+05
0.032981 2.4011e+05
1 2.4011e+05
