9.4231e-06 1641.7
1.8846e-05 1641.7
2.8269e-05 1641.7
3.7692e-05 1641.7
4.7115e-05 1641.7
5.6538e-05 1641.7
6.5962e-05 1641.7
7.5385e-05 1641.7
8.4808e-05 1641.7
9.4231e-05 1641.7
0.00010365 1641.7
0.00011308 1641.7
0.0001225 1641.8
0.00013192 1641.8
0.00014135 1641.9
0.00015077 1642
0.00016019 1642.2
0.00016962 1642.4
0.00017904 1642.8
0.00018846 1643.3
0.00019788 1644
0.00020731 1644.9
0.00021673 1646.2
0.00022615 1647.9
0.00023558 1650.3
0.000245 1653.3
0.00025442 1657.4
0.00026385 1662.6
0.00027327 1669.4
0.00028269 1678
0.00029212 1689
0.00030154 1702.7
0.00031096 1719.7
0.00032038 1740.8
0.00032981 1766.5
0.00033923 1797.8
0.00034865 1835.6
0.00035808 1880.9
0.0003675 1934.8
0.00037692 1998.6
0.00038635 2073.6
0.00039577 2161.3
0.00040519 2263.4
0.00041462 2381.5
0.00042404 2517.3
0.00043346 2672.6
0.00044288 2849
0.00045231 3048.2
0.00046173 3271.5
0.00047115 3519.7
0.00048058 3793.4
0.00049 4092.2
0.00049942 4415
0.00050885 4759.7
0.00051827 5123.2
0.00052769 5501.2
0.00053712 5888.3
0.00054654 6278.4
0.00055596 6664.5
0.00056538 7039.2
0.00057481 7395.4
0.00058423 7726.1
0.00059365 8025.2
0.00060308 8287.5
0.0006125 8509.3
0.00062192 8688.3
0.00063135 8823.5
0.00064077 8915.2
0.00065019 8965.2
0.00065962 8975.8
0.00066904 8950.5
0.00067846 8892.8
0.00068788 8806.9
0.00069731 8696.5
0.00070673 8565.7
0.00071615 8418.1
0.00072558 8257
0.000735 8085.4
0.00074442 7906
0.00075385 7720.9
0.00076327 7532.2
0.00077269 7341.5
0.00078212 7150.2
0.00079154 6959.3
0.00080096 6769.8
0.00081038 6582.4
0.00081981 6397.8
0.00082923 6216.5
0.00083865 6038.7
0.00084808 5865
0.0008575 5695.4
0.00086692 5530.2
0.00087635 5369.5
0.00088577 5213.4
0.00089519 5062
0.00090462 4915.3
0.00091404 4773.4
0.00092346 4636.2
0.00093288 4503.7
0.00094231 4375.9
0.00095173 4252.7
0.00096115 4134
0.00097058 4019.8
0.00098 3910
0.00098942 3804.4
0.00099885 3703
0.0010083 3605.7
0.0010177 3512.4
0.0010271 3422.9
0.0010365 3337.1
0.001046 3254.9
0.0010554 3176.3
0.0010648 3101
0.0010742 3029
0.0010837 2960.2
0.0010931 2894.4
0.0011025 2831.5
0.0011119 2771.5
0.0011213 2714.2
0.0011308 2659.5
0.0011402 2607.2
0.0011496 2557.4
0.001159 2509.9
0.0011685 2464.6
0.0011779 2421.5
0.0011873 2380.4
0.0011967 2341.2
0.0012062 2303.9
0.0012156 2268.4
0.001225 2234.5
0.0012344 2202.4
0.0012438 2171.8
0.0012533 2142.7
0.0012627 2115
0.0012721 2088.7
0.0012815 2063.7
0.001291 2040
0.0013004 2017.4
0.0013098 1996
0.0013192 1975.7
0.0013287 1956.4
0.0013381 1938.1
0.0013475 1920.8
0.0013569 1904.4
0.0013663 1888.8
0.0013758 1874.1
0.0013852 1860.1
0.0013946 1846.9
0.001404 1834.4
0.0014135 1822.6
0.0014229 1811.4
0.0014323 1800.9
0.0014417 1790.9
0.0014512 1781.5
0.0014606 1772.6
0.00147 1764.3
0.0014794 1756.4
0.0014888 1748.9
0.0014983 1741.9
0.0015077 1735.3
0.0015171 1729.1
0.0015265 1723.3
0.001536 1717.8
0.0015454 1712.6
0.0015548 1707.8
0.0015642 1703.2
0.0015737 1699
0.0015831 1695
0.0015925 1691.2
0.0016019 1687.7
0.0016113 1684.4
0.0016208 1681.4
0.0016302 1678.5
0.0016396 1675.8
0.001649 1673.3
0.0016585 1671
0.0016679 1668.8
0.0016773 1666.7
0.0016867 1664.9
0.0016962 1663.1
0.0017056 1661.4
0.001715 1659.9
0.0017244 1658.5
0.0017338 1657.2
0.0017433 1656
0.0017527 1654.8
0.0017621 1653.8
0.0017715 1652.8
0.001781 1651.9
0.0017904 1651.1
0.0017998 1650.3
0.0018092 1649.6
0.0018187 1648.9
0.0018281 1648.3
0.0018375 1647.8
0.0018469 1647.2
0.0018563 1646.8
0.0018658 1646.3
0.0018752 1645.9
0.0018846 1645.5
0.001894 1645.2
0.0019035 1644.9
0.0019129 1644.6
0.0019223 1644.3
0.0019317 1644.1
0.0019412 1643.9
0.0019506 1643.7
0.00196 1643.5
0.0019694 1643.3
0.0019788 1643.2
0.0019883 1643
0.0019977 1642.9
0.0020071 1642.8
0.0020165 1642.7
0.002026 1642.6
0.0020354 1642.5
0.0020448 1642.4
0.0020542 1642.3
0.0020637 1642.3
0.0020731 1642.2
0.0020825 1642.2
0.0020919 1642.1
0.0021013 1642.1
0.0021108 1642
0.0021202 1642
0.0021296 1642
0.002139 1641.9
0.0021485 1641.9
0.0021579 1641.9
0.0021673 1641.9
0.0021767 1641.8
0.0021862 1641.8
0.0021956 1641.8
0.002205 1641.8
0.0022144 1641.8
0.0022238 1641.8
0.0022333 1641.7
0.0022427 1641.7
0.0022521 1641.7
0.0022615 1641.7
0.002271 1641.7
0.0022804 1641.7
0.0022898 1641.7
0.0022992 1641.7
0.0023087 1641.7
0.0023181 1641.7
0.0023275 1641.7
0.0023369 1641.7
0.0023463 1641.7
0.0023558 1641.7
0.0023652 1641.7
0.0023746 1641.7
0.002384 1641.7
0.0023935 1641.7
0.0024029 1641.7
0.0024123 1641.7
0.0024217 1641.7
0.0024312 1641.7
0.0024406 1641.7
0.00245 1641.7
0.0024594 1641.7
0.0024688 1641.7
0.0024783 1641.7
0.0024877 1641.7
0.0024971 1641.7
0.0025065 1641.7
0.002516 1641.7
0.0025254 1641.7
0.0025348 1641.7
0.0025442 1641.7
0.0025537 1641.7
0.0025631 1641.7
0.0025725 1641.7
0.0025819 1641.7
0.0025913 1641.7
0.0026008 1641.7
0.0026102 1641.7
0.0026196 1641.7
0.002629 1641.7
0.0026385 1641.7
0.0026479 1641.7
0.0026573 1641.7
0.0026667 1641.7
0.0026762 1641.7
0.0026856 1641.7
0.002695 1641.7
0.0027044 1641.7
0.0027138 1641.7
0.0027233 1641.7
0.0027327 1641.7
0.0027421 1641.7
0.0027515 1641.7
0.002761 1641.7
0.0027704 1641.7
0.0027798 1641.7
0.0027892 1641.7
0.0027987 1641.7
0.0028081 1641.7
0.0028175 1641.7
0.0028269 1641.7
0.0028363 1641.7
0.0028458 1641.7
0.0028552 1641.7
0.0028646 1641.7
0.002874 1641.7
0.0028835 1641.7
0.0028929 1641.7
0.0029023 1641.7
0.0029117 1641.7
0.0029212 1641.7
0.0029306 1641.7
0.00294 1641.7
0.0029494 1641.7
0.0029588 1641.7
0.0029683 1641.7
0.0029777 1641.7
0.0029871 1641.7
0.0029965 1641.7
0.003006 1641.7
0.0030154 1641.7
0.0030248 1641.7
0.0030342 1641.7
0.0030437 1641.7
0.0030531 1641.7
0.0030625 1641.7
0.0030719 1641.7
0.0030813 1641.7
0.0030908 1641.7
0.0031002 1641.7
0.0031096 1641.7
0.003119 1641.7
0.0031285 1641.7
0.0031379 1641.7
0.0031473 1641.7
0.0031567 1641.7
0.0031662 1641.7
0.0031756 1641.7
0.003185 1641.7
0.0031944 1641.7
0.0032038 1641.7
0.0032133 1641.7
0.0032227 1641.7
0.0032321 1641.7
0.0032415 1641.7
0.003251 1641.7
0.0032604 1641.7
0.0032698 1641.7
0.0032792 1641.7
0.0032887 1641.7
0.0032981 1641.7
0.0033075 1641.7
0.0033169 1641.7
0.0033263 1641.7
0.0033358 1641.7
0.0033452 1641.7
0.0033546 1641.7
0.003364 1641.7
0.0033735 1641.7
0.0033829 1641.7
0.0033923 1641.7
0.0034017 1641.7
0.0034112 1641.7
0.0034206 1641.7
0.00343 1641.7
0.0034394 1641.7
0.0034488 1641.7
0.0034583 1641.7
0.0034677 1641.7
0.0034771 1641.7
0.0034865 1641.7
0.003496 1641.7
0.0035054 1641.7
0.0035148 1641.7
0.0035242 1641.7
0.0035337 1641.7
0.0035431 1641.7
0.0035525 1641.7
0.0035619 1641.7
0.0035713 1641.7
0.0035808 1641.7
0.0035902 1641.7
0.0035996 1641.7
0.003609 1641.7
0.0036185 1641.7
0.0036279 1641.7
0.0036373 1641.7
0.0036467 1641.7
0.0036562 1641.7
0.0036656 1641.7
0.003675 1641.7
0.0036844 1641.7
0.0036938 1641.7
0.0037033 1641.7
0.0037127 1641.7
0.0037221 1641.7
0.0037315 1641.7
0.003741 1641.7
0.0037504 1641.7
0.0037598 1641.7
0.0037692 1641.7
0.0037787 1641.7
0.0037881 1641.7
0.0037975 1641.7
0.0038069 1641.7
0.0038163 1641.7
0.0038258 1641.7
0.0038352 1641.7
0.0038446 1641.7
0.003854 1641.7
0.0038635 1641.7
0.0038729 1641.7
0.0038823 1641.7
0.0038917 1641.7
0.0039012 1641.7
0.0039106 1641.7
0.00392 1641.7
0.0039294 1641.7
0.0039388 1641.7
0.0039483 1641.7
0.0039577 1641.7
0.0039671 1641.7
0.0039765 1641.7
0.003986 1641.7
0.0039954 1641.7
0.0040048 1641.7
0.0040142 1641.7
0.0040237 1641.7
0.0040331 1641.7
0.0040425 1641.7
0.0040519 1641.7
0.0040613 1641.7
0.0040708 1641.7
0.0040802 1641.7
0.0040896 1641.7
0.004099 1641.7
0.0041085 1641.7
0.0041179 1641.7
0.0041273 1641.7
0.0041367 1641.7
0.0041462 1641.7
0.0041556 1641.7
0.004165 1641.7
0.0041744 1641.7
0.0041838 1641.7
0.0041933 1641.7
0.0042027 1641.7
0.0042121 1641.7
0.0042215 1641.7
0.004231 1641.7
0.0042404 1641.7
0.0042498 1641.7
0.0042592 1641.7
0.0042687 1641.7
0.0042781 1641.7
0.0042875 1641.7
0.0042969 1641.7
0.0043063 1641.7
0.0043158 1641.7
0.0043252 1641.7
0.0043346 1641.7
0.004344 1641.7
0.0043535 1641.7
0.0043629 1641.7
0.0043723 1641.7
0.0043817 1641.7
0.0043912 1641.7
0.0044006 1641.7
0.00441 1641.7
0.0044194 1641.7
0.0044288 1641.7
0.0044383 1641.7
0.0044477 1641.7
0.0044571 1641.7
0.0044665 1641.7
0.004476 1641.7
0.0044854 1641.7
0.0044948 1641.7
0.0045042 1641.7
0.0045137 1641.7
0.0045231 1641.7
0.0045325 1641.7
0.0045419 1641.7
0.0045513 1641.7
0.0045608 1641.7
0.0045702 1641.7
0.0045796 1641.7
0.004589 1641.7
0.0045985 1641.7
0.0046079 1641.7
0.0046173 1641.7
0.0046267 1641.7
0.0046362 1641.7
0.0046456 1641.7
0.004655 1641.7
0.0046644 1641.7
0.0046738 1641.7
0.0046833 1641.7
0.0046927 1641.7
0.0047021 1641.7
0.0047115 1641.7
0.004721 1641.7
0.0047304 1641.7
0.0047398 1641.7
0.0047492 1641.7
0.0047587 1641.7
0.0047681 1641.7
0.0047775 1641.7
0.0047869 1641.7
0.0047963 1641.7
0.0048058 1641.7
0.0048152 1641.7
0.0048246 1641.7
0.004834 1641.7
0.0048435 1641.7
0.0048529 1641.7
0.0048623 1641.7
0.0048717 1641.7
0.0048812 1641.7
0.0048906 1641.7
0.0049 1641.7
0.0049094 1641.7
0.0049188 1641.7
0.0049283 1641.7
0.0049377 1641.7
0.0049471 1641.7
0.0049565 1641.7
0.004966 1641.7
0.0049754 1641.7
0.0049848 1641.7
0.0049942 1641.7
0.0050037 1641.7
0.0050131 1641.7
0.0050225 1641.7
0.0050319 1641.7
0.0050413 1641.7
0.0050508 1641.7
0.0050602 1641.7
0.0050696 1641.7
0.005079 1641.7
0.0050885 1641.7
0.0050979 1641.7
0.0051073 1641.7
0.0051167 1641.7
0.0051262 1641.7
0.0051356 1641.7
0.005145 1641.7
0.0051544 1641.7
0.0051638 1641.7
0.0051733 1641.7
0.0051827 1641.7
0.0051921 1641.7
0.0052015 1641.7
0.005211 1641.7
0.0052204 1641.7
0.0052298 1641.7
0.0052392 1641.7
0.0052487 1641.7
0.0052581 1641.7
0.0052675 1641.7
0.0052769 1641.7
0.0052863 1641.7
0.0052958 1641.7
0.0053052 1641.7
0.0053146 1641.7
0.005324 1641.7
0.0053335 1641.7
0.0053429 1641.7
0.0053523 1641.7
0.0053617 1641.7
0.0053712 1641.7
0.0053806 1641.7
0.00539 1641.7
0.0053994 1641.7
0.0054088 1641.7
0.0054183 1641.7
0.0054277 1641.7
0.0054371 1641.7
0.0054465 1641.7
0.005456 1641.7
0.0054654 1641.7
0.0054748 1641.7
0.0054842 1641.7
0.0054937 1641.7
0.0055031 1641.7
0.0055125 1641.7
0.0055219 1641.7
0.0055313 1641.7
0.0055408 1641.7
0.0055502 1641.7
0.0055596 1641.7
0.005569 1641.7
0.0055785 1641.7
0.0055879 1641.7
0.0055973 1641.7
0.0056067 1641.7
0.0056162 1641.7
0.0056256 1641.7
0.005635 1641.7
0.0056444 1641.7
0.0056538 1641.7
0.0056633 1641.7
0.0056727 1641.7
0.0056821 1641.7
0.0056915 1641.7
0.005701 1641.7
0.0057104 1641.7
0.0057198 1641.7
0.0057292 1641.7
0.0057387 1641.7
0.0057481 1641.7
0.0057575 1641.7
0.0057669 1641.7
0.0057763 1641.7
0.0057858 1641.7
0.0057952 1641.7
0.0058046 1641.7
0.005814 1641.7
0.0058235 1641.7
0.0058329 1641.7
0.0058423 1641.7
0.0058517 1641.7
0.0058612 1641.7
0.0058706 1641.7
0.00588 1641.7
0.0058894 1641.7
0.0058988 1641.7
0.0059083 1641.7
0.0059177 1641.7
0.0059271 1641.7
0.0059365 1641.7
0.005946 1641.7
0.0059554 1641.7
0.0059648 1641.7
0.0059742 1641.7
0.0059837 1641.7
0.0059931 1641.7
0.0060025 1641.7
0.0060119 1641.7
0.0060213 1641.7
0.0060308 1641.7
0.0060402 1641.7
0.0060496 1641.7
0.006059 1641.7
0.0060685 1641.7
0.0060779 1641.7
0.0060873 1641.7
0.0060967 1641.7
0.0061062 1641.7
0.0061156 1641.7
0.006125 1641.7
0.0061344 1641.7
0.0061438 1641.7
0.0061533 1641.7
0.0061627 1641.7
0.0061721 1641.7
0.0061815 1641.7
0.006191 1641.7
0.0062004 1641.7
0.0062098 1641.7
0.0062192 1641.7
0.0062287 1641.7
0.0062381 1641.7
0.0062475 1641.7
0.0062569 1641.7
0.0062663 1641.7
0.0062758 1641.7
0.0062852 1641.7
0.0062946 1641.7
0.006304 1641.7
0.0063135 1641.7
0.0063229 1641.7
0.0063323 1641.7
0.0063417 1641.7
0.0063512 1641.7
0.0063606 1641.7
0.00637 1641.7
0.0063794 1641.7
0.0063888 1641.7
0.0063983 1641.7
0.0064077 1641.7
0.0064171 1641.7
0.0064265 1641.7
0.006436 1641.7
0.0064454 1641.7
0.0064548 1641.7
0.0064642 1641.7
0.0064737 1641.7
0.0064831 1641.7
0.0064925 1641.7
0.0065019 1641.7
0.0065113 1641.7
0.0065208 1641.7
0.0065302 1641.7
0.0065396 1641.7
0.006549 1641.7
0.0065585 1641.7
0.0065679 1641.7
0.0065773 1641.7
0.0065867 1641.7
0.0065962 1641.7
0.0066056 1641.7
0.006615 1641.7
0.0066244 1641.7
0.0066338 1641.7
0.0066433 1641.7
0.0066527 1641.7
0.0066621 1641.7
0.0066715 1641.7
0.006681 1641.7
0.0066904 1641.7
0.0066998 1641.7
0.0067092 1641.7
0.0067187 1641.7
0.0067281 1641.7
0.0067375 1641.7
0.0067469 1641.7
0.0067563 1641.7
0.0067658 1641.7
0.0067752 1641.7
0.0067846 1641.7
0.006794 1641.7
0.0068035 1641.7
0.0068129 1641.7
0.0068223 1641.7
0.0068317 1641.7
0.0068412 1641.7
0.0068506 1641.7
0.00686 1641.7
0.0068694 1641.7
0.0068788 1641.7
0.0068883 1641.7
0.0068977 1641.7
0.0069071 1641.7
0.0069165 1641.7
0.006926 1641.7
0.0069354 1641.7
0.0069448 1641.7
0.0069542 1641.7
0.0069637 1641.7
0.0069731 1641.7
0.0069825 1641.7
0.0069919 1641.7
0.0070013 1641.7
0.0070108 1641.7
0.0070202 1641.7
0.0070296 1641.7
0.007039 1641.7
0.0070485 1641.7
0.0070579 1641.7
0.0070673 1641.7
0.0070767 1641.7
0.0070862 1641.7
0.0070956 1641.7
0.007105 1641.7
0.0071144 1641.7
0.0071238 1641.7
0.0071333 1641.7
0.0071427 1641.7
0.0071521 1641.7
0.0071615 1641.7
0.007171 1641.7
0.0071804 1641.7
0.0071898 1641.7
0.0071992 1641.7
0.0072087 1641.7
0.0072181 1641.7
0.0072275 1641.7
0.0072369 1641.7
0.0072463 1641.7
0.0072558 1641.7
0.0072652 1641.7
0.0072746 1641.7
0.007284 1641.7
0.0072935 1641.7
0.0073029 1641.7
0.0073123 1641.7
0.0073217 1641.7
0.0073312 1641.7
0.0073406 1641.7
0.00735 1641.7
0.0073594 1641.7
0.0073688 1641.7
0.0073783 1641.7
0.0073877 1641.7
0.0073971 1641.7
0.0074065 1641.7
0.007416 1641.7
0.0074254 1641.7
0.0074348 1641.7
0.0074442 1641.7
0.0074537 1641.7
0.0074631 1641.7
0.0074725 1641.7
0.0074819 1641.7
0.0074913 1641.7
0.0075008 1641.7
0.0075102 1641.7
0.0075196 1641.7
0.007529 1641.7
0.0075385 1641.7
0.0075479 1641.7
0.0075573 1641.7
0.0075667 1641.7
0.0075762 1641.7
0.0075856 1641.7
0.007595 1641.7
0.0076044 1641.7
0.0076138 1641.7
0.0076233 1641.7
0.0076327 1641.7
0.0076421 1641.7
0.0076515 1641.7
0.007661 1641.7
0.0076704 1641.7
0.0076798 1641.7
0.0076892 1641.7
0.0076987 1641.7
0.0077081 1641.7
0.0077175 1641.7
0.0077269 1641.7
0.0077363 1641.7
0.0077458 1641.7
0.0077552 1641.7
0.0077646 1641.7
0.007774 1641.7
0.0077835 1641.7
0.0077929 1641.7
0.0078023 1641.7
0.0078117 1641.7
0.0078212 1641.7
0.0078306 1641.7
0.00784 1641.7
0.0078494 1641.7
0.0078588 1641.7
0.0078683 1641.7
0.0078777 1641.7
0.0078871 1641.7
0.0078965 1641.7
0.007906 1641.7
0.0079154 1641.7
0.0079248 1641.7
0.0079342 1641.7
0.0079437 1641.7
0.0079531 1641.7
0.0079625 1641.7
0.0079719 1641.7
0.0079813 1641.7
0.0079908 1641.7
0.0080002 1641.7
0.0080096 1641.7
0.008019 1641.7
0.0080285 1641.7
0.0080379 1641.7
0.0080473 1641.7
0.0080567 1641.7
0.0080662 1641.7
0.0080756 1641.7
0.008085 1641.7
0.0080944 1641.7
0.0081038 1641.7
0.0081133 1641.7
0.0081227 1641.7
0.0081321 1641.7
0.0081415 1641.7
0.008151 1641.7
0.0081604 1641.7
0.0081698 1641.7
0.0081792 1641.7
0.0081887 1641.7
0.0081981 1641.7
0.0082075 1641.7
0.0082169 1641.7
0.0082263 1641.7
0.0082358 1641.7
0.0082452 1641.7
0.0082546 1641.7
0.008264 1641.7
0.0082735 1641.7
0.0082829 1641.7
0.0082923 1641.7
0.0083017 1641.7
0.0083112 1641.7
0.0083206 1641.7
0.00833 1641.7
0.0083394 1641.7
0.0083488 1641.7
0.0083583 1641.7
0.0083677 1641.7
0.0083771 1641.7
0.0083865 1641.7
0.008396 1641.7
0.0084054 1641.7
0.0084148 1641.7
0.0084242 1641.7
0.0084337 1641.7
0.0084431 1641.7
0.0084525 1641.7
0.0084619 1641.7
0.0084713 1641.7
0.0084808 1641.7
0.0084902 1641.7
0.0084996 1641.7
0.008509 1641.7
0.0085185 1641.7
0.0085279 1641.7
0.0085373 1641.7
0.0085467 1641.7
0.0085562 1641.7
0.0085656 1641.7
0.008575 1641.7
0.0085844 1641.7
0.0085938 1641.7
0.0086033 1641.7
0.0086127 1641.7
0.0086221 1641.7
0.0086315 1641.7
0.008641 1641.7
0.0086504 1641.7
0.0086598 1641.7
0.0086692 1641.7
0.0086787 1641.7
0.0086881 1641.7
0.0086975 1641.7
0.0087069 1641.7
0.0087163 1641.7
0.0087258 1641.7
0.0087352 1641.7
0.0087446 1641.7
0.008754 1641.7
0.0087635 1641.7
0.0087729 1641.7
0.0087823 1641.7
0.0087917 1641.7
0.0088012 1641.7
0.0088106 1641.7
0.00882 1641.7
0.0088294 1641.7
0.0088388 1641.7
0.0088483 1641.7
0.0088577 1641.7
0.0088671 1641.7
0.0088765 1641.7
0.008886 1641.7
0.0088954 1641.7
0.0089048 1641.7
0.0089142 1641.7
0.0089237 1641.7
0.0089331 1641.7
0.0089425 1641.7
0.0089519 1641.7
0.0089613 1641.7
0.0089708 1641.7
0.0089802 1641.7
0.0089896 1641.7
0.008999 1641.7
0.0090085 1641.7
0.0090179 1641.7
0.0090273 1641.7
0.0090367 1641.7
0.0090462 1641.7
0.0090556 1641.7
0.009065 1641.7
0.0090744 1641.7
0.0090838 1641.7
0.0090933 1641.7
0.0091027 1641.7
0.0091121 1641.7
0.0091215 1641.7
0.009131 1641.7
0.0091404 1641.7
0.0091498 1641.7
0.0091592 1641.7
0.0091687 1641.7
0.0091781 1641.7
0.0091875 1641.7
0.0091969 1641.7
0.0092063 1641.7
0.0092158 1641.7
0.0092252 1641.7
0.0092346 1641.7
0.009244 1641.7
0.0092535 1641.7
0.0092629 1641.7
0.0092723 1641.7
0.0092817 1641.7
0.0092912 1641.7
0.0093006 1641.7
0.00931 1641.7
0.0093194 1641.7
0.0093288 1641.7
0.0093383 1641.7
0.0093477 1641.7
0.0093571 1641.7
0.0093665 1641.7
0.009376 1641.7
0.0093854 1641.7
0.0093948 1641.7
0.0094042 1641.7
0.0094137 1641.7
0.0094231 1641.7
0.0094325 1641.7
0.0094419 1641.7
0.0094513 1641.7
0.0094608 1641.7
0.0094702 1641.7
0.0094796 1641.7
0.009489 1641.7
0.0094985 1641.7
0.0095079 1641.7
0.0095173 1641.7
0.0095267 1641.7
0.0095362 1641.7
0.0095456 1641.7
0.009555 1641.7
0.0095644 1641.7
0.0095738 1641.7
0.0095833 1641.7
0.0095927 1641.7
0.0096021 1641.7
0.0096115 1641.7
0.009621 1641.7
0.0096304 1641.7
0.0096398 1641.7
0.0096492 1641.7
0.0096587 1641.7
0.0096681 1641.7
0.0096775 1641.7
0.0096869 1641.7
0.0096963 1641.7
0.0097058 1641.7
0.0097152 1641.7
0.0097246 1641.7
0.009734 1641.7
0.0097435 1641.7
0.0097529 1641.7
0.0097623 1641.7
0.0097717 1641.7
0.0097812 1641.7
0.0097906 1641.7
0.0098 1641.7
0.0098094 1641.7
0.0098188 1641.7
0.0098283 1641.7
0.0098377 1641.7
0.0098471 1641.7
0.0098565 1641.7
0.009866 1641.7
0.0098754 1641.7
0.0098848 1641.7
0.0098942 1641.7
0.0099037 1641.7
0.0099131 1641.7
0.0099225 1641.7
0.0099319 1641.7
0.0099413 1641.7
0.0099508 1641.7
0.0099602 1641.7
0.0099696 1641.7
0.009979 1641.7
0.0099885 1641.7
0.0099979 1641.7
0.010007 1641.7
0.010017 1641.7
0.010026 1641.7
0.010036 1641.7
0.010045 1641.7
0.010054 1641.7
0.010064 1641.7
0.010073 1641.7
0.010083 1641.7
0.010092 1641.7
0.010102 1641.7
0.010111 1641.7
0.01012 1641.7
0.01013 1641.7
0.010139 1641.7
0.010149 1641.7
0.010158 1641.7
0.010168 1641.7
0.010177 1641.7
0.010186 1641.7
0.010196 1641.7
0.010205 1641.7
0.010215 1641.7
0.010224 1641.7
0.010233 1641.7
0.010243 1641.7
0.010252 1641.7
0.010262 1641.7
0.010271 1641.7
0.010281 1641.7
0.01029 1641.7
0.010299 1641.7
0.010309 1641.7
0.010318 1641.7
0.010328 1641.7
0.010337 1641.7
0.010347 1641.7
0.010356 1641.7
0.010365 1641.7
0.010375 1641.7
0.010384 1641.7
0.010394 1641.7
0.010403 1641.7
0.010412 1641.7
0.010422 1641.7
0.010431 1641.7
0.010441 1641.7
0.01045 1641.7
0.01046 1641.7
0.010469 1641.7
0.010478 1641.7
0.010488 1641.7
0.010497 1641.7
0.010507 1641.7
0.010516 1641.7
0.010526 1641.7
0.010535 1641.7
0.010544 1641.7
0.010554 1641.7
0.010563 1641.7
0.010573 1641.7
0.010582 1641.7
0.010592 1641.7
0.010601 1641.7
0.01061 1641.7
0.01062 1641.7
0.010629 1641.7
0.010639 1641.7
0.010648 1641.7
0.010658 1641.7
0.010667 1641.7
0.010676 1641.7
0.010686 1641.7
0.010695 1641.7
0.010705 1641.7
0.010714 1641.7
0.010723 1641.7
0.010733 1641.7
0.010742 1641.7
0.010752 1641.7
0.010761 1641.7
0.010771 1641.7
0.01078 1641.7
0.010789 1641.7
0.010799 1641.7
0.010808 1641.7
0.010818 1641.7
0.010827 1641.7
0.010837 1641.7
0.010846 1641.7
0.010855 1641.7
0.010865 1641.7
0.010874 1641.7
0.010884 1641.7
0.010893 1641.7
0.010903 1641.7
0.010912 1641.7
0.010921 1641.7
0.010931 1641.7
0.01094 1641.7
0.01095 1641.7
0.010959 1641.7
0.010968 1641.7
0.010978 1641.7
0.010987 1641.7
0.010997 1641.7
0.011006 1641.7
0.011016 1641.7
0.011025 1641.7
0.011034 1641.7
0.011044 1641.7
0.011053 1641.7
0.011063 1641.7
0.011072 1641.7
0.011082 1641.7
0.011091 1641.7
0.0111 1641.7
0.01111 1641.7
0.011119 1641.7
0.011129 1641.7
0.011138 1641.7
0.011147 1641.7
0.011157 1641.7
0.011166 1641.7
0.011176 1641.7
0.011185 1641.7
0.011195 1641.7
0.011204 1641.7
0.011213 1641.7
0.011223 1641.7
0.011232 1641.7
0.011242 1641.7
0.011251 1641.7
0.011261 1641.7
0.01127 1641.7
0.011279 1641.7
0.011289 1641.7
0.011298 1641.7
0.011308 1641.7
0.011317 1641.7
0.011327 1641.7
0.011336 1641.7
0.011345 1641.7
0.011355 1641.7
0.011364 1641.7
0.011374 1641.7
0.011383 1641.7
0.011393 1641.7
0.011402 1641.7
0.011411 1641.7
0.011421 1641.7
0.01143 1641.7
0.01144 1641.7
0.011449 1641.7
0.011458 1641.7
0.011468 1641.7
0.011477 1641.7
0.011487 1641.7
0.011496 1641.7
0.011506 1641.7
0.011515 1641.7
0.011524 1641.7
0.011534 1641.7
0.011543 1641.7
0.011553 1641.7
0.011562 1641.7
0.011572 1641.7
0.011581 1641.7
0.01159 1641.7
0.0116 1641.7
0.011609 1641.7
0.011619 1641.7
0.011628 1641.7
0.011638 1641.7
0.011647 1641.7
0.011656 1641.7
0.011666 1641.7
0.011675 1641.7
0.011685 1641.7
0.011694 1641.7
0.011703 1641.7
0.011713 1641.7
0.011722 1641.7
0.011732 1641.7
0.011741 1641.7
0.011751 1641.7
0.01176 1641.7
0.011769 1641.7
0.011779 1641.7
0.011788 1641.7
0.011798 1641.7
0.011807 1641.7
0.011817 1641.7
0.011826 1641.7
0.011835 1641.7
0.011845 1641.7
0.011854 1641.7
0.011864 1641.7
0.011873 1641.7
0.011883 1641.7
0.011892 1641.7
0.011901 1641.7
0.011911 1641.7
0.01192 1641.7
0.01193 1641.7
0.011939 1641.7
0.011948 1641.7
0.011958 1641.7
0.011967 1641.7
0.011977 1641.7
0.011986 1641.7
0.011996 1641.7
0.012005 1641.7
0.012014 1641.7
0.012024 1641.7
0.012033 1641.7
0.012043 1641.7
0.012052 1641.7
0.012062 1641.7
0.012071 1641.7
0.01208 1641.7
0.01209 1641.7
0.012099 1641.7
0.012109 1641.7
0.012118 1641.7
0.012128 1641.7
0.012137 1641.7
0.012146 1641.7
0.012156 1641.7
0.012165 1641.7
0.012175 1641.7
0.012184 1641.7
0.012193 1641.7
0.012203 1641.7
0.012212 1641.7
0.012222 1641.7
0.012231 1641.7
0.012241 1641.7
0.01225 1641.7
0.012259 1641.7
0.012269 1641.7
0.012278 1641.7
0.012288 1641.7
0.012297 1641.7
0.012307 1641.7
0.012316 1641.7
0.012325 1641.7
0.012335 1641.7
0.012344 1641.7
0.012354 1641.7
0.012363 1641.7
0.012373 1641.7
0.012382 1641.7
0.012391 1641.7
0.012401 1641.7
0.01241 1641.7
0.01242 1641.7
0.012429 1641.7
0.012438 1641.7
0.012448 1641.7
0.012457 1641.7
0.012467 1641.7
0.012476 1641.7
0.012486 1641.7
0.012495 1641.7
0.012504 1641.7
0.012514 1641.7
0.012523 1641.7
0.012533 1641.7
0.012542 1641.7
0.012552 1641.7
0.012561 1641.7
0.01257 1641.7
0.01258 1641.7
0.012589 1641.7
0.012599 1641.7
0.012608 1641.7
0.012618 1641.7
0.012627 1641.7
0.012636 1641.7
0.012646 1641.7
0.012655 1641.7
0.012665 1641.7
0.012674 1641.7
0.012683 1641.7
0.012693 1641.7
0.012702 1641.7
0.012712 1641.7
0.012721 1641.7
0.012731 1641.7
0.01274 1641.7
0.012749 1641.7
0.012759 1641.7
0.012768 1641.7
0.012778 1641.7
0.012787 1641.7
0.012797 1641.7
0.012806 1641.7
0.012815 1641.7
0.012825 1641.7
0.012834 1641.7
0.012844 1641.7
0.012853 1641.7
0.012863 1641.7
0.012872 1641.7
0.012881 1641.7
0.012891 1641.7
0.0129 1641.7
0.01291 1641.7
0.012919 1641.7
0.012928 1641.7
0.012938 1641.7
0.012947 1641.7
0.012957 1641.7
0.012966 1641.7
0.012976 1641.7
0.012985 1641.7
0.012994 1641.7
0.013004 1641.7
0.013013 1641.7
0.013023 1641.7
0.013032 1641.7
0.013042 1641.7
0.013051 1641.7
0.01306 1641.7
0.01307 1641.7
0.013079 1641.7
0.013089 1641.7
0.013098 1641.7
0.013107 1641.7
0.013117 1641.7
0.013126 1641.7
0.013136 1641.7
0.013145 1641.7
0.013155 1641.7
0.013164 1641.7
0.013173 1641.7
0.013183 1641.7
0.013192 1641.7
0.013202 1641.7
0.013211 1641.7
0.013221 1641.7
0.01323 1641.7
0.013239 1641.7
0.013249 1641.7
0.013258 1641.7
0.013268 1641.7
0.013277 1641.7
0.013287 1641.7
0.013296 1641.7
0.013305 1641.7
0.013315 1641.7
0.013324 1641.7
0.013334 1641.7
0.013343 1641.7
0.013352 1641.7
0.013362 1641.7
0.013371 1641.7
0.013381 1641.7
0.01339 1641.7
0.0134 1641.7
0.013409 1641.7
0.013418 1641.7
0.013428 1641.7
0.013437 1641.7
0.013447 1641.7
0.013456 1641.7
0.013466 1641.7
0.013475 1641.7
0.013484 1641.7
0.013494 1641.7
0.013503 1641.7
0.013513 1641.7
0.013522 1641.7
0.013532 1641.7
0.013541 1641.7
0.01355 1641.7
0.01356 1641.7
0.013569 1641.7
0.013579 1641.7
0.013588 1641.7
0.013598 1641.7
0.013607 1641.7
0.013616 1641.7
0.013626 1641.7
0.013635 1641.7
0.013645 1641.7
0.013654 1641.7
0.013663 1641.7
0.013673 1641.7
0.013682 1641.7
0.013692 1641.7
0.013701 1641.7
0.013711 1641.7
0.01372 1641.7
0.013729 1641.7
0.013739 1641.7
0.013748 1641.7
0.013758 1641.7
0.013767 1641.7
0.013777 1641.7
0.013786 1641.7
0.013795 1641.7
0.013805 1641.7
0.013814 1641.7
0.013824 1641.7
0.013833 1641.7
0.013843 1641.7
0.013852 1641.7
0.013861 1641.7
0.013871 1641.7
0.01388 1641.7
0.01389 1641.7
0.013899 1641.7
0.013908 1641.7
0.013918 1641.7
0.013927 1641.7
0.013937 1641.7
0.013946 1641.7
0.013956 1641.7
0.013965 1641.7
0.013974 1641.7
0.013984 1641.7
0.013993 1641.7
0.014003 1641.7
0.014012 1641.7
0.014022 1641.7
0.014031 1641.7
0.01404 1641.7
0.01405 1641.7
0.014059 1641.7
0.014069 1641.7
0.014078 1641.7
0.014088 1641.7
0.014097 1641.7
0.014106 1641.7
0.014116 1641.7
0.014125 1641.7
0.014135 1641.7
0.014144 1641.7
0.014153 1641.7
0.014163 1641.7
0.014172 1641.7
0.014182 1641.7
0.014191 1641.7
0.014201 1641.7
0.01421 1641.7
0.014219 1641.7
0.014229 1641.7
0.014238 1641.7
0.014248 1641.7
0.014257 1641.7
0.014267 1641.7
0.014276 1641.7
0.014285 1641.7
0.014295 1641.7
0.014304 1641.7
0.014314 1641.7
0.014323 1641.7
0.014333 1641.7
0.014342 1641.7
0.014351 1641.7
0.014361 1641.7
0.01437 1641.7
0.01438 1641.7
0.014389 1641.7
0.014398 1641.7
0.014408 1641.7
0.014417 1641.7
0.014427 1641.7
0.014436 1641.7
0.014446 1641.7
0.014455 1641.7
0.014464 1641.7
0.014474 1641.7
0.014483 1641.7
0.014493 1641.7
0.014502 1641.7
0.014512 1641.7
0.014521 1641.7
0.01453 1641.7
0.01454 1641.7
0.014549 1641.7
0.014559 1641.7
0.014568 1641.7
0.014578 1641.7
0.014587 1641.7
0.014596 1641.7
0.014606 1641.7
0.014615 1641.7
0.014625 1641.7
0.014634 1641.7
0.014643 1641.7
0.014653 1641.7
0.014662 1641.7
0.014672 1641.7
0.014681 1641.7
0.014691 1641.7
0.0147 1641.7
0.014709 1641.7
0.014719 1641.7
0.014728 1641.7
0.014738 1641.7
0.014747 1641.7
0.014757 1641.7
0.014766 1641.7
0.014775 1641.7
0.014785 1641.7
0.014794 1641.7
0.014804 1641.7
0.014813 1641.7
0.014823 1641.7
0.014832 1641.7
0.014841 1641.7
0.014851 1641.7
0.01486 1641.7
0.01487 1641.7
0.014879 1641.7
0.014888 1641.7
0.014898 1641.7
0.014907 1641.7
0.014917 1641.7
0.014926 1641.7
0.014936 1641.7
0.014945 1641.7
0.014954 1641.7
0.014964 1641.7
0.014973 1641.7
0.014983 1641.7
0.014992 1641.7
0.015002 1641.7
0.015011 1641.7
0.01502 1641.7
0.01503 1641.7
0.015039 1641.7
0.015049 1641.7
0.015058 1641.7
0.015068 1641.7
0.015077 1641.7
0.015086 1641.7
0.015096 1641.7
0.015105 1641.7
0.015115 1641.7
0.015124 1641.7
0.015133 1641.7
0.015143 1641.7
0.015152 1641.7
0.015162 1641.7
0.015171 1641.7
0.015181 1641.7
0.01519 1641.7
0.015199 1641.7
0.015209 1641.7
0.015218 1641.7
0.015228 1641.7
0.015237 1641.7
0.015247 1641.7
0.015256 1641.7
0.015265 1641.7
0.015275 1641.7
0.015284 1641.7
0.015294 1641.7
0.015303 1641.7
0.015312 1641.7
0.015322 1641.7
0.015331 1641.7
0.015341 1641.7
0.01535 1641.7
0.01536 1641.7
0.015369 1641.7
0.015378 1641.7
0.015388 1641.7
0.015397 1641.7
0.015407 1641.7
0.015416 1641.7
0.015426 1641.7
0.015435 1641.7
0.015444 1641.7
0.015454 1641.7
0.015463 1641.7
0.015473 1641.7
0.015482 1641.7
0.015492 1641.7
0.015501 1641.7
0.01551 1641.7
0.01552 1641.7
0.015529 1641.7
0.015539 1641.7
0.015548 1641.7
0.015558 1641.7
0.015567 1641.7
0.015576 1641.7
0.015586 1641.7
0.015595 1641.7
0.015605 1641.7
0.015614 1641.7
0.015623 1641.7
0.015633 1641.7
0.015642 1641.7
0.015652 1641.7
0.015661 1641.7
0.015671 1641.7
0.01568 1641.7
0.015689 1641.7
0.015699 1641.7
0.015708 1641.7
0.015718 1641.7
0.015727 1641.7
0.015737 1641.7
0.015746 1641.7
0.015755 1641.7
0.015765 1641.7
0.015774 1641.7
0.015784 1641.7
0.015793 1641.7
0.015803 1641.7
0.015812 1641.7
0.015821 1641.7
0.015831 1641.7
0.01584 1641.7
0.01585 1641.7
0.015859 1641.7
0.015868 1641.7
0.015878 1641.7
0.015887 1641.7
0.015897 1641.7
0.015906 1641.7
0.015916 1641.7
0.015925 1641.7
0.015934 1641.7
0.015944 1641.7
0.015953 1641.7
0.015963 1641.7
0.015972 1641.7
0.015982 1641.7
0.015991 1641.7
0.016 1641.7
0.01601 1641.7
0.016019 1641.7
0.016029 1641.7
0.016038 1641.7
0.016047 1641.7
0.016057 1641.7
0.016066 1641.7
0.016076 1641.7
0.016085 1641.7
0.016095 1641.7
0.016104 1641.7
0.016113 1641.7
0.016123 1641.7
0.016132 1641.7
0.016142 1641.7
0.016151 1641.7
0.016161 1641.7
0.01617 1641.7
0.016179 1641.7
0.016189 1641.7
0.016198 1641.7
0.016208 1641.7
0.016217 1641.7
0.016227 1641.7
0.016236 1641.7
0.016245 1641.7
0.016255 1641.7
0.016264 1641.7
0.016274 1641.7
0.016283 1641.7
0.016292 1641.7
0.016302 1641.7
0.016311 1641.7
0.016321 1641.7
0.01633 1641.7
0.01634 1641.7
0.016349 1641.7
0.016358 1641.7
0.016368 1641.7
0.016377 1641.7
0.016387 1641.7
0.016396 1641.7
0.016406 1641.7
0.016415 1641.7
0.016424 1641.7
0.016434 1641.7
0.016443 1641.7
0.016453 1641.7
0.016462 1641.7
0.016472 1641.7
0.016481 1641.7
0.01649 1641.7
0.0165 1641.7
0.016509 1641.7
0.016519 1641.7
0.016528 1641.7
0.016538 1641.7
0.016547 1641.7
0.016556 1641.7
0.016566 1641.7
0.016575 1641.7
0.016585 1641.7
0.016594 1641.7
0.016603 1641.7
0.016613 1641.7
0.016622 1641.7
0.016632 1641.7
0.016641 1641.7
0.016651 1641.7
0.01666 1641.7
0.016669 1641.7
0.016679 1641.7
0.016688 1641.7
0.016698 1641.7
0.016707 1641.7
0.016717 1641.7
0.016726 1641.7
0.016735 1641.7
0.016745 1641.7
0.016754 1641.7
0.016764 1641.7
0.016773 1641.7
0.016783 1641.7
0.016792 1641.7
0.016801 1641.7
0.016811 1641.7
0.01682 1641.7
0.01683 1641.7
0.016839 1641.7
0.016848 1641.7
0.016858 1641.7
0.016867 1641.7
0.016877 1641.7
0.016886 1641.7
0.016896 1641.7
0.016905 1641.7
0.016914 1641.7
0.016924 1641.7
0.016933 1641.7
0.016943 1641.7
0.016952 1641.7
0.016962 1641.7
0.016971 1641.7
0.01698 1641.7
0.01699 1641.7
0.016999 1641.7
0.017009 1641.7
0.017018 1641.7
0.017028 1641.7
0.017037 1641.7
0.017046 1641.7
0.017056 1641.7
0.017065 1641.7
0.017075 1641.7
0.017084 1641.7
0.017093 1641.7
0.017103 1641.7
0.017112 1641.7
0.017122 1641.7
0.017131 1641.7
0.017141 1641.7
0.01715 1641.7
0.017159 1641.7
0.017169 1641.7
0.017178 1641.7
0.017188 1641.7
0.017197 1641.7
0.017207 1641.7
0.017216 1641.7
0.017225 1641.7
0.017235 1641.7
0.017244 1641.7
0.017254 1641.7
0.017263 1641.7
0.017273 1641.7
0.017282 1641.7
0.017291 1641.7
0.017301 1641.7
0.01731 1641.7
0.01732 1641.7
0.017329 1641.7
0.017338 1641.7
0.017348 1641.7
0.017357 1641.7
0.017367 1641.7
0.017376 1641.7
0.017386 1641.7
0.017395 1641.7
0.017404 1641.7
0.017414 1641.7
0.017423 1641.7
0.017433 1641.7
0.017442 1641.7
0.017452 1641.7
0.017461 1641.7
0.01747 1641.7
0.01748 1641.7
0.017489 1641.7
0.017499 1641.7
0.017508 1641.7
0.017518 1641.7
0.017527 1641.7
0.017536 1641.7
0.017546 1641.7
0.017555 1641.7
0.017565 1641.7
0.017574 1641.7
0.017583 1641.7
0.017593 1641.7
0.017602 1641.7
0.017612 1641.7
0.017621 1641.7
0.017631 1641.7
0.01764 1641.7
0.017649 1641.7
0.017659 1641.7
0.017668 1641.7
0.017678 1641.7
0.017687 1641.7
0.017697 1641.7
0.017706 1641.7
0.017715 1641.7
0.017725 1641.7
0.017734 1641.7
0.017744 1641.7
0.017753 1641.7
0.017763 1641.7
0.017772 1641.7
0.017781 1641.7
0.017791 1641.7
0.0178 1641.7
0.01781 1641.7
0.017819 1641.7
0.017828 1641.7
0.017838 1641.7
0.017847 1641.7
0.017857 1641.7
0.017866 1641.7
0.017876 1641.7
0.017885 1641.7
0.017894 1641.7
0.017904 1641.7
0.017913 1641.7
0.017923 1641.7
0.017932 1641.7
0.017942 1641.7
0.017951 1641.7
0.01796 1641.7
0.01797 1641.7
0.017979 1641.7
0.017989 1641.7
0.017998 1641.7
0.018008 1641.7
0.018017 1641.7
0.018026 1641.7
0.018036 1641.7
0.018045 1641.7
0.018055 1641.7
0.018064 1641.7
0.018073 1641.7
0.018083 1641.7
0.018092 1641.7
0.018102 1641.7
0.018111 1641.7
0.018121 1641.7
0.01813 1641.7
0.018139 1641.7
0.018149 1641.7
0.018158 1641.7
0.018168 1641.7
0.018177 1641.7
0.018187 1641.7
0.018196 1641.7
0.018205 1641.7
0.018215 1641.7
0.018224 1641.7
0.018234 1641.7
0.018243 1641.7
0.018253 1641.7
0.018262 1641.7
0.018271 1641.7
0.018281 1641.7
0.01829 1641.7
0.0183 1641.7
0.018309 1641.7
0.018318 1641.7
0.018328 1641.7
0.018337 1641.7
0.018347 1641.7
0.018356 1641.7
0.018366 1641.7
0.018375 1641.7
0.018384 1641.7
0.018394 1641.7
0.018403 1641.7
0.018413 1641.7
0.018422 1641.7
0.018432 1641.7
0.018441 1641.7
0.01845 1641.7
0.01846 1641.7
0.018469 1641.7
0.018479 1641.7
0.018488 1641.7
0.018498 1641.7
0.018507 1641.7
0.018516 1641.7
0.018526 1641.7
0.018535 1641.7
0.018545 1641.7
0.018554 1641.7
0.018563 1641.7
0.018573 1641.7
0.018582 1641.7
0.018592 1641.7
0.018601 1641.7
0.018611 1641.7
0.01862 1641.7
0.018629 1641.7
0.018639 1641.7
0.018648 1641.7
0.018658 1641.7
0.018667 1641.7
0.018677 1641.7
0.018686 1641.7
0.018695 1641.7
0.018705 1641.7
0.018714 1641.7
0.018724 1641.7
0.018733 1641.7
0.018743 1641.7
0.018752 1641.7
0.018761 1641.7
0.018771 1641.7
0.01878 1641.7
0.01879 1641.7
0.018799 1641.7
0.018808 1641.7
0.018818 1641.7
0.018827 1641.7
0.018837 1641.7
0.018846 1641.7
0.018856 1641.7
0.018865 1641.7
0.018874 1641.7
0.018884 1641.7
0.018893 1641.7
0.018903 1641.7
0.018912 1641.7
0.018922 1641.7
0.018931 1641.7
0.01894 1641.7
0.01895 1641.7
0.018959 1641.7
0.018969 1641.7
0.018978 1641.7
0.018988 1641.7
0.018997 1641.7
0.019006 1641.7
0.019016 1641.7
0.019025 1641.7
0.019035 1641.7
0.019044 1641.7
0.019053 1641.7
0.019063 1641.7
0.019072 1641.7
0.019082 1641.7
0.019091 1641.7
0.019101 1641.7
0.01911 1641.7
0.019119 1641.7
0.019129 1641.7
0.019138 1641.7
0.019148 1641.7
0.019157 1641.7
0.019167 1641.7
0.019176 1641.7
0.019185 1641.7
0.019195 1641.7
0.019204 1641.7
0.019214 1641.7
0.019223 1641.7
0.019232 1641.7
0.019242 1641.7
0.019251 1641.7
0.019261 1641.7
0.01927 1641.7
0.01928 1641.7
0.019289 1641.7
0.019298 1641.7
0.019308 1641.7
0.019317 1641.7
0.019327 1641.7
0.019336 1641.7
0.019346 1641.7
0.019355 1641.7
0.019364 1641.7
0.019374 1641.7
0.019383 1641.7
0.019393 1641.7
0.019402 1641.7
0.019412 1641.7
0.019421 1641.7
0.01943 1641.7
0.01944 1641.7
0.019449 1641.7
0.019459 1641.7
0.019468 1641.7
0.019478 1641.7
0.019487 1641.7
0.019496 1641.7
0.019506 1641.7
0.019515 1641.7
0.019525 1641.7
0.019534 1641.7
0.019543 1641.7
0.019553 1641.7
0.019562 1641.7
0.019572 1641.7
0.019581 1641.7
0.019591 1641.7
0.0196 1641.7
0.019609 1641.7
0.019619 1641.7
0.019628 1641.7
0.019638 1641.7
0.019647 1641.7
0.019657 1641.7
0.019666 1641.7
0.019675 1641.7
0.019685 1641.7
0.019694 1641.7
0.019704 1641.7
0.019713 1641.7
0.019723 1641.7
0.019732 1641.7
0.019741 1641.7
0.019751 1641.7
0.01976 1641.7
0.01977 1641.7
0.019779 1641.7
0.019788 1641.7
0.019798 1641.7
0.019807 1641.7
0.019817 1641.7
0.019826 1641.7
0.019836 1641.7
0.019845 1641.7
0.019854 1641.7
0.019864 1641.7
0.019873 1641.7
0.019883 1641.7
0.019892 1641.7
0.019902 1641.7
0.019911 1641.7
0.01992 1641.7
0.01993 1641.7
0.019939 1641.7
0.019949 1641.7
0.019958 1641.7
0.019967 1641.7
0.019977 1641.7
0.019986 1641.7
0.019996 1641.7
0.020005 1641.7
0.020015 1641.7
0.020024 1641.7
0.020033 1641.7
0.020043 1641.7
0.020052 1641.7
0.020062 1641.7
0.020071 1641.7
0.020081 1641.7
0.02009 1641.7
0.020099 1641.7
0.020109 1641.7
0.020118 1641.7
0.020128 1641.7
0.020137 1641.7
0.020147 1641.7
0.020156 1641.7
0.020165 1641.7
0.020175 1641.7
0.020184 1641.7
0.020194 1641.7
0.020203 1641.7
0.020213 1641.7
0.020222 1641.7
0.020231 1641.7
0.020241 1641.7
0.02025 1641.7
0.02026 1641.7
0.020269 1641.7
0.020278 1641.7
0.020288 1641.7
0.020297 1641.7
0.020307 1641.7
0.020316 1641.7
0.020326 1641.7
0.020335 1641.7
0.020344 1641.7
0.020354 1641.7
0.020363 1641.7
0.020373 1641.7
0.020382 1641.7
0.020392 1641.7
0.020401 1641.7
0.02041 1641.7
0.02042 1641.7
0.020429 1641.7
0.020439 1641.7
0.020448 1641.7
0.020457 1641.7
0.020467 1641.7
0.020476 1641.7
0.020486 1641.7
0.020495 1641.7
0.020505 1641.7
0.020514 1641.7
0.020523 1641.7
0.020533 1641.7
0.020542 1641.7
0.020552 1641.7
0.020561 1641.7
0.020571 1641.7
0.02058 1641.7
0.020589 1641.7
0.020599 1641.7
0.020608 1641.7
0.020618 1641.7
0.020627 1641.7
0.020637 1641.7
0.020646 1641.7
0.020655 1641.7
0.020665 1641.7
0.020674 1641.7
0.020684 1641.7
0.020693 1641.7
0.020703 1641.7
0.020712 1641.7
0.020721 1641.7
0.020731 1641.7
0.02074 1641.7
0.02075 1641.7
0.020759 1641.7
0.020768 1641.7
0.020778 1641.7
0.020787 1641.7
0.020797 1641.7
0.020806 1641.7
0.020816 1641.7
0.020825 1641.7
0.020834 1641.7
0.020844 1641.7
0.020853 1641.7
0.020863 1641.7
0.020872 1641.7
0.020882 1641.7
0.020891 1641.7
0.0209 1641.7
0.02091 1641.7
0.020919 1641.7
0.020929 1641.7
0.020938 1641.7
0.020948 1641.7
0.020957 1641.7
0.020966 1641.7
0.020976 1641.7
0.020985 1641.7
0.020995 1641.7
0.021004 1641.7
0.021013 1641.7
0.021023 1641.7
0.021032 1641.7
0.021042 1641.7
0.021051 1641.7
0.021061 1641.7
0.02107 1641.7
0.021079 1641.7
0.021089 1641.7
0.021098 1641.7
0.021108 1641.7
0.021117 1641.7
0.021127 1641.7
0.021136 1641.7
0.021145 1641.7
0.021155 1641.7
0.021164 1641.7
0.021174 1641.7
0.021183 1641.7
0.021193 1641.7
0.021202 1641.7
0.021211 1641.7
0.021221 1641.7
0.02123 1641.7
0.02124 1641.7
0.021249 1641.7
0.021258 1641.7
0.021268 1641.7
0.021277 1641.7
0.021287 1641.7
0.021296 1641.7
0.021306 1641.7
0.021315 1641.7
0.021324 1641.7
0.021334 1641.7
0.021343 1641.7
0.021353 1641.7
0.021362 1641.7
0.021372 1641.7
0.021381 1641.7
0.02139 1641.7
0.0214 1641.7
0.021409 1641.7
0.021419 1641.7
0.021428 1641.7
0.021438 1641.7
0.021447 1641.7
0.021456 1641.7
0.021466 1641.7
0.021475 1641.7
0.021485 1641.7
0.021494 1641.7
0.021503 1641.7
0.021513 1641.7
0.021522 1641.7
0.021532 1641.7
0.021541 1641.7
0.021551 1641.7
0.02156 1641.7
0.021569 1641.7
0.021579 1641.7
0.021588 1641.7
0.021598 1641.7
0.021607 1641.7
0.021617 1641.7
0.021626 1641.7
0.021635 1641.7
0.021645 1641.7
0.021654 1641.7
0.021664 1641.7
0.021673 1641.7
0.021683 1641.7
0.021692 1641.7
0.021701 1641.7
0.021711 1641.7
0.02172 1641.7
0.02173 1641.7
0.021739 1641.7
0.021748 1641.7
0.021758 1641.7
0.021767 1641.7
0.021777 1641.7
0.021786 1641.7
0.021796 1641.7
0.021805 1641.7
0.021814 1641.7
0.021824 1641.7
0.021833 1641.7
0.021843 1641.7
0.021852 1641.7
0.021862 1641.7
0.021871 1641.7
0.02188 1641.7
0.02189 1641.7
0.021899 1641.7
0.021909 1641.7
0.021918 1641.7
0.021928 1641.7
0.021937 1641.7
0.021946 1641.7
0.021956 1641.7
0.021965 1641.7
0.021975 1641.7
0.021984 1641.7
0.021993 1641.7
0.022003 1641.7
0.022012 1641.7
0.022022 1641.7
0.022031 1641.7
0.022041 1641.7
0.02205 1641.7
0.022059 1641.7
0.022069 1641.7
0.022078 1641.7
0.022088 1641.7
0.022097 1641.7
0.022107 1641.7
0.022116 1641.7
0.022125 1641.7
0.022135 1641.7
0.022144 1641.7
0.022154 1641.7
0.022163 1641.7
0.022173 1641.7
0.022182 1641.7
0.022191 1641.7
0.022201 1641.7
0.02221 1641.7
0.02222 1641.7
0.022229 1641.7
0.022238 1641.7
0.022248 1641.7
0.022257 1641.7
0.022267 1641.7
0.022276 1641.7
0.022286 1641.7
0.022295 1641.7
0.022304 1641.7
0.022314 1641.7
0.022323 1641.7
0.022333 1641.7
0.022342 1641.7
0.022352 1641.7
0.022361 1641.7
0.02237 1641.7
0.02238 1641.7
0.022389 1641.7
0.022399 1641.7
0.022408 1641.7
0.022417 1641.7
0.022427 1641.7
0.022436 1641.7
0.022446 1641.7
0.022455 1641.7
0.022465 1641.7
0.022474 1641.7
0.022483 1641.7
0.022493 1641.7
0.022502 1641.7
0.022512 1641.7
0.022521 1641.7
0.022531 1641.7
0.02254 1641.7
0.022549 1641.7
0.022559 1641.7
0.022568 1641.7
0.022578 1641.7
0.022587 1641.7
0.022597 1641.7
0.022606 1641.7
0.022615 1641.7
0.022625 1641.7
0.022634 1641.7
0.022644 1641.7
0.022653 1641.7
0.022663 1641.7
0.022672 1641.7
0.022681 1641.7
0.022691 1641.7
0.0227 1641.7
0.02271 1641.7
0.022719 1641.7
0.022728 1641.7
0.022738 1641.7
0.022747 1641.7
0.022757 1641.7
0.022766 1641.7
0.022776 1641.7
0.022785 1641.7
0.022794 1641.7
0.022804 1641.7
0.022813 1641.7
0.022823 1641.7
0.022832 1641.7
0.022842 1641.7
0.022851 1641.7
0.02286 1641.7
0.02287 1641.7
0.022879 1641.7
0.022889 1641.7
0.022898 1641.7
0.022908 1641.7
0.022917 1641.7
0.022926 1641.7
0.022936 1641.7
0.022945 1641.7
0.022955 1641.7
0.022964 1641.7
0.022973 1641.7
0.022983 1641.7
0.022992 1641.7
0.023002 1641.7
0.023011 1641.7
0.023021 1641.7
0.02303 1641.7
0.023039 1641.7
0.023049 1641.7
0.023058 1641.7
0.023068 1641.7
0.023077 1641.7
0.023087 1641.7
0.023096 1641.7
0.023105 1641.7
0.023115 1641.7
0.023124 1641.7
0.023134 1641.7
0.023143 1641.7
0.023152 1641.7
0.023162 1641.7
0.023171 1641.7
0.023181 1641.7
0.02319 1641.7
0.0232 1641.7
0.023209 1641.7
0.023218 1641.7
0.023228 1641.7
0.023237 1641.7
0.023247 1641.7
0.023256 1641.7
0.023266 1641.7
0.023275 1641.7
0.023284 1641.7
0.023294 1641.7
0.023303 1641.7
0.023313 1641.7
0.023322 1641.7
0.023332 1641.7
0.023341 1641.7
0.02335 1641.7
0.02336 1641.7
0.023369 1641.7
0.023379 1641.7
0.023388 1641.7
0.023398 1641.7
0.023407 1641.7
0.023416 1641.7
0.023426 1641.7
0.023435 1641.7
0.023445 1641.7
0.023454 1641.7
0.023463 1641.7
0.023473 1641.7
0.023482 1641.7
0.023492 1641.7
0.023501 1641.7
0.023511 1641.7
0.02352 1641.7
0.023529 1641.7
0.023539 1641.7
0.023548 1641.7
0.023558 1641.7
0.023567 1641.7
0.023577 1641.7
0.023586 1641.7
0.023595 1641.7
0.023605 1641.7
0.023614 1641.7
0.023624 1641.7
0.023633 1641.7
0.023643 1641.7
0.023652 1641.7
0.023661 1641.7
0.023671 1641.7
0.02368 1641.7
0.02369 1641.7
0.023699 1641.7
0.023708 1641.7
0.023718 1641.7
0.023727 1641.7
0.023737 1641.7
0.023746 1641.7
0.023756 1641.7
0.023765 1641.7
0.023774 1641.7
0.023784 1641.7
0.023793 1641.7
0.023803 1641.7
0.023812 1641.7
0.023822 1641.7
0.023831 1641.7
0.02384 1641.7
0.02385 1641.7
0.023859 1641.7
0.023869 1641.7
0.023878 1641.7
0.023887 1641.7
0.023897 1641.7
0.023906 1641.7
0.023916 1641.7
0.023925 1641.7
0.023935 1641.7
0.023944 1641.7
0.023953 1641.7
0.023963 1641.7
0.023972 1641.7
0.023982 1641.7
0.023991 1641.7
0.024001 1641.7
0.02401 1641.7
0.024019 1641.7
0.024029 1641.7
0.024038 1641.7
0.024048 1641.7
0.024057 1641.7
0.024067 1641.7
0.024076 1641.7
0.024085 1641.7
0.024095 1641.7
0.024104 1641.7
0.024114 1641.7
0.024123 1641.7
0.024133 1641.7
0.024142 1641.7
0.024151 1641.7
0.024161 1641.7
0.02417 1641.7
0.02418 1641.7
0.024189 1641.7
0.024198 1641.7
0.024208 1641.7
0.024217 1641.7
0.024227 1641.7
0.024236 1641.7
0.024246 1641.7
0.024255 1641.7
0.024264 1641.7
0.024274 1641.7
0.024283 1641.7
0.024293 1641.7
0.024302 1641.7
0.024312 1641.7
0.024321 1641.7
0.02433 1641.7
0.02434 1641.7
0.024349 1641.7
0.024359 1641.7
0.024368 1641.7
0.024377 1641.7
0.024387 1641.7
0.024396 1641.7
0.024406 1641.7
0.024415 1641.7
0.024425 1641.7
0.024434 1641.7
0.024443 1641.7
0.024453 1641.7
0.024462 1641.7
0.024472 1641.7
0.024481 1641.7
0.024491 1641.7
0.0245 1641.7
0.024509 1641.7
0.024519 1641.7
0.024528 1641.7
0.024538 1641.7
0.024547 1641.7
0.024557 1641.7
0.024566 1641.7
0.024575 1641.7
0.024585 1641.7
0.024594 1641.7
0.024604 1641.7
0.024613 1641.7
0.024622 1641.7
0.024632 1641.7
0.024641 1641.7
0.024651 1641.7
0.02466 1641.7
0.02467 1641.7
0.024679 1641.7
0.024688 1641.7
0.024698 1641.7
0.024707 1641.7
0.024717 1641.7
0.024726 1641.7
0.024736 1641.7
0.024745 1641.7
0.024754 1641.7
0.024764 1641.7
0.024773 1641.7
0.024783 1641.7
0.024792 1641.7
0.024802 1641.7
0.024811 1641.7
0.02482 1641.7
0.02483 1641.7
0.024839 1641.7
0.024849 1641.7
0.024858 1641.7
0.024868 1641.7
0.024877 1641.7
0.024886 1641.7
0.024896 1641.7
0.024905 1641.7
0.024915 1641.7
0.024924 1641.7
0.024933 1641.7
0.024943 1641.7
0.024952 1641.7
0.024962 1641.7
0.024971 1641.7
0.024981 1641.7
0.02499 1641.7
0.024999 1641.7
0.025009 1641.7
0.025018 1641.7
0.025028 1641.7
0.025037 1641.7
0.025047 1641.7
0.025056 1641.7
0.025065 1641.7
0.025075 1641.7
0.025084 1641.7
0.025094 1641.7
0.025103 1641.7
0.025113 1641.7
0.025122 1641.7
0.025131 1641.7
0.025141 1641.7
0.02515 1641.7
0.02516 1641.7
0.025169 1641.7
0.025178 1641.7
0.025188 1641.7
0.025197 1641.7
0.025207 1641.7
0.025216 1641.7
0.025226 1641.7
0.025235 1641.7
0.025244 1641.7
0.025254 1641.7
0.025263 1641.7
0.025273 1641.7
0.025282 1641.7
0.025292 1641.7
0.025301 1641.7
0.02531 1641.7
0.02532 1641.7
0.025329 1641.7
0.025339 1641.7
0.025348 1641.7
0.025358 1641.7
0.025367 1641.7
0.025376 1641.7
0.025386 1641.7
0.025395 1641.7
0.025405 1641.7
0.025414 1641.7
0.025423 1641.7
0.025433 1641.7
0.025442 1641.7
0.025452 1641.7
0.025461 1641.7
0.025471 1641.7
0.02548 1641.7
0.025489 1641.7
0.025499 1641.7
0.025508 1641.7
0.025518 1641.7
0.025527 1641.7
0.025537 1641.7
0.025546 1641.7
0.025555 1641.7
0.025565 1641.7
0.025574 1641.7
0.025584 1641.7
0.025593 1641.7
0.025603 1641.7
0.025612 1641.7
0.025621 1641.7
0.025631 1641.7
0.02564 1641.7
0.02565 1641.7
0.025659 1641.7
0.025668 1641.7
0.025678 1641.7
0.025687 1641.7
0.025697 1641.7
0.025706 1641.7
0.025716 1641.7
0.025725 1641.7
0.025734 1641.7
0.025744 1641.7
0.025753 1641.7
0.025763 1641.7
0.025772 1641.7
0.025782 1641.7
0.025791 1641.7
0.0258 1641.7
0.02581 1641.7
0.025819 1641.7
0.025829 1641.7
0.025838 1641.7
0.025848 1641.7
0.025857 1641.7
0.025866 1641.7
0.025876 1641.7
0.025885 1641.7
0.025895 1641.7
0.025904 1641.7
0.025913 1641.7
0.025923 1641.7
0.025932 1641.7
0.025942 1641.7
0.025951 1641.7
0.025961 1641.7
0.02597 1641.7
0.025979 1641.7
0.025989 1641.7
0.025998 1641.7
0.026008 1641.7
0.026017 1641.7
0.026027 1641.7
0.026036 1641.7
0.026045 1641.7
0.026055 1641.7
0.026064 1641.7
0.026074 1641.7
0.026083 1641.7
0.026093 1641.7
0.026102 1641.7
0.026111 1641.7
0.026121 1641.7
0.02613 1641.7
0.02614 1641.7
0.026149 1641.7
0.026158 1641.7
0.026168 1641.7
0.026177 1641.7
0.026187 1641.7
0.026196 1641.7
0.026206 1641.7
0.026215 1641.7
0.026224 1641.7
0.026234 1641.7
0.026243 1641.7
0.026253 1641.7
0.026262 1641.7
0.026272 1641.7
0.026281 1641.7
0.02629 1641.7
0.0263 1641.7
0.026309 1641.7
0.026319 1641.7
0.026328 1641.7
0.026338 1641.7
0.026347 1641.7
0.026356 1641.7
0.026366 1641.7
0.026375 1641.7
0.026385 1641.7
0.026394 1641.7
0.026403 1641.7
0.026413 1641.7
0.026422 1641.7
0.026432 1641.7
0.026441 1641.7
0.026451 1641.7
0.02646 1641.7
0.026469 1641.7
0.026479 1641.7
0.026488 1641.7
0.026498 1641.7
0.026507 1641.7
0.026517 1641.7
0.026526 1641.7
0.026535 1641.7
0.026545 1641.7
0.026554 1641.7
0.026564 1641.7
0.026573 1641.7
0.026583 1641.7
0.026592 1641.7
0.026601 1641.7
0.026611 1641.7
0.02662 1641.7
0.02663 1641.7
0.026639 1641.7
0.026648 1641.7
0.026658 1641.7
0.026667 1641.7
0.026677 1641.7
0.026686 1641.7
0.026696 1641.7
0.026705 1641.7
0.026714 1641.7
0.026724 1641.7
0.026733 1641.7
0.026743 1641.7
0.026752 1641.7
0.026762 1641.7
0.026771 1641.7
0.02678 1641.7
0.02679 1641.7
0.026799 1641.7
0.026809 1641.7
0.026818 1641.7
0.026828 1641.7
0.026837 1641.7
0.026846 1641.7
0.026856 1641.7
0.026865 1641.7
0.026875 1641.7
0.026884 1641.7
0.026893 1641.7
0.026903 1641.7
0.026912 1641.7
0.026922 1641.7
0.026931 1641.7
0.026941 1641.7
0.02695 1641.7
0.026959 1641.7
0.026969 1641.7
0.026978 1641.7
0.026988 1641.7
0.026997 1641.7
0.027007 1641.7
0.027016 1641.7
0.027025 1641.7
0.027035 1641.7
0.027044 1641.7
0.027054 1641.7
0.027063 1641.7
0.027073 1641.7
0.027082 1641.7
0.027091 1641.7
0.027101 1641.7
0.02711 1641.7
0.02712 1641.7
0.027129 1641.7
0.027138 1641.7
0.027148 1641.7
0.027157 1641.7
0.027167 1641.7
0.027176 1641.7
0.027186 1641.7
0.027195 1641.7
0.027204 1641.7
0.027214 1641.7
0.027223 1641.7
0.027233 1641.7
0.027242 1641.7
0.027252 1641.7
0.027261 1641.7
0.02727 1641.7
0.02728 1641.7
0.027289 1641.7
0.027299 1641.7
0.027308 1641.7
0.027318 1641.7
0.027327 1641.7
0.027336 1641.7
0.027346 1641.7
0.027355 1641.7
0.027365 1641.7
0.027374 1641.7
0.027383 1641.7
0.027393 1641.7
0.027402 1641.7
0.027412 1641.7
0.027421 1641.7
0.027431 1641.7
0.02744 1641.7
0.027449 1641.7
0.027459 1641.7
0.027468 1641.7
0.027478 1641.7
0.027487 1641.7
0.027497 1641.7
0.027506 1641.7
0.027515 1641.7
0.027525 1641.7
0.027534 1641.7
0.027544 1641.7
0.027553 1641.7
0.027563 1641.7
0.027572 1641.7
0.027581 1641.7
0.027591 1641.7
0.0276 1641.7
0.02761 1641.7
0.027619 1641.7
0.027628 1641.7
0.027638 1641.7
0.027647 1641.7
0.027657 1641.7
0.027666 1641.7
0.027676 1641.7
0.027685 1641.7
0.027694 1641.7
0.027704 1641.7
0.027713 1641.7
0.027723 1641.7
0.027732 1641.7
0.027742 1641.7
0.027751 1641.7
0.02776 1641.7
0.02777 1641.7
0.027779 1641.7
0.027789 1641.7
0.027798 1641.7
0.027808 1641.7
0.027817 1641.7
0.027826 1641.7
0.027836 1641.7
0.027845 1641.7
0.027855 1641.7
0.027864 1641.7
0.027873 1641.7
0.027883 1641.7
0.027892 1641.7
0.027902 1641.7
0.027911 1641.7
0.027921 1641.7
0.02793 1641.7
0.027939 1641.7
0.027949 1641.7
0.027958 1641.7
0.027968 1641.7
0.027977 1641.7
0.027987 1641.7
0.027996 1641.7
0.028005 1641.7
0.028015 1641.7
0.028024 1641.7
0.028034 1641.7
0.028043 1641.7
0.028053 1641.7
0.028062 1641.7
0.028071 1641.7
0.028081 1641.7
0.02809 1641.7
0.0281 1641.7
0.028109 1641.7
0.028118 1641.7
0.028128 1641.7
0.028137 1641.7
0.028147 1641.7
0.028156 1641.7
0.028166 1641.7
0.028175 1641.7
0.028184 1641.7
0.028194 1641.7
0.028203 1641.7
0.028213 1641.7
0.028222 1641.7
0.028232 1641.7
0.028241 1641.7
0.02825 1641.7
0.02826 1641.7
0.028269 1641.7
0.028279 1641.7
0.028288 1641.7
0.028297 1641.7
0.028307 1641.7
0.028316 1641.7
0.028326 1641.7
0.028335 1641.7
0.028345 1641.7
0.028354 1641.7
0.028363 1641.7
0.028373 1641.7
0.028382 1641.7
0.028392 1641.7
0.028401 1641.7
0.028411 1641.7
0.02842 1641.7
0.028429 1641.7
0.028439 1641.7
0.028448 1641.7
0.028458 1641.7
0.028467 1641.7
0.028477 1641.7
0.028486 1641.7
0.028495 1641.7
0.028505 1641.7
0.028514 1641.7
0.028524 1641.7
0.028533 1641.7
0.028543 1641.7
0.028552 1641.7
0.028561 1641.7
0.028571 1641.7
0.02858 1641.7
0.02859 1641.7
0.028599 1641.7
0.028608 1641.7
0.028618 1641.7
0.028627 1641.7
0.028637 1641.7
0.028646 1641.7
0.028656 1641.7
0.028665 1641.7
0.028674 1641.7
0.028684 1641.7
0.028693 1641.7
0.028703 1641.7
0.028712 1641.7
0.028722 1641.7
0.028731 1641.7
0.02874 1641.7
0.02875 1641.7
0.028759 1641.7
0.028769 1641.7
0.028778 1641.7
0.028788 1641.7
0.028797 1641.7
0.028806 1641.7
0.028816 1641.7
0.028825 1641.7
0.028835 1641.7
0.028844 1641.7
0.028853 1641.7
0.028863 1641.7
0.028872 1641.7
0.028882 1641.7
0.028891 1641.7
0.028901 1641.7
0.02891 1641.7
0.028919 1641.7
0.028929 1641.7
0.028938 1641.7
0.028948 1641.7
0.028957 1641.7
0.028967 1641.7
0.028976 1641.7
0.028985 1641.7
0.028995 1641.7
0.029004 1641.7
0.029014 1641.7
0.029023 1641.7
0.029033 1641.7
0.029042 1641.7
0.029051 1641.7
0.029061 1641.7
0.02907 1641.7
0.02908 1641.7
0.029089 1641.7
0.029098 1641.7
0.029108 1641.7
0.029117 1641.7
0.029127 1641.7
0.029136 1641.7
0.029146 1641.7
0.029155 1641.7
0.029164 1641.7
0.029174 1641.7
0.029183 1641.7
0.029193 1641.7
0.029202 1641.7
0.029212 1641.7
0.029221 1641.7
0.02923 1641.7
0.02924 1641.7
0.029249 1641.7
0.029259 1641.7
0.029268 1641.7
0.029278 1641.7
0.029287 1641.7
0.029296 1641.7
0.029306 1641.7
0.029315 1641.7
0.029325 1641.7
0.029334 1641.7
0.029343 1641.7
0.029353 1641.7
0.029362 1641.7
0.029372 1641.7
0.029381 1641.7
0.029391 1641.7
0.0294 1641.7
0.029409 1641.7
0.029419 1641.7
0.029428 1641.7
0.029438 1641.7
0.029447 1641.7
0.029457 1641.7
0.029466 1641.7
0.029475 1641.7
0.029485 1641.7
0.029494 1641.7
0.029504 1641.7
0.029513 1641.7
0.029523 1641.7
0.029532 1641.7
0.029541 1641.7
0.029551 1641.7
0.02956 1641.7
0.02957 1641.7
0.029579 1641.7
0.029588 1641.7
0.029598 1641.7
0.029607 1641.7
0.029617 1641.7
0.029626 1641.7
0.029636 1641.7
0.029645 1641.7
0.029654 1641.7
0.029664 1641.7
0.029673 1641.7
0.029683 1641.7
0.029692 1641.7
0.029702 1641.7
0.029711 1641.7
0.02972 1641.7
0.02973 1641.7
0.029739 1641.7
0.029749 1641.7
0.029758 1641.7
0.029767 1641.7
0.029777 1641.7
0.029786 1641.7
0.029796 1641.7
0.029805 1641.7
0.029815 1641.7
0.029824 1641.7
0.029833 1641.7
0.029843 1641.7
0.029852 1641.7
0.029862 1641.7
0.029871 1641.7
0.029881 1641.7
0.02989 1641.7
0.029899 1641.7
0.029909 1641.7
0.029918 1641.7
0.029928 1641.7
0.029937 1641.7
0.029947 1641.7
0.029956 1641.7
0.029965 1641.7
0.029975 1641.7
0.029984 1641.7
0.029994 1641.7
0.030003 1641.7
0.030013 1641.7
0.030022 1641.7
0.030031 1641.7
0.030041 1641.7
0.03005 1641.7
0.03006 1641.7
0.030069 1641.7
0.030078 1641.7
0.030088 1641.7
0.030097 1641.7
0.030107 1641.7
0.030116 1641.7
0.030126 1641.7
0.030135 1641.7
0.030144 1641.7
0.030154 1641.7
0.030163 1641.7
0.030173 1641.7
0.030182 1641.7
0.030192 1641.7
0.030201 1641.7
0.03021 1641.7
0.03022 1641.7
0.030229 1641.7
0.030239 1641.7
0.030248 1641.7
0.030257 1641.7
0.030267 1641.7
0.030276 1641.7
0.030286 1641.7
0.030295 1641.7
0.030305 1641.7
0.030314 1641.7
0.030323 1641.7
0.030333 1641.7
0.030342 1641.7
0.030352 1641.7
0.030361 1641.7
0.030371 1641.7
0.03038 1641.7
0.030389 1641.7
0.030399 1641.7
0.030408 1641.7
0.030418 1641.7
0.030427 1641.7
0.030437 1641.7
0.030446 1641.7
0.030455 1641.7
0.030465 1641.7
0.030474 1641.7
0.030484 1641.7
0.030493 1641.7
0.030503 1641.7
0.030512 1641.7
0.030521 1641.7
0.030531 1641.7
0.03054 1641.7
0.03055 1641.7
0.030559 1641.7
0.030568 1641.7
0.030578 1641.7
0.030587 1641.7
0.030597 1641.7
0.030606 1641.7
0.030616 1641.7
0.030625 1641.7
0.030634 1641.7
0.030644 1641.7
0.030653 1641.7
0.030663 1641.7
0.030672 1641.7
0.030682 1641.7
0.030691 1641.7
0.0307 1641.7
0.03071 1641.7
0.030719 1641.7
0.030729 1641.7
0.030738 1641.7
0.030747 1641.7
0.030757 1641.7
0.030766 1641.7
0.030776 1641.7
0.030785 1641.7
0.030795 1641.7
0.030804 1641.7
0.030813 1641.7
0.030823 1641.7
0.030832 1641.7
0.030842 1641.7
0.030851 1641.7
0.030861 1641.7
0.03087 1641.7
0.030879 1641.7
0.030889 1641.7
0.030898 1641.7
0.030908 1641.7
0.030917 1641.7
0.030927 1641.7
0.030936 1641.7
0.030945 1641.7
0.030955 1641.7
0.030964 1641.7
0.030974 1641.7
0.030983 1641.7
0.030993 1641.7
0.031002 1641.7
0.031011 1641.7
0.031021 1641.7
0.03103 1641.7
0.03104 1641.7
0.031049 1641.7
0.031058 1641.7
0.031068 1641.7
0.031077 1641.7
0.031087 1641.7
0.031096 1641.7
0.031106 1641.7
0.031115 1641.7
0.031124 1641.7
0.031134 1641.7
0.031143 1641.7
0.031153 1641.7
0.031162 1641.7
0.031172 1641.7
0.031181 1641.7
0.03119 1641.7
0.0312 1641.7
0.031209 1641.7
0.031219 1641.7
0.031228 1641.7
0.031238 1641.7
0.031247 1641.7
0.031256 1641.7
0.031266 1641.7
0.031275 1641.7
0.031285 1641.7
0.031294 1641.7
0.031303 1641.7
0.031313 1641.7
0.031322 1641.7
0.031332 1641.7
0.031341 1641.7
0.031351 1641.7
0.03136 1641.7
0.031369 1641.7
0.031379 1641.7
0.031388 1641.7
0.031398 1641.7
0.031407 1641.7
0.031417 1641.7
0.031426 1641.7
0.031435 1641.7
0.031445 1641.7
0.031454 1641.7
0.031464 1641.7
0.031473 1641.7
0.031483 1641.7
0.031492 1641.7
0.031501 1641.7
0.031511 1641.7
0.03152 1641.7
0.03153 1641.7
0.031539 1641.7
0.031548 1641.7
0.031558 1641.7
0.031567 1641.7
0.031577 1641.7
0.031586 1641.7
0.031596 1641.7
0.031605 1641.7
0.031614 1641.7
0.031624 1641.7
0.031633 1641.7
0.031643 1641.7
0.031652 1641.7
0.031662 1641.7
0.031671 1641.7
0.03168 1641.7
0.03169 1641.7
0.031699 1641.7
0.031709 1641.7
0.031718 1641.7
0.031728 1641.7
0.031737 1641.7
0.031746 1641.7
0.031756 1641.7
0.031765 1641.7
0.031775 1641.7
0.031784 1641.7
0.031793 1641.7
0.031803 1641.7
0.031812 1641.7
0.031822 1641.7
0.031831 1641.7
0.031841 1641.7
0.03185 1641.7
0.031859 1641.7
0.031869 1641.7
0.031878 1641.7
0.031888 1641.7
0.031897 1641.7
0.031907 1641.7
0.031916 1641.7
0.031925 1641.7
0.031935 1641.7
0.031944 1641.7
0.031954 1641.7
0.031963 1641.7
0.031973 1641.7
0.031982 1641.7
0.031991 1641.7
0.032001 1641.7
0.03201 1641.7
0.03202 1641.7
0.032029 1641.7
0.032038 1641.7
0.032048 1641.7
0.032057 1641.7
0.032067 1641.7
0.032076 1641.7
0.032086 1641.7
0.032095 1641.7
0.032104 1641.7
0.032114 1641.7
0.032123 1641.7
0.032133 1641.7
0.032142 1641.7
0.032152 1641.7
0.032161 1641.7
0.03217 1641.7
0.03218 1641.7
0.032189 1641.7
0.032199 1641.7
0.032208 1641.7
0.032218 1641.7
0.032227 1641.7
0.032236 1641.7
0.032246 1641.7
0.032255 1641.7
0.032265 1641.7
0.032274 1641.7
0.032283 1641.7
0.032293 1641.7
0.032302 1641.7
0.032312 1641.7
0.032321 1641.7
0.032331 1641.7
0.03234 1641.7
0.032349 1641.7
0.032359 1641.7
0.032368 1641.7
0.032378 1641.7
0.032387 1641.7
0.032397 1641.7
0.032406 1641.7
0.032415 1641.7
0.032425 1641.7
0.032434 1641.7
0.032444 1641.7
0.032453 1641.7
0.032462 1641.7
0.032472 1641.7
0.032481 1641.7
0.032491 1641.7
0.0325 1641.7
0.03251 1641.7
0.032519 1641.7
0.032528 1641.7
0.032538 1641.7
0.032547 1641.7
0.032557 1641.7
0.032566 1641.7
0.032576 1641.7
0.032585 1641.7
0.032594 1641.7
0.032604 1641.7
0.032613 1641.7
0.032623 1641.7
0.032632 1641.7
0.032642 1641.7
0.032651 1641.7
0.03266 1641.7
0.03267 1641.7
0.032679 1641.7
0.032689 1641.7
0.032698 1641.7
0.032708 1641.7
0.032717 1641.7
0.032726 1641.7
0.032736 1641.7
0.032745 1641.7
0.032755 1641.7
0.032764 1641.7
0.032773 1641.7
0.032783 1641.7
0.032792 1641.7
0.032802 1641.7
0.032811 1641.7
0.032821 1641.7
0.03283 1641.7
0.032839 1641.7
0.032849 1641.7
0.032858 1641.7
0.032868 1641.7
0.032877 1641.7
0.032887 1641.7
0.032896 1641.7
0.032905 1641.7
0.032915 1641.7
0.032924 1641.7
0.032934 1641.7
0.032943 1641.7
0.032953 1641.7
0.032962 1641.7
0.032971 1641.7
0.032981 1641.7
1 1641.7
