9.4231e-06 53782
1.8846e-05 53782
2.8269e-05 53782
3.7692e-05 53781
4.7115e-05 53781
5.6538e-05 53781
6.5962e-05 53781
7.5385e-05 53781
8.4808e-05 53781
9.4231e-05 53781
0.00010365 53780
0.00011308 53779
0.0001225 53778
0.00013192 53776
0.00014135 53774
0.00015077 53770
0.00016019 53764
0.00016962 53756
0.00017904 53745
0.00018846 53729
0.00019788 53706
0.00020731 53676
0.00021673 53634
0.00022615 53577
0.00023558 53502
0.000245 53402
0.00025442 53272
0.00026385 53103
0.00027327 52888
0.00028269 52616
0.00029212 52275
0.00030154 51854
0.00031096 51340
0.00032038 50719
0.00032981 49980
0.00033923 49109
0.00034865 48099
0.00035808 46941
0.0003675 45634
0.00037692 44178
0.00038635 42579
0.00039577 40850
0.00040519 39008
0.00041462 37074
0.00042404 35074
0.00043346 33036
0.00044288 30990
0.00045231 28965
0.00046173 26988
0.00047115 25085
0.00048058 23275
0.00049 21576
0.00049942 19998
0.00050885 18550
0.00051827 17234
0.00052769 16049
0.00053712 14994
0.00054654 14063
0.00055596 13248
0.00056538 12543
0.00057481 11939
0.00058423 11428
0.00059365 11002
0.00060308 10654
0.0006125 10376
0.00062192 10162
0.00063135 10006
0.00064077 9903.4
0.00065019 9848.2
0.00065962 9836.5
0.00066904 9864.4
0.00067846 9928.3
0.00068788 10025
0.00069731 10152
0.00070673 10307
0.00071615 10488
0.00072558 10693
0.000735 10920
0.00074442 11168
0.00075385 11435
0.00076327 11722
0.00077269 12026
0.00078212 12348
0.00079154 12687
0.00080096 13042
0.00081038 13413
0.00081981 13800
0.00082923 14203
0.00083865 14621
0.00084808 15054
0.0008575 15502
0.00086692 15965
0.00087635 16443
0.00088577 16935
0.00089519 17442
0.00090462 17962
0.00091404 18496
0.00092346 19044
0.00093288 19604
0.00094231 20177
0.00095173 20761
0.00096115 21357
0.00097058 21964
0.00098 22581
0.00098942 23208
0.00099885 23843
0.0010083 24486
0.0010177 25137
0.0010271 25795
0.0010365 26458
0.001046 27125
0.0010554 27797
0.0010648 28472
0.0010742 29148
0.0010837 29826
0.0010931 30504
0.0011025 31181
0.0011119 31857
0.0011213 32530
0.0011308 33199
0.0011402 33864
0.0011496 34523
0.001159 35177
0.0011685 35823
0.0011779 36462
0.0011873 37091
0.0011967 37712
0.0012062 38323
0.0012156 38923
0.001225 39512
0.0012344 40089
0.0012438 40654
0.0012533 41206
0.0012627 41745
0.0012721 42271
0.0012815 42783
0.001291 43281
0.0013004 43765
0.0013098 44234
0.0013192 44689
0.0013287 45129
0.0013381 45554
0.0013475 45965
0.0013569 46362
0.0013663 46744
0.0013758 47112
0.0013852 47465
0.0013946 47804
0.001404 48130
0.0014135 48442
0.0014229 48741
0.0014323 49026
0.0014417 49299
0.0014512 49560
0.0014606 49808
0.00147 50044
0.0014794 50269
0.0014888 50483
0.0014983 50686
0.0015077 50879
0.0015171 51062
0.0015265 51235
0.001536 51398
0.0015454 51553
0.0015548 51699
0.0015642 51837
0.0015737 51967
0.0015831 52090
0.0015925 52205
0.0016019 52314
0.0016113 52416
0.0016208 52512
0.0016302 52601
0.0016396 52686
0.001649 52765
0.0016585 52838
0.0016679 52908
0.0016773 52972
0.0016867 53032
0.0016962 53089
0.0017056 53141
0.001715 53190
0.0017244 53235
0.0017338 53278
0.0017433 53317
0.0017527 53354
0.0017621 53388
0.0017715 53419
0.001781 53448
0.0017904 53475
0.0017998 53500
0.0018092 53523
0.0018187 53545
0.0018281 53564
0.0018375 53583
0.0018469 53600
0.0018563 53615
0.0018658 53629
0.0018752 53642
0.0018846 53655
0.001894 53666
0.0019035 53676
0.0019129 53685
0.0019223 53694
0.0019317 53702
0.0019412 53709
0.0019506 53715
0.00196 53722
0.0019694 53727
0.0019788 53732
0.0019883 53737
0.0019977 53741
0.0020071 53745
0.0020165 53748
0.002026 53751
0.0020354 53754
0.0020448 53757
0.0020542 53759
0.0020637 53761
0.0020731 53763
0.0020825 53765
0.0020919 53767
0.0021013 53768
0.0021108 53770
0.0021202 53771
0.0021296 53772
0.002139 53773
0.0021485 53774
0.0021579 53775
0.0021673 53775
0.0021767 53776
0.0021862 53777
0.0021956 53777
0.002205 53778
0.0022144 53778
0.0022238 53778
0.0022333 53779
0.0022427 53779
0.0022521 53779
0.0022615 53780
0.002271 53780
0.0022804 53780
0.0022898 53780
0.0022992 53780
0.0023087 53780
0.0023181 53781
0.0023275 53781
0.0023369 53781
0.0023463 53781
0.0023558 53781
0.0023652 53781
0.0023746 53781
0.002384 53781
0.0023935 53781
0.0024029 53781
0.0024123 53781
0.0024217 53781
0.0024312 53781
0.0024406 53781
0.00245 53781
0.0024594 53781
0.0024688 53781
0.0024783 53781
0.0024877 53781
0.0024971 53781
0.0025065 53781
0.002516 53781
0.0025254 53781
0.0025348 53781
0.0025442 53782
0.0025537 53782
0.0025631 53782
0.0025725 53782
0.0025819 53782
0.0025913 53782
0.0026008 53782
0.0026102 53782
0.0026196 53782
0.002629 53782
0.0026385 53782
0.0026479 53782
0.0026573 53782
0.0026667 53782
0.0026762 53782
0.0026856 53782
0.002695 53782
0.0027044 53782
0.0027138 53782
0.0027233 53782
0.0027327 53782
0.0027421 53782
0.0027515 53782
0.002761 53782
0.0027704 53782
0.0027798 53782
0.0027892 53782
0.0027987 53782
0.0028081 53782
0.0028175 53782
0.0028269 53782
0.0028363 53782
0.0028458 53782
0.0028552 53782
0.0028646 53782
0.002874 53782
0.0028835 53782
0.0028929 53782
0.0029023 53782
0.0029117 53782
0.0029212 53782
0.0029306 53782
0.00294 53782
0.0029494 53782
0.0029588 53782
0.0029683 53782
0.0029777 53782
0.0029871 53782
0.0029965 53782
0.003006 53782
0.0030154 53782
0.0030248 53782
0.0030342 53782
0.0030437 53782
0.0030531 53782
0.0030625 53782
0.0030719 53782
0.0030813 53782
0.0030908 53782
0.0031002 53782
0.0031096 53782
0.003119 53782
0.0031285 53782
0.0031379 53782
0.0031473 53782
0.0031567 53782
0.0031662 53782
0.0031756 53782
0.003185 53782
0.0031944 53782
0.0032038 53782
0.0032133 53782
0.0032227 53782
0.0032321 53782
0.0032415 53782
0.003251 53782
0.0032604 53782
0.0032698 53782
0.0032792 53782
0.0032887 53782
0.0032981 53782
0.0033075 53782
0.0033169 53782
0.0033263 53782
0.0033358 53782
0.0033452 53782
0.0033546 53782
0.003364 53782
0.0033735 53782
0.0033829 53782
0.0033923 53782
0.0034017 53782
0.0034112 53782
0.0034206 53782
0.00343 53782
0.0034394 53782
0.0034488 53782
0.0034583 53782
0.0034677 53782
0.0034771 53782
0.0034865 53782
0.003496 53782
0.0035054 53782
0.0035148 53782
0.0035242 53782
0.0035337 53782
0.0035431 53782
0.0035525 53782
0.0035619 53782
0.0035713 53782
0.0035808 53782
0.0035902 53782
0.0035996 53782
0.003609 53782
0.0036185 53782
0.0036279 53782
0.0036373 53782
0.0036467 53782
0.0036562 53782
0.0036656 53782
0.003675 53782
0.0036844 53782
0.0036938 53782
0.0037033 53782
0.0037127 53782
0.0037221 53782
0.0037315 53782
0.003741 53782
0.0037504 53782
0.0037598 53782
0.0037692 53782
0.0037787 53782
0.0037881 53782
0.0037975 53782
0.0038069 53782
0.0038163 53782
0.0038258 53782
0.0038352 53782
0.0038446 53782
0.003854 53782
0.0038635 53782
0.0038729 53782
0.0038823 53782
0.0038917 53782
0.0039012 53782
0.0039106 53782
0.00392 53782
0.0039294 53782
0.0039388 53782
0.0039483 53782
0.0039577 53782
0.0039671 53782
0.0039765 53782
0.003986 53782
0.0039954 53782
0.0040048 53782
0.0040142 53782
0.0040237 53782
0.0040331 53782
0.0040425 53782
0.0040519 53782
0.0040613 53782
0.0040708 53782
0.0040802 53782
0.0040896 53782
0.004099 53782
0.0041085 53782
0.0041179 53782
0.0041273 53782
0.0041367 53782
0.0041462 53782
0.0041556 53782
0.004165 53782
0.0041744 53782
0.0041838 53782
0.0041933 53782
0.0042027 53782
0.0042121 53782
0.0042215 53782
0.004231 53782
0.0042404 53782
0.0042498 53782
0.0042592 53782
0.0042687 53782
0.0042781 53782
0.0042875 53782
0.0042969 53782
0.0043063 53782
0.0043158 53782
0.0043252 53782
0.0043346 53782
0.004344 53782
0.0043535 53782
0.0043629 53782
0.0043723 53782
0.0043817 53782
0.0043912 53782
0.0044006 53782
0.00441 53782
0.0044194 53782
0.0044288 53782
0.0044383 53782
0.0044477 53782
0.0044571 53782
0.0044665 53782
0.004476 53782
0.0044854 53782
0.0044948 53782
0.0045042 53782
0.0045137 53782
0.0045231 53782
0.0045325 53782
0.0045419 53782
0.0045513 53782
0.0045608 53782
0.0045702 53782
0.0045796 53782
0.004589 53782
0.0045985 53782
0.0046079 53782
0.0046173 53782
0.0046267 53782
0.0046362 53782
0.0046456 53782
0.004655 53782
0.0046644 53782
0.0046738 53782
0.0046833 53782
0.0046927 53782
0.0047021 53782
0.0047115 53782
0.004721 53782
0.0047304 53782
0.0047398 53782
0.0047492 53782
0.0047587 53782
0.0047681 53782
0.0047775 53782
0.0047869 53782
0.0047963 53782
0.0048058 53782
0.0048152 53782
0.0048246 53782
0.004834 53782
0.0048435 53782
0.0048529 53782
0.0048623 53782
0.0048717 53782
0.0048812 53782
0.0048906 53782
0.0049 53782
0.0049094 53782
0.0049188 53782
0.0049283 53782
0.0049377 53782
0.0049471 53782
0.0049565 53782
0.004966 53782
0.0049754 53782
0.0049848 53782
0.0049942 53782
0.0050037 53782
0.0050131 53782
0.0050225 53782
0.0050319 53782
0.0050413 53782
0.0050508 53782
0.0050602 53782
0.0050696 53782
0.005079 53782
0.0050885 53782
0.0050979 53782
0.0051073 53782
0.0051167 53782
0.0051262 53782
0.0051356 53782
0.005145 53782
0.0051544 53782
0.0051638 53782
0.0051733 53782
0.0051827 53782
0.0051921 53782
0.0052015 53782
0.005211 53782
0.0052204 53782
0.0052298 53782
0.0052392 53782
0.0052487 53782
0.0052581 53782
0.0052675 53782
0.0052769 53782
0.0052863 53782
0.0052958 53782
0.0053052 53782
0.0053146 53782
0.005324 53782
0.0053335 53782
0.0053429 53782
0.0053523 53782
0.0053617 53782
0.0053712 53782
0.0053806 53782
0.00539 53782
0.0053994 53782
0.0054088 53782
0.0054183 53782
0.0054277 53782
0.0054371 53782
0.0054465 53782
0.005456 53782
0.0054654 53782
0.0054748 53782
0.0054842 53782
0.0054937 53782
0.0055031 53782
0.0055125 53782
0.0055219 53782
0.0055313 53782
0.0055408 53782
0.0055502 53782
0.0055596 53782
0.005569 53782
0.0055785 53782
0.0055879 53782
0.0055973 53782
0.0056067 53782
0.0056162 53782
0.0056256 53782
0.005635 53782
0.0056444 53782
0.0056538 53782
0.0056633 53782
0.0056727 53782
0.0056821 53782
0.0056915 53782
0.005701 53782
0.0057104 53782
0.0057198 53782
0.0057292 53782
0.0057387 53782
0.0057481 53782
0.0057575 53782
0.0057669 53782
0.0057763 53782
0.0057858 53782
0.0057952 53782
0.0058046 53782
0.005814 53782
0.0058235 53782
0.0058329 53782
0.0058423 53782
0.0058517 53782
0.0058612 53782
0.0058706 53782
0.00588 53782
0.0058894 53782
0.0058988 53782
0.0059083 53782
0.0059177 53782
0.0059271 53782
0.0059365 53782
0.005946 53782
0.0059554 53782
0.0059648 53782
0.0059742 53782
0.0059837 53782
0.0059931 53782
0.0060025 53782
0.0060119 53782
0.0060213 53782
0.0060308 53782
0.0060402 53782
0.0060496 53782
0.006059 53782
0.0060685 53782
0.0060779 53782
0.0060873 53782
0.0060967 53782
0.0061062 53782
0.0061156 53782
0.006125 53782
0.0061344 53782
0.0061438 53782
0.0061533 53782
0.0061627 53782
0.0061721 53782
0.0061815 53782
0.006191 53782
0.0062004 53782
0.0062098 53782
0.0062192 53782
0.0062287 53782
0.0062381 53782
0.0062475 53782
0.0062569 53782
0.0062663 53782
0.0062758 53782
0.0062852 53782
0.0062946 53782
0.006304 53782
0.0063135 53782
0.0063229 53782
0.0063323 53782
0.0063417 53782
0.0063512 53782
0.0063606 53782
0.00637 53782
0.0063794 53782
0.0063888 53782
0.0063983 53782
0.0064077 53782
0.0064171 53782
0.0064265 53782
0.006436 53782
0.0064454 53782
0.0064548 53782
0.0064642 53782
0.0064737 53782
0.0064831 53782
0.0064925 53782
0.0065019 53782
0.0065113 53782
0.0065208 53782
0.0065302 53782
0.0065396 53782
0.006549 53782
0.0065585 53782
0.0065679 53782
0.0065773 53782
0.0065867 53782
0.0065962 53782
0.0066056 53782
0.006615 53782
0.0066244 53782
0.0066338 53782
0.0066433 53782
0.0066527 53782
0.0066621 53782
0.0066715 53782
0.006681 53782
0.0066904 53782
0.0066998 53782
0.0067092 53782
0.0067187 53782
0.0067281 53782
0.0067375 53782
0.0067469 53782
0.0067563 53782
0.0067658 53782
0.0067752 53782
0.0067846 53782
0.006794 53782
0.0068035 53782
0.0068129 53782
0.0068223 53782
0.0068317 53782
0.0068412 53782
0.0068506 53782
0.00686 53782
0.0068694 53782
0.0068788 53782
0.0068883 53782
0.0068977 53782
0.0069071 53782
0.0069165 53782
0.006926 53782
0.0069354 53782
0.0069448 53782
0.0069542 53782
0.0069637 53782
0.0069731 53782
0.0069825 53782
0.0069919 53782
0.0070013 53782
0.0070108 53782
0.0070202 53782
0.0070296 53782
0.007039 53782
0.0070485 53782
0.0070579 53782
0.0070673 53782
0.0070767 53782
0.0070862 53782
0.0070956 53782
0.007105 53782
0.0071144 53782
0.0071238 53782
0.0071333 53782
0.0071427 53782
0.0071521 53782
0.0071615 53782
0.007171 53782
0.0071804 53782
0.0071898 53782
0.0071992 53782
0.0072087 53782
0.0072181 53782
0.0072275 53782
0.0072369 53782
0.0072463 53782
0.0072558 53782
0.0072652 53782
0.0072746 53782
0.007284 53782
0.0072935 53782
0.0073029 53782
0.0073123 53782
0.0073217 53782
0.0073312 53782
0.0073406 53782
0.00735 53782
0.0073594 53782
0.0073688 53782
0.0073783 53782
0.0073877 53782
0.0073971 53782
0.0074065 53782
0.007416 53782
0.0074254 53782
0.0074348 53782
0.0074442 53782
0.0074537 53782
0.0074631 53782
0.0074725 53782
0.0074819 53782
0.0074913 53782
0.0075008 53782
0.0075102 53782
0.0075196 53782
0.007529 53782
0.0075385 53782
0.0075479 53782
0.0075573 53782
0.0075667 53782
0.0075762 53782
0.0075856 53782
0.007595 53782
0.0076044 53782
0.0076138 53782
0.0076233 53782
0.0076327 53782
0.0076421 53782
0.0076515 53782
0.007661 53782
0.0076704 53782
0.0076798 53782
0.0076892 53782
0.0076987 53782
0.0077081 53782
0.0077175 53782
0.0077269 53782
0.0077363 53782
0.0077458 53782
0.0077552 53782
0.0077646 53782
0.007774 53782
0.0077835 53782
0.0077929 53782
0.0078023 53782
0.0078117 53782
0.0078212 53782
0.0078306 53782
0.00784 53782
0.0078494 53782
0.0078588 53782
0.0078683 53782
0.0078777 53782
0.0078871 53782
0.0078965 53782
0.007906 53782
0.0079154 53782
0.0079248 53782
0.0079342 53782
0.0079437 53782
0.0079531 53782
0.0079625 53782
0.0079719 53782
0.0079813 53782
0.0079908 53782
0.0080002 53782
0.0080096 53782
0.008019 53782
0.0080285 53782
0.0080379 53782
0.0080473 53782
0.0080567 53782
0.0080662 53782
0.0080756 53782
0.008085 53782
0.0080944 53782
0.0081038 53782
0.0081133 53782
0.0081227 53782
0.0081321 53782
0.0081415 53782
0.008151 53782
0.0081604 53782
0.0081698 53782
0.0081792 53782
0.0081887 53782
0.0081981 53782
0.0082075 53782
0.0082169 53782
0.0082263 53782
0.0082358 53782
0.0082452 53782
0.0082546 53782
0.008264 53782
0.0082735 53782
0.0082829 53782
0.0082923 53782
0.0083017 53782
0.0083112 53782
0.0083206 53782
0.00833 53782
0.0083394 53782
0.0083488 53782
0.0083583 53782
0.0083677 53782
0.0083771 53782
0.0083865 53782
0.008396 53782
0.0084054 53782
0.0084148 53782
0.0084242 53782
0.0084337 53782
0.0084431 53782
0.0084525 53782
0.0084619 53782
0.0084713 53782
0.0084808 53782
0.0084902 53782
0.0084996 53782
0.008509 53782
0.0085185 53782
0.0085279 53782
0.0085373 53782
0.0085467 53782
0.0085562 53782
0.0085656 53782
0.008575 53782
0.0085844 53782
0.0085938 53782
0.0086033 53782
0.0086127 53782
0.0086221 53782
0.0086315 53782
0.008641 53782
0.0086504 53782
0.0086598 53782
0.0086692 53782
0.0086787 53782
0.0086881 53782
0.0086975 53782
0.0087069 53782
0.0087163 53782
0.0087258 53782
0.0087352 53782
0.0087446 53782
0.008754 53782
0.0087635 53782
0.0087729 53782
0.0087823 53782
0.0087917 53782
0.0088012 53782
0.0088106 53782
0.00882 53782
0.0088294 53782
0.0088388 53782
0.0088483 53782
0.0088577 53782
0.0088671 53782
0.0088765 53782
0.008886 53782
0.0088954 53782
0.0089048 53782
0.0089142 53782
0.0089237 53782
0.0089331 53782
0.0089425 53782
0.0089519 53782
0.0089613 53782
0.0089708 53782
0.0089802 53782
0.0089896 53782
0.008999 53782
0.0090085 53782
0.0090179 53782
0.0090273 53782
0.0090367 53782
0.0090462 53782
0.0090556 53782
0.009065 53782
0.0090744 53782
0.0090838 53782
0.0090933 53782
0.0091027 53782
0.0091121 53782
0.0091215 53782
0.009131 53782
0.0091404 53782
0.0091498 53782
0.0091592 53782
0.0091687 53782
0.0091781 53782
0.0091875 53782
0.0091969 53782
0.0092063 53782
0.0092158 53782
0.0092252 53782
0.0092346 53782
0.009244 53782
0.0092535 53782
0.0092629 53782
0.0092723 53782
0.0092817 53782
0.0092912 53782
0.0093006 53782
0.00931 53782
0.0093194 53782
0.0093288 53782
0.0093383 53782
0.0093477 53782
0.0093571 53782
0.0093665 53782
0.009376 53782
0.0093854 53782
0.0093948 53782
0.0094042 53782
0.0094137 53782
0.0094231 53782
0.0094325 53782
0.0094419 53782
0.0094513 53782
0.0094608 53782
0.0094702 53782
0.0094796 53782
0.009489 53782
0.0094985 53782
0.0095079 53782
0.0095173 53782
0.0095267 53782
0.0095362 53782
0.0095456 53782
0.009555 53782
0.0095644 53782
0.0095738 53782
0.0095833 53782
0.0095927 53782
0.0096021 53782
0.0096115 53782
0.009621 53782
0.0096304 53782
0.0096398 53782
0.0096492 53782
0.0096587 53782
0.0096681 53782
0.0096775 53782
0.0096869 53782
0.0096963 53782
0.0097058 53782
0.0097152 53782
0.0097246 53782
0.009734 53782
0.0097435 53782
0.0097529 53782
0.0097623 53782
0.0097717 53782
0.0097812 53782
0.0097906 53782
0.0098 53782
0.0098094 53782
0.0098188 53782
0.0098283 53782
0.0098377 53782
0.0098471 53782
0.0098565 53782
0.009866 53782
0.0098754 53782
0.0098848 53782
0.0098942 53782
0.0099037 53782
0.0099131 53782
0.0099225 53782
0.0099319 53782
0.0099413 53782
0.0099508 53782
0.0099602 53782
0.0099696 53782
0.009979 53782
0.0099885 53782
0.0099979 53782
0.010007 53782
0.010017 53782
0.010026 53782
0.010036 53782
0.010045 53782
0.010054 53782
0.010064 53782
0.010073 53782
0.010083 53782
0.010092 53782
0.010102 53782
0.010111 53782
0.01012 53782
0.01013 53782
0.010139 53782
0.010149 53782
0.010158 53782
0.010168 53782
0.010177 53782
0.010186 53782
0.010196 53782
0.010205 53782
0.010215 53782
0.010224 53782
0.010233 53782
0.010243 53782
0.010252 53782
0.010262 53782
0.010271 53782
0.010281 53782
0.01029 53782
0.010299 53782
0.010309 53782
0.010318 53782
0.010328 53782
0.010337 53782
0.010347 53782
0.010356 53782
0.010365 53782
0.010375 53782
0.010384 53782
0.010394 53782
0.010403 53782
0.010412 53782
0.010422 53782
0.010431 53782
0.010441 53782
0.01045 53782
0.01046 53782
0.010469 53782
0.010478 53782
0.010488 53782
0.010497 53782
0.010507 53782
0.010516 53782
0.010526 53782
0.010535 53782
0.010544 53782
0.010554 53782
0.010563 53782
0.010573 53782
0.010582 53782
0.010592 53782
0.010601 53782
0.01061 53782
0.01062 53782
0.010629 53782
0.010639 53782
0.010648 53782
0.010658 53782
0.010667 53782
0.010676 53782
0.010686 53782
0.010695 53782
0.010705 53782
0.010714 53782
0.010723 53782
0.010733 53782
0.010742 53782
0.010752 53782
0.010761 53782
0.010771 53782
0.01078 53782
0.010789 53782
0.010799 53782
0.010808 53782
0.010818 53782
0.010827 53782
0.010837 53782
0.010846 53782
0.010855 53782
0.010865 53782
0.010874 53782
0.010884 53782
0.010893 53782
0.010903 53782
0.010912 53782
0.010921 53782
0.010931 53782
0.01094 53782
0.01095 53782
0.010959 53782
0.010968 53782
0.010978 53782
0.010987 53782
0.010997 53782
0.011006 53782
0.011016 53782
0.011025 53782
0.011034 53782
0.011044 53782
0.011053 53782
0.011063 53782
0.011072 53782
0.011082 53782
0.011091 53782
0.0111 53782
0.01111 53782
0.011119 53782
0.011129 53782
0.011138 53782
0.011147 53782
0.011157 53782
0.011166 53782
0.011176 53782
0.011185 53782
0.011195 53782
0.011204 53782
0.011213 53782
0.011223 53782
0.011232 53782
0.011242 53782
0.011251 53782
0.011261 53782
0.01127 53782
0.011279 53782
0.011289 53782
0.011298 53782
0.011308 53782
0.011317 53782
0.011327 53782
0.011336 53782
0.011345 53782
0.011355 53782
0.011364 53782
0.011374 53782
0.011383 53782
0.011393 53782
0.011402 53782
0.011411 53782
0.011421 53782
0.01143 53782
0.01144 53782
0.011449 53782
0.011458 53782
0.011468 53782
0.011477 53782
0.011487 53782
0.011496 53782
0.011506 53782
0.011515 53782
0.011524 53782
0.011534 53782
0.011543 53782
0.011553 53782
0.011562 53782
0.011572 53782
0.011581 53782
0.01159 53782
0.0116 53782
0.011609 53782
0.011619 53782
0.011628 53782
0.011638 53782
0.011647 53782
0.011656 53782
0.011666 53782
0.011675 53782
0.011685 53782
0.011694 53782
0.011703 53782
0.011713 53782
0.011722 53782
0.011732 53782
0.011741 53782
0.011751 53782
0.01176 53782
0.011769 53782
0.011779 53782
0.011788 53782
0.011798 53782
0.011807 53782
0.011817 53782
0.011826 53782
0.011835 53782
0.011845 53782
0.011854 53782
0.011864 53782
0.011873 53782
0.011883 53782
0.011892 53782
0.011901 53782
0.011911 53782
0.01192 53782
0.01193 53782
0.011939 53782
0.011948 53782
0.011958 53782
0.011967 53782
0.011977 53782
0.011986 53782
0.011996 53782
0.012005 53782
0.012014 53782
0.012024 53782
0.012033 53782
0.012043 53782
0.012052 53782
0.012062 53782
0.012071 53782
0.01208 53782
0.01209 53782
0.012099 53782
0.012109 53782
0.012118 53782
0.012128 53782
0.012137 53782
0.012146 53782
0.012156 53782
0.012165 53782
0.012175 53782
0.012184 53782
0.012193 53782
0.012203 53782
0.012212 53782
0.012222 53782
0.012231 53782
0.012241 53782
0.01225 53782
0.012259 53782
0.012269 53782
0.012278 53782
0.012288 53782
0.012297 53782
0.012307 53782
0.012316 53782
0.012325 53782
0.012335 53782
0.012344 53782
0.012354 53782
0.012363 53782
0.012373 53782
0.012382 53782
0.012391 53782
0.012401 53782
0.01241 53782
0.01242 53782
0.012429 53782
0.012438 53782
0.012448 53782
0.012457 53782
0.012467 53782
0.012476 53782
0.012486 53782
0.012495 53782
0.012504 53782
0.012514 53782
0.012523 53782
0.012533 53782
0.012542 53782
0.012552 53782
0.012561 53782
0.01257 53782
0.01258 53782
0.012589 53782
0.012599 53782
0.012608 53782
0.012618 53782
0.012627 53782
0.012636 53782
0.012646 53782
0.012655 53782
0.012665 53782
0.012674 53782
0.012683 53782
0.012693 53782
0.012702 53782
0.012712 53782
0.012721 53782
0.012731 53782
0.01274 53782
0.012749 53782
0.012759 53782
0.012768 53782
0.012778 53782
0.012787 53782
0.012797 53782
0.012806 53782
0.012815 53782
0.012825 53782
0.012834 53782
0.012844 53782
0.012853 53782
0.012863 53782
0.012872 53782
0.012881 53782
0.012891 53782
0.0129 53782
0.01291 53782
0.012919 53782
0.012928 53782
0.012938 53782
0.012947 53782
0.012957 53782
0.012966 53782
0.012976 53782
0.012985 53782
0.012994 53782
0.013004 53782
0.013013 53782
0.013023 53782
0.013032 53782
0.013042 53782
0.013051 53782
0.01306 53782
0.01307 53782
0.013079 53782
0.013089 53782
0.013098 53782
0.013107 53782
0.013117 53782
0.013126 53782
0.013136 53782
0.013145 53782
0.013155 53782
0.013164 53782
0.013173 53782
0.013183 53782
0.013192 53782
0.013202 53782
0.013211 53782
0.013221 53782
0.01323 53782
0.013239 53782
0.013249 53782
0.013258 53782
0.013268 53782
0.013277 53782
0.013287 53782
0.013296 53782
0.013305 53782
0.013315 53782
0.013324 53782
0.013334 53782
0.013343 53782
0.013352 53782
0.013362 53782
0.013371 53782
0.013381 53782
0.01339 53782
0.0134 53782
0.013409 53782
0.013418 53782
0.013428 53782
0.013437 53782
0.013447 53782
0.013456 53782
0.013466 53782
0.013475 53782
0.013484 53782
0.013494 53782
0.013503 53782
0.013513 53782
0.013522 53782
0.013532 53782
0.013541 53782
0.01355 53782
0.01356 53782
0.013569 53782
0.013579 53782
0.013588 53782
0.013598 53782
0.013607 53782
0.013616 53782
0.013626 53782
0.013635 53782
0.013645 53782
0.013654 53782
0.013663 53782
0.013673 53782
0.013682 53782
0.013692 53782
0.013701 53782
0.013711 53782
0.01372 53782
0.013729 53782
0.013739 53782
0.013748 53782
0.013758 53782
0.013767 53782
0.013777 53782
0.013786 53782
0.013795 53782
0.013805 53782
0.013814 53782
0.013824 53782
0.013833 53782
0.013843 53782
0.013852 53782
0.013861 53782
0.013871 53782
0.01388 53782
0.01389 53782
0.013899 53782
0.013908 53782
0.013918 53782
0.013927 53782
0.013937 53782
0.013946 53782
0.013956 53782
0.013965 53782
0.013974 53782
0.013984 53782
0.013993 53782
0.014003 53782
0.014012 53782
0.014022 53782
0.014031 53782
0.01404 53782
0.01405 53782
0.014059 53782
0.014069 53782
0.014078 53782
0.014088 53782
0.014097 53782
0.014106 53782
0.014116 53782
0.014125 53782
0.014135 53782
0.014144 53782
0.014153 53782
0.014163 53782
0.014172 53782
0.014182 53782
0.014191 53782
0.014201 53782
0.01421 53782
0.014219 53782
0.014229 53782
0.014238 53782
0.014248 53782
0.014257 53782
0.014267 53782
0.014276 53782
0.014285 53782
0.014295 53782
0.014304 53782
0.014314 53782
0.014323 53782
0.014333 53782
0.014342 53782
0.014351 53782
0.014361 53782
0.01437 53782
0.01438 53782
0.014389 53782
0.014398 53782
0.014408 53782
0.014417 53782
0.014427 53782
0.014436 53782
0.014446 53782
0.014455 53782
0.014464 53782
0.014474 53782
0.014483 53782
0.014493 53782
0.014502 53782
0.014512 53782
0.014521 53782
0.01453 53782
0.01454 53782
0.014549 53782
0.014559 53782
0.014568 53782
0.014578 53782
0.014587 53782
0.014596 53782
0.014606 53782
0.014615 53782
0.014625 53782
0.014634 53782
0.014643 53782
0.014653 53782
0.014662 53782
0.014672 53782
0.014681 53782
0.014691 53782
0.0147 53782
0.014709 53782
0.014719 53782
0.014728 53782
0.014738 53782
0.014747 53782
0.014757 53782
0.014766 53782
0.014775 53782
0.014785 53782
0.014794 53782
0.014804 53782
0.014813 53782
0.014823 53782
0.014832 53782
0.014841 53782
0.014851 53782
0.01486 53782
0.01487 53782
0.014879 53782
0.014888 53782
0.014898 53782
0.014907 53782
0.014917 53782
0.014926 53782
0.014936 53782
0.014945 53782
0.014954 53782
0.014964 53782
0.014973 53782
0.014983 53782
0.014992 53782
0.015002 53782
0.015011 53782
0.01502 53782
0.01503 53782
0.015039 53782
0.015049 53782
0.015058 53782
0.015068 53782
0.015077 53782
0.015086 53782
0.015096 53782
0.015105 53782
0.015115 53782
0.015124 53782
0.015133 53782
0.015143 53782
0.015152 53782
0.015162 53782
0.015171 53782
0.015181 53782
0.01519 53782
0.015199 53782
0.015209 53782
0.015218 53782
0.015228 53782
0.015237 53782
0.015247 53782
0.015256 53782
0.015265 53782
0.015275 53782
0.015284 53782
0.015294 53782
0.015303 53782
0.015312 53782
0.015322 53782
0.015331 53782
0.015341 53782
0.01535 53782
0.01536 53782
0.015369 53782
0.015378 53782
0.015388 53782
0.015397 53782
0.015407 53782
0.015416 53782
0.015426 53782
0.015435 53782
0.015444 53782
0.015454 53782
0.015463 53782
0.015473 53782
0.015482 53782
0.015492 53782
0.015501 53782
0.01551 53782
0.01552 53782
0.015529 53782
0.015539 53782
0.015548 53782
0.015558 53782
0.015567 53782
0.015576 53782
0.015586 53782
0.015595 53782
0.015605 53782
0.015614 53782
0.015623 53782
0.015633 53782
0.015642 53782
0.015652 53782
0.015661 53782
0.015671 53782
0.01568 53782
0.015689 53782
0.015699 53782
0.015708 53782
0.015718 53782
0.015727 53782
0.015737 53782
0.015746 53782
0.015755 53782
0.015765 53782
0.015774 53782
0.015784 53782
0.015793 53782
0.015803 53782
0.015812 53782
0.015821 53782
0.015831 53782
0.01584 53782
0.01585 53782
0.015859 53782
0.015868 53782
0.015878 53782
0.015887 53782
0.015897 53782
0.015906 53782
0.015916 53782
0.015925 53782
0.015934 53782
0.015944 53782
0.015953 53782
0.015963 53782
0.015972 53782
0.015982 53782
0.015991 53782
0.016 53782
0.01601 53782
0.016019 53782
0.016029 53782
0.016038 53782
0.016047 53782
0.016057 53782
0.016066 53782
0.016076 53782
0.016085 53782
0.016095 53782
0.016104 53782
0.016113 53782
0.016123 53782
0.016132 53782
0.016142 53782
0.016151 53782
0.016161 53782
0.01617 53782
0.016179 53782
0.016189 53782
0.016198 53782
0.016208 53782
0.016217 53782
0.016227 53782
0.016236 53782
0.016245 53782
0.016255 53782
0.016264 53782
0.016274 53782
0.016283 53782
0.016292 53782
0.016302 53782
0.016311 53782
0.016321 53782
0.01633 53782
0.01634 53782
0.016349 53782
0.016358 53782
0.016368 53782
0.016377 53782
0.016387 53782
0.016396 53782
0.016406 53782
0.016415 53782
0.016424 53782
0.016434 53782
0.016443 53782
0.016453 53782
0.016462 53782
0.016472 53782
0.016481 53782
0.01649 53782
0.0165 53782
0.016509 53782
0.016519 53782
0.016528 53782
0.016538 53782
0.016547 53782
0.016556 53782
0.016566 53782
0.016575 53782
0.016585 53782
0.016594 53782
0.016603 53782
0.016613 53782
0.016622 53782
0.016632 53782
0.016641 53782
0.016651 53782
0.01666 53782
0.016669 53782
0.016679 53782
0.016688 53782
0.016698 53782
0.016707 53782
0.016717 53782
0.016726 53782
0.016735 53782
0.016745 53782
0.016754 53782
0.016764 53782
0.016773 53782
0.016783 53782
0.016792 53782
0.016801 53782
0.016811 53782
0.01682 53782
0.01683 53782
0.016839 53782
0.016848 53782
0.016858 53782
0.016867 53782
0.016877 53782
0.016886 53782
0.016896 53782
0.016905 53782
0.016914 53782
0.016924 53782
0.016933 53782
0.016943 53782
0.016952 53782
0.016962 53782
0.016971 53782
0.01698 53782
0.01699 53782
0.016999 53782
0.017009 53782
0.017018 53782
0.017028 53782
0.017037 53782
0.017046 53782
0.017056 53782
0.017065 53782
0.017075 53782
0.017084 53782
0.017093 53782
0.017103 53782
0.017112 53782
0.017122 53782
0.017131 53782
0.017141 53782
0.01715 53782
0.017159 53782
0.017169 53782
0.017178 53782
0.017188 53782
0.017197 53782
0.017207 53782
0.017216 53782
0.017225 53782
0.017235 53782
0.017244 53782
0.017254 53782
0.017263 53782
0.017273 53782
0.017282 53782
0.017291 53782
0.017301 53782
0.01731 53782
0.01732 53782
0.017329 53782
0.017338 53782
0.017348 53782
0.017357 53782
0.017367 53782
0.017376 53782
0.017386 53782
0.017395 53782
0.017404 53782
0.017414 53782
0.017423 53782
0.017433 53782
0.017442 53782
0.017452 53782
0.017461 53782
0.01747 53782
0.01748 53782
0.017489 53782
0.017499 53782
0.017508 53782
0.017518 53782
0.017527 53782
0.017536 53782
0.017546 53782
0.017555 53782
0.017565 53782
0.017574 53782
0.017583 53782
0.017593 53782
0.017602 53782
0.017612 53782
0.017621 53782
0.017631 53782
0.01764 53782
0.017649 53782
0.017659 53782
0.017668 53782
0.017678 53782
0.017687 53782
0.017697 53782
0.017706 53782
0.017715 53782
0.017725 53782
0.017734 53782
0.017744 53782
0.017753 53782
0.017763 53782
0.017772 53782
0.017781 53782
0.017791 53782
0.0178 53782
0.01781 53782
0.017819 53782
0.017828 53782
0.017838 53782
0.017847 53782
0.017857 53782
0.017866 53782
0.017876 53782
0.017885 53782
0.017894 53782
0.017904 53782
0.017913 53782
0.017923 53782
0.017932 53782
0.017942 53782
0.017951 53782
0.01796 53782
0.01797 53782
0.017979 53782
0.017989 53782
0.017998 53782
0.018008 53782
0.018017 53782
0.018026 53782
0.018036 53782
0.018045 53782
0.018055 53782
0.018064 53782
0.018073 53782
0.018083 53782
0.018092 53782
0.018102 53782
0.018111 53782
0.018121 53782
0.01813 53782
0.018139 53782
0.018149 53782
0.018158 53782
0.018168 53782
0.018177 53782
0.018187 53782
0.018196 53782
0.018205 53782
0.018215 53782
0.018224 53782
0.018234 53782
0.018243 53782
0.018253 53782
0.018262 53782
0.018271 53782
0.018281 53782
0.01829 53782
0.0183 53782
0.018309 53782
0.018318 53782
0.018328 53782
0.018337 53782
0.018347 53782
0.018356 53782
0.018366 53782
0.018375 53782
0.018384 53782
0.018394 53782
0.018403 53782
0.018413 53782
0.018422 53782
0.018432 53782
0.018441 53782
0.01845 53782
0.01846 53782
0.018469 53782
0.018479 53782
0.018488 53782
0.018498 53782
0.018507 53782
0.018516 53782
0.018526 53782
0.018535 53782
0.018545 53782
0.018554 53782
0.018563 53782
0.018573 53782
0.018582 53782
0.018592 53782
0.018601 53782
0.018611 53782
0.01862 53782
0.018629 53782
0.018639 53782
0.018648 53782
0.018658 53782
0.018667 53782
0.018677 53782
0.018686 53782
0.018695 53782
0.018705 53782
0.018714 53782
0.018724 53782
0.018733 53782
0.018743 53782
0.018752 53782
0.018761 53782
0.018771 53782
0.01878 53782
0.01879 53782
0.018799 53782
0.018808 53782
0.018818 53782
0.018827 53782
0.018837 53782
0.018846 53782
0.018856 53782
0.018865 53782
0.018874 53782
0.018884 53782
0.018893 53782
0.018903 53782
0.018912 53782
0.018922 53782
0.018931 53782
0.01894 53782
0.01895 53782
0.018959 53782
0.018969 53782
0.018978 53782
0.018988 53782
0.018997 53782
0.019006 53782
0.019016 53782
0.019025 53782
0.019035 53782
0.019044 53782
0.019053 53782
0.019063 53782
0.019072 53782
0.019082 53782
0.019091 53782
0.019101 53782
0.01911 53782
0.019119 53782
0.019129 53782
0.019138 53782
0.019148 53782
0.019157 53782
0.019167 53782
0.019176 53782
0.019185 53782
0.019195 53782
0.019204 53782
0.019214 53782
0.019223 53782
0.019232 53782
0.019242 53782
0.019251 53782
0.019261 53782
0.01927 53782
0.01928 53782
0.019289 53782
0.019298 53782
0.019308 53782
0.019317 53782
0.019327 53782
0.019336 53782
0.019346 53782
0.019355 53782
0.019364 53782
0.019374 53782
0.019383 53782
0.019393 53782
0.019402 53782
0.019412 53782
0.019421 53782
0.01943 53782
0.01944 53782
0.019449 53782
0.019459 53782
0.019468 53782
0.019478 53782
0.019487 53782
0.019496 53782
0.019506 53782
0.019515 53782
0.019525 53782
0.019534 53782
0.019543 53782
0.019553 53782
0.019562 53782
0.019572 53782
0.019581 53782
0.019591 53782
0.0196 53782
0.019609 53782
0.019619 53782
0.019628 53782
0.019638 53782
0.019647 53782
0.019657 53782
0.019666 53782
0.019675 53782
0.019685 53782
0.019694 53782
0.019704 53782
0.019713 53782
0.019723 53782
0.019732 53782
0.019741 53782
0.019751 53782
0.01976 53782
0.01977 53782
0.019779 53782
0.019788 53782
0.019798 53782
0.019807 53782
0.019817 53782
0.019826 53782
0.019836 53782
0.019845 53782
0.019854 53782
0.019864 53782
0.019873 53782
0.019883 53782
0.019892 53782
0.019902 53782
0.019911 53782
0.01992 53782
0.01993 53782
0.019939 53782
0.019949 53782
0.019958 53782
0.019967 53782
0.019977 53782
0.019986 53782
0.019996 53782
0.020005 53782
0.020015 53782
0.020024 53782
0.020033 53782
0.020043 53782
0.020052 53782
0.020062 53782
0.020071 53782
0.020081 53782
0.02009 53782
0.020099 53782
0.020109 53782
0.020118 53782
0.020128 53782
0.020137 53782
0.020147 53782
0.020156 53782
0.020165 53782
0.020175 53782
0.020184 53782
0.020194 53782
0.020203 53782
0.020213 53782
0.020222 53782
0.020231 53782
0.020241 53782
0.02025 53782
0.02026 53782
0.020269 53782
0.020278 53782
0.020288 53782
0.020297 53782
0.020307 53782
0.020316 53782
0.020326 53782
0.020335 53782
0.020344 53782
0.020354 53782
0.020363 53782
0.020373 53782
0.020382 53782
0.020392 53782
0.020401 53782
0.02041 53782
0.02042 53782
0.020429 53782
0.020439 53782
0.020448 53782
0.020457 53782
0.020467 53782
0.020476 53782
0.020486 53782
0.020495 53782
0.020505 53782
0.020514 53782
0.020523 53782
0.020533 53782
0.020542 53782
0.020552 53782
0.020561 53782
0.020571 53782
0.02058 53782
0.020589 53782
0.020599 53782
0.020608 53782
0.020618 53782
0.020627 53782
0.020637 53782
0.020646 53782
0.020655 53782
0.020665 53782
0.020674 53782
0.020684 53782
0.020693 53782
0.020703 53782
0.020712 53782
0.020721 53782
0.020731 53782
0.02074 53782
0.02075 53782
0.020759 53782
0.020768 53782
0.020778 53782
0.020787 53782
0.020797 53782
0.020806 53782
0.020816 53782
0.020825 53782
0.020834 53782
0.020844 53782
0.020853 53782
0.020863 53782
0.020872 53782
0.020882 53782
0.020891 53782
0.0209 53782
0.02091 53782
0.020919 53782
0.020929 53782
0.020938 53782
0.020948 53782
0.020957 53782
0.020966 53782
0.020976 53782
0.020985 53782
0.020995 53782
0.021004 53782
0.021013 53782
0.021023 53782
0.021032 53782
0.021042 53782
0.021051 53782
0.021061 53782
0.02107 53782
0.021079 53782
0.021089 53782
0.021098 53782
0.021108 53782
0.021117 53782
0.021127 53782
0.021136 53782
0.021145 53782
0.021155 53782
0.021164 53782
0.021174 53782
0.021183 53782
0.021193 53782
0.021202 53782
0.021211 53782
0.021221 53782
0.02123 53782
0.02124 53782
0.021249 53782
0.021258 53782
0.021268 53782
0.021277 53782
0.021287 53782
0.021296 53782
0.021306 53782
0.021315 53782
0.021324 53782
0.021334 53782
0.021343 53782
0.021353 53782
0.021362 53782
0.021372 53782
0.021381 53782
0.02139 53782
0.0214 53782
0.021409 53782
0.021419 53782
0.021428 53782
0.021438 53782
0.021447 53782
0.021456 53782
0.021466 53782
0.021475 53782
0.021485 53782
0.021494 53782
0.021503 53782
0.021513 53782
0.021522 53782
0.021532 53782
0.021541 53782
0.021551 53782
0.02156 53782
0.021569 53782
0.021579 53782
0.021588 53782
0.021598 53782
0.021607 53782
0.021617 53782
0.021626 53782
0.021635 53782
0.021645 53782
0.021654 53782
0.021664 53782
0.021673 53782
0.021683 53782
0.021692 53782
0.021701 53782
0.021711 53782
0.02172 53782
0.02173 53782
0.021739 53782
0.021748 53782
0.021758 53782
0.021767 53782
0.021777 53782
0.021786 53782
0.021796 53782
0.021805 53782
0.021814 53782
0.021824 53782
0.021833 53782
0.021843 53782
0.021852 53782
0.021862 53782
0.021871 53782
0.02188 53782
0.02189 53782
0.021899 53782
0.021909 53782
0.021918 53782
0.021928 53782
0.021937 53782
0.021946 53782
0.021956 53782
0.021965 53782
0.021975 53782
0.021984 53782
0.021993 53782
0.022003 53782
0.022012 53782
0.022022 53782
0.022031 53782
0.022041 53782
0.02205 53782
0.022059 53782
0.022069 53782
0.022078 53782
0.022088 53782
0.022097 53782
0.022107 53782
0.022116 53782
0.022125 53782
0.022135 53782
0.022144 53782
0.022154 53782
0.022163 53782
0.022173 53782
0.022182 53782
0.022191 53782
0.022201 53782
0.02221 53782
0.02222 53782
0.022229 53782
0.022238 53782
0.022248 53782
0.022257 53782
0.022267 53782
0.022276 53782
0.022286 53782
0.022295 53782
0.022304 53782
0.022314 53782
0.022323 53782
0.022333 53782
0.022342 53782
0.022352 53782
0.022361 53782
0.02237 53782
0.02238 53782
0.022389 53782
0.022399 53782
0.022408 53782
0.022417 53782
0.022427 53782
0.022436 53782
0.022446 53782
0.022455 53782
0.022465 53782
0.022474 53782
0.022483 53782
0.022493 53782
0.022502 53782
0.022512 53782
0.022521 53782
0.022531 53782
0.02254 53782
0.022549 53782
0.022559 53782
0.022568 53782
0.022578 53782
0.022587 53782
0.022597 53782
0.022606 53782
0.022615 53782
0.022625 53782
0.022634 53782
0.022644 53782
0.022653 53782
0.022663 53782
0.022672 53782
0.022681 53782
0.022691 53782
0.0227 53782
0.02271 53782
0.022719 53782
0.022728 53782
0.022738 53782
0.022747 53782
0.022757 53782
0.022766 53782
0.022776 53782
0.022785 53782
0.022794 53782
0.022804 53782
0.022813 53782
0.022823 53782
0.022832 53782
0.022842 53782
0.022851 53782
0.02286 53782
0.02287 53782
0.022879 53782
0.022889 53782
0.022898 53782
0.022908 53782
0.022917 53782
0.022926 53782
0.022936 53782
0.022945 53782
0.022955 53782
0.022964 53782
0.022973 53782
0.022983 53782
0.022992 53782
0.023002 53782
0.023011 53782
0.023021 53782
0.02303 53782
0.023039 53782
0.023049 53782
0.023058 53782
0.023068 53782
0.023077 53782
0.023087 53782
0.023096 53782
0.023105 53782
0.023115 53782
0.023124 53782
0.023134 53782
0.023143 53782
0.023152 53782
0.023162 53782
0.023171 53782
0.023181 53782
0.02319 53782
0.0232 53782
0.023209 53782
0.023218 53782
0.023228 53782
0.023237 53782
0.023247 53782
0.023256 53782
0.023266 53782
0.023275 53782
0.023284 53782
0.023294 53782
0.023303 53782
0.023313 53782
0.023322 53782
0.023332 53782
0.023341 53782
0.02335 53782
0.02336 53782
0.023369 53782
0.023379 53782
0.023388 53782
0.023398 53782
0.023407 53782
0.023416 53782
0.023426 53782
0.023435 53782
0.023445 53782
0.023454 53782
0.023463 53782
0.023473 53782
0.023482 53782
0.023492 53782
0.023501 53782
0.023511 53782
0.02352 53782
0.023529 53782
0.023539 53782
0.023548 53782
0.023558 53782
0.023567 53782
0.023577 53782
0.023586 53782
0.023595 53782
0.023605 53782
0.023614 53782
0.023624 53782
0.023633 53782
0.023643 53782
0.023652 53782
0.023661 53782
0.023671 53782
0.02368 53782
0.02369 53782
0.023699 53782
0.023708 53782
0.023718 53782
0.023727 53782
0.023737 53782
0.023746 53782
0.023756 53782
0.023765 53782
0.023774 53782
0.023784 53782
0.023793 53782
0.023803 53782
0.023812 53782
0.023822 53782
0.023831 53782
0.02384 53782
0.02385 53782
0.023859 53782
0.023869 53782
0.023878 53782
0.023887 53782
0.023897 53782
0.023906 53782
0.023916 53782
0.023925 53782
0.023935 53782
0.023944 53782
0.023953 53782
0.023963 53782
0.023972 53782
0.023982 53782
0.023991 53782
0.024001 53782
0.02401 53782
0.024019 53782
0.024029 53782
0.024038 53782
0.024048 53782
0.024057 53782
0.024067 53782
0.024076 53782
0.024085 53782
0.024095 53782
0.024104 53782
0.024114 53782
0.024123 53782
0.024133 53782
0.024142 53782
0.024151 53782
0.024161 53782
0.02417 53782
0.02418 53782
0.024189 53782
0.024198 53782
0.024208 53782
0.024217 53782
0.024227 53782
0.024236 53782
0.024246 53782
0.024255 53782
0.024264 53782
0.024274 53782
0.024283 53782
0.024293 53782
0.024302 53782
0.024312 53782
0.024321 53782
0.02433 53782
0.02434 53782
0.024349 53782
0.024359 53782
0.024368 53782
0.024377 53782
0.024387 53782
0.024396 53782
0.024406 53782
0.024415 53782
0.024425 53782
0.024434 53782
0.024443 53782
0.024453 53782
0.024462 53782
0.024472 53782
0.024481 53782
0.024491 53782
0.0245 53782
0.024509 53782
0.024519 53782
0.024528 53782
0.024538 53782
0.024547 53782
0.024557 53782
0.024566 53782
0.024575 53782
0.024585 53782
0.024594 53782
0.024604 53782
0.024613 53782
0.024622 53782
0.024632 53782
0.024641 53782
0.024651 53782
0.02466 53782
0.02467 53782
0.024679 53782
0.024688 53782
0.024698 53782
0.024707 53782
0.024717 53782
0.024726 53782
0.024736 53782
0.024745 53782
0.024754 53782
0.024764 53782
0.024773 53782
0.024783 53782
0.024792 53782
0.024802 53782
0.024811 53782
0.02482 53782
0.02483 53782
0.024839 53782
0.024849 53782
0.024858 53782
0.024868 53782
0.024877 53782
0.024886 53782
0.024896 53782
0.024905 53782
0.024915 53782
0.024924 53782
0.024933 53782
0.024943 53782
0.024952 53782
0.024962 53782
0.024971 53782
0.024981 53782
0.02499 53782
0.024999 53782
0.025009 53782
0.025018 53782
0.025028 53782
0.025037 53782
0.025047 53782
0.025056 53782
0.025065 53782
0.025075 53782
0.025084 53782
0.025094 53782
0.025103 53782
0.025113 53782
0.025122 53782
0.025131 53782
0.025141 53782
0.02515 53782
0.02516 53782
0.025169 53782
0.025178 53782
0.025188 53782
0.025197 53782
0.025207 53782
0.025216 53782
0.025226 53782
0.025235 53782
0.025244 53782
0.025254 53782
0.025263 53782
0.025273 53782
0.025282 53782
0.025292 53782
0.025301 53782
0.02531 53782
0.02532 53782
0.025329 53782
0.025339 53782
0.025348 53782
0.025358 53782
0.025367 53782
0.025376 53782
0.025386 53782
0.025395 53782
0.025405 53782
0.025414 53782
0.025423 53782
0.025433 53782
0.025442 53782
0.025452 53782
0.025461 53782
0.025471 53782
0.02548 53782
0.025489 53782
0.025499 53782
0.025508 53782
0.025518 53782
0.025527 53782
0.025537 53782
0.025546 53782
0.025555 53782
0.025565 53782
0.025574 53782
0.025584 53782
0.025593 53782
0.025603 53782
0.025612 53782
0.025621 53782
0.025631 53782
0.02564 53782
0.02565 53782
0.025659 53782
0.025668 53782
0.025678 53782
0.025687 53782
0.025697 53782
0.025706 53782
0.025716 53782
0.025725 53782
0.025734 53782
0.025744 53782
0.025753 53782
0.025763 53782
0.025772 53782
0.025782 53782
0.025791 53782
0.0258 53782
0.02581 53782
0.025819 53782
0.025829 53782
0.025838 53782
0.025848 53782
0.025857 53782
0.025866 53782
0.025876 53782
0.025885 53782
0.025895 53782
0.025904 53782
0.025913 53782
0.025923 53782
0.025932 53782
0.025942 53782
0.025951 53782
0.025961 53782
0.02597 53782
0.025979 53782
0.025989 53782
0.025998 53782
0.026008 53782
0.026017 53782
0.026027 53782
0.026036 53782
0.026045 53782
0.026055 53782
0.026064 53782
0.026074 53782
0.026083 53782
0.026093 53782
0.026102 53782
0.026111 53782
0.026121 53782
0.02613 53782
0.02614 53782
0.026149 53782
0.026158 53782
0.026168 53782
0.026177 53782
0.026187 53782
0.026196 53782
0.026206 53782
0.026215 53782
0.026224 53782
0.026234 53782
0.026243 53782
0.026253 53782
0.026262 53782
0.026272 53782
0.026281 53782
0.02629 53782
0.0263 53782
0.026309 53782
0.026319 53782
0.026328 53782
0.026338 53782
0.026347 53782
0.026356 53782
0.026366 53782
0.026375 53782
0.026385 53782
0.026394 53782
0.026403 53782
0.026413 53782
0.026422 53782
0.026432 53782
0.026441 53782
0.026451 53782
0.02646 53782
0.026469 53782
0.026479 53782
0.026488 53782
0.026498 53782
0.026507 53782
0.026517 53782
0.026526 53782
0.026535 53782
0.026545 53782
0.026554 53782
0.026564 53782
0.026573 53782
0.026583 53782
0.026592 53782
0.026601 53782
0.026611 53782
0.02662 53782
0.02663 53782
0.026639 53782
0.026648 53782
0.026658 53782
0.026667 53782
0.026677 53782
0.026686 53782
0.026696 53782
0.026705 53782
0.026714 53782
0.026724 53782
0.026733 53782
0.026743 53782
0.026752 53782
0.026762 53782
0.026771 53782
0.02678 53782
0.02679 53782
0.026799 53782
0.026809 53782
0.026818 53782
0.026828 53782
0.026837 53782
0.026846 53782
0.026856 53782
0.026865 53782
0.026875 53782
0.026884 53782
0.026893 53782
0.026903 53782
0.026912 53782
0.026922 53782
0.026931 53782
0.026941 53782
0.02695 53782
0.026959 53782
0.026969 53782
0.026978 53782
0.026988 53782
0.026997 53782
0.027007 53782
0.027016 53782
0.027025 53782
0.027035 53782
0.027044 53782
0.027054 53782
0.027063 53782
0.027073 53782
0.027082 53782
0.027091 53782
0.027101 53782
0.02711 53782
0.02712 53782
0.027129 53782
0.027138 53782
0.027148 53782
0.027157 53782
0.027167 53782
0.027176 53782
0.027186 53782
0.027195 53782
0.027204 53782
0.027214 53782
0.027223 53782
0.027233 53782
0.027242 53782
0.027252 53782
0.027261 53782
0.02727 53782
0.02728 53782
0.027289 53782
0.027299 53782
0.027308 53782
0.027318 53782
0.027327 53782
0.027336 53782
0.027346 53782
0.027355 53782
0.027365 53782
0.027374 53782
0.027383 53782
0.027393 53782
0.027402 53782
0.027412 53782
0.027421 53782
0.027431 53782
0.02744 53782
0.027449 53782
0.027459 53782
0.027468 53782
0.027478 53782
0.027487 53782
0.027497 53782
0.027506 53782
0.027515 53782
0.027525 53782
0.027534 53782
0.027544 53782
0.027553 53782
0.027563 53782
0.027572 53782
0.027581 53782
0.027591 53782
0.0276 53782
0.02761 53782
0.027619 53782
0.027628 53782
0.027638 53782
0.027647 53782
0.027657 53782
0.027666 53782
0.027676 53782
0.027685 53782
0.027694 53782
0.027704 53782
0.027713 53782
0.027723 53782
0.027732 53782
0.027742 53782
0.027751 53782
0.02776 53782
0.02777 53782
0.027779 53782
0.027789 53782
0.027798 53782
0.027808 53782
0.027817 53782
0.027826 53782
0.027836 53782
0.027845 53782
0.027855 53782
0.027864 53782
0.027873 53782
0.027883 53782
0.027892 53782
0.027902 53782
0.027911 53782
0.027921 53782
0.02793 53782
0.027939 53782
0.027949 53782
0.027958 53782
0.027968 53782
0.027977 53782
0.027987 53782
0.027996 53782
0.028005 53782
0.028015 53782
0.028024 53782
0.028034 53782
0.028043 53782
0.028053 53782
0.028062 53782
0.028071 53782
0.028081 53782
0.02809 53782
0.0281 53782
0.028109 53782
0.028118 53782
0.028128 53782
0.028137 53782
0.028147 53782
0.028156 53782
0.028166 53782
0.028175 53782
0.028184 53782
0.028194 53782
0.028203 53782
0.028213 53782
0.028222 53782
0.028232 53782
0.028241 53782
0.02825 53782
0.02826 53782
0.028269 53782
0.028279 53782
0.028288 53782
0.028297 53782
0.028307 53782
0.028316 53782
0.028326 53782
0.028335 53782
0.028345 53782
0.028354 53782
0.028363 53782
0.028373 53782
0.028382 53782
0.028392 53782
0.028401 53782
0.028411 53782
0.02842 53782
0.028429 53782
0.028439 53782
0.028448 53782
0.028458 53782
0.028467 53782
0.028477 53782
0.028486 53782
0.028495 53782
0.028505 53782
0.028514 53782
0.028524 53782
0.028533 53782
0.028543 53782
0.028552 53782
0.028561 53782
0.028571 53782
0.02858 53782
0.02859 53782
0.028599 53782
0.028608 53782
0.028618 53782
0.028627 53782
0.028637 53782
0.028646 53782
0.028656 53782
0.028665 53782
0.028674 53782
0.028684 53782
0.028693 53782
0.028703 53782
0.028712 53782
0.028722 53782
0.028731 53782
0.02874 53782
0.02875 53782
0.028759 53782
0.028769 53782
0.028778 53782
0.028788 53782
0.028797 53782
0.028806 53782
0.028816 53782
0.028825 53782
0.028835 53782
0.028844 53782
0.028853 53782
0.028863 53782
0.028872 53782
0.028882 53782
0.028891 53782
0.028901 53782
0.02891 53782
0.028919 53782
0.028929 53782
0.028938 53782
0.028948 53782
0.028957 53782
0.028967 53782
0.028976 53782
0.028985 53782
0.028995 53782
0.029004 53782
0.029014 53782
0.029023 53782
0.029033 53782
0.029042 53782
0.029051 53782
0.029061 53782
0.02907 53782
0.02908 53782
0.029089 53782
0.029098 53782
0.029108 53782
0.029117 53782
0.029127 53782
0.029136 53782
0.029146 53782
0.029155 53782
0.029164 53782
0.029174 53782
0.029183 53782
0.029193 53782
0.029202 53782
0.029212 53782
0.029221 53782
0.02923 53782
0.02924 53782
0.029249 53782
0.029259 53782
0.029268 53782
0.029278 53782
0.029287 53782
0.029296 53782
0.029306 53782
0.029315 53782
0.029325 53782
0.029334 53782
0.029343 53782
0.029353 53782
0.029362 53782
0.029372 53782
0.029381 53782
0.029391 53782
0.0294 53782
0.029409 53782
0.029419 53782
0.029428 53782
0.029438 53782
0.029447 53782
0.029457 53782
0.029466 53782
0.029475 53782
0.029485 53782
0.029494 53782
0.029504 53782
0.029513 53782
0.029523 53782
0.029532 53782
0.029541 53782
0.029551 53782
0.02956 53782
0.02957 53782
0.029579 53782
0.029588 53782
0.029598 53782
0.029607 53782
0.029617 53782
0.029626 53782
0.029636 53782
0.029645 53782
0.029654 53782
0.029664 53782
0.029673 53782
0.029683 53782
0.029692 53782
0.029702 53782
0.029711 53782
0.02972 53782
0.02973 53782
0.029739 53782
0.029749 53782
0.029758 53782
0.029767 53782
0.029777 53782
0.029786 53782
0.029796 53782
0.029805 53782
0.029815 53782
0.029824 53782
0.029833 53782
0.029843 53782
0.029852 53782
0.029862 53782
0.029871 53782
0.029881 53782
0.02989 53782
0.029899 53782
0.029909 53782
0.029918 53782
0.029928 53782
0.029937 53782
0.029947 53782
0.029956 53782
0.029965 53782
0.029975 53782
0.029984 53782
0.029994 53782
0.030003 53782
0.030013 53782
0.030022 53782
0.030031 53782
0.030041 53782
0.03005 53782
0.03006 53782
0.030069 53782
0.030078 53782
0.030088 53782
0.030097 53782
0.030107 53782
0.030116 53782
0.030126 53782
0.030135 53782
0.030144 53782
0.030154 53782
0.030163 53782
0.030173 53782
0.030182 53782
0.030192 53782
0.030201 53782
0.03021 53782
0.03022 53782
0.030229 53782
0.030239 53782
0.030248 53782
0.030257 53782
0.030267 53782
0.030276 53782
0.030286 53782
0.030295 53782
0.030305 53782
0.030314 53782
0.030323 53782
0.030333 53782
0.030342 53782
0.030352 53782
0.030361 53782
0.030371 53782
0.03038 53782
0.030389 53782
0.030399 53782
0.030408 53782
0.030418 53782
0.030427 53782
0.030437 53782
0.030446 53782
0.030455 53782
0.030465 53782
0.030474 53782
0.030484 53782
0.030493 53782
0.030503 53782
0.030512 53782
0.030521 53782
0.030531 53782
0.03054 53782
0.03055 53782
0.030559 53782
0.030568 53782
0.030578 53782
0.030587 53782
0.030597 53782
0.030606 53782
0.030616 53782
0.030625 53782
0.030634 53782
0.030644 53782
0.030653 53782
0.030663 53782
0.030672 53782
0.030682 53782
0.030691 53782
0.0307 53782
0.03071 53782
0.030719 53782
0.030729 53782
0.030738 53782
0.030747 53782
0.030757 53782
0.030766 53782
0.030776 53782
0.030785 53782
0.030795 53782
0.030804 53782
0.030813 53782
0.030823 53782
0.030832 53782
0.030842 53782
0.030851 53782
0.030861 53782
0.03087 53782
0.030879 53782
0.030889 53782
0.030898 53782
0.030908 53782
0.030917 53782
0.030927 53782
0.030936 53782
0.030945 53782
0.030955 53782
0.030964 53782
0.030974 53782
0.030983 53782
0.030993 53782
0.031002 53782
0.031011 53782
0.031021 53782
0.03103 53782
0.03104 53782
0.031049 53782
0.031058 53782
0.031068 53782
0.031077 53782
0.031087 53782
0.031096 53782
0.031106 53782
0.031115 53782
0.031124 53782
0.031134 53782
0.031143 53782
0.031153 53782
0.031162 53782
0.031172 53782
0.031181 53782
0.03119 53782
0.0312 53782
0.031209 53782
0.031219 53782
0.031228 53782
0.031238 53782
0.031247 53782
0.031256 53782
0.031266 53782
0.031275 53782
0.031285 53782
0.031294 53782
0.031303 53782
0.031313 53782
0.031322 53782
0.031332 53782
0.031341 53782
0.031351 53782
0.03136 53782
0.031369 53782
0.031379 53782
0.031388 53782
0.031398 53782
0.031407 53782
0.031417 53782
0.031426 53782
0.031435 53782
0.031445 53782
0.031454 53782
0.031464 53782
0.031473 53782
0.031483 53782
0.031492 53782
0.031501 53782
0.031511 53782
0.03152 53782
0.03153 53782
0.031539 53782
0.031548 53782
0.031558 53782
0.031567 53782
0.031577 53782
0.031586 53782
0.031596 53782
0.031605 53782
0.031614 53782
0.031624 53782
0.031633 53782
0.031643 53782
0.031652 53782
0.031662 53782
0.031671 53782
0.03168 53782
0.03169 53782
0.031699 53782
0.031709 53782
0.031718 53782
0.031728 53782
0.031737 53782
0.031746 53782
0.031756 53782
0.031765 53782
0.031775 53782
0.031784 53782
0.031793 53782
0.031803 53782
0.031812 53782
0.031822 53782
0.031831 53782
0.031841 53782
0.03185 53782
0.031859 53782
0.031869 53782
0.031878 53782
0.031888 53782
0.031897 53782
0.031907 53782
0.031916 53782
0.031925 53782
0.031935 53782
0.031944 53782
0.031954 53782
0.031963 53782
0.031973 53782
0.031982 53782
0.031991 53782
0.032001 53782
0.03201 53782
0.03202 53782
0.032029 53782
0.032038 53782
0.032048 53782
0.032057 53782
0.032067 53782
0.032076 53782
0.032086 53782
0.032095 53782
0.032104 53782
0.032114 53782
0.032123 53782
0.032133 53782
0.032142 53782
0.032152 53782
0.032161 53782
0.03217 53782
0.03218 53782
0.032189 53782
0.032199 53782
0.032208 53782
0.032218 53782
0.032227 53782
0.032236 53782
0.032246 53782
0.032255 53782
0.032265 53782
0.032274 53782
0.032283 53782
0.032293 53782
0.032302 53782
0.032312 53782
0.032321 53782
0.032331 53782
0.03234 53782
0.032349 53782
0.032359 53782
0.032368 53782
0.032378 53782
0.032387 53782
0.032397 53782
0.032406 53782
0.032415 53782
0.032425 53782
0.032434 53782
0.032444 53782
0.032453 53782
0.032462 53782
0.032472 53782
0.032481 53782
0.032491 53782
0.0325 53782
0.03251 53782
0.032519 53782
0.032528 53782
0.032538 53782
0.032547 53782
0.032557 53782
0.032566 53782
0.032576 53782
0.032585 53782
0.032594 53782
0.032604 53782
0.032613 53782
0.032623 53782
0.032632 53782
0.032642 53782
0.032651 53782
0.03266 53782
0.03267 53782
0.032679 53782
0.032689 53782
0.032698 53782
0.032708 53782
0.032717 53782
0.032726 53782
0.032736 53782
0.032745 53782
0.032755 53782
0.032764 53782
0.032773 53782
0.032783 53782
0.032792 53782
0.032802 53782
0.032811 53782
0.032821 53782
0.03283 53782
0.032839 53782
0.032849 53782
0.032858 53782
0.032868 53782
0.032877 53782
0.032887 53782
0.032896 53782
0.032905 53782
0.032915 53782
0.032924 53782
0.032934 53782
0.032943 53782
0.032953 53782
0.032962 53782
0.032971 53782
0.032981 53782
1 53782
