9.4231e-06 870.92
1.8846e-05 870.92
2.8269e-05 870.92
3.7692e-05 870.93
4.7115e-05 870.93
5.6538e-05 870.93
6.5962e-05 870.93
7.5385e-05 870.93
8.4808e-05 870.94
9.4231e-05 870.95
0.00010365 870.97
0.00011308 870.99
0.0001225 871.03
0.00013192 871.08
0.00014135 871.16
0.00015077 871.28
0.00016019 871.44
0.00016962 871.68
0.00017904 872.03
0.00018846 872.51
0.00019788 873.18
0.00020731 874.1
0.00021673 875.36
0.00022615 877.07
0.00023558 879.35
0.000245 882.39
0.00025442 886.37
0.00026385 891.57
0.00027327 898.28
0.00028269 906.89
0.00029212 917.82
0.00030154 931.63
0.00031096 948.93
0.00032038 970.47
0.00032981 997.15
0.00033923 1030
0.00034865 1070.3
0.00035808 1119.5
0.0003675 1179.5
0.00037692 1252.3
0.00038635 1340.4
0.00039577 1447
0.00040519 1575.7
0.00041462 1730.8
0.00042404 1917.4
0.00043346 2141.4
0.00044288 2409.7
0.00045231 2729.9
0.00046173 3110.4
0.00047115 3560.1
0.00048058 4087.8
0.00049 4701.9
0.00049942 5409.4
0.00050885 6214.9
0.00051827 7119.3
0.00052769 8119.1
0.00053712 9205.2
0.00054654 10362
0.00055596 11569
0.00056538 12799
0.00057481 14020
0.00058423 15199
0.00059365 16303
0.00060308 17300
0.0006125 18165
0.00062192 18876
0.00063135 19422
0.00064077 19797
0.00065019 20002
0.00065962 20046
0.00066904 19941
0.00067846 19705
0.00068788 19355
0.00069731 18909
0.00070673 18388
0.00071615 17807
0.00072558 17183
0.000735 16529
0.00074442 15859
0.00075385 15180
0.00076327 14502
0.00077269 13832
0.00078212 13174
0.00079154 12532
0.00080096 11909
0.00081038 11308
0.00081981 10729
0.00082923 10174
0.00083865 9643.9
0.00084808 9137.8
0.0008575 8656
0.00086692 8198.2
0.00087635 7763.8
0.00088577 7352.3
0.00089519 6963
0.00090462 6595.2
0.00091404 6247.9
0.00092346 5920.5
0.00093288 5611.9
0.00094231 5321.4
0.00095173 5048.1
0.00096115 4791.1
0.00097058 4549.6
0.00098 4322.8
0.00098942 4109.8
0.00099885 3909.9
0.0010083 3722.3
0.0010177 3546.3
0.0010271 3381.3
0.0010365 3226.5
0.001046 3081.4
0.0010554 2945.4
0.0010648 2817.8
0.0010742 2698.3
0.0010837 2586.1
0.0010931 2481
0.0011025 2382.5
0.0011119 2290
0.0011213 2203.4
0.0011308 2122.1
0.0011402 2045.8
0.0011496 1974.2
0.001159 1907.1
0.0011685 1844
0.0011779 1784.8
0.0011873 1729.3
0.0011967 1677.1
0.0012062 1628.1
0.0012156 1582.1
0.001225 1538.8
0.0012344 1498.2
0.0012438 1459.9
0.0012533 1424
0.0012627 1390.3
0.0012721 1358.5
0.0012815 1328.7
0.001291 1300.6
0.0013004 1274.2
0.0013098 1249.3
0.0013192 1226
0.0013287 1204
0.0013381 1183.3
0.0013475 1163.8
0.0013569 1145.5
0.0013663 1128.3
0.0013758 1112.1
0.0013852 1096.9
0.0013946 1082.5
0.001404 1069
0.0014135 1056.4
0.0014229 1044.4
0.0014323 1033.2
0.0014417 1022.7
0.0014512 1012.8
0.0014606 1003.5
0.00147 994.78
0.0014794 986.57
0.0014888 978.87
0.0014983 971.64
0.0015077 964.86
0.0015171 958.49
0.0015265 952.53
0.001536 946.93
0.0015454 941.69
0.0015548 936.78
0.0015642 932.18
0.0015737 927.88
0.0015831 923.85
0.0015925 920.09
0.0016019 916.56
0.0016113 913.28
0.0016208 910.2
0.0016302 907.34
0.0016396 904.66
0.001649 902.16
0.0016585 899.84
0.0016679 897.67
0.0016773 895.65
0.0016867 893.77
0.0016962 892.03
0.0017056 890.4
0.001715 888.89
0.0017244 887.49
0.0017338 886.19
0.0017433 884.98
0.0017527 883.86
0.0017621 882.83
0.0017715 881.87
0.001781 880.98
0.0017904 880.16
0.0017998 879.4
0.0018092 878.7
0.0018187 878.05
0.0018281 877.45
0.0018375 876.9
0.0018469 876.39
0.0018563 875.92
0.0018658 875.49
0.0018752 875.1
0.0018846 874.73
0.001894 874.4
0.0019035 874.09
0.0019129 873.81
0.0019223 873.55
0.0019317 873.32
0.0019412 873.1
0.0019506 872.9
0.00196 872.72
0.0019694 872.56
0.0019788 872.4
0.0019883 872.27
0.0019977 872.14
0.0020071 872.03
0.0020165 871.92
0.002026 871.83
0.0020354 871.74
0.0020448 871.66
0.0020542 871.59
0.0020637 871.52
0.0020731 871.47
0.0020825 871.41
0.0020919 871.36
0.0021013 871.32
0.0021108 871.28
0.0021202 871.24
0.0021296 871.21
0.002139 871.18
0.0021485 871.16
0.0021579 871.13
0.0021673 871.11
0.0021767 871.09
0.0021862 871.07
0.0021956 871.06
0.002205 871.04
0.0022144 871.03
0.0022238 871.02
0.0022333 871.01
0.0022427 871
0.0022521 870.99
0.0022615 870.98
0.002271 870.98
0.0022804 870.97
0.0022898 870.97
0.0022992 870.96
0.0023087 870.96
0.0023181 870.95
0.0023275 870.95
0.0023369 870.95
0.0023463 870.94
0.0023558 870.94
0.0023652 870.94
0.0023746 870.94
0.002384 870.94
0.0023935 870.93
0.0024029 870.93
0.0024123 870.93
0.0024217 870.93
0.0024312 870.93
0.0024406 870.93
0.00245 870.93
0.0024594 870.93
0.0024688 870.93
0.0024783 870.93
0.0024877 870.93
0.0024971 870.93
0.0025065 870.93
0.002516 870.93
0.0025254 870.93
0.0025348 870.93
0.0025442 870.93
0.0025537 870.93
0.0025631 870.92
0.0025725 870.92
0.0025819 870.92
0.0025913 870.92
0.0026008 870.92
0.0026102 870.92
0.0026196 870.92
0.002629 870.92
0.0026385 870.92
0.0026479 870.92
0.0026573 870.92
0.0026667 870.92
0.0026762 870.92
0.0026856 870.92
0.002695 870.92
0.0027044 870.92
0.0027138 870.92
0.0027233 870.92
0.0027327 870.92
0.0027421 870.92
0.0027515 870.92
0.002761 870.92
0.0027704 870.92
0.0027798 870.92
0.0027892 870.92
0.0027987 870.92
0.0028081 870.92
0.0028175 870.92
0.0028269 870.92
0.0028363 870.92
0.0028458 870.92
0.0028552 870.92
0.0028646 870.92
0.002874 870.92
0.0028835 870.92
0.0028929 870.92
0.0029023 870.92
0.0029117 870.92
0.0029212 870.92
0.0029306 870.92
0.00294 870.92
0.0029494 870.92
0.0029588 870.92
0.0029683 870.92
0.0029777 870.92
0.0029871 870.92
0.0029965 870.92
0.003006 870.92
0.0030154 870.92
0.0030248 870.92
0.0030342 870.92
0.0030437 870.92
0.0030531 870.92
0.0030625 870.92
0.0030719 870.92
0.0030813 870.92
0.0030908 870.92
0.0031002 870.92
0.0031096 870.92
0.003119 870.92
0.0031285 870.92
0.0031379 870.92
0.0031473 870.92
0.0031567 870.92
0.0031662 870.92
0.0031756 870.92
0.003185 870.92
0.0031944 870.92
0.0032038 870.92
0.0032133 870.92
0.0032227 870.92
0.0032321 870.92
0.0032415 870.92
0.003251 870.92
0.0032604 870.92
0.0032698 870.92
0.0032792 870.92
0.0032887 870.92
0.0032981 870.92
0.0033075 870.92
0.0033169 870.92
0.0033263 870.92
0.0033358 870.92
0.0033452 870.92
0.0033546 870.92
0.003364 870.92
0.0033735 870.92
0.0033829 870.92
0.0033923 870.92
0.0034017 870.92
0.0034112 870.92
0.0034206 870.92
0.00343 870.92
0.0034394 870.92
0.0034488 870.92
0.0034583 870.92
0.0034677 870.92
0.0034771 870.92
0.0034865 870.92
0.003496 870.92
0.0035054 870.92
0.0035148 870.92
0.0035242 870.92
0.0035337 870.92
0.0035431 870.92
0.0035525 870.92
0.0035619 870.92
0.0035713 870.92
0.0035808 870.92
0.0035902 870.92
0.0035996 870.92
0.003609 870.92
0.0036185 870.92
0.0036279 870.92
0.0036373 870.92
0.0036467 870.92
0.0036562 870.92
0.0036656 870.92
0.003675 870.92
0.0036844 870.92
0.0036938 870.92
0.0037033 870.92
0.0037127 870.92
0.0037221 870.92
0.0037315 870.92
0.003741 870.92
0.0037504 870.92
0.0037598 870.92
0.0037692 870.92
0.0037787 870.92
0.0037881 870.92
0.0037975 870.92
0.0038069 870.92
0.0038163 870.92
0.0038258 870.92
0.0038352 870.92
0.0038446 870.92
0.003854 870.92
0.0038635 870.92
0.0038729 870.92
0.0038823 870.92
0.0038917 870.92
0.0039012 870.92
0.0039106 870.92
0.00392 870.92
0.0039294 870.92
0.0039388 870.92
0.0039483 870.92
0.0039577 870.92
0.0039671 870.92
0.0039765 870.92
0.003986 870.92
0.0039954 870.92
0.0040048 870.92
0.0040142 870.92
0.0040237 870.92
0.0040331 870.92
0.0040425 870.92
0.0040519 870.92
0.0040613 870.92
0.0040708 870.92
0.0040802 870.92
0.0040896 870.92
0.004099 870.92
0.0041085 870.92
0.0041179 870.92
0.0041273 870.92
0.0041367 870.92
0.0041462 870.92
0.0041556 870.92
0.004165 870.92
0.0041744 870.92
0.0041838 870.92
0.0041933 870.92
0.0042027 870.92
0.0042121 870.92
0.0042215 870.92
0.004231 870.92
0.0042404 870.92
0.0042498 870.92
0.0042592 870.92
0.0042687 870.92
0.0042781 870.92
0.0042875 870.92
0.0042969 870.92
0.0043063 870.92
0.0043158 870.92
0.0043252 870.92
0.0043346 870.92
0.004344 870.92
0.0043535 870.92
0.0043629 870.92
0.0043723 870.92
0.0043817 870.92
0.0043912 870.92
0.0044006 870.92
0.00441 870.92
0.0044194 870.92
0.0044288 870.92
0.0044383 870.92
0.0044477 870.92
0.0044571 870.92
0.0044665 870.92
0.004476 870.92
0.0044854 870.92
0.0044948 870.92
0.0045042 870.92
0.0045137 870.92
0.0045231 870.92
0.0045325 870.92
0.0045419 870.92
0.0045513 870.92
0.0045608 870.92
0.0045702 870.92
0.0045796 870.92
0.004589 870.92
0.0045985 870.92
0.0046079 870.92
0.0046173 870.92
0.0046267 870.92
0.0046362 870.92
0.0046456 870.92
0.004655 870.92
0.0046644 870.92
0.0046738 870.92
0.0046833 870.92
0.0046927 870.92
0.0047021 870.92
0.0047115 870.92
0.004721 870.92
0.0047304 870.92
0.0047398 870.92
0.0047492 870.92
0.0047587 870.92
0.0047681 870.92
0.0047775 870.92
0.0047869 870.92
0.0047963 870.92
0.0048058 870.92
0.0048152 870.92
0.0048246 870.92
0.004834 870.92
0.0048435 870.92
0.0048529 870.92
0.0048623 870.92
0.0048717 870.92
0.0048812 870.92
0.0048906 870.92
0.0049 870.92
0.0049094 870.92
0.0049188 870.92
0.0049283 870.92
0.0049377 870.92
0.0049471 870.92
0.0049565 870.92
0.004966 870.92
0.0049754 870.92
0.0049848 870.92
0.0049942 870.92
0.0050037 870.92
0.0050131 870.92
0.0050225 870.92
0.0050319 870.92
0.0050413 870.92
0.0050508 870.92
0.0050602 870.92
0.0050696 870.92
0.005079 870.92
0.0050885 870.92
0.0050979 870.92
0.0051073 870.92
0.0051167 870.92
0.0051262 870.92
0.0051356 870.92
0.005145 870.92
0.0051544 870.92
0.0051638 870.92
0.0051733 870.92
0.0051827 870.92
0.0051921 870.92
0.0052015 870.92
0.005211 870.92
0.0052204 870.92
0.0052298 870.92
0.0052392 870.92
0.0052487 870.92
0.0052581 870.92
0.0052675 870.92
0.0052769 870.92
0.0052863 870.92
0.0052958 870.92
0.0053052 870.92
0.0053146 870.92
0.005324 870.92
0.0053335 870.92
0.0053429 870.92
0.0053523 870.92
0.0053617 870.92
0.0053712 870.92
0.0053806 870.92
0.00539 870.92
0.0053994 870.92
0.0054088 870.92
0.0054183 870.92
0.0054277 870.92
0.0054371 870.92
0.0054465 870.92
0.005456 870.92
0.0054654 870.92
0.0054748 870.92
0.0054842 870.92
0.0054937 870.92
0.0055031 870.92
0.0055125 870.92
0.0055219 870.92
0.0055313 870.92
0.0055408 870.92
0.0055502 870.92
0.0055596 870.92
0.005569 870.92
0.0055785 870.92
0.0055879 870.92
0.0055973 870.92
0.0056067 870.92
0.0056162 870.92
0.0056256 870.92
0.005635 870.92
0.0056444 870.92
0.0056538 870.92
0.0056633 870.92
0.0056727 870.92
0.0056821 870.92
0.0056915 870.92
0.005701 870.92
0.0057104 870.92
0.0057198 870.92
0.0057292 870.92
0.0057387 870.92
0.0057481 870.92
0.0057575 870.92
0.0057669 870.92
0.0057763 870.92
0.0057858 870.92
0.0057952 870.92
0.0058046 870.92
0.005814 870.92
0.0058235 870.92
0.0058329 870.92
0.0058423 870.92
0.0058517 870.92
0.0058612 870.92
0.0058706 870.92
0.00588 870.92
0.0058894 870.92
0.0058988 870.92
0.0059083 870.92
0.0059177 870.92
0.0059271 870.92
0.0059365 870.92
0.005946 870.92
0.0059554 870.92
0.0059648 870.92
0.0059742 870.92
0.0059837 870.92
0.0059931 870.92
0.0060025 870.92
0.0060119 870.92
0.0060213 870.92
0.0060308 870.92
0.0060402 870.92
0.0060496 870.92
0.006059 870.92
0.0060685 870.92
0.0060779 870.92
0.0060873 870.92
0.0060967 870.92
0.0061062 870.92
0.0061156 870.92
0.006125 870.92
0.0061344 870.92
0.0061438 870.92
0.0061533 870.92
0.0061627 870.92
0.0061721 870.92
0.0061815 870.92
0.006191 870.92
0.0062004 870.92
0.0062098 870.92
0.0062192 870.92
0.0062287 870.92
0.0062381 870.92
0.0062475 870.92
0.0062569 870.92
0.0062663 870.92
0.0062758 870.92
0.0062852 870.92
0.0062946 870.92
0.006304 870.92
0.0063135 870.92
0.0063229 870.92
0.0063323 870.92
0.0063417 870.92
0.0063512 870.92
0.0063606 870.92
0.00637 870.92
0.0063794 870.92
0.0063888 870.92
0.0063983 870.92
0.0064077 870.92
0.0064171 870.92
0.0064265 870.92
0.006436 870.92
0.0064454 870.92
0.0064548 870.92
0.0064642 870.92
0.0064737 870.92
0.0064831 870.92
0.0064925 870.92
0.0065019 870.92
0.0065113 870.92
0.0065208 870.92
0.0065302 870.92
0.0065396 870.92
0.006549 870.92
0.0065585 870.92
0.0065679 870.92
0.0065773 870.92
0.0065867 870.92
0.0065962 870.92
0.0066056 870.92
0.006615 870.92
0.0066244 870.92
0.0066338 870.92
0.0066433 870.92
0.0066527 870.92
0.0066621 870.92
0.0066715 870.92
0.006681 870.92
0.0066904 870.92
0.0066998 870.92
0.0067092 870.92
0.0067187 870.92
0.0067281 870.92
0.0067375 870.92
0.0067469 870.92
0.0067563 870.92
0.0067658 870.92
0.0067752 870.92
0.0067846 870.92
0.006794 870.92
0.0068035 870.92
0.0068129 870.92
0.0068223 870.92
0.0068317 870.92
0.0068412 870.92
0.0068506 870.92
0.00686 870.92
0.0068694 870.92
0.0068788 870.92
0.0068883 870.92
0.0068977 870.92
0.0069071 870.92
0.0069165 870.92
0.006926 870.92
0.0069354 870.92
0.0069448 870.92
0.0069542 870.92
0.0069637 870.92
0.0069731 870.92
0.0069825 870.92
0.0069919 870.92
0.0070013 870.92
0.0070108 870.92
0.0070202 870.92
0.0070296 870.92
0.007039 870.92
0.0070485 870.92
0.0070579 870.92
0.0070673 870.92
0.0070767 870.92
0.0070862 870.92
0.0070956 870.92
0.007105 870.92
0.0071144 870.92
0.0071238 870.92
0.0071333 870.92
0.0071427 870.92
0.0071521 870.92
0.0071615 870.92
0.007171 870.92
0.0071804 870.92
0.0071898 870.92
0.0071992 870.92
0.0072087 870.92
0.0072181 870.92
0.0072275 870.92
0.0072369 870.92
0.0072463 870.92
0.0072558 870.92
0.0072652 870.92
0.0072746 870.92
0.007284 870.92
0.0072935 870.92
0.0073029 870.92
0.0073123 870.92
0.0073217 870.92
0.0073312 870.92
0.0073406 870.92
0.00735 870.92
0.0073594 870.92
0.0073688 870.92
0.0073783 870.92
0.0073877 870.92
0.0073971 870.92
0.0074065 870.92
0.007416 870.92
0.0074254 870.92
0.0074348 870.92
0.0074442 870.92
0.0074537 870.92
0.0074631 870.92
0.0074725 870.92
0.0074819 870.92
0.0074913 870.92
0.0075008 870.92
0.0075102 870.92
0.0075196 870.92
0.007529 870.92
0.0075385 870.92
0.0075479 870.92
0.0075573 870.92
0.0075667 870.92
0.0075762 870.92
0.0075856 870.92
0.007595 870.92
0.0076044 870.92
0.0076138 870.92
0.0076233 870.92
0.0076327 870.92
0.0076421 870.92
0.0076515 870.92
0.007661 870.92
0.0076704 870.92
0.0076798 870.92
0.0076892 870.92
0.0076987 870.92
0.0077081 870.92
0.0077175 870.92
0.0077269 870.92
0.0077363 870.92
0.0077458 870.92
0.0077552 870.92
0.0077646 870.92
0.007774 870.92
0.0077835 870.92
0.0077929 870.92
0.0078023 870.92
0.0078117 870.92
0.0078212 870.92
0.0078306 870.92
0.00784 870.92
0.0078494 870.92
0.0078588 870.92
0.0078683 870.92
0.0078777 870.92
0.0078871 870.92
0.0078965 870.92
0.007906 870.92
0.0079154 870.92
0.0079248 870.92
0.0079342 870.92
0.0079437 870.92
0.0079531 870.92
0.0079625 870.92
0.0079719 870.92
0.0079813 870.92
0.0079908 870.92
0.0080002 870.92
0.0080096 870.92
0.008019 870.92
0.0080285 870.92
0.0080379 870.92
0.0080473 870.92
0.0080567 870.92
0.0080662 870.92
0.0080756 870.92
0.008085 870.92
0.0080944 870.92
0.0081038 870.92
0.0081133 870.92
0.0081227 870.92
0.0081321 870.92
0.0081415 870.92
0.008151 870.92
0.0081604 870.92
0.0081698 870.92
0.0081792 870.92
0.0081887 870.92
0.0081981 870.92
0.0082075 870.92
0.0082169 870.92
0.0082263 870.92
0.0082358 870.92
0.0082452 870.92
0.0082546 870.92
0.008264 870.92
0.0082735 870.92
0.0082829 870.92
0.0082923 870.92
0.0083017 870.92
0.0083112 870.92
0.0083206 870.92
0.00833 870.92
0.0083394 870.92
0.0083488 870.92
0.0083583 870.92
0.0083677 870.92
0.0083771 870.92
0.0083865 870.92
0.008396 870.92
0.0084054 870.92
0.0084148 870.92
0.0084242 870.92
0.0084337 870.92
0.0084431 870.92
0.0084525 870.92
0.0084619 870.92
0.0084713 870.92
0.0084808 870.92
0.0084902 870.92
0.0084996 870.92
0.008509 870.92
0.0085185 870.92
0.0085279 870.92
0.0085373 870.92
0.0085467 870.92
0.0085562 870.92
0.0085656 870.92
0.008575 870.92
0.0085844 870.92
0.0085938 870.92
0.0086033 870.92
0.0086127 870.92
0.0086221 870.92
0.0086315 870.92
0.008641 870.92
0.0086504 870.92
0.0086598 870.92
0.0086692 870.92
0.0086787 870.92
0.0086881 870.92
0.0086975 870.92
0.0087069 870.92
0.0087163 870.92
0.0087258 870.92
0.0087352 870.92
0.0087446 870.92
0.008754 870.92
0.0087635 870.92
0.0087729 870.92
0.0087823 870.92
0.0087917 870.92
0.0088012 870.92
0.0088106 870.92
0.00882 870.92
0.0088294 870.92
0.0088388 870.92
0.0088483 870.92
0.0088577 870.92
0.0088671 870.92
0.0088765 870.92
0.008886 870.92
0.0088954 870.92
0.0089048 870.92
0.0089142 870.92
0.0089237 870.92
0.0089331 870.92
0.0089425 870.92
0.0089519 870.92
0.0089613 870.92
0.0089708 870.92
0.0089802 870.92
0.0089896 870.92
0.008999 870.92
0.0090085 870.92
0.0090179 870.92
0.0090273 870.92
0.0090367 870.92
0.0090462 870.92
0.0090556 870.92
0.009065 870.92
0.0090744 870.92
0.0090838 870.92
0.0090933 870.92
0.0091027 870.92
0.0091121 870.92
0.0091215 870.92
0.009131 870.92
0.0091404 870.92
0.0091498 870.92
0.0091592 870.92
0.0091687 870.92
0.0091781 870.92
0.0091875 870.92
0.0091969 870.92
0.0092063 870.92
0.0092158 870.92
0.0092252 870.92
0.0092346 870.92
0.009244 870.92
0.0092535 870.92
0.0092629 870.92
0.0092723 870.92
0.0092817 870.92
0.0092912 870.92
0.0093006 870.92
0.00931 870.92
0.0093194 870.92
0.0093288 870.92
0.0093383 870.92
0.0093477 870.92
0.0093571 870.92
0.0093665 870.92
0.009376 870.92
0.0093854 870.92
0.0093948 870.92
0.0094042 870.92
0.0094137 870.92
0.0094231 870.92
0.0094325 870.92
0.0094419 870.92
0.0094513 870.92
0.0094608 870.92
0.0094702 870.92
0.0094796 870.92
0.009489 870.92
0.0094985 870.92
0.0095079 870.92
0.0095173 870.92
0.0095267 870.92
0.0095362 870.92
0.0095456 870.92
0.009555 870.92
0.0095644 870.92
0.0095738 870.92
0.0095833 870.92
0.0095927 870.92
0.0096021 870.92
0.0096115 870.92
0.009621 870.92
0.0096304 870.92
0.0096398 870.92
0.0096492 870.92
0.0096587 870.92
0.0096681 870.92
0.0096775 870.92
0.0096869 870.92
0.0096963 870.92
0.0097058 870.92
0.0097152 870.92
0.0097246 870.92
0.009734 870.92
0.0097435 870.92
0.0097529 870.92
0.0097623 870.92
0.0097717 870.92
0.0097812 870.92
0.0097906 870.92
0.0098 870.92
0.0098094 870.92
0.0098188 870.92
0.0098283 870.92
0.0098377 870.92
0.0098471 870.92
0.0098565 870.92
0.009866 870.92
0.0098754 870.92
0.0098848 870.92
0.0098942 870.92
0.0099037 870.92
0.0099131 870.92
0.0099225 870.92
0.0099319 870.92
0.0099413 870.92
0.0099508 870.92
0.0099602 870.92
0.0099696 870.92
0.009979 870.92
0.0099885 870.92
0.0099979 870.92
0.010007 870.92
0.010017 870.92
0.010026 870.92
0.010036 870.92
0.010045 870.92
0.010054 870.92
0.010064 870.92
0.010073 870.92
0.010083 870.92
0.010092 870.92
0.010102 870.92
0.010111 870.92
0.01012 870.92
0.01013 870.92
0.010139 870.92
0.010149 870.92
0.010158 870.92
0.010168 870.92
0.010177 870.92
0.010186 870.92
0.010196 870.92
0.010205 870.92
0.010215 870.92
0.010224 870.92
0.010233 870.92
0.010243 870.92
0.010252 870.92
0.010262 870.92
0.010271 870.92
0.010281 870.92
0.01029 870.92
0.010299 870.92
0.010309 870.92
0.010318 870.92
0.010328 870.92
0.010337 870.92
0.010347 870.92
0.010356 870.92
0.010365 870.92
0.010375 870.92
0.010384 870.92
0.010394 870.92
0.010403 870.92
0.010412 870.92
0.010422 870.92
0.010431 870.92
0.010441 870.92
0.01045 870.92
0.01046 870.92
0.010469 870.92
0.010478 870.92
0.010488 870.92
0.010497 870.92
0.010507 870.92
0.010516 870.92
0.010526 870.92
0.010535 870.92
0.010544 870.92
0.010554 870.92
0.010563 870.92
0.010573 870.92
0.010582 870.92
0.010592 870.92
0.010601 870.92
0.01061 870.92
0.01062 870.92
0.010629 870.92
0.010639 870.92
0.010648 870.92
0.010658 870.92
0.010667 870.92
0.010676 870.92
0.010686 870.92
0.010695 870.92
0.010705 870.92
0.010714 870.92
0.010723 870.92
0.010733 870.92
0.010742 870.92
0.010752 870.92
0.010761 870.92
0.010771 870.92
0.01078 870.92
0.010789 870.92
0.010799 870.92
0.010808 870.92
0.010818 870.92
0.010827 870.92
0.010837 870.92
0.010846 870.92
0.010855 870.92
0.010865 870.92
0.010874 870.92
0.010884 870.92
0.010893 870.92
0.010903 870.92
0.010912 870.92
0.010921 870.92
0.010931 870.92
0.01094 870.92
0.01095 870.92
0.010959 870.92
0.010968 870.92
0.010978 870.92
0.010987 870.92
0.010997 870.92
0.011006 870.92
0.011016 870.92
0.011025 870.92
0.011034 870.92
0.011044 870.92
0.011053 870.92
0.011063 870.92
0.011072 870.92
0.011082 870.92
0.011091 870.92
0.0111 870.92
0.01111 870.92
0.011119 870.92
0.011129 870.92
0.011138 870.92
0.011147 870.92
0.011157 870.92
0.011166 870.92
0.011176 870.92
0.011185 870.92
0.011195 870.92
0.011204 870.92
0.011213 870.92
0.011223 870.92
0.011232 870.92
0.011242 870.92
0.011251 870.92
0.011261 870.92
0.01127 870.92
0.011279 870.92
0.011289 870.92
0.011298 870.92
0.011308 870.92
0.011317 870.92
0.011327 870.92
0.011336 870.92
0.011345 870.92
0.011355 870.92
0.011364 870.92
0.011374 870.92
0.011383 870.92
0.011393 870.92
0.011402 870.92
0.011411 870.92
0.011421 870.92
0.01143 870.92
0.01144 870.92
0.011449 870.92
0.011458 870.92
0.011468 870.92
0.011477 870.92
0.011487 870.92
0.011496 870.92
0.011506 870.92
0.011515 870.92
0.011524 870.92
0.011534 870.92
0.011543 870.92
0.011553 870.92
0.011562 870.92
0.011572 870.92
0.011581 870.92
0.01159 870.92
0.0116 870.92
0.011609 870.92
0.011619 870.92
0.011628 870.92
0.011638 870.92
0.011647 870.92
0.011656 870.92
0.011666 870.92
0.011675 870.92
0.011685 870.92
0.011694 870.92
0.011703 870.92
0.011713 870.92
0.011722 870.92
0.011732 870.92
0.011741 870.92
0.011751 870.92
0.01176 870.92
0.011769 870.92
0.011779 870.92
0.011788 870.92
0.011798 870.92
0.011807 870.92
0.011817 870.92
0.011826 870.92
0.011835 870.92
0.011845 870.92
0.011854 870.92
0.011864 870.92
0.011873 870.92
0.011883 870.92
0.011892 870.92
0.011901 870.92
0.011911 870.92
0.01192 870.92
0.01193 870.92
0.011939 870.92
0.011948 870.92
0.011958 870.92
0.011967 870.92
0.011977 870.92
0.011986 870.92
0.011996 870.92
0.012005 870.92
0.012014 870.92
0.012024 870.92
0.012033 870.92
0.012043 870.92
0.012052 870.92
0.012062 870.92
0.012071 870.92
0.01208 870.92
0.01209 870.92
0.012099 870.92
0.012109 870.92
0.012118 870.92
0.012128 870.92
0.012137 870.92
0.012146 870.92
0.012156 870.92
0.012165 870.92
0.012175 870.92
0.012184 870.92
0.012193 870.92
0.012203 870.92
0.012212 870.92
0.012222 870.92
0.012231 870.92
0.012241 870.92
0.01225 870.92
0.012259 870.92
0.012269 870.92
0.012278 870.92
0.012288 870.92
0.012297 870.92
0.012307 870.92
0.012316 870.92
0.012325 870.92
0.012335 870.92
0.012344 870.92
0.012354 870.92
0.012363 870.92
0.012373 870.92
0.012382 870.92
0.012391 870.92
0.012401 870.92
0.01241 870.92
0.01242 870.92
0.012429 870.92
0.012438 870.92
0.012448 870.92
0.012457 870.92
0.012467 870.92
0.012476 870.92
0.012486 870.92
0.012495 870.92
0.012504 870.92
0.012514 870.92
0.012523 870.92
0.012533 870.92
0.012542 870.92
0.012552 870.92
0.012561 870.92
0.01257 870.92
0.01258 870.92
0.012589 870.92
0.012599 870.92
0.012608 870.92
0.012618 870.92
0.012627 870.92
0.012636 870.92
0.012646 870.92
0.012655 870.92
0.012665 870.92
0.012674 870.92
0.012683 870.92
0.012693 870.92
0.012702 870.92
0.012712 870.92
0.012721 870.92
0.012731 870.92
0.01274 870.92
0.012749 870.92
0.012759 870.92
0.012768 870.92
0.012778 870.92
0.012787 870.92
0.012797 870.92
0.012806 870.92
0.012815 870.92
0.012825 870.92
0.012834 870.92
0.012844 870.92
0.012853 870.92
0.012863 870.92
0.012872 870.92
0.012881 870.92
0.012891 870.92
0.0129 870.92
0.01291 870.92
0.012919 870.92
0.012928 870.92
0.012938 870.92
0.012947 870.92
0.012957 870.92
0.012966 870.92
0.012976 870.92
0.012985 870.92
0.012994 870.92
0.013004 870.92
0.013013 870.92
0.013023 870.92
0.013032 870.92
0.013042 870.92
0.013051 870.92
0.01306 870.92
0.01307 870.92
0.013079 870.92
0.013089 870.92
0.013098 870.92
0.013107 870.92
0.013117 870.92
0.013126 870.92
0.013136 870.92
0.013145 870.92
0.013155 870.92
0.013164 870.92
0.013173 870.92
0.013183 870.92
0.013192 870.92
0.013202 870.92
0.013211 870.92
0.013221 870.92
0.01323 870.92
0.013239 870.92
0.013249 870.92
0.013258 870.92
0.013268 870.92
0.013277 870.92
0.013287 870.92
0.013296 870.92
0.013305 870.92
0.013315 870.92
0.013324 870.92
0.013334 870.92
0.013343 870.92
0.013352 870.92
0.013362 870.92
0.013371 870.92
0.013381 870.92
0.01339 870.92
0.0134 870.92
0.013409 870.92
0.013418 870.92
0.013428 870.92
0.013437 870.92
0.013447 870.92
0.013456 870.92
0.013466 870.92
0.013475 870.92
0.013484 870.92
0.013494 870.92
0.013503 870.92
0.013513 870.92
0.013522 870.92
0.013532 870.92
0.013541 870.92
0.01355 870.92
0.01356 870.92
0.013569 870.92
0.013579 870.92
0.013588 870.92
0.013598 870.92
0.013607 870.92
0.013616 870.92
0.013626 870.92
0.013635 870.92
0.013645 870.92
0.013654 870.92
0.013663 870.92
0.013673 870.92
0.013682 870.92
0.013692 870.92
0.013701 870.92
0.013711 870.92
0.01372 870.92
0.013729 870.92
0.013739 870.92
0.013748 870.92
0.013758 870.92
0.013767 870.92
0.013777 870.92
0.013786 870.92
0.013795 870.92
0.013805 870.92
0.013814 870.92
0.013824 870.92
0.013833 870.92
0.013843 870.92
0.013852 870.92
0.013861 870.92
0.013871 870.92
0.01388 870.92
0.01389 870.92
0.013899 870.92
0.013908 870.92
0.013918 870.92
0.013927 870.92
0.013937 870.92
0.013946 870.92
0.013956 870.92
0.013965 870.92
0.013974 870.92
0.013984 870.92
0.013993 870.92
0.014003 870.92
0.014012 870.92
0.014022 870.92
0.014031 870.92
0.01404 870.92
0.01405 870.92
0.014059 870.92
0.014069 870.92
0.014078 870.92
0.014088 870.92
0.014097 870.92
0.014106 870.92
0.014116 870.92
0.014125 870.92
0.014135 870.92
0.014144 870.92
0.014153 870.92
0.014163 870.92
0.014172 870.92
0.014182 870.92
0.014191 870.92
0.014201 870.92
0.01421 870.92
0.014219 870.92
0.014229 870.92
0.014238 870.92
0.014248 870.92
0.014257 870.92
0.014267 870.92
0.014276 870.92
0.014285 870.92
0.014295 870.92
0.014304 870.92
0.014314 870.92
0.014323 870.92
0.014333 870.92
0.014342 870.92
0.014351 870.92
0.014361 870.92
0.01437 870.92
0.01438 870.92
0.014389 870.92
0.014398 870.92
0.014408 870.92
0.014417 870.92
0.014427 870.92
0.014436 870.92
0.014446 870.92
0.014455 870.92
0.014464 870.92
0.014474 870.92
0.014483 870.92
0.014493 870.92
0.014502 870.92
0.014512 870.92
0.014521 870.92
0.01453 870.92
0.01454 870.92
0.014549 870.92
0.014559 870.92
0.014568 870.92
0.014578 870.92
0.014587 870.92
0.014596 870.92
0.014606 870.92
0.014615 870.92
0.014625 870.92
0.014634 870.92
0.014643 870.92
0.014653 870.92
0.014662 870.92
0.014672 870.92
0.014681 870.92
0.014691 870.92
0.0147 870.92
0.014709 870.92
0.014719 870.92
0.014728 870.92
0.014738 870.92
0.014747 870.92
0.014757 870.92
0.014766 870.92
0.014775 870.92
0.014785 870.92
0.014794 870.92
0.014804 870.92
0.014813 870.92
0.014823 870.92
0.014832 870.92
0.014841 870.92
0.014851 870.92
0.01486 870.92
0.01487 870.92
0.014879 870.92
0.014888 870.92
0.014898 870.92
0.014907 870.92
0.014917 870.92
0.014926 870.92
0.014936 870.92
0.014945 870.92
0.014954 870.92
0.014964 870.92
0.014973 870.92
0.014983 870.92
0.014992 870.92
0.015002 870.92
0.015011 870.92
0.01502 870.92
0.01503 870.92
0.015039 870.92
0.015049 870.92
0.015058 870.92
0.015068 870.92
0.015077 870.92
0.015086 870.92
0.015096 870.92
0.015105 870.92
0.015115 870.92
0.015124 870.92
0.015133 870.92
0.015143 870.92
0.015152 870.92
0.015162 870.92
0.015171 870.92
0.015181 870.92
0.01519 870.92
0.015199 870.92
0.015209 870.92
0.015218 870.92
0.015228 870.92
0.015237 870.92
0.015247 870.92
0.015256 870.92
0.015265 870.92
0.015275 870.92
0.015284 870.92
0.015294 870.92
0.015303 870.92
0.015312 870.92
0.015322 870.92
0.015331 870.92
0.015341 870.92
0.01535 870.92
0.01536 870.92
0.015369 870.92
0.015378 870.92
0.015388 870.92
0.015397 870.92
0.015407 870.92
0.015416 870.92
0.015426 870.92
0.015435 870.92
0.015444 870.92
0.015454 870.92
0.015463 870.92
0.015473 870.92
0.015482 870.92
0.015492 870.92
0.015501 870.92
0.01551 870.92
0.01552 870.92
0.015529 870.92
0.015539 870.92
0.015548 870.92
0.015558 870.92
0.015567 870.92
0.015576 870.92
0.015586 870.92
0.015595 870.92
0.015605 870.92
0.015614 870.92
0.015623 870.92
0.015633 870.92
0.015642 870.92
0.015652 870.92
0.015661 870.92
0.015671 870.92
0.01568 870.92
0.015689 870.92
0.015699 870.92
0.015708 870.92
0.015718 870.92
0.015727 870.92
0.015737 870.92
0.015746 870.92
0.015755 870.92
0.015765 870.92
0.015774 870.92
0.015784 870.92
0.015793 870.92
0.015803 870.92
0.015812 870.92
0.015821 870.92
0.015831 870.92
0.01584 870.92
0.01585 870.92
0.015859 870.92
0.015868 870.92
0.015878 870.92
0.015887 870.92
0.015897 870.92
0.015906 870.92
0.015916 870.92
0.015925 870.92
0.015934 870.92
0.015944 870.92
0.015953 870.92
0.015963 870.92
0.015972 870.92
0.015982 870.92
0.015991 870.92
0.016 870.92
0.01601 870.92
0.016019 870.92
0.016029 870.92
0.016038 870.92
0.016047 870.92
0.016057 870.92
0.016066 870.92
0.016076 870.92
0.016085 870.92
0.016095 870.92
0.016104 870.92
0.016113 870.92
0.016123 870.92
0.016132 870.92
0.016142 870.92
0.016151 870.92
0.016161 870.92
0.01617 870.92
0.016179 870.92
0.016189 870.92
0.016198 870.92
0.016208 870.92
0.016217 870.92
0.016227 870.92
0.016236 870.92
0.016245 870.92
0.016255 870.92
0.016264 870.92
0.016274 870.92
0.016283 870.92
0.016292 870.92
0.016302 870.92
0.016311 870.92
0.016321 870.92
0.01633 870.92
0.01634 870.92
0.016349 870.92
0.016358 870.92
0.016368 870.92
0.016377 870.92
0.016387 870.92
0.016396 870.92
0.016406 870.92
0.016415 870.92
0.016424 870.92
0.016434 870.92
0.016443 870.92
0.016453 870.92
0.016462 870.92
0.016472 870.92
0.016481 870.92
0.01649 870.92
0.0165 870.92
0.016509 870.92
0.016519 870.92
0.016528 870.92
0.016538 870.92
0.016547 870.92
0.016556 870.92
0.016566 870.92
0.016575 870.92
0.016585 870.92
0.016594 870.92
0.016603 870.92
0.016613 870.92
0.016622 870.92
0.016632 870.92
0.016641 870.92
0.016651 870.92
0.01666 870.92
0.016669 870.92
0.016679 870.92
0.016688 870.92
0.016698 870.92
0.016707 870.92
0.016717 870.92
0.016726 870.92
0.016735 870.92
0.016745 870.92
0.016754 870.92
0.016764 870.92
0.016773 870.92
0.016783 870.92
0.016792 870.92
0.016801 870.92
0.016811 870.92
0.01682 870.92
0.01683 870.92
0.016839 870.92
0.016848 870.92
0.016858 870.92
0.016867 870.92
0.016877 870.92
0.016886 870.92
0.016896 870.92
0.016905 870.92
0.016914 870.92
0.016924 870.92
0.016933 870.92
0.016943 870.92
0.016952 870.92
0.016962 870.92
0.016971 870.92
0.01698 870.92
0.01699 870.92
0.016999 870.92
0.017009 870.92
0.017018 870.92
0.017028 870.92
0.017037 870.92
0.017046 870.92
0.017056 870.92
0.017065 870.92
0.017075 870.92
0.017084 870.92
0.017093 870.92
0.017103 870.92
0.017112 870.92
0.017122 870.92
0.017131 870.92
0.017141 870.92
0.01715 870.92
0.017159 870.92
0.017169 870.92
0.017178 870.92
0.017188 870.92
0.017197 870.92
0.017207 870.92
0.017216 870.92
0.017225 870.92
0.017235 870.92
0.017244 870.92
0.017254 870.92
0.017263 870.92
0.017273 870.92
0.017282 870.92
0.017291 870.92
0.017301 870.92
0.01731 870.92
0.01732 870.92
0.017329 870.92
0.017338 870.92
0.017348 870.92
0.017357 870.92
0.017367 870.92
0.017376 870.92
0.017386 870.92
0.017395 870.92
0.017404 870.92
0.017414 870.92
0.017423 870.92
0.017433 870.92
0.017442 870.92
0.017452 870.92
0.017461 870.92
0.01747 870.92
0.01748 870.92
0.017489 870.92
0.017499 870.92
0.017508 870.92
0.017518 870.92
0.017527 870.92
0.017536 870.92
0.017546 870.92
0.017555 870.92
0.017565 870.92
0.017574 870.92
0.017583 870.92
0.017593 870.92
0.017602 870.92
0.017612 870.92
0.017621 870.92
0.017631 870.92
0.01764 870.92
0.017649 870.92
0.017659 870.92
0.017668 870.92
0.017678 870.92
0.017687 870.92
0.017697 870.92
0.017706 870.92
0.017715 870.92
0.017725 870.92
0.017734 870.92
0.017744 870.92
0.017753 870.92
0.017763 870.92
0.017772 870.92
0.017781 870.92
0.017791 870.92
0.0178 870.92
0.01781 870.92
0.017819 870.92
0.017828 870.92
0.017838 870.92
0.017847 870.92
0.017857 870.92
0.017866 870.92
0.017876 870.92
0.017885 870.92
0.017894 870.92
0.017904 870.92
0.017913 870.92
0.017923 870.92
0.017932 870.92
0.017942 870.92
0.017951 870.92
0.01796 870.92
0.01797 870.92
0.017979 870.92
0.017989 870.92
0.017998 870.92
0.018008 870.92
0.018017 870.92
0.018026 870.92
0.018036 870.92
0.018045 870.92
0.018055 870.92
0.018064 870.92
0.018073 870.92
0.018083 870.92
0.018092 870.92
0.018102 870.92
0.018111 870.92
0.018121 870.92
0.01813 870.92
0.018139 870.92
0.018149 870.92
0.018158 870.92
0.018168 870.92
0.018177 870.92
0.018187 870.92
0.018196 870.92
0.018205 870.92
0.018215 870.92
0.018224 870.92
0.018234 870.92
0.018243 870.92
0.018253 870.92
0.018262 870.92
0.018271 870.92
0.018281 870.92
0.01829 870.92
0.0183 870.92
0.018309 870.92
0.018318 870.92
0.018328 870.92
0.018337 870.92
0.018347 870.92
0.018356 870.92
0.018366 870.92
0.018375 870.92
0.018384 870.92
0.018394 870.92
0.018403 870.92
0.018413 870.92
0.018422 870.92
0.018432 870.92
0.018441 870.92
0.01845 870.92
0.01846 870.92
0.018469 870.92
0.018479 870.92
0.018488 870.92
0.018498 870.92
0.018507 870.92
0.018516 870.92
0.018526 870.92
0.018535 870.92
0.018545 870.92
0.018554 870.92
0.018563 870.92
0.018573 870.92
0.018582 870.92
0.018592 870.92
0.018601 870.92
0.018611 870.92
0.01862 870.92
0.018629 870.92
0.018639 870.92
0.018648 870.92
0.018658 870.92
0.018667 870.92
0.018677 870.92
0.018686 870.92
0.018695 870.92
0.018705 870.92
0.018714 870.92
0.018724 870.92
0.018733 870.92
0.018743 870.92
0.018752 870.92
0.018761 870.92
0.018771 870.92
0.01878 870.92
0.01879 870.92
0.018799 870.92
0.018808 870.92
0.018818 870.92
0.018827 870.92
0.018837 870.92
0.018846 870.92
0.018856 870.92
0.018865 870.92
0.018874 870.92
0.018884 870.92
0.018893 870.92
0.018903 870.92
0.018912 870.92
0.018922 870.92
0.018931 870.92
0.01894 870.92
0.01895 870.92
0.018959 870.92
0.018969 870.92
0.018978 870.92
0.018988 870.92
0.018997 870.92
0.019006 870.92
0.019016 870.92
0.019025 870.92
0.019035 870.92
0.019044 870.92
0.019053 870.92
0.019063 870.92
0.019072 870.92
0.019082 870.92
0.019091 870.92
0.019101 870.92
0.01911 870.92
0.019119 870.92
0.019129 870.92
0.019138 870.92
0.019148 870.92
0.019157 870.92
0.019167 870.92
0.019176 870.92
0.019185 870.92
0.019195 870.92
0.019204 870.92
0.019214 870.92
0.019223 870.92
0.019232 870.92
0.019242 870.92
0.019251 870.92
0.019261 870.92
0.01927 870.92
0.01928 870.92
0.019289 870.92
0.019298 870.92
0.019308 870.92
0.019317 870.92
0.019327 870.92
0.019336 870.92
0.019346 870.92
0.019355 870.92
0.019364 870.92
0.019374 870.92
0.019383 870.92
0.019393 870.92
0.019402 870.92
0.019412 870.92
0.019421 870.92
0.01943 870.92
0.01944 870.92
0.019449 870.92
0.019459 870.92
0.019468 870.92
0.019478 870.92
0.019487 870.92
0.019496 870.92
0.019506 870.92
0.019515 870.92
0.019525 870.92
0.019534 870.92
0.019543 870.92
0.019553 870.92
0.019562 870.92
0.019572 870.92
0.019581 870.92
0.019591 870.92
0.0196 870.92
0.019609 870.92
0.019619 870.92
0.019628 870.92
0.019638 870.92
0.019647 870.92
0.019657 870.92
0.019666 870.92
0.019675 870.92
0.019685 870.92
0.019694 870.92
0.019704 870.92
0.019713 870.92
0.019723 870.92
0.019732 870.92
0.019741 870.92
0.019751 870.92
0.01976 870.92
0.01977 870.92
0.019779 870.92
0.019788 870.92
0.019798 870.92
0.019807 870.92
0.019817 870.92
0.019826 870.92
0.019836 870.92
0.019845 870.92
0.019854 870.92
0.019864 870.92
0.019873 870.92
0.019883 870.92
0.019892 870.92
0.019902 870.92
0.019911 870.92
0.01992 870.92
0.01993 870.92
0.019939 870.92
0.019949 870.92
0.019958 870.92
0.019967 870.92
0.019977 870.92
0.019986 870.92
0.019996 870.92
0.020005 870.92
0.020015 870.92
0.020024 870.92
0.020033 870.92
0.020043 870.92
0.020052 870.92
0.020062 870.92
0.020071 870.92
0.020081 870.92
0.02009 870.92
0.020099 870.92
0.020109 870.92
0.020118 870.92
0.020128 870.92
0.020137 870.92
0.020147 870.92
0.020156 870.92
0.020165 870.92
0.020175 870.92
0.020184 870.92
0.020194 870.92
0.020203 870.92
0.020213 870.92
0.020222 870.92
0.020231 870.92
0.020241 870.92
0.02025 870.92
0.02026 870.92
0.020269 870.92
0.020278 870.92
0.020288 870.92
0.020297 870.92
0.020307 870.92
0.020316 870.92
0.020326 870.92
0.020335 870.92
0.020344 870.92
0.020354 870.92
0.020363 870.92
0.020373 870.92
0.020382 870.92
0.020392 870.92
0.020401 870.92
0.02041 870.92
0.02042 870.92
0.020429 870.92
0.020439 870.92
0.020448 870.92
0.020457 870.92
0.020467 870.92
0.020476 870.92
0.020486 870.92
0.020495 870.92
0.020505 870.92
0.020514 870.92
0.020523 870.92
0.020533 870.92
0.020542 870.92
0.020552 870.92
0.020561 870.92
0.020571 870.92
0.02058 870.92
0.020589 870.92
0.020599 870.92
0.020608 870.92
0.020618 870.92
0.020627 870.92
0.020637 870.92
0.020646 870.92
0.020655 870.92
0.020665 870.92
0.020674 870.92
0.020684 870.92
0.020693 870.92
0.020703 870.92
0.020712 870.92
0.020721 870.92
0.020731 870.92
0.02074 870.92
0.02075 870.92
0.020759 870.92
0.020768 870.92
0.020778 870.92
0.020787 870.92
0.020797 870.92
0.020806 870.92
0.020816 870.92
0.020825 870.92
0.020834 870.92
0.020844 870.92
0.020853 870.92
0.020863 870.92
0.020872 870.92
0.020882 870.92
0.020891 870.92
0.0209 870.92
0.02091 870.92
0.020919 870.92
0.020929 870.92
0.020938 870.92
0.020948 870.92
0.020957 870.92
0.020966 870.92
0.020976 870.92
0.020985 870.92
0.020995 870.92
0.021004 870.92
0.021013 870.92
0.021023 870.92
0.021032 870.92
0.021042 870.92
0.021051 870.92
0.021061 870.92
0.02107 870.92
0.021079 870.92
0.021089 870.92
0.021098 870.92
0.021108 870.92
0.021117 870.92
0.021127 870.92
0.021136 870.92
0.021145 870.92
0.021155 870.92
0.021164 870.92
0.021174 870.92
0.021183 870.92
0.021193 870.92
0.021202 870.92
0.021211 870.92
0.021221 870.92
0.02123 870.92
0.02124 870.92
0.021249 870.92
0.021258 870.92
0.021268 870.92
0.021277 870.92
0.021287 870.92
0.021296 870.92
0.021306 870.92
0.021315 870.92
0.021324 870.92
0.021334 870.92
0.021343 870.92
0.021353 870.92
0.021362 870.92
0.021372 870.92
0.021381 870.92
0.02139 870.92
0.0214 870.92
0.021409 870.92
0.021419 870.92
0.021428 870.92
0.021438 870.92
0.021447 870.92
0.021456 870.92
0.021466 870.92
0.021475 870.92
0.021485 870.92
0.021494 870.92
0.021503 870.92
0.021513 870.92
0.021522 870.92
0.021532 870.92
0.021541 870.92
0.021551 870.92
0.02156 870.92
0.021569 870.92
0.021579 870.92
0.021588 870.92
0.021598 870.92
0.021607 870.92
0.021617 870.92
0.021626 870.92
0.021635 870.92
0.021645 870.92
0.021654 870.92
0.021664 870.92
0.021673 870.92
0.021683 870.92
0.021692 870.92
0.021701 870.92
0.021711 870.92
0.02172 870.92
0.02173 870.92
0.021739 870.92
0.021748 870.92
0.021758 870.92
0.021767 870.92
0.021777 870.92
0.021786 870.92
0.021796 870.92
0.021805 870.92
0.021814 870.92
0.021824 870.92
0.021833 870.92
0.021843 870.92
0.021852 870.92
0.021862 870.92
0.021871 870.92
0.02188 870.92
0.02189 870.92
0.021899 870.92
0.021909 870.92
0.021918 870.92
0.021928 870.92
0.021937 870.92
0.021946 870.92
0.021956 870.92
0.021965 870.92
0.021975 870.92
0.021984 870.92
0.021993 870.92
0.022003 870.92
0.022012 870.92
0.022022 870.92
0.022031 870.92
0.022041 870.92
0.02205 870.92
0.022059 870.92
0.022069 870.92
0.022078 870.92
0.022088 870.92
0.022097 870.92
0.022107 870.92
0.022116 870.92
0.022125 870.92
0.022135 870.92
0.022144 870.92
0.022154 870.92
0.022163 870.92
0.022173 870.92
0.022182 870.92
0.022191 870.92
0.022201 870.92
0.02221 870.92
0.02222 870.92
0.022229 870.92
0.022238 870.92
0.022248 870.92
0.022257 870.92
0.022267 870.92
0.022276 870.92
0.022286 870.92
0.022295 870.92
0.022304 870.92
0.022314 870.92
0.022323 870.92
0.022333 870.92
0.022342 870.92
0.022352 870.92
0.022361 870.92
0.02237 870.92
0.02238 870.92
0.022389 870.92
0.022399 870.92
0.022408 870.92
0.022417 870.92
0.022427 870.92
0.022436 870.92
0.022446 870.92
0.022455 870.92
0.022465 870.92
0.022474 870.92
0.022483 870.92
0.022493 870.92
0.022502 870.92
0.022512 870.92
0.022521 870.92
0.022531 870.92
0.02254 870.92
0.022549 870.92
0.022559 870.92
0.022568 870.92
0.022578 870.92
0.022587 870.92
0.022597 870.92
0.022606 870.92
0.022615 870.92
0.022625 870.92
0.022634 870.92
0.022644 870.92
0.022653 870.92
0.022663 870.92
0.022672 870.92
0.022681 870.92
0.022691 870.92
0.0227 870.92
0.02271 870.92
0.022719 870.92
0.022728 870.92
0.022738 870.92
0.022747 870.92
0.022757 870.92
0.022766 870.92
0.022776 870.92
0.022785 870.92
0.022794 870.92
0.022804 870.92
0.022813 870.92
0.022823 870.92
0.022832 870.92
0.022842 870.92
0.022851 870.92
0.02286 870.92
0.02287 870.92
0.022879 870.92
0.022889 870.92
0.022898 870.92
0.022908 870.92
0.022917 870.92
0.022926 870.92
0.022936 870.92
0.022945 870.92
0.022955 870.92
0.022964 870.92
0.022973 870.92
0.022983 870.92
0.022992 870.92
0.023002 870.92
0.023011 870.92
0.023021 870.92
0.02303 870.92
0.023039 870.92
0.023049 870.92
0.023058 870.92
0.023068 870.92
0.023077 870.92
0.023087 870.92
0.023096 870.92
0.023105 870.92
0.023115 870.92
0.023124 870.92
0.023134 870.92
0.023143 870.92
0.023152 870.92
0.023162 870.92
0.023171 870.92
0.023181 870.92
0.02319 870.92
0.0232 870.92
0.023209 870.92
0.023218 870.92
0.023228 870.92
0.023237 870.92
0.023247 870.92
0.023256 870.92
0.023266 870.92
0.023275 870.92
0.023284 870.92
0.023294 870.92
0.023303 870.92
0.023313 870.92
0.023322 870.92
0.023332 870.92
0.023341 870.92
0.02335 870.92
0.02336 870.92
0.023369 870.92
0.023379 870.92
0.023388 870.92
0.023398 870.92
0.023407 870.92
0.023416 870.92
0.023426 870.92
0.023435 870.92
0.023445 870.92
0.023454 870.92
0.023463 870.92
0.023473 870.92
0.023482 870.92
0.023492 870.92
0.023501 870.92
0.023511 870.92
0.02352 870.92
0.023529 870.92
0.023539 870.92
0.023548 870.92
0.023558 870.92
0.023567 870.92
0.023577 870.92
0.023586 870.92
0.023595 870.92
0.023605 870.92
0.023614 870.92
0.023624 870.92
0.023633 870.92
0.023643 870.92
0.023652 870.92
0.023661 870.92
0.023671 870.92
0.02368 870.92
0.02369 870.92
0.023699 870.92
0.023708 870.92
0.023718 870.92
0.023727 870.92
0.023737 870.92
0.023746 870.92
0.023756 870.92
0.023765 870.92
0.023774 870.92
0.023784 870.92
0.023793 870.92
0.023803 870.92
0.023812 870.92
0.023822 870.92
0.023831 870.92
0.02384 870.92
0.02385 870.92
0.023859 870.92
0.023869 870.92
0.023878 870.92
0.023887 870.92
0.023897 870.92
0.023906 870.92
0.023916 870.92
0.023925 870.92
0.023935 870.92
0.023944 870.92
0.023953 870.92
0.023963 870.92
0.023972 870.92
0.023982 870.92
0.023991 870.92
0.024001 870.92
0.02401 870.92
0.024019 870.92
0.024029 870.92
0.024038 870.92
0.024048 870.92
0.024057 870.92
0.024067 870.92
0.024076 870.92
0.024085 870.92
0.024095 870.92
0.024104 870.92
0.024114 870.92
0.024123 870.92
0.024133 870.92
0.024142 870.92
0.024151 870.92
0.024161 870.92
0.02417 870.92
0.02418 870.92
0.024189 870.92
0.024198 870.92
0.024208 870.92
0.024217 870.92
0.024227 870.92
0.024236 870.92
0.024246 870.92
0.024255 870.92
0.024264 870.92
0.024274 870.92
0.024283 870.92
0.024293 870.92
0.024302 870.92
0.024312 870.92
0.024321 870.92
0.02433 870.92
0.02434 870.92
0.024349 870.92
0.024359 870.92
0.024368 870.92
0.024377 870.92
0.024387 870.92
0.024396 870.92
0.024406 870.92
0.024415 870.92
0.024425 870.92
0.024434 870.92
0.024443 870.92
0.024453 870.92
0.024462 870.92
0.024472 870.92
0.024481 870.92
0.024491 870.92
0.0245 870.92
0.024509 870.92
0.024519 870.92
0.024528 870.92
0.024538 870.92
0.024547 870.92
0.024557 870.92
0.024566 870.92
0.024575 870.92
0.024585 870.92
0.024594 870.92
0.024604 870.92
0.024613 870.92
0.024622 870.92
0.024632 870.92
0.024641 870.92
0.024651 870.92
0.02466 870.92
0.02467 870.92
0.024679 870.92
0.024688 870.92
0.024698 870.92
0.024707 870.92
0.024717 870.92
0.024726 870.92
0.024736 870.92
0.024745 870.92
0.024754 870.92
0.024764 870.92
0.024773 870.92
0.024783 870.92
0.024792 870.92
0.024802 870.92
0.024811 870.92
0.02482 870.92
0.02483 870.92
0.024839 870.92
0.024849 870.92
0.024858 870.92
0.024868 870.92
0.024877 870.92
0.024886 870.92
0.024896 870.92
0.024905 870.92
0.024915 870.92
0.024924 870.92
0.024933 870.92
0.024943 870.92
0.024952 870.92
0.024962 870.92
0.024971 870.92
0.024981 870.92
0.02499 870.92
0.024999 870.92
0.025009 870.92
0.025018 870.92
0.025028 870.92
0.025037 870.92
0.025047 870.92
0.025056 870.92
0.025065 870.92
0.025075 870.92
0.025084 870.92
0.025094 870.92
0.025103 870.92
0.025113 870.92
0.025122 870.92
0.025131 870.92
0.025141 870.92
0.02515 870.92
0.02516 870.92
0.025169 870.92
0.025178 870.92
0.025188 870.92
0.025197 870.92
0.025207 870.92
0.025216 870.92
0.025226 870.92
0.025235 870.92
0.025244 870.92
0.025254 870.92
0.025263 870.92
0.025273 870.92
0.025282 870.92
0.025292 870.92
0.025301 870.92
0.02531 870.92
0.02532 870.92
0.025329 870.92
0.025339 870.92
0.025348 870.92
0.025358 870.92
0.025367 870.92
0.025376 870.92
0.025386 870.92
0.025395 870.92
0.025405 870.92
0.025414 870.92
0.025423 870.92
0.025433 870.92
0.025442 870.92
0.025452 870.92
0.025461 870.92
0.025471 870.92
0.02548 870.92
0.025489 870.92
0.025499 870.92
0.025508 870.92
0.025518 870.92
0.025527 870.92
0.025537 870.92
0.025546 870.92
0.025555 870.92
0.025565 870.92
0.025574 870.92
0.025584 870.92
0.025593 870.92
0.025603 870.92
0.025612 870.92
0.025621 870.92
0.025631 870.92
0.02564 870.92
0.02565 870.92
0.025659 870.92
0.025668 870.92
0.025678 870.92
0.025687 870.92
0.025697 870.92
0.025706 870.92
0.025716 870.92
0.025725 870.92
0.025734 870.92
0.025744 870.92
0.025753 870.92
0.025763 870.92
0.025772 870.92
0.025782 870.92
0.025791 870.92
0.0258 870.92
0.02581 870.92
0.025819 870.92
0.025829 870.92
0.025838 870.92
0.025848 870.92
0.025857 870.92
0.025866 870.92
0.025876 870.92
0.025885 870.92
0.025895 870.92
0.025904 870.92
0.025913 870.92
0.025923 870.92
0.025932 870.92
0.025942 870.92
0.025951 870.92
0.025961 870.92
0.02597 870.92
0.025979 870.92
0.025989 870.92
0.025998 870.92
0.026008 870.92
0.026017 870.92
0.026027 870.92
0.026036 870.92
0.026045 870.92
0.026055 870.92
0.026064 870.92
0.026074 870.92
0.026083 870.92
0.026093 870.92
0.026102 870.92
0.026111 870.92
0.026121 870.92
0.02613 870.92
0.02614 870.92
0.026149 870.92
0.026158 870.92
0.026168 870.92
0.026177 870.92
0.026187 870.92
0.026196 870.92
0.026206 870.92
0.026215 870.92
0.026224 870.92
0.026234 870.92
0.026243 870.92
0.026253 870.92
0.026262 870.92
0.026272 870.92
0.026281 870.92
0.02629 870.92
0.0263 870.92
0.026309 870.92
0.026319 870.92
0.026328 870.92
0.026338 870.92
0.026347 870.92
0.026356 870.92
0.026366 870.92
0.026375 870.92
0.026385 870.92
0.026394 870.92
0.026403 870.92
0.026413 870.92
0.026422 870.92
0.026432 870.92
0.026441 870.92
0.026451 870.92
0.02646 870.92
0.026469 870.92
0.026479 870.92
0.026488 870.92
0.026498 870.92
0.026507 870.92
0.026517 870.92
0.026526 870.92
0.026535 870.92
0.026545 870.92
0.026554 870.92
0.026564 870.92
0.026573 870.92
0.026583 870.92
0.026592 870.92
0.026601 870.92
0.026611 870.92
0.02662 870.92
0.02663 870.92
0.026639 870.92
0.026648 870.92
0.026658 870.92
0.026667 870.92
0.026677 870.92
0.026686 870.92
0.026696 870.92
0.026705 870.92
0.026714 870.92
0.026724 870.92
0.026733 870.92
0.026743 870.92
0.026752 870.92
0.026762 870.92
0.026771 870.92
0.02678 870.92
0.02679 870.92
0.026799 870.92
0.026809 870.92
0.026818 870.92
0.026828 870.92
0.026837 870.92
0.026846 870.92
0.026856 870.92
0.026865 870.92
0.026875 870.92
0.026884 870.92
0.026893 870.92
0.026903 870.92
0.026912 870.92
0.026922 870.92
0.026931 870.92
0.026941 870.92
0.02695 870.92
0.026959 870.92
0.026969 870.92
0.026978 870.92
0.026988 870.92
0.026997 870.92
0.027007 870.92
0.027016 870.92
0.027025 870.92
0.027035 870.92
0.027044 870.92
0.027054 870.92
0.027063 870.92
0.027073 870.92
0.027082 870.92
0.027091 870.92
0.027101 870.92
0.02711 870.92
0.02712 870.92
0.027129 870.92
0.027138 870.92
0.027148 870.92
0.027157 870.92
0.027167 870.92
0.027176 870.92
0.027186 870.92
0.027195 870.92
0.027204 870.92
0.027214 870.92
0.027223 870.92
0.027233 870.92
0.027242 870.92
0.027252 870.92
0.027261 870.92
0.02727 870.92
0.02728 870.92
0.027289 870.92
0.027299 870.92
0.027308 870.92
0.027318 870.92
0.027327 870.92
0.027336 870.92
0.027346 870.92
0.027355 870.92
0.027365 870.92
0.027374 870.92
0.027383 870.92
0.027393 870.92
0.027402 870.92
0.027412 870.92
0.027421 870.92
0.027431 870.92
0.02744 870.92
0.027449 870.92
0.027459 870.92
0.027468 870.92
0.027478 870.92
0.027487 870.92
0.027497 870.92
0.027506 870.92
0.027515 870.92
0.027525 870.92
0.027534 870.92
0.027544 870.92
0.027553 870.92
0.027563 870.92
0.027572 870.92
0.027581 870.92
0.027591 870.92
0.0276 870.92
0.02761 870.92
0.027619 870.92
0.027628 870.92
0.027638 870.92
0.027647 870.92
0.027657 870.92
0.027666 870.92
0.027676 870.92
0.027685 870.92
0.027694 870.92
0.027704 870.92
0.027713 870.92
0.027723 870.92
0.027732 870.92
0.027742 870.92
0.027751 870.92
0.02776 870.92
0.02777 870.92
0.027779 870.92
0.027789 870.92
0.027798 870.92
0.027808 870.92
0.027817 870.92
0.027826 870.92
0.027836 870.92
0.027845 870.92
0.027855 870.92
0.027864 870.92
0.027873 870.92
0.027883 870.92
0.027892 870.92
0.027902 870.92
0.027911 870.92
0.027921 870.92
0.02793 870.92
0.027939 870.92
0.027949 870.92
0.027958 870.92
0.027968 870.92
0.027977 870.92
0.027987 870.92
0.027996 870.92
0.028005 870.92
0.028015 870.92
0.028024 870.92
0.028034 870.92
0.028043 870.92
0.028053 870.92
0.028062 870.92
0.028071 870.92
0.028081 870.92
0.02809 870.92
0.0281 870.92
0.028109 870.92
0.028118 870.92
0.028128 870.92
0.028137 870.92
0.028147 870.92
0.028156 870.92
0.028166 870.92
0.028175 870.92
0.028184 870.92
0.028194 870.92
0.028203 870.92
0.028213 870.92
0.028222 870.92
0.028232 870.92
0.028241 870.92
0.02825 870.92
0.02826 870.92
0.028269 870.92
0.028279 870.92
0.028288 870.92
0.028297 870.92
0.028307 870.92
0.028316 870.92
0.028326 870.92
0.028335 870.92
0.028345 870.92
0.028354 870.92
0.028363 870.92
0.028373 870.92
0.028382 870.92
0.028392 870.92
0.028401 870.92
0.028411 870.92
0.02842 870.92
0.028429 870.92
0.028439 870.92
0.028448 870.92
0.028458 870.92
0.028467 870.92
0.028477 870.92
0.028486 870.92
0.028495 870.92
0.028505 870.92
0.028514 870.92
0.028524 870.92
0.028533 870.92
0.028543 870.92
0.028552 870.92
0.028561 870.92
0.028571 870.92
0.02858 870.92
0.02859 870.92
0.028599 870.92
0.028608 870.92
0.028618 870.92
0.028627 870.92
0.028637 870.92
0.028646 870.92
0.028656 870.92
0.028665 870.92
0.028674 870.92
0.028684 870.92
0.028693 870.92
0.028703 870.92
0.028712 870.92
0.028722 870.92
0.028731 870.92
0.02874 870.92
0.02875 870.92
0.028759 870.92
0.028769 870.92
0.028778 870.92
0.028788 870.92
0.028797 870.92
0.028806 870.92
0.028816 870.92
0.028825 870.92
0.028835 870.92
0.028844 870.92
0.028853 870.92
0.028863 870.92
0.028872 870.92
0.028882 870.92
0.028891 870.92
0.028901 870.92
0.02891 870.92
0.028919 870.92
0.028929 870.92
0.028938 870.92
0.028948 870.92
0.028957 870.92
0.028967 870.92
0.028976 870.92
0.028985 870.92
0.028995 870.92
0.029004 870.92
0.029014 870.92
0.029023 870.92
0.029033 870.92
0.029042 870.92
0.029051 870.92
0.029061 870.92
0.02907 870.92
0.02908 870.92
0.029089 870.92
0.029098 870.92
0.029108 870.92
0.029117 870.92
0.029127 870.92
0.029136 870.92
0.029146 870.92
0.029155 870.92
0.029164 870.92
0.029174 870.92
0.029183 870.92
0.029193 870.92
0.029202 870.92
0.029212 870.92
0.029221 870.92
0.02923 870.92
0.02924 870.92
0.029249 870.92
0.029259 870.92
0.029268 870.92
0.029278 870.92
0.029287 870.92
0.029296 870.92
0.029306 870.92
0.029315 870.92
0.029325 870.92
0.029334 870.92
0.029343 870.92
0.029353 870.92
0.029362 870.92
0.029372 870.92
0.029381 870.92
0.029391 870.92
0.0294 870.92
0.029409 870.92
0.029419 870.92
0.029428 870.92
0.029438 870.92
0.029447 870.92
0.029457 870.92
0.029466 870.92
0.029475 870.92
0.029485 870.92
0.029494 870.92
0.029504 870.92
0.029513 870.92
0.029523 870.92
0.029532 870.92
0.029541 870.92
0.029551 870.92
0.02956 870.92
0.02957 870.92
0.029579 870.92
0.029588 870.92
0.029598 870.92
0.029607 870.92
0.029617 870.92
0.029626 870.92
0.029636 870.92
0.029645 870.92
0.029654 870.92
0.029664 870.92
0.029673 870.92
0.029683 870.92
0.029692 870.92
0.029702 870.92
0.029711 870.92
0.02972 870.92
0.02973 870.92
0.029739 870.92
0.029749 870.92
0.029758 870.92
0.029767 870.92
0.029777 870.92
0.029786 870.92
0.029796 870.92
0.029805 870.92
0.029815 870.92
0.029824 870.92
0.029833 870.92
0.029843 870.92
0.029852 870.92
0.029862 870.92
0.029871 870.92
0.029881 870.92
0.02989 870.92
0.029899 870.92
0.029909 870.92
0.029918 870.92
0.029928 870.92
0.029937 870.92
0.029947 870.92
0.029956 870.92
0.029965 870.92
0.029975 870.92
0.029984 870.92
0.029994 870.92
0.030003 870.92
0.030013 870.92
0.030022 870.92
0.030031 870.92
0.030041 870.92
0.03005 870.92
0.03006 870.92
0.030069 870.92
0.030078 870.92
0.030088 870.92
0.030097 870.92
0.030107 870.92
0.030116 870.92
0.030126 870.92
0.030135 870.92
0.030144 870.92
0.030154 870.92
0.030163 870.92
0.030173 870.92
0.030182 870.92
0.030192 870.92
0.030201 870.92
0.03021 870.92
0.03022 870.92
0.030229 870.92
0.030239 870.92
0.030248 870.92
0.030257 870.92
0.030267 870.92
0.030276 870.92
0.030286 870.92
0.030295 870.92
0.030305 870.92
0.030314 870.92
0.030323 870.92
0.030333 870.92
0.030342 870.92
0.030352 870.92
0.030361 870.92
0.030371 870.92
0.03038 870.92
0.030389 870.92
0.030399 870.92
0.030408 870.92
0.030418 870.92
0.030427 870.92
0.030437 870.92
0.030446 870.92
0.030455 870.92
0.030465 870.92
0.030474 870.92
0.030484 870.92
0.030493 870.92
0.030503 870.92
0.030512 870.92
0.030521 870.92
0.030531 870.92
0.03054 870.92
0.03055 870.92
0.030559 870.92
0.030568 870.92
0.030578 870.92
0.030587 870.92
0.030597 870.92
0.030606 870.92
0.030616 870.92
0.030625 870.92
0.030634 870.92
0.030644 870.92
0.030653 870.92
0.030663 870.92
0.030672 870.92
0.030682 870.92
0.030691 870.92
0.0307 870.92
0.03071 870.92
0.030719 870.92
0.030729 870.92
0.030738 870.92
0.030747 870.92
0.030757 870.92
0.030766 870.92
0.030776 870.92
0.030785 870.92
0.030795 870.92
0.030804 870.92
0.030813 870.92
0.030823 870.92
0.030832 870.92
0.030842 870.92
0.030851 870.92
0.030861 870.92
0.03087 870.92
0.030879 870.92
0.030889 870.92
0.030898 870.92
0.030908 870.92
0.030917 870.92
0.030927 870.92
0.030936 870.92
0.030945 870.92
0.030955 870.92
0.030964 870.92
0.030974 870.92
0.030983 870.92
0.030993 870.92
0.031002 870.92
0.031011 870.92
0.031021 870.92
0.03103 870.92
0.03104 870.92
0.031049 870.92
0.031058 870.92
0.031068 870.92
0.031077 870.92
0.031087 870.92
0.031096 870.92
0.031106 870.92
0.031115 870.92
0.031124 870.92
0.031134 870.92
0.031143 870.92
0.031153 870.92
0.031162 870.92
0.031172 870.92
0.031181 870.92
0.03119 870.92
0.0312 870.92
0.031209 870.92
0.031219 870.92
0.031228 870.92
0.031238 870.92
0.031247 870.92
0.031256 870.92
0.031266 870.92
0.031275 870.92
0.031285 870.92
0.031294 870.92
0.031303 870.92
0.031313 870.92
0.031322 870.92
0.031332 870.92
0.031341 870.92
0.031351 870.92
0.03136 870.92
0.031369 870.92
0.031379 870.92
0.031388 870.92
0.031398 870.92
0.031407 870.92
0.031417 870.92
0.031426 870.92
0.031435 870.92
0.031445 870.92
0.031454 870.92
0.031464 870.92
0.031473 870.92
0.031483 870.92
0.031492 870.92
0.031501 870.92
0.031511 870.92
0.03152 870.92
0.03153 870.92
0.031539 870.92
0.031548 870.92
0.031558 870.92
0.031567 870.92
0.031577 870.92
0.031586 870.92
0.031596 870.92
0.031605 870.92
0.031614 870.92
0.031624 870.92
0.031633 870.92
0.031643 870.92
0.031652 870.92
0.031662 870.92
0.031671 870.92
0.03168 870.92
0.03169 870.92
0.031699 870.92
0.031709 870.92
0.031718 870.92
0.031728 870.92
0.031737 870.92
0.031746 870.92
0.031756 870.92
0.031765 870.92
0.031775 870.92
0.031784 870.92
0.031793 870.92
0.031803 870.92
0.031812 870.92
0.031822 870.92
0.031831 870.92
0.031841 870.92
0.03185 870.92
0.031859 870.92
0.031869 870.92
0.031878 870.92
0.031888 870.92
0.031897 870.92
0.031907 870.92
0.031916 870.92
0.031925 870.92
0.031935 870.92
0.031944 870.92
0.031954 870.92
0.031963 870.92
0.031973 870.92
0.031982 870.92
0.031991 870.92
0.032001 870.92
0.03201 870.92
0.03202 870.92
0.032029 870.92
0.032038 870.92
0.032048 870.92
0.032057 870.92
0.032067 870.92
0.032076 870.92
0.032086 870.92
0.032095 870.92
0.032104 870.92
0.032114 870.92
0.032123 870.92
0.032133 870.92
0.032142 870.92
0.032152 870.92
0.032161 870.92
0.03217 870.92
0.03218 870.92
0.032189 870.92
0.032199 870.92
0.032208 870.92
0.032218 870.92
0.032227 870.92
0.032236 870.92
0.032246 870.92
0.032255 870.92
0.032265 870.92
0.032274 870.92
0.032283 870.92
0.032293 870.92
0.032302 870.92
0.032312 870.92
0.032321 870.92
0.032331 870.92
0.03234 870.92
0.032349 870.92
0.032359 870.92
0.032368 870.92
0.032378 870.92
0.032387 870.92
0.032397 870.92
0.032406 870.92
0.032415 870.92
0.032425 870.92
0.032434 870.92
0.032444 870.92
0.032453 870.92
0.032462 870.92
0.032472 870.92
0.032481 870.92
0.032491 870.92
0.0325 870.92
0.03251 870.92
0.032519 870.92
0.032528 870.92
0.032538 870.92
0.032547 870.92
0.032557 870.92
0.032566 870.92
0.032576 870.92
0.032585 870.92
0.032594 870.92
0.032604 870.92
0.032613 870.92
0.032623 870.92
0.032632 870.92
0.032642 870.92
0.032651 870.92
0.03266 870.92
0.03267 870.92
0.032679 870.92
0.032689 870.92
0.032698 870.92
0.032708 870.92
0.032717 870.92
0.032726 870.92
0.032736 870.92
0.032745 870.92
0.032755 870.92
0.032764 870.92
0.032773 870.92
0.032783 870.92
0.032792 870.92
0.032802 870.92
0.032811 870.92
0.032821 870.92
0.03283 870.92
0.032839 870.92
0.032849 870.92
0.032858 870.92
0.032868 870.92
0.032877 870.92
0.032887 870.92
0.032896 870.92
0.032905 870.92
0.032915 870.92
0.032924 870.92
0.032934 870.92
0.032943 870.92
0.032953 870.92
0.032962 870.92
0.032971 870.92
0.032981 870.92
1 870.92
