9.4231e-06 1.1509e+07
1.8846e-05 1.1509e+07
2.8269e-05 1.1509e+07
3.7692e-05 1.1509e+07
4.7115e-05 1.1509e+07
5.6538e-05 1.1509e+07
6.5962e-05 1.1509e+07
7.5385e-05 1.1508e+07
8.4808e-05 1.1508e+07
9.4231e-05 1.1508e+07
0.00010365 1.1508e+07
0.00011308 1.1507e+07
0.0001225 1.1506e+07
0.00013192 1.1505e+07
0.00014135 1.1504e+07
0.00015077 1.1501e+07
0.00016019 1.1498e+07
0.00016962 1.1492e+07
0.00017904 1.1485e+07
0.00018846 1.1475e+07
0.00019788 1.146e+07
0.00020731 1.1441e+07
0.00021673 1.1414e+07
0.00022615 1.1378e+07
0.00023558 1.133e+07
0.000245 1.1267e+07
0.00025442 1.1184e+07
0.00026385 1.1078e+07
0.00027327 1.0944e+07
0.00028269 1.0776e+07
0.00029212 1.0568e+07
0.00030154 1.0314e+07
0.00031096 1.001e+07
0.00032038 9.6515e+06
0.00032981 9.2351e+06
0.00033923 8.7608e+06
0.00034865 8.2307e+06
0.00035808 7.6503e+06
0.0003675 7.0283e+06
0.00037692 6.3763e+06
0.00038635 5.7085e+06
0.00039577 5.0405e+06
0.00040519 4.3884e+06
0.00041462 3.7671e+06
0.00042404 3.1894e+06
0.00043346 2.6648e+06
0.00044288 2.1995e+06
0.00045231 1.7956e+06
0.00046173 1.4523e+06
0.00047115 1.166e+06
0.00048058 9.3133e+05
0.00049 7.4175e+05
0.00049942 5.9057e+05
0.00050885 4.7125e+05
0.00051827 3.7783e+05
0.00052769 3.0514e+05
0.00053712 2.4879e+05
0.00054654 2.0522e+05
0.00055596 1.7156e+05
0.00056538 1.4558e+05
0.00057481 1.2553e+05
0.00058423 1.1008e+05
0.00059365 98219
0.00060308 89178
0.0006125 82380
0.00062192 77390
0.00063135 73885
0.00064077 71626
0.00065019 70435
0.00065962 70184
0.00066904 70782
0.00067846 72168
0.00068788 74304
0.00069731 77170
0.00070673 80762
0.00071615 85089
0.00072558 90171
0.000735 96038
0.00074442 1.0273e+05
0.00075385 1.103e+05
0.00076327 1.1881e+05
0.00077269 1.2831e+05
0.00078212 1.389e+05
0.00079154 1.5065e+05
0.00080096 1.6367e+05
0.00081038 1.7806e+05
0.00081981 1.9393e+05
0.00082923 2.1142e+05
0.00083865 2.3065e+05
0.00084808 2.5178e+05
0.0008575 2.7496e+05
0.00086692 3.0037e+05
0.00087635 3.2817e+05
0.00088577 3.5855e+05
0.00089519 3.9172e+05
0.00090462 4.2786e+05
0.00091404 4.672e+05
0.00092346 5.0994e+05
0.00093288 5.5631e+05
0.00094231 6.0653e+05
0.00095173 6.6082e+05
0.00096115 7.1942e+05
0.00097058 7.8254e+05
0.00098 8.5041e+05
0.00098942 9.2323e+05
0.00099885 1.0012e+06
0.0010083 1.0845e+06
0.0010177 1.1734e+06
0.0010271 1.2679e+06
0.0010365 1.3683e+06
0.001046 1.4746e+06
0.0010554 1.587e+06
0.0010648 1.7054e+06
0.0010742 1.83e+06
0.0010837 1.9607e+06
0.0010931 2.0976e+06
0.0011025 2.2405e+06
0.0011119 2.3894e+06
0.0011213 2.5441e+06
0.0011308 2.7045e+06
0.0011402 2.8704e+06
0.0011496 3.0415e+06
0.001159 3.2176e+06
0.0011685 3.3984e+06
0.0011779 3.5835e+06
0.0011873 3.7726e+06
0.0011967 3.9653e+06
0.0012062 4.1612e+06
0.0012156 4.3599e+06
0.001225 4.5609e+06
0.0012344 4.7639e+06
0.0012438 4.9682e+06
0.0012533 5.1736e+06
0.0012627 5.3795e+06
0.0012721 5.5854e+06
0.0012815 5.7909e+06
0.001291 5.9956e+06
0.0013004 6.199e+06
0.0013098 6.4007e+06
0.0013192 6.6003e+06
0.0013287 6.7974e+06
0.0013381 6.9917e+06
0.0013475 7.1827e+06
0.0013569 7.3703e+06
0.0013663 7.5541e+06
0.0013758 7.7339e+06
0.0013852 7.9094e+06
0.0013946 8.0804e+06
0.001404 8.2467e+06
0.0014135 8.4082e+06
0.0014229 8.5648e+06
0.0014323 8.7164e+06
0.0014417 8.8628e+06
0.0014512 9.0041e+06
0.0014606 9.1401e+06
0.00147 9.271e+06
0.0014794 9.3967e+06
0.0014888 9.5172e+06
0.0014983 9.6326e+06
0.0015077 9.743e+06
0.0015171 9.8484e+06
0.0015265 9.9489e+06
0.001536 1.0045e+07
0.0015454 1.0136e+07
0.0015548 1.0222e+07
0.0015642 1.0304e+07
0.0015737 1.0382e+07
0.0015831 1.0456e+07
0.0015925 1.0526e+07
0.0016019 1.0591e+07
0.0016113 1.0654e+07
0.0016208 1.0712e+07
0.0016302 1.0767e+07
0.0016396 1.0819e+07
0.001649 1.0868e+07
0.0016585 1.0913e+07
0.0016679 1.0956e+07
0.0016773 1.0996e+07
0.0016867 1.1034e+07
0.0016962 1.1069e+07
0.0017056 1.1102e+07
0.001715 1.1133e+07
0.0017244 1.1161e+07
0.0017338 1.1188e+07
0.0017433 1.1213e+07
0.0017527 1.1236e+07
0.0017621 1.1257e+07
0.0017715 1.1277e+07
0.001781 1.1296e+07
0.0017904 1.1313e+07
0.0017998 1.1329e+07
0.0018092 1.1344e+07
0.0018187 1.1357e+07
0.0018281 1.137e+07
0.0018375 1.1381e+07
0.0018469 1.1392e+07
0.0018563 1.1402e+07
0.0018658 1.1411e+07
0.0018752 1.142e+07
0.0018846 1.1427e+07
0.001894 1.1434e+07
0.0019035 1.1441e+07
0.0019129 1.1447e+07
0.0019223 1.1452e+07
0.0019317 1.1457e+07
0.0019412 1.1462e+07
0.0019506 1.1466e+07
0.00196 1.147e+07
0.0019694 1.1474e+07
0.0019788 1.1477e+07
0.0019883 1.148e+07
0.0019977 1.1483e+07
0.0020071 1.1485e+07
0.0020165 1.1487e+07
0.002026 1.1489e+07
0.0020354 1.1491e+07
0.0020448 1.1493e+07
0.0020542 1.1494e+07
0.0020637 1.1496e+07
0.0020731 1.1497e+07
0.0020825 1.1498e+07
0.0020919 1.1499e+07
0.0021013 1.15e+07
0.0021108 1.1501e+07
0.0021202 1.1502e+07
0.0021296 1.1502e+07
0.002139 1.1503e+07
0.0021485 1.1504e+07
0.0021579 1.1504e+07
0.0021673 1.1505e+07
0.0021767 1.1505e+07
0.0021862 1.1505e+07
0.0021956 1.1506e+07
0.002205 1.1506e+07
0.0022144 1.1506e+07
0.0022238 1.1507e+07
0.0022333 1.1507e+07
0.0022427 1.1507e+07
0.0022521 1.1507e+07
0.0022615 1.1507e+07
0.002271 1.1508e+07
0.0022804 1.1508e+07
0.0022898 1.1508e+07
0.0022992 1.1508e+07
0.0023087 1.1508e+07
0.0023181 1.1508e+07
0.0023275 1.1508e+07
0.0023369 1.1508e+07
0.0023463 1.1508e+07
0.0023558 1.1508e+07
0.0023652 1.1508e+07
0.0023746 1.1508e+07
0.002384 1.1508e+07
0.0023935 1.1508e+07
0.0024029 1.1508e+07
0.0024123 1.1508e+07
0.0024217 1.1509e+07
0.0024312 1.1509e+07
0.0024406 1.1509e+07
0.00245 1.1509e+07
0.0024594 1.1509e+07
0.0024688 1.1509e+07
0.0024783 1.1509e+07
0.0024877 1.1509e+07
0.0024971 1.1509e+07
0.0025065 1.1509e+07
0.002516 1.1509e+07
0.0025254 1.1509e+07
0.0025348 1.1509e+07
0.0025442 1.1509e+07
0.0025537 1.1509e+07
0.0025631 1.1509e+07
0.0025725 1.1509e+07
0.0025819 1.1509e+07
0.0025913 1.1509e+07
0.0026008 1.1509e+07
0.0026102 1.1509e+07
0.0026196 1.1509e+07
0.002629 1.1509e+07
0.0026385 1.1509e+07
0.0026479 1.1509e+07
0.0026573 1.1509e+07
0.0026667 1.1509e+07
0.0026762 1.1509e+07
0.0026856 1.1509e+07
0.002695 1.1509e+07
0.0027044 1.1509e+07
0.0027138 1.1509e+07
0.0027233 1.1509e+07
0.0027327 1.1509e+07
0.0027421 1.1509e+07
0.0027515 1.1509e+07
0.002761 1.1509e+07
0.0027704 1.1509e+07
0.0027798 1.1509e+07
0.0027892 1.1509e+07
0.0027987 1.1509e+07
0.0028081 1.1509e+07
0.0028175 1.1509e+07
0.0028269 1.1509e+07
0.0028363 1.1509e+07
0.0028458 1.1509e+07
0.0028552 1.1509e+07
0.0028646 1.1509e+07
0.002874 1.1509e+07
0.0028835 1.1509e+07
0.0028929 1.1509e+07
0.0029023 1.1509e+07
0.0029117 1.1509e+07
0.0029212 1.1509e+07
0.0029306 1.1509e+07
0.00294 1.1509e+07
0.0029494 1.1509e+07
0.0029588 1.1509e+07
0.0029683 1.1509e+07
0.0029777 1.1509e+07
0.0029871 1.1509e+07
0.0029965 1.1509e+07
0.003006 1.1509e+07
0.0030154 1.1509e+07
0.0030248 1.1509e+07
0.0030342 1.1509e+07
0.0030437 1.1509e+07
0.0030531 1.1509e+07
0.0030625 1.1509e+07
0.0030719 1.1509e+07
0.0030813 1.1509e+07
0.0030908 1.1509e+07
0.0031002 1.1509e+07
0.0031096 1.1509e+07
0.003119 1.1509e+07
0.0031285 1.1509e+07
0.0031379 1.1509e+07
0.0031473 1.1509e+07
0.0031567 1.1509e+07
0.0031662 1.1509e+07
0.0031756 1.1509e+07
0.003185 1.1509e+07
0.0031944 1.1509e+07
0.0032038 1.1509e+07
0.0032133 1.1509e+07
0.0032227 1.1509e+07
0.0032321 1.1509e+07
0.0032415 1.1509e+07
0.003251 1.1509e+07
0.0032604 1.1509e+07
0.0032698 1.1509e+07
0.0032792 1.1509e+07
0.0032887 1.1509e+07
0.0032981 1.1509e+07
0.0033075 1.1509e+07
0.0033169 1.1509e+07
0.0033263 1.1509e+07
0.0033358 1.1509e+07
0.0033452 1.1509e+07
0.0033546 1.1509e+07
0.003364 1.1509e+07
0.0033735 1.1509e+07
0.0033829 1.1509e+07
0.0033923 1.1509e+07
0.0034017 1.1509e+07
0.0034112 1.1509e+07
0.0034206 1.1509e+07
0.00343 1.1509e+07
0.0034394 1.1509e+07
0.0034488 1.1509e+07
0.0034583 1.1509e+07
0.0034677 1.1509e+07
0.0034771 1.1509e+07
0.0034865 1.1509e+07
0.003496 1.1509e+07
0.0035054 1.1509e+07
0.0035148 1.1509e+07
0.0035242 1.1509e+07
0.0035337 1.1509e+07
0.0035431 1.1509e+07
0.0035525 1.1509e+07
0.0035619 1.1509e+07
0.0035713 1.1509e+07
0.0035808 1.1509e+07
0.0035902 1.1509e+07
0.0035996 1.1509e+07
0.003609 1.1509e+07
0.0036185 1.1509e+07
0.0036279 1.1509e+07
0.0036373 1.1509e+07
0.0036467 1.1509e+07
0.0036562 1.1509e+07
0.0036656 1.1509e+07
0.003675 1.1509e+07
0.0036844 1.1509e+07
0.0036938 1.1509e+07
0.0037033 1.1509e+07
0.0037127 1.1509e+07
0.0037221 1.1509e+07
0.0037315 1.1509e+07
0.003741 1.1509e+07
0.0037504 1.1509e+07
0.0037598 1.1509e+07
0.0037692 1.1509e+07
0.0037787 1.1509e+07
0.0037881 1.1509e+07
0.0037975 1.1509e+07
0.0038069 1.1509e+07
0.0038163 1.1509e+07
0.0038258 1.1509e+07
0.0038352 1.1509e+07
0.0038446 1.1509e+07
0.003854 1.1509e+07
0.0038635 1.1509e+07
0.0038729 1.1509e+07
0.0038823 1.1509e+07
0.0038917 1.1509e+07
0.0039012 1.1509e+07
0.0039106 1.1509e+07
0.00392 1.1509e+07
0.0039294 1.1509e+07
0.0039388 1.1509e+07
0.0039483 1.1509e+07
0.0039577 1.1509e+07
0.0039671 1.1509e+07
0.0039765 1.1509e+07
0.003986 1.1509e+07
0.0039954 1.1509e+07
0.0040048 1.1509e+07
0.0040142 1.1509e+07
0.0040237 1.1509e+07
0.0040331 1.1509e+07
0.0040425 1.1509e+07
0.0040519 1.1509e+07
0.0040613 1.1509e+07
0.0040708 1.1509e+07
0.0040802 1.1509e+07
0.0040896 1.1509e+07
0.004099 1.1509e+07
0.0041085 1.1509e+07
0.0041179 1.1509e+07
0.0041273 1.1509e+07
0.0041367 1.1509e+07
0.0041462 1.1509e+07
0.0041556 1.1509e+07
0.004165 1.1509e+07
0.0041744 1.1509e+07
0.0041838 1.1509e+07
0.0041933 1.1509e+07
0.0042027 1.1509e+07
0.0042121 1.1509e+07
0.0042215 1.1509e+07
0.004231 1.1509e+07
0.0042404 1.1509e+07
0.0042498 1.1509e+07
0.0042592 1.1509e+07
0.0042687 1.1509e+07
0.0042781 1.1509e+07
0.0042875 1.1509e+07
0.0042969 1.1509e+07
0.0043063 1.1509e+07
0.0043158 1.1509e+07
0.0043252 1.1509e+07
0.0043346 1.1509e+07
0.004344 1.1509e+07
0.0043535 1.1509e+07
0.0043629 1.1509e+07
0.0043723 1.1509e+07
0.0043817 1.1509e+07
0.0043912 1.1509e+07
0.0044006 1.1509e+07
0.00441 1.1509e+07
0.0044194 1.1509e+07
0.0044288 1.1509e+07
0.0044383 1.1509e+07
0.0044477 1.1509e+07
0.0044571 1.1509e+07
0.0044665 1.1509e+07
0.004476 1.1509e+07
0.0044854 1.1509e+07
0.0044948 1.1509e+07
0.0045042 1.1509e+07
0.0045137 1.1509e+07
0.0045231 1.1509e+07
0.0045325 1.1509e+07
0.0045419 1.1509e+07
0.0045513 1.1509e+07
0.0045608 1.1509e+07
0.0045702 1.1509e+07
0.0045796 1.1509e+07
0.004589 1.1509e+07
0.0045985 1.1509e+07
0.0046079 1.1509e+07
0.0046173 1.1509e+07
0.0046267 1.1509e+07
0.0046362 1.1509e+07
0.0046456 1.1509e+07
0.004655 1.1509e+07
0.0046644 1.1509e+07
0.0046738 1.1509e+07
0.0046833 1.1509e+07
0.0046927 1.1509e+07
0.0047021 1.1509e+07
0.0047115 1.1509e+07
0.004721 1.1509e+07
0.0047304 1.1509e+07
0.0047398 1.1509e+07
0.0047492 1.1509e+07
0.0047587 1.1509e+07
0.0047681 1.1509e+07
0.0047775 1.1509e+07
0.0047869 1.1509e+07
0.0047963 1.1509e+07
0.0048058 1.1509e+07
0.0048152 1.1509e+07
0.0048246 1.1509e+07
0.004834 1.1509e+07
0.0048435 1.1509e+07
0.0048529 1.1509e+07
0.0048623 1.1509e+07
0.0048717 1.1509e+07
0.0048812 1.1509e+07
0.0048906 1.1509e+07
0.0049 1.1509e+07
0.0049094 1.1509e+07
0.0049188 1.1509e+07
0.0049283 1.1509e+07
0.0049377 1.1509e+07
0.0049471 1.1509e+07
0.0049565 1.1509e+07
0.004966 1.1509e+07
0.0049754 1.1509e+07
0.0049848 1.1509e+07
0.0049942 1.1509e+07
0.0050037 1.1509e+07
0.0050131 1.1509e+07
0.0050225 1.1509e+07
0.0050319 1.1509e+07
0.0050413 1.1509e+07
0.0050508 1.1509e+07
0.0050602 1.1509e+07
0.0050696 1.1509e+07
0.005079 1.1509e+07
0.0050885 1.1509e+07
0.0050979 1.1509e+07
0.0051073 1.1509e+07
0.0051167 1.1509e+07
0.0051262 1.1509e+07
0.0051356 1.1509e+07
0.005145 1.1509e+07
0.0051544 1.1509e+07
0.0051638 1.1509e+07
0.0051733 1.1509e+07
0.0051827 1.1509e+07
0.0051921 1.1509e+07
0.0052015 1.1509e+07
0.005211 1.1509e+07
0.0052204 1.1509e+07
0.0052298 1.1509e+07
0.0052392 1.1509e+07
0.0052487 1.1509e+07
0.0052581 1.1509e+07
0.0052675 1.1509e+07
0.0052769 1.1509e+07
0.0052863 1.1509e+07
0.0052958 1.1509e+07
0.0053052 1.1509e+07
0.0053146 1.1509e+07
0.005324 1.1509e+07
0.0053335 1.1509e+07
0.0053429 1.1509e+07
0.0053523 1.1509e+07
0.0053617 1.1509e+07
0.0053712 1.1509e+07
0.0053806 1.1509e+07
0.00539 1.1509e+07
0.0053994 1.1509e+07
0.0054088 1.1509e+07
0.0054183 1.1509e+07
0.0054277 1.1509e+07
0.0054371 1.1509e+07
0.0054465 1.1509e+07
0.005456 1.1509e+07
0.0054654 1.1509e+07
0.0054748 1.1509e+07
0.0054842 1.1509e+07
0.0054937 1.1509e+07
0.0055031 1.1509e+07
0.0055125 1.1509e+07
0.0055219 1.1509e+07
0.0055313 1.1509e+07
0.0055408 1.1509e+07
0.0055502 1.1509e+07
0.0055596 1.1509e+07
0.005569 1.1509e+07
0.0055785 1.1509e+07
0.0055879 1.1509e+07
0.0055973 1.1509e+07
0.0056067 1.1509e+07
0.0056162 1.1509e+07
0.0056256 1.1509e+07
0.005635 1.1509e+07
0.0056444 1.1509e+07
0.0056538 1.1509e+07
0.0056633 1.1509e+07
0.0056727 1.1509e+07
0.0056821 1.1509e+07
0.0056915 1.1509e+07
0.005701 1.1509e+07
0.0057104 1.1509e+07
0.0057198 1.1509e+07
0.0057292 1.1509e+07
0.0057387 1.1509e+07
0.0057481 1.1509e+07
0.0057575 1.1509e+07
0.0057669 1.1509e+07
0.0057763 1.1509e+07
0.0057858 1.1509e+07
0.0057952 1.1509e+07
0.0058046 1.1509e+07
0.005814 1.1509e+07
0.0058235 1.1509e+07
0.0058329 1.1509e+07
0.0058423 1.1509e+07
0.0058517 1.1509e+07
0.0058612 1.1509e+07
0.0058706 1.1509e+07
0.00588 1.1509e+07
0.0058894 1.1509e+07
0.0058988 1.1509e+07
0.0059083 1.1509e+07
0.0059177 1.1509e+07
0.0059271 1.1509e+07
0.0059365 1.1509e+07
0.005946 1.1509e+07
0.0059554 1.1509e+07
0.0059648 1.1509e+07
0.0059742 1.1509e+07
0.0059837 1.1509e+07
0.0059931 1.1509e+07
0.0060025 1.1509e+07
0.0060119 1.1509e+07
0.0060213 1.1509e+07
0.0060308 1.1509e+07
0.0060402 1.1509e+07
0.0060496 1.1509e+07
0.006059 1.1509e+07
0.0060685 1.1509e+07
0.0060779 1.1509e+07
0.0060873 1.1509e+07
0.0060967 1.1509e+07
0.0061062 1.1509e+07
0.0061156 1.1509e+07
0.006125 1.1509e+07
0.0061344 1.1509e+07
0.0061438 1.1509e+07
0.0061533 1.1509e+07
0.0061627 1.1509e+07
0.0061721 1.1509e+07
0.0061815 1.1509e+07
0.006191 1.1509e+07
0.0062004 1.1509e+07
0.0062098 1.1509e+07
0.0062192 1.1509e+07
0.0062287 1.1509e+07
0.0062381 1.1509e+07
0.0062475 1.1509e+07
0.0062569 1.1509e+07
0.0062663 1.1509e+07
0.0062758 1.1509e+07
0.0062852 1.1509e+07
0.0062946 1.1509e+07
0.006304 1.1509e+07
0.0063135 1.1509e+07
0.0063229 1.1509e+07
0.0063323 1.1509e+07
0.0063417 1.1509e+07
0.0063512 1.1509e+07
0.0063606 1.1509e+07
0.00637 1.1509e+07
0.0063794 1.1509e+07
0.0063888 1.1509e+07
0.0063983 1.1509e+07
0.0064077 1.1509e+07
0.0064171 1.1509e+07
0.0064265 1.1509e+07
0.006436 1.1509e+07
0.0064454 1.1509e+07
0.0064548 1.1509e+07
0.0064642 1.1509e+07
0.0064737 1.1509e+07
0.0064831 1.1509e+07
0.0064925 1.1509e+07
0.0065019 1.1509e+07
0.0065113 1.1509e+07
0.0065208 1.1509e+07
0.0065302 1.1509e+07
0.0065396 1.1509e+07
0.006549 1.1509e+07
0.0065585 1.1509e+07
0.0065679 1.1509e+07
0.0065773 1.1509e+07
0.0065867 1.1509e+07
0.0065962 1.1509e+07
0.0066056 1.1509e+07
0.006615 1.1509e+07
0.0066244 1.1509e+07
0.0066338 1.1509e+07
0.0066433 1.1509e+07
0.0066527 1.1509e+07
0.0066621 1.1509e+07
0.0066715 1.1509e+07
0.006681 1.1509e+07
0.0066904 1.1509e+07
0.0066998 1.1509e+07
0.0067092 1.1509e+07
0.0067187 1.1509e+07
0.0067281 1.1509e+07
0.0067375 1.1509e+07
0.0067469 1.1509e+07
0.0067563 1.1509e+07
0.0067658 1.1509e+07
0.0067752 1.1509e+07
0.0067846 1.1509e+07
0.006794 1.1509e+07
0.0068035 1.1509e+07
0.0068129 1.1509e+07
0.0068223 1.1509e+07
0.0068317 1.1509e+07
0.0068412 1.1509e+07
0.0068506 1.1509e+07
0.00686 1.1509e+07
0.0068694 1.1509e+07
0.0068788 1.1509e+07
0.0068883 1.1509e+07
0.0068977 1.1509e+07
0.0069071 1.1509e+07
0.0069165 1.1509e+07
0.006926 1.1509e+07
0.0069354 1.1509e+07
0.0069448 1.1509e+07
0.0069542 1.1509e+07
0.0069637 1.1509e+07
0.0069731 1.1509e+07
0.0069825 1.1509e+07
0.0069919 1.1509e+07
0.0070013 1.1509e+07
0.0070108 1.1509e+07
0.0070202 1.1509e+07
0.0070296 1.1509e+07
0.007039 1.1509e+07
0.0070485 1.1509e+07
0.0070579 1.1509e+07
0.0070673 1.1509e+07
0.0070767 1.1509e+07
0.0070862 1.1509e+07
0.0070956 1.1509e+07
0.007105 1.1509e+07
0.0071144 1.1509e+07
0.0071238 1.1509e+07
0.0071333 1.1509e+07
0.0071427 1.1509e+07
0.0071521 1.1509e+07
0.0071615 1.1509e+07
0.007171 1.1509e+07
0.0071804 1.1509e+07
0.0071898 1.1509e+07
0.0071992 1.1509e+07
0.0072087 1.1509e+07
0.0072181 1.1509e+07
0.0072275 1.1509e+07
0.0072369 1.1509e+07
0.0072463 1.1509e+07
0.0072558 1.1509e+07
0.0072652 1.1509e+07
0.0072746 1.1509e+07
0.007284 1.1509e+07
0.0072935 1.1509e+07
0.0073029 1.1509e+07
0.0073123 1.1509e+07
0.0073217 1.1509e+07
0.0073312 1.1509e+07
0.0073406 1.1509e+07
0.00735 1.1509e+07
0.0073594 1.1509e+07
0.0073688 1.1509e+07
0.0073783 1.1509e+07
0.0073877 1.1509e+07
0.0073971 1.1509e+07
0.0074065 1.1509e+07
0.007416 1.1509e+07
0.0074254 1.1509e+07
0.0074348 1.1509e+07
0.0074442 1.1509e+07
0.0074537 1.1509e+07
0.0074631 1.1509e+07
0.0074725 1.1509e+07
0.0074819 1.1509e+07
0.0074913 1.1509e+07
0.0075008 1.1509e+07
0.0075102 1.1509e+07
0.0075196 1.1509e+07
0.007529 1.1509e+07
0.0075385 1.1509e+07
0.0075479 1.1509e+07
0.0075573 1.1509e+07
0.0075667 1.1509e+07
0.0075762 1.1509e+07
0.0075856 1.1509e+07
0.007595 1.1509e+07
0.0076044 1.1509e+07
0.0076138 1.1509e+07
0.0076233 1.1509e+07
0.0076327 1.1509e+07
0.0076421 1.1509e+07
0.0076515 1.1509e+07
0.007661 1.1509e+07
0.0076704 1.1509e+07
0.0076798 1.1509e+07
0.0076892 1.1509e+07
0.0076987 1.1509e+07
0.0077081 1.1509e+07
0.0077175 1.1509e+07
0.0077269 1.1509e+07
0.0077363 1.1509e+07
0.0077458 1.1509e+07
0.0077552 1.1509e+07
0.0077646 1.1509e+07
0.007774 1.1509e+07
0.0077835 1.1509e+07
0.0077929 1.1509e+07
0.0078023 1.1509e+07
0.0078117 1.1509e+07
0.0078212 1.1509e+07
0.0078306 1.1509e+07
0.00784 1.1509e+07
0.0078494 1.1509e+07
0.0078588 1.1509e+07
0.0078683 1.1509e+07
0.0078777 1.1509e+07
0.0078871 1.1509e+07
0.0078965 1.1509e+07
0.007906 1.1509e+07
0.0079154 1.1509e+07
0.0079248 1.1509e+07
0.0079342 1.1509e+07
0.0079437 1.1509e+07
0.0079531 1.1509e+07
0.0079625 1.1509e+07
0.0079719 1.1509e+07
0.0079813 1.1509e+07
0.0079908 1.1509e+07
0.0080002 1.1509e+07
0.0080096 1.1509e+07
0.008019 1.1509e+07
0.0080285 1.1509e+07
0.0080379 1.1509e+07
0.0080473 1.1509e+07
0.0080567 1.1509e+07
0.0080662 1.1509e+07
0.0080756 1.1509e+07
0.008085 1.1509e+07
0.0080944 1.1509e+07
0.0081038 1.1509e+07
0.0081133 1.1509e+07
0.0081227 1.1509e+07
0.0081321 1.1509e+07
0.0081415 1.1509e+07
0.008151 1.1509e+07
0.0081604 1.1509e+07
0.0081698 1.1509e+07
0.0081792 1.1509e+07
0.0081887 1.1509e+07
0.0081981 1.1509e+07
0.0082075 1.1509e+07
0.0082169 1.1509e+07
0.0082263 1.1509e+07
0.0082358 1.1509e+07
0.0082452 1.1509e+07
0.0082546 1.1509e+07
0.008264 1.1509e+07
0.0082735 1.1509e+07
0.0082829 1.1509e+07
0.0082923 1.1509e+07
0.0083017 1.1509e+07
0.0083112 1.1509e+07
0.0083206 1.1509e+07
0.00833 1.1509e+07
0.0083394 1.1509e+07
0.0083488 1.1509e+07
0.0083583 1.1509e+07
0.0083677 1.1509e+07
0.0083771 1.1509e+07
0.0083865 1.1509e+07
0.008396 1.1509e+07
0.0084054 1.1509e+07
0.0084148 1.1509e+07
0.0084242 1.1509e+07
0.0084337 1.1509e+07
0.0084431 1.1509e+07
0.0084525 1.1509e+07
0.0084619 1.1509e+07
0.0084713 1.1509e+07
0.0084808 1.1509e+07
0.0084902 1.1509e+07
0.0084996 1.1509e+07
0.008509 1.1509e+07
0.0085185 1.1509e+07
0.0085279 1.1509e+07
0.0085373 1.1509e+07
0.0085467 1.1509e+07
0.0085562 1.1509e+07
0.0085656 1.1509e+07
0.008575 1.1509e+07
0.0085844 1.1509e+07
0.0085938 1.1509e+07
0.0086033 1.1509e+07
0.0086127 1.1509e+07
0.0086221 1.1509e+07
0.0086315 1.1509e+07
0.008641 1.1509e+07
0.0086504 1.1509e+07
0.0086598 1.1509e+07
0.0086692 1.1509e+07
0.0086787 1.1509e+07
0.0086881 1.1509e+07
0.0086975 1.1509e+07
0.0087069 1.1509e+07
0.0087163 1.1509e+07
0.0087258 1.1509e+07
0.0087352 1.1509e+07
0.0087446 1.1509e+07
0.008754 1.1509e+07
0.0087635 1.1509e+07
0.0087729 1.1509e+07
0.0087823 1.1509e+07
0.0087917 1.1509e+07
0.0088012 1.1509e+07
0.0088106 1.1509e+07
0.00882 1.1509e+07
0.0088294 1.1509e+07
0.0088388 1.1509e+07
0.0088483 1.1509e+07
0.0088577 1.1509e+07
0.0088671 1.1509e+07
0.0088765 1.1509e+07
0.008886 1.1509e+07
0.0088954 1.1509e+07
0.0089048 1.1509e+07
0.0089142 1.1509e+07
0.0089237 1.1509e+07
0.0089331 1.1509e+07
0.0089425 1.1509e+07
0.0089519 1.1509e+07
0.0089613 1.1509e+07
0.0089708 1.1509e+07
0.0089802 1.1509e+07
0.0089896 1.1509e+07
0.008999 1.1509e+07
0.0090085 1.1509e+07
0.0090179 1.1509e+07
0.0090273 1.1509e+07
0.0090367 1.1509e+07
0.0090462 1.1509e+07
0.0090556 1.1509e+07
0.009065 1.1509e+07
0.0090744 1.1509e+07
0.0090838 1.1509e+07
0.0090933 1.1509e+07
0.0091027 1.1509e+07
0.0091121 1.1509e+07
0.0091215 1.1509e+07
0.009131 1.1509e+07
0.0091404 1.1509e+07
0.0091498 1.1509e+07
0.0091592 1.1509e+07
0.0091687 1.1509e+07
0.0091781 1.1509e+07
0.0091875 1.1509e+07
0.0091969 1.1509e+07
0.0092063 1.1509e+07
0.0092158 1.1509e+07
0.0092252 1.1509e+07
0.0092346 1.1509e+07
0.009244 1.1509e+07
0.0092535 1.1509e+07
0.0092629 1.1509e+07
0.0092723 1.1509e+07
0.0092817 1.1509e+07
0.0092912 1.1509e+07
0.0093006 1.1509e+07
0.00931 1.1509e+07
0.0093194 1.1509e+07
0.0093288 1.1509e+07
0.0093383 1.1509e+07
0.0093477 1.1509e+07
0.0093571 1.1509e+07
0.0093665 1.1509e+07
0.009376 1.1509e+07
0.0093854 1.1509e+07
0.0093948 1.1509e+07
0.0094042 1.1509e+07
0.0094137 1.1509e+07
0.0094231 1.1509e+07
0.0094325 1.1509e+07
0.0094419 1.1509e+07
0.0094513 1.1509e+07
0.0094608 1.1509e+07
0.0094702 1.1509e+07
0.0094796 1.1509e+07
0.009489 1.1509e+07
0.0094985 1.1509e+07
0.0095079 1.1509e+07
0.0095173 1.1509e+07
0.0095267 1.1509e+07
0.0095362 1.1509e+07
0.0095456 1.1509e+07
0.009555 1.1509e+07
0.0095644 1.1509e+07
0.0095738 1.1509e+07
0.0095833 1.1509e+07
0.0095927 1.1509e+07
0.0096021 1.1509e+07
0.0096115 1.1509e+07
0.009621 1.1509e+07
0.0096304 1.1509e+07
0.0096398 1.1509e+07
0.0096492 1.1509e+07
0.0096587 1.1509e+07
0.0096681 1.1509e+07
0.0096775 1.1509e+07
0.0096869 1.1509e+07
0.0096963 1.1509e+07
0.0097058 1.1509e+07
0.0097152 1.1509e+07
0.0097246 1.1509e+07
0.009734 1.1509e+07
0.0097435 1.1509e+07
0.0097529 1.1509e+07
0.0097623 1.1509e+07
0.0097717 1.1509e+07
0.0097812 1.1509e+07
0.0097906 1.1509e+07
0.0098 1.1509e+07
0.0098094 1.1509e+07
0.0098188 1.1509e+07
0.0098283 1.1509e+07
0.0098377 1.1509e+07
0.0098471 1.1509e+07
0.0098565 1.1509e+07
0.009866 1.1509e+07
0.0098754 1.1509e+07
0.0098848 1.1509e+07
0.0098942 1.1509e+07
0.0099037 1.1509e+07
0.0099131 1.1509e+07
0.0099225 1.1509e+07
0.0099319 1.1509e+07
0.0099413 1.1509e+07
0.0099508 1.1509e+07
0.0099602 1.1509e+07
0.0099696 1.1509e+07
0.009979 1.1509e+07
0.0099885 1.1509e+07
0.0099979 1.1509e+07
0.010007 1.1509e+07
0.010017 1.1509e+07
0.010026 1.1509e+07
0.010036 1.1509e+07
0.010045 1.1509e+07
0.010054 1.1509e+07
0.010064 1.1509e+07
0.010073 1.1509e+07
0.010083 1.1509e+07
0.010092 1.1509e+07
0.010102 1.1509e+07
0.010111 1.1509e+07
0.01012 1.1509e+07
0.01013 1.1509e+07
0.010139 1.1509e+07
0.010149 1.1509e+07
0.010158 1.1509e+07
0.010168 1.1509e+07
0.010177 1.1509e+07
0.010186 1.1509e+07
0.010196 1.1509e+07
0.010205 1.1509e+07
0.010215 1.1509e+07
0.010224 1.1509e+07
0.010233 1.1509e+07
0.010243 1.1509e+07
0.010252 1.1509e+07
0.010262 1.1509e+07
0.010271 1.1509e+07
0.010281 1.1509e+07
0.01029 1.1509e+07
0.010299 1.1509e+07
0.010309 1.1509e+07
0.010318 1.1509e+07
0.010328 1.1509e+07
0.010337 1.1509e+07
0.010347 1.1509e+07
0.010356 1.1509e+07
0.010365 1.1509e+07
0.010375 1.1509e+07
0.010384 1.1509e+07
0.010394 1.1509e+07
0.010403 1.1509e+07
0.010412 1.1509e+07
0.010422 1.1509e+07
0.010431 1.1509e+07
0.010441 1.1509e+07
0.01045 1.1509e+07
0.01046 1.1509e+07
0.010469 1.1509e+07
0.010478 1.1509e+07
0.010488 1.1509e+07
0.010497 1.1509e+07
0.010507 1.1509e+07
0.010516 1.1509e+07
0.010526 1.1509e+07
0.010535 1.1509e+07
0.010544 1.1509e+07
0.010554 1.1509e+07
0.010563 1.1509e+07
0.010573 1.1509e+07
0.010582 1.1509e+07
0.010592 1.1509e+07
0.010601 1.1509e+07
0.01061 1.1509e+07
0.01062 1.1509e+07
0.010629 1.1509e+07
0.010639 1.1509e+07
0.010648 1.1509e+07
0.010658 1.1509e+07
0.010667 1.1509e+07
0.010676 1.1509e+07
0.010686 1.1509e+07
0.010695 1.1509e+07
0.010705 1.1509e+07
0.010714 1.1509e+07
0.010723 1.1509e+07
0.010733 1.1509e+07
0.010742 1.1509e+07
0.010752 1.1509e+07
0.010761 1.1509e+07
0.010771 1.1509e+07
0.01078 1.1509e+07
0.010789 1.1509e+07
0.010799 1.1509e+07
0.010808 1.1509e+07
0.010818 1.1509e+07
0.010827 1.1509e+07
0.010837 1.1509e+07
0.010846 1.1509e+07
0.010855 1.1509e+07
0.010865 1.1509e+07
0.010874 1.1509e+07
0.010884 1.1509e+07
0.010893 1.1509e+07
0.010903 1.1509e+07
0.010912 1.1509e+07
0.010921 1.1509e+07
0.010931 1.1509e+07
0.01094 1.1509e+07
0.01095 1.1509e+07
0.010959 1.1509e+07
0.010968 1.1509e+07
0.010978 1.1509e+07
0.010987 1.1509e+07
0.010997 1.1509e+07
0.011006 1.1509e+07
0.011016 1.1509e+07
0.011025 1.1509e+07
0.011034 1.1509e+07
0.011044 1.1509e+07
0.011053 1.1509e+07
0.011063 1.1509e+07
0.011072 1.1509e+07
0.011082 1.1509e+07
0.011091 1.1509e+07
0.0111 1.1509e+07
0.01111 1.1509e+07
0.011119 1.1509e+07
0.011129 1.1509e+07
0.011138 1.1509e+07
0.011147 1.1509e+07
0.011157 1.1509e+07
0.011166 1.1509e+07
0.011176 1.1509e+07
0.011185 1.1509e+07
0.011195 1.1509e+07
0.011204 1.1509e+07
0.011213 1.1509e+07
0.011223 1.1509e+07
0.011232 1.1509e+07
0.011242 1.1509e+07
0.011251 1.1509e+07
0.011261 1.1509e+07
0.01127 1.1509e+07
0.011279 1.1509e+07
0.011289 1.1509e+07
0.011298 1.1509e+07
0.011308 1.1509e+07
0.011317 1.1509e+07
0.011327 1.1509e+07
0.011336 1.1509e+07
0.011345 1.1509e+07
0.011355 1.1509e+07
0.011364 1.1509e+07
0.011374 1.1509e+07
0.011383 1.1509e+07
0.011393 1.1509e+07
0.011402 1.1509e+07
0.011411 1.1509e+07
0.011421 1.1509e+07
0.01143 1.1509e+07
0.01144 1.1509e+07
0.011449 1.1509e+07
0.011458 1.1509e+07
0.011468 1.1509e+07
0.011477 1.1509e+07
0.011487 1.1509e+07
0.011496 1.1509e+07
0.011506 1.1509e+07
0.011515 1.1509e+07
0.011524 1.1509e+07
0.011534 1.1509e+07
0.011543 1.1509e+07
0.011553 1.1509e+07
0.011562 1.1509e+07
0.011572 1.1509e+07
0.011581 1.1509e+07
0.01159 1.1509e+07
0.0116 1.1509e+07
0.011609 1.1509e+07
0.011619 1.1509e+07
0.011628 1.1509e+07
0.011638 1.1509e+07
0.011647 1.1509e+07
0.011656 1.1509e+07
0.011666 1.1509e+07
0.011675 1.1509e+07
0.011685 1.1509e+07
0.011694 1.1509e+07
0.011703 1.1509e+07
0.011713 1.1509e+07
0.011722 1.1509e+07
0.011732 1.1509e+07
0.011741 1.1509e+07
0.011751 1.1509e+07
0.01176 1.1509e+07
0.011769 1.1509e+07
0.011779 1.1509e+07
0.011788 1.1509e+07
0.011798 1.1509e+07
0.011807 1.1509e+07
0.011817 1.1509e+07
0.011826 1.1509e+07
0.011835 1.1509e+07
0.011845 1.1509e+07
0.011854 1.1509e+07
0.011864 1.1509e+07
0.011873 1.1509e+07
0.011883 1.1509e+07
0.011892 1.1509e+07
0.011901 1.1509e+07
0.011911 1.1509e+07
0.01192 1.1509e+07
0.01193 1.1509e+07
0.011939 1.1509e+07
0.011948 1.1509e+07
0.011958 1.1509e+07
0.011967 1.1509e+07
0.011977 1.1509e+07
0.011986 1.1509e+07
0.011996 1.1509e+07
0.012005 1.1509e+07
0.012014 1.1509e+07
0.012024 1.1509e+07
0.012033 1.1509e+07
0.012043 1.1509e+07
0.012052 1.1509e+07
0.012062 1.1509e+07
0.012071 1.1509e+07
0.01208 1.1509e+07
0.01209 1.1509e+07
0.012099 1.1509e+07
0.012109 1.1509e+07
0.012118 1.1509e+07
0.012128 1.1509e+07
0.012137 1.1509e+07
0.012146 1.1509e+07
0.012156 1.1509e+07
0.012165 1.1509e+07
0.012175 1.1509e+07
0.012184 1.1509e+07
0.012193 1.1509e+07
0.012203 1.1509e+07
0.012212 1.1509e+07
0.012222 1.1509e+07
0.012231 1.1509e+07
0.012241 1.1509e+07
0.01225 1.1509e+07
0.012259 1.1509e+07
0.012269 1.1509e+07
0.012278 1.1509e+07
0.012288 1.1509e+07
0.012297 1.1509e+07
0.012307 1.1509e+07
0.012316 1.1509e+07
0.012325 1.1509e+07
0.012335 1.1509e+07
0.012344 1.1509e+07
0.012354 1.1509e+07
0.012363 1.1509e+07
0.012373 1.1509e+07
0.012382 1.1509e+07
0.012391 1.1509e+07
0.012401 1.1509e+07
0.01241 1.1509e+07
0.01242 1.1509e+07
0.012429 1.1509e+07
0.012438 1.1509e+07
0.012448 1.1509e+07
0.012457 1.1509e+07
0.012467 1.1509e+07
0.012476 1.1509e+07
0.012486 1.1509e+07
0.012495 1.1509e+07
0.012504 1.1509e+07
0.012514 1.1509e+07
0.012523 1.1509e+07
0.012533 1.1509e+07
0.012542 1.1509e+07
0.012552 1.1509e+07
0.012561 1.1509e+07
0.01257 1.1509e+07
0.01258 1.1509e+07
0.012589 1.1509e+07
0.012599 1.1509e+07
0.012608 1.1509e+07
0.012618 1.1509e+07
0.012627 1.1509e+07
0.012636 1.1509e+07
0.012646 1.1509e+07
0.012655 1.1509e+07
0.012665 1.1509e+07
0.012674 1.1509e+07
0.012683 1.1509e+07
0.012693 1.1509e+07
0.012702 1.1509e+07
0.012712 1.1509e+07
0.012721 1.1509e+07
0.012731 1.1509e+07
0.01274 1.1509e+07
0.012749 1.1509e+07
0.012759 1.1509e+07
0.012768 1.1509e+07
0.012778 1.1509e+07
0.012787 1.1509e+07
0.012797 1.1509e+07
0.012806 1.1509e+07
0.012815 1.1509e+07
0.012825 1.1509e+07
0.012834 1.1509e+07
0.012844 1.1509e+07
0.012853 1.1509e+07
0.012863 1.1509e+07
0.012872 1.1509e+07
0.012881 1.1509e+07
0.012891 1.1509e+07
0.0129 1.1509e+07
0.01291 1.1509e+07
0.012919 1.1509e+07
0.012928 1.1509e+07
0.012938 1.1509e+07
0.012947 1.1509e+07
0.012957 1.1509e+07
0.012966 1.1509e+07
0.012976 1.1509e+07
0.012985 1.1509e+07
0.012994 1.1509e+07
0.013004 1.1509e+07
0.013013 1.1509e+07
0.013023 1.1509e+07
0.013032 1.1509e+07
0.013042 1.1509e+07
0.013051 1.1509e+07
0.01306 1.1509e+07
0.01307 1.1509e+07
0.013079 1.1509e+07
0.013089 1.1509e+07
0.013098 1.1509e+07
0.013107 1.1509e+07
0.013117 1.1509e+07
0.013126 1.1509e+07
0.013136 1.1509e+07
0.013145 1.1509e+07
0.013155 1.1509e+07
0.013164 1.1509e+07
0.013173 1.1509e+07
0.013183 1.1509e+07
0.013192 1.1509e+07
0.013202 1.1509e+07
0.013211 1.1509e+07
0.013221 1.1509e+07
0.01323 1.1509e+07
0.013239 1.1509e+07
0.013249 1.1509e+07
0.013258 1.1509e+07
0.013268 1.1509e+07
0.013277 1.1509e+07
0.013287 1.1509e+07
0.013296 1.1509e+07
0.013305 1.1509e+07
0.013315 1.1509e+07
0.013324 1.1509e+07
0.013334 1.1509e+07
0.013343 1.1509e+07
0.013352 1.1509e+07
0.013362 1.1509e+07
0.013371 1.1509e+07
0.013381 1.1509e+07
0.01339 1.1509e+07
0.0134 1.1509e+07
0.013409 1.1509e+07
0.013418 1.1509e+07
0.013428 1.1509e+07
0.013437 1.1509e+07
0.013447 1.1509e+07
0.013456 1.1509e+07
0.013466 1.1509e+07
0.013475 1.1509e+07
0.013484 1.1509e+07
0.013494 1.1509e+07
0.013503 1.1509e+07
0.013513 1.1509e+07
0.013522 1.1509e+07
0.013532 1.1509e+07
0.013541 1.1509e+07
0.01355 1.1509e+07
0.01356 1.1509e+07
0.013569 1.1509e+07
0.013579 1.1509e+07
0.013588 1.1509e+07
0.013598 1.1509e+07
0.013607 1.1509e+07
0.013616 1.1509e+07
0.013626 1.1509e+07
0.013635 1.1509e+07
0.013645 1.1509e+07
0.013654 1.1509e+07
0.013663 1.1509e+07
0.013673 1.1509e+07
0.013682 1.1509e+07
0.013692 1.1509e+07
0.013701 1.1509e+07
0.013711 1.1509e+07
0.01372 1.1509e+07
0.013729 1.1509e+07
0.013739 1.1509e+07
0.013748 1.1509e+07
0.013758 1.1509e+07
0.013767 1.1509e+07
0.013777 1.1509e+07
0.013786 1.1509e+07
0.013795 1.1509e+07
0.013805 1.1509e+07
0.013814 1.1509e+07
0.013824 1.1509e+07
0.013833 1.1509e+07
0.013843 1.1509e+07
0.013852 1.1509e+07
0.013861 1.1509e+07
0.013871 1.1509e+07
0.01388 1.1509e+07
0.01389 1.1509e+07
0.013899 1.1509e+07
0.013908 1.1509e+07
0.013918 1.1509e+07
0.013927 1.1509e+07
0.013937 1.1509e+07
0.013946 1.1509e+07
0.013956 1.1509e+07
0.013965 1.1509e+07
0.013974 1.1509e+07
0.013984 1.1509e+07
0.013993 1.1509e+07
0.014003 1.1509e+07
0.014012 1.1509e+07
0.014022 1.1509e+07
0.014031 1.1509e+07
0.01404 1.1509e+07
0.01405 1.1509e+07
0.014059 1.1509e+07
0.014069 1.1509e+07
0.014078 1.1509e+07
0.014088 1.1509e+07
0.014097 1.1509e+07
0.014106 1.1509e+07
0.014116 1.1509e+07
0.014125 1.1509e+07
0.014135 1.1509e+07
0.014144 1.1509e+07
0.014153 1.1509e+07
0.014163 1.1509e+07
0.014172 1.1509e+07
0.014182 1.1509e+07
0.014191 1.1509e+07
0.014201 1.1509e+07
0.01421 1.1509e+07
0.014219 1.1509e+07
0.014229 1.1509e+07
0.014238 1.1509e+07
0.014248 1.1509e+07
0.014257 1.1509e+07
0.014267 1.1509e+07
0.014276 1.1509e+07
0.014285 1.1509e+07
0.014295 1.1509e+07
0.014304 1.1509e+07
0.014314 1.1509e+07
0.014323 1.1509e+07
0.014333 1.1509e+07
0.014342 1.1509e+07
0.014351 1.1509e+07
0.014361 1.1509e+07
0.01437 1.1509e+07
0.01438 1.1509e+07
0.014389 1.1509e+07
0.014398 1.1509e+07
0.014408 1.1509e+07
0.014417 1.1509e+07
0.014427 1.1509e+07
0.014436 1.1509e+07
0.014446 1.1509e+07
0.014455 1.1509e+07
0.014464 1.1509e+07
0.014474 1.1509e+07
0.014483 1.1509e+07
0.014493 1.1509e+07
0.014502 1.1509e+07
0.014512 1.1509e+07
0.014521 1.1509e+07
0.01453 1.1509e+07
0.01454 1.1509e+07
0.014549 1.1509e+07
0.014559 1.1509e+07
0.014568 1.1509e+07
0.014578 1.1509e+07
0.014587 1.1509e+07
0.014596 1.1509e+07
0.014606 1.1509e+07
0.014615 1.1509e+07
0.014625 1.1509e+07
0.014634 1.1509e+07
0.014643 1.1509e+07
0.014653 1.1509e+07
0.014662 1.1509e+07
0.014672 1.1509e+07
0.014681 1.1509e+07
0.014691 1.1509e+07
0.0147 1.1509e+07
0.014709 1.1509e+07
0.014719 1.1509e+07
0.014728 1.1509e+07
0.014738 1.1509e+07
0.014747 1.1509e+07
0.014757 1.1509e+07
0.014766 1.1509e+07
0.014775 1.1509e+07
0.014785 1.1509e+07
0.014794 1.1509e+07
0.014804 1.1509e+07
0.014813 1.1509e+07
0.014823 1.1509e+07
0.014832 1.1509e+07
0.014841 1.1509e+07
0.014851 1.1509e+07
0.01486 1.1509e+07
0.01487 1.1509e+07
0.014879 1.1509e+07
0.014888 1.1509e+07
0.014898 1.1509e+07
0.014907 1.1509e+07
0.014917 1.1509e+07
0.014926 1.1509e+07
0.014936 1.1509e+07
0.014945 1.1509e+07
0.014954 1.1509e+07
0.014964 1.1509e+07
0.014973 1.1509e+07
0.014983 1.1509e+07
0.014992 1.1509e+07
0.015002 1.1509e+07
0.015011 1.1509e+07
0.01502 1.1509e+07
0.01503 1.1509e+07
0.015039 1.1509e+07
0.015049 1.1509e+07
0.015058 1.1509e+07
0.015068 1.1509e+07
0.015077 1.1509e+07
0.015086 1.1509e+07
0.015096 1.1509e+07
0.015105 1.1509e+07
0.015115 1.1509e+07
0.015124 1.1509e+07
0.015133 1.1509e+07
0.015143 1.1509e+07
0.015152 1.1509e+07
0.015162 1.1509e+07
0.015171 1.1509e+07
0.015181 1.1509e+07
0.01519 1.1509e+07
0.015199 1.1509e+07
0.015209 1.1509e+07
0.015218 1.1509e+07
0.015228 1.1509e+07
0.015237 1.1509e+07
0.015247 1.1509e+07
0.015256 1.1509e+07
0.015265 1.1509e+07
0.015275 1.1509e+07
0.015284 1.1509e+07
0.015294 1.1509e+07
0.015303 1.1509e+07
0.015312 1.1509e+07
0.015322 1.1509e+07
0.015331 1.1509e+07
0.015341 1.1509e+07
0.01535 1.1509e+07
0.01536 1.1509e+07
0.015369 1.1509e+07
0.015378 1.1509e+07
0.015388 1.1509e+07
0.015397 1.1509e+07
0.015407 1.1509e+07
0.015416 1.1509e+07
0.015426 1.1509e+07
0.015435 1.1509e+07
0.015444 1.1509e+07
0.015454 1.1509e+07
0.015463 1.1509e+07
0.015473 1.1509e+07
0.015482 1.1509e+07
0.015492 1.1509e+07
0.015501 1.1509e+07
0.01551 1.1509e+07
0.01552 1.1509e+07
0.015529 1.1509e+07
0.015539 1.1509e+07
0.015548 1.1509e+07
0.015558 1.1509e+07
0.015567 1.1509e+07
0.015576 1.1509e+07
0.015586 1.1509e+07
0.015595 1.1509e+07
0.015605 1.1509e+07
0.015614 1.1509e+07
0.015623 1.1509e+07
0.015633 1.1509e+07
0.015642 1.1509e+07
0.015652 1.1509e+07
0.015661 1.1509e+07
0.015671 1.1509e+07
0.01568 1.1509e+07
0.015689 1.1509e+07
0.015699 1.1509e+07
0.015708 1.1509e+07
0.015718 1.1509e+07
0.015727 1.1509e+07
0.015737 1.1509e+07
0.015746 1.1509e+07
0.015755 1.1509e+07
0.015765 1.1509e+07
0.015774 1.1509e+07
0.015784 1.1509e+07
0.015793 1.1509e+07
0.015803 1.1509e+07
0.015812 1.1509e+07
0.015821 1.1509e+07
0.015831 1.1509e+07
0.01584 1.1509e+07
0.01585 1.1509e+07
0.015859 1.1509e+07
0.015868 1.1509e+07
0.015878 1.1509e+07
0.015887 1.1509e+07
0.015897 1.1509e+07
0.015906 1.1509e+07
0.015916 1.1509e+07
0.015925 1.1509e+07
0.015934 1.1509e+07
0.015944 1.1509e+07
0.015953 1.1509e+07
0.015963 1.1509e+07
0.015972 1.1509e+07
0.015982 1.1509e+07
0.015991 1.1509e+07
0.016 1.1509e+07
0.01601 1.1509e+07
0.016019 1.1509e+07
0.016029 1.1509e+07
0.016038 1.1509e+07
0.016047 1.1509e+07
0.016057 1.1509e+07
0.016066 1.1509e+07
0.016076 1.1509e+07
0.016085 1.1509e+07
0.016095 1.1509e+07
0.016104 1.1509e+07
0.016113 1.1509e+07
0.016123 1.1509e+07
0.016132 1.1509e+07
0.016142 1.1509e+07
0.016151 1.1509e+07
0.016161 1.1509e+07
0.01617 1.1509e+07
0.016179 1.1509e+07
0.016189 1.1509e+07
0.016198 1.1509e+07
0.016208 1.1509e+07
0.016217 1.1509e+07
0.016227 1.1509e+07
0.016236 1.1509e+07
0.016245 1.1509e+07
0.016255 1.1509e+07
0.016264 1.1509e+07
0.016274 1.1509e+07
0.016283 1.1509e+07
0.016292 1.1509e+07
0.016302 1.1509e+07
0.016311 1.1509e+07
0.016321 1.1509e+07
0.01633 1.1509e+07
0.01634 1.1509e+07
0.016349 1.1509e+07
0.016358 1.1509e+07
0.016368 1.1509e+07
0.016377 1.1509e+07
0.016387 1.1509e+07
0.016396 1.1509e+07
0.016406 1.1509e+07
0.016415 1.1509e+07
0.016424 1.1509e+07
0.016434 1.1509e+07
0.016443 1.1509e+07
0.016453 1.1509e+07
0.016462 1.1509e+07
0.016472 1.1509e+07
0.016481 1.1509e+07
0.01649 1.1509e+07
0.0165 1.1509e+07
0.016509 1.1509e+07
0.016519 1.1509e+07
0.016528 1.1509e+07
0.016538 1.1509e+07
0.016547 1.1509e+07
0.016556 1.1509e+07
0.016566 1.1509e+07
0.016575 1.1509e+07
0.016585 1.1509e+07
0.016594 1.1509e+07
0.016603 1.1509e+07
0.016613 1.1509e+07
0.016622 1.1509e+07
0.016632 1.1509e+07
0.016641 1.1509e+07
0.016651 1.1509e+07
0.01666 1.1509e+07
0.016669 1.1509e+07
0.016679 1.1509e+07
0.016688 1.1509e+07
0.016698 1.1509e+07
0.016707 1.1509e+07
0.016717 1.1509e+07
0.016726 1.1509e+07
0.016735 1.1509e+07
0.016745 1.1509e+07
0.016754 1.1509e+07
0.016764 1.1509e+07
0.016773 1.1509e+07
0.016783 1.1509e+07
0.016792 1.1509e+07
0.016801 1.1509e+07
0.016811 1.1509e+07
0.01682 1.1509e+07
0.01683 1.1509e+07
0.016839 1.1509e+07
0.016848 1.1509e+07
0.016858 1.1509e+07
0.016867 1.1509e+07
0.016877 1.1509e+07
0.016886 1.1509e+07
0.016896 1.1509e+07
0.016905 1.1509e+07
0.016914 1.1509e+07
0.016924 1.1509e+07
0.016933 1.1509e+07
0.016943 1.1509e+07
0.016952 1.1509e+07
0.016962 1.1509e+07
0.016971 1.1509e+07
0.01698 1.1509e+07
0.01699 1.1509e+07
0.016999 1.1509e+07
0.017009 1.1509e+07
0.017018 1.1509e+07
0.017028 1.1509e+07
0.017037 1.1509e+07
0.017046 1.1509e+07
0.017056 1.1509e+07
0.017065 1.1509e+07
0.017075 1.1509e+07
0.017084 1.1509e+07
0.017093 1.1509e+07
0.017103 1.1509e+07
0.017112 1.1509e+07
0.017122 1.1509e+07
0.017131 1.1509e+07
0.017141 1.1509e+07
0.01715 1.1509e+07
0.017159 1.1509e+07
0.017169 1.1509e+07
0.017178 1.1509e+07
0.017188 1.1509e+07
0.017197 1.1509e+07
0.017207 1.1509e+07
0.017216 1.1509e+07
0.017225 1.1509e+07
0.017235 1.1509e+07
0.017244 1.1509e+07
0.017254 1.1509e+07
0.017263 1.1509e+07
0.017273 1.1509e+07
0.017282 1.1509e+07
0.017291 1.1509e+07
0.017301 1.1509e+07
0.01731 1.1509e+07
0.01732 1.1509e+07
0.017329 1.1509e+07
0.017338 1.1509e+07
0.017348 1.1509e+07
0.017357 1.1509e+07
0.017367 1.1509e+07
0.017376 1.1509e+07
0.017386 1.1509e+07
0.017395 1.1509e+07
0.017404 1.1509e+07
0.017414 1.1509e+07
0.017423 1.1509e+07
0.017433 1.1509e+07
0.017442 1.1509e+07
0.017452 1.1509e+07
0.017461 1.1509e+07
0.01747 1.1509e+07
0.01748 1.1509e+07
0.017489 1.1509e+07
0.017499 1.1509e+07
0.017508 1.1509e+07
0.017518 1.1509e+07
0.017527 1.1509e+07
0.017536 1.1509e+07
0.017546 1.1509e+07
0.017555 1.1509e+07
0.017565 1.1509e+07
0.017574 1.1509e+07
0.017583 1.1509e+07
0.017593 1.1509e+07
0.017602 1.1509e+07
0.017612 1.1509e+07
0.017621 1.1509e+07
0.017631 1.1509e+07
0.01764 1.1509e+07
0.017649 1.1509e+07
0.017659 1.1509e+07
0.017668 1.1509e+07
0.017678 1.1509e+07
0.017687 1.1509e+07
0.017697 1.1509e+07
0.017706 1.1509e+07
0.017715 1.1509e+07
0.017725 1.1509e+07
0.017734 1.1509e+07
0.017744 1.1509e+07
0.017753 1.1509e+07
0.017763 1.1509e+07
0.017772 1.1509e+07
0.017781 1.1509e+07
0.017791 1.1509e+07
0.0178 1.1509e+07
0.01781 1.1509e+07
0.017819 1.1509e+07
0.017828 1.1509e+07
0.017838 1.1509e+07
0.017847 1.1509e+07
0.017857 1.1509e+07
0.017866 1.1509e+07
0.017876 1.1509e+07
0.017885 1.1509e+07
0.017894 1.1509e+07
0.017904 1.1509e+07
0.017913 1.1509e+07
0.017923 1.1509e+07
0.017932 1.1509e+07
0.017942 1.1509e+07
0.017951 1.1509e+07
0.01796 1.1509e+07
0.01797 1.1509e+07
0.017979 1.1509e+07
0.017989 1.1509e+07
0.017998 1.1509e+07
0.018008 1.1509e+07
0.018017 1.1509e+07
0.018026 1.1509e+07
0.018036 1.1509e+07
0.018045 1.1509e+07
0.018055 1.1509e+07
0.018064 1.1509e+07
0.018073 1.1509e+07
0.018083 1.1509e+07
0.018092 1.1509e+07
0.018102 1.1509e+07
0.018111 1.1509e+07
0.018121 1.1509e+07
0.01813 1.1509e+07
0.018139 1.1509e+07
0.018149 1.1509e+07
0.018158 1.1509e+07
0.018168 1.1509e+07
0.018177 1.1509e+07
0.018187 1.1509e+07
0.018196 1.1509e+07
0.018205 1.1509e+07
0.018215 1.1509e+07
0.018224 1.1509e+07
0.018234 1.1509e+07
0.018243 1.1509e+07
0.018253 1.1509e+07
0.018262 1.1509e+07
0.018271 1.1509e+07
0.018281 1.1509e+07
0.01829 1.1509e+07
0.0183 1.1509e+07
0.018309 1.1509e+07
0.018318 1.1509e+07
0.018328 1.1509e+07
0.018337 1.1509e+07
0.018347 1.1509e+07
0.018356 1.1509e+07
0.018366 1.1509e+07
0.018375 1.1509e+07
0.018384 1.1509e+07
0.018394 1.1509e+07
0.018403 1.1509e+07
0.018413 1.1509e+07
0.018422 1.1509e+07
0.018432 1.1509e+07
0.018441 1.1509e+07
0.01845 1.1509e+07
0.01846 1.1509e+07
0.018469 1.1509e+07
0.018479 1.1509e+07
0.018488 1.1509e+07
0.018498 1.1509e+07
0.018507 1.1509e+07
0.018516 1.1509e+07
0.018526 1.1509e+07
0.018535 1.1509e+07
0.018545 1.1509e+07
0.018554 1.1509e+07
0.018563 1.1509e+07
0.018573 1.1509e+07
0.018582 1.1509e+07
0.018592 1.1509e+07
0.018601 1.1509e+07
0.018611 1.1509e+07
0.01862 1.1509e+07
0.018629 1.1509e+07
0.018639 1.1509e+07
0.018648 1.1509e+07
0.018658 1.1509e+07
0.018667 1.1509e+07
0.018677 1.1509e+07
0.018686 1.1509e+07
0.018695 1.1509e+07
0.018705 1.1509e+07
0.018714 1.1509e+07
0.018724 1.1509e+07
0.018733 1.1509e+07
0.018743 1.1509e+07
0.018752 1.1509e+07
0.018761 1.1509e+07
0.018771 1.1509e+07
0.01878 1.1509e+07
0.01879 1.1509e+07
0.018799 1.1509e+07
0.018808 1.1509e+07
0.018818 1.1509e+07
0.018827 1.1509e+07
0.018837 1.1509e+07
0.018846 1.1509e+07
0.018856 1.1509e+07
0.018865 1.1509e+07
0.018874 1.1509e+07
0.018884 1.1509e+07
0.018893 1.1509e+07
0.018903 1.1509e+07
0.018912 1.1509e+07
0.018922 1.1509e+07
0.018931 1.1509e+07
0.01894 1.1509e+07
0.01895 1.1509e+07
0.018959 1.1509e+07
0.018969 1.1509e+07
0.018978 1.1509e+07
0.018988 1.1509e+07
0.018997 1.1509e+07
0.019006 1.1509e+07
0.019016 1.1509e+07
0.019025 1.1509e+07
0.019035 1.1509e+07
0.019044 1.1509e+07
0.019053 1.1509e+07
0.019063 1.1509e+07
0.019072 1.1509e+07
0.019082 1.1509e+07
0.019091 1.1509e+07
0.019101 1.1509e+07
0.01911 1.1509e+07
0.019119 1.1509e+07
0.019129 1.1509e+07
0.019138 1.1509e+07
0.019148 1.1509e+07
0.019157 1.1509e+07
0.019167 1.1509e+07
0.019176 1.1509e+07
0.019185 1.1509e+07
0.019195 1.1509e+07
0.019204 1.1509e+07
0.019214 1.1509e+07
0.019223 1.1509e+07
0.019232 1.1509e+07
0.019242 1.1509e+07
0.019251 1.1509e+07
0.019261 1.1509e+07
0.01927 1.1509e+07
0.01928 1.1509e+07
0.019289 1.1509e+07
0.019298 1.1509e+07
0.019308 1.1509e+07
0.019317 1.1509e+07
0.019327 1.1509e+07
0.019336 1.1509e+07
0.019346 1.1509e+07
0.019355 1.1509e+07
0.019364 1.1509e+07
0.019374 1.1509e+07
0.019383 1.1509e+07
0.019393 1.1509e+07
0.019402 1.1509e+07
0.019412 1.1509e+07
0.019421 1.1509e+07
0.01943 1.1509e+07
0.01944 1.1509e+07
0.019449 1.1509e+07
0.019459 1.1509e+07
0.019468 1.1509e+07
0.019478 1.1509e+07
0.019487 1.1509e+07
0.019496 1.1509e+07
0.019506 1.1509e+07
0.019515 1.1509e+07
0.019525 1.1509e+07
0.019534 1.1509e+07
0.019543 1.1509e+07
0.019553 1.1509e+07
0.019562 1.1509e+07
0.019572 1.1509e+07
0.019581 1.1509e+07
0.019591 1.1509e+07
0.0196 1.1509e+07
0.019609 1.1509e+07
0.019619 1.1509e+07
0.019628 1.1509e+07
0.019638 1.1509e+07
0.019647 1.1509e+07
0.019657 1.1509e+07
0.019666 1.1509e+07
0.019675 1.1509e+07
0.019685 1.1509e+07
0.019694 1.1509e+07
0.019704 1.1509e+07
0.019713 1.1509e+07
0.019723 1.1509e+07
0.019732 1.1509e+07
0.019741 1.1509e+07
0.019751 1.1509e+07
0.01976 1.1509e+07
0.01977 1.1509e+07
0.019779 1.1509e+07
0.019788 1.1509e+07
0.019798 1.1509e+07
0.019807 1.1509e+07
0.019817 1.1509e+07
0.019826 1.1509e+07
0.019836 1.1509e+07
0.019845 1.1509e+07
0.019854 1.1509e+07
0.019864 1.1509e+07
0.019873 1.1509e+07
0.019883 1.1509e+07
0.019892 1.1509e+07
0.019902 1.1509e+07
0.019911 1.1509e+07
0.01992 1.1509e+07
0.01993 1.1509e+07
0.019939 1.1509e+07
0.019949 1.1509e+07
0.019958 1.1509e+07
0.019967 1.1509e+07
0.019977 1.1509e+07
0.019986 1.1509e+07
0.019996 1.1509e+07
0.020005 1.1509e+07
0.020015 1.1509e+07
0.020024 1.1509e+07
0.020033 1.1509e+07
0.020043 1.1509e+07
0.020052 1.1509e+07
0.020062 1.1509e+07
0.020071 1.1509e+07
0.020081 1.1509e+07
0.02009 1.1509e+07
0.020099 1.1509e+07
0.020109 1.1509e+07
0.020118 1.1509e+07
0.020128 1.1509e+07
0.020137 1.1509e+07
0.020147 1.1509e+07
0.020156 1.1509e+07
0.020165 1.1509e+07
0.020175 1.1509e+07
0.020184 1.1509e+07
0.020194 1.1509e+07
0.020203 1.1509e+07
0.020213 1.1509e+07
0.020222 1.1509e+07
0.020231 1.1509e+07
0.020241 1.1509e+07
0.02025 1.1509e+07
0.02026 1.1509e+07
0.020269 1.1509e+07
0.020278 1.1509e+07
0.020288 1.1509e+07
0.020297 1.1509e+07
0.020307 1.1509e+07
0.020316 1.1509e+07
0.020326 1.1509e+07
0.020335 1.1509e+07
0.020344 1.1509e+07
0.020354 1.1509e+07
0.020363 1.1509e+07
0.020373 1.1509e+07
0.020382 1.1509e+07
0.020392 1.1509e+07
0.020401 1.1509e+07
0.02041 1.1509e+07
0.02042 1.1509e+07
0.020429 1.1509e+07
0.020439 1.1509e+07
0.020448 1.1509e+07
0.020457 1.1509e+07
0.020467 1.1509e+07
0.020476 1.1509e+07
0.020486 1.1509e+07
0.020495 1.1509e+07
0.020505 1.1509e+07
0.020514 1.1509e+07
0.020523 1.1509e+07
0.020533 1.1509e+07
0.020542 1.1509e+07
0.020552 1.1509e+07
0.020561 1.1509e+07
0.020571 1.1509e+07
0.02058 1.1509e+07
0.020589 1.1509e+07
0.020599 1.1509e+07
0.020608 1.1509e+07
0.020618 1.1509e+07
0.020627 1.1509e+07
0.020637 1.1509e+07
0.020646 1.1509e+07
0.020655 1.1509e+07
0.020665 1.1509e+07
0.020674 1.1509e+07
0.020684 1.1509e+07
0.020693 1.1509e+07
0.020703 1.1509e+07
0.020712 1.1509e+07
0.020721 1.1509e+07
0.020731 1.1509e+07
0.02074 1.1509e+07
0.02075 1.1509e+07
0.020759 1.1509e+07
0.020768 1.1509e+07
0.020778 1.1509e+07
0.020787 1.1509e+07
0.020797 1.1509e+07
0.020806 1.1509e+07
0.020816 1.1509e+07
0.020825 1.1509e+07
0.020834 1.1509e+07
0.020844 1.1509e+07
0.020853 1.1509e+07
0.020863 1.1509e+07
0.020872 1.1509e+07
0.020882 1.1509e+07
0.020891 1.1509e+07
0.0209 1.1509e+07
0.02091 1.1509e+07
0.020919 1.1509e+07
0.020929 1.1509e+07
0.020938 1.1509e+07
0.020948 1.1509e+07
0.020957 1.1509e+07
0.020966 1.1509e+07
0.020976 1.1509e+07
0.020985 1.1509e+07
0.020995 1.1509e+07
0.021004 1.1509e+07
0.021013 1.1509e+07
0.021023 1.1509e+07
0.021032 1.1509e+07
0.021042 1.1509e+07
0.021051 1.1509e+07
0.021061 1.1509e+07
0.02107 1.1509e+07
0.021079 1.1509e+07
0.021089 1.1509e+07
0.021098 1.1509e+07
0.021108 1.1509e+07
0.021117 1.1509e+07
0.021127 1.1509e+07
0.021136 1.1509e+07
0.021145 1.1509e+07
0.021155 1.1509e+07
0.021164 1.1509e+07
0.021174 1.1509e+07
0.021183 1.1509e+07
0.021193 1.1509e+07
0.021202 1.1509e+07
0.021211 1.1509e+07
0.021221 1.1509e+07
0.02123 1.1509e+07
0.02124 1.1509e+07
0.021249 1.1509e+07
0.021258 1.1509e+07
0.021268 1.1509e+07
0.021277 1.1509e+07
0.021287 1.1509e+07
0.021296 1.1509e+07
0.021306 1.1509e+07
0.021315 1.1509e+07
0.021324 1.1509e+07
0.021334 1.1509e+07
0.021343 1.1509e+07
0.021353 1.1509e+07
0.021362 1.1509e+07
0.021372 1.1509e+07
0.021381 1.1509e+07
0.02139 1.1509e+07
0.0214 1.1509e+07
0.021409 1.1509e+07
0.021419 1.1509e+07
0.021428 1.1509e+07
0.021438 1.1509e+07
0.021447 1.1509e+07
0.021456 1.1509e+07
0.021466 1.1509e+07
0.021475 1.1509e+07
0.021485 1.1509e+07
0.021494 1.1509e+07
0.021503 1.1509e+07
0.021513 1.1509e+07
0.021522 1.1509e+07
0.021532 1.1509e+07
0.021541 1.1509e+07
0.021551 1.1509e+07
0.02156 1.1509e+07
0.021569 1.1509e+07
0.021579 1.1509e+07
0.021588 1.1509e+07
0.021598 1.1509e+07
0.021607 1.1509e+07
0.021617 1.1509e+07
0.021626 1.1509e+07
0.021635 1.1509e+07
0.021645 1.1509e+07
0.021654 1.1509e+07
0.021664 1.1509e+07
0.021673 1.1509e+07
0.021683 1.1509e+07
0.021692 1.1509e+07
0.021701 1.1509e+07
0.021711 1.1509e+07
0.02172 1.1509e+07
0.02173 1.1509e+07
0.021739 1.1509e+07
0.021748 1.1509e+07
0.021758 1.1509e+07
0.021767 1.1509e+07
0.021777 1.1509e+07
0.021786 1.1509e+07
0.021796 1.1509e+07
0.021805 1.1509e+07
0.021814 1.1509e+07
0.021824 1.1509e+07
0.021833 1.1509e+07
0.021843 1.1509e+07
0.021852 1.1509e+07
0.021862 1.1509e+07
0.021871 1.1509e+07
0.02188 1.1509e+07
0.02189 1.1509e+07
0.021899 1.1509e+07
0.021909 1.1509e+07
0.021918 1.1509e+07
0.021928 1.1509e+07
0.021937 1.1509e+07
0.021946 1.1509e+07
0.021956 1.1509e+07
0.021965 1.1509e+07
0.021975 1.1509e+07
0.021984 1.1509e+07
0.021993 1.1509e+07
0.022003 1.1509e+07
0.022012 1.1509e+07
0.022022 1.1509e+07
0.022031 1.1509e+07
0.022041 1.1509e+07
0.02205 1.1509e+07
0.022059 1.1509e+07
0.022069 1.1509e+07
0.022078 1.1509e+07
0.022088 1.1509e+07
0.022097 1.1509e+07
0.022107 1.1509e+07
0.022116 1.1509e+07
0.022125 1.1509e+07
0.022135 1.1509e+07
0.022144 1.1509e+07
0.022154 1.1509e+07
0.022163 1.1509e+07
0.022173 1.1509e+07
0.022182 1.1509e+07
0.022191 1.1509e+07
0.022201 1.1509e+07
0.02221 1.1509e+07
0.02222 1.1509e+07
0.022229 1.1509e+07
0.022238 1.1509e+07
0.022248 1.1509e+07
0.022257 1.1509e+07
0.022267 1.1509e+07
0.022276 1.1509e+07
0.022286 1.1509e+07
0.022295 1.1509e+07
0.022304 1.1509e+07
0.022314 1.1509e+07
0.022323 1.1509e+07
0.022333 1.1509e+07
0.022342 1.1509e+07
0.022352 1.1509e+07
0.022361 1.1509e+07
0.02237 1.1509e+07
0.02238 1.1509e+07
0.022389 1.1509e+07
0.022399 1.1509e+07
0.022408 1.1509e+07
0.022417 1.1509e+07
0.022427 1.1509e+07
0.022436 1.1509e+07
0.022446 1.1509e+07
0.022455 1.1509e+07
0.022465 1.1509e+07
0.022474 1.1509e+07
0.022483 1.1509e+07
0.022493 1.1509e+07
0.022502 1.1509e+07
0.022512 1.1509e+07
0.022521 1.1509e+07
0.022531 1.1509e+07
0.02254 1.1509e+07
0.022549 1.1509e+07
0.022559 1.1509e+07
0.022568 1.1509e+07
0.022578 1.1509e+07
0.022587 1.1509e+07
0.022597 1.1509e+07
0.022606 1.1509e+07
0.022615 1.1509e+07
0.022625 1.1509e+07
0.022634 1.1509e+07
0.022644 1.1509e+07
0.022653 1.1509e+07
0.022663 1.1509e+07
0.022672 1.1509e+07
0.022681 1.1509e+07
0.022691 1.1509e+07
0.0227 1.1509e+07
0.02271 1.1509e+07
0.022719 1.1509e+07
0.022728 1.1509e+07
0.022738 1.1509e+07
0.022747 1.1509e+07
0.022757 1.1509e+07
0.022766 1.1509e+07
0.022776 1.1509e+07
0.022785 1.1509e+07
0.022794 1.1509e+07
0.022804 1.1509e+07
0.022813 1.1509e+07
0.022823 1.1509e+07
0.022832 1.1509e+07
0.022842 1.1509e+07
0.022851 1.1509e+07
0.02286 1.1509e+07
0.02287 1.1509e+07
0.022879 1.1509e+07
0.022889 1.1509e+07
0.022898 1.1509e+07
0.022908 1.1509e+07
0.022917 1.1509e+07
0.022926 1.1509e+07
0.022936 1.1509e+07
0.022945 1.1509e+07
0.022955 1.1509e+07
0.022964 1.1509e+07
0.022973 1.1509e+07
0.022983 1.1509e+07
0.022992 1.1509e+07
0.023002 1.1509e+07
0.023011 1.1509e+07
0.023021 1.1509e+07
0.02303 1.1509e+07
0.023039 1.1509e+07
0.023049 1.1509e+07
0.023058 1.1509e+07
0.023068 1.1509e+07
0.023077 1.1509e+07
0.023087 1.1509e+07
0.023096 1.1509e+07
0.023105 1.1509e+07
0.023115 1.1509e+07
0.023124 1.1509e+07
0.023134 1.1509e+07
0.023143 1.1509e+07
0.023152 1.1509e+07
0.023162 1.1509e+07
0.023171 1.1509e+07
0.023181 1.1509e+07
0.02319 1.1509e+07
0.0232 1.1509e+07
0.023209 1.1509e+07
0.023218 1.1509e+07
0.023228 1.1509e+07
0.023237 1.1509e+07
0.023247 1.1509e+07
0.023256 1.1509e+07
0.023266 1.1509e+07
0.023275 1.1509e+07
0.023284 1.1509e+07
0.023294 1.1509e+07
0.023303 1.1509e+07
0.023313 1.1509e+07
0.023322 1.1509e+07
0.023332 1.1509e+07
0.023341 1.1509e+07
0.02335 1.1509e+07
0.02336 1.1509e+07
0.023369 1.1509e+07
0.023379 1.1509e+07
0.023388 1.1509e+07
0.023398 1.1509e+07
0.023407 1.1509e+07
0.023416 1.1509e+07
0.023426 1.1509e+07
0.023435 1.1509e+07
0.023445 1.1509e+07
0.023454 1.1509e+07
0.023463 1.1509e+07
0.023473 1.1509e+07
0.023482 1.1509e+07
0.023492 1.1509e+07
0.023501 1.1509e+07
0.023511 1.1509e+07
0.02352 1.1509e+07
0.023529 1.1509e+07
0.023539 1.1509e+07
0.023548 1.1509e+07
0.023558 1.1509e+07
0.023567 1.1509e+07
0.023577 1.1509e+07
0.023586 1.1509e+07
0.023595 1.1509e+07
0.023605 1.1509e+07
0.023614 1.1509e+07
0.023624 1.1509e+07
0.023633 1.1509e+07
0.023643 1.1509e+07
0.023652 1.1509e+07
0.023661 1.1509e+07
0.023671 1.1509e+07
0.02368 1.1509e+07
0.02369 1.1509e+07
0.023699 1.1509e+07
0.023708 1.1509e+07
0.023718 1.1509e+07
0.023727 1.1509e+07
0.023737 1.1509e+07
0.023746 1.1509e+07
0.023756 1.1509e+07
0.023765 1.1509e+07
0.023774 1.1509e+07
0.023784 1.1509e+07
0.023793 1.1509e+07
0.023803 1.1509e+07
0.023812 1.1509e+07
0.023822 1.1509e+07
0.023831 1.1509e+07
0.02384 1.1509e+07
0.02385 1.1509e+07
0.023859 1.1509e+07
0.023869 1.1509e+07
0.023878 1.1509e+07
0.023887 1.1509e+07
0.023897 1.1509e+07
0.023906 1.1509e+07
0.023916 1.1509e+07
0.023925 1.1509e+07
0.023935 1.1509e+07
0.023944 1.1509e+07
0.023953 1.1509e+07
0.023963 1.1509e+07
0.023972 1.1509e+07
0.023982 1.1509e+07
0.023991 1.1509e+07
0.024001 1.1509e+07
0.02401 1.1509e+07
0.024019 1.1509e+07
0.024029 1.1509e+07
0.024038 1.1509e+07
0.024048 1.1509e+07
0.024057 1.1509e+07
0.024067 1.1509e+07
0.024076 1.1509e+07
0.024085 1.1509e+07
0.024095 1.1509e+07
0.024104 1.1509e+07
0.024114 1.1509e+07
0.024123 1.1509e+07
0.024133 1.1509e+07
0.024142 1.1509e+07
0.024151 1.1509e+07
0.024161 1.1509e+07
0.02417 1.1509e+07
0.02418 1.1509e+07
0.024189 1.1509e+07
0.024198 1.1509e+07
0.024208 1.1509e+07
0.024217 1.1509e+07
0.024227 1.1509e+07
0.024236 1.1509e+07
0.024246 1.1509e+07
0.024255 1.1509e+07
0.024264 1.1509e+07
0.024274 1.1509e+07
0.024283 1.1509e+07
0.024293 1.1509e+07
0.024302 1.1509e+07
0.024312 1.1509e+07
0.024321 1.1509e+07
0.02433 1.1509e+07
0.02434 1.1509e+07
0.024349 1.1509e+07
0.024359 1.1509e+07
0.024368 1.1509e+07
0.024377 1.1509e+07
0.024387 1.1509e+07
0.024396 1.1509e+07
0.024406 1.1509e+07
0.024415 1.1509e+07
0.024425 1.1509e+07
0.024434 1.1509e+07
0.024443 1.1509e+07
0.024453 1.1509e+07
0.024462 1.1509e+07
0.024472 1.1509e+07
0.024481 1.1509e+07
0.024491 1.1509e+07
0.0245 1.1509e+07
0.024509 1.1509e+07
0.024519 1.1509e+07
0.024528 1.1509e+07
0.024538 1.1509e+07
0.024547 1.1509e+07
0.024557 1.1509e+07
0.024566 1.1509e+07
0.024575 1.1509e+07
0.024585 1.1509e+07
0.024594 1.1509e+07
0.024604 1.1509e+07
0.024613 1.1509e+07
0.024622 1.1509e+07
0.024632 1.1509e+07
0.024641 1.1509e+07
0.024651 1.1509e+07
0.02466 1.1509e+07
0.02467 1.1509e+07
0.024679 1.1509e+07
0.024688 1.1509e+07
0.024698 1.1509e+07
0.024707 1.1509e+07
0.024717 1.1509e+07
0.024726 1.1509e+07
0.024736 1.1509e+07
0.024745 1.1509e+07
0.024754 1.1509e+07
0.024764 1.1509e+07
0.024773 1.1509e+07
0.024783 1.1509e+07
0.024792 1.1509e+07
0.024802 1.1509e+07
0.024811 1.1509e+07
0.02482 1.1509e+07
0.02483 1.1509e+07
0.024839 1.1509e+07
0.024849 1.1509e+07
0.024858 1.1509e+07
0.024868 1.1509e+07
0.024877 1.1509e+07
0.024886 1.1509e+07
0.024896 1.1509e+07
0.024905 1.1509e+07
0.024915 1.1509e+07
0.024924 1.1509e+07
0.024933 1.1509e+07
0.024943 1.1509e+07
0.024952 1.1509e+07
0.024962 1.1509e+07
0.024971 1.1509e+07
0.024981 1.1509e+07
0.02499 1.1509e+07
0.024999 1.1509e+07
0.025009 1.1509e+07
0.025018 1.1509e+07
0.025028 1.1509e+07
0.025037 1.1509e+07
0.025047 1.1509e+07
0.025056 1.1509e+07
0.025065 1.1509e+07
0.025075 1.1509e+07
0.025084 1.1509e+07
0.025094 1.1509e+07
0.025103 1.1509e+07
0.025113 1.1509e+07
0.025122 1.1509e+07
0.025131 1.1509e+07
0.025141 1.1509e+07
0.02515 1.1509e+07
0.02516 1.1509e+07
0.025169 1.1509e+07
0.025178 1.1509e+07
0.025188 1.1509e+07
0.025197 1.1509e+07
0.025207 1.1509e+07
0.025216 1.1509e+07
0.025226 1.1509e+07
0.025235 1.1509e+07
0.025244 1.1509e+07
0.025254 1.1509e+07
0.025263 1.1509e+07
0.025273 1.1509e+07
0.025282 1.1509e+07
0.025292 1.1509e+07
0.025301 1.1509e+07
0.02531 1.1509e+07
0.02532 1.1509e+07
0.025329 1.1509e+07
0.025339 1.1509e+07
0.025348 1.1509e+07
0.025358 1.1509e+07
0.025367 1.1509e+07
0.025376 1.1509e+07
0.025386 1.1509e+07
0.025395 1.1509e+07
0.025405 1.1509e+07
0.025414 1.1509e+07
0.025423 1.1509e+07
0.025433 1.1509e+07
0.025442 1.1509e+07
0.025452 1.1509e+07
0.025461 1.1509e+07
0.025471 1.1509e+07
0.02548 1.1509e+07
0.025489 1.1509e+07
0.025499 1.1509e+07
0.025508 1.1509e+07
0.025518 1.1509e+07
0.025527 1.1509e+07
0.025537 1.1509e+07
0.025546 1.1509e+07
0.025555 1.1509e+07
0.025565 1.1509e+07
0.025574 1.1509e+07
0.025584 1.1509e+07
0.025593 1.1509e+07
0.025603 1.1509e+07
0.025612 1.1509e+07
0.025621 1.1509e+07
0.025631 1.1509e+07
0.02564 1.1509e+07
0.02565 1.1509e+07
0.025659 1.1509e+07
0.025668 1.1509e+07
0.025678 1.1509e+07
0.025687 1.1509e+07
0.025697 1.1509e+07
0.025706 1.1509e+07
0.025716 1.1509e+07
0.025725 1.1509e+07
0.025734 1.1509e+07
0.025744 1.1509e+07
0.025753 1.1509e+07
0.025763 1.1509e+07
0.025772 1.1509e+07
0.025782 1.1509e+07
0.025791 1.1509e+07
0.0258 1.1509e+07
0.02581 1.1509e+07
0.025819 1.1509e+07
0.025829 1.1509e+07
0.025838 1.1509e+07
0.025848 1.1509e+07
0.025857 1.1509e+07
0.025866 1.1509e+07
0.025876 1.1509e+07
0.025885 1.1509e+07
0.025895 1.1509e+07
0.025904 1.1509e+07
0.025913 1.1509e+07
0.025923 1.1509e+07
0.025932 1.1509e+07
0.025942 1.1509e+07
0.025951 1.1509e+07
0.025961 1.1509e+07
0.02597 1.1509e+07
0.025979 1.1509e+07
0.025989 1.1509e+07
0.025998 1.1509e+07
0.026008 1.1509e+07
0.026017 1.1509e+07
0.026027 1.1509e+07
0.026036 1.1509e+07
0.026045 1.1509e+07
0.026055 1.1509e+07
0.026064 1.1509e+07
0.026074 1.1509e+07
0.026083 1.1509e+07
0.026093 1.1509e+07
0.026102 1.1509e+07
0.026111 1.1509e+07
0.026121 1.1509e+07
0.02613 1.1509e+07
0.02614 1.1509e+07
0.026149 1.1509e+07
0.026158 1.1509e+07
0.026168 1.1509e+07
0.026177 1.1509e+07
0.026187 1.1509e+07
0.026196 1.1509e+07
0.026206 1.1509e+07
0.026215 1.1509e+07
0.026224 1.1509e+07
0.026234 1.1509e+07
0.026243 1.1509e+07
0.026253 1.1509e+07
0.026262 1.1509e+07
0.026272 1.1509e+07
0.026281 1.1509e+07
0.02629 1.1509e+07
0.0263 1.1509e+07
0.026309 1.1509e+07
0.026319 1.1509e+07
0.026328 1.1509e+07
0.026338 1.1509e+07
0.026347 1.1509e+07
0.026356 1.1509e+07
0.026366 1.1509e+07
0.026375 1.1509e+07
0.026385 1.1509e+07
0.026394 1.1509e+07
0.026403 1.1509e+07
0.026413 1.1509e+07
0.026422 1.1509e+07
0.026432 1.1509e+07
0.026441 1.1509e+07
0.026451 1.1509e+07
0.02646 1.1509e+07
0.026469 1.1509e+07
0.026479 1.1509e+07
0.026488 1.1509e+07
0.026498 1.1509e+07
0.026507 1.1509e+07
0.026517 1.1509e+07
0.026526 1.1509e+07
0.026535 1.1509e+07
0.026545 1.1509e+07
0.026554 1.1509e+07
0.026564 1.1509e+07
0.026573 1.1509e+07
0.026583 1.1509e+07
0.026592 1.1509e+07
0.026601 1.1509e+07
0.026611 1.1509e+07
0.02662 1.1509e+07
0.02663 1.1509e+07
0.026639 1.1509e+07
0.026648 1.1509e+07
0.026658 1.1509e+07
0.026667 1.1509e+07
0.026677 1.1509e+07
0.026686 1.1509e+07
0.026696 1.1509e+07
0.026705 1.1509e+07
0.026714 1.1509e+07
0.026724 1.1509e+07
0.026733 1.1509e+07
0.026743 1.1509e+07
0.026752 1.1509e+07
0.026762 1.1509e+07
0.026771 1.1509e+07
0.02678 1.1509e+07
0.02679 1.1509e+07
0.026799 1.1509e+07
0.026809 1.1509e+07
0.026818 1.1509e+07
0.026828 1.1509e+07
0.026837 1.1509e+07
0.026846 1.1509e+07
0.026856 1.1509e+07
0.026865 1.1509e+07
0.026875 1.1509e+07
0.026884 1.1509e+07
0.026893 1.1509e+07
0.026903 1.1509e+07
0.026912 1.1509e+07
0.026922 1.1509e+07
0.026931 1.1509e+07
0.026941 1.1509e+07
0.02695 1.1509e+07
0.026959 1.1509e+07
0.026969 1.1509e+07
0.026978 1.1509e+07
0.026988 1.1509e+07
0.026997 1.1509e+07
0.027007 1.1509e+07
0.027016 1.1509e+07
0.027025 1.1509e+07
0.027035 1.1509e+07
0.027044 1.1509e+07
0.027054 1.1509e+07
0.027063 1.1509e+07
0.027073 1.1509e+07
0.027082 1.1509e+07
0.027091 1.1509e+07
0.027101 1.1509e+07
0.02711 1.1509e+07
0.02712 1.1509e+07
0.027129 1.1509e+07
0.027138 1.1509e+07
0.027148 1.1509e+07
0.027157 1.1509e+07
0.027167 1.1509e+07
0.027176 1.1509e+07
0.027186 1.1509e+07
0.027195 1.1509e+07
0.027204 1.1509e+07
0.027214 1.1509e+07
0.027223 1.1509e+07
0.027233 1.1509e+07
0.027242 1.1509e+07
0.027252 1.1509e+07
0.027261 1.1509e+07
0.02727 1.1509e+07
0.02728 1.1509e+07
0.027289 1.1509e+07
0.027299 1.1509e+07
0.027308 1.1509e+07
0.027318 1.1509e+07
0.027327 1.1509e+07
0.027336 1.1509e+07
0.027346 1.1509e+07
0.027355 1.1509e+07
0.027365 1.1509e+07
0.027374 1.1509e+07
0.027383 1.1509e+07
0.027393 1.1509e+07
0.027402 1.1509e+07
0.027412 1.1509e+07
0.027421 1.1509e+07
0.027431 1.1509e+07
0.02744 1.1509e+07
0.027449 1.1509e+07
0.027459 1.1509e+07
0.027468 1.1509e+07
0.027478 1.1509e+07
0.027487 1.1509e+07
0.027497 1.1509e+07
0.027506 1.1509e+07
0.027515 1.1509e+07
0.027525 1.1509e+07
0.027534 1.1509e+07
0.027544 1.1509e+07
0.027553 1.1509e+07
0.027563 1.1509e+07
0.027572 1.1509e+07
0.027581 1.1509e+07
0.027591 1.1509e+07
0.0276 1.1509e+07
0.02761 1.1509e+07
0.027619 1.1509e+07
0.027628 1.1509e+07
0.027638 1.1509e+07
0.027647 1.1509e+07
0.027657 1.1509e+07
0.027666 1.1509e+07
0.027676 1.1509e+07
0.027685 1.1509e+07
0.027694 1.1509e+07
0.027704 1.1509e+07
0.027713 1.1509e+07
0.027723 1.1509e+07
0.027732 1.1509e+07
0.027742 1.1509e+07
0.027751 1.1509e+07
0.02776 1.1509e+07
0.02777 1.1509e+07
0.027779 1.1509e+07
0.027789 1.1509e+07
0.027798 1.1509e+07
0.027808 1.1509e+07
0.027817 1.1509e+07
0.027826 1.1509e+07
0.027836 1.1509e+07
0.027845 1.1509e+07
0.027855 1.1509e+07
0.027864 1.1509e+07
0.027873 1.1509e+07
0.027883 1.1509e+07
0.027892 1.1509e+07
0.027902 1.1509e+07
0.027911 1.1509e+07
0.027921 1.1509e+07
0.02793 1.1509e+07
0.027939 1.1509e+07
0.027949 1.1509e+07
0.027958 1.1509e+07
0.027968 1.1509e+07
0.027977 1.1509e+07
0.027987 1.1509e+07
0.027996 1.1509e+07
0.028005 1.1509e+07
0.028015 1.1509e+07
0.028024 1.1509e+07
0.028034 1.1509e+07
0.028043 1.1509e+07
0.028053 1.1509e+07
0.028062 1.1509e+07
0.028071 1.1509e+07
0.028081 1.1509e+07
0.02809 1.1509e+07
0.0281 1.1509e+07
0.028109 1.1509e+07
0.028118 1.1509e+07
0.028128 1.1509e+07
0.028137 1.1509e+07
0.028147 1.1509e+07
0.028156 1.1509e+07
0.028166 1.1509e+07
0.028175 1.1509e+07
0.028184 1.1509e+07
0.028194 1.1509e+07
0.028203 1.1509e+07
0.028213 1.1509e+07
0.028222 1.1509e+07
0.028232 1.1509e+07
0.028241 1.1509e+07
0.02825 1.1509e+07
0.02826 1.1509e+07
0.028269 1.1509e+07
0.028279 1.1509e+07
0.028288 1.1509e+07
0.028297 1.1509e+07
0.028307 1.1509e+07
0.028316 1.1509e+07
0.028326 1.1509e+07
0.028335 1.1509e+07
0.028345 1.1509e+07
0.028354 1.1509e+07
0.028363 1.1509e+07
0.028373 1.1509e+07
0.028382 1.1509e+07
0.028392 1.1509e+07
0.028401 1.1509e+07
0.028411 1.1509e+07
0.02842 1.1509e+07
0.028429 1.1509e+07
0.028439 1.1509e+07
0.028448 1.1509e+07
0.028458 1.1509e+07
0.028467 1.1509e+07
0.028477 1.1509e+07
0.028486 1.1509e+07
0.028495 1.1509e+07
0.028505 1.1509e+07
0.028514 1.1509e+07
0.028524 1.1509e+07
0.028533 1.1509e+07
0.028543 1.1509e+07
0.028552 1.1509e+07
0.028561 1.1509e+07
0.028571 1.1509e+07
0.02858 1.1509e+07
0.02859 1.1509e+07
0.028599 1.1509e+07
0.028608 1.1509e+07
0.028618 1.1509e+07
0.028627 1.1509e+07
0.028637 1.1509e+07
0.028646 1.1509e+07
0.028656 1.1509e+07
0.028665 1.1509e+07
0.028674 1.1509e+07
0.028684 1.1509e+07
0.028693 1.1509e+07
0.028703 1.1509e+07
0.028712 1.1509e+07
0.028722 1.1509e+07
0.028731 1.1509e+07
0.02874 1.1509e+07
0.02875 1.1509e+07
0.028759 1.1509e+07
0.028769 1.1509e+07
0.028778 1.1509e+07
0.028788 1.1509e+07
0.028797 1.1509e+07
0.028806 1.1509e+07
0.028816 1.1509e+07
0.028825 1.1509e+07
0.028835 1.1509e+07
0.028844 1.1509e+07
0.028853 1.1509e+07
0.028863 1.1509e+07
0.028872 1.1509e+07
0.028882 1.1509e+07
0.028891 1.1509e+07
0.028901 1.1509e+07
0.02891 1.1509e+07
0.028919 1.1509e+07
0.028929 1.1509e+07
0.028938 1.1509e+07
0.028948 1.1509e+07
0.028957 1.1509e+07
0.028967 1.1509e+07
0.028976 1.1509e+07
0.028985 1.1509e+07
0.028995 1.1509e+07
0.029004 1.1509e+07
0.029014 1.1509e+07
0.029023 1.1509e+07
0.029033 1.1509e+07
0.029042 1.1509e+07
0.029051 1.1509e+07
0.029061 1.1509e+07
0.02907 1.1509e+07
0.02908 1.1509e+07
0.029089 1.1509e+07
0.029098 1.1509e+07
0.029108 1.1509e+07
0.029117 1.1509e+07
0.029127 1.1509e+07
0.029136 1.1509e+07
0.029146 1.1509e+07
0.029155 1.1509e+07
0.029164 1.1509e+07
0.029174 1.1509e+07
0.029183 1.1509e+07
0.029193 1.1509e+07
0.029202 1.1509e+07
0.029212 1.1509e+07
0.029221 1.1509e+07
0.02923 1.1509e+07
0.02924 1.1509e+07
0.029249 1.1509e+07
0.029259 1.1509e+07
0.029268 1.1509e+07
0.029278 1.1509e+07
0.029287 1.1509e+07
0.029296 1.1509e+07
0.029306 1.1509e+07
0.029315 1.1509e+07
0.029325 1.1509e+07
0.029334 1.1509e+07
0.029343 1.1509e+07
0.029353 1.1509e+07
0.029362 1.1509e+07
0.029372 1.1509e+07
0.029381 1.1509e+07
0.029391 1.1509e+07
0.0294 1.1509e+07
0.029409 1.1509e+07
0.029419 1.1509e+07
0.029428 1.1509e+07
0.029438 1.1509e+07
0.029447 1.1509e+07
0.029457 1.1509e+07
0.029466 1.1509e+07
0.029475 1.1509e+07
0.029485 1.1509e+07
0.029494 1.1509e+07
0.029504 1.1509e+07
0.029513 1.1509e+07
0.029523 1.1509e+07
0.029532 1.1509e+07
0.029541 1.1509e+07
0.029551 1.1509e+07
0.02956 1.1509e+07
0.02957 1.1509e+07
0.029579 1.1509e+07
0.029588 1.1509e+07
0.029598 1.1509e+07
0.029607 1.1509e+07
0.029617 1.1509e+07
0.029626 1.1509e+07
0.029636 1.1509e+07
0.029645 1.1509e+07
0.029654 1.1509e+07
0.029664 1.1509e+07
0.029673 1.1509e+07
0.029683 1.1509e+07
0.029692 1.1509e+07
0.029702 1.1509e+07
0.029711 1.1509e+07
0.02972 1.1509e+07
0.02973 1.1509e+07
0.029739 1.1509e+07
0.029749 1.1509e+07
0.029758 1.1509e+07
0.029767 1.1509e+07
0.029777 1.1509e+07
0.029786 1.1509e+07
0.029796 1.1509e+07
0.029805 1.1509e+07
0.029815 1.1509e+07
0.029824 1.1509e+07
0.029833 1.1509e+07
0.029843 1.1509e+07
0.029852 1.1509e+07
0.029862 1.1509e+07
0.029871 1.1509e+07
0.029881 1.1509e+07
0.02989 1.1509e+07
0.029899 1.1509e+07
0.029909 1.1509e+07
0.029918 1.1509e+07
0.029928 1.1509e+07
0.029937 1.1509e+07
0.029947 1.1509e+07
0.029956 1.1509e+07
0.029965 1.1509e+07
0.029975 1.1509e+07
0.029984 1.1509e+07
0.029994 1.1509e+07
0.030003 1.1509e+07
0.030013 1.1509e+07
0.030022 1.1509e+07
0.030031 1.1509e+07
0.030041 1.1509e+07
0.03005 1.1509e+07
0.03006 1.1509e+07
0.030069 1.1509e+07
0.030078 1.1509e+07
0.030088 1.1509e+07
0.030097 1.1509e+07
0.030107 1.1509e+07
0.030116 1.1509e+07
0.030126 1.1509e+07
0.030135 1.1509e+07
0.030144 1.1509e+07
0.030154 1.1509e+07
0.030163 1.1509e+07
0.030173 1.1509e+07
0.030182 1.1509e+07
0.030192 1.1509e+07
0.030201 1.1509e+07
0.03021 1.1509e+07
0.03022 1.1509e+07
0.030229 1.1509e+07
0.030239 1.1509e+07
0.030248 1.1509e+07
0.030257 1.1509e+07
0.030267 1.1509e+07
0.030276 1.1509e+07
0.030286 1.1509e+07
0.030295 1.1509e+07
0.030305 1.1509e+07
0.030314 1.1509e+07
0.030323 1.1509e+07
0.030333 1.1509e+07
0.030342 1.1509e+07
0.030352 1.1509e+07
0.030361 1.1509e+07
0.030371 1.1509e+07
0.03038 1.1509e+07
0.030389 1.1509e+07
0.030399 1.1509e+07
0.030408 1.1509e+07
0.030418 1.1509e+07
0.030427 1.1509e+07
0.030437 1.1509e+07
0.030446 1.1509e+07
0.030455 1.1509e+07
0.030465 1.1509e+07
0.030474 1.1509e+07
0.030484 1.1509e+07
0.030493 1.1509e+07
0.030503 1.1509e+07
0.030512 1.1509e+07
0.030521 1.1509e+07
0.030531 1.1509e+07
0.03054 1.1509e+07
0.03055 1.1509e+07
0.030559 1.1509e+07
0.030568 1.1509e+07
0.030578 1.1509e+07
0.030587 1.1509e+07
0.030597 1.1509e+07
0.030606 1.1509e+07
0.030616 1.1509e+07
0.030625 1.1509e+07
0.030634 1.1509e+07
0.030644 1.1509e+07
0.030653 1.1509e+07
0.030663 1.1509e+07
0.030672 1.1509e+07
0.030682 1.1509e+07
0.030691 1.1509e+07
0.0307 1.1509e+07
0.03071 1.1509e+07
0.030719 1.1509e+07
0.030729 1.1509e+07
0.030738 1.1509e+07
0.030747 1.1509e+07
0.030757 1.1509e+07
0.030766 1.1509e+07
0.030776 1.1509e+07
0.030785 1.1509e+07
0.030795 1.1509e+07
0.030804 1.1509e+07
0.030813 1.1509e+07
0.030823 1.1509e+07
0.030832 1.1509e+07
0.030842 1.1509e+07
0.030851 1.1509e+07
0.030861 1.1509e+07
0.03087 1.1509e+07
0.030879 1.1509e+07
0.030889 1.1509e+07
0.030898 1.1509e+07
0.030908 1.1509e+07
0.030917 1.1509e+07
0.030927 1.1509e+07
0.030936 1.1509e+07
0.030945 1.1509e+07
0.030955 1.1509e+07
0.030964 1.1509e+07
0.030974 1.1509e+07
0.030983 1.1509e+07
0.030993 1.1509e+07
0.031002 1.1509e+07
0.031011 1.1509e+07
0.031021 1.1509e+07
0.03103 1.1509e+07
0.03104 1.1509e+07
0.031049 1.1509e+07
0.031058 1.1509e+07
0.031068 1.1509e+07
0.031077 1.1509e+07
0.031087 1.1509e+07
0.031096 1.1509e+07
0.031106 1.1509e+07
0.031115 1.1509e+07
0.031124 1.1509e+07
0.031134 1.1509e+07
0.031143 1.1509e+07
0.031153 1.1509e+07
0.031162 1.1509e+07
0.031172 1.1509e+07
0.031181 1.1509e+07
0.03119 1.1509e+07
0.0312 1.1509e+07
0.031209 1.1509e+07
0.031219 1.1509e+07
0.031228 1.1509e+07
0.031238 1.1509e+07
0.031247 1.1509e+07
0.031256 1.1509e+07
0.031266 1.1509e+07
0.031275 1.1509e+07
0.031285 1.1509e+07
0.031294 1.1509e+07
0.031303 1.1509e+07
0.031313 1.1509e+07
0.031322 1.1509e+07
0.031332 1.1509e+07
0.031341 1.1509e+07
0.031351 1.1509e+07
0.03136 1.1509e+07
0.031369 1.1509e+07
0.031379 1.1509e+07
0.031388 1.1509e+07
0.031398 1.1509e+07
0.031407 1.1509e+07
0.031417 1.1509e+07
0.031426 1.1509e+07
0.031435 1.1509e+07
0.031445 1.1509e+07
0.031454 1.1509e+07
0.031464 1.1509e+07
0.031473 1.1509e+07
0.031483 1.1509e+07
0.031492 1.1509e+07
0.031501 1.1509e+07
0.031511 1.1509e+07
0.03152 1.1509e+07
0.03153 1.1509e+07
0.031539 1.1509e+07
0.031548 1.1509e+07
0.031558 1.1509e+07
0.031567 1.1509e+07
0.031577 1.1509e+07
0.031586 1.1509e+07
0.031596 1.1509e+07
0.031605 1.1509e+07
0.031614 1.1509e+07
0.031624 1.1509e+07
0.031633 1.1509e+07
0.031643 1.1509e+07
0.031652 1.1509e+07
0.031662 1.1509e+07
0.031671 1.1509e+07
0.03168 1.1509e+07
0.03169 1.1509e+07
0.031699 1.1509e+07
0.031709 1.1509e+07
0.031718 1.1509e+07
0.031728 1.1509e+07
0.031737 1.1509e+07
0.031746 1.1509e+07
0.031756 1.1509e+07
0.031765 1.1509e+07
0.031775 1.1509e+07
0.031784 1.1509e+07
0.031793 1.1509e+07
0.031803 1.1509e+07
0.031812 1.1509e+07
0.031822 1.1509e+07
0.031831 1.1509e+07
0.031841 1.1509e+07
0.03185 1.1509e+07
0.031859 1.1509e+07
0.031869 1.1509e+07
0.031878 1.1509e+07
0.031888 1.1509e+07
0.031897 1.1509e+07
0.031907 1.1509e+07
0.031916 1.1509e+07
0.031925 1.1509e+07
0.031935 1.1509e+07
0.031944 1.1509e+07
0.031954 1.1509e+07
0.031963 1.1509e+07
0.031973 1.1509e+07
0.031982 1.1509e+07
0.031991 1.1509e+07
0.032001 1.1509e+07
0.03201 1.1509e+07
0.03202 1.1509e+07
0.032029 1.1509e+07
0.032038 1.1509e+07
0.032048 1.1509e+07
0.032057 1.1509e+07
0.032067 1.1509e+07
0.032076 1.1509e+07
0.032086 1.1509e+07
0.032095 1.1509e+07
0.032104 1.1509e+07
0.032114 1.1509e+07
0.032123 1.1509e+07
0.032133 1.1509e+07
0.032142 1.1509e+07
0.032152 1.1509e+07
0.032161 1.1509e+07
0.03217 1.1509e+07
0.03218 1.1509e+07
0.032189 1.1509e+07
0.032199 1.1509e+07
0.032208 1.1509e+07
0.032218 1.1509e+07
0.032227 1.1509e+07
0.032236 1.1509e+07
0.032246 1.1509e+07
0.032255 1.1509e+07
0.032265 1.1509e+07
0.032274 1.1509e+07
0.032283 1.1509e+07
0.032293 1.1509e+07
0.032302 1.1509e+07
0.032312 1.1509e+07
0.032321 1.1509e+07
0.032331 1.1509e+07
0.03234 1.1509e+07
0.032349 1.1509e+07
0.032359 1.1509e+07
0.032368 1.1509e+07
0.032378 1.1509e+07
0.032387 1.1509e+07
0.032397 1.1509e+07
0.032406 1.1509e+07
0.032415 1.1509e+07
0.032425 1.1509e+07
0.032434 1.1509e+07
0.032444 1.1509e+07
0.032453 1.1509e+07
0.032462 1.1509e+07
0.032472 1.1509e+07
0.032481 1.1509e+07
0.032491 1.1509e+07
0.0325 1.1509e+07
0.03251 1.1509e+07
0.032519 1.1509e+07
0.032528 1.1509e+07
0.032538 1.1509e+07
0.032547 1.1509e+07
0.032557 1.1509e+07
0.032566 1.1509e+07
0.032576 1.1509e+07
0.032585 1.1509e+07
0.032594 1.1509e+07
0.032604 1.1509e+07
0.032613 1.1509e+07
0.032623 1.1509e+07
0.032632 1.1509e+07
0.032642 1.1509e+07
0.032651 1.1509e+07
0.03266 1.1509e+07
0.03267 1.1509e+07
0.032679 1.1509e+07
0.032689 1.1509e+07
0.032698 1.1509e+07
0.032708 1.1509e+07
0.032717 1.1509e+07
0.032726 1.1509e+07
0.032736 1.1509e+07
0.032745 1.1509e+07
0.032755 1.1509e+07
0.032764 1.1509e+07
0.032773 1.1509e+07
0.032783 1.1509e+07
0.032792 1.1509e+07
0.032802 1.1509e+07
0.032811 1.1509e+07
0.032821 1.1509e+07
0.03283 1.1509e+07
0.032839 1.1509e+07
0.032849 1.1509e+07
0.032858 1.1509e+07
0.032868 1.1509e+07
0.032877 1.1509e+07
0.032887 1.1509e+07
0.032896 1.1509e+07
0.032905 1.1509e+07
0.032915 1.1509e+07
0.032924 1.1509e+07
0.032934 1.1509e+07
0.032943 1.1509e+07
0.032953 1.1509e+07
0.032962 1.1509e+07
0.032971 1.1509e+07
0.032981 1.1509e+07
1 1.1509e+07
