9.4231e-06 28998
1.8846e-05 28998
2.8269e-05 28998
3.7692e-05 28998
4.7115e-05 28998
5.6538e-05 28997
6.5962e-05 28997
7.5385e-05 28997
8.4808e-05 28996
9.4231e-05 28996
0.00010365 28995
0.00011308 28993
0.0001225 28990
0.00013192 28986
0.00014135 28980
0.00015077 28971
0.00016019 28959
0.00016962 28941
0.00017904 28915
0.00018846 28879
0.00019788 28829
0.00020731 28760
0.00021673 28666
0.00022615 28540
0.00023558 28373
0.000245 28153
0.00025442 27867
0.00026385 27502
0.00027327 27039
0.00028269 26462
0.00029212 25755
0.00030154 24900
0.00031096 23885
0.00032038 22703
0.00032981 21352
0.00033923 19842
0.00034865 18193
0.00035808 16434
0.0003675 14606
0.00037692 12756
0.00038635 10937
0.00039577 9199
0.00040519 7587
0.00041462 6135.8
0.00042404 4867.7
0.00043346 3791.4
0.00044288 2903.2
0.00045231 2189.6
0.00046173 1630.1
0.00047115 1201.2
0.00048058 878.75
0.00049 640.33
0.00049942 466.38
0.00050885 340.74
0.00051827 250.61
0.00052769 186.18
0.00053712 140.16
0.00054654 107.24
0.00055596 83.591
0.00056538 66.523
0.00057481 54.135
0.00058423 45.099
0.00059365 38.487
0.00060308 33.651
0.0006125 30.137
0.00062192 27.629
0.00063135 25.904
0.00064077 24.809
0.00065019 24.238
0.00065962 24.117
0.00066904 24.117
0.00067846 24.117
0.00068788 24.117
0.00069731 24.117
0.00070673 24.117
0.00071615 24.117
0.00072558 24.117
0.000735 24.117
0.00074442 24.117
0.00075385 24.117
0.00076327 24.117
0.00077269 24.117
0.00078212 24.117
0.00079154 24.117
0.00080096 24.117
0.00081038 24.117
0.00081981 24.117
0.00082923 24.117
0.00083865 24.117
0.00084808 24.117
0.0008575 24.117
0.00086692 24.117
0.00087635 24.117
0.00088577 24.117
0.00089519 24.117
0.00090462 24.117
0.00091404 24.117
0.00092346 24.117
0.00093288 24.117
0.00094231 24.117
0.00095173 24.117
0.00096115 24.117
0.00097058 24.117
0.00098 24.117
0.00098942 24.117
0.00099885 24.117
0.0010083 24.117
0.0010177 24.117
0.0010271 24.117
0.0010365 24.117
0.001046 24.117
0.0010554 24.404
0.0010648 25.071
0.0010742 26.109
0.0010837 27.52
0.0010931 29.317
0.0011025 31.524
0.0011119 34.173
0.0011213 37.304
0.0011308 40.968
0.0011402 45.225
0.0011496 50.146
0.001159 55.812
0.0011685 62.318
0.0011779 69.771
0.0011873 78.294
0.0011967 88.026
0.0012062 99.126
0.0012156 111.77
0.001225 126.16
0.0012344 142.51
0.0012438 161.08
0.0012533 182.15
0.0012627 206.01
0.0012721 233.01
0.0012815 263.51
0.001291 297.92
0.0013004 336.68
0.0013098 380.26
0.0013192 429.19
0.0013287 484
0.0013381 545.29
0.0013475 613.68
0.0013569 689.83
0.0013663 774.41
0.0013758 868.15
0.0013852 971.77
0.0013946 1086
0.001404 1211.7
0.0014135 1349.6
0.0014229 1500.4
0.0014323 1665
0.0014417 1844
0.0014512 2038.1
0.0014606 2248.1
0.00147 2474.5
0.0014794 2718
0.0014888 2978.9
0.0014983 3257.7
0.0015077 3554.7
0.0015171 3870.2
0.0015265 4204.2
0.001536 4556.7
0.0015454 4927.7
0.0015548 5316.9
0.0015642 5723.9
0.0015737 6148.2
0.0015831 6589.2
0.0015925 7046.3
0.0016019 7518.5
0.0016113 8004.9
0.0016208 8504.5
0.0016302 9016.1
0.0016396 9538.5
0.001649 10070
0.0016585 10610
0.0016679 11157
0.0016773 11710
0.0016867 12266
0.0016962 12824
0.0017056 13384
0.001715 13943
0.0017244 14500
0.0017338 15054
0.0017433 15603
0.0017527 16147
0.0017621 16684
0.0017715 17213
0.001781 17732
0.0017904 18242
0.0017998 18741
0.0018092 19228
0.0018187 19703
0.0018281 20165
0.0018375 20613
0.0018469 21047
0.0018563 21468
0.0018658 21873
0.0018752 22265
0.0018846 22641
0.001894 23003
0.0019035 23349
0.0019129 23681
0.0019223 23999
0.0019317 24302
0.0019412 24591
0.0019506 24866
0.00196 25128
0.0019694 25376
0.0019788 25612
0.0019883 25835
0.0019977 26046
0.0020071 26245
0.0020165 26433
0.002026 26610
0.0020354 26777
0.0020448 26933
0.0020542 27081
0.0020637 27219
0.0020731 27348
0.0020825 27470
0.0020919 27583
0.0021013 27689
0.0021108 27788
0.0021202 27881
0.0021296 27967
0.002139 28047
0.0021485 28121
0.0021579 28190
0.0021673 28255
0.0021767 28314
0.0021862 28370
0.0021956 28421
0.002205 28468
0.0022144 28512
0.0022238 28553
0.0022333 28590
0.0022427 28625
0.0022521 28657
0.0022615 28686
0.002271 28713
0.0022804 28738
0.0022898 28761
0.0022992 28782
0.0023087 28801
0.0023181 28818
0.0023275 28835
0.0023369 28849
0.0023463 28863
0.0023558 28875
0.0023652 28887
0.0023746 28897
0.002384 28906
0.0023935 28915
0.0024029 28923
0.0024123 28930
0.0024217 28937
0.0024312 28942
0.0024406 28948
0.00245 28953
0.0024594 28957
0.0024688 28961
0.0024783 28965
0.0024877 28968
0.0024971 28971
0.0025065 28974
0.002516 28976
0.0025254 28978
0.0025348 28980
0.0025442 28982
0.0025537 28984
0.0025631 28985
0.0025725 28987
0.0025819 28988
0.0025913 28989
0.0026008 28990
0.0026102 28991
0.0026196 28991
0.002629 28992
0.0026385 28993
0.0026479 28993
0.0026573 28994
0.0026667 28994
0.0026762 28995
0.0026856 28995
0.002695 28995
0.0027044 28996
0.0027138 28996
0.0027233 28996
0.0027327 28996
0.0027421 28996
0.0027515 28997
0.002761 28997
0.0027704 28997
0.0027798 28997
0.0027892 28997
0.0027987 28997
0.0028081 28997
0.0028175 28997
0.0028269 28997
0.0028363 28997
0.0028458 28997
0.0028552 28998
0.0028646 28998
0.002874 28998
0.0028835 28998
0.0028929 28998
0.0029023 28998
0.0029117 28998
0.0029212 28998
0.0029306 28998
0.00294 28998
0.0029494 28998
0.0029588 28998
0.0029683 28998
0.0029777 28998
0.0029871 28998
0.0029965 28998
0.003006 28998
0.0030154 28998
0.0030248 28998
0.0030342 28998
0.0030437 28998
0.0030531 28998
0.0030625 28998
0.0030719 28998
0.0030813 28998
0.0030908 28998
0.0031002 28998
0.0031096 28998
0.003119 28998
0.0031285 28998
0.0031379 28998
0.0031473 28998
0.0031567 28998
0.0031662 28998
0.0031756 28998
0.003185 28998
0.0031944 28998
0.0032038 28998
0.0032133 28998
0.0032227 28998
0.0032321 28998
0.0032415 28998
0.003251 28998
0.0032604 28998
0.0032698 28998
0.0032792 28998
0.0032887 28998
0.0032981 28998
0.0033075 28998
0.0033169 28998
0.0033263 28998
0.0033358 28998
0.0033452 28998
0.0033546 28998
0.003364 28998
0.0033735 28998
0.0033829 28998
0.0033923 28998
0.0034017 28998
0.0034112 28998
0.0034206 28998
0.00343 28998
0.0034394 28998
0.0034488 28998
0.0034583 28998
0.0034677 28998
0.0034771 28998
0.0034865 28998
0.003496 28998
0.0035054 28998
0.0035148 28998
0.0035242 28998
0.0035337 28998
0.0035431 28998
0.0035525 28998
0.0035619 28998
0.0035713 28998
0.0035808 28998
0.0035902 28998
0.0035996 28998
0.003609 28998
0.0036185 28998
0.0036279 28998
0.0036373 28998
0.0036467 28998
0.0036562 28998
0.0036656 28998
0.003675 28998
0.0036844 28998
0.00501 14888
1 14888
