9.4231e-06 870.92
1.8846e-05 870.92
2.8269e-05 870.92
3.7692e-05 870.93
4.7115e-05 870.93
5.6538e-05 870.93
6.5962e-05 870.93
7.5385e-05 870.93
8.4808e-05 870.94
9.4231e-05 870.95
0.00010365 870.97
0.00011308 870.99
0.0001225 871.03
0.00013192 871.08
0.00014135 871.16
0.00015077 871.28
0.00016019 871.44
0.00016962 871.68
0.00017904 872.03
0.00018846 872.51
0.00019788 873.18
0.00020731 874.1
0.00021673 875.36
0.00022615 877.07
0.00023558 879.35
0.000245 882.39
0.00025442 886.37
0.00026385 891.57
0.00027327 898.28
0.00028269 906.89
0.00029212 917.82
0.00030154 931.63
0.00031096 948.93
0.00032038 970.47
0.00032981 997.15
0.00033923 1030
0.00034865 1070.3
0.00035808 1119.5
0.0003675 1179.5
0.00037692 1252.3
0.00038635 1340.4
0.00039577 1447
0.00040519 1575.7
0.00041462 1730.8
0.00042404 1917.4
0.00043346 2141.4
0.00044288 2409.7
0.00045231 2729.9
0.00046173 3110.4
0.00047115 3560.1
0.00048058 4087.8
0.00049 4701.9
0.00049942 5409.4
0.00050885 6214.9
0.00051827 7119.3
0.00052769 8119.1
0.00053712 9205.2
0.00054654 10362
0.00055596 11569
0.00056538 12799
0.00057481 14020
0.00058423 15199
0.00059365 16303
0.00060308 17300
0.0006125 18165
0.00062192 18876
0.00063135 19422
0.00064077 19797
0.00065019 20002
0.00065962 20046
0.00066904 20046
0.00067846 20046
0.00068788 20046
0.00069731 20046
0.00070673 20046
0.00071615 20046
0.00072558 20046
0.000735 20046
0.00074442 20046
0.00075385 20046
0.00076327 20046
0.00077269 20046
0.00078212 20046
0.00079154 20046
0.00080096 20046
0.00081038 20046
0.00081981 20046
0.00082923 20046
0.00083865 20046
0.00084808 20046
0.0008575 20046
0.00086692 20046
0.00087635 20046
0.00088577 20046
0.00089519 20046
0.00090462 20046
0.00091404 20046
0.00092346 20046
0.00093288 20046
0.00094231 20046
0.00095173 20046
0.00096115 20046
0.00097058 20046
0.00098 20046
0.00098942 20046
0.00099885 20046
0.0010083 20046
0.0010177 20046
0.0010271 20046
0.0010365 20046
0.001046 20046
0.0010554 19941
0.0010648 19705
0.0010742 19355
0.0010837 18909
0.0010931 18388
0.0011025 17807
0.0011119 17183
0.0011213 16529
0.0011308 15859
0.0011402 15180
0.0011496 14502
0.001159 13832
0.0011685 13174
0.0011779 12532
0.0011873 11909
0.0011967 11308
0.0012062 10729
0.0012156 10174
0.001225 9643.9
0.0012344 9137.8
0.0012438 8656
0.0012533 8198.2
0.0012627 7763.8
0.0012721 7352.3
0.0012815 6963
0.001291 6595.2
0.0013004 6247.9
0.0013098 5920.5
0.0013192 5611.9
0.0013287 5321.4
0.0013381 5048.1
0.0013475 4791.1
0.0013569 4549.6
0.0013663 4322.8
0.0013758 4109.8
0.0013852 3909.9
0.0013946 3722.3
0.001404 3546.3
0.0014135 3381.3
0.0014229 3226.5
0.0014323 3081.4
0.0014417 2945.4
0.0014512 2817.8
0.0014606 2698.3
0.00147 2586.1
0.0014794 2481
0.0014888 2382.5
0.0014983 2290
0.0015077 2203.4
0.0015171 2122.1
0.0015265 2045.8
0.001536 1974.2
0.0015454 1907.1
0.0015548 1844
0.0015642 1784.8
0.0015737 1729.3
0.0015831 1677.1
0.0015925 1628.1
0.0016019 1582.1
0.0016113 1538.8
0.0016208 1498.2
0.0016302 1459.9
0.0016396 1424
0.001649 1390.3
0.0016585 1358.5
0.0016679 1328.7
0.0016773 1300.6
0.0016867 1274.2
0.0016962 1249.3
0.0017056 1226
0.001715 1204
0.0017244 1183.3
0.0017338 1163.8
0.0017433 1145.5
0.0017527 1128.3
0.0017621 1112.1
0.0017715 1096.9
0.001781 1082.5
0.0017904 1069
0.0017998 1056.4
0.0018092 1044.4
0.0018187 1033.2
0.0018281 1022.7
0.0018375 1012.8
0.0018469 1003.5
0.0018563 994.78
0.0018658 986.57
0.0018752 978.87
0.0018846 971.64
0.001894 964.86
0.0019035 958.49
0.0019129 952.53
0.0019223 946.93
0.0019317 941.69
0.0019412 936.78
0.0019506 932.18
0.00196 927.88
0.0019694 923.85
0.0019788 920.09
0.0019883 916.56
0.0019977 913.28
0.0020071 910.2
0.0020165 907.34
0.002026 904.66
0.0020354 902.16
0.0020448 899.84
0.0020542 897.67
0.0020637 895.65
0.0020731 893.77
0.0020825 892.03
0.0020919 890.4
0.0021013 888.89
0.0021108 887.49
0.0021202 886.19
0.0021296 884.98
0.002139 883.86
0.0021485 882.83
0.0021579 881.87
0.0021673 880.98
0.0021767 880.16
0.0021862 879.4
0.0021956 878.7
0.002205 878.05
0.0022144 877.45
0.0022238 876.9
0.0022333 876.39
0.0022427 875.92
0.0022521 875.49
0.0022615 875.1
0.002271 874.73
0.0022804 874.4
0.0022898 874.09
0.0022992 873.81
0.0023087 873.55
0.0023181 873.32
0.0023275 873.1
0.0023369 872.9
0.0023463 872.72
0.0023558 872.56
0.0023652 872.4
0.0023746 872.27
0.002384 872.14
0.0023935 872.03
0.0024029 871.92
0.0024123 871.83
0.0024217 871.74
0.0024312 871.66
0.0024406 871.59
0.00245 871.52
0.0024594 871.47
0.0024688 871.41
0.0024783 871.36
0.0024877 871.32
0.0024971 871.28
0.0025065 871.24
0.002516 871.21
0.0025254 871.18
0.0025348 871.16
0.0025442 871.13
0.0025537 871.11
0.0025631 871.09
0.0025725 871.07
0.0025819 871.06
0.0025913 871.04
0.0026008 871.03
0.0026102 871.02
0.0026196 871.01
0.002629 871
0.0026385 870.99
0.0026479 870.98
0.0026573 870.98
0.0026667 870.97
0.0026762 870.97
0.0026856 870.96
0.002695 870.96
0.0027044 870.95
0.0027138 870.95
0.0027233 870.95
0.0027327 870.94
0.0027421 870.94
0.0027515 870.94
0.002761 870.94
0.0027704 870.94
0.0027798 870.93
0.0027892 870.93
0.0027987 870.93
0.0028081 870.93
0.0028175 870.93
0.0028269 870.93
0.0028363 870.93
0.0028458 870.93
0.0028552 870.93
0.0028646 870.93
0.002874 870.93
0.0028835 870.93
0.0028929 870.93
0.0029023 870.93
0.0029117 870.93
0.0029212 870.93
0.0029306 870.93
0.00294 870.93
0.0029494 870.92
0.0029588 870.92
0.0029683 870.92
0.0029777 870.92
0.0029871 870.92
0.0029965 870.92
0.003006 870.92
0.0030154 870.92
0.0030248 870.92
0.0030342 870.92
0.0030437 870.92
0.0030531 870.92
0.0030625 870.92
0.0030719 870.92
0.0030813 870.92
0.0030908 870.92
0.0031002 870.92
0.0031096 870.92
0.003119 870.92
0.0031285 870.92
0.0031379 870.92
0.0031473 870.92
0.0031567 870.92
0.0031662 870.92
0.0031756 870.92
0.003185 870.92
0.0031944 870.92
0.0032038 870.92
0.0032133 870.92
0.0032227 870.92
0.0032321 870.92
0.0032415 870.92
0.003251 870.92
0.0032604 870.92
0.0032698 870.92
0.0032792 870.92
0.0032887 870.92
0.0032981 870.92
0.0033075 870.92
0.0033169 870.92
0.0033263 870.92
0.0033358 870.92
0.0033452 870.92
0.0033546 870.92
0.003364 870.92
0.0033735 870.92
0.0033829 870.92
0.0033923 870.92
0.0034017 870.92
0.0034112 870.92
0.0034206 870.92
0.00343 870.92
0.0034394 870.92
0.0034488 870.92
0.0034583 870.92
0.0034677 870.92
0.0034771 870.92
0.0034865 870.92
0.003496 870.92
0.0035054 870.92
0.0035148 870.92
0.0035242 870.92
0.0035337 870.92
0.0035431 870.92
0.0035525 870.92
0.0035619 870.92
0.0035713 870.92
0.0035808 870.92
0.0035902 870.92
0.0035996 870.92
0.003609 870.92
0.0036185 870.92
0.0036279 870.92
0.0036373 870.92
0.0036467 870.92
0.0036562 870.92
0.0036656 870.92
0.003675 870.92
0.0036844 870.92
0.00501 1169.5
1 1169.5
